064578 0
086457 0
050307 2
050457 2
080529 2
076262 2
087883 2
066406 2
088975 0
064277 2
066837 0
085197 2
085195 2
085188 2
085127 0
085893 2
083085 2
083126 2
083141 2
075088 2
075260 2
075542 2
093167 0
086195 2
086247 2
086281 2
085327 2
085454 0
063150 2
064073 0
085857 2
081228 2
081202 2
089741 2
089730 1
089725 1
096160 2
096120 2
092177 2
092043 2
092103 2
085072 2
033382 2
079292 2
084146 2
080176 2
096414 2
087573 2
087617 0
087912 2
049475 2
049397 2
047277 2
273177 0
024555 2
024498 2
023753 2
023641 2
026021 2
026130 2
025985 2
025910 2
097289 2
024738 2
024736 0
025882 2
042342 2
032387 2
032418 2
262917 2
086269 0
063986 0
083324 2
087470 1
083398 0
041685 0
050469 2
020205 2
087960 2
087808 2
087812 2
087961 2
257215 2
257221 2
224352 2
224351 2
144206 2
144252 2
011051 0
111811 2
259586 2
259595 2
075350 2
075221 2
111760 2
079851 2
079856 2
074961 2
074944 2
074960 2
023834 0
034694 2
259301 2
126182 1
126196 0
084880 2
087528 2
087556 2
260392 0
050503 2
050534 2
060816 2
088646 2
088668 2
109558 2
050023 2
050070 2
020981 2
067594 2
067631 2
067658 0
050451 2
050306 2
050455 2
059012 2
097366 2
097433 2
087861 2
087862 2
087863 2
051578 0
144476 1
144507 2
081520 0
226250 2
092881 0
117581 0
038162 2
038222 2
097738 0
260224 0
046023 1
046005 0
024149 2
024512 2
024509 2
025918 2
051421 2
051283 2
051284 2
044865 0
024777 2
024704 2
036187 2
036297 2
024209 0
044095 0
182519 2
036089 0
027973 0
041907 1
041903 1
024500 2
089846 2
039992 2
019546 2
042556 0
087206 0
081276 0
265780 1
260256 0
087137 0
090855 0
069506 1
102679 1
080838 2
080824 2
273302 2
273538 2
273715 0
030281 2
069829 2
103002 2
069800 2
102973 2
069532 2
102705 2
069422 2
102595 2
069765 2
102938 2
033668 0
282110 0
020220 0
090807 0
048672 0
070531 0
185809 0
000370 0
088695 0
111631 0
064091 2
016513 0
021027 2
021024 2
020995 1
021151 2
026282 0
070831 0
179719 0
089687 0
112495 2
112499 2
001831 0
047817 1
047799 2
081856 0
001436 2
028895 0
111758 0
271580 0
020434 0
058765 2
109243 0
191559 0
261086 0
110407 0
050824 2
050801 0
020447 0
249766 0
010673 0
128029 0
180530 0
087827 2
087828 2
087852 0
088162 0
108447 0
262593 0
109347 0
273551 2
273611 0
092873 0
271858 0
024491 0
087136 0
132772 0
024794 0
289679 0
102032 2
100779 0
037485 0
098288 2
098386 0
126448 0
129788 0
024778 2
024705 0
100760 0
168576 0
005186 1
024768 0
274621 0
263841 1
263890 2
264107 2
000379 0
159633 0
034557 0
272415 0
114099 0
099542 0
015435 0
180637 0
085911 0
041680 0
260236 0
254847 0
235845 2
235852 2
075722 0
075924 0
043907 0
048344 0
141045 1
141431 0
081018 0
236799 0
159218 0
218106 0
092890 0
097749 2
097807 0
090003 0
024463 0
087520 0
090880 0
150154 0
024251 0
061077 2
061099 0
061576 0
061598 0
258246 0
110234 0
141667 0
260387 0
023645 0
182388 0
195886 0
057405 0
085576 0
122907 0
085698 0
044867 2
081750 0
114835 0
015651 0
052382 0
028055 0
081529 0
005954 0
111490 0
010398 0
047688 0
097141 0
226799 0
003298 0
008778 0
024685 0
040923 0
090806 0
061600 0
027998 0
185802 0
094554 0
239566 0
016842 0
103704 0
033078 0
016455 0
111488 0
022234 0
023850 0
036440 0
051108 0
091140 0
264417 0
092787 0
100920 0
198701 0
179863 0
161577 1
193267 0
110785 0
214159 0
231046 0
019276 2
220003 0
175541 0
090049 0
049594 0
111683 0
020216 2
020217 2
022433 0
101114 0
114542 0
130378 0
060883 0
108005 0
081823 0
200139 0
074758 0
190880 0
078126 0
086816 0
017870 0
019541 0
198721 0
042591 0
220274 0
019378 0
130415 0
030376 0
260257 1
260258 1
255466 0
113677 0
024906 0
087188 2
271579 0
161288 0
210656 0
040912 0
028341 0
117168 0
157444 0
085252 0
058881 0
273051 0
092809 0
040149 0
033410 0
066974 0
132135 0
155912 0
223949 0
018152 0
081401 0
229096 0
112601 0
019428 0
069425 0
089017 0
209319 0
051766 0
014839 0
062774 0
077564 0
130612 0
252610 0
076498 0
111634 0
021906 0
148364 0
259846 0
050330 0
048694 0
060889 0
024788 0
021679 0
079128 0
083341 0
110211 0
039616 0
128138 0
271911 2
283588 0
019932 1
019945 0
071558 0
027917 1
040635 0
084016 0
047347 0
048656 0
041623 1
041620 0
043659 0
083846 1
084067 0
084497 0
084501 0
052359 0
038037 0
067598 0
257794 0
208755 0
041644 0
020367 0
060701 0
045482 0
078962 0
050427 0
039686 1
075463 0
079137 0
086644 2
086609 0
087064 1
087261 0
087275 0
087465 0
076798 0
140118 0
027968 0
104004 0
039973 0
