187227 1
193625 1
193636 1
193621 0
193637 1
193638 1
193746 2
078716 0
183372 2
144269 2
011048 2
178458 0
130846 2
130899 2
130885 2
176986 2
176990 2
176984 2
176971 2
176981 2
176972 2
176980 2
184311 2
184304 2
173419 0
192796 2
201558 0
249427 1
152720 2
256381 2
176780 2
171128 2
021587 2
191253 2
107719 2
160046 2
160074 2
175367 1
152824 1
152833 1
152851 1
066802 2
066524 2
177013 2
177070 2
080444 1
007938 2
121351 2
173852 1
123391 2
176686 2
176636 2
176649 2
081232 2
169673 1
169687 2
169674 2
177912 1
178513 1
289368 2
279180 2
067093 2
067099 0
030649 0
220212 1
218213 2
218222 1
039138 1
222522 0
011899 2
007401 0
267917 0
130847 2
130886 2
130900 2
089470 2
199294 1
199330 2
199391 2
121978 0
155338 2
152990 0
177449 2
127090 0
175614 0
242648 0
210842 2
210827 2
210816 2
177196 2
071706 1
104879 1
148562 0
173343 2
114210 0
179268 1
152261 0
255080 1
255056 2
255021 0
254963 0
082974 2
025268 0
152225 0
006838 0
153638 0
230067 0
182578 0
221504 0
011314 1
178101 0
060448 0
099605 2
000882 2
187344 0
160565 0
019973 2
228395 0
087216 0
169978 0
124768 0
243930 0
215246 0
011384 2
118773 0
191910 0
167607 0
000010 0
201860 1
123967 2
075042 0
030620 0
209843 0
179479 2
179472 2
015637 0
161132 0
052192 0
199430 0
267709 0
224488 0
068481 0
184951 0
107878 0
182587 1
182596 0
162032 0
179799 0
077709 0
202815 0
232780 0
024478 0
167590 0
157787 0
222529 0
231942 0
151291 2
016859 0
151304 2
151379 2
016824 0
102115 1
102113 1
102155 1
102079 1
102027 0
099971 0
099977 0
102074 0
007261 0
141194 0
014628 0
195702 0
159766 0
018562 0
002444 2
075809 2
076133 0
120333 1
120293 0
115665 0
077779 0
288077 0
194441 0
153248 0
009518 0
198380 0
018603 0
242782 0
180230 0
177160 0
005038 0
201768 0
165459 0
288636 0
194570 0
030552 0
221523 0
190192 0
229985 0
199396 0
152713 0
267911 0
154508 0
146855 0
013292 0
017807 2
129251 2
129515 0
011331 0
173808 0
157401 0
135114 0
101095 0
182006 0
143378 0
137603 0
140175 0
017874 0
077629 0
149620 0
033495 0
286243 0
242700 0
220058 0
121979 0
130043 0
178322 0
114068 0
173426 0
013765 0
202144 0
169979 0
133623 0
161091 0
178504 0
077535 0
004328 0
187816 1
123137 0
187317 0
185092 0
146322 0
230114 0
139588 0
064875 0
124770 0
030613 0
174992 0
015273 0
019849 0
174749 0
176827 0
231048 0
266532 0
148993 0
062499 0
241147 0
258539 0
192309 2
064929 0
224670 0
152243 0
269165 0
219593 0
147900 1
