232732 1
232735 1
155445 0
079430 0
192357 0
180519 0
064906 1
030882 0
064828 1
180026 2
064808 1
188535 0
064597 1
064766 1
064797 1
064931 1
064922 1
154395 2
064483 1
064688 1
176622 2
176651 2
182927 1
076977 2
177987 1
177160 1
287922 1
287928 2
287934 2
287980 1
288692 1
160515 1
014050 1
289957 0
014471 1
145857 1
013083 1
155800 1
018978 1
155433 1
064913 1
064875 1
064905 1
124017 2
124016 1
069190 2
102363 2
066228 0
257264 1
257231 1
288572 1
178103 1
152386 1
152261 1
082827 1
174773 1
065730 2
065599 2
152479 1
152494 2
123998 1
182332 2
182331 2
065660 1
075552 0
154686 1
154668 1
064319 1
064862 1
064587 1
123993 1
123160 1
283802 1
066356 1
077824 1
232780 1
233102 2
066269 1
064822 1
284662 0
283766 0
085968 1
064439 2
064501 1
062746 1
188154 1
188132 1
188128 1
064404 2
230350 0
066445 1
064487 1
064495 1
189849 1
189837 2
189838 2
167000 1
189530 2
189577 1
167543 1
167547 1
167548 1
192469 0
167884 1
192395 0
164239 1
167592 1
170382 1
170385 1
168257 1
168030 1
166028 0
187695 0
064920 1
157979 1
189836 1
066225 1
064414 1
064429 1
187357 0
064823 1
064882 2
064821 2
064871 1
064872 1
064857 2
086192 1
086184 1
170381 1
170384 1
064585 0
188540 0
170425 1
170426 1
170422 1
066347 1
066335 2
167602 1
167603 1
167582 1
168088 1
167942 1
175829 1
192511 0
163792 1
164101 1
164016 1
087545 1
162727 1
265828 1
265853 2
265901 1
265960 1
266057 1
265906 1
265858 1
199662 0
187164 1
186868 1
229773 0
176279 1
123959 1
123697 1
123579 1
187399 1
187267 0
101240 1
101239 2
101234 1
101217 1
101055 1
048326 0
123067 1
123053 1
187344 0
167604 1
167605 1
167583 1
166962 1
166963 1
162512 1
166961 1
166872 1
167525 1
167526 1
167509 1
190044 0
152485 1
078206 1
069434 1
102607 1
077219 1
164226 0
170349 1
170347 1
169181 0
013006 2
187891 1
230735 1
230469 0
064826 1
167643 1
167641 2
123983 1
080444 2
179932 0
064869 1
064907 1
123989 1
064777 1
064899 1
252407 0
064443 1
124321 1
124041 0
064814 2
233541 1
071542 1
104715 1
083131 1
284512 2
284523 1
284549 1
284569 1
284516 2
157056 1
170525 1
170585 1
153025 1
066094 1
066091 1
124627 1
009364 1
176827 0
131752 1
064790 1
111402 0
064457 1
123999 1
127510 1
127367 1
064843 1
182325 1
182330 1
064592 1
210588 1
210624 2
192397 1
151189 1
155656 1
155621 1
012743 1
016988 1
260844 1
150737 2
167593 1
167594 1
167584 1
064929 1
289802 0
167579 1
167596 1
167597 1
167559 1
167576 1
167577 1
064848 1
188071 0
123995 1
068379 1
064600 1
068174 1
124181 1
047985 0
064472 1
124617 1
163112 1
163117 1
124601 1
124291 1
064805 1
180547 1
187053 2
187072 1
235905 0
124437 1
124459 1
014829 1
125888 1
177251 1
167581 1
167599 1
167600 1
123233 1
123137 1
014659 1
126087 1
124420 1
124341 1
124344 1
124340 1
124343 1
082766 1
082809 1
082805 2
188423 0
099575 1
065904 1
065969 1
065968 1
112921 1
067912 1
123940 1
180591 0
177672 2
177696 1
177671 2
074823 1
156877 1
156914 2
182336 1
079186 2
079221 1
082812 1
015300 1
287864 0
155257 1
077132 1
069203 2
102376 2
069248 1
102421 1
198890 0
077124 2
167805 2
167788 1
077187 1
013067 2
168076 1
123992 1
196153 0
173060 0
167685 1
167686 1
276130 0
252856 2
252843 1
067599 1
123726 1
123736 2
123743 1
185881 0
178296 0
064409 1
184519 0
086196 0
109561 2
064914 1
064841 1
124162 1
152871 1
152910 1
152990 1
065893 1
160970 2
160995 1
169674 1
169687 1
064435 1
012958 1
287271 0
279180 1
171128 1
123391 1
081232 1
267911 2
267917 2
066046 1
193625 1
193621 1
193636 1
193637 1
193638 1
169673 1
193746 1
174742 2
174739 1
174992 2
174991 2
030649 0
083034 2
082869 1
079032 1
076973 1
076974 1
266056 0
076916 1
076921 1
124130 2
124097 1
124135 1
115027 2
070355 1
103528 1
070356 1
103529 1
070389 1
103562 1
114210 1
114068 1
082658 2
082597 2
002487 0
075854 0
099038 1
099027 1
099018 1
068308 1
064475 1
064492 1
124425 1
124337 1
068337 1
183179 1
015059 1
130839 1
130800 1
123091 1
082087 1
000594 0
066088 1
108750 1
139588 1
263808 0
071373 1
104546 1
071360 1
104533 1
071351 1
104524 1
183584 1
183557 1
183611 1
150565 1
064839 1
177912 1
186852 1
186853 1
153022 1
170337 1
149428 1
223926 0
000415 1
099605 1
018198 2
000359 1
016972 1
130835 1
130810 1
130808 1
130836 1
130817 1
130811 1
000320 1
128439 1
016844 1
128430 1
016864 1
123536 1
151170 1
128151 1
015769 1
146663 1
016850 1
151090 1
222775 1
130805 1
133034 1
130831 1
016188 1
130739 1
130773 1
124010 1
127536 1
127238 1
000391 1
123892 1
168934 1
222653 2
000327 1
151213 1
016858 1
130869 2
222655 2
150624 1
000354 1
130799 1
130809 1
000304 1
148201 1
148202 2
016566 1
127879 1
127825 1
124466 1
124487 1
017182 0
017179 1
149956 1
000323 1
130807 1
130816 1
015597 2
000325 1
145836 1
124438 1
124422 2
000302 1
130837 1
000312 1
130852 1
000298 1
000360 1
150303 1
130655 2
130672 2
130628 1
130639 1
154071 1
130833 1
016987 0
000390 1
156197 2
149316 1
130806 1
000322 1
130859 1
130853 2
130850 2
000299 1
130843 2
130896 1
123997 1
000356 1
014506 1
130801 1
129718 1
000783 1
129868 2
129869 2
129874 1
016841 1
068019 1
222739 1
130802 1
130747 1
130840 1
015580 1
147460 1
000326 1
130818 1
015726 1
222923 1
150087 0
000435 2
003165 0
164995 1
017086 1
150323 1
000431 1
124186 1
013144 1
124616 1
066249 0
112991 1
150379 1
187496 0
196181 0
068895 0
151137 2
151133 2
151124 1
150425 1
150434 1
018716 2
151602 1
016546 1
065886 1
065865 1
124548 2
124550 1
021798 0
288712 1
288721 1
000353 1
288776 0
124026 1
015790 1
003174 0
042401 0
150985 1
150658 1
150677 2
150679 1
150681 2
150690 1
016933 1
150908 1
124427 1
133129 2
133173 0
136265 1
152047 1
152057 1
012680 0
124015 1
276204 1
197811 0
176324 1
168927 1
168926 1
124063 1
152711 2
152713 1
124467 1
124470 1
125425 0
005863 0
182363 1
092976 1
185092 0
251938 0
114249 1
187696 1
187707 1
066131 2
066166 2
200386 0
017336 1
256381 1
183530 1
156726 0
155665 1
124260 1
000297 1
077806 0
192545 0
065695 1
066462 1
076961 0
064530 1
064523 1
170154 0
130812 1
000318 0
152127 1
170863 0
076611 1
007938 1
121351 1
263682 0
150720 1
176686 1
176636 1
176649 1
067099 1
067093 1
176972 1
176981 1
176980 1
176971 1
176984 1
176986 1
176990 1
176780 1
175367 1
030552 0
249427 1
192796 1
152720 1
039138 0
147305 1
144269 1
011048 1
178513 1
184311 1
184304 2
128349 1
066802 1
066524 1
187328 1
187334 1
160046 2
160074 1
021587 0
160565 1
182908 2
176632 2
176633 2
176678 2
178322 2
178332 2
178331 2
182260 2
182189 2
178458 2
178464 1
172998 1
151379 2
151304 2
151291 2
016824 1
016803 0
180230 2
180232 1
016859 1
224475 2
224441 0
183372 1
078716 0
130846 1
130899 1
130885 1
289368 1
102079 1
102115 1
102113 1
102074 1
102027 2
102155 2
007261 0
099971 1
099977 1
120333 1
187227 1
120293 1
177013 1
177070 1
107719 1
155748 0
064455 1
006838 1
011899 0
005454 1
120009 1
117758 1
117793 2
117792 1
192250 0
167590 1
167591 1
167585 1
167886 2
167928 1
168506 0
121978 1
009518 2
121979 2
218734 0
101872 0
173308 0
188295 0
007186 0
150759 1
184877 2
184878 0
199396 0
177196 1
036198 0
146942 0
178122 1
178107 2
209843 1
210023 1
210320 1
180159 2
180223 1
196906 2
196845 1
195702 0
141194 2
141162 2
141224 2
141234 2
141210 2
255761 0
107878 0
067251 1
173419 1
173426 1
173496 1
004302 0
176882 2
179268 1
191253 1
085386 1
180076 0
071514 1
071481 1
104654 1
164120 0
104687 1
071482 1
104655 1
071513 1
104686 1
123878 1
152851 1
081761 0
066723 1
123925 1
124257 1
124248 1
165645 0
124234 1
143610 0
243984 0
064499 1
142926 0
124615 1
152824 1
152833 1
168717 0
154808 0
155599 1
152501 0
284522 1
284568 1
284548 2
128481 1
128632 2
002230 0
049220 0
179479 0
218213 1
267709 1
218222 1
017150 0
019973 2
064928 2
202794 0
089470 1
086107 0
220212 1
087754 1
087843 1
090333 2
084935 1
087835 2
077286 1
077279 2
196783 0
133623 1
124428 1
082974 1
007401 1
127090 1
201768 0
221523 0
118773 0
015637 1
149620 1
188246 0
127103 0
210842 1
210827 2
210816 1
112948 1
173852 1
153638 1
222522 0
201860 2
014809 0
064818 1
124354 1
124353 1
124082 1
124093 1
124117 1
123823 1
167458 0
124145 2
124191 1
004041 2
129853 0
064459 1
064460 1
064893 1
065045 1
187204 0
082840 1
082847 1
227949 0
016953 1
150766 0
224229 0
039180 0
070104 0
276940 0
137603 2
137552 2
006290 1
124768 1
124770 1
125177 0
005236 0
151450 1
151233 1
014590 0
005963 1
077354 2
077709 1
078480 1
078623 0
124614 1
124516 1
006114 1
013466 0
080223 0
162032 2
162076 1
185055 0
064640 1
123650 1
224488 0
091236 0
149852 0
164663 0
191910 2
192165 2
192166 1
005038 0
151231 1
016948 0
187382 1
200283 0
127225 0
001597 1
064588 1
285889 0
076246 1
064474 1
064557 1
157242 0
006698 0
095462 0
182006 2
181990 2
181960 2
201558 2
138805 0
064860 1
070966 0
149398 1
149400 2
170354 1
170355 1
170352 2
145787 0
015317 1
125416 1
101448 0
128248 0
175542 0
186569 0
130847 0
124455 1
287834 0
047668 0
206828 0
064850 1
010497 0
003641 0
064878 1
202799 1
127089 1
126882 1
124408 1
124424 2
124432 1
123883 1
123857 0
123968 1
285092 1
285209 1
173808 2
173809 2
173835 1
001323 1
084024 1
082192 1
082197 1
114223 0
119379 0
064881 1
064900 1
064599 1
099255 1
128449 0
109215 0
019849 0
134091 1
033496 0
252436 1
136219 0
143462 1
124397 1
124392 1
124217 1
124220 1
124371 2
124384 1
124390 1
124216 1
124219 1
088349 1
088178 1
088180 1
015729 2
031584 0
127383 0
016963 1
182324 0
162383 1
252446 1
187508 1
130604 0
124872 0
076316 0
064347 1
268762 0
013250 1
136316 0
141567 0
082120 0
112010 0
014828 1
125891 1
034372 0
130821 2
130830 1
111105 0
161996 0
064908 1
000308 0
143550 0
184890 0
179799 0
123967 0
027100 0
149829 1
151952 0
267710 2
267704 2
267701 1
069987 0
040907 0
180994 0
187317 0
082238 1
082233 1
124255 1
123709 1
124205 1
128322 0
082999 1
130544 1
000418 1
000398 1
000527 1
232240 0
082049 1
014827 1
125890 1
064468 1
098296 0
054313 0
130813 1
000358 1
000319 1
182414 0
064590 1
289955 1
289969 1
017691 0
232708 1
232707 1
158450 0
031955 0
130079 1
130074 1
130073 1
064924 1
049574 0
124330 1
115665 2
009026 0
092305 1
092310 1
086867 1
086368 1
052192 0
154974 0
124395 1
136637 1
067770 1
064863 1
124273 0
284672 0
064782 1
030973 0
259120 0
012257 0
077876 0
083820 0
149794 1
009907 0
150246 1
150247 1
148289 1
131643 1
131671 1
131640 1
131641 1
130160 1
130720 1
134626 1
017867 1
129194 1
018271 1
128914 1
149281 1
133528 0
017495 1
129432 1
137577 0
017249 1
129633 1
139823 0
136240 0
192309 0
014815 1
125903 1
087065 0
208151 0
124142 1
082617 1
244762 0
143300 2
143297 2
143268 2
144431 2
143200 2
143197 2
010762 1
219338 1
219463 1
282202 0
082078 1
082159 1
066388 1
066332 1
284825 0
168181 0
000162 0
189194 0
077612 0
018767 0
066656 0
098457 1
098456 1
098458 1
098561 1
098601 1
098608 2
192475 1
192476 1
288868 0
064485 1
074949 0
279797 0
100873 0
117379 0
151961 1
155338 1
131900 1
064840 1
241672 1
241659 1
111773 1
111433 2
111434 1
111432 2
111388 2
075809 2
076133 1
070882 0
071706 1
104879 1
010949 0
071001 0
033571 0
062499 0
077221 1
163914 0
064598 1
187653 1
087004 1
127371 0
223600 0
193012 0
213351 0
199430 0
187625 1
070305 1
103478 1
070303 1
103476 1
170877 0
187855 0
167527 1
167528 1
167529 1
126815 0
165939 1
192274 0
093431 0
181367 0
064470 0
143910 1
143755 1
143214 1
155854 0
009870 0
023630 0
178101 0
220679 0
192276 0
028681 0
133159 0
124957 0
197999 0
064273 1
081826 1
011384 2
250826 1
136167 0
230114 0
124351 1
124352 1
066337 1
066227 0
117200 0
171254 0
133163 0
221504 1
221525 1
109018 0
024745 0
064448 1
064520 1
142300 0
064796 1
064270 0
064391 1
144572 1
144672 1
206885 0
086749 0
141955 1
141920 1
002444 0
126709 0
182587 2
182596 1
095460 0
189184 0
124812 0
123700 1
195562 2
143586 0
140175 0
068481 0
216128 0
093433 0
065855 1
011700 0
064785 2
064786 1
113089 0
009187 0
064390 1
199294 0
192224 0
155432 1
037104 0
064619 1
275089 0
099016 1
099025 1
099033 1
099032 1
099030 1
099154 2
232755 1
256964 0
202148 0
149893 0
232721 1
039348 0
064427 1
066153 1
066149 1
066122 1
192539 0
230960 0
219040 2
218837 0
124349 1
124360 1
269823 0
009392 1
064467 1
070629 0
064683 1
200235 0
006314 0
252665 0
283768 0
035014 0
271149 0
066145 1
115585 0
147688 0
188537 0
086220 0
134153 0
081171 0
227908 0
061282 0
064512 1
124504 1
183738 0
064739 1
216832 0
187186 0
117449 0
024116 0
187358 0
109814 0
239393 0
192392 0
144453 0
064471 1
120321 0
124442 1
189259 1
189258 0
006451 0
124447 1
188815 1
066338 0
066296 1
037819 0
195688 0
178580 0
065833 1
079404 1
079197 1
064560 1
064561 1
280150 0
135042 1
135060 1
135035 1
135044 1
098558 0
123555 1
102004 0
276088 0
109967 0
060613 0
037129 0
100528 0
058587 0
231938 0
126179 1
126721 1
013825 0
284956 0
123986 1
074668 0
036617 0
124283 1
189591 0
065830 1
124433 1
124013 0
124118 0
064526 1
064521 1
110491 0
253249 0
159766 0
086850 1
086683 1
064768 1
025691 0
167607 1
167696 2
099176 0
124521 0
079993 0
030620 0
018915 0
061852 0
009395 0
124326 1
124333 1
079268 0
011639 0
009891 1
122237 1
187264 0
154635 1
252830 0
257594 0
133104 2
133098 2
133118 2
049909 0
064904 1
050892 0
066137 1
256572 0
214103 0
133187 0
124931 0
098522 0
064376 1
147027 0
202144 0
218147 0
015200 0
155600 1
276006 0
146588 0
085891 0
276308 1
011641 0
005967 0
262596 0
133099 0
217569 0
280170 0
033138 0
086503 0
257002 1
234952 0
192982 0
064671 1
179212 1
077880 0
117577 1
277469 2
017231 1
177039 2
128669 2
128525 1
177043 1
007842 0
127607 1
094878 0
015122 0
127546 0
123418 1
068659 1
195900 0
028764 0
223066 0
099724 0
276135 0
054262 0
263039 0
014953 1
125782 1
011263 1
122687 1
009767 0
123947 0
287737 0
066419 1
083144 0
034333 0
235228 0
123048 0
018429 0
009345 1
121815 1
177610 1
177605 2
087216 1
087185 0
232724 1
232722 1
186438 0
125018 1
064465 1
064463 1
069044 0
221503 0
011698 0
168396 0
082918 0
054173 0
121631 0
287866 0
219602 0
064363 1
064364 1
066192 1
098371 0
257563 1
002528 1
257220 0
099180 0
153010 1
122701 1
011317 1
122702 1
010110 1
010078 0
010053 0
129537 0
011345 1
151399 0
064458 0
173343 1
232739 1
232738 1
123582 1
123571 1
011647 0
153567 0
134772 0
059438 0
287586 0
069549 0
284043 0
229847 0
010064 0
116372 0
014525 0
185928 0
013765 0
113386 1
113389 1
038818 0
180984 0
080810 0
055962 0
078078 1
078073 0
002242 0
286264 0
004552 0
029469 0
232691 1
179495 0
009109 0
182516 1
182514 1
182513 1
178741 1
177121 0
181942 0
128641 1
128640 0
100075 0
066223 1
004192 0
196090 0
037030 0
065755 0
064879 1
132823 0
147226 0
175614 0
017807 1
129251 1
065850 1
065907 1
257642 0
077792 0
151165 0
201610 0
124446 0
116106 0
285585 0
000620 0
195857 0
187286 0
018637 0
051886 0
107835 0
075564 1
136057 0
090524 0
065512 0
192169 0
148562 0
180644 0
161596 2
025305 0
001057 0
064917 1
092240 0
126351 0
042107 0
126933 0
098241 0
069421 0
074702 0
233012 0
069194 0
254440 0
027568 0
290024 0
016873 0
051757 0
064723 1
000075 0
064744 1
018016 0
084994 0
163928 0
015592 0
152461 0
188064 0
257383 0
024782 0
021643 0
036824 0
024701 0
185989 0
253111 0
228395 0
275143 0
184484 0
160244 1
161007 1
187816 0
065868 0
044649 0
217339 0
135114 0
124773 0
111418 0
122378 0
150756 0
252448 0
014418 0
124610 0
269869 0
108954 0
030549 0
155372 0
126981 1
011314 0
017126 0
192651 0
112831 0
232775 1
232773 1
194976 0
286968 0
099024 0
035259 0
230470 0
187666 0
210748 0
082802 1
082798 1
208326 0
027179 0
068765 0
092838 0
126662 0
058447 0
227685 0
100025 0
059384 0
157486 0
042669 0
101429 0
120808 0
081687 0
118010 0
126948 0
146480 0
090390 0
167858 0
049713 0
187853 0
017457 0
181548 0
074770 0
119427 0
281168 0
175515 1
175446 2
175445 1
175371 1
187963 0
175698 0
227285 0
191991 0
099020 0
190192 0
093771 0
017870 0
218259 0
030664 0
047562 0
269833 0
133806 0
233088 0
193672 0
033883 0
187524 0
014096 0
000716 0
151210 0
198885 0
126335 0
197744 1
197762 0
065770 1
000169 0
138126 0
013490 0
079446 0
115715 0
068459 1
068467 1
062082 0
125922 0
018989 0
076919 1
076915 2
258509 0
087855 1
169302 0
064385 0
098414 0
155096 1
038568 0
219928 0
233720 0
118328 0
117736 0
064245 0
151413 0
090180 0
187262 0
064687 1
227855 0
124141 1
079841 0
060406 0
120269 0
029337 0
110524 0
130022 0
252243 0
058645 0
187379 1
133917 1
133911 1
135531 0
118906 0
192091 0
110095 1
110111 1
079581 1
083163 0
187231 0
113078 0
065831 0
131189 0
003995 0
108469 0
122206 0
199622 0
018008 0
021677 0
208913 0
161937 0
162794 0
285753 1
285754 1
230504 1
234986 0
193115 0
086134 0
212906 0
003660 0
063675 0
086198 1
282212 0
265959 1
142809 0
187207 0
285311 0
271344 0
100821 0
161846 0
087881 0
187935 0
150025 0
135843 0
084304 0
138197 0
127134 0
230067 0
079139 1
223730 2
223680 0
224476 0
079229 1
079176 1
078334 1
075405 0
133360 2
133350 0
140834 0
133772 1
136119 1
131774 2
131770 0
128880 0
134733 1
133363 1
133352 0
100682 0
128959 0
122845 1
122847 0
122703 0
191860 1
191882 1
135418 0
135530 1
111662 0
134357 0
152577 0
278825 0
024456 0
004256 0
146859 0
130535 0
137130 0
042567 0
218092 0
279871 0
164017 0
082210 2
082212 1
082204 0
001265 0
112588 0
151362 0
010442 0
288181 0
111143 0
192546 0
078264 1
078293 0
070123 1
103296 1
078847 1
078489 1
127708 0
069351 0
265028 0
059282 0
270881 0
041628 0
126127 0
137646 0
091865 0
202007 0
224440 0
006105 0
277973 0
284469 0
284443 1
149860 0
131944 0
209570 0
100336 0
065640 0
067907 0
287860 1
287867 0
258323 0
064824 1
092126 0
225187 0
071048 0
239974 0
082762 0
289941 0
004701 0
083627 0
038782 0
200368 0
136179 0
188612 0
082211 0
189178 0
257088 0
162781 1
162747 0
011799 0
178141 0
064481 1
161856 0
078317 0
210679 0
196270 0
015362 1
125372 1
126756 0
145160 0
167742 0
158865 0
238876 0
185380 0
210130 0
147029 0
130764 0
276232 0
191464 0
123987 0
184594 0
087336 0
128036 0
030168 0
154574 0
112210 1
112160 0
252425 0
285159 0
223922 0
061261 0
011338 0
201395 0
129480 0
066466 1
149925 0
159566 0
123352 0
284979 0
000630 0
136139 0
058516 0
119691 0
091976 0
236547 0
197442 0
129515 0
289772 0
288655 0
130886 0
179803 0
204211 0
117459 0
262316 0
188636 0
121708 0
150013 0
154133 0
100708 0
128446 0
199215 0
117014 0
221524 0
188467 0
089271 0
230414 0
104174 0
156265 1
223372 0
150451 0
099979 0
033495 0
161169 0
026469 0
257210 0
067683 0
230529 1
283417 0
274601 0
080239 0
067657 0
024468 0
223096 1
222956 1
223002 2
269710 1
226162 1
235069 1
222718 1
222763 1
274017 1
274018 1
266735 1
266738 1
243548 1
018739 0
254128 0
221377 0
235032 1
243565 0
259583 0
221413 0
225133 0
002211 0
285712 0
090597 0
183162 1
055476 0
065288 1
274008 0
262991 0
209461 1
091919 0
221400 0
143716 0
056666 0
123661 1
029526 0
127440 0
060030 0
071169 1
104342 1
071231 0
136210 0
001738 1
234025 0
203156 1
089097 0
099981 0
213014 0
154503 0
104404 0
046988 0
167975 0
133092 0
017934 0
256547 0
113387 0
286608 0
124345 0
173327 0
223459 0
165459 0
232764 0
013219 0
270183 0
113082 0
230156 0
033801 0
172408 0
080452 0
015289 1
125446 1
125456 0
125466 0
068031 1
067995 1
065715 1
066565 1
036728 0
159791 0
263213 0
092907 0
219584 0
063441 0
259594 0
167400 0
064528 1
030976 0
209738 0
222142 1
222187 2
221860 0
222139 0
078023 0
064615 1
142915 0
033111 0
135961 0
108361 0
110899 0
251950 0
014522 0
127601 0
034055 0
066580 1
069983 1
103156 1
082487 0
222582 0
183066 0
126483 0
289827 0
123057 0
287283 0
002485 0
187288 0
127210 0
086470 0
126222 0
069017 1
123777 0
277206 0
075042 1
002365 1
082138 0
138824 0
050033 0
229985 0
067267 0
071762 0
126419 0
221911 0
086199 0
014039 0
156898 1
156888 1
258324 0
197451 0
038014 0
057069 0
088228 0
149955 0
218509 0
187197 0
081273 0
124501 0
158216 0
100961 0
126467 0
076411 0
224626 0
199395 0
099156 0
199768 0
135870 0
006248 0
270736 0
118937 0
161174 1
161219 1
161182 1
161173 1
159778 1
166871 1
167408 1
182487 1
182486 1
182485 2
156042 1
192470 0
189775 0
213048 0
135445 0
130043 0
157245 0
236691 0
156806 0
156853 1
083066 0
277454 1
017828 0
275274 0
231045 0
283786 1
284514 0
243225 0
252770 0
219596 0
154508 2
154510 1
008741 1
123978 1
030228 0
190641 0
018023 0
019699 0
269025 0
252439 0
020466 0
139414 0
024478 0
000331 1
130814 1
067817 0
077971 0
154873 0
099206 0
144567 0
180990 0
203973 0
202425 0
099604 0
280050 0
212447 0
286971 0
197749 0
194570 1
164756 0
172964 0
192544 0
035248 0
271642 0
028377 0
255752 0
180588 0
113645 0
252983 0
289169 0
086049 0
180773 0
060677 0
231902 1
231893 0
124839 0
077601 0
157342 0
155778 0
081305 0
207788 0
282155 0
147075 0
253112 0
171314 0
217312 0
038640 0
152583 0
149583 0
282559 0
124102 0
220761 0
127369 0
082205 0
155729 0
081323 0
152416 0
067412 0
122821 0
122704 0
123884 0
171456 0
087175 0
187882 0
096574 0
263838 0
079703 0
187384 0
007055 1
177206 0
056307 0
150541 0
130841 1
187802 0
222812 0
184139 1
184114 1
170006 0
164115 0
086510 0
187061 0
064441 0
082114 0
007765 0
085414 0
200239 0
065826 0
201609 0
130591 0
282223 0
224461 0
192207 0
190649 0
126198 0
155381 0
193844 0
155438 0
259235 0
024781 0
003896 0
090623 0
024902 0
023729 0
034327 0
128153 0
117210 0
192198 0
287863 0
037810 0
141570 0
011538 0
098418 0
130900 0
283657 0
213269 0
066926 0
078051 0
039583 0
000882 0
090273 0
126504 0
155725 0
156068 0
125621 0
006178 0
016666 0
185185 0
125934 0
126416 0
133449 0
223706 0
176278 1
170153 0
235872 0
056562 0
005634 0
093367 0
209414 0
179472 1
026789 0
124468 1
130870 0
226072 0
124166 0
222085 0
284787 1
049956 0
075313 0
037098 0
267252 0
044076 0
181276 0
211124 0
092572 0
269602 0
054598 0
011893 0
130564 0
030404 0
003665 0
051680 0
253878 0
144149 0
044032 0
014863 0
081606 0
231985 0
285498 0
123882 0
192910 0
030613 0
214197 0
006212 0
119683 0
104139 0
285166 0
142342 0
130717 0
121783 0
288454 0
004570 0
257785 0
182565 0
202143 0
187285 0
127591 0
002980 0
036830 0
124453 0
175773 0
262631 0
070120 0
086733 0
187908 0
160023 0
086799 0
064447 2
018351 0
136145 0
099444 0
179398 0
194441 0
208522 0
149876 0
140171 0
066899 0
152362 1
152364 0
098590 0
152368 0
034969 0
036195 0
021186 0
200232 1
173043 0
180986 0
222529 0
088518 0
110029 0
218247 0
191202 0
131256 0
187203 0
086831 0
122811 0
123088 2
123086 2
069229 1
102402 1
241198 0
214717 0
012028 0
126929 0
079690 0
147469 0
133091 0
100265 0
058550 0
013352 0
071350 0
117160 0
018911 0
184927 0
184341 0
197031 0
071331 0
094085 0
123625 0
268871 0
187605 1
116874 0
186549 0
285864 1
193845 0
102119 0
097839 0
049842 0
100173 0
196465 0
205619 0
157267 0
124306 0
064436 1
064454 1
033502 0
210433 0
186212 2
231935 0
242755 0
142606 0
001090 0
227944 0
101076 0
223258 0
271237 0
015725 1
149282 0
146845 0
111520 0
192101 0
209018 0
016200 0
000544 0
255389 0
104055 0
217322 0
144872 0
244343 0
118433 0
093302 0
284817 0
098675 0
023957 0
015333 0
151422 0
219435 0
012198 0
157497 0
183020 1
183185 1
007552 0
014507 0
190733 0
120392 0
097236 0
252244 0
025037 0
154462 0
190042 0
128635 0
043791 0
193394 1
193397 1
099603 0
092282 0
009985 0
258765 0
129880 0
285538 0
102048 0
124557 0
142414 0
006661 0
122849 0
066150 1
066146 0
066082 0
066238 0
007487 0
108968 0
183593 0
236491 0
101457 0
076483 0
156810 0
099170 0
078435 0
080794 0
153512 0
017519 0
201650 0
101140 0
240584 0
157343 0
255999 0
103160 0
064876 0
068908 0
147684 0
093131 0
069840 0
187234 0
217551 0
098279 0
164198 0
288719 0
042809 0
102722 0
041616 0
121669 0
110907 0
189578 0
124861 0
017534 0
152054 0
039410 0
201423 0
081873 0
268329 0
188392 0
182356 0
192389 0
052189 0
015665 0
151913 0
066348 1
066418 1
113399 0
136307 0
110732 0
153892 0
049967 0
065876 1
098234 0
162904 0
068606 0
061728 0
255409 0
192810 0
256025 1
242700 0
269660 0
096988 0
065891 1
213148 0
289434 0
282213 0
183971 0
091710 0
026107 0
250887 0
137224 0
085881 0
146231 0
065988 1
203392 0
004093 0
260885 0
100927 0
049024 0
125909 0
224439 0
196275 0
040022 0
102125 0
046456 0
064248 1
013292 0
015119 0
085100 0
061419 0
171031 0
066083 1
066076 0
066048 0
256736 0
243291 0
015082 2
125655 1
164792 0
197624 0
126253 0
132583 0
018603 0
231048 0
195152 0
233387 0
092413 0
083384 0
245013 0
077666 0
151317 0
238514 0
220654 0
162238 0
034390 0
123389 0
173155 0
253422 0
185193 0
011068 0
002731 0
095807 0
163518 0
258392 0
031232 0
086456 0
193250 0
065821 0
161091 0
223108 0
017036 0
112682 0
157249 0
005754 0
088521 0
193533 1
116165 0
251351 0
187870 0
123849 0
018353 0
244780 0
129096 0
153249 0
287620 0
155863 0
123254 0
117028 0
288879 0
041956 0
101052 0
186448 0
004313 0
202319 0
221903 0
254143 0
256022 0
020797 0
229850 0
154762 0
056345 0
127847 0
078444 0
045181 0
086424 0
071498 0
276685 0
210121 0
017980 0
038297 0
126540 0
122357 0
171828 0
117467 0
004095 0
257787 0
040110 0
123491 0
066488 1
064456 1
064431 1
134195 0
065905 1
065906 1
065890 0
080677 0
094429 0
080673 0
065892 0
098573 0
256770 0
117105 0
151865 0
027248 0
064958 0
085422 0
181605 0
143378 0
190454 0
051379 0
123924 0
152554 0
283261 0
101258 0
267865 0
098056 0
162242 0
066231 1
066345 1
041653 0
126544 0
075164 0
140254 0
271108 0
016951 0
004519 0
081659 0
074442 0
258548 0
088183 0
161186 1
152748 0
110035 0
058625 0
168626 0
226520 0
144398 0
227100 0
183917 0
100109 0
030778 0
288990 0
120329 0
187342 0
129192 0
184191 0
066218 1
255646 0
180982 0
003869 0
126747 0
065655 1
003292 1
135049 2
017762 0
072600 0
048636 0
173728 0
044687 0
227269 0
018867 0
147137 0
089053 0
081955 0
018017 0
192712 0
079722 0
158671 0
001445 0
197732 0
081952 0
065985 1
066001 1
132133 0
195021 0
031524 0
178412 0
126943 0
066147 1
025788 0
137034 0
270061 0
009560 0
289817 0
095511 0
128304 0
196357 0
066140 0
152164 0
199339 1
058762 0
289024 0
171255 0
191481 0
086542 0
016954 0
122364 0
201119 0
287638 0
149923 0
082194 0
030753 0
134957 0
070169 0
218369 0
018562 0
092656 0
005891 0
225962 0
161863 0
066244 1
289051 0
268869 0
221260 0
114461 1
114478 1
114479 1
114496 1
017520 0
116660 0
091278 0
108850 0
152436 0
196187 1
196217 1
196133 1
196134 1
113020 0
006047 0
197585 0
207326 0
019557 0
242503 0
183524 0
226419 0
192354 1
192269 1
131408 1
131406 1
243601 0
139296 0
131487 0
121782 0
009269 0
016540 0
133876 0
170214 1
018124 0
064883 1
064898 1
113418 0
230347 0
143746 0
127786 0
253133 0
018622 0
050471 0
146766 2
146769 2
130426 0
008869 0
018266 0
079797 1
079773 1
079770 1
129802 0
144204 0
006365 0
160147 0
005689 0
237210 0
115973 0
098923 0
146944 0
030183 0
090378 0
143571 0
197466 0
052164 0
074835 0
128865 0
232370 1
023499 0
126349 0
098389 0
136158 0
078200 0
135156 0
168493 0
227622 0
009297 1
009296 0
180863 0
082748 0
218291 0
236572 0
042277 0
228767 0
127677 0
199423 0
079334 0
193382 0
250361 0
157412 0
072228 0
122163 0
270732 0
192419 0
037300 0
253042 0
086571 0
166556 0
005660 0
147892 0
289832 0
188356 0
192278 0
037062 0
000112 0
126443 0
213076 0
193131 0
133668 0
027307 0
164154 2
164157 0
155845 0
161537 0
014899 0
161540 0
087546 0
109512 0
136192 0
160890 0
001721 0
