088377 0
002679 1
001444 1
065960 0
199789 0
086851 0
182014 0
091798 0
133642 1
133632 1
133668 1
158089 0
157848 0
085755 0
154119 0
132050 1
132010 1
132008 1
133703 2
133702 2
133709 2
133707 2
133774 1
133770 1
133331 2
133302 2
133299 2
133297 2
133119 2
133100 2
133093 2
133088 2
133188 2
133171 2
133612 1
133610 2
133611 1
133729 1
133730 1
133723 1
132046 1
147739 0
133959 0
001458 2
133868 0
131953 2
132136 1
132080 1
132135 2
132019 1
132020 1
132017 1
140098 0
131954 2
133951 2
169288 0
132052 1
133427 1
133941 2
002855 1
133365 1
133358 2
132922 0
133664 2
133675 2
133598 1
133684 1
097530 0
163967 0
133480 1
133312 0
133015 0
141143 0
158866 0
134952 0
147895 0
110527 0
132952 1
132938 1
132910 1
132955 0
138824 0
133665 2
133663 2
133649 2
132203 2
132182 2
132865 2
132860 2
132396 0
001459 0
181041 0
131605 0
133891 0
007046 0
132839 1
132830 1
131613 0
134330 0
134003 0
142036 0
258326 0
003102 0
002777 0
181971 0
134305 0
132039 2
132021 2
130164 0
099516 0
131683 0
140288 0
001445 1
002845 0
133669 2
130313 0
066977 0
134001 0
131975 2
131988 2
131970 1
148999 1
149000 0
001109 1
007436 0
001580 1
007099 0
114749 1
114712 0
110962 0
097563 0
133721 1
133661 1
002717 0
100266 0
139214 0
183839 0
002488 0
133674 0
133253 0
100189 0
133737 0
043123 0
132677 0
147564 0
109787 0
133746 1
112385 0
261782 0
112622 0
133044 0
132037 0
127977 0
130320 0
005188 0
117555 0
140020 0
138307 0
017268 1
128571 1
128620 1
128622 1
128653 1
128655 1
128659 1
128652 0
134005 1
133138 0
178071 0
132071 0
156534 0
133376 0
132858 1
258190 0
193105 0
134449 0
127896 0
010253 0
011942 0
134076 2
133621 2
133585 2
133581 2
133735 2
134915 0
188534 0
137993 0
179120 0
253254 0
007044 0
150008 0
003340 0
094074 0
131640 0
133389 0
148183 0
133652 0
164294 0
133200 1
133195 1
043358 0
071066 0
134024 0
107706 0
125010 0
133829 1
133841 1
002772 2
133874 2
133871 1
133853 2
109011 0
142314 0
133131 0
101081 0
132751 1
132685 1
132670 1
132666 2
132898 2
132825 1
132824 1
132807 1
132805 2
132803 2
123874 0
261991 0
139093 0
009742 1
122139 1
122129 1
122110 1
122059 1
009594 0
134275 1
117943 0
137070 0
011838 0
133283 0
108036 0
087548 0
017629 1
129357 1
129405 1
129429 0
010357 0
130385 0
115381 0
127107 0
123034 1
123037 0
093071 0
001242 1
009735 0
154653 0
116616 0
099196 0
001131 1
002894 0
079272 0
133339 0
111224 0
137780 0
092764 0
146884 0
145734 0
122148 0
127799 1
158368 0
017250 0
071418 0
132844 0
141911 0
017246 0
102019 0
000634 0
124919 0
080409 0
135126 0
133556 1
133555 1
133552 1
133400 0
133432 0
097699 0
118398 0
144352 0
109530 0
180609 0
001278 0
132018 0
108907 0
131675 0
130695 0
003066 0
138468 0
181910 0
108996 0
161339 0
094454 0
134596 0
108586 0
001240 1
092125 0
092467 0
001135 0
006188 0
131729 0
002770 0
133586 0
134108 0
128658 0
009029 0
157854 0
148907 0
157771 0
138037 0
028378 0
091636 0
001887 0
131631 0
191891 0
092622 0
133560 0
127805 0
133835 0
133869 0
159142 0
134307 0
001744 0
133582 1
133348 1
132771 1
146481 0
231334 0
160375 0
007671 0
008087 0
091686 0
133753 0
132407 1
114824 0
141182 0
001600 0
159872 0
132606 0
131755 0
179121 0
004877 0
113106 0
226431 0
132176 0
132108 0
148508 0
157686 0
123876 0
133108 0
180329 0
012491 0
186587 0
161824 0
038854 0
160300 0
043291 0
098692 0
122021 0
140094 0
133915 0
112546 0
160235 0
001919 0
136549 0
136929 0
124121 0
110548 0
001062 1
082652 0
092448 0
274731 0
002364 0
160427 0
133347 0
017831 1
017815 0
132431 0
007447 0
108044 0
017832 1
111657 0
131956 0
110599 0
043716 0
