229351 1
229356 1
229358 1
234490 1
231388 1
234119 1
233919 1
227946 2
234388 1
234389 2
231229 1
231233 1
231243 1
231230 1
231234 1
231244 1
231228 2
231232 2
231242 2
228972 2
231283 2
231286 2
231313 2
231307 2
229194 2
229047 2
229357 2
229359 2
229021 0
231411 1
231424 2
231409 1
231609 1
017844 2
229352 2
234086 1
239745 0
234390 2
231271 2
231255 1
231272 2
231302 2
242928 2
242982 1
242922 1
242910 1
242895 2
256312 2
256301 1
196314 1
196586 1
196598 1
196600 1
229361 2
229424 2
229310 2
221595 2
221631 2
221636 2
221682 2
231112 1
231119 1
194720 1
194722 1
234052 2
234087 2
234012 1
142218 0
229548 2
229439 1
136301 1
136299 1
136326 1
229179 2
229238 2
229516 2
229531 1
231148 2
231120 1
158734 1
239329 0
155637 0
229207 2
136208 0
136485 0
229241 1
229011 2
239800 0
009330 0
191439 1
191054 1
196315 1
196587 1
196599 1
196601 1
191448 1
191053 1
207182 0
208778 0
170262 1
170559 2
170739 2
170767 2
170765 2
170776 1
221680 2
229423 1
196036 0
239253 0
196537 0
211931 0
143601 0
171708 0
227223 0
221630 2
221635 2
221681 2
221594 1
272957 0
099743 0
196536 1
235780 0
233952 1
233944 1
121913 0
197156 0
161987 0
289099 0
232838 0
109571 0
239330 0
195958 0
284870 0
235167 0
143220 0
078643 0
155765 0
190276 0
269539 0
208779 0
156658 0
239739 0
231504 1
231433 0
222240 1
235166 0
240121 1
228533 0
234297 0
236007 0
229074 1
224521 0
196538 0
234727 1
234782 1
234682 0
234726 0
231431 0
234575 0
007800 0
235168 0
238924 0
202410 0
137326 0
265266 0
256031 0
136293 0
229148 0
198601 0
234781 0
251280 0
231382 0
244621 0
192008 0
142221 0
155514 0
231304 0
200193 0
221703 0
015689 0
001764 0
083140 0
273998 0
230805 0
273053 0
230960 0
136512 0
232126 0
155631 0
159994 0
198599 0
241105 0
197206 0
188119 0
239323 0
171667 0
197251 0
267532 0
007939 0
265451 0
121806 0
242821 0
224832 0
159857 0
143206 0
234286 1
239258 0
233969 0
198813 0
269447 0
224131 0
162558 0
240647 0
231212 0
008674 0
148943 0
229289 0
124983 0
096020 0
197639 0
219951 0
268122 0
099712 0
186792 0
214147 0
231951 0
239256 0
210920 0
227212 0
206940 0
235785 0
235465 0
079026 0
211929 0
179907 0
102223 0
154210 0
177805 0
061960 0
278278 0
155615 0
005842 0
188291 0
229814 0
236716 0
171709 0
252713 0
168099 0
241095 0
091067 0
221998 0
