064578 0
086457 0
050307 2
033382 2
047277 2
050457 2
087573 2
063986 0
273302 2
262917 2
086269 0
080529 2
087912 2
085197 2
273538 2
087617 0
257215 2
063150 2
085072 2
111811 2
257221 2
042342 2
034694 2
224352 2
273715 0
032387 2
111760 2
224351 2
085195 2
085893 2
066406 2
084880 2
085188 2
020205 2
060816 2
089730 1
092043 2
032418 2
011051 0
050023 2
085857 2
079851 2
089741 2
087528 2
088646 2
076262 2
092103 2
087883 2
087556 2
092177 2
087960 2
085127 0
087808 2
074961 2
074944 2
064277 2
026021 2
259595 2
273177 0
088668 2
050503 2
087961 2
260224 0
126182 1
087812 2
259586 2
050070 2
260236 0
088975 0
079856 2
074960 2
075350 2
075221 2
026130 2
126196 0
079292 2
259301 2
081520 0
081202 2
086281 2
049475 2
273551 2
089725 1
081228 2
086247 2
019546 2
024555 2
067594 2
086195 2
109558 2
081529 0
050534 2
084146 2
049397 2
024498 2
226250 2
144476 1
038162 2
168962 0
168963 0
093167 0
232530 0
144206 2
038222 2
083085 2
050469 2
022700 0
144252 2
047817 1
111631 0
273611 0
005186 1
092873 0
000047 0
088162 0
138892 0
232528 0
092787 0
036187 2
027973 0
027998 0
075542 2
144507 2
036089 0
050451 2
047799 2
050306 2
087206 0
075260 2
041907 1
044171 0
182519 2
025985 2
097738 0
265780 1
088197 0
111634 0
003319 0
020981 2
022217 0
036377 0
271858 0
075088 2
090566 0
227376 0
036376 0
083324 2
097749 2
085327 2
050455 2
271911 2
041903 1
015847 0
036407 0
070531 0
103704 0
280347 0
020220 0
085454 0
025910 2
023641 2
023753 2
036297 2
067631 2
087470 1
083126 2
083141 2
023834 0
260392 0
260387 0
041685 0
097289 2
041680 0
092881 0
096160 2
092890 0
092809 0
046023 1
024738 2
067658 0
041004 0
096120 2
040941 0
046005 0
097807 0
040923 0
040942 0
025882 2
087863 2
040808 0
024736 0
087862 2
087861 2
059012 2
064073 0
051578 0
083398 0
097366 2
097433 2
025918 2
024149 2
051283 2
024512 2
051421 2
117581 0
089846 2
096414 2
260256 0
024500 2
069506 1
102679 1
090807 0
090806 0
039992 2
080176 2
024509 2
044867 2
087137 0
069829 2
103002 2
044865 0
260257 1
080838 2
030281 2
185809 0
112495 2
260258 1
081276 0
051284 2
185802 0
090855 0
112499 2
016513 0
088695 0
010673 0
087136 0
220274 0
220351 0
220276 0
089017 0
249766 0
069532 2
102705 2
109243 0
129788 0
069800 2
102973 2
069422 2
102595 2
069765 2
102938 2
080824 2
024777 2
024704 2
042556 0
042591 0
044095 0
024209 0
024251 0
048672 0
282110 0
033668 0
048694 0
021151 2
109347 0
026282 0
110407 0
021027 2
020434 0
058765 2
109330 0
020995 1
070831 0
104004 0
021024 2
001436 2
128029 0
179719 0
261086 0
180530 0
001831 0
064091 2
000370 0
028895 0
289679 0
020447 0
108447 0
271580 0
111758 0
200139 0
066837 0
050824 2
263841 1
050801 0
263890 2
264107 2
081856 0
087827 2
