256187 2
256184 2
278461 0
226071 0
256402 0
256771 2
256765 0
227874 0
256509 0
256398 2
256204 2
256283 0
256341 2
256353 2
263018 0
205780 0
205782 0
277388 0
256342 2
256194 0
256429 1
256291 0
223918 0
256157 0
286739 0
227148 0
087766 2
023741 0
083568 1
111869 1
111870 2
265662 0
080450 2
046055 2
229648 0
046342 2
162230 2
009038 2
265210 2
265322 2
085082 1
080266 2
085068 2
041485 1
022335 0
233217 2
082624 2
008726 2
083230 2
195570 0
286668 1
040906 1
022532 2
050537 1
260000 0
043632 1
252654 0
256270 0
228791 2
258017 2
131667 2
193094 0
080022 2
260012 2
033626 1
232586 2
022342 0
084150 2
085081 1
286704 2
100013 2
033697 0
256223 0
232620 2
030050 0
012441 2
026892 0
170306 0
043624 1
036212 2
269285 0
228913 2
052593 0
238505 2
233791 0
233803 2
233807 0
233809 0
233821 0
241866 2
242057 0
242066 0
045776 1
021844 0
131669 0
022338 2
269364 0
232592 2
232591 2
022341 0
279913 2
078291 2
057889 2
116786 0
026891 0
124325 0
000829 0
006202 0
256627 0
065952 2
059257 2
040149 1
044154 1
029074 2
077613 2
029387 2
057882 2
034760 1
030856 1
057700 2
233238 2
233237 2
239076 2
244454 2
244461 2
004595 1
233255 2
162298 0
067241 1
067255 1
162229 2
129692 1
151682 1
162228 0
064442 1
233790 2
232637 2
007605 2
012582 2
001143 0
232639 2
155000 2
099581 0
233808 1
099588 0
233802 2
002094 2
233806 2
099649 0
091902 0
066998 1
232604 0
088011 1
079578 2
131642 2
057711 1
241865 2
154998 2
034692 2
075722 1
051434 2
064453 0
131648 2
131591 2
012352 2
018482 2
128764 2
219498 2
064444 0
233820 2
046637 1
259246 0
028289 2
140353 0
131592 0
067489 1
131675 0
115278 2
057024 0
244411 0
067524 0
045183 0
273090 0
079747 0
024397 2
242056 2
000329 1
087542 1
054993 1
193705 2
200549 0
112037 2
070798 0
103972 0
196288 2
259332 2
281877 1
112328 0
100452 0
193830 0
231928 2
024385 2
003013 2
056799 0
265676 1
196289 2
219696 2
268459 2
111570 1
111582 0
166819 2
137951 0
086454 2
135572 1
111352 1
095524 0
268789 2
232880 2
242065 2
063289 0
128163 0
134229 2
281685 0
085269 1
245106 2
033174 2
085253 2
260840 0
260920 0
123030 0
257527 2
258330 2
231975 0
033297 0
288446 2
138596 2
138597 2
281696 0
086412 2
010348 0
122669 0
086411 0
128289 2
024283 2
169931 1
071412 0
104585 0
111470 2
087661 1
288779 2
084391 2
273144 0
188749 2
100461 0
263570 2
279271 2
279278 2
283799 0
283887 0
200740 2
263337 0
243900 2
111481 2
148262 1
131665 2
146479 0
189482 0
288557 2
024102 1
011270 0
193785 2
046221 1
192519 2
138728 0
279290 0
000920 0
288447 2
098353 0
140767 0
148193 0
099323 0
263571 2
046173 2
079715 0
076423 2
267185 0
197909 2
007443 2
243901 2
266988 2
131683 0
024101 1
062104 1
034554 2
023709 1
193792 0
267192 0
045549 2
186454 0
045100 0
155203 2
088523 2
046040 2
243883 2
000020 0
018392 0
138757 0
186292 0
140830 2
261227 2
148267 0
263376 2
148209 0
008778 0
009523 2
121982 2
132017 0
044661 0
036412 0
197921 2
008431 2
024044 1
257021 0
244882 0
023460 0
000972 0
141305 2
230390 0
155029 0
141536 2
142105 2
141326 0
200762 2
008359 2
200721 2
084929 2
087559 1
288780 2
088725 2
084237 2
084888 2
034546 2
088844 2
266991 2
267186 2
267193 2
267195 2
267198 2
084394 0
169983 0
024280 2
169984 0
076835 1
045545 0
233710 2
236253 2
116006 2
238506 2
239077 2
244455 2
244462 2
236157 2
087666 2
284669 2
063791 0
164644 2
260212 0
165053 0
083668 1
284681 2
223119 2
223135 2
284693 2
286657 2
286735 2
067746 0
067774 0
193790 0
093883 2
264514 2
264512 0
279127 2
279130 0
146336 2
264541 2
045373 0
244453 2
087725 2
144692 2
001159 2
244460 2
192001 0
000869 0
243925 0
280852 0
039544 2
017255 0
129623 0
090596 1
010034 0
030651 2
010555 0
045216 1
243674 0
110449 2
122371 2
263829 0
263575 0
122370 1
263828 0
263521 0
182755 0
259435 0
009401 0
110479 0
034179 1
010092 0
090622 2
087719 0
005390 2
110996 0
009596 2
093898 2
286734 0
197910 2
197922 2
200722 2
200763 2
095588 2
122390 0
159720 0
034377 0
158262 0
131054 0
287098 0
286656 2
094472 2
287092 0
257621 2
094243 1
067987 0
060220 2
287097 0
194782 2
131742 0
064174 2
262608 2
094539 1
027994 1
194784 0
042079 1
035810 0
065766 2
289576 0
289584 0
153500 0
092902 1
009521 2
121980 2
194785 2
044935 2
194805 0
100404 2
009522 2
121981 2
155661 2
092912 2
194814 2
064613 0
269445 0
284692 1
010042 0
008057 0
121453 0
050085 1
029255 0
176390 0
107832 0
045406 0
090743 0
064168 0
131029 2
121257 0
282665 2
022938 0
078405 0
284855 0
204642 0
282685 2
050081 2
262613 1
262625 1
262667 0
109983 0
022258 2
233805 0
095472 0
190201 2
244592 0
209943 2
094222 0
121921 0
093659 0
043603 0
067243 0
075064 0
011743 2
279270 2
062844 0
279277 0
094776 0
071138 0
168553 0
262717 2
065983 0
262687 2
263008 1
168883 0
262710 2
262712 2
263338 1
263377 1
262731 2
262732 2
170311 0
000912 2
286473 0
054600 1
273982 0
273984 0
050346 0
129930 2
085198 0
285088 2
273959 0
109969 0
096568 0
050611 2
242470 0
195970 0
230869 1
279717 0
045575 1
067614 2
152134 0
152473 2
132131 0
147844 0
200313 0
045573 0
067611 2
152502 0
131639 0
230855 0
067652 0
039559 1
045574 0
039522 0
055623 0
262679 0
277932 0
280498 0
258329 2
152488 0
257526 2
260081 0
148344 0
060265 2
259555 0
039498 1
233667 0
233317 2
035525 0
233307 2
079652 1
146709 0
131559 2
230868 0
131560 2
131561 2
131563 2
131562 2
024037 0
156019 2
235193 0
202323 2
017746 2
129277 2
122851 0
098621 1
244739 2
064617 1
202272 2
082415 0
076887 1
061187 0
227661 0
228605 0
260507 0
270839 0
264621 0
064616 0
064614 0
145988 0
202266 2
235389 2
032431 2
038777 0
228604 0
001858 2
032367 2
044904 0
194086 0
031850 0
286927 0
202305 0
235407 0
107840 2
107901 2
187116 0
219402 0
131555 0
244568 0
029055 0
000895 2
131605 0
154615 0
039473 0
058531 0
235504 2
192485 0
235539 2
273664 0
286368 2
133094 2
152491 0
289809 0
154684 0
022368 0
179523 0
262702 0
202304 0
126942 0
148809 0
064056 0
260082 0
177821 0
269350 2
130965 1
269351 2
170277 0
269373 0
130991 0
269376 2
260019 0
269400 0
269297 0
223118 0
164929 0
267194 0
078280 1
283798 0
227632 2
131647 0
227652 0
227669 0
084884 0
236112 2
078580 0
236135 0
111867 1
022317 2
066306 1
080336 0
022321 0
111785 0
061998 1
100581 2
066984 0
286901 0
233390 0
000870 2
066627 0
080832 0
154549 0
285006 0
022331 2
133065 0
067752 0
122553 0
157376 0
256858 0
027001 0
216287 0
126997 0
061005 2
101751 0
040977 2
066081 0
046497 0
065686 0
044793 0
227837 0
088552 1
027217 1
137118 0
037473 0
282759 0
091574 0
088179 1
133095 2
124631 0
264317 0
087543 0
211739 0
179244 0
050824 0
028010 0
076481 0
233499 0
063075 0
283164 1
061340 0
283178 2
283473 0
115096 0
287814 0
044807 0
267990 2
020313 0
022390 0
232861 0
087761 0
094752 1
066039 0
094848 0
081415 0
071174 0
011547 0
261191 0
253636 2
224042 0
253718 2
023821 2
060825 0
023719 0
090237 1
267487 0
164536 2
180188 0
164534 2
164532 0
257533 0
024870 0
070565 1
103738 1
035419 0
000971 0
089703 0
071024 1
104197 1
071019 0
104192 0
016895 0
071022 1
104195 1
071125 1
104298 1
016914 0
069732 0
102905 0
071102 0
104275 0
150439 2
131712 0
255681 2
064062 0
021842 0
269733 2
148026 0
130878 0
255622 0
255687 2
255698 2
255666 2
255719 0
255716 0
280454 0
155850 0
259959 2
267197 0
078236 0
199225 0
091075 0
000477 2
048495 0
006169 2
000300 2
008443 0
008626 2
002774 0
014299 0
013994 0
111865 0
160382 0
035856 0
284492 0
148211 0
199855 0
161074 0
182198 0
253496 2
226799 0
253562 2
257104 2
257188 1
227079 0
132112 0
256598 0
259993 2
138863 2
265466 2
097289 0
265469 1
265479 2
201097 2
282800 0
284999 2
285014 2
285016 2
227160 0
196008 0
210617 0
161099 0
064677 0
224696 0
065986 0
270786 0
270794 0
014253 0
151197 0
033781 2
064780 0
098161 2
064783 0
098180 0
098268 2
035351 2
033401 0
035296 2
035132 2
212341 0
008591 0
257027 0
272932 0
188919 0
178145 2
051520 0
177979 0
178140 0
052620 0
261131 0
273392 0
267196 0
094341 2
280659 0
094307 1
035779 0
141032 0
265629 0
253342 0
069638 1
102811 1
064508 0
058508 2
043771 0
029722 0
078776 1
059234 0
097738 0
130209 0
012244 0
035394 0
259574 0
007043 0
085236 0
119260 2
001025 0
119264 0
005062 0
005404 0
003997 2
013191 0
126397 0
131475 0
001303 0
048545 0
101871 0
285596 0
001451 0
260830 2
281861 0
260934 0
260960 0
119461 0
112291 0
272822 0
257740 0
138487 0
263111 0
064077 0
199091 0
066242 0
090745 0
095881 0
123830 0
024135 0
143413 0
067081 0
285015 0
008060 2
121460 2
009871 0
039458 1
101027 0
170182 2
008034 2
121430 2
066677 2
040018 0
066694 1
066857 2
066790 2
066758 2
066650 2
007982 2
121386 2
199797 2
033407 2
070910 1
104083 1
121454 0
096230 0
169947 1
064224 0
095673 0
169128 0
034432 2
098871 0
146426 0
096167 0
279242 2
279244 2
279292 2
143373 2
121372 2
094954 0
118865 0
039579 0
067655 0
062867 0
065227 0
014126 0
119574 0
279713 0
281192 0
279372 0
010775 2
195839 2
161190 0
182210 0
198402 2
198462 2
183337 2
265661 0
183892 0
227826 0
000813 2
256597 0
126175 2
127637 0
010350 0
220008 0
170026 2
258784 0
137592 0
283619 0
018094 0
224666 0
053746 2
233460 0
156876 2
126731 2
192247 2
093810 0
133084 1
109212 0
158414 0
133078 0
160011 0
017398 0
039431 0
152694 0
182649 0
011432 0
193242 0
113974 0
087680 0
222533 2
159719 2
109985 0
159703 0
159686 1
222554 2
174560 0
195635 1
285499 0
178147 0
139419 2
142378 0
140917 0
159247 0
140033 0
160373 0
161097 0
007834 0
174676 0
130412 0
224519 2
277296 0
224572 0
224677 0
224731 0
224736 0
130416 0
224583 0
124048 0
045492 1
244561 0
045450 0
082164 0
133111 1
183607 0
011352 0
258728 0
083184 0
062785 0
084918 0
000833 0
116483 0
155133 0
234223 0
121450 2
154589 2
010902 0
121451 2
121452 2
008058 0
121457 0
154582 0
153373 2
154579 1
143487 0
183599 0
191191 0
114844 0
127092 0
243678 0
132577 0
260811 0
057724 0
235195 0
131613 0
281821 0
200620 2
012042 0
255736 1
258806 0
255722 0
255675 1
