230317 0
264419 0
270985 0
194182 0
197669 0
263494 2
273164 0
263492 0
281830 0
123456 0
263493 0
271698 2
175936 0
271768 2
271350 2
271351 2
271355 2
271378 2
271834 2
256655 0
270273 2
270358 1
271894 2
272000 2
256415 2
256485 0
271895 2
274316 2
274514 2
274307 2
274519 2
271999 2
284745 2
284744 2
270423 2
271394 2
284746 2
271530 2
277364 2
236641 0
256411 2
274506 2
274509 2
286783 2
134015 0
162277 0
166832 2
271990 2
166675 2
166676 2
271988 2
288265 2
288310 2
271540 2
270264 2
162688 0
276990 2
056148 2
270435 2
288296 2
022838 2
272819 0
256419 0
286426 2
270532 0
270361 1
277278 2
271397 2
276146 2
270472 2
265074 1
276247 0
265062 0
166674 2
270922 2
068401 0
270533 0
276158 2
260984 0
265404 0
271388 2
271393 2
258098 0
286423 2
256422 0
264928 0
269253 2
269257 2
053259 2
176057 0
025657 2
273162 0
107802 0
054553 0
277146 2
134980 0
264920 2
289397 1
270933 2
273711 0
123464 0
123445 0
230810 0
018426 0
128816 0
265028 0
272820 0
270982 2
271367 2
289398 1
271283 2
271531 2
271542 2
271520 2
264921 0
243771 2
255783 2
272223 2
272219 2
276209 2
259937 2
282040 0
272220 2
272224 2
259941 1
277292 2
276113 0
282041 0
279587 2
277343 2
279601 2
279586 2
268971 2
277290 2
272169 2
272129 2
272128 2
268931 2
272001 2
270298 2
288485 2
288487 2
276084 0
282032 2
270299 2
288486 2
276138 2
288476 2
270142 2
270143 2
274253 0
075085 0
274254 0
269944 2
270625 2
055785 0
074588 1
244533 2
257612 2
252303 2
283650 1
256474 0
284823 1
087220 0
270999 0
276967 1
080104 0
276973 1
017639 1
281000 1
184875 2
283638 1
274438 0
283576 1
004718 2
118970 2
272403 0
283577 1
283635 1
080113 0
281670 1
283636 1
276020 1
068443 1
178151 0
274385 0
269795 2
257603 2
271087 2
236978 2
271242 2
271141 2
230289 0
236986 2
192599 0
264098 2
178613 0
281662 0
289276 0
270572 2
107758 0
230303 0
195574 0
067444 1
260562 2
270356 2
264099 2
264069 2
231427 0
022464 1
231185 0
289344 0
004588 2
288700 2
231276 0
279002 1
269943 0
178687 0
068420 1
275405 0
186268 0
286424 2
286427 2
271602 0
186246 0
259710 0
289273 0
259699 0
200650 0
067424 0
271050 0
269180 2
067356 1
231912 2
231913 2
231908 2
288698 2
231888 2
275280 0
275472 0
128524 0
275686 0
273448 0
281708 1
279053 0
068071 0
268961 0
231886 2
067338 0
271392 0
057113 0
155942 2
144136 0
264257 0
144138 0
256169 2
279962 1
281688 0
247415 0
257604 0
257613 2
256647 0
165343 2
082651 0
165345 2
179394 2
164033 0
284241 0
205891 0
151006 0
182335 0
162249 2
197155 0
165280 1
041895 2
041782 2
199701 0
192692 0
232390 0
194269 0
020292 1
159848 2
159790 2
192835 0
274677 0
154957 0
050270 0
192836 0
159864 2
175090 1
157136 2
133315 0
287750 0
157139 2
069958 0
103131 0
133325 0
017935 0
026175 2
173799 0
122273 2
144318 0
000401 1
012058 2
276230 0
276248 0
115721 0
130641 2
130647 2
130652 2
130658 2
130732 2
124412 2
011628 2
010258 2
130908 2
053288 2
011650 1
010320 2
179362 2
067693 0
012192 1
076767 1
055964 0
109622 0
179376 2
070228 2
103401 2
262911 0
098057 2
098058 2
017780 1
130868 2
016162 1
179396 2
241215 0
164103 0
164122 0
164129 0
236795 2
083072 0
256003 2
019438 2
054209 0
164141 0
287346 0
001495 2
117016 0
070191 2
103364 2
150757 0
276922 0
016962 1
054573 0
276956 0
255208 0
124435 2
256840 2
165277 0
067327 0
070192 2
103365 2
011466 2
005022 2
119401 2
014885 2
070479 2
103652 2
070538 2
103711 2
070452 2
103625 2
011907 1
069400 2
102573 2
070643 2
103816 2
070404 2
103577 2
077133 2
070628 2
103801 2
070540 2
103713 2
116218 2
053599 2
011829 2
017213 2
245012 2
043878 2
051153 2
101997 1
009142 0
054555 2
124338 2
130744 2
124286 2
001215 2
001225 2
001038 2
252746 2
130433 2
256272 0
016117 1
017410 2
129499 2
001172 2
035064 0
124461 0
069460 2
102633 2
054207 0
029037 0
256277 0
000361 2
001833 2
256320 0
014613 2
000100 1
035060 0
075408 2
029075 0
176821 0
052782 2
011906 0
005669 0
120278 0
015421 1
154345 0
176814 0
063747 0
123795 0
052957 2
068452 2
044652 2
064532 0
050144 0
045042 2
000637 2
056754 2
068433 1
044653 0
057287 2
050208 0
044541 0
056299 0
081074 2
044507 0
130945 2
044135 2
130104 0
044440 0
131844 0
130161 0
044010 2
077929 0
053077 0
017808 0
000268 2
011409 0
050419 2
130902 0
051558 2
088119 0
050321 2
067049 1
052333 0
000402 2
064941 1
088177 0
036530 1
009036 0
028912 0
182807 0
182480 0
064837 1
065849 1
003720 1
067814 0
179129 2
009526 0
023660 0
090215 2
014921 0
027015 0
003755 1
139097 0
026835 0
116236 1
119480 0
065970 0
135551 0
065967 0
116182 1
179119 2
178922 2
004067 1
133488 0
133489 0
068340 1
002586 2
136173 0
067932 2
020574 2
067004 1
169183 0
169184 0
067154 0
009470 0
066050 1
085169 0
098643 0
003574 1
006380 1
041785 0
088789 0
010279 1
260121 0
067124 0
252678 0
066139 0
003695 1
030891 0
041784 0
066835 1
134420 0
069011 2
065710 1
175112 0
066712 0
003572 1
119214 0
081943 0
119043 0
067533 0
023708 1
003473 0
023811 0
003435 2
014945 0
108535 0
046083 0
024602 0
074466 0
074495 0
049908 0
006194 1
004895 1
119230 1
116550 2
006419 1
116309 1
050847 0
003823 1
115621 0
119351 0
003667 1
003599 1
123029 0
003612 2
128623 0
117725 0
065082 0
123900 2
140424 0
003630 0
065494 0
115410 0
003573 0
131063 0
100907 0
089356 2
068864 0
003615 0
003614 2
099941 0
003672 0
003887 1
068732 0
003681 0
094840 0
008279 0
004062 1
005880 0
003625 2
003584 2
065139 0
065351 0
003576 0
149396 0
135444 0
004065 2
123145 0
079958 0
137175 0
079463 0
175035 2
046481 0
175018 2
017104 2
031324 2
071622 0
017108 2
031255 2
016155 1
016149 1
206357 0
002344 2
164859 0
048229 2
048223 2
048230 2
036314 0
013246 0
239275 0
137154 0
254308 0
002822 0
003432 0
030599 0
003613 0
153497 0
024647 0
230831 0
017673 0
048285 0
048308 0
048340 0
078150 0
149156 0
020090 2
020089 2
259109 2
020096 2
137385 0
259113 1
014920 0
252524 2
087274 0
251147 1
258102 1
241723 1
241724 1
241752 1
241712 1
241706 1
241849 1
241710 1
241722 1
241725 1
241693 1
234807 0
234829 0
234845 0
234853 0
234856 0
234858 0
234818 0
235826 0
235317 0
235039 0
259110 1
259114 1
235066 0
241601 1
241952 1
234738 0
236241 2
234994 0
241753 1
008338 0
076270 0
241789 1
094561 0
241928 0
115782 1
030964 1
013945 0
117757 1
030970 1
034987 0
031393 0
016676 2
032802 2
031220 0
138532 0
010272 2
057396 0
057053 0
163223 0
069794 2
102967 2
057352 0
065390 0
007915 2
127674 0
115664 1
138534 0
243452 0
069838 2
103011 2
219969 2
020179 0
127680 0
164102 0
075680 0
072857 0
106030 0
069142 0
004460 1
118649 1
266273 0
034789 0
115761 1
023466 0
116011 2
068375 0
190852 0
066144 0
109788 0
267213 0
235335 0
119216 0
162308 2
077773 0
162306 2
174989 1
027024 0
174988 1
174979 0
237654 0
250638 0
054427 0
114848 1
114852 1
275071 0
004899 0
264363 2
163746 0
264318 2
004107 0
004108 1
118221 1
118188 1
003886 0
185804 0
043363 2
123847 2
117922 0
030988 0
010189 0
122503 0
036449 0
015108 0
156945 0
098675 0
020543 0
261892 2
109308 0
261891 2
115411 0
228942 0
215184 0
154175 0
162772 0
112875 0
053488 0
285546 0
045710 0
167309 0
264930 0
168246 0
088089 2
008742 0
053483 0
111899 2
098568 0
111911 2
111905 2
111941 0
112180 0
112262 0
039879 2
008615 0
040407 2
040330 0
028506 0
001497 0
046387 2
030666 0
046392 0
044725 0
285296 0
124200 0
066542 0
225781 0
068324 0
289578 0
033834 0
135662 0
201997 0
191902 0
068603 0
025683 2
100938 1
164675 0
025696 0
007755 0
008448 0
007849 1
019681 0
120209 0
172931 0
107852 0
003439 0
262723 0
074957 0
111376 0
035375 0
237036 0
141423 0
006403 1
061722 0
075410 0
284538 0
006265 0
034742 0
050636 0
222277 2
044167 0
221928 2
221541 2
220252 2
