145072 2
168530 1
192073 2
099728 1
147702 2
177674 2
177735 2
177759 2
177758 0
258702 2
177734 0
037176 2
037318 2
149718 1
168527 2
272064 0
272091 0
272055 0
037251 2
163379 2
259343 2
193164 2
041935 2
165771 2
153984 2
150011 2
153966 1
152884 2
237588 2
152890 1
152896 1
035590 1
285272 2
285269 2
285261 2
285277 2
150029 2
100742 2
152075 2
145863 2
100768 2
267475 0
150019 2
208884 2
003080 0
150037 2
268368 2
261223 2
150031 2
285262 2
285270 2
285273 2
285278 2
137999 1
139511 2
150563 2
034925 2
265185 2
035139 2
190408 1
177673 1
002465 1
150026 2
258910 0
259221 2
151207 2
287875 2
034924 2
263670 1
226019 2
267191 1
277939 1
268383 2
277942 2
256706 0
256709 0
213033 2
028140 0
043037 1
266837 2
159282 2
002820 0
147414 1
019912 2
266856 2
038707 2
280341 1
044717 1
235287 2
267298 0
026915 2
235248 2
038385 0
235250 2
256705 2
288132 2
128777 2
150921 2
233010 2
044705 1
231649 0
235256 2
038490 0
280360 2
182906 0
256708 2
197263 0
270198 2
223047 0
242262 0
233026 2
231650 0
242265 0
263662 1
018475 2
