187227 1
193625 1
169673 1
193621 0
071706 1
104879 1
021587 2
193636 1
007938 2
121351 2
171128 2
256381 2
080444 1
169687 2
169674 2
039138 1
193637 1
081232 2
173343 2
152720 2
193638 1
123391 2
249427 1
176990 2
222522 0
183372 2
176986 2
173852 1
222529 0
193746 2
011314 1
176984 2
187653 0
220212 1
006838 0
089470 2
223202 0
176686 2
064777 0
176636 2
127090 0
007401 0
176981 2
067099 0
078716 0
067093 2
176971 2
144269 2
176972 2
152851 1
176780 2
064929 0
177912 1
176980 2
179479 2
176649 2
121978 0
177070 2
066802 2
019973 2
177013 2
066524 2
179472 2
099605 2
160074 2
279180 2
289368 2
030649 0
030631 0
178513 1
152990 0
118773 0
155338 2
160046 2
047985 0
011048 2
210816 2
175367 1
188246 0
173419 0
030620 0
210827 2
210842 2
228395 0
068481 0
030613 0
152824 1
004570 0
118774 0
030552 0
031128 0
193671 0
192796 2
152833 1
184311 2
184304 2
130885 2
107719 2
130899 2
130846 2
191253 2
130847 2
130886 2
130900 2
218213 2
011899 2
218222 1
199294 1
199330 2
152261 0
199391 2
160565 0
177449 2
082974 2
267917 0
148562 0
267911 0
187344 0
151379 2
242648 0
151304 2
178464 0
242782 0
178322 0
175614 0
178458 0
178331 0
178101 0
151291 2
255080 1
178332 0
255056 2
191910 0
016859 0
255021 0
016824 0
254963 0
177196 2
182578 0
201558 0
114210 0
179268 1
169978 0
025268 0
060448 0
000882 2
152225 0
087216 0
124768 0
000010 0
221504 0
052192 0
015637 0
153638 0
243930 0
167607 0
224670 0
231942 0
199396 0
102079 1
230067 0
102113 1
102027 0
102115 1
102155 1
099971 0
099977 0
102074 0
161091 0
221523 0
157787 0
007261 0
120333 1
120293 0
288636 0
011384 2
