151975 1
151970 1
039553 0
227899 1
089061 0
130622 1
089060 1
195548 1
000416 0
023634 0
224581 1
227906 1
000034 0
017925 0
131417 1
068098 1
113429 0
202158 2
264450 0
131710 1
077040 1
040248 0
019024 1
125217 1
008658 0
191765 1
264966 1
163710 1
126899 1
019049 1
211219 1
192383 0
117779 1
068097 1
009185 0
194911 1
131991 1
122735 1
068042 1
010035 1
126986 1
280349 1
011766 1
122835 0
122837 1
118117 1
004286 1
132649 1
079720 1
117670 1
006069 1
239801 1
019044 1
186153 1
150616 1
153092 1
068068 1
170341 1
170342 1
125215 1
163706 1
239926 1
240106 1
240178 1
240193 1
221910 0
124845 1
176005 1
127130 1
101432 1
142967 1
156429 1
133523 0
150646 1
014868 0
123258 0
011914 1
238718 1
123163 0
019052 1
069102 1
102275 1
143096 1
143097 1
193896 1
113498 0
170724 1
170725 1
175921 1
124686 1
170684 1
153547 1
006944 1
120565 1
079728 1
193884 1
193879 1
143114 1
018506 1
011435 0
031676 1
170685 1
170686 1
063835 1
157840 0
040622 1
195033 1
171862 1
196481 1
263622 1
126917 1
193883 1
001618 1
012616 1
108531 1
194990 1
124511 1
190942 1
153304 1
124789 1
289135 1
149049 0
125163 1
025466 1
210559 1
128998 1
265548 2
011219 1
134155 0
002786 1
170418 1
170419 1
000862 1
123164 0
035076 1
228038 1
196485 1
037816 0
133845 1
018784 1
018304 1
128899 1
153089 1
153168 1
153157 1
008246 1
134010 1
153027 1
169760 1
169761 1
267006 1
013183 1
210967 1
265549 2
263513 1
242134 1
152259 1
157978 2
234430 1
265448 0
160269 0
010435 1
225924 1
141905 0
091687 1
271972 1
265829 0
193361 1
018321 1
021475 1
181887 0
141961 1
177036 1
126442 1
017805 1
235384 0
155778 1
126888 1
035051 1
025423 1
000921 1
191062 1
157982 2
061379 1
081738 1
153071 1
126281 1
011192 1
263623 1
170340 1
153181 1
161302 1
019060 1
176822 1
234791 1
110631 1
195428 0
195429 0
144806 1
159029 1
167069 1
263604 1
144752 1
242110 1
124706 1
013938 1
144789 1
182764 1
080057 0
134263 1
153244 1
181897 0
030505 1
146633 1
012256 0
153180 1
134184 1
153072 1
169333 1
169334 1
181886 0
144197 0
217295 0
278635 1
176694 1
011855 1
268346 1
066541 1
144513 0
016629 1
223420 1
182729 1
190842 1
125141 1
169676 1
011861 1
221922 1
063425 1
134292 1
144000 0
061100 0
153455 1
169151 1
262401 0
123303 0
157425 1
157426 1
146415 0
063855 1
076275 1
065220 1
190527 1
170172 1
170173 1
092577 0
195469 0
034089 0
194080 1
199411 1
069827 1
103000 1
065211 1
169172 1
231278 1
182728 1
239744 1
223477 1
262539 0
159026 1
267083 1
190565 1
154697 1
225923 1
013947 0
231767 1
081685 0
177032 0
124761 0
128640 1
177083 1
215009 0
110823 1
017558 0
163719 1
136117 1
141987 1
264978 1
155696 1
159023 1
159020 1
084068 0
216531 0
039052 0
182896 1
217910 0
253833 0
238726 1
153241 1
096996 0
240286 1
163957 1
061381 1
148190 1
015035 0
142411 1
116797 1
054705 2
238940 1
181795 0
189913 1
239746 1
079982 0
191220 1
002292 1
136186 1
159008 1
271994 0
020301 0
023751 0
171922 1
269597 1
080051 0
048841 0
124971 1
013741 0
171991 1
160320 1
235683 1
186612 0
176831 1
160020 1
144616 0
123155 0
157060 1
171670 1
181831 0
083939 0
252664 1
252756 1
252760 1
002499 0
078326 1
013669 0
069816 1
102989 1
240290 1
010958 0
229437 1
144063 0
042779 0
163921 1
161268 1
052900 0
186620 0
162100 0
170410 1
156544 2
148191 1
011167 0
144959 0
036429 0
136118 1
069602 1
102775 1
075940 1
240291 1
029147 0
010877 0
010918 0
126894 1
153158 1
153169 1
239496 1
048868 0
232888 0
191303 1
236489 0
229918 1
229950 1
124660 1
210422 1
100831 0
177343 0
034291 0
003963 1
160319 0
040613 0
023625 0
116991 1
089148 1
124970 1
182699 1
163938 1
076014 1
228124 0
126482 1
038946 0
124862 1
193843 1
163705 1
033275 1
155969 1
265501 0
236554 0
029472 0
124968 1
097290 0
151919 1
187191 0
081684 1
126292 1
230778 1
265499 0
201754 0
126900 1
232897 0
176692 1
150546 1
190166 1
199442 1
158729 0
271872 1
033104 0
163503 0
119734 1
013626 0
015815 0
172094 1
167299 1
149770 0
240300 1
016644 1
219886 1
176690 1
256300 1
186876 0
155755 2
040667 0
161283 1
144409 0
148196 1
153488 1
155452 1
170171 1
010921 0
011149 0
190105 1
177145 0
100193 1
170012 1
197330 1
098099 1
062718 0
092115 0
148197 1
153225 0
153226 0
182955 0
079964 0
186445 0
156917 1
272283 1
037803 0
169265 1
169492 1
169493 1
169494 1
240318 1
189915 1
242067 1
240317 1
160294 1
123357 1
042534 0
125112 0
202344 1
272306 1
155890 0
029470 0
185844 0
271860 1
065277 1
278972 1
037695 0
169002 1
124492 1
153176 0
037715 0
037718 0
125041 1
155725 1
185915 0
144167 0
188442 0
023741 0
076100 1
020300 0
160014 1
208462 0
130045 1
181584 0
140732 0
163145 1
158874 1
069751 1
102924 1
033352 1
228126 0
185796 1
013758 0
020519 0
262520 0
183133 0
187631 0
001613 1
153028 1
054618 1
180861 0
133564 0
229431 1
000618 1
148198 1
207674 1
177332 0
262557 0
262562 0
262564 0
262722 0
123156 0
219454 1
128111 1
155540 1
144244 0
079569 0
123236 0
040064 0
126183 0
154544 1
098149 1
097993 0
100420 1
081268 1
159781 0
045136 1
181692 0
181796 0
125192 1
029469 0
269578 2
269692 1
258684 1
169485 1
269705 1
258700 1
258706 1
259550 1
100509 1
169488 1
242111 1
242135 1
032430 1
032422 1
242084 1
242092 1
238942 1
238727 1
168804 1
153515 1
271971 1
175685 1
124860 1
175589 0
125005 1
159981 1
156575 1
175588 1
136039 1
090968 1
063850 1
192125 1
128133 1
236702 1
134964 1
190903 2
185880 1
242133 1
169049 1
185855 1
191972 1
001449 1
154560 1
018174 1
128981 1
134983 1
118945 1
163213 1
169131 2
169132 2
070644 1
103817 1
118960 1
176264 1
136041 1
088936 1
098957 1
124987 1
192126 1
153577 1
197748 1
270927 1
078254 1
199458 1
175770 1
176638 1
182492 0
191227 1
190683 1
156574 2
199482 1
138540 1
182499 0
137971 1
239089 1
182703 0
137998 1
012665 1
199483 1
033344 1
006475 0
029341 0
137940 1
199558 1
013603 1
088987 1
039349 0
137972 1
064817 1
018779 0
132641 1
027092 1
111425 1
140607 1
029324 0
131478 1
219892 1
142097 1
178234 0
153513 1
163141 1
164167 1
219907 1
156941 1
142068 1
180125 1
117429 1
197869 1
167842 1
176934 1
140608 1
014825 1
131491 1
178394 0
153529 1
117614 1
169864 0
199502 1
178239 0
081210 0
124510 1
167914 1
167915 1
131386 0
064820 1
197871 1
127607 1
287670 1
178406 0
181444 0
239548 2
188320 1
169924 0
169925 0
081551 1
181902 0
043957 1
219606 0
242258 1
018629 1
128686 1
219852 1
039508 0
117616 1
122874 1
012612 1
266094 1
000635 1
071541 0
104714 0
128693 1
237242 1
109293 0
071525 0
104698 0
161392 0
242903 1
108839 0
131538 1
286794 1
159039 1
002369 1
001480 1
109299 0
188649 0
176689 1
158944 1
266110 1
234620 1
181392 0
286815 1
163902 1
161271 1
289357 1
203475 1
180128 1
289654 1
159114 1
160472 1
269683 1
176820 1
242930 1
164704 1
125195 1
117928 1
006335 1
286836 1
017728 0
129294 0
007684 0
121125 0
176819 1
161395 0
153396 1
204289 1
204300 1
004201 1
191146 1
163689 1
151330 1
160827 1
044058 1
133731 0
154598 0
066443 2
131711 1
176787 1
163637 1
009081 0
121588 0
180126 1
158921 1
117945 0
002787 1
011905 1
191007 1
289627 1
017727 0
129295 0
220910 1
289264 1
287677 1
065728 0
123356 1
128475 1
133844 1
128616 1
121587 0
033398 0
271867 1
143645 2
178077 0
071557 0
104730 0
137160 0
033422 0
069402 1
102575 1
161164 1
157088 0
087387 0
255914 1
255941 1
190091 1
087424 1
152487 0
178146 0
152452 0
159042 1
160868 1
179911 1
179912 1
090619 1
170304 1
160386 0
236703 1
129654 1
137169 0
005288 1
158876 1
159010 1
178149 0
016557 1
269467 1
163514 1
017296 1
129598 1
255850 1
205553 1
238824 1
133846 1
121466 0
125196 1
035270 0
129616 1
163495 1
003477 1
181918 0
255615 0
169883 1
048912 0
018509 1
202826 1
199499 1
169285 1
200641 1
007380 1
258967 0
063851 1
130560 1
285882 1
202902 1
168333 0
029397 0
232048 1
219455 1
000537 0
046422 0
160899 1
269600 1
000482 0
121470 0
158200 1
123161 1
181014 1
008083 0
121471 0
121448 0
135220 1
239024 0
053688 1
163701 1
102200 0
034151 0
233511 0
121774 0
009288 1
121775 1
050051 0
004882 0
063956 0
018022 0
129093 0
029399 0
128615 1
129653 1
159022 0
159025 0
179722 1
196390 1
139313 1
158207 1
255824 1
223776 1
011986 1
122877 1
008802 1
200642 1
169343 1
169344 1
289617 1
200643 1
001466 1
008909 1
278634 1
012613 1
123010 1
109086 1
287892 1
269357 1
167578 0
077049 1
196503 1
117316 0
185800 0
185848 0
002304 1
014196 1
100958 1
224459 1
167486 1
117315 1
014200 1
146881 0
070745 1
103918 1
197340 1
001498 1
275358 1
167490 1
167491 1
238941 1
190998 1
170274 1
009517 1
019724 1
147385 1
185972 1
195744 2
041084 0
196226 1
195939 1
076113 1
185981 1
136337 0
126890 1
255808 1
272715 0
236330 1
070670 1
103843 1
147384 1
143646 1
280430 1
255790 1
124604 1
195872 1
035479 1
075844 1
255879 1
152962 0
152981 0
209950 1
110105 1
164126 1
158122 1
158283 1
255767 1
272723 0
136327 0
127472 1
003786 0
143731 1
082468 1
251872 1
085843 1
043921 1
195948 1
176769 1
176770 1
089167 1
012260 0
202975 1
139344 2
013410 1
002859 1
129750 0
139361 1
176758 1
010857 1
185984 1
181993 0
127471 1
163003 1
256091 1
204168 1
196218 1
136572 0
018578 1
275351 1
236319 1
251813 1
164823 1
203116 1
238609 1
202976 1
110022 1
112251 1
112250 1
003605 0
181986 0
060302 2
238089 1
153394 1
068343 1
001753 0
278967 1
177040 1
236265 1
141966 1
143649 1
005887 0
136438 1
128641 1
231895 0
099124 0
001271 0
288077 1
269316 1
112384 1
027201 0
153399 1
014143 1
015206 1
125541 1
127382 1
170473 1
170474 1
202649 2
231904 0
014666 1
191665 1
127028 1
180468 0
179696 1
136428 1
258894 0
258949 0
141969 0
196370 1
129974 1
152011 1
264823 1
126350 0
262747 1
239059 1
123202 0
019042 1
188785 0
036367 1
036409 1
221221 1
166595 1
112388 1
110083 1
038315 0
241065 0
124180 1
132521 1
068310 1
003141 1
066956 1
236278 1
238093 1
154896 0
019708 1
069700 1
102873 1
170463 1
088628 1
209387 1
012018 1
143944 1
081318 1
110941 1
166772 1
166773 1
126797 1
191599 1
149357 0
085205 1
112391 1
012992 1
017268 0
128571 0
128620 0
128622 0
128653 0
128655 0
128659 0
156551 1
042610 0
132502 1
195886 1
011481 1
122749 1
181452 1
221240 1
036381 0
238108 1
171375 1
126272 1
153406 1
042606 0
167206 0
193720 0
132534 1
161933 1
171374 1
002099 0
008280 1
162687 1
150562 1
128216 0
050193 1
171373 1
126777 1
238728 1
186048 1
017582 1
142362 0
177602 1
242901 1
174990 1
011993 0
142305 0
110066 0
110951 1
164944 2
281167 1
126447 1
042627 0
108142 0
258385 1
069367 1
102540 1
238943 0
235163 1
289774 0
290045 0
290051 0
290099 0
185612 1
242905 1
164802 1
145908 1
128167 0
259981 0
079611 0
090807 0
115276 0
142284 0
220479 1
171852 0
043435 0
043436 0
164761 1
126407 1
238103 1
220481 1
013266 1
010837 1
035723 1
143888 1
088778 1
152908 1
007459 1
035725 1
195726 1
195728 1
195737 1
195739 1
195803 1
195806 1
195815 1
195817 1
195830 1
195870 1
195933 1
256823 1
258341 1
230775 1
157605 0
157606 0
157607 0
157608 0
157609 0
157610 0
157611 0
157612 0
157613 0
157614 0
157615 0
157616 0
157617 0
157618 0
157619 0
157620 0
035690 1
035482 0
256831 1
281777 1
150547 1
196425 1
034379 0
196411 1
019766 1
278898 1
018531 0
131203 1
002444 1
196549 1
176382 1
174954 1
141646 1
247365 1
246794 1
089168 1
269317 1
069468 0
102641 0
195901 1
018219 0
128950 0
128992 0
129645 0
187493 1
179916 0
176415 1
262751 0
262837 0
156204 1
185887 1
089472 1
195907 1
131445 1
286551 1
284620 0
056339 0
003986 0
275973 0
165256 1
180048 1
111647 1
000031 1
127126 1
148134 0
089955 1
166907 0
016593 0
111642 1
187504 1
087885 1
281698 0
188445 1
007767 0
153466 1
147375 0
190603 1
190965 1
179915 0
184615 1
051575 0
008740 1
144907 0
110822 1
276015 0
111635 1
032661 0
156276 1
165254 1
169329 1
169330 1
015270 0
081810 0
177601 1
167931 0
167932 0
126962 1
110757 1
241505 0
148906 1
268246 0
268295 0
146218 1
070522 0
103695 0
111471 1
190901 1
195727 1
135104 0
163805 1
110752 1
167126 0
111476 1
148120 0
037806 0
289368 1
195932 1
060805 0
089674 1
044550 0
001598 0
256895 0
155981 1
091267 0
225084 1
167879 0
167880 0
169123 1
191540 1
109804 1
010370 1
011252 1
076770 1
127076 0
200504 0
153504 1
110783 1
248167 1
035726 1
030835 0
035703 1
009885 1
093936 0
271713 0
191496 1
201105 0
289377 0
169073 1
169074 1
007779 0
191515 1
099846 0
276527 0
094124 0
124690 1
082200 0
007207 0
120767 0
276413 0
178651 1
110734 1
133843 1
195816 1
271934 1
082150 0
195829 1
217696 1
063480 0
155111 0
163791 1
175704 0
074592 0
268023 0
255433 0
289374 0
030606 0
195802 1
195805 1
178625 1
195725 1
178591 1
195814 1
178586 1
110739 1
111323 1
111393 1
195869 1
195736 1
195738 1
111473 1
111401 1
111478 0
111860 0
111299 1
110848 1
156283 1
111029 1
111024 1
111634 1
111047 1
156034 1
111631 1
133842 1
076393 1
163790 1
190896 1
152134 0
178270 1
076392 1
169300 0
111289 1
111415 0
111398 0
271963 1
087905 1
002795 1
193997 1
087906 1
112253 1
076345 1
193983 1
076228 1
111238 0
225078 1
111239 0
035722 1
111240 0
108032 0
112927 0
131951 0
131952 0
108035 0
013747 1
186729 0
193732 1
114323 0
186730 1
226269 0
090612 1
180002 1
179767 1
193832 1
285247 0
234048 0
110984 0
015745 1
269462 1
269472 1
090620 1
110986 0
111075 0
234051 0
026907 1
090631 1
131581 0
192571 0
229762 1
058341 1
012873 0
179780 1
076662 0
111043 0
035693 1
285246 0
168875 0
127775 0
127726 0
122460 1
116653 0
170239 0
280589 1
176414 0
183965 0
229852 1
269471 1
203160 0
203172 0
075911 2
203175 0
075863 1
075872 1
269461 1
269423 1
269554 1
269534 1
122485 1
152974 1
053290 0
019616 0
019363 0
019587 0
019633 0
158665 0
027082 0
153582 1
153581 1
122461 0
108573 1
089471 1
107879 1
169376 0
169377 0
163019 0
183971 1
021376 0
231662 1
257969 0
071412 0
104585 0
016530 1
071492 1
104665 1
231660 1
191825 0
233728 1
154231 1
270122 1
019365 0
231430 0
231658 2
010179 1
122487 1
210279 0
191976 1
160458 0
231390 0
159765 1
270125 1
125013 1
139778 0
162989 0
273579 0
242942 0
012810 0
155593 1
167038 0
167039 0
243655 1
191399 0
231373 0
191341 0
119018 0
108619 1
108620 1
108753 1
154178 1
124965 1
108700 1
108786 1
108844 1
108813 1
108872 1
155548 1
108794 1
155322 1
082123 1
155230 1
155219 1
148350 1
155224 1
233767 1
233768 1
242979 1
048321 1
155216 1
077034 0
048293 1
188625 0
154494 1
145483 1
189322 0
256813 1
204312 0
241767 1
185661 1
185659 0
111312 0
145486 1
268425 0
012377 0
188627 0
081359 1
008544 0
270325 1
213230 0
270334 1
152988 0
236212 1
191572 1
170398 1
170399 1
186680 0
238953 0
152987 0
068688 1
185320 1
270315 1
137476 0
145480 1
185666 0
018323 0
128894 0
099966 0
020739 1
001377 0
129032 2
285696 1
085164 0
016618 1
086478 1
197477 0
156155 1
253078 1
146742 0
242279 0
242113 0
059072 0
001237 1
238273 0
020975 1
180055 0
098556 0
253246 1
093371 0
281105 1
258726 0
200973 1
025781 0
060320 0
238719 0
194955 1
137213 1
281950 0
247289 0
242253 0
253245 1
254408 1
255046 1
170375 1
236195 1
068669 0
281109 1
020946 1
020948 1
081336 1
081146 1
129028 1
148070 1
156170 1
156171 1
018123 1
129027 1
201082 1
286005 1
020732 1
016586 1
130961 1
132030 1
151152 1
191570 1
191565 1
262474 0
185243 1
002068 0
130929 1
232212 1
007414 0
120931 0
098563 0
026641 0
131858 1
151166 1
056270 0
152864 1
152863 1
155853 1
151172 1
232246 1
017791 0
033747 1
214214 0
067764 0
098617 0
068618 0
012707 1
277007 1
026347 0
160977 1
192166 0
254023 0
254027 0
002563 0
038967 0
005600 0
120196 0
276908 1
085876 0
254008 0
151864 1
000715 0
151186 1
157504 1
157505 1
157503 1
168656 1
168657 1
157495 1
157496 1
168597 1
168598 1
157433 1
154114 0
157341 1
008511 1
225192 0
156760 1
131869 1
032949 0
225203 0
108469 0
087701 1
199391 0
225213 0
009693 0
199294 0
025526 0
071688 1
104861 1
019392 0
155837 0
199330 0
032957 0
225226 0
233979 0
131866 1
211276 1
172739 0
211278 1
152111 1
182326 0
152106 1
018774 1
211329 0
016704 0
024030 0
109524 0
124002 0
008502 1
179515 0
116960 1
116515 2
157062 1
190294 0
161857 1
192479 1
013185 0
262601 0
039842 0
190302 0
276877 0
276886 0
138897 1
109522 0
139939 1
155539 1
161859 1
101370 0
139905 0
081333 0
101718 0
159028 0
159031 0
191104 1
205983 0
264960 1
205950 0
002566 1
138847 1
138788 1
138858 1
129003 0
129006 0
184616 1
018585 0
128714 0
281292 0
150379 0
273009 0
243761 1
148024 0
006568 1
243741 1
024340 0
195075 0
252518 0
222793 0
222990 0
081291 0
284442 1
116919 0
114588 1
132496 1
132483 1
115606 0
114563 1
114589 1
114593 1
155324 0
155311 0
191975 1
039019 0
228813 0
187912 0
190479 0
228777 0
124957 0
192134 1
011047 1
133517 1
262597 0
031047 0
159413 0
155555 0
155556 0
064337 0
177871 1
069392 1
102565 1
226534 0
266075 0
069340 1
102513 1
002611 1
273931 0
161033 0
098034 1
286711 0
098004 1
254539 0
279479 0
117966 0
191836 1
193562 1
193558 1
017741 0
193359 0
165406 0
040661 1
255747 0
254580 0
172841 1
181297 0
254606 0
286638 0
286721 0
286726 0
193566 1
193599 1
172908 1
172844 1
197066 1
197067 1
