088377 0
286395 2
286399 2
285887 2
089355 1
285767 2
089341 1
130439 0
285768 2
088766 1
285815 2
285825 2
089330 1
285899 2
088750 1
090603 1
090592 1
036686 0
286396 2
286400 2
286386 2
005506 2
120088 2
254384 0
067108 0
066712 0
120068 2
120069 2
093922 2
120058 2
286382 2
210650 0
176167 0
194608 0
093953 2
135034 0
113487 0
284253 0
225402 0
275379 0
211804 0
220564 0
046234 0
243747 1
222631 0
243744 2
283888 0
093977 2
088385 2
093928 2
088379 2
094023 2
093930 2
088397 2
088383 2
088407 2
088417 2
088415 2
075013 2
074993 2
005772 2
120387 2
251742 0
244661 0
077611 2
096701 1
010889 0
096698 1
244667 0
287266 0
147926 0
009419 1
121877 1
270538 0
238875 0
285464 0
147168 1
131687 2
244665 0
005643 2
126596 1
203620 0
085625 0
251511 0
093987 0
077733 0
115383 1
254256 0
244768 0
089356 0
131709 1
081504 1
090100 2
090190 2
098568 1
075680 0
075738 2
075686 0
087683 0
185897 0
072242 0
105415 0
034684 0
098542 1
098901 0
017960 0
009912 2
122256 2
002046 0
052026 0
052029 0
184801 0
288803 0
095887 0
075101 0
090405 0
053401 0
075340 0
142436 0
114976 1
117973 0
095197 1
080312 0
138058 1
116392 1
116727 1
223983 1
058162 0
224168 1
116349 1
180663 1
004768 0
114877 0
047488 0
040024 0
121883 0
115378 0
064937 0
013253 0
192708 0
062859 0
067823 0
077133 0
255012 0
060962 0
147412 0
071308 0
116966 0
220439 0
134512 0
096621 0
069189 0
247680 0
116601 0
100939 0
212163 0
117334 0
004790 0
185204 0
048133 0
164174 0
275523 0
010412 0
070428 0
114112 0
127190 1
077598 0
127193 0
127206 0
033229 0
063339 0
231238 0
015438 0
287162 0
089673 0
288798 0
095891 0
008054 1
097706 1
244767 0
097747 1
097632 0
007607 0
117386 0
007247 0
100948 0
009422 0
112560 0
055514 0
021706 0
071243 0
026875 0
093762 0
043260 0
009706 0
040008 0
044350 0
111749 0
079226 0
065177 0
096129 0
001243 0
068759 0
057286 0
050368 0
076602 0
290010 0
118904 0
142237 0
100555 0
214312 0
137371 0
044497 0
121897 0
197585 0
114974 0
077750 0
135139 0
238420 0
088036 0
070878 0
004691 0
011349 0
096005 0
000328 0
175958 0
083618 0
077460 0
211796 0
276190 0
018972 0
115344 0
253706 0
072122 0
147167 0
020426 0
097803 0
112513 0
193204 0
110778 0
074777 0
100183 0
099412 0
250772 2
035202 0
250787 2
283224 0
252231 0
036995 0
007163 1
117974 0
118721 0
095224 0
118891 0
113301 0
261876 2
077591 0
058089 0
186956 0
124072 0
288067 0
118758 0
082466 0
035199 0
028324 0
089502 0
041694 0
088968 0
271177 0
149156 0
225360 0
233923 0
140040 0
238528 0
226002 0
133458 0
217215 0
102362 0
069333 0
096066 0
193794 0
285615 0
031737 0
081159 0
046184 0
255177 0
177436 0
071589 0
015236 0
279497 0
270009 0
116196 0
165597 0
029256 0
183443 0
075834 0
063730 0
267779 0
078768 0
252508 0
282003 0
137358 0
004425 0
100004 2
211625 0
099395 0
095242 0
096308 0
171054 0
244316 0
063196 0
039660 0
096305 0
272888 0
114878 0
145016 0
284766 0
147413 0
136911 0
029425 0
276374 0
104481 0
127710 0
045424 0
024985 0
281602 0
059778 0
216680 0
115352 0
004681 0
219308 0
248099 0
062852 0
184802 0
065445 0
279973 0
188151 0
151118 0
135190 0
254385 0
108270 0
101862 0
244485 0
288794 0
081378 0
026853 0
176602 0
139072 0
108724 0
019394 0
120001 0
081708 0
051912 0
074805 0
068373 1
251192 0
104416 0
039979 0
059513 0
094513 0
095049 0
273492 0
076636 0
065150 0
044481 0
052462 0
048134 0
266856 0
094117 0
040552 0
101372 0
146569 0
055369 0
259525 0
156723 1
080781 0
090597 0
157709 0
008384 0
269965 0
089588 0
066871 0
069400 0
140226 0
033265 0
211609 0
039469 0
176866 0
075638 0
052318 0
107749 0
005496 0
098453 0
113794 0
095192 0
033233 0
084979 0
061629 0
251162 0
164166 0
048282 0
027207 0
114885 0
107853 0
275718 0
039939 0
254450 0
225550 0
076160 0
282704 0
098454 0
032980 0
186023 0
103601 0
040044 0
243895 2
243890 2
085759 0
244389 0
244175 1
093911 0
244174 1
244147 0
234918 0
283916 0
235586 0
276238 0
244148 0
263094 0
227522 0
270191 0
231175 0
099679 0
281820 0
181295 0
284137 0
253743 0
075106 0
281842 0
116979 0
050445 0
167911 0
206301 0
058058 0
089425 0
188734 0
093945 0
250677 0
182743 0
043922 0
265952 0
182269 0
236191 0
110029 0
087868 0
126163 0
288805 0
087523 0
120787 0
232618 0
173186 0
187615 0
174412 1
180796 0
177264 0
240248 0
224284 0
284783 1
193634 0
284784 0
192227 0
257285 0
007849 0
217884 0
237012 0
083415 0
163611 0
174745 0
223675 0
237204 0
070610 1
