286272 1
286617 2
286273 1
286285 1
286284 1
097341 2
097347 2
007096 2
259908 2
191743 1
123257 2
259912 2
191730 1
062515 2
283455 0
050290 1
071465 2
104638 2
014728 2
050400 1
028881 1
053689 1
076332 0
020104 0
123149 2
054314 1
099178 2
046800 1
040656 0
283512 0
274466 2
285938 2
037965 0
037966 0
037975 0
037967 0
054363 1
191846 2
037963 0
037983 0
053972 1
029086 1
099213 2
286004 2
039289 1
191800 2
025164 1
048687 1
037984 0
037990 0
037964 0
288789 2
288012 2
079832 1
046890 1
053928 1
050674 1
053211 1
054399 0
189150 1
037976 0
283631 0
053469 1
037978 0
050595 1
037969 0
039287 1
037989 0
050515 1
053210 1
205591 0
037981 0
053100 1
053149 1
053532 1
053180 1
050567 1
029463 1
050487 1
053147 1
198391 0
037982 0
200887 0
029466 1
288786 0
085069 1
053300 1
112891 1
269309 0
099552 0
178283 1
037979 0
037962 0
037988 0
050557 1
037986 0
037991 0
054303 1
037985 0
037987 0
037980 0
099347 2
154274 0
033632 0
025623 1
029429 1
050571 1
055051 1
026003 1
026004 1
053123 0
126368 2
054477 1
053205 1
260123 1
260139 1
027498 1
082067 1
046386 1
126369 2
053267 1
046391 1
088968 1
004200 1
054955 0
129362 0
278751 0
088863 1
144131 1
054952 0
059432 0
050586 1
267034 1
237814 1
267063 1
058832 0
210687 0
278756 0
054038 1
144144 1
053907 1
054169 1
053213 1
054255 1
054888 0
052810 1
052142 1
261876 1
019356 1
008997 0
121514 0
053708 1
015427 0
125314 0
054556 1
024451 1
019347 2
050579 1
053292 1
057618 1
129352 0
286158 0
125938 2
014790 2
125937 2
165415 0
053208 1
129353 0
269835 1
283890 0
053779 1
054113 1
165353 0
177436 2
066403 0
066409 0
165274 0
047185 1
024431 1
035205 1
008592 1
165258 0
056786 1
047400 1
052306 0
053316 0
173708 1
182419 2
070348 2
103521 2
054229 0
286124 1
052862 1
066174 0
158574 0
158576 0
165349 0
158580 0
158581 0
286138 1
036502 0
186961 2
117797 0
186956 2
284274 0
005146 0
077400 1
052338 0
054262 1
077388 1
279780 2
279836 0
082922 1
124506 0
157127 2
157160 0
053199 0
121553 0
052846 0
024468 1
263037 0
028171 2
028172 2
195750 0
284479 0
086767 1
057171 0
086800 0
026832 1
026825 0
054744 0
212001 2
023574 0
108174 0
023590 0
204350 0
082889 1
257511 0
279783 0
029151 1
093120 0
204358 0
057969 1
030119 0
057972 1
010479 2
015131 0
000221 0
230911 2
009658 2
131268 0
260436 0
173317 0
271118 1
052068 0
259590 0
068580 2
051830 1
178930 1
