256945 0
230335 2
173411 0
230340 2
230428 2
230355 1
230426 2
206291 1
193018 0
206280 1
258140 1
196066 0
257094 1
264311 1
256893 1
256889 2
230363 2
192655 2
192663 2
286714 1
286782 1
286809 1
244873 2
210492 1
286643 1
267885 0
256993 1
274600 0
256982 1
274836 1
192675 2
273940 1
257920 1
192677 2
257135 1
192678 2
274854 0
275135 1
275068 1
275069 1
274838 1
230337 2
230364 2
223497 2
230344 1
257415 1
264989 1
274541 1
275163 1
257393 1
193241 2
274998 1
275414 1
162338 2
258353 1
275403 1
275039 0
192945 1
275416 1
257365 2
197992 1
256931 2
275415 1
256867 1
274772 1
274678 1
274741 1
275401 1
268960 1
196063 2
184158 2
243031 1
275402 1
274703 1
274736 1
257374 1
237009 1
257438 1
275395 1
198115 1
198118 1
275400 1
274579 1
247309 1
274762 1
256965 2
275000 1
275664 1
257401 1
196065 1
275396 1
275061 1
274685 1
184192 2
274709 1
275399 1
274739 1
274997 1
190386 2
275413 1
173315 2
274640 0
245033 1
274815 1
274746 1
202656 1
274711 1
274757 1
274570 1
195894 1
257038 1
275062 1
256987 2
269048 1
275002 1
198025 1
274753 0
198157 1
274706 1
247387 1
274996 1
275001 1
275486 1
274713 1
266069 1
247346 1
264027 1
266362 1
274744 1
274742 1
256888 2
274777 1
275659 1
274732 1
274760 1
266443 1
266072 1
256970 1
257134 1
257138 1
201220 1
274680 1
265329 1
198415 1
274605 0
274820 1
265315 1
286781 1
198455 1
232463 2
275038 1
256932 1
268780 1
274962 1
283476 1
256890 2
265245 1
257023 1
265224 1
257390 1
265282 1
274601 1
274733 1
274779 1
168532 1
274768 1
204476 2
256880 1
274592 1
257443 1
197244 1
257139 1
274749 1
274786 1
274712 1
157915 2
254519 1
274783 1
274639 1
187815 2
162056 2
275171 1
197756 1
221437 0
221439 0
263989 1
269074 1
286808 1
275857 1
267886 0
256116 1
187805 1
274020 1
172953 2
204674 2
170538 2
275006 1
221412 0
274014 1
162882 2
194742 1
274734 1
269307 1
257302 1
172954 2
275022 1
274797 1
275033 1
274727 1
197214 1
256940 2
274626 1
274609 1
274566 1
269042 0
194719 1
198244 1
196459 1
276842 1
235789 1
275125 1
197205 1
224069 1
173202 2
256892 2
283447 1
229631 2
274841 1
274830 1
275076 1
002177 0
257499 1
257503 1
201954 2
132991 0
200051 1
266768 1
257361 1
173400 2
274778 1
275049 1
275053 1
274635 1
274716 1
227251 0
257172 2
274724 1
259015 1
275260 1
242333 2
187259 2
063770 0
194745 1
275057 1
275060 1
242337 1
253810 1
194727 1
254610 1
197993 1
238482 2
198101 1
221398 0
275349 1
257313 1
257402 1
000106 1
274574 1
173409 2
225454 1
225395 1
264799 1
264858 1
264860 0
264990 0
274617 1
257181 0
266772 1
172767 2
229488 1
187255 2
257307 1
274737 1
275275 1
276848 1
274740 1
274755 1
275078 1
256886 2
274684 1
173326 2
274632 1
184518 2
275350 1
275121 1
253813 1
132716 1
194602 1
173207 2
274633 1
275137 1
225787 1
257234 2
273262 1
184530 2
184556 2
274667 1
184555 2
131280 0
275280 1
182488 2
173412 2
275509 1
170618 2
275071 2
275081 2
237403 1
274662 1
257207 2
257145 1
168501 2
168502 2
173329 2
184588 2
130870 0
274624 1
170523 2
227723 1
153085 2
003115 0
138049 0
275032 1
275398 1
177565 1
224293 0
132796 1
177885 0
133142 0
130830 0
274764 1
111175 0
194590 0
134341 0
111177 0
034166 0
275074 1
176466 1
063595 0
132795 1
268944 1
130821 0
275594 1
275472 1
190777 1
002310 0
206269 2
177920 1
257218 1
172779 1
000308 0
277428 1
273216 1
274775 1
063605 0
177571 1
173389 2
111187 0
162876 2
282846 1
269036 1
018698 1
177971 1
001378 0
276668 1
274873 1
201672 2
168489 1
128036 0
258195 1
192394 1
268611 1
275884 1
132816 1
276458 2
270881 1
274658 1
210361 1
048256 0
276653 1
127117 2
257320 1
163129 2
268989 0
270889 1
257157 1
275079 1
192948 1
178083 1
250460 2
257502 1
275151 1
190852 1
163455 1
221429 1
172888 0
044499 0
257672 2
029874 0
274720 1
201691 2
128110 0
094328 1
173381 1
274573 1
128053 0
172896 2
274754 0
273961 1
026933 0
173408 1
173386 1
271110 1
078223 0
128062 0
201070 1
201148 1
224295 0
157176 1
273305 1
167409 1
167410 1
158185 2
192994 0
275026 2
225780 1
137316 1
052751 0
118061 0
273936 1
173213 2
173318 2
263191 1
225391 1
160962 1
263187 1
225396 1
225455 1
079194 0
154789 2
080232 0
282864 1
275080 1
268954 1
270935 1
137833 1
137856 1
077174 0
257140 1
158714 1
201059 1
244910 1
269611 1
173415 2
026876 0
070073 0
103246 0
167407 1
158948 2
154788 2
173387 2
173314 2
275485 1
275070 1
118062 0
191890 1
059428 0
190808 1
257370 1
190778 1
137288 2
278702 1
157181 1
275365 1
271304 1
285879 0
241490 1
059388 0
273214 1
281834 0
201142 1
190827 1
193077 0
163126 2
278785 1
257324 1
278512 1
048157 0
262802 0
275059 1
173397 2
010786 2
236026 0
234066 1
257800 1
257498 0
137821 1
081947 0
162351 1
092895 0
158186 2
256866 1
064332 1
257805 1
274366 1
253812 1
256938 2
118069 0
194563 0
279002 1
257321 1
158430 0
236016 0
274871 1
275738 1
124761 0
043892 0
137861 1
282847 1
127264 1
013783 0
161027 0
132834 1
270981 1
123878 0
257237 1
256927 1
187276 1
260981 0
101970 0
078069 0
229348 1
173686 1
271601 1
173413 2
262792 0
275491 1
275048 1
190122 0
273250 1
274016 1
234068 2
136943 0
257455 1
132868 1
070231 0
103404 0
028048 0
127279 2
096122 0
223899 0
243977 0
263900 0
019315 0
150202 1
197763 1
160865 1
260364 1
271101 0
265593 0
275056 1
253308 0
132873 1
283448 1
283477 1
164369 1
176738 2
211580 1
158606 1
108724 0
077611 0
275430 1
257454 1
274620 1
188001 0
162356 1
150878 1
004760 0
119030 0
121767 0
173216 2
190123 0
276664 1
077143 1
153792 1
153712 1
062654 0
137293 1
079258 1
079259 1
244185 0
137364 1
220942 0
150088 1
276002 0
092046 0
025713 0
275283 1
234111 1
276992 1
151305 1
226351 0
226362 0
226380 0
226504 0
226619 0
226623 0
227970 0
081940 0
257973 1
261022 0
019312 0
041081 0
280219 1
273448 1
257589 1
268961 1
267334 1
257974 1
232476 1
279053 1
279055 1
225781 1
225764 1
286424 1
286427 1
234835 1
234849 1
244397 1
234820 1
244399 1
244319 1
267160 1
244305 1
152397 2
259841 1
012750 2
202805 2
234114 1
284974 1
267933 1
192558 1
151313 1
237434 1
284985 1
139392 1
285304 1
018787 1
287774 1
139475 2
274562 2
256582 1
154568 1
237420 1
202248 2
156693 2
221402 1
154482 1
253648 1
162819 2
228971 1
082641 1
244416 1
226749 1
257110 1
221180 1
231898 1
152394 2
176308 2
153556 1
171519 1
274670 1
154824 1
154490 1
274719 1
160331 2
155031 2
279064 1
137374 1
164091 1
156351 1
237419 1
259514 1
154591 1
151544 1
151310 1
154881 0
256043 1
220748 1
255652 1
152398 2
154957 2
148992 1
255674 1
257166 1
153558 1
154427 1
153571 1
257161 1
276658 1
274365 1
015890 1
269614 1
159852 2
267401 1
270939 1
267238 1
153710 1
256447 2
154790 2
151306 1
276906 1
173330 2
151545 2
269465 1
211234 1
153968 2
153535 1
002815 1
179398 1
237435 1
173248 2
276359 1
284330 1
014352 1
151318 1
234413 1
154958 1
204806 1
154775 1
270986 1
138385 1
221637 1
205411 1
221656 1
213213 1
182631 1
255411 1
275292 1
221581 1
276357 1
182637 1
287546 1
176731 1
147163 0
176693 1
165387 1
269020 1
230065 2
198024 1
257108 1
210727 1
154802 2
154771 1
268031 1
176695 1
002622 2
156647 2
257117 1
165747 1
176733 1
257168 1
189917 1
176735 1
154786 1
273426 1
148787 1
211766 1
235141 1
229438 1
236111 1
173650 1
270958 1
270993 1
254994 1
243640 1
157893 2
190644 2
266784 1
267124 1
272303 1
278243 1
253072 1
075049 0
157679 1
243634 1
274625 1
156494 0
154126 2
244974 1
285989 1
276861 1
156124 2
154898 1
201533 0
153738 1
275805 1
240271 1
257678 1
156642 1
071106 1
104279 1
268674 1
268663 1
260380 1
274568 1
016635 1
199069 1
233545 0
232499 0
276338 1
257167 2
279422 1
147090 0
169647 1
284161 1
173200 2
269894 1
071104 1
104277 1
192572 1
137220 2
239343 1
270892 0
197039 1
268678 1
234744 1
232778 0
201578 0
201580 0
154764 1
221887 1
201531 1
233736 0
276700 1
234716 0
154756 1
154522 1
278616 1
279771 1
154763 1
278606 1
278621 1
257937 1
278548 1
233292 0
154826 1
018867 0
269168 1
222055 1
165833 1
163762 1
276593 1
138290 1
268762 1
274674 1
269602 1
161388 1
247415 1
117133 1
234736 1
278569 1
269547 1
270987 1
175742 0
271313 1
231924 0
275212 0
244973 1
247029 1
247385 1
233388 0
154671 1
152276 1
285320 1
216295 1
161263 0
232295 0
285653 1
196081 1
165837 1
234026 0
163471 0
219199 0
271679 1
259437 0
259445 0
259194 0
016029 1
257377 0
257121 1
277173 1
285953 1
173042 1
154517 2
276843 1
270775 1
141561 2
160610 2
082639 0
276808 1
222521 1
019032 1
172929 2
233025 0
244964 1
148772 2
138253 1
270967 1
254248 1
085621 1
244972 1
199042 1
199044 1
199096 1
138763 0
152826 0
198889 1
085631 1
222898 0
117120 1
154749 2
116046 0
286426 1
008754 2
172878 1
010931 0
149142 1
161176 1
276864 1
152037 0
276379 1
190094 0
259436 0
154793 0
153458 0
274701 1
052775 1
265147 0
219206 0
253515 0
276996 1
275031 0
275397 0
276380 1
276566 1
157887 1
247028 1
286423 1
173561 1
156262 0
253389 0
226748 0
199068 1
002315 1
190080 0
276971 1
211649 0
015744 1
154835 0
164138 0
115973 1
173296 1
156843 0
161204 0
164110 0
283188 1
153978 1
270953 1
270802 1
154836 1
156492 1
001552 1
275052 1
244971 1
161226 0
257127 1
196879 0
257158 0
276677 1
164134 0
012969 0
247384 1
238381 0
191185 2
154516 0
277175 1
264770 0
189471 0
189472 0
160776 0
154813 0
153725 1
052637 1
154131 1
269246 1
189477 0
281038 1
267989 1
283475 0
179947 0
257420 1
173331 2
013205 0
165875 1
270798 1
165716 1
142258 0
164291 2
181826 0
154811 1
259444 0
233594 0
277000 1
007158 2
154632 1
193971 0
253516 0
253521 0
273221 1
253443 0
181845 0
226723 0
201060 0
201071 0
201143 0
201149 0
154672 0
221981 1
155576 1
165398 1
173205 1
165743 1
168132 0
161146 1
129926 0
164146 0
099631 0
154843 1
273451 1
154902 1
161847 1
267629 1
271059 1
093474 0
138292 0
254372 0
154518 2
270801 1
133162 1
136199 1
158036 1
160616 2
254390 0
173257 2
254378 0
254380 0
156493 1
254382 0
097112 1
257426 1
271054 1
264409 0
097100 1
255347 0
097090 0
166056 1
148555 0
154809 1
219675 1
276749 1
154429 1
253852 0
148545 0
253792 0
240284 1
156486 1
211767 1
155167 0
138236 2
138237 1
253698 0
161356 1
161303 1
276742 1
253821 0
159003 1
159004 1
154734 0
270994 1
276678 1
154845 1
281936 1
014603 1
126152 1
154173 1
276744 1
119892 1
173805 1
154524 0
268176 1
176408 1
153749 1
005411 1
219727 0
119254 1
116876 0
010106 0
278540 1
117104 0
154633 1
276716 1
174422 1
130303 0
253699 1
253793 1
253822 1
253853 1
254373 1
254379 1
254381 1
254383 1
254391 1
152236 0
107772 1
154823 1
221847 1
271591 1
117114 0
100648 1
276659 1
025714 1
007147 1
149983 1
173588 0
117124 0
010142 0
005462 0
117122 0
015200 1
271301 1
176421 1
188101 2
275178 1
271077 1
271065 1
010552 1
278532 1
271032 1
107759 1
154068 1
271015 1
271044 1
161192 0
173898 1
271036 1
137300 0
278538 1
276844 1
138325 0
273246 1
134247 0
005040 1
119234 0
119292 0
119432 1
005083 0
221903 1
138289 0
134248 0
153052 1
174407 1
098156 0
002081 0
101298 1
137311 0
049168 1
011698 0
134244 0
256042 0
049176 1
272169 2
117901 0
274595 1
005154 0
276339 1
276358 1
276360 1
276381 1
276567 1
009675 1
122090 1
001232 0
004695 0
118924 0
140539 0
140626 0
154067 1
272190 1
279051 1
154503 0
279059 1
276715 1
007090 0
092982 0
272193 1
119489 0
096663 0
112792 1
173253 1
014176 0
274627 1
274636 1
130159 0
179117 0
153969 1
271406 1
128527 1
174423 1
107993 0
154481 1
271391 1
274585 1
128671 1
253086 0
253129 0
276565 1
271508 1
278800 0
162906 0
015398 0
141319 0
128670 0
025296 1
041905 1
165820 1
165395 0
158560 1
017340 0
129556 0
278798 1
119482 0
095360 0
274607 0
278684 1
126217 0
153988 0
277003 1
162815 1
126226 1
141321 0
126358 0
253085 0
276748 0
176220 1
278734 1
279065 1
272128 2
154489 0
272001 2
272129 1
271509 1
176221 1
276667 1
276849 1
278640 1
174625 0
174650 0
158551 0
160817 0
174628 0
271374 1
277283 0
150125 1
053248 0
271540 0
224392 1
004144 1
118253 1
174734 1
174697 1
276822 1
174863 1
173347 2
174874 1
271076 1
271322 1
173335 1
053031 0
173390 2
224160 1
048718 2
278386 1
173308 2
278550 1
278559 1
276689 1
271530 0
006983 0
175361 1
278547 1
223961 1
271124 1
173384 0
275366 1
171566 1
275521 1
053008 0
272403 1
028877 0
160790 0
276751 0
276757 0
278383 1
163111 0
160787 0
160789 0
150117 1
227973 0
176426 1
141975 1
087281 1
277781 0
278629 0
082915 0
277350 0
142066 0
000328 0
278615 1
171555 1
278551 1
087259 0
173334 1
173327 2
270951 1
276825 1
273903 1
252220 0
061214 1
175605 0
271116 1
061176 1
276731 1
173398 2
276939 1
