278758 0
070284 2
103457 2
089193 0
092070 2
124355 0
098771 2
098726 2
182023 0
124761 0
094245 2
008728 0
282659 0
092249 2
189109 0
150976 0
089242 0
189126 0
098707 2
098848 2
094400 2
094353 2
094432 2
070151 2
103324 2
097898 0
093856 0
099398 0
099382 0
097481 0
099334 0
070056 2
103229 2
070059 2
103232 2
070061 2
103234 2
052689 0
099089 0
089215 0
051197 0
067145 0
067094 0
001194 0
097414 0
097474 0
091198 0
070085 2
103258 2
070108 2
103281 2
070010 2
103183 2
096207 2
051651 0
108202 2
102061 2
097701 0
069222 0
102395 0
076285 2
097344 0
096181 2
097345 0
109380 2
112385 2
096231 2
096201 2
109381 0
097696 0
093948 2
084567 2
098529 2
132568 0
094046 2
094056 2
094074 2
084568 2
084628 2
084626 2
094699 2
084559 2
084634 2
084558 2
094081 2
069762 0
102935 0
084631 0
084566 2
111963 2
084629 2
041509 2
097157 0
175594 2
097808 2
196637 0
099069 2
038533 0
069757 0
102930 0
197191 2
197193 2
220821 2
097925 2
091286 2
091317 2
067592 2
108903 0
220835 2
067563 2
095398 2
097920 2
093698 2
154670 0
199296 0
095413 2
197197 2
140005 2
097821 2
094388 2
093044 2
012267 2
097949 2
132572 0
097857 2
096022 2
096153 2
102009 0
098443 2
067615 2
099342 2
233014 0
094380 2
051107 0
094587 2
154676 0
002688 2
096061 2
066154 0
098505 2
094832 2
102025 1
092942 0
019255 0
199309 0
051206 0
098366 2
098620 2
051059 0
097817 2
097815 2
099790 0
095005 0
098441 2
015608 2
201675 0
099357 0
110978 2
196375 1
098021 2
084649 2
261760 0
051092 0
119685 2
099192 2
065986 0
061772 0
094027 2
051204 0
102107 0
118516 2
051189 0
196725 0
101876 0
097097 2
070335 0
103508 0
098633 2
005543 2
120122 2
098070 2
196641 0
119701 2
082108 0
064865 0
137329 0
097101 2
094390 2
099083 2
051221 0
094377 2
094378 2
051094 0
094389 2
158860 0
098508 2
180465 2
098977 2
158881 0
093941 2
098525 2
110336 2
137945 2
183325 0
064932 0
132606 0
095659 2
123285 0
132602 0
064634 0
053749 0
014186 2
180514 2
096026 2
094385 2
132046 0
064571 0
067636 2
070341 2
103514 2
101868 0
094758 2
070390 2
103563 2
137967 2
262570 0
094379 2
108127 2
099792 2
285312 0
011274 0
067649 2
064514 0
025548 0
078739 2
098411 2
109092 0
094369 2
108802 0
064648 0
132624 0
139053 0
137991 2
098020 2
068816 0
096797 0
098779 2
243194 0
101875 1
139872 0
094490 0
211355 0
095448 0
094368 2
094244 2
094754 2
094949 1
098644 2
099092 2
098777 2
098629 2
098639 2
099104 2
098784 2
098793 2
098097 2
098059 2
098972 2
096936 2
098801 2
095986 2
098104 2
096894 2
098850 2
098847 2
098461 0
095958 2
096043 2
097973 2
133940 2
096209 2
094612 2
096206 2
070319 2
103492 2
070285 2
103458 2
070117 2
103290 2
070100 2
103273 2
093938 2
098810 2
096071 2
070323 2
103496 2
096024 2
070114 2
103287 2
098751 2
095978 2
068254 0
093892 2
095399 0
098029 2
100758 2
070424 2
103597 2
100741 2
096003 2
100751 2
097830 2
070364 2
103537 2
094558 2
132577 0
096002 2
093931 2
095882 2
078741 2
094387 0
097974 2
098010 2
004419 2
099515 2
096049 2
098028 2
099647 0
094071 2
108817 2
094008 2
093942 2
099992 0
004171 2
118279 2
078746 2
032896 0
137910 0
028838 0
098068 2
101189 2
086802 0
133661 2
098362 2
101190 2
086693 0
098497 0
134798 0
034795 0
279608 0
070494 2
103667 2
070450 2
103623 2
202627 0
142617 2
133951 0
277403 2
098409 2
006383 0
086581 2
097333 2
134713 0
086596 2
094522 2
098360 0
096340 0
117703 2
096240 2
133721 2
015251 2
125486 2
074864 2
135685 2
064244 2
132006 0
100245 2
114462 2
114382 2
144337 2
146000 2
099614 0
135475 0
178301 0
140247 2
141038 2
078772 2
098446 2
097335 2
140355 2
093802 2
098354 0
113131 0
132025 0
099405 0
114384 2
108710 2
108731 2
140266 2
086638 0
180167 2
092794 0
098893 2
108729 2
094055 2
094381 0
098938 2
117708 2
117710 2
138970 2
101255 0
074842 2
068022 2
094054 2
098937 2
092875 0
260644 2
135548 0
145974 2
100034 2
149166 0
135520 0
131127 2
125036 2
181843 0
020886 0
095404 2
140978 2
144933 1
092951 2
089422 0
175188 0
004379 2
118512 2
128747 2
094178 2
157582 0
093114 0
098280 2
092793 0
146966 0
099086 0
019788 0
096648 2
192808 2
114151 2
135474 0
139214 2
098335 0
001887 2
095826 2
061054 2
078271 2
114787 0
238700 2
181536 2
180662 0
078778 2
140980 2
098328 0
093912 2
189892 0
133746 2
189910 2
098413 2
095745 0
135036 0
098315 0
117575 2
061672 2
192823 2
064517 2
019794 0
094209 2
095303 2
092536 2
109421 2
094020 2
135480 0
101555 2
148104 2
189923 2
202103 0
094310 0
092971 2
027791 0
146957 0
095234 0
098797 2
155289 2
152997 0
006630 2
019789 0
180037 0
010253 0
122580 0
088638 0
075008 2
135482 0
202076 0
066285 2
178354 0
112328 2
265871 0
065856 2
114552 2
033372 2
094019 2
086637 2
100464 0
146950 0
124658 0
099081 2
134330 0
107817 0
111377 0
011859 2
095231 0
181962 0
159241 0
159737 0
131901 0
027757 0
093973 2
098781 2
101412 2
065068 2
126367 1
117564 2
065101 2
063264 2
005062 2
119461 2
125021 2
018460 2
128788 2
065895 2
117556 2
139721 2
063267 2
114596 2
114618 2
100378 2
100428 2
243724 0
092934 2
125023 2
063058 2
100286 2
100279 2
189164 2
119817 0
100303 1
065912 2
100685 0
079580 0
094232 0
092554 2
189162 2
189161 2
101226 2
131994 0
132567 0
243722 0
189169 2
100549 0
189160 2
132566 0
095225 2
001330 2
114205 0
093478 2
127702 0
130248 0
052084 0
086654 2
128152 2
118199 0
094235 2
095228 0
132764 0
094068 2
052093 0
117639 2
126999 2
017676 2
129322 2
092937 2
092542 2
099078 0
130164 0
117663 0
141970 2
096463 0
243659 0
116149 0
131986 0
132001 2
071377 2
104550 2
096449 0
018552 1
128739 1
145310 0
130957 0
098375 2
132000 0
096454 0
072263 2
105436 2
132614 0
131997 0
098200 2
094229 0
056274 2
079747 0
141527 2
116147 0
094550 2
101791 2
004106 0
116148 0
138037 2
127488 0
131999 2
131020 2
133015 0
095961 2
069174 0
102347 0
131016 2
095524 2
135085 0
092406 0
017937 0
129155 0
018169 2
128986 2
187021 0
138849 0
197720 2
095937 2
071364 2
104537 2
098277 0
149695 0
098208 0
094564 2
098281 0
111268 2
098292 0
130169 0
096033 2
086514 2
112596 0
137519 0
098297 0
131014 1
236564 0
098447 2
139382 0
252455 0
138878 2
144985 0
108711 2
108730 2
108732 2
133028 0
009871 2
122229 2
131413 0
099731 2
085145 0
111269 2
095614 0
152310 0
074433 2
107606 2
149703 0
098324 2
142106 2
112572 0
079592 0
092404 0
236358 2
079654 0
093940 2
064669 2
088008 2
137450 0
076954 0
143414 0
184903 0
184920 0
076956 0
099064 0
253632 0
111293 2
131505 2
093889 2
131482 2
131490 2
131493 2
131460 2
131996 2
131993 2
098321 2
098300 2
087998 2
098302 2
092526 0
092463 2
056677 2
098423 0
099730 2
048069 2
087982 2
111530 2
086655 2
155568 2
148908 2
065663 0
155560 2
111762 2
120708 1
111794 2
062701 2
007217 2
120778 2
097807 2
063331 0
110609 2
129068 0
128136 2
048075 2
001990 2
065032 2
095638 2
071453 2
104626 2
120594 2
093853 2
071710 2
104883 2
098056 0
075341 2
094481 2
108624 2
075324 2
192032 2
243192 0
060971 2
060968 2
111259 2
256268 2
109691 0
071684 2
104857 2
095032 2
004198 2
142538 2
256266 2
109713 0
109982 0
096236 0
093823 0
006934 2
120557 2
142637 2
256264 2
219616 2
036482 0
219985 2
094935 0
184854 2
009147 2
121639 2
275779 2
099295 2
116573 2
061186 0
149696 2
063851 1
052272 0
087986 0
072189 2
105362 2
046980 2
096685 2
065854 2
096235 0
256259 2
097945 0
098948 0
033125 0
075588 2
061265 0
061662 0
063759 2
094345 0
098061 2
011334 2
122716 2
164228 2
090540 0
096986 0
045212 2
093822 0
142387 2
094973 2
093699 0
004538 2
066425 0
268459 2
114971 2
060989 2
186742 2
098179 0
096232 0
097084 0
256244 2
109960 0
088044 2
088043 2
169287 0
004518 2
118728 2
169282 0
138528 2
117907 2
093794 2
164156 2
114207 2
020955 0
093058 0
096559 0
091927 0
090502 0
095600 0
086462 2
142410 1
092710 0
065858 2
138516 2
071716 0
104889 0
156660 0
156662 0
093925 0
099343 2
146534 2
018477 0
128770 0
066294 2
093054 2
112769 2
256483 2
102089 0
279290 2
086741 0
094928 0
098947 2
093961 0
090835 2
092644 0
156661 0
198038 2
109676 0
001778 2
063850 2
156664 0
189118 2
093760 0
091983 0
164635 2
164649 2
198007 2
041810 2
067847 2
099293 0
017303 0
129585 0
090497 2
091982 0
199021 2
090626 0
202877 2
202878 2
109030 0
110452 2
237341 2
093924 0
095803 0
065686 2
006933 2
120556 2
257529 0
007411 0
120928 0
111735 0
111511 2
128871 2
162429 2
162048 2
090613 0
128869 2
020986 0
120430 2
046905 2
197928 2
142394 2
005817 2
120432 2
202529 2
093917 0
101867 0
093670 0
239705 0
117927 2
164548 0
092636 0
094848 2
020721 0
098499 0
094749 2
255270 2
096983 0
095217 2
098054 0
110617 0
097453 0
064203 2
032876 0
094752 2
098160 0
052466 0
032879 0
060988 2
064219 2
197893 2
186703 0
258755 2
179523 2
176683 2
122714 2
122712 2
163927 2
151732 2
194511 2
184857 0
176680 2
094729 2
164910 2
122690 2
068637 0
122708 2
153606 0
275361 2
153562 0
006972 2
120597 2
116551 2
256056 0
094827 2
060995 2
261063 2
068298 0
116967 2
064162 2
153527 0
094698 2
064198 2
128870 2
079227 2
281621 2
079190 2
004507 2
118714 2
009125 0
004565 2
257539 2
257534 2
256011 0
184858 0
257540 2
059452 0
182823 2
142421 2
211970 0
195952 2
257559 2
117163 2
151154 2
154698 2
149386 0
002762 0
256057 0
059455 2
266398 2
272041 0
146800 2
058378 0
001228 0
058500 2
149385 0
064258 0
163725 2
058381 0
181941 0
075609 0
136132 0
095230 2
152457 2
163724 2
241136 2
152489 2
151160 2
058425 2
151373 2
224815 2
281012 2
136103 0
235939 0
235950 0
058096 2
003267 0
151168 2
271282 2
133912 2
169797 2
169798 2
152492 2
288763 0
261057 2
140525 0
032221 2
223994 0
032198 2
014334 0
201858 2
169781 2
086281 0
142441 2
152784 0
086247 0
268490 2
255889 0
060902 2
060859 2
133919 2
058093 2
281036 2
133920 2
255861 0
048341 0
256976 0
258918 0
224903 2
201605 0
224901 2
281187 2
058050 2
004032 0
191641 0
095086 0
002844 1
010318 2
122637 2
099248 0
288814 0
064817 0
076262 0
150027 0
155236 0
086195 0
143222 0
224893 2
133773 2
058014 2
280972 2
224816 2
224894 2
224748 2
224743 2
261068 0
224690 2
224741 2
280920 2
224759 2
152337 2
152334 2
268829 0
017392 2
129516 2
165988 2
195950 2
130291 2
195935 2
032223 2
032224 2
083309 2
085261 2
085285 2
271136 0
144446 2
193910 2
163730 2
201732 2
196446 2
193987 2
165225 2
031144 2
190371 0
190412 0
144447 2
138447 0
131746 2
179214 2
271137 0
163727 2
271022 0
010774 2
130292 2
152115 2
031159 2
130398 2
144464 2
146719 2
261062 0
149293 2
167959 2
266984 0
142521 2
196450 2
233730 0
017318 2
129572 2
210042 0
146071 2
142511 2
119458 0
119474 0
144519 2
112134 0
110351 2
166008 2
232460 1
231476 0
130318 2
219542 2
101633 2
083328 2
162827 2
138445 0
093035 2
139541 2
194936 0
280215 0
266985 0
163061 2
162959 2
083156 0
101209 2
144461 2
012499 0
083343 2
138444 0
194942 0
139618 2
112144 0
199741 2
138425 2
235247 0
062992 2
219441 2
139619 2
144448 2
124914 2
162985 2
192455 2
085206 0
225504 2
233721 1
062972 2
244562 0
192647 0
162829 2
190368 0
131495 2
131498 2
260347 0
029478 2
029520 2
035821 0
253372 0
233769 0
230392 2
131510 2
061345 2
079302 0
070933 2
104106 2
005432 2
119989 2
144990 2
011266 0
201811 0
035811 0
177516 2
187114 0
259558 0
190295 0
251229 0
251259 0
093010 2
188852 0
253373 0
273924 0
157676 2
033130 1
131654 2
259772 0
098949 2
114843 0
112806 2
119916 0
078631 2
187119 0
201468 0
131501 2
225505 2
163208 2
145064 0
071135 2
104308 2
101635 2
219476 2
027448 0
001997 0
138459 2
242819 0
152714 2
244452 0
162986 2
234100 2
112821 2
243927 0
112834 2
219372 2
155575 0
091352 0
138468 2
110582 2
079079 2
170092 2
163062 2
225522 0
010349 2
122671 2
219420 2
163739 0
064317 2
033115 2
090713 0
101669 0
061340 2
169455 2
110676 2
061383 2
131985 0
170306 0
018674 2
064285 2
287892 0
170250 0
157023 0
149212 2
157024 0
013745 0
163741 0
086138 0
017996 0
067893 0
199217 0
170277 0
061365 2
061385 2
033131 0
061368 2
061364 2
110550 2
016861 0
124676 2
146128 0
124691 2
147674 2
147680 2
147627 2
147638 2
147651 2
083083 2
270840 0
009035 2
044916 0
147626 2
012582 2
159721 2
003745 0
068431 2
033351 0
114915 2
133795 2
159666 2
159716 2
159802 2
191781 2
122607 0
159806 2
191401 0
158434 2
010302 0
122622 0
149318 2
146570 2
228778 0
069740 2
102913 2
042454 2
145317 0
191309 0
009409 2
121867 2
112868 2
232587 2
131122 0
093951 0
009607 2
122050 2
131134 0
068432 2
120793 0
149319 2
139416 0
192494 0
133536 2
010474 0
125422 0
098220 0
133533 2
014105 0
241468 2
099878 2
158390 2
094297 0
098198 0
130081 0
120688 0
241537 2
241538 2
099786 2
189290 0
130134 0
035984 0
004409 2
118566 2
116110 0
094228 0
089234 0
120702 0
078525 2
159093 0
005956 2
095883 0
132177 2
159101 2
112754 0
098196 0
271931 0
133543 2
133539 2
099834 2
159878 2
159879 2
132176 2
159884 1
132171 2
133467 0
232593 0
162409 2
090825 0
160190 0
002569 0
159886 0
011817 0
132045 2
197502 2
217314 0
141180 2
142636 2
209680 2
095786 2
159722 2
097272 0
142650 2
034577 2
000105 0
085081 0
087602 2
061502 0
113262 2
083900 2
141213 2
005187 2
119632 2
136763 2
194856 0
005703 2
120323 2
109125 2
097749 0
059978 2
058286 2
117295 0
279285 0
219310 0
058505 2
101039 2
179751 0
066732 0
165659 0
108806 0
000074 0
062988 2
033547 0
128920 2
018112 2
129046 2
062970 2
112092 2
017936 2
129156 2
158158 2
279121 0
157347 0
114911 0
062946 2
000329 2
070389 0
103562 0
131292 2
119753 2
093668 2
168684 2
168685 2
062733 2
039814 0
032205 2
117307 0
087943 0
063528 0
114954 0
262399 0
262422 0
136574 0
095347 2
061832 0
132137 0
113123 0
159801 0
072053 0
072431 0
129223 2
129078 2
142123 2
017845 2
129219 2
093659 2
129224 2
119743 2
129222 2
129074 2
005284 2
119772 2
142059 2
112096 2
141978 2
081330 2
032200 2
063001 2
081324 2
011607 2
122798 2
086601 2
118121 2
062991 2
122547 2
122643 2
010351 2
122672 2
101440 2
119158 2
122595 2
064971 0
122598 2
118112 2
197476 2
064516 2
122665 2
122561 2
122654 2
119139 2
197498 2
118111 2
098045 2
064982 0
094990 2
109027 2
077026 2
076870 2
197605 2
119744 2
132366 2
122794 2
197474 2
179518 0
101437 2
069170 2
102343 2
126897 2
032328 2
094525 2
122795 2
077029 2
137006 0
108773 2
284367 0
063021 2
179551 0
108847 2
000920 1
228333 0
005176 0
119615 0
228310 0
168103 2
085623 2
119559 0
119213 0
007756 2
121178 2
032341 2
155996 2
085591 2
063415 0
053145 2
119236 0
032340 2
119562 0
001235 0
012090 2
068505 2
230643 2
076093 2
288756 2
139690 2
119577 0
108814 2
164606 0
080336 0
099527 2
175706 2
126898 2
004124 2
118235 2
147572 2
012480 2
062867 0
014791 2
144444 0
116483 0
094355 2
061219 0
168732 2
168733 2
094051 0
231905 0
112401 2
017589 2
129394 2
145627 0
145634 0
288653 0
090355 2
147576 2
145074 0
288729 2
230390 0
276881 0
270839 0
147559 2
288561 2
086015 2
142003 0
267964 0
095423 0
007437 2
120948 2
099401 2
137323 0
135804 0
157033 0
240274 0
007070 0
099273 0
109025 2
081320 2
032401 2
129397 2
099521 2
098450 0
109024 0
109021 0
109026 0
116772 2
137413 0
288510 2
094319 2
138919 2
058253 2
058264 2
132201 0
121209 0
134146 0
138900 2
142986 0
121128 0
121123 0
007794 0
121212 0
010705 2
149893 0
108091 0
117605 2
108100 0
117563 0
068448 0
177695 0
205055 0
030579 0
093772 2
093747 2
101096 0
086213 0
135076 0
214395 0
093645 2
156898 0
168117 0
089953 0
166231 0
112951 2
138363 2
252749 0
138334 2
138336 2
138306 2
112958 2
097677 2
147441 2
008411 0
177680 0
128225 0
098582 0
098342 0
143423 2
098612 0
224040 0
268175 0
268171 0
062156 0
188211 0
147443 2
147422 2
147420 2
143418 2
089087 2
070582 2
103755 2
194115 0
058856 2
145372 0
101880 0
067216 2
058285 2
039340 2
187313 0
086487 2
170604 0
170605 0
101826 0
146074 2
249894 0
002384 2
069157 0
102330 0
007940 2
121353 2
080038 2
280365 0
062121 0
188782 0
111039 0
118661 0
155213 0
118233 2
155212 0
015363 0
125371 0
074562 2
074788 2
146043 2
058271 2
046239 0
042433 0
087980 0
083222 2
158750 2
114263 2
034533 2
144674 0
034541 2
199448 2
130325 0
287256 0
114259 2
196237 0
114212 0
196299 0
130207 0
084521 2
034267 0
171578 2
144525 0
077894 0
001767 0
058855 0
130209 0
034574 2
199420 2
199462 2
083219 2
084690 2
171512 2
083254 2
171511 2
171491 2
083253 2
070343 2
103516 2
084692 2
058789 2
221324 0
070148 2
103321 2
221273 0
283164 2
121859 2
007759 2
121183 2
083279 2
156303 0
001120 0
001203 0
088441 0
043519 0
137110 0
075722 2
149140 0
029455 0
040694 0
097843 0
042844 0
009233 2
121709 2
031972 0
270223 0
283473 2
015129 2
125610 2
102108 0
058301 2
043611 0
065074 2
001861 0
283178 2
084712 2
058274 2
065096 2
280229 0
133887 2
266836 0
084711 2
017740 2
129280 2
086283 2
013611 0
128216 2
131414 2
061045 2
