211696 2
005575 2
120164 2
211748 2
181304 2
120154 2
211698 2
009042 2
005599 2
120194 2
119786 2
118709 0
118707 1
004581 1
118783 1
118647 1
118284 2
005498 1
120080 1
119613 2
011488 2
122751 2
005834 2
120455 2
119844 2
005371 2
119895 2
118385 2
120450 2
121363 1
120830 1
007949 1
121364 1
004703 1
118941 1
005309 2
119806 2
118940 0
126011 1
120130 1
005130 1
119537 1
137977 1
004212 2
118312 2
119361 1
004732 1
118990 1
014706 1
126010 1
120139 1
007942 2
121356 2
120142 1
053397 0
004575 1
118779 1
118285 2
118874 2
120140 1
009083 1
004783 1
119058 1
119032 1
120865 1
120156 1
004676 2
118896 2
120449 2
011924 1
005589 2
120180 2
130121 0
004994 1
119362 1
017892 0
258283 1
120031 1
142570 1
004682 2
118908 2
120959 1
142011 1
005132 2
119543 2
123931 1
004794 2
119072 2
126332 0
120960 1
010509 1
138972 2
212613 1
053371 0
277046 0
120032 1
005467 1
120033 1
004677 2
118897 2
120962 1
122760 1
119136 2
119145 2
118392 2
118878 2
120963 1
004271 2
118408 2
014845 2
125872 2
019655 0
120968 1
120969 1
018221 0
009959 1
119626 1
172992 0
007481 1
120971 1
122761 1
005177 1
119618 1
181348 0
119193 1
118938 1
002494 1
118298 2
130275 1
044988 0
130110 0
072062 0
072440 0
072743 0
073006 0
073266 0
073522 0
073784 0
074041 0
074301 0
105235 0
105613 0
105916 0
106179 0
122764 1
133397 1
122769 1
133396 1
133391 1
118395 2
011550 1
122772 1
118393 2
133473 1
133481 1
119652 1
011676 1
004270 2
118407 2
119651 1
005250 1
119719 1
015050 2
125674 2
118397 2
118398 2
119071 2
119963 2
130964 1
005227 1
119678 1
004273 1
118414 1
131017 1
005340 1
119848 1
129062 1
011697 1
014967 2
125763 2
128440 1
131009 1
004531 1
118743 1
004323 1
118445 1
237275 1
147869 1
011763 1
131008 1
004863 2
119154 2
118428 1
129996 1
240277 1
119081 1
005214 1
119661 1
118751 1
240376 1
118748 2
118755 1
009549 1
118412 1
118589 1
144749 1
005583 1
120173 1
120172 1
119132 2
237753 1
144716 1
144778 1
172766 1
005588 1
120179 1
285468 1
172765 1
004321 1
118443 1
147217 1
118597 1
119649 1
144892 1
119177 0
005180 1
119622 1
119178 2
125764 2
005262 2
119732 2
010276 1
122605 1
015180 1
125565 1
285461 1
163863 1
004897 1
119232 1
011850 1
163859 1
004818 1
119096 1
004909 1
119259 1
124969 1
065690 0
123554 1
237672 1
004877 2
119181 2
065684 1
004422 1
118581 1
011958 1
122873 1
123232 2
004896 1
119231 1
124964 1
120946 1
091132 0
120949 1
012313 0
069684 0
102857 0
125865 2
163843 1
119217 1
098876 0
004417 1
118574 1
069682 0
102855 0
006915 1
120529 1
011774 0
098859 0
124241 0
151208 1
001030 0
222331 1
151196 1
004727 2
118988 2
008542 1
012521 0
009072 1
121579 1
121305 1
005499 1
120081 1
120075 1
012508 1
131314 1
028651 0
007353 1
120888 1
007894 1
121318 1
145646 1
111720 1
111721 1
111224 0
118899 1
111712 1
069681 0
102854 0
118932 0
118904 1
069680 0
102853 0
111226 1
004532 0
118746 0
087372 0
118572 1
251045 1
007813 1
121229 1
122012 0
004503 1
118702 1
130855 2
100716 0
124755 1
008941 1
069674 0
102847 0
069679 0
102852 0
222433 1
015294 0
125441 0
036450 0
176031 0
140682 1
119576 1
118105 0
087316 0
140690 1
118526 1
121575 1
009668 0
122088 0
008024 1
121425 1
131384 0
009012 1
121533 1
069678 0
102851 0
004331 2
118452 2
101966 1
091140 0
098963 0
064811 1
116549 0
124532 1
120051 0
043716 0
043740 0
001766 2
251044 1
017188 1
131872 1
117918 0
120169 0
118502 0
131376 0
140711 1
118898 1
108054 0
012102 1
122895 1
012509 0
007556 1
121047 1
149927 1
123526 0
114806 0
255483 1
117184 0
009011 1
121531 1
011740 1
123525 1
114765 0
176028 0
011739 1
119572 1
127261 0
010102 1
122404 1
007337 1
120872 1
034410 0
062059 1
100853 1
055703 0
118273 2
092943 0
007511 0
152934 0
135556 0
097624 0
018264 1
128927 1
125281 1
131312 0
011974 1
124919 1
004991 1
119357 1
007145 0
120717 0
123708 1
135559 0
120713 1
184751 1
124743 1
155830 1
121900 1
007503 1
120993 1
055627 0
036470 1
118498 0
120537 1
078308 0
119542 0
131743 1
036456 0
179808 1
118976 1
117903 0
087388 0
112892 2
028580 1
007081 1
120677 1
012037 0
117131 0
123635 1
011978 0
122876 0
005794 1
120404 1
115079 1
132773 1
125280 1
120958 1
120703 1
111918 0
120065 1
155794 0
285288 0
152937 0
117985 0
102002 0
004849 2
119131 2
118735 1
126300 1
004607 1
118809 1
080201 0
126306 1
117130 0
146774 1
014848 2
125868 2
011343 1
007438 0
009808 0
119935 2
117112 0
152938 0
119631 0
130492 0
155799 0
118987 2
051330 0
149390 1
052067 0
123848 2
004942 1
119293 1
054426 1
011487 1
120336 0
118500 0
119491 1
179748 1
091654 0
101238 0
031225 0
015468 1
125279 1
112884 2
117058 0
116080 0
100852 1
285287 1
220747 1
220753 0
034679 1
001063 2
123973 1
007227 1
120784 1
009561 1
122010 1
179744 1
285207 1
116189 0
006928 1
120542 1
124663 0
004349 0
118483 0
010012 1
088688 1
029646 0
127093 1
125950 1
090705 0
045526 0
285294 0
285303 0
169408 0
169409 0
119414 0
089860 0
122400 0
005790 1
120399 1
285313 0
005135 0
120077 2
005497 2
120078 2
009747 1
122143 1
123642 1
123641 1
118501 2
004725 1
118984 1
123970 1
123965 1
118409 2
009054 0
121559 0
123972 1
012464 1
122984 1
100609 1
101974 0
004500 1
118699 1
132770 2
132767 2
008003 1
121411 1
009342 1
121812 1
119107 1
009903 1
122246 1
112830 2
004525 1
014782 1
125948 1
001586 2
005236 1
119691 1
004865 1
119157 1
004275 2
118418 2
118799 1
146471 1
088687 0
009010 1
121530 1
146476 1
009601 1
165129 1
112845 2
144800 1
028603 0
148818 0
013988 1
144627 0
121556 1
015404 1
125335 1
125194 1
147994 1
004951 1
119305 1
165130 1
144652 0
146451 1
018451 1
128794 1
121896 1
149585 1
147978 1
149471 1
115078 1
252924 1
004514 1
118719 1
001429 1
148808 0
144327 0
004707 1
118950 1
121909 1
147989 1
077918 0
137865 1
109740 1
014020 1
011091 0
144341 0
144625 0
118983 1
127851 0
118778 1
100257 0
137264 0
144374 0
144379 0
011894 0
077923 0
009050 1
121555 1
118955 1
124222 1
058346 0
007344 0
120878 0
028627 0
005606 1
120207 1
118948 1
147494 1
077917 0
144780 1
121554 1
137798 1
128157 0
028632 0
005477 1
120041 1
001681 2
121524 1
005570 1
120158 1
253238 1
141483 0
118961 1
088677 0
124204 1
036468 1
167652 0
012163 0
252893 1
139559 1
120268 0
109774 1
253486 1
253266 1
006338 1
236867 1
123470 1
009005 0
121525 0
127053 1
123493 1
244982 0
007980 0
121384 0
115001 1
139561 1
253239 0
118965 1
011916 0
132778 1
115305 1
253585 1
058369 1
108297 1
244983 0
011991 1
253434 1
118787 1
027344 1
007182 0
120750 0
244997 0
008329 0
289915 1
077940 1
136612 1
119116 2
088442 1
108793 1
005637 1
120241 1
124237 0
120525 1
009049 1
244963 0
153083 1
007031 1
120635 1
167221 0
167222 0
090298 0
244969 0
126005 0
124359 0
243132 1
235759 1
015388 1
124611 1
167740 0
011709 1
114994 1
128370 1
253451 1
244968 0
124916 1
009780 1
122175 1
011269 1
090384 0
032125 1
077954 1
079472 1
125487 1
046042 1
176788 0
118698 1
134106 1
139617 1
133260 1
140933 0
017220 0
129658 0
123503 1
118386 1
086550 0
148263 0
119013 1
090264 0
111062 0
086549 0
123496 1
094934 1
120694 1
004385 1
118522 1
127893 0
150078 0
014738 0
125969 0
139540 1
136621 1
115317 0
249502 1
041660 1
046043 1
118657 1
124310 1
009150 0
121642 0
147205 0
054367 1
058387 1
020169 1
126008 0
175297 0
054476 0
091265 1
127188 1
032127 1
005251 0
119722 0
123524 1
133698 1
011845 1
134942 0
136938 0
122475 0
133042 0
001903 1
006653 1
133261 0
127953 0
124264 1
130861 2
082583 1
012438 0
122979 1
088436 1
042208 1
125595 0
004594 0
118792 0
111510 1
010175 0
122473 0
086588 0
145726 1
122206 0
122471 0
124881 1
148632 0
199249 0
278048 1
145583 1
056144 1
004624 1
118826 1
056058 1
085622 0
125693 0
082582 0
136567 1
259688 1
009654 0
122075 0
139020 1
127839 0
127204 1
168155 1
039077 1
059319 1
123150 1
062099 1
009612 1
059324 1
038806 1
038807 0
108402 1
124403 1
124478 0
124485 1
009562 1
122011 1
198483 0
204137 0
157130 1
088424 1
128168 2
005285 0
077957 1
015158 0
125579 0
147126 0
235639 1
258985 0
286169 0
120422 1
009660 0
122079 0
145772 0
125716 0
015166 1
088369 1
147122 0
155689 1
139018 1
058463 1
124995 1
121516 0
125703 0
020171 1
118816 0
124036 1
109519 2
011904 1
122861 1
095515 0
289914 1
097488 0
122202 0
123146 1
249592 1
167213 0
133706 1
167141 0
141604 0
141340 0
125187 1
004752 1
119024 1
238615 1
062097 0
145247 0
198955 1
006845 1
120486 1
123242 1
140959 1
058929 0
111541 0
124261 1
145706 0
046273 1
123599 1
133039 0
007347 0
120880 0
120472 0
145679 1
088225 1
008039 1
121433 1
014987 1
125741 1
145286 1
264478 1
058416 1
134516 0
198958 1
005383 1
119914 1
123036 1
119008 1
086675 1
173379 0
090229 0
090231 0
002992 1
108253 1
140948 1
012516 0
122992 0
125175 1
131474 0
122710 0
041866 0
004263 1
118399 1
086337 1
004428 1
118605 1
096939 1
175334 1
042213 1
145696 0
124233 0
118175 1
140956 1
122052 1
011477 0
005818 1
120433 1
090242 0
124726 0
062102 0
124226 0
111197 0
006411 0
007387 0
120910 0
137097 1
010452 1
137113 1
140890 0
059888 0
109108 1
033110 0
111665 1
140289 1
175355 1
020193 1
131873 1
086362 1
238679 1
117171 1
013765 1
121640 0
010385 1
009829 0
122207 0
145220 1
262123 0
086129 1
167878 1
268617 0
268644 0
268758 0
138530 0
096914 1
109032 1
170190 0
170191 0
009505 0
121972 0
062173 1
243791 1
125975 0
011939 0
122872 0
007930 0
108286 1
115476 0
120421 1
124994 0
135283 1
135298 1
136328 1
135637 1
094929 0
264482 1
135649 1
136338 1
135321 1
123585 1
119019 1
136346 1
271953 1
118115 1
123282 1
012128 1
271954 1
005261 1
119731 1
124854 1
271956 1
051815 0
051824 1
124819 1
239387 1
124880 1
118967 1
015264 1
125472 1
051762 0
127189 1
051848 0
008472 1
120326 1
143821 1
123654 1
051901 0
001036 1
116622 0
146509 1
128246 1
051908 1
167938 1
167939 1
118797 0
123656 1
108289 1
007429 1
120942 1
147587 1
108393 1
108368 1
243929 1
147607 1
141013 1
063325 0
005737 1
120350 1
192942 0
005260 1
119730 1
231149 0
171456 0
243012 0
243518 1
243604 1
042334 1
231129 0
075781 0
131101 2
001184 1
115409 0
112757 0
062183 0
063327 0
141017 1
189492 1
011941 1
017366 1
198953 0
077576 0
124182 1
165183 0
284603 1
132542 0
090210 1
141906 0
198961 0
189449 1
170195 0
171403 0
146834 0
075874 0
192007 0
284604 1
231151 0
141018 1
243562 1
090061 1
124034 1
142251 1
142556 1
176774 1
142562 1
000713 0
129063 0
133008 0
131021 2
243979 0
149654 1
109462 1
259690 1
010303 1
109186 1
243981 0
142488 1
264813 0
164021 1
164027 1
132981 0
109568 1
000843 0
128239 0
191654 1
259692 1
018075 0
129060 0
133010 0
197183 0
099113 1
231082 1
231123 1
143409 1
244017 0
133085 1
128247 0
208366 0
209230 0
076099 1
278128 1
120181 1
155679 0
099142 1
147687 0
007558 0
121049 0
027296 1
159353 1
126789 1
125141 0
141695 0
133009 0
197172 0
234409 0
164023 1
260343 0
060447 1
005590 1
120183 1
121044 0
141201 0
287757 0
141200 1
131296 0
141586 0
142166 1
011964 1
145045 0
114208 0
101066 0
127178 1
122853 1
008934 0
225993 0
076059 1
142287 1
159634 1
076009 1
259677 1
159576 1
159472 1
159474 0
259671 1
259673 1
272768 0
272755 0
000752 0
046437 0
082068 0
162456 1
124745 1
043489 0
010379 1
140895 1
168809 0
140899 1
043480 0
253308 0
066960 1
175738 0
052279 1
209602 0
097016 1
023054 0
177778 1
150020 1
091576 0
004720 1
118979 1
177693 1
005831 1
120452 1
002015 1
169000 0
169001 0
096498 0
177525 1
066958 1
110820 0
209349 0
095631 1
177509 1
177515 1
043446 0
032178 1
066968 1
135127 0
191680 0
068467 0
077321 0
162452 1
110805 0
124767 1
132862 1
082079 0
125417 1
015269 1
125469 1
124771 1
075650 1
079483 0
011830 1
034641 1
082074 0
255452 0
234067 1
134664 1
120040 1
176256 0
193345 1
145581 0
132116 1
005200 1
119648 1
136554 1
096553 0
120442 1
132210 1
227248 0
176138 0
096659 0
096618 0
118327 0
043744 0
119633 1
004859 1
119150 1
271635 0
028011 0
015318 1
125415 1
126170 1
155826 1
155834 1
176083 0
230053 0
165230 1
145678 1
153953 1
255475 0
228422 1
095190 0
187164 0
276334 1
119149 0
005815 1
120431 1
004469 0
118670 0
153013 1
235017 0
234020 0
120441 1
132226 1
150022 0
127312 1
121808 0
046366 0
197538 1
126348 1
158218 1
124975 0
165220 1
007153 1
120721 1
276311 1
005832 1
120453 1
135200 1
170607 1
120704 1
126191 1
011751 0
224721 0
000910 1
237143 0
174437 0
117441 0
186868 0
135323 0
234024 0
112198 1
010221 0
122541 0
018499 1
095285 0
202019 0
241646 0
015594 1
199477 0
079428 0
149706 1
133594 1
034587 0
125362 1
125348 1
125346 1
015389 1
125345 1
119646 1
007085 0
120443 1
009206 1
120444 1
276258 1
000029 0
276313 1
153986 0
132864 1
120423 1
161499 1
132861 1
009243 1
121719 1
161498 1
174487 0
111824 1
174501 0
112153 0
174450 1
201299 1
126915 0
158211 1
174543 0
111800 0
126365 1
186279 1
166046 0
158208 1
126412 0
126811 1
126911 0
162170 1
126755 0
008471 0
288492 1
197375 1
043676 0
162355 1
011346 1
224948 1
182867 1
197368 1
165248 0
002004 1
175646 0
222309 0
149655 0
000065 1
067908 1
182710 1
258929 0
149657 1
015335 1
125402 1
126659 1
265436 1
175615 0
015607 0
288462 1
134253 0
006807 1
280013 1
182768 1
015412 1
125326 1
162689 0
015612 1
191565 1
002007 0
258977 0
007990 1
121396 1
165292 0
009204 1
004432 1
118612 1
162682 0
140902 1
189373 1
144221 0
175627 0
000863 1
004982 0
119343 0
149750 1
191572 1
015332 1
125405 1
191355 0
191099 0
067168 0
125403 1
121095 0
239051 1
239052 1
239039 1
254593 0
186142 1
183056 1
125193 0
067134 0
074799 1
027889 0
127226 0
012148 0
212914 1
148588 1
157800 0
276696 1
190064 1
095630 0
115142 1
157763 0
157767 0
239010 1
012273 1
176654 1
230245 1
075977 0
015577 1
031664 1
113360 1
223272 1
000008 1
057891 1
000812 1
157799 0
197387 0
058008 0
078934 0
191570 1
144043 1
011893 0
130627 1
141363 0
046441 0
147337 0
074426 1
107599 1
184793 1
078667 0
182848 1
280020 1
221534 1
242712 0
178175 1
186859 0
163288 1
078645 0
242843 0
125072 1
182989 1
239361 1
166913 1
009242 1
121718 1
004617 1
118818 1
008369 1
149189 0
074735 0
161550 0
161551 0
242420 0
123824 1
015500 1
125255 1
163321 0
009838 1
122215 1
149656 0
121383 1
125207 0
166167 1
007661 1
121115 1
078676 0
224907 1
224908 1
059466 1
123711 1
265395 1
126501 0
009001 1
121518 1
007005 1
177604 1
195202 1
078924 0
125209 0
186807 1
143498 1
012160 0
123801 1
194236 1
225169 1
289288 1
027892 0
239362 1
018383 0
058097 1
190113 1
166068 1
014904 1
125821 1
166256 1
157726 0
244210 1
288491 1
289290 1
019688 0
221535 1
086672 1
119312 0
153585 1
242725 0
230204 1
244183 1
143456 1
175635 1
163215 0
115163 1
007342 0
120877 0
126388 0
157562 1
027545 1
254565 1
233804 0
114585 0
109221 1
018520 1
152936 1
148079 1
124867 0
262969 1
197367 0
125414 1
029491 1
152754 1
221167 0
194282 0
216021 0
225166 1
197334 1
221435 0
140542 0
121221 0
124864 0
230912 1
024094 1
218897 0
144037 0
110024 1
145947 1
145954 0
243760 0
000522 1
017897 0
148795 1
068881 0
244220 1
004858 1
119148 1
058120 1
152763 1
141844 1
125901 1
123020 0
004816 1
119095 1
175259 1
128793 0
260616 0
001926 0
174037 0
238990 1
030303 0
064004 1
068878 0
068887 0
133837 1
227207 1
036299 0
255910 0
183055 1
197382 0
112894 0
014901 0
125823 0
227249 0
114580 0
183053 1
015319 1
125413 1
289306 1
289305 1
224870 0
289326 1
190112 1
183045 1
227221 1
086361 1
086303 1
227213 1
072277 1
105450 1
227224 1
118730 1
230921 1
016613 1
262796 1
178442 1
222713 1
265415 1
030002 1
018081 1
262808 1
177608 0
163861 0
233308 0
186805 0
085898 1
017818 1
085976 1
262807 1
109081 1
186801 0
195246 1
141785 1
257558 1
257555 1
031677 0
018250 1
116614 0
116621 0
133799 1
141790 1
027546 1
133833 1
125889 1
133787 1
000113 0
186800 0
009078 1
121586 1
186790 1
280004 0
037088 1
145651 0
197296 1
124904 0
123262 1
130684 1
233294 1
222652 1
123264 1
169886 0
135206 1
108946 0
223478 1
257570 1
115485 0
152880 1
187639 0
169936 0
000115 0
124906 0
240809 0
223487 1
130820 0
130828 1
034543 1
119133 1
177155 1
194205 0
240821 0
182121 1
089654 1
133572 0
240783 0
024458 0
232577 0
222988 1
222106 1
164127 1
164124 1
191172 1
124903 0
124907 0
223476 1
009965 1
122296 1
187131 0
146027 0
024475 0
121340 1
137443 1
109132 1
223458 1
183274 1
109167 1
125125 1
161522 1
147616 0
096417 1
145839 0
004462 0
118658 0
011293 0
095319 0
124885 0
146161 0
151366 1
000342 1
038504 1
142207 1
121234 0
102034 0
122295 1
015225 0
125519 0
033906 0
145835 1
145246 1
011985 1
257387 1
125521 0
276457 1
211560 1
089628 1
260444 1
128610 1
168987 0
124693 1
186041 1
064110 0
037944 1
064984 0
194012 1
241298 1
089596 0
155486 1
061348 0
026544 0
155482 1
001427 0
026464 0
257444 1
257445 1
155967 1
223253 1
137428 0
037997 0
146985 0
169029 0
095442 0
182137 1
010179 0
122487 0
280002 0
260381 1
147615 0
164241 0
125063 0
257332 0
260412 1
194019 1
257571 1
195537 1
125104 1
241155 1
145223 1
034562 1
195940 1
089567 0
155928 1
263904 1
155959 1
121339 1
134894 1
142765 1
125126 1
211532 0
183280 0
142199 1
211444 0
143038 0
260198 1
211455 0
204353 0
204364 0
155929 0
194680 1
278964 1
161546 1
161549 1
157279 1
157280 1
121317 1
008159 1
256383 0
256379 0
223832 0
230447 1
197426 0
263999 0
151307 0
151403 0
230446 1
223426 1
223427 1
121314 1
198485 1
200342 1
010235 0
122570 0
152221 1
152222 1
190348 0
257524 0
195553 1
257946 1
005469 1
120037 1
257522 0
158314 0
193466 1
011181 0
000420 1
260122 0
155953 0
010568 0
205342 0
199928 1
260153 0
205341 0
205349 0
156004 1
128469 1
156008 1
051805 1
018803 1
158322 0
000873 1
142932 0
257945 0
151864 1
194676 1
001493 0
018256 1
128935 1
163384 0
086490 1
220078 1
121577 0
264476 1
182221 1
090438 0
009071 0
121578 0
285671 0
140722 0
288037 1
010217 0
122537 0
177843 1
108329 1
230978 0
227239 1
016434 0
001087 1
190039 1
123548 1
177541 0
070164 1
103337 1
064553 1
264465 1
127627 1
288039 1
005091 0
119497 0
163417 0
076800 0
005415 1
119972 1
113401 0
288376 0
219947 1
128611 1
278213 0
111932 0
283439 0
040325 1
197385 0
197388 0
288344 0
195554 1
008536 0
125002 1
128860 0
129424 1
260713 0
230435 0
219949 0
264602 1
264600 1
223267 1
264194 1
182247 1
017507 1
129423 1
264182 0
119971 1
051806 1
129435 1
190050 1
007339 1
120874 1
051828 1
119961 1
123547 1
120036 0
265833 1
128125 1
265558 1
127595 0
127398 0
071433 1
104606 1
127626 0
125001 0
177845 1
001564 1
175217 1
266816 0
015465 1
125282 1
179101 1
257817 1
139601 0
108164 0
257807 1
127629 0
128477 0
014143 1
139575 0
261719 0
071428 1
104601 1
064833 0
196958 1
125297 1
261722 0
036798 1
144645 0
141765 0
197154 0
046174 1
145611 0
045667 0
045660 0
260304 0
113942 1
123890 0
179105 1
113936 1
046107 1
179110 1
070528 0
103701 0
070474 0
103646 0
220313 1
119365 0
001231 1
007817 1
121233 1
007792 1
290080 0
060633 0
005014 0
119393 0
075571 0
060619 0
088302 1
227831 0
080015 0
017429 1
163563 0
128703 0
169090 1
075353 1
164948 0
017378 0
075338 1
005092 1
176119 1
071969 0
072347 0
072650 0
072913 0
176165 1
176176 0
034781 1
034810 1
000411 1
191274 0
016375 1
004433 0
139016 1
067675 1
130095 1
174836 1
113434 0
015128 1
125611 1
194679 0
015307 1
125426 1
188784 0
067123 1
138961 1
018619 0
128697 0
035934 0
021994 0
148563 1
174848 2
227560 1
016345 1
148604 1
149949 1
150010 1
150048 1
150069 1
150086 1
006893 1
007032 1
007348 1
120526 1
120636 1
120881 1
289481 0
000521 0
116474 1
018735 1
195541 1
155349 0
067142 1
000076 1
200804 1
001197 0
275937 0
128070 0
163350 0
120668 0
037432 1
289471 0
195934 1
200799 1
077233 1
216206 0
215358 0
109429 0
179432 0
127656 1
191533 0
032527 0
179433 0
070655 0
103828 0
192636 1
139019 0
125427 1
127652 1
116657 1
116654 1
116328 0
116329 0
077257 1
116302 1
200727 1
227441 1
125620 0
180843 1
199905 1
125613 0
124774 1
118942 0
131288 0
000260 0
180678 1
095742 1
180888 1
180841 1
080518 1
180487 1
119601 0
180472 1
180478 1
199898 1
124060 0
192947 0
007224 1
111273 0
037087 0
200783 0
109225 1
158077 1
025957 1
193000 0
089745 0
195557 0
200805 0
148008 0
200802 0
225621 1
153584 0
004216 0
118316 0
227561 1
134270 0
180683 1
025942 1
109224 1
095852 1
095738 1
080510 0
095886 1
095645 1
095617 1
124765 0
124749 0
254571 1
124746 0
002306 1
009603 0
006525 1
143507 1
004370 1
126612 1
112148 1
081188 1
065180 1
276833 0
231124 0
060984 0
151494 1
060940 1
220529 0
081437 1
148593 0
079754 0
069502 0
102675 0
225613 0
168040 0
159480 0
124979 1
000010 1
131478 0
031274 0
159481 0
065161 1
238899 0
004634 1
118839 1
179849 1
032115 1
005077 0
119479 0
224647 0
111027 0
118836 1
032110 1
118819 1
060896 1
118741 0
060945 1
126598 0
078764 0
130284 1
027337 0
098388 1
028648 0
108462 1
000134 0
154628 1
001806 0
148730 1
108448 1
011768 1
286744 1
154647 1
155314 1
119391 0
028618 0
097801 1
100415 1
015305 1
125429 1
125430 1
030253 0
153363 1
063307 0
027047 0
030252 0
077942 1
055155 0
253225 0
012548 0
157075 0
017413 0
005650 0
120257 0
007285 0
171672 1
080076 0
077934 1
005017 0
154694 1
077914 1
286741 1
078849 1
152764 1
078830 1
148709 0
098350 1
078787 0
152768 0
084170 0
016221 0
155489 0
052043 1
052048 1
124361 0
159754 1
121150 1
125145 0
097092 1
202439 1
131000 0
131024 0
130353 0
130274 0
166677 1
016433 1
148220 0
130967 0
145765 1
129395 1
129398 1
005299 1
119792 1
138474 0
131025 0
017885 0
199111 0
195666 0
040689 0
195670 0
051989 1
131033 0
116623 1
258005 1
011310 1
185807 1
221711 1
130403 0
287253 1
002288 1
250251 0
114845 0
145450 0
279104 0
280581 1
034581 1
227228 0
130114 1
081667 1
130070 1
145832 0
166669 1
131027 0
148229 0
079758 0
018111 0
129047 0
035231 0
171676 0
000524 0
035232 0
129341 1
129343 1
130076 1
159814 1
130078 1
159863 1
010358 1
122679 1
081603 1
122645 1
147017 1
159937 1
081742 1
119764 0
066157 1
050198 0
168219 1
018013 1
069526 0
102699 0
242872 1
145865 1
091542 0
219869 1
065178 1
026133 1
258002 1
052276 1
219867 1
132802 1
084156 0
064500 0
132732 1
074622 1
100059 1
135675 0
227250 0
220160 1
011888 0
060443 1
219831 1
091546 0
273061 1
080813 1
006083 1
168484 0
219845 0
145851 1
032833 0
004930 0
119286 0
055254 1
130186 0
153087 0
155789 1
155790 1
199964 1
221790 0
255378 1
259168 0
259723 1
163385 1
118442 0
165583 0
053122 0
017924 1
111808 1
223941 0
000582 1
121906 0
255383 1
255384 1
195133 1
032114 0
182698 1
222371 1
