084219 1
084287 2
051255 0
051271 0
083135 1
075414 2
075418 2
082031 2
075309 2
115253 1
075311 2
084125 2
074954 2
079218 2
084307 1
083059 1
115355 1
074947 2
082884 2
083896 2
082091 2
080394 2
075159 2
083693 2
084381 1
083698 2
075501 2
075518 2
078452 2
082071 2
075161 2
043963 2
083906 2
075505 2
083171 2
081589 2
114464 1
077600 2
082096 1
084416 2
082459 2
075511 2
083019 1
077606 2
082887 1
082063 2
083753 2
051194 2
114640 1
081754 2
079223 2
081027 2
081650 2
081721 2
083173 2
083111 2
084327 1
082490 2
051488 2
078440 2
078188 2
075415 2
115400 2
084152 2
025548 0
075500 2
078234 2
051379 1
115508 1
083943 2
083811 2
083739 2
044080 2
075137 2
082757 2
078144 2
084191 2
043943 2
083723 2
051528 2
075517 2
084384 2
079363 2
078080 2
081685 2
044074 2
084477 1
091397 1
084271 2
075051 2
075417 2
079188 2
082743 2
083958 2
044072 2
074869 2
083965 2
044108 2
075503 2
044166 2
280412 0
081897 2
051503 2
079288 2
114647 1
084157 2
114483 1
079200 2
044075 2
078085 2
115430 0
078104 2
092037 1
079291 2
075120 2
084345 2
075513 2
083179 2
081648 2
084183 2
270009 1
084248 2
078823 2
084080 2
044367 2
079364 2
084155 2
083786 2
084090 2
083537 1
277006 1
081814 2
075608 2
083961 2
084474 2
043889 2
079145 2
075593 2
084113 1
081674 2
114523 1
078442 2
115343 2
083479 2
083578 1
081701 2
075906 2
083071 1
082822 2
074721 2
074557 2
084292 2
079837 2
082779 2
083968 2
079172 2
044023 2
075472 2
083053 2
083497 2
083746 2
074528 2
280411 0
084472 2
270015 1
079793 2
276904 1
078659 2
082829 2
081963 2
128261 0
078630 2
075561 2
051368 2
050832 1
044115 2
180268 1
082080 2
084202 2
081720 2
084096 1
044100 2
082615 1
084336 2
075186 2
029062 0
075325 2
051074 2
084335 2
083969 2
078259 2
082002 2
043965 2
270013 1
078285 2
270014 1
051078 2
137680 1
269640 1
081615 2
081748 2
083999 2
114413 2
079970 2
114487 2
154470 0
044184 2
083700 1
044193 2
081890 2
128267 0
051143 2
114467 2
084216 2
050972 2
051500 2
079167 2
078098 2
051251 2
113800 2
079325 2
088340 0
081911 2
084131 2
083975 2
083953 2
115394 2
044028 2
083168 1
043966 2
044194 2
114990 2
044106 2
084005 1
078445 2
115434 0
083530 2
051187 2
180323 1
083119 1
084211 2
082828 2
084149 1
084306 2
269586 1
078252 2
078128 2
080019 2
084109 2
082073 2
180277 1
114961 2
084073 2
114982 2
269649 1
081482 2
113836 2
165339 0
082764 2
081637 2
007106 2
120705 2
081922 2
114894 2
051073 2
084339 2
075191 2
082964 2
081768 2
081907 2
120692 2
081903 2
082144 2
081901 2
082769 2
084469 1
081807 2
081794 2
078164 2
115322 2
078458 2
082627 1
081698 2
084348 2
079641 2
084053 2
280733 0
114932 2
084045 2
084255 2
114972 1
084031 2
081506 2
081728 2
181231 1
115629 1
082124 2
114603 2
082614 2
271840 1
084439 1
219889 1
080884 2
269658 1
083699 2
044850 2
083027 1
084100 2
044258 2
219891 1
084117 2
115280 2
084118 2
089147 1
043937 2
084479 2
079341 2
114989 1
081778 2
084206 2
045120 2
084226 2
051068 2
079129 2
082629 1
045040 2
084147 2
089290 1
051079 2
083988 2
220004 1
080867 2
089165 1
165383 0
043927 2
043991 2
084197 2
084267 2
115039 1
182993 0
081229 2
114258 1
082577 2
181262 1
084098 2
083563 2
115034 1
051412 2
084074 1
084232 2
084116 2
083444 2
114342 2
114648 1
084154 2
115446 1
114873 2
045144 2
084052 2
078093 2
044255 2
277015 1
084069 2
114786 1
181139 0
084038 2
084475 2
079644 2
084718 0
084331 2
043929 2
084442 0
083686 2
083977 2
220007 1
082077 2
186597 1
082075 2
044339 2
115347 1
271898 1
081713 2
114295 1
044773 2
051431 2
083559 2
044832 2
079360 2
083694 2
051395 2
220514 1
083931 2
083932 2
083164 2
180630 1
084322 2
043879 2
075315 2
210897 1
083039 2
051397 2
084062 2
084178 2
005221 0
084413 1
113971 2
084318 2
078043 2
051150 2
081709 2
043864 2
114908 2
083887 2
045205 2
084128 1
221485 0
084112 2
084387 2
083940 2
079670 2
115129 0
184968 1
083884 2
210962 1
084317 2
084153 2
186599 1
084011 1
051202 2
181198 1
084006 2
211014 1
084085 2
084213 2
211015 1
225812 0
084304 2
084047 2
082969 1
075166 2
083159 2
184837 1
051207 2
115445 1
114987 2
051218 2
112097 2
044221 2
083432 2
083962 2
082099 2
084775 1
084596 2
084097 2
200993 0
277028 1
084075 2
114343 2
078303 2
080366 2
114003 2
062670 2
084101 2
180635 1
271910 1
083037 2
084583 2
082093 2
051557 2
115703 1
114556 2
084103 2
084111 2
083029 2
083684 2
005371 0
119895 0
079642 2
201061 0
083996 1
180299 1
114414 2
084120 2
083844 2
115674 1
084083 2
080426 2
081896 2
084457 2
051107 2
084696 1
048832 0
078049 2
084043 2
211776 1
223506 1
084076 2
081889 2
179693 1
179703 1
179961 1
179963 1
179999 1
180033 1
084360 2
084805 2
114570 2
114848 2
114852 2
115104 1
084106 2
115497 1
084081 2
180626 1
051210 2
084091 2
114436 2
082089 0
119844 0
271101 1
115113 2
051439 2
114465 2
113964 1
077703 2
083957 2
185592 1
051054 0
082088 0
223511 1
084175 2
084042 2
227351 0
089434 1
183648 0
080424 2
084252 2
083702 2
185588 1
185585 1
114484 2
271153 1
114703 2
044186 2
115121 2
083955 2
051069 2
074907 2
114673 1
084283 2
045204 2
000340 0
084308 2
108045 1
271292 0
271476 0
216367 0
015108 2
227388 0
084265 2
089197 1
115676 1
083836 2
113893 1
115136 2
180037 0
279827 1
146295 0
084249 2
084217 2
119786 0
185578 1
114738 2
177440 0
089248 1
089249 1
026969 0
124761 0
136354 1
083945 2
043964 2
003697 0
084281 2
185562 0
184499 1
185561 1
177748 0
084250 2
003831 0
044238 2
136059 1
044218 2
084617 1
045143 2
089454 0
084238 1
084110 2
080217 2
084243 2
068352 0
115069 2
270284 0
114410 2
078247 2
114015 2
079179 1
084017 2
075262 0
041079 1
135716 0
083701 2
084104 2
128276 0
083162 2
079147 1
115088 1
