085524 2
164457 0
164686 0
010305 1
018145 2
115245 2
010298 1
113573 2
113600 2
048903 0
169588 0
169587 0
117089 1
080586 0
007475 0
256080 0
025309 0
082362 2
110357 0
259958 0
117761 1
059641 0
259947 0
222397 0
155717 0
175621 0
124569 1
005560 1
124564 1
131477 2
111995 2
112019 2
133023 0
108852 0
069257 0
115942 2
112171 2
112158 2
112176 1
186941 0
186965 0
100793 0
100827 0
100839 0
110321 0
100855 0
100851 0
071261 0
104434 0
115917 2
009879 2
122234 2
185509 0
100838 0
199536 0
086613 1
