003980 1
005967 1
003896 1
136158 1
136692 1
021103 0
138144 1
135950 1
137744 1
138178 1
135746 1
135751 1
137646 1
138146 1
006059 1
003894 1
138330 1
003853 1
006008 1
003962 1
135885 1
138274 1
003966 1
003951 1
006131 1
138622 1
137715 1
004049 1
138224 1
070578 0
103751 0
137786 1
136613 1
087216 0
166442 0
276747 1
136238 1
136680 1
075034 0
136811 1
138148 1
136639 1
138123 1
003861 1
003870 1
008436 1
135756 1
137705 1
138150 1
187227 0
138119 1
137765 1
136592 1
006314 1
137985 1
137670 1
003944 1
137673 1
137648 1
137815 1
003859 1
003935 1
135851 1
004015 1
136690 1
137961 1
003880 1
137675 1
077354 0
135739 1
135741 1
137964 1
137658 1
137701 1
138170 1
137924 1
138180 1
138106 1
135854 1
136382 1
003955 1
135934 1
003916 1
003842 1
135784 1
136145 1
136777 1
138131 1
138133 1
137711 1
138108 1
136350 1
003895 1
137694 1
137617 1
137681 1
137888 1
136491 1
138234 1
137664 0
136423 1
076822 0
225620 0
138184 1
003868 1
069233 0
102406 0
137739 1
173852 0
137805 1
138121 1
141211 1
136387 1
005891 1
136585 1
135931 1
141374 1
138239 1
135773 1
137741 1
137847 1
138202 1
138727 1
141370 1
141367 1
166247 0
136661 1
141386 1
137784 1
137644 1
136540 1
138825 1
136468 1
050185 0
138509 1
135911 1
137703 1
135937 1
137845 1
138302 1
137989 1
137857 1
136881 1
138182 1
137259 1
141040 1
135747 1
135752 1
135900 1
135759 1
135767 1
138827 1
003884 1
138175 1
137788 1
003882 1
136378 1
138255 1
138135 1
138379 1
138245 1
040585 0
135809 1
266717 0
135818 1
135867 1
135791 1
135873 1
137726 1
138220 1
138800 1
003872 1
135858 1
136675 1
138127 1
138120 1
135780 1
136873 1
135926 1
138014 1
138548 1
136883 1
135738 1
136614 1
135855 1
003977 1
135732 1
135827 1
136420 1
135797 1
135886 1
077709 0
135750 1
005989 1
135761 1
135763 1
138129 1
137023 1
135830 1
135953 1
135916 1
135787 1
135869 1
135765 1
004047 1
135879 1
135942 1
069182 0
102355 0
137612 1
135771 1
136545 1
135744 1
135906 1
136505 1
138011 1
135935 1
135839 1
135728 1
217176 0
135951 1
136801 1
138174 1
135795 1
008463 1
003877 1
135783 1
135726 1
221523 0
135932 1
135890 1
135848 1
136404 1
135955 1
138200 1
135724 1
135742 1
137849 1
135754 1
135957 1
135835 1
135785 1
121978 0
138216 1
003976 1
136778 1
162848 0
084314 0
069207 0
102380 0
204653 0
136793 1
135776 1
135939 1
136591 1
003849 1
135914 1
135837 1
136400 1
136685 1
136167 1
138141 1
003959 1
003852 1
136425 1
003924 2
136695 1
136381 1
067018 0
135802 1
136503 1
135769 1
135793 1
003899 1
135736 1
137843 1
135838 1
136541 1
135799 1
136477 1
135824 1
135924 1
066802 0
136551 1
135872 1
136701 1
071912 0
105085 0
138232 1
135774 1
119511 0
079695 0
124761 0
078623 0
138034 1
135734 1
137666 1
135730 1
138647 1
138164 1
136580 1
160565 0
138294 1
136629 1
031115 0
137051 1
207788 0
075957 0
225449 0
135778 1
217701 0
136582 1
210377 0
213120 0
135852 1
067438 0
136664 1
003846 1
232240 0
135757 1
136396 1
218746 0
204681 0
210836 0
028709 0
179932 0
136441 1
136493 1
225446 0
258509 0
066587 0
136403 1
135860 1
136674 1
137258 1
135758 1
135777 1
135861 1
135938 1
003893 1
135817 0
135826 1
135766 0
135790 1
135753 1
135740 1
136590 0
135749 1
135731 0
136628 0
137197 1
137050 0
003914 1
137879 0
137881 0
135866 0
136399 0
136504 0
136547 1
135874 1
136660 1
136694 0
136408 0
136465 0
135868 1
136424 0
136499 1
135823 1
136490 1
136501 1
135878 1
135723 1
136476 0
136419 1
136672 1
135760 1
136792 1
136684 0
136644 1
136409 1
136430 1
138383 0
136466 1
135899 0
136550 0
137094 1
136605 1
136394 1
136586 1
137153 1
135743 1
136722 1
135794 0
135808 1
136595 1
138821 0
135735 1
136498 0
136500 0
135768 1
003874 1
135798 0
135889 0
006101 1
136507 1
136561 1
135923 0
004055 1
136393 0
138214 0
135936 0
136388 1
136593 1
136391 1
135836 0
136576 1
136880 0
003865 1
135727 1
135910 1
136775 1
135952 1
136700 1
136398 1
136450 1
136464 1
135733 1
135762 0
135764 0
136383 1
135786 0
137022 0
137958 0
136474 1
136386 1
135775 1
135925 0
136496 1
135779 1
136470 1
138222 0
135913 1
136546 0
005875 1
136882 0
136578 1
135829 0
136617 1
135737 0
135801 1
137839 1
136594 1
138279 0
138465 1
136544 0
138935 0
136663 0
137761 1
135782 0
138195 0
136502 0
136414 1
136449 0
135796 0
136492 0
136579 0
136581 0
003860 1
003994 1
004063 1
005915 1
005894 1
226201 0
226197 0
004023 1
136109 1
003941 1
136351 1
136149 1
135875 1
137141 1
003883 1
136435 1
005931 2
136691 1
136608 1
136610 1
004045 1
136836 0
003878 1
003971 1
004001 1
006014 1
136121 1
005979 1
003851 1
025439 0
136640 1
008631 1
135882 1
003979 1
135969 1
005945 1
003975 1
135479 1
136157 1
003969 1
003913 1
136673 1
004057 1
078687 0
003891 1
014118 1
003900 1
135502 1
136161 1
137841 1
223391 0
058035 1
135716 1
152669 0
025986 0
005904 1
003879 1
136009 1
025895 0
135865 1
136267 1
037960 0
135673 1
004024 1
222886 0
050964 0
137840 1
003888 1
135970 1
135495 1
003889 1
137820 1
135493 1
005906 1
137850 1
051167 0
135489 1
180766 1
006127 2
138228 1
222888 0
138277 1
137613 1
037946 0
137842 1
048887 0
136212 1
138078 1
003907 1
180763 0
138142 1
137762 1
138156 1
037348 0
004094 1
025602 0
138130 1
137742 1
137704 1
137740 1
005848 1
037961 0
136231 1
009886 0
135506 1
137618 1
138136 1
138621 1
138466 1
138128 1
137925 1
003890 1
138828 1
138183 1
137695 1
137716 1
205499 0
137697 1
135504 1
138826 1
137712 1
051232 0
003995 1
138132 1
138134 1
138015 1
138240 1
138623 1
137727 1
003876 1
137667 1
137749 1
137702 1
137645 1
139835 1
139851 1
135497 1
137682 1
138165 1
137649 1
188876 0
136203 1
138033 1
138092 1
137844 1
137706 1
137659 1
138035 1
137745 1
138012 1
137663 1
138233 1
138620 0
137848 1
226358 0
135508 1
137671 1
138648 1
136774 1
137789 1
136315 1
138201 1
138181 1
137846 1
138113 1
137647 1
137962 1
138295 1
137699 1
137990 1
038021 0
137785 1
137669 1
033009 0
078680 0
138157 1
138229 1
137674 1
138246 1
264137 0
196417 0
138185 1
025978 0
138353 1
012896 0
137766 1
027808 0
137720 1
137677 1
030870 0
137878 1
207347 0
137874 1
137828 1
137929 1
138352 1
137634 1
027807 0
137806 1
138380 1
138256 1
138275 1
137986 1
023246 0
137679 1
137787 1
137858 1
138179 1
138303 1
137935 1
138124 1
027085 0
138235 1
138151 1
138149 1
137816 1
137933 1
137737 1
138912 0
138203 1
023158 1
019114 0
138217 1
137735 1
137876 1
138029 1
137889 1
