226419 1
210803 2
210735 2
199662 1
211355 1
199768 1
207193 1
211988 0
201723 1
202309 1
206995 1
243224 1
201756 1
201815 1
253060 1
253501 2
216167 1
244451 2
191960 1
025484 0
184706 1
141618 0
197534 1
080223 2
253570 2
253575 2
253557 2
207523 2
244471 2
191952 1
275029 2
201813 1
184747 1
192027 1
197450 1
141604 0
253354 2
253425 2
197440 1
108832 1
206808 1
210748 2
253449 2
108911 1
253502 2
253558 2
253571 2
253576 2
210965 2
255936 1
257243 1
250887 2
243857 1
229701 2
233435 2
256022 1
275040 2
108912 1
109176 1
228781 1
256099 1
257343 1
201733 2
109198 1
237336 2
109210 1
257272 1
243843 1
282970 0
209712 0
237379 2
228910 1
183845 2
243559 1
079186 0
028839 0
101493 1
206698 2
183853 1
208535 0
185881 0
196187 0
253600 2
237378 0
196217 0
210978 1
199458 1
253602 2
275063 2
210756 1
243558 1
199482 1
108880 1
196133 0
243208 1
202689 1
256770 2
199483 1
253675 2
257917 2
256767 2
256345 0
267709 0
242947 2
253701 2
203074 0
287669 2
208975 1
163117 0
115184 0
145487 0
199558 1
196134 0
184695 2
287168 2
226922 1
263682 0
197170 0
199502 1
148897 0
276132 0
229964 2
163112 0
240791 0
229876 2
242624 2
234372 2
202334 1
207754 0
243756 0
203072 2
238027 0
201516 0
197176 0
203076 2
086685 0
079221 0
206423 2
158645 0
227462 1
015059 0
048852 0
200003 1
227546 0
228782 1
228911 1
210852 0
158671 0
165376 0
204211 0
205796 2
282982 0
196270 2
206434 2
187602 2
208579 1
234371 2
202237 1
258244 1
202384 1
258502 2
229632 2
225400 2
199799 1
255060 1
199800 1
206720 2
202363 2
208007 1
202398 0
243497 1
265042 1
199226 1
015242 0
255270 0
244423 1
244426 2
244436 2
017574 2
202794 1
244367 1
206709 2
244365 1
244366 1
201964 1
208546 2
201963 1
244732 0
240501 2
243496 1
244353 2
201638 1
243779 1
254881 0
001554 1
234290 1
224535 2
201958 1
199222 1
243401 1
243780 1
243818 1
208051 1
243811 1
202344 1
199967 1
244261 2
254637 1
257428 0
202262 1
275249 0
243561 0
136116 0
243402 1
234289 0
208414 1
257421 0
244363 1
146539 2
070171 2
103344 2
244136 1
070147 2
103320 2
250646 0
070150 2
103323 2
208029 1
208997 1
281992 0
258373 2
230124 0
199160 1
187674 0
244143 1
274400 0
208678 1
243528 0
274359 0
206797 1
205619 0
187662 0
190565 0
244425 2
281926 0
199153 1
199154 1
226164 0
128478 1
274418 0
244341 1
