051099 2
054715 0
054407 0
059396 0
053703 0
019248 2
222456 0
277543 2
022495 2
277523 2
083069 2
022411 2
026099 0
082783 2
135172 2
088138 2
050963 2
080280 1
003562 2
051087 2
122348 2
088112 2
135170 2
134309 2
088131 2
122350 2
135179 2
010046 2
122351 2
082609 2
056361 2
057368 2
051033 2
135374 0
081175 2
022232 0
082591 2
056316 0
007987 2
121394 2
071084 2
104258 2
071085 2
104257 2
081121 2
080427 2
082759 2
202193 2
080965 2
057131 0
080356 2
052712 0
202208 2
081013 2
113705 2
169436 2
082744 2
080399 2
134288 0
050137 1
182934 2
080993 2
019406 0
054720 2
121379 0
052696 0
004440 2
202245 2
223313 2
223318 2
210232 0
182919 2
198416 2
182918 2
202386 2
050124 2
138812 0
082391 2
149736 0
182922 2
080720 2
080756 2
138865 0
200629 2
136448 0
200230 2
082386 2
199195 2
200626 2
200630 2
213258 2
213275 2
199046 2
220721 2
220725 2
055470 2
213616 2
049841 2
168464 2
082646 2
219939 0
056866 0
080309 2
199169 2
156681 0
146406 2
138813 0
056808 2
047210 0
082547 2
263747 2
080722 2
056707 2
082500 2
080747 2
057019 2
083910 2
053228 2
220905 1
220966 2
263741 2
029875 2
181551 2
056529 1
054097 2
052268 2
054875 2
055463 0
267543 0
053561 2
029888 2
054926 2
052140 2
052269 2
050164 2
053013 0
056505 0
053170 0
052129 2
055523 0
051006 0
056486 2
052771 2
054563 0
052724 2
047018 0
083907 2
138668 2
055047 0
181537 2
082594 2
054194 2
054127 2
161806 2
053322 0
053476 1
054675 0
053627 0
048663 2
052537 2
054076 2
056087 0
048557 0
055712 2
064283 0
082618 2
267832 0
056473 0
111645 2
053319 0
111680 0
267565 0
054088 0
054916 0
054877 2
059343 0
064282 0
053381 0
082544 2
080365 2
057100 2
056857 0
082690 2
082692 2
080543 0
082598 2
080763 2
082660 2
080691 2
080782 2
082521 2
113721 2
080565 0
080791 2
055486 2
052516 2
080772 2
199994 2
084108 2
084107 2
052800 2
080713 2
080773 2
116411 2
080736 2
138802 0
080712 2
055599 2
080724 2
080449 2
080397 2
059400 0
052755 2
082244 2
080520 2
054798 0
116415 2
144656 2
048456 2
080682 2
080753 2
144615 2
080398 2
051402 2
054442 2
006580 2
055391 0
110933 2
054002 0
051359 2
110901 2
056744 2
055146 2
080588 2
082708 2
080514 2
057372 2
082711 2
053271 2
048384 2
077667 2
267459 2
080582 2
052720 2
080265 2
080447 2
082803 2
056342 2
080735 2
202631 2
080368 2
080149 2
082286 2
082300 2
080498 2
047658 2
055991 2
053200 2
082504 2
055311 2
049908 0
080729 2
054487 2
048181 2
055416 2
056430 2
055478 2
057128 0
053293 2
056741 2
047581 2
082797 0
054884 2
056680 2
080783 2
054049 2
054761 2
056187 2
056341 2
056492 2
080381 2
084847 2
223288 0
054896 2
055587 0
053602 2
056278 2
054331 2
080379 2
054869 2
236098 2
056755 2
055291 2
055645 2
056457 0
056097 2
054876 2
055588 2
056962 2
055880 2
093742 2
055185 2
055982 2
080611 2
056095 2
052177 2
057330 2
080723 2
052954 2
050224 2
080613 2
080708 2
053521 2
063658 2
060953 2
082329 2
080357 2
056511 2
056622 2
084127 2
053408 0
059371 2
082808 0
063807 2
039786 0
052932 2
082791 0
056326 0
080714 2
056700 2
080784 2
053534 2
080471 2
080571 2
080495 2
093611 2
030259 2
057335 2
080669 2
263346 0
080711 2
080349 2
080770 2
080341 2
055488 2
056714 2
080570 2
054218 2
030859 2
080702 2
080768 2
076879 0
263387 2
080657 2
163108 2
080340 2
039718 0
080700 2
052613 2
080466 2
080584 2
055487 2
054899 2
080474 2
053591 2
052837 2
057376 0
053000 2
056841 2
080740 2
055910 0
053159 2
055381 0
228639 2
080602 2
056615 2
080685 2
080597 2
055164 0
055550 0
080785 2
056127 0
080796 2
055162 2
050250 2
056070 2
054166 2
053423 2
080469 2
159804 2
053512 2
070975 2
104148 2
056851 0
090281 2
080701 2
054740 2
100425 2
082673 2
054210 2
062968 2
226994 2
051031 2
080718 2
056498 2
056737 2
054857 2
080754 2
053015 2
285181 2
050202 2
048583 2
057032 2
080693 2
240947 2
055612 2
055270 2
050150 2
056738 2
080792 2
048434 2
056182 2
285184 0
056476 0
056843 0
057140 0
100426 2
055292 0
055384 2
080635 0
054531 2
052806 2
055308 0
052179 2
051127 2
285147 1
055876 0
054251 0
271306 2
083572 2
080793 0
053245 2
080360 2
089683 2
227074 0
054682 2
055456 2
030857 0
056742 2
082370 2
059273 2
080694 2
228749 0
053111 2
055101 0
056100 2
059821 2
227073 0
227093 1
057036 2
056461 0
055525 2
065922 2
054011 0
082422 2
062870 2
056789 2
053152 2
055331 2
227963 0
055262 2
059290 0
081428 0
236038 2
053705 2
056516 0
056226 0
163105 2
055148 2
061105 2
054895 2
052111 2
054887 2
055087 2
054530 2
271408 2
055329 0
061014 2
054904 2
052956 2
054471 2
055398 0
054727 2
211196 0
005617 2
056724 2
056503 0
054728 2
055438 2
053314 2
052302 2
082383 2
054820 0
056181 2
053839 2
054867 2
053001 0
053610 2
054811 0
054587 2
055287 2
055068 2
052598 2
049042 1
052833 2
082562 0
052515 2
089022 2
230312 0
055895 2
053375 2
052953 2
082682 2
055600 2
055445 2
055200 2
053094 0
056770 2
056835 0
052815 0
053285 2
055276 0
050143 2
050371 0
056507 0
052744 2
053250 2
057317 2
051160 2
055385 2
054515 2
031645 0
230744 0
054529 2
055468 2
059298 2
056532 0
055323 0
057138 0
053003 2
080692 2
121762 0
051869 2
080591 2
243710 2
054409 2
057093 2
051842 0
054773 0
054202 2
050242 2
056419 0
053286 2
057334 2
055174 2
056695 0
054520 2
054871 2
052220 0
055723 2
230759 0
048603 2
056863 0
054283 2
055179 2
053597 2
053505 0
054227 2
054908 2
048202 2
054081 2
050588 2
050249 2
121752 0
057336 0
054234 2
055097 0
055541 2
035487 0
054817 0
054785 0
055613 0
054808 2
271307 0
054147 0
055390 0
055301 0
051005 2
054894 2
054090 2
056514 0
052561 2
023391 0
054834 2
055245 2
052361 2
060512 2
054201 2
053600 2
056716 2
201538 2
055710 2
006756 0
028796 0
053619 2
054901 2
056832 2
056263 2
083569 2
054732 0
056254 0
054480 0
049065 2
056186 2
054357 2
055871 2
054365 0
056397 2
054334 0
009293 0
121780 0
269199 0
050466 2
053243 2
224622 2
056467 0
175768 0
052965 2
051820 2
055918 0
054519 2
051819 2
057152 2
054278 2
052862 2
053141 2
052354 2
257418 0
053593 2
055392 0
257427 0
022292 0
053278 2
029849 0
052728 2
057353 2
054453 0
054577 2
056381 0
052610 0
055474 0
053124 0
080589 2
055692 0
056414 2
066264 0
048484 2
054445 2
083799 0
052301 2
059315 2
055309 0
043846 0
055159 0
052997 0
055592 2
056504 0
057145 0
076094 2
054170 0
056745 2
056839 0
054310 0
054279 2
052146 2
055190 0
049683 2
080284 0
083557 2
053753 2
053665 2
051582 2
054439 2
053241 2
053650 2
054488 0
054095 2
044050 0
081021 2
053687 2
057049 2
054179 2
056227 0
044038 2
057328 2
056384 2
056968 2
046870 2
055967 0
053050 2
051032 2
055356 0
055154 0
083518 1
055467 2
052495 2
052520 2
056044 0
052910 0
163241 2
015803 0
055089 2
080764 2
056151 2
080363 2
053485 2
054989 2
051780 0
054539 2
052911 0
051364 0
048750 2
053756 2
055500 0
055294 2
057311 0
084194 2
054094 0
050236 2
056061 2
055091 0
053552 2
080715 2
084192 2
053974 2
054872 2
053007 2
056346 2
051337 2
054968 2
087324 2
052405 2
054277 2
052433 2
052780 0
056210 2
048906 0
048907 0
080346 2
056852 1
053878 0
050244 2
051376 2
051110 2
052846 2
052701 2
053107 2
083466 0
054429 2
150360 2
054544 0
055236 0
056493 2
211870 0
055282 2
052762 2
054540 2
083514 0
053691 2
054758 2
054987 2
059422 2
053686 2
083517 0
052838 2
049698 2
050214 2
054077 2
055471 2
055713 2
036170 0
056523 0
054452 2
056051 0
055516 2
055951 2
052659 2
049406 2
057002 2
084584 2
083465 1
056053 0
053163 2
051733 0
053185 2
059407 2
053011 2
056821 2
053054 2
054801 2
050251 2
049912 2
080978 0
048442 2
083208 0
081060 0
230776 0
083513 0
080484 0
052741 0
224630 0
052926 2
054971 2
054975 2
052748 2
055442 2
051486 2
057079 2
080207 1
053009 2
055992 2
051509 0
051615 2
053704 2
053272 2
055738 2
081037 2
075515 0
080480 0
052882 2
001558 0
053076 2
052726 2
052591 2
157745 0
011210 1
078186 0
080221 2
056114 2
021770 0
055258 2
080171 2
052776 2
054753 2
059462 0
053477 2
053478 2
053479 2
083198 1
113508 0
158515 0
052871 2
059909 0
055160 0
048142 0
050414 1
082455 0
083483 0
054672 2
056794 2
001538 0
055995 2
056287 2
086428 0
054821 0
054138 0
052485 0
055790 0
056995 0
050241 2
222336 0
249697 0
051102 2
048531 2
056861 0
112682 0
051004 2
052722 2
053046 2
050778 2
055908 0
052555 2
052686 0
053039 0
052923 2
052657 0
052998 2
054274 0
053150 0
053158 2
052586 2
055036 0
055060 0
151125 0
053071 2
048831 2
235068 0
054638 2
056735 2
055412 0
049117 2
055621 0
083191 2
056485 2
047551 0
056307 2
050323 2
053030 2
054281 0
054714 2
050670 2
054787 0
055145 2
033175 1
050142 2
059890 0
050837 2
050426 2
056415 0
054803 2
054558 0
056870 0
059879 0
053738 2
056530 1
053020 2
056152 2
052567 2
054224 0
056324 0
052738 0
052939 2
054003 0
056358 2
055142 0
053867 2
056773 2
166498 0
166499 0
055539 0
053223 0
098844 0
055216 0
054665 2
062341 0
080730 2
055521 2
048416 2
053841 2
056019 2
062343 0
054045 2
090645 0
166093 0
166094 0
056448 0
090196 0
007807 0
046923 2
050331 0
054535 2
081427 0
052866 2
052865 2
052938 2
052544 2
053040 0
054526 2
051034 2
155603 0
050865 0
056515 0
052950 2
267325 0
084586 0
267231 2
011997 0
056218 2
031705 0
006394 0
050826 0
054117 2
080420 0
049230 0
225135 0
024411 0
056629 2
058831 0
052509 2
271310 0
056627 2
052840 0
052491 0
074727 2
052585 2
057077 2
057252 2
057253 2
057254 2
050118 2
056506 0
055875 0
144280 0
065884 0
013484 0
052785 2
053044 2
056820 2
055447 0
038692 0
151167 0
054225 0
052743 0
052649 2
052427 0
002396 1
077808 2
281678 0
055784 0
055122 2
010891 2
049057 2
056047 0
054800 2
016865 0
024350 0
024444 0
064375 0
283598 0
052729 0
093584 0
050116 2
052648 0
133270 1
052553 2
056131 2
054387 2
052764 2
052638 0
056018 2
026709 0
257779 0
049696 0
052340 0
055542 0
056850 0
055706 2
054962 0
052887 2
052896 2
224970 0
057139 0
055877 0
013811 0
056318 0
054707 2
053745 2
053213 0
054066 2
052542 2
055435 0
078158 0
052517 2
053828 2
054601 2
271761 0
002325 0
054415 2
055123 0
052779 2
048792 2
255353 0
015742 0
054393 0
052742 0
072054 1
072432 1
072735 1
072998 1
073258 1
073514 1
073776 1
074033 1
074293 1
105227 1
105605 1
105908 1
106171 1
106431 1
106687 1
106949 1
107206 1
107466 1
250556 0
129876 0
056723 2
