158922 2
006786 2
120466 2
005342 2
119850 2
006780 2
119846 2
120462 2
075040 1
006785 0
120465 0
006784 0
120464 0
026641 2
027150 2
002204 2
155971 2
077760 2
026347 2
141615 0
033090 2
112565 2
082642 2
112584 2
285292 0
158965 0
077410 2
178752 1
006783 2
120463 2
178713 1
107948 2
224867 1
002461 0
076153 2
107959 2
224875 1
224876 1
075820 2
178696 1
232859 1
285286 0
075784 2
220481 2
178615 1
232864 1
075778 2
019066 2
230775 2
108052 2
079078 2
178592 1
160977 2
076403 2
076304 2
158971 0
011047 2
076286 2
015206 2
125541 2
018228 2
128947 2
161033 2
003986 2
127156 0
110114 2
220479 2
284679 1
217696 0
161029 2
011219 2
000428 2
080788 2
034150 2
000265 2
050374 2
284680 1
096720 0
224226 1
052946 2
110373 2
144752 2
050273 0
075342 1
117225 1
012260 0
082151 2
159895 1
144806 2
269910 0
049544 0
069102 1
102275 1
096724 2
207853 1
129711 2
165086 1
050964 0
159880 1
159881 1
165084 1
025609 0
212679 0
153493 2
270146 0
038038 0
075479 2
003924 0
029536 0
029538 0
029540 0
222837 0
165140 2
