064578 0
086457 0
050307 2
050457 2
080529 2
076262 2
087883 2
066406 2
088975 0
064277 2
085197 2
085195 2
085188 2
085127 0
085893 2
083085 2
086195 2
086247 2
086281 2
081228 2
081202 2
093167 0
063150 2
085857 2
089741 2
089730 1
089725 1
033382 2
092177 2
092043 2
092103 2
085072 2
084146 2
079292 2
047277 2
087573 2
087617 0
087912 2
049475 2
049397 2
273177 0
042342 2
032387 2
032418 2
086269 0
063986 0
257215 2
257221 2
224352 2
224351 2
111811 2
259595 2
259586 2
144206 2
011051 0
075350 2
075221 2
079851 2
079856 2
111760 2
074944 2
074961 2
074960 2
262917 2
087960 2
087808 2
087812 2
087961 2
273302 2
273538 2
273715 0
034694 2
050503 2
050534 2
060816 2
088646 2
088668 2
126182 1
126196 0
259301 2
109558 2
050023 2
050070 2
026021 2
026130 2
024555 2
024498 2
020205 2
084880 2
087556 2
087528 2
067594 2
144476 1
038222 2
260224 0
081520 0
019546 2
273551 2
260236 0
081529 0
085327 2
085454 0
038162 2
144507 2
144252 2
025985 2
075088 2
075542 2
075260 2
025910 2
023641 2
023753 2
067631 2
067658 0
025882 2
087470 1
083126 2
083141 2
024738 2
024736 0
020981 2
041685 0
096160 2
096120 2
050451 2
050306 2
050455 2
023834 0
260392 0
050469 2
097289 2
059012 2
083324 2
097366 2
097433 2
087861 2
087863 2
087862 2
039992 2
051578 0
064073 0
097738 0
092881 0
226250 2
051283 2
051421 2
025918 2
117581 0
273611 0
036187 2
036297 2
036089 0
041907 1
041903 1
046023 1
046005 0
096414 2
080176 2
081276 0
027973 0
024500 2
182519 2
265780 1
260256 0
087206 0
185809 0
016513 0
020220 0
090807 0
112495 2
112499 2
047817 1
070531 0
111631 0
064091 2
040923 0
092890 0
097807 0
260387 0
041680 0
027998 0
036440 0
090806 0
260257 1
260258 1
185802 0
020216 2
020217 2
103704 0
040912 0
092809 0
097749 2
036452 0
040941 0
040808 0
036377 0
041004 0
036407 0
040942 0
036376 0
047799 2
051284 2
044865 0
083398 0
024149 2
024512 2
024509 2
089846 2
042556 0
044095 0
087137 0
080838 2
080824 2
069506 1
102679 1
282110 0
069829 2
103002 2
069800 2
102973 2
069532 2
102705 2
069422 2
102595 2
069765 2
102938 2
109243 0
030281 2
026282 0
058765 2
088695 0
109347 0
090855 0
021151 2
020995 1
021027 2
021024 2
200139 0
048672 0
020434 0
128029 0
179719 0
001436 2
001831 0
028895 0
249766 0
088162 0
089687 0
069489 0
010673 0
110407 0
236799 0
126448 0
037485 0
220274 0
141045 1
023645 0
258246 0
254847 0
129788 0
043907 0
152067 0
101114 0
175541 0
087136 0
108005 0
078126 0
090049 0
051108 0
030376 0
044867 2
262593 0
214159 0
280947 0
019666 0
071439 0
090288 0
042591 0
108652 0
126414 1
281394 0
089017 0
220351 0
109330 0
048694 0
089690 0
062070 0
109258 0
102662 0
089774 0
071399 0
220276 0
090289 0
109273 0
108028 0
214173 0
090063 0
104572 0
104612 0
090125 0
141431 0
024777 2
024704 2
024209 0
126417 0
033668 0
092873 0
261086 0
180530 0
271580 0
034557 0
066837 0
050824 2
050801 0
263841 1
263890 2
264107 2
081856 0
271858 0
024794 0
057405 0
108447 0
168576 0
087827 2
020447 0
274621 0
191559 0
180637 0
289679 0
111758 0
132772 0
005186 1
024491 0
024768 0
024778 2
024705 0
114099 0
159633 0
102032 2
016455 0
028055 0
015435 0
061077 2
098288 2
000370 0
150154 0
271579 0
024251 0
090003 0
285404 0
122907 0
198701 0
023304 0
019541 0
092787 0
085124 0
039616 0
134161 0
081823 0
276170 0
033410 0
159218 0
024788 0
269428 0
225769 0
271911 2
125305 0
289673 0
066843 0
129500 0
161434 0
168560 0
090007 0
033438 0
180445 0
150158 0
017870 0
279209 0
276171 0
201479 0
168561 0
159230 0
197895 0
134162 0
129192 0
142259 0
202625 0
198723 0
195533 0
127412 0
201300 0
261088 0
197896 0
264417 0
017431 0
199333 0
198734 0
129479 0
262160 0
228697 0
098386 0
061099 0
087828 2
087852 0
100779 0
061576 0
099542 0
100760 0
061598 0
235845 2
235852 2
015651 0
010398 0
085576 0
024906 0
047688 0
272415 0
255466 0
182388 0
097141 0
085911 0
283588 0
061600 0
016842 0
008778 0
090880 0
031608 0
229096 0
021679 0
023850 0
040149 0
130378 0
181418 0
021906 0
168150 0
198721 0
239566 0
069425 0
128138 0
000379 0
264268 0
084913 0
157030 0
018717 0
085252 0
039576 0
148348 0
124496 0
018887 0
094492 0
198700 0
115716 0
088233 0
047452 0
099625 0
087393 0
272539 0
089333 0
023869 0
283599 0
037934 0
090995 0
102598 0
087742 0
083020 0
085973 0
099626 0
130691 0
016460 0
083405 0
168025 0
099692 0
088239 0
087110 0
099636 0
089340 0
084200 0
083060 0
100444 0
083754 0
