230317 0
264419 0
270985 0
194182 0
197669 0
263494 2
263492 0
263493 0
273164 0
271698 2
271768 2
271351 2
271350 2
271355 2
271378 2
271834 2
271894 2
272000 2
271895 2
270358 1
270273 2
256655 0
274514 2
274519 2
256415 2
256411 2
271999 2
277364 2
284745 2
284744 2
271530 2
271540 2
270472 2
270423 2
270435 2
271397 2
230890 0
260984 0
236641 0
166832 2
166675 2
166676 2
166674 2
286426 2
286423 2
270533 0
162277 0
175936 0
265074 1
265062 0
264930 0
018426 0
265404 0
022838 2
163016 0
256485 0
230671 0
134015 0
272819 0
274611 0
053259 2
054553 0
056148 2
055785 0
271141 2
256169 2
256647 0
257604 0
257613 2
265028 0
230289 0
257612 2
271050 0
232390 0
276247 0
236795 2
259710 0
134980 0
025657 2
271661 2
179394 2
264920 2
162249 2
162688 0
230303 0
176057 0
230859 0
259699 0
273162 0
268467 0
270532 0
128816 0
272820 0
264928 0
197647 0
274606 0
230810 0
230849 0
274558 0
276229 0
274307 2
274509 2
274316 2
284746 2
271394 2
271990 2
271988 2
274506 2
270264 2
270361 1
264921 0
282040 0
286783 2
271388 2
271393 2
277278 2
271367 2
271283 2
271520 2
271531 2
271542 2
270922 2
270933 2
270982 2
276146 2
276158 2
276209 2
243771 2
276990 2
277146 2
255783 2
272219 2
272223 2
272220 2
272224 2
269257 2
269253 2
268971 2
268931 2
259937 2
259941 1
270298 2
270299 2
279586 2
279587 2
279601 2
288265 2
288310 2
288296 2
068401 0
271087 2
271242 2
289398 1
289397 1
288485 2
288487 2
288476 2
288486 2
272169 2
272128 2
272129 2
272001 2
277292 2
277343 2
277290 2
075085 0
257603 2
244533 2
274253 0
270142 2
270143 2
269944 2
270999 0
270625 2
252303 2
269795 2
231427 0
004718 2
118970 2
087220 0
256422 0
272403 0
273711 0
178151 0
107802 0
022464 1
274438 0
256474 0
276113 0
068443 1
067444 1
067356 1
017639 1
258098 0
282041 0
256419 0
274254 0
074588 1
080104 0
276084 0
068420 1
067424 0
282032 2
276020 1
004588 2
184875 2
283650 1
284823 1
276967 1
276973 1
281000 1
283638 1
283576 1
283577 1
269180 2
107758 0
260562 2
236978 2
236986 2
283635 1
283636 1
186268 0
264069 2
264098 2
264099 2
281670 1
281662 0
231185 0
192599 0
231912 2
231913 2
231908 2
231888 2
231886 2
128524 0
279002 1
286424 2
286427 2
275280 0
165343 2
165345 2
068071 0
200650 0
067338 0
164033 0
276138 2
269943 0
057113 0
275686 0
144136 0
270572 2
270356 2
155942 2
279962 1
178613 0
182634 0
199701 0
082651 0
080113 0
197155 0
151006 0
055964 0
041895 2
041782 2
192692 0
276922 0
067327 0
289276 0
186246 0
005624 0
164103 0
275472 0
195574 0
200613 0
178687 0
107794 0
144138 0
194269 0
197151 0
164122 0
056640 0
276956 0
164129 0
196780 0
120228 0
192835 0
151043 0
196440 0
164141 0
197118 0
192836 0
192875 0
120229 0
196781 0
164147 2
194043 0
196782 0
193906 0
196787 0
194375 0
273448 0
281708 1
284241 0
247415 0
264243 0
170618 0
271392 0
205891 0
109622 0
175090 1
287750 0
268961 0
157136 2
017935 0
262911 0
144318 0
142659 0
237036 0
050270 0
270987 0
065672 0
276906 0
164223 0
190852 0
233148 0
285304 0
271387 0
284242 0
154957 0
165250 0
278512 0
269307 0
144172 0
264257 0
162819 0
284160 0
236835 0
267933 0
247384 0
235141 0
221429 0
050369 0
159852 0
277428 0
225764 0
284330 0
264148 0
258195 0
267401 0
237052 0
247028 0
154427 0
279053 0
210727 0
270939 0
256582 0
264256 0
236883 0
259841 0
244910 0
154958 0
287774 0
267151 0
279064 0
284985 0
270986 0
267238 0
201220 0
221180 0
164091 0
275171 0
234835 0
254994 0
154881 0
280219 0
226749 0
225781 0
160331 0
279055 0
234849 0
276653 0
273216 0
155031 0
284974 0
235789 0
267160 0
254519 0
158185 0
234820 0
276458 0
254610 0
182488 0
192394 0
176308 0
267334 0
243031 0
229488 0
152397 0
232476 0
237403 0
157139 2
133315 0
020292 1
273888 2
273903 2
281688 0
026175 2
122273 2
275405 0
179362 2
179376 2
179396 2
159790 2
159848 2
159864 2
000401 1
173799 0
012058 2
076767 1
012192 1
017780 1
150757 0
256272 0
069958 0
165280 1
256840 2
245012 2
256003 2
252746 2
276230 0
041785 0
115721 0
054209 0
271602 0
230831 0
162772 0
263327 0
164102 0
289578 0
057352 0
231276 0
288700 2
133325 0
234399 0
287346 0
266188 0
280417 0
237638 0
015108 0
183066 0
230073 0
058091 0
123025 0
054524 0
288522 2
168674 0
083072 0
145135 1
270148 2
270145 2
270147 2
270144 2
270175 2
270169 2
014212 0
269787 0
068864 0
257384 1
264363 2
182335 0
163746 0
274677 0
283637 0
045271 0
159148 0
271057 0
016962 1
273873 0
276248 0
288866 2
288867 2
260865 2
254804 0
103131 0
269452 0
183157 0
182609 0
041731 0
054573 0
164032 1
263331 0
275388 0
237654 0
183177 0
041784 0
182360 0
237693 0
182601 0
182256 0
237645 0
264318 2
013632 0
288519 2
288513 2
260906 2
053288 2
130647 2
130641 2
130658 2
130652 2
130732 2
130908 2
010320 2
011466 2
014885 2
005022 2
119401 2
011650 1
070479 2
103652 2
070538 2
103711 2
070452 2
103625 2
070404 2
103577 2
069400 2
102573 2
070643 2
103816 2
070628 2
103801 2
070540 2
103713 2
077133 2
017213 2
011907 1
116218 2
053599 2
124412 2
011628 2
010258 2
070228 2
103401 2
070191 2
103364 2
124435 2
001495 2
019438 2
001215 2
011829 2
098057 2
098058 2
130868 2
067693 0
001225 2
016117 1
016162 1
015421 1
124338 2
124286 2
154345 0
011906 0
035064 0
011236 0
288698 2
176821 0
133489 0
260121 0
234994 0
026246 0
117016 0
165277 0
263094 0
257881 0
254308 0
164128 0
236241 2
241706 1
252524 2
234818 0
176814 0
035060 0
133488 0
234807 0
235826 0
035043 0
002586 2
176832 0
234829 0
234738 0
234845 0
234853 0
234856 0
234858 0
235040 0
235039 0
235317 0
235066 0
234799 0
070192 2
103365 2
017410 2
129499 2
101997 1
064532 0
014613 2
051153 2
043878 2
054555 2
130744 2
000361 2
001038 2
130433 2
017808 0
068433 1
000637 2
044652 2
045042 2
044653 0
001172 2
050144 0
068452 2
005669 0
251147 1
241723 1
241724 1
241712 1
241752 1
241710 1
241849 1
241693 1
259110 1
259114 1
241601 1
258102 1
241722 1
241725 1
241753 1
056754 2
057287 2
056299 0
036530 1
000100 1
000268 2
130902 0
130161 0
064941 1
052782 2
052957 2
081074 2
077929 0
054207 0
009142 0
051558 2
044135 2
044010 2
044541 0
088119 0
124461 0
123847 2
123795 0
009036 0
075408 2
069460 2
102633 2
131844 0
050419 2
050321 2
011409 0
009526 0
010279 1
119214 0
014921 0
052333 0
057053 0
044507 0
003630 0
014945 0
005259 0
061722 0
050208 0
063747 0
005964 0
120278 0
130104 0
112875 0
044440 0
089432 0
121400 0
064192 0
053858 0
099396 2
050479 0
088177 0
064051 0
112850 0
135464 0
088036 0
135461 0
241789 1
241952 1
064837 1
182807 0
053077 0
259113 1
259109 2
067049 1
130945 2
241928 0
065849 1
119480 0
000402 2
030891 0
001833 2
081943 0
179129 2
003755 1
026835 0
098643 0
068340 1
066139 0
067932 2
175112 0
067814 0
067004 1
067154 0
049908 0
009470 0
252678 0
028912 0
003695 1
003720 1
046083 0
135551 0
020574 2
024602 0
034789 0
239275 0
090215 2
123900 2
139097 0
023708 1
088789 0
085169 0
123144 0
235335 0
065967 0
066050 1
284538 0
088089 2
053483 0
028506 0
050847 0
004460 1
118649 1
031324 2
004895 1
119230 1
035375 0
163189 0
039089 0
023660 0
029023 2
028993 2
065082 0
001497 0
007915 2
163223 0
016155 1
182480 0
020335 0
065026 0
098542 0
141647 0
267213 0
075686 0
030596 0
034474 0
054427 0
030958 0
030912 0
075237 0
067124 0
182551 0
119426 0
239295 0
049841 0
123241 0
027015 0
065970 0
182554 0
098634 0
023543 0
267584 0
038826 0
130213 0
052705 0
119547 0
266066 0
023811 0
179119 2
178922 2
031255 2
016149 1
136173 0
017104 2
017108 2
175035 2
175018 2
003435 2
069011 2
067533 0
003574 1
004067 1
065710 1
066712 0
006380 1
006194 1
003572 1
006419 1
003887 1
003473 0
002344 2
116236 1
115782 1
117757 1
117725 0
119351 0
065688 0
116011 2
115621 0
115664 1
115410 0
074495 0
206357 0
003667 1
169183 0
016676 2
109308 0
137173 0
116309 1
116550 2
030666 0
068375 0
068095 0
031393 0
065797 0
228943 0
065494 0
072857 0
036310 1
068732 0
185804 0
065352 0
068603 0
065528 0
275071 0
067856 2
068438 0
074466 0
068610 0
169184 0
067024 0
068324 0
119352 0
066847 0
228942 0
079958 0
107668 0
074435 0
030635 0
109306 0
065763 0
275081 0
106030 0
065539 0
068360 0
065576 0
107639 0
065351 0
067729 0
068600 0
107608 0
067030 0
074496 0
074497 0
065577 0
068249 0
107669 0
107670 0
068242 0
068229 0
068230 0
065242 0
068251 0
068956 0
068143 0
067857 0
068245 0
108535 0
036324 0
116182 1
003823 1
003612 2
003614 2
003573 0
003613 0
154175 0
048229 2
048223 2
048230 2
089356 2
099941 0
003599 1
004062 1
003615 0
100907 0
136936 0
003625 2
002822 0
005880 0
003681 0
003672 0
140424 0
003437 0
137385 0
094561 0
051126 0
243452 0
119216 0
036314 0
010272 2
131063 0
013246 0
078150 0
030964 1
138532 0
168246 0
004107 0
128623 0
115411 0
036449 0
119043 0
117922 0
120554 0
003576 0
063812 0
111376 0
008338 0
036418 0
051851 0
272782 0
149396 0
153497 0
004899 0
128503 0
124200 0
123029 0
003439 0
007755 0
135413 0
002617 0
087652 0
050819 0
261892 2
260509 0
109788 0
008615 0
229603 0
139151 0
191902 0
114952 0
289771 1
259905 0
119221 0
108517 0
138534 0
118220 0
012154 0
120555 0
250638 0
136940 0
149432 0
128437 0
153464 0
119237 0
190670 0
119041 0
140322 0
260547 0
137075 0
191900 0
154176 0
220496 0
194696 0
259904 0
220393 0
220476 0
220489 0
048285 0
261891 2
030970 1
048340 0
048308 0
003432 0
115761 1
270607 0
004065 2
062639 0
162308 2
162306 2
023466 0
003756 1
174989 1
174979 0
174988 1
003584 2
137003 2
017522 0
071622 0
111941 0
032802 2
043363 2
149156 0
040862 0
215184 0
003919 0
024647 0
284758 0
255208 0
136771 0
098675 0
076270 0
047370 0
019676 0
134439 0
065699 0
164354 0
014920 0
034987 0
142179 0
027024 0
285296 0
272824 0
043128 0
164859 0
280735 0
079463 0
111899 2
111911 2
111905 2
285546 0
187996 2
127680 0
234740 0
039879 2
124791 0
059910 0
146349 0
069794 2
102967 2
069838 2
103011 2
229256 0
020089 2
020096 2
020090 2
051746 0
272805 0
260972 0
244881 0
016452 0
077773 0
108412 0
186350 0
181309 0
182674 0
222277 2
261938 0
284784 0
124986 0
104795 0
046481 0
127674 0
076268 0
024616 0
048108 0
019681 0
272833 0
280762 0
260973 0
146409 0
280764 0
124792 0
280782 0
146342 0
280784 0
146352 0
280699 0
040407 2
040330 0
221928 2
221541 2
220252 2
220999 2
221012 2
219909 2
219904 2
187998 2
008742 0
069142 0
005990 2
003570 0
003886 0
137154 0
136944 0
112180 0
135662 0
006182 1
006421 0
134271 0
050636 0
112262 0
033834 0
158693 0
141423 0
008448 0
017673 0
020179 0
066102 0
019317 2
019311 0
167291 0
050380 0
264235 0
003640 0
112229 0
031402 2
031377 2
034233 0
030969 2
142846 0
179063 2
