145072 2
149718 1
258702 2
177758 0
147702 2
192073 2
177674 2
177735 2
177759 2
145863 2
152884 2
152890 1
152896 1
208884 2
213033 2
153984 2
153966 1
237588 2
165771 2
150019 2
150031 2
150029 2
150011 2
150037 2
150026 2
163379 2
193164 2
152075 2
150563 2
151207 2
168530 1
168527 2
265185 2
285262 2
285270 2
285273 2
285278 2
150921 2
259343 2
261223 2
159282 2
226019 2
256706 0
272064 0
268368 2
268383 2
267191 1
277942 2
277939 1
233010 2
267475 0
099728 1
100768 2
100742 2
235250 2
235248 2
235287 2
037176 2
034925 2
035139 2
034924 2
037318 2
037251 2
035590 1
139511 2
147414 1
263670 1
041935 2
285261 2
285269 2
285272 2
285277 2
287875 2
259221 2
258910 0
190408 1
019912 2
137999 1
003080 0
002465 1
267298 0
256705 2
177734 0
038707 2
002820 0
043037 1
266837 2
266856 2
128777 2
280341 1
256709 0
272055 0
177673 1
028140 0
026915 2
288132 2
038385 0
044717 1
044705 1
272091 0
235256 2
188321 0
233026 2
280360 2
256708 2
018475 2
128774 2
279957 2
192069 2
175467 0
131565 2
152504 2
149728 2
152030 2
014308 0
270198 2
085633 0
163186 2
163155 2
153100 0
191736 2
191737 2
152505 1
238047 0
138374 0
224125 0
225002 0
132780 0
258917 0
243609 0
153204 0
155907 1
190825 0
150915 0
169821 0
266333 0
144160 0
224126 0
134837 0
166230 0
227552 0
129712 0
145922 0
243630 0
147086 0
140848 0
154219 0
175460 0
134000 0
266308 0
150967 0
138382 0
243649 0
224124 0
147076 0
132821 0
138405 0
175487 0
224094 0
151652 0
134064 0
132786 0
134830 0
150966 0
175466 0
144956 0
129849 0
154198 0
002682 0
175485 0
151658 0
132779 0
144954 0
145928 0
146502 0
132419 0
134905 0
138848 0
133670 0
002886 0
129729 0
132678 0
144948 0
132431 0
134997 0
139763 0
130243 0
132655 0
144952 0
129808 0
132694 0
134895 0
129807 0
130244 0
132446 0
132693 0
135019 0
133660 0
134832 0
134896 0
163134 0
151035 0
156837 0
213077 0
263662 1
263694 1
268794 0
152112 0
140293 0
076564 0
149840 0
235328 0
266380 0
136850 0
022728 0
056337 0
043087 0
174824 0
163131 0
279819 2
279824 2
170307 0
141104 0
079076 0
196808 0
267189 0
127209 0
179047 0
144891 0
136818 0
264717 2
258124 0
158871 0
233506 0
162192 0
165616 0
289958 0
198541 0
037767 0
261691 0
144068 0
235732 0
043080 0
162656 0
238043 0
232406 0
259342 0
271300 0
213076 0
242002 0
153674 0
271273 0
164295 0
146588 0
161736 0
234936 0
