151975 1
151970 1
227899 1
227906 1
019024 1
195548 1
224581 1
264966 1
280349 1
004286 1
118117 1
117779 1
117670 1
039553 0
131710 1
131991 1
017925 0
123258 0
019044 1
019049 1
176005 1
175921 1
153092 1
019052 1
125215 1
125217 1
089061 0
000034 0
163710 1
163706 1
132649 1
194911 1
006944 1
120565 1
150616 1
150646 1
011914 1
264450 0
186153 1
238718 1
124686 1
143114 1
143096 1
143097 1
142967 1
130622 1
000416 0
156429 1
040248 0
124845 1
221910 0
009185 0
202158 2
006069 1
101432 1
023634 0
239926 1
240106 1
240178 1
240193 1
239801 1
170684 1
170724 1
170725 1
113429 0
126899 1
079720 1
079728 1
008658 0
211219 1
170341 1
170342 1
077040 1
069102 1
102275 1
014868 0
193896 1
193884 1
193879 1
018506 1
126986 1
127130 1
068098 1
068097 1
068042 1
068068 1
191765 1
122735 1
010035 1
011766 1
122835 0
122837 1
133523 0
011435 0
153547 1
131417 1
089060 1
123163 0
113498 0
192383 0
125163 1
170685 1
170686 1
193883 1
134292 1
134263 1
134184 1
134010 1
133845 1
002786 1
194990 1
195033 1
000862 1
124789 1
153089 1
182699 1
182728 1
182729 1
182764 1
133844 1
133846 1
018784 1
146633 1
134964 1
134983 1
013183 1
242134 1
193361 1
242110 1
239536 0
136118 1
136186 1
136117 1
136039 1
136041 1
163938 1
163957 1
134871 0
011861 1
124970 1
124968 1
124971 1
170340 1
154544 1
154697 1
242111 1
242135 1
238726 1
185796 1
185844 0
108531 1
238727 1
238942 1
160294 1
137998 1
137972 1
263623 1
263604 1
263513 1
223477 1
265548 2
265549 2
002292 1
000921 1
157978 2
157982 2
054705 2
153304 1
153071 1
163705 1
163719 1
128998 1
018304 1
128899 1
154560 1
228038 1
003963 1
001618 1
177083 1
161392 0
155696 1
263622 1
175589 0
163921 1
289135 1
019060 1
128133 1
177036 1
236702 1
131858 1
264978 1
231767 1
239496 1
219454 1
191665 1
191824 0
161349 0
189677 0
189891 0
175685 1
242084 1
153072 1
242092 1
242067 1
002787 1
137940 1
054618 1
137971 1
128111 1
069751 1
102924 1
142411 1
010435 1
141961 1
008246 1
196390 1
200641 1
200642 1
200643 1
008802 1
139313 1
008909 1
179911 1
179912 1
179722 1
181986 0
001613 1
267006 1
160320 1
269578 2
269692 1
269705 1
069827 1
103000 1
176264 1
011905 1
153515 1
124862 1
169002 1
258700 1
258706 1
259550 1
258684 1
100509 1
100420 1
001449 1
202902 1
289357 1
196226 1
182492 0
185800 0
192125 1
191972 1
017805 1
223420 1
159029 1
159020 1
159023 1
159008 1
159026 1
158874 1
031676 1
123161 1
144752 1
011219 1
155452 1
157425 1
157426 1
124511 1
014825 1
130560 1
169151 1
167069 1
156544 2
152259 1
255914 1
255941 1
255850 1
131866 1
131869 1
066541 1
268346 1
191007 1
269357 1
153157 1
069816 1
102989 1
280430 1
236703 1
134013 0
177040 1
012616 1
136037 0
181993 0
182499 0
185972 1
185984 1
185981 1
185848 0
182703 0
255824 1
192126 1
289264 1
169172 1
144806 1
153577 1
153513 1
153529 1
176638 1
088936 1
088987 1
124860 1
267083 1
236330 1
236319 1
153168 1
127607 1
190998 1
223776 1
117614 1
117429 1
117616 1
196218 1
168804 1
180125 1
180128 1
180126 1
128693 1
131538 1
018629 1
125005 1
128686 1
131478 1
131491 1
124987 1
032430 1
032422 1
176822 1
013603 1
001480 1
012992 1
147385 1
147384 1
100958 1
197748 1
197869 1
197871 1
232048 1
153027 1
169488 1
169485 1
169492 1
169493 1
169494 1
170172 1
170173 1
170410 1
170418 1
170419 1
087424 1
091687 1
190565 1
190527 1
126917 1
196485 1
196481 1
190903 2
019724 1
019708 1
169049 1
169131 2
169132 2
043957 1
044058 1
012665 1
176934 1
000537 0
196425 1
196411 1
285882 1
219606 0
196549 1
195907 1
195901 1
135220 1
126900 1
191303 1
035076 1
156575 1
237242 1
069602 1
102775 1
242903 1
269316 1
158122 1
158283 1
128616 1
129616 1
129654 1
176787 1
170171 1
128615 1
128475 1
017296 1
129598 1
129653 1
199458 1
199482 1
199483 1
199558 1
199502 1
190683 1
145908 1
014462 0
153181 1
153180 1
153244 1
153455 1
153241 1
153158 1
153169 1
153488 1
153028 1
126482 1
126442 1
126894 1
126888 1
196503 1
195948 1
195939 1
176819 1
176820 1
176831 1
156574 2
035051 1
191227 1
242930 1
169333 1
169334 1
053688 1
159114 1
159042 1
176769 1
176758 1
176770 1
011192 1
013938 1
144789 1
002859 1
148134 0
085843 1
163213 1
116991 1
116797 1
126292 1
126281 1
238824 1
000635 1
253833 0
001466 1
239089 1
242905 1
122874 1
195726 1
195728 1
195737 1
195739 1
195803 1
195806 1
195815 1
195817 1
195830 1
195870 1
195933 1
259981 0
239548 2
240286 1
090619 1
181014 1
070644 1
103817 1
012260 0
284620 0
160827 1
270927 1
029397 0
003786 0
289774 0
101008 0
147495 0
016593 0
136572 0
290045 0
014530 0
136337 0
290051 0
148120 0
136327 0
290099 0
003605 0
158876 1
159010 1
159022 0
117928 1
004201 1
160868 1
242901 1
163141 1
195829 1
195814 1
195727 1
195816 1
195805 1
195802 1
195725 1
195869 1
195736 1
195738 1
195932 1
075940 1
240290 1
240291 1
240300 1
240318 1
240317 1
011986 1
122877 1
195872 1
195744 2
076100 1
076014 1
111425 1
167842 1
167914 1
167915 1
169864 0
167486 1
167490 1
167491 1
238089 1
238108 1
238093 1
141987 1
132521 1
132534 1
132502 1
007380 1
069468 0
169265 1
063835 1
191599 1
169285 1
169343 1
169344 1
126890 1
127028 1
018321 1
255808 1
255790 1
255767 1
255879 1
271872 1
271971 1
275358 1
124492 1
060805 0
190942 1
191062 1
269317 1
159039 1
158944 1
164704 1
158921 1
163637 1
207674 1
109086 1
212211 1
018174 1
128981 1
016629 1
153581 1
153582 1
272715 0
179915 0
155969 1
269683 1
269467 1
127726 0
131711 1
081318 1
081810 0
266094 1
266110 1
159025 0
159028 0
159031 0
169924 0
102641 0
179916 0
169925 0
163514 1
163495 1
208462 0
238103 1
275351 1
063425 1
195886 1
168333 0
025466 1
255747 0
202975 1
204168 1
202976 1
203116 1
202649 2
178591 1
178651 1
178625 1
178586 1
003141 1
124510 1
210559 1
117316 0
154598 0
018779 0
014666 1
278634 1
061379 1
042610 0
018219 0
236265 1
236278 1
132641 1
204289 1
204300 1
203475 1
175588 1
201082 1
200973 1
127495 0
006335 1
002369 1
239059 1
262747 1
123357 1
098957 1
018022 0
156551 1
021475 1
124180 1
012018 1
076275 1
169123 1
169073 1
169074 1
088628 1
161933 1
153399 1
153406 1
131203 1
139344 2
139361 1
196370 1
126447 1
002304 1
019042 1
121774 0
011855 1
286551 1
155111 0
013410 1
185880 1
185855 1
078326 1
193720 0
224459 1
090968 1
220910 1
164470 1
042120 0
255615 0
129093 0
128950 0
127504 0
117315 1
042627 0
009288 1
121775 1
255757 1
041343 0
128992 0
042613 0
129645 0
042616 0
042606 0
042449 0
042641 0
043435 0
043436 0
042653 0
138540 1
006475 0
123356 1
025423 1
061381 1
088778 1
210967 1
001598 0
118960 1
118945 1
140608 1
140607 1
015745 1
238609 1
110066 0
010370 1
011252 1
164167 1
107875 0
289654 1
110022 1
205553 1
160899 1
014196 1
014200 1
146881 0
278635 1
152134 0
152962 0
044550 0
197330 1
018509 1
170304 1
209950 1
209387 1
219852 1
081268 1
169358 1
169359 1
187493 1
187504 1
100193 1
020739 1
171375 1
171374 1
171373 1
164944 2
164802 1
193983 1
193997 1
193732 1
202826 1
017582 1
043921 1
081738 1
169329 1
169330 1
008544 0
144907 0
238940 1
242133 1
153396 1
147468 0
078254 1
027092 1
033275 1
002699 0
229437 1
143645 2
148190 1
238728 1
238943 0
018578 1
018585 0
143944 1
155981 1
142068 1
014143 1
158207 1
231430 0
195936 1
190624 1
192635 1
195539 1
187303 1
192581 1
287677 1
181170 0
143564 0
127471 1
127472 1
127382 1
035270 0
233728 1
233767 1
233768 1
009889 0
152981 0
128714 0
128717 0
187304 1
164761 1
193832 1
098099 1
098149 1
110083 1
289627 1
289617 1
197340 1
148196 1
148198 1
148197 1
148191 1
013266 1
009517 1
170274 1
169300 0
143888 1
156034 1
081210 0
020732 1
158200 1
287670 1
286794 1
286815 1
286836 1
287892 1
229431 1
033352 1
033344 1
156941 1
219455 1
060302 2
163902 1
157399 0
143646 1
010857 1
169375 0
193359 0
281777 1
110105 1
238941 1
042420 0
170473 1
170474 1
170463 1
081684 1
081551 1
166907 0
165254 1
165256 1
126797 1
126777 1
126407 1
063850 1
074828 1
202344 1
091267 0
253349 0
169137 0
178270 1
276908 1
277007 1
157605 0
161791 0
158078 0
193293 0
169376 0
042422 0
169138 0
157606 0
161725 0
169377 0
169052 0
157388 0
157607 0
157440 0
157608 0
157823 0
157609 0
157610 0
157611 0
157612 0
157613 0
157614 0
157615 0
157616 0
157617 0
157618 0
157619 0
157620 0
157621 0
157622 0
157623 0
157624 0
157625 0
157626 0
157627 0
157628 0
157629 0
143731 1
156917 1
068343 1
068310 1
074574 1
007459 1
242258 1
164126 1
163003 1
164823 1
076113 1
152908 1
258385 1
258341 1
035479 1
156204 1
156276 1
229918 1
229950 1
142097 1
163145 1
056339 0
166772 1
166773 1
010837 1
143649 1
231278 1
161283 1
161271 1
161164 1
284442 1
058341 1
082468 1
234620 1
110823 1
141966 1
141969 0
289368 1
070745 1
103918 1
070670 1
103843 1
076770 1
149049 0
225924 1
153394 1
194080 1
179696 1
174990 1
108573 1
086478 1
184615 1
177032 0
231895 0
199411 1
281167 1
162687 1
288077 1
198469 1
001498 1
012919 1
190842 1
099124 0
185915 0
161302 1
161268 1
234430 1
278972 1
016557 1
242979 1
127126 1
016644 1
239024 0
176382 1
153466 1
124604 1
154896 0
247365 1
246794 1
001753 0
064817 1
066956 1
133843 1
235163 1
192571 0
012256 0
032661 0
016530 1
013747 1
041084 0
191220 1
015206 1
125541 1
186048 1
157943 0
264823 1
239876 1
215009 0
170012 1
231904 0
166595 1
076392 1
076393 1
076345 1
076228 1
156283 1
035723 1
035725 1
035690 1
035482 0
248167 1
225923 1
108620 1
108753 1
108619 1
108700 1
108786 1
108844 1
108813 1
108872 1
108794 1
013084 0
133842 1
002795 1
064820 1
174954 1
126962 1
234791 1
176415 1
148906 1
153504 1
278898 1
009885 1
026907 1
069402 1
102575 1
077049 1
199442 1
199499 1
050051 0
280589 1
129750 0
258967 0
242940 0
003986 0
191146 1
019766 1
229762 1
229852 1
027550 0
160319 0
089472 1
125041 1
148350 1
038576 0
188320 1
271972 1
262751 0
064632 0
268425 0
190965 1
160020 1
167038 0
271934 1
001237 1
012184 0
242541 0
116653 0
069700 1
102873 1
007767 0
016618 1
148070 1
024030 0
030505 1
190294 0
108839 0
192479 1
065220 1
065211 1
077034 0
036367 1
036409 1
199259 0
220479 1
220481 1
233371 0
003794 0
167931 0
005600 0
206445 0
195909 0
012873 0
145900 0
167039 0
262837 0
190302 0
242526 0
167932 0
120196 0
016586 1
036381 0
125141 1
271963 1
125192 1
125195 1
125196 1
012612 1
076662 0
132030 1
230775 1
221221 1
221240 1
278967 1
225084 1
225078 1
065277 1
272306 1
272283 1
271860 1
271867 1
269597 1
269600 1
240452 1
160014 1
190901 1
190896 1
144513 0
122460 1
069367 1
102540 1
070522 0
007207 0
136428 1
136438 1
226534 0
169883 1
232212 1
060952 0
052900 0
018531 0
152011 1
221922 1
110941 1
251813 1
251872 1
087885 1
064337 0
060320 0
011481 1
122749 1
231642 0
035726 1
112384 1
112251 1
112250 1
112388 1
135104 0
117945 0
268246 0
012810 0
204312 0
256813 1
034336 0
107879 1
002444 1
051575 0
066443 2
151350 0
098556 0
157088 0
183722 0
089471 1
109293 0
081291 0
160458 0
007414 0
060376 0
108567 0
024676 0
115840 0
071414 0
139778 0
148059 0
071530 0
116919 0
268295 0
120767 0
116931 0
183742 0
103695 0
120931 0
060497 0
104703 0
104587 0
015323 0
139844 0
183723 0
111037 0
125411 0
112391 1
012613 1
123010 1
159981 1
232246 1
110951 1
087905 1
087906 1
111635 1
111642 1
111647 1
110757 1
110734 1
110752 1
111401 1
111471 1
111473 1
111478 0
110783 1
110822 1
226269 0
065728 0
034379 0
152974 1
152987 0
150546 1
122461 0
252518 0
241065 0
037739 0
219886 1
001271 0
050193 1
273579 0
171922 1
171670 1
021376 0
089148 1
089167 1
128167 0
134155 0
255433 0
191540 1
191515 1
191496 1
002499 0
270122 1
270125 1
286711 0
002068 0
270325 1
270334 1
270315 1
155853 1
142305 0
231660 1
231662 1
231658 2
012377 0
275973 0
126350 0
241767 1
154405 0
193212 1
193210 1
193209 1
138033 0
108032 0
214214 0
031531 0
007684 0
085164 0
156760 1
185666 0
024495 0
132483 1
132496 1
200504 0
228813 0
257969 0
116717 0
255647 0
265829 0
133517 1
227680 1
069656 0
122485 1
069015 0
011993 0
286721 0
037741 0
137599 0
065587 0
108035 0
152988 0
121125 0
228777 0
286726 0
102829 0
128216 0
111476 1
110739 1
111029 1
111047 1
111323 1
110848 1
111024 1
111393 1
111299 1
111631 1
111634 1
111860 0
110984 0
089168 1
219892 1
219907 1
089674 1
089955 1
111398 0
150562 1
150547 1
002611 1
111289 1
227794 1
163019 0
098034 1
098004 1
188445 1
262474 0
242279 0
067709 0
020975 1
020946 1
020948 1
019392 0
111239 0
178234 0
029324 0
239746 1
239744 1
203160 0
230778 1
008740 1
269462 1
269472 1
181297 0
081359 1
090631 1
090612 1
090620 1
015818 0
000165 0
003477 1
039225 1
170398 1
170399 1
131951 0
139905 0
163689 1
163701 1
151864 1
145483 1
085205 1
062910 0
009693 0
082305 0
152452 0
008502 1
082123 1
018323 0
111043 0
017023 0
075837 0
111214 0
141425 0
181091 0
219783 0
177753 0
263058 0
186999 0
238704 0
110986 0
181444 0
111415 0
139939 1
131581 0
152487 0
111240 0
128894 0
162989 0
242253 0
263064 0
075913 0
203175 0
131952 0
111238 0
242224 0
203172 0
162954 0
203169 0
081336 1
081146 1
145486 1
145480 1
269423 1
269554 1
269534 1
269471 1
269461 1
170375 1
039230 1
040850 1
040826 1
191976 1
191975 1
191825 0
013741 0
182896 1
068688 1
068669 0
080057 0
124706 1
242942 0
075911 2
075863 1
075872 1
081685 0
119018 0
146218 1
071492 1
104665 1
111312 0
192134 1
128640 1
151152 1
185612 1
217910 0
000031 1
167578 0
071541 0
226390 0
039842 0
035722 1
035703 1
005288 1
119734 1
191104 1
258596 1
258598 1
258593 1
258997 1
259019 1
119209 0
217696 1
035693 1
124002 0
243655 1
155593 1
159765 1
236212 1
281105 1
281109 1
115729 0
093371 0
109524 0
031047 0
252605 0
008153 0
151527 1
151504 1
098563 0
178024 0
059072 0
238953 0
029147 0
191836 1
243761 1
230598 1
144244 0
256300 1
156155 1
174136 1
287999 1
023625 0
038219 0
265448 0
024340 0
048249 0
242902 0
079982 0
104714 0
124001 0
004989 0
098617 0
144167 0
109577 0
031076 0
226493 0
038215 0
119358 0
258640 1
258678 1
151172 1
151166 1
131445 1
243741 1
236195 1
124660 1
258996 1
259018 1
288019 1
156170 1
156171 1
174129 1
155548 1
155322 1
155230 1
155219 1
155224 1
155216 1
128641 1
185887 1
276366 0
155837 0
233212 0
013185 0
071688 1
104861 1
193843 1
045248 0
256091 1
158665 0
192166 0
061100 0
133850 1
191341 0
005887 0
138897 1
281950 0
112253 1
018661 0
174744 0
191096 0
110459 0
264960 1
002563 0
225192 0
183965 0
234048 0
040661 1
190692 0
157597 1
157595 1
114588 1
114563 1
118346 1
076819 0
172094 1
171862 1
148263 0
173188 0
163790 1
163791 1
242113 0
233979 0
101370 0
053290 0
185661 1
185659 0
152863 1
152864 1
239753 0
177871 1
014493 0
281698 0
012117 0
025117 0
051691 1
235384 0
032526 0
285050 1
190201 0
017268 0
138894 0
202760 0
056270 0
094015 0
081856 0
225203 0
191399 0
173041 0
234051 0
138924 0
203023 0
128571 0
128620 0
128622 0
128653 0
128655 0
128659 0
118434 0
112927 0
114589 1
114593 1
256823 1
256831 1
171991 1
151186 1
253246 1
253078 1
253245 1
254408 1
255046 1
157504 1
157505 1
157503 1
138847 1
138858 1
138788 1
006568 1
002566 1
007779 0
040622 1
194955 1
025526 0
274578 0
124690 1
231373 0
210422 1
077261 0
175770 1
289659 0
288813 0
240191 0
161857 1
163805 1
154231 1
154178 1
017791 0
027082 0
155555 0
151919 1
096417 0
099966 0
271994 0
020719 0
074592 0
107984 0
079078 0
184616 1
019892 0
197066 1
197067 1
111805 1
181452 1
192960 0
230507 0
191172 0
190564 1
180468 0
116515 2
116960 1
285696 1
160977 1
222793 0
141905 0
067650 0
195971 0
038315 0
256895 0
254023 0
010179 1
122487 1
132755 0
112677 0
114323 0
039019 0
124007 1
009081 0
259013 0
093081 0
062147 0
037806 0
004365 0
011929 0
009778 0
258874 0
155556 0
118497 0
077242 0
254008 0
288737 0
222990 0
122867 0
192978 0
122174 0
258960 0
231435 0
222989 0
254027 0
157495 1
157496 1
157433 1
157341 1
168597 1
168598 1
168656 1
168657 1
008511 1
154114 0
197303 1
161859 1
211276 1
211278 1
211329 0
179515 0
286005 1
152111 1
152106 1
018774 1
182326 0
186680 0
155324 0
266075 0
287003 0
034696 0
162518 0
129785 1
149770 0
154494 1
158111 0
064343 0
109522 0
007718 1
121152 1
127523 0
048321 1
190603 1
018929 1
152588 1
035780 0
008280 1
141646 1
195075 0
286136 0
130961 1
130929 1
236460 0
011047 1
243982 0
269509 0
087701 1
129032 2
003266 1
188785 0
255310 0
245019 0
019587 0
081333 0
279479 0
096690 0
256485 0
278181 0
144118 0
134293 1
134273 1
182407 0
109804 1
148499 0
039349 0
000985 0
196107 0
031949 0
210936 1
210933 1
000482 0
067289 0
154147 0
019365 0
183676 0
193824 0
152346 1
150275 0
179471 0
188068 0
060401 0
262601 0
092220 0
238231 0
158137 0
182347 0
034699 0
149681 0
096707 0
162506 0
155311 0
195043 0
182045 0
186677 0
162496 0
152597 1
048293 1
129028 1
018123 1
129027 1
125013 1
124965 1
161033 0
013947 0
108469 0
170239 0
051113 0
125112 0
048264 1
020974 1
020945 1
018248 0
001377 0
033747 1
141033 0
071412 0
150005 1
137213 1
158528 0
135509 1
000935 0
091158 0
176381 0
187912 0
000618 1
015815 0
115970 0
016870 0
276877 0
183133 0
125901 0
142603 0
189915 1
129003 0
159219 0
060505 0
241950 0
236420 0
127911 1
239524 0
017558 0
207029 0
080425 0
136112 0
014760 0
006740 0
191572 1
034151 0
261258 0
070304 1
103477 1
117966 0
179209 0
161851 0
010839 0
143952 0
150078 0
195885 0
036827 0
253606 0
209875 0
202754 0
249127 0
128404 0
238107 0
197477 0
117718 0
071701 0
048912 0
088558 1
088557 1
151550 0
257670 0
010918 0
109798 0
058602 0
140886 0
141149 0
161029 0
010877 0
281611 0
241979 0
104585 0
276886 0
176414 0
034159 0
239509 0
143000 0
060507 0
141261 0
241972 0
104874 0
176365 0
060493 0
034156 0
190105 1
190091 1
127884 1
191570 1
191565 1
070203 0
176692 1
176694 1
076074 0
006027 0
012707 1
075844 1
238719 0
122464 1
283711 0
190720 0
032957 0
177816 0
259022 0
185013 0
093318 0
189722 0
197353 0
199977 0
196801 0
241505 0
096776 0
167720 0
233511 0
011692 0
279937 0
220403 0
022522 0
232632 0
103376 0
271052 1
150395 0
023741 0
240768 1
227568 0
239530 0
226354 0
152129 0
150379 0
207952 0
273700 0
180055 0
004636 1
109543 0
199391 0
101718 0
081664 0
054462 1
133731 0
168850 1
275954 0
141752 0
101530 0
079015 0
023751 0
006776 0
001434 0
258502 0
086670 0
030525 0
087350 0
190479 0
038967 0
050941 0
081836 0
256450 0
193890 0
152096 0
013097 0
198267 1
042779 0
109962 0
093785 0
186788 0
186729 0
202073 0
032949 0
197348 0
185000 0
122819 0
273696 0
233487 0
196453 0
239531 0
167721 0
109346 0
081849 0
241517 0
050879 0
239455 0
109329 0
197345 0
051062 0
241521 0
109894 0
176690 1
176689 1
054298 1
168683 1
198274 1
157060 1
019590 1
157948 0
168875 0
233403 1
233448 1
125147 1
012296 1
115276 0
032108 0
155725 1
155755 2
289928 0
115606 0
130045 1
146996 1
063855 1
110081 0
276015 0
224242 0
191719 0
155778 1
218891 0
065465 0
252664 1
252756 1
252760 1
257964 1
257953 1
045136 1
087208 0
250727 0
188714 0
076286 0
256241 0
014230 0
045434 0
050824 1
050801 1
133798 1
025781 0
001298 0
134071 0
015035 0
199615 1
262430 0
262401 0
143976 0
053306 1
255259 1
128593 0
209817 0
117246 0
185320 1
045325 0
089571 0
195956 0
148866 0
184865 0
164550 0
021275 0
217184 0
210279 0
198893 0
064495 0
065267 0
163020 0
266239 0
276527 0
115243 0
289920 0
224035 0
262539 0
191481 0
031838 0
195945 0
076403 0
198888 0
276413 0
089599 0
267391 0
210205 0
191464 0
289933 0
076304 0
199027 0
266242 0
195923 0
089601 0
128590 0
198894 0
267377 0
089875 0
090164 0
090473 0
129974 1
185243 1
259115 1
257378 1
259135 1
259139 1
259162 1
259175 1
259180 1
257447 1
260047 1
199631 1
157062 1
063851 1
200254 0
149357 0
013180 0
095436 0
172844 1
172908 1
172841 1
160472 1
160386 0
177602 1
001011 0
232017 0
121278 0
234009 0
108142 0
128320 0
090011 1
289672 0
271549 0
124957 0
143630 0
127308 1
005497 0
145705 0
155208 1
029341 0
138992 0
259982 0
010369 0
140509 0
028532 0
191793 0
067764 0
024835 0
030205 0
123911 0
177469 0
238030 0
035105 0
193562 1
193558 1
285246 0
099196 0
162050 0
071799 0
063386 0
097822 0
007686 0
015974 0
140409 0
176788 0
167126 0
136442 0
153912 0
113291 0
014770 0
165832 0
184553 0
233389 0
108081 0
156999 0
085876 0
140915 0
024570 0
280673 0
131171 0
265499 0
224910 0
200292 0
120078 0
232171 0
260048 0
071905 0
153903 0
233380 0
149362 0
063375 0
120077 0
177464 0
108369 0
131173 0
224911 0
104972 0
131121 0
105078 0
131175 0
193566 1
193599 1
177601 1
155264 2
155207 2
154841 1
127322 0
017728 0
203537 0
135245 0
071617 0
081811 0
033773 1
014210 0
109407 0
226156 0
154441 0
175716 0
226696 0
042739 0
257978 0
081147 0
178432 1
124551 0
207243 0
187212 0
095748 0
199025 0
201711 0
126272 1
188649 0
087744 1
197131 0
025862 0
064188 0
082415 0
257991 0
174961 0
151085 0
108248 0
221944 0
205950 0
182667 0
255904 0
058793 1
172739 0
088622 1
171187 1
171180 1
234362 0
233889 0
168572 0
083975 0
004990 0
182285 0
069392 1
102565 1
003427 0
181001 1
033664 0
015772 0
090381 0
132550 0
170999 1
143977 0
004882 0
178422 0
151889 0
016704 0
122080 0
131386 0
133618 1
021007 0
017727 0
085426 0
094605 0
127355 0
119210 0
127376 0
172269 0
104790 0
155806 0
205983 0
221765 0
197204 0
204830 0
182286 0
233992 0
182668 0
129295 0
226705 0
094523 0
119359 0
129294 0
155831 0
071620 0
221942 0
197146 0
104793 0
155808 0
069340 1
102513 1
178431 1
171101 0
090585 0
224320 0
260781 0
023233 0
159984 0
028786 0
165264 0
204446 0
029146 0
231110 0
036463 0
109964 0
131676 0
182216 0
124776 0
247289 0
139137 1
139139 1
190795 0
072258 0
123462 0
216596 0
008250 0
282640 0
094044 1
094058 1
001068 0
069242 1
102415 1
031430 1
017553 0
091179 0
042563 0
230897 0
028927 0
225211 0
165406 0
260868 0
225178 1
225176 1
004755 0
010739 0
169914 0
113629 0
041865 0
011167 0
188397 0
258726 0
204027 0
260208 0
068178 0
278938 0
198436 1
269432 1
191202 0
059497 0
070851 0
074670 0
275932 0
180573 0
169656 0
078365 0
052879 0
202707 1
287082 1
178614 0
123236 0
065941 0
185904 0
126549 0
278179 0
040064 0
090293 0
018305 0
193266 0
218560 0
165266 0
090549 0
197991 0
163472 0
119027 0
001051 0
225217 0
023232 0
042584 0
105431 0
182188 0
042207 0
104024 0
190868 0
123454 0
225218 0
182265 0
072232 0
225210 0
105405 0
069204 1
102377 1
269725 1
269727 1
269729 1
269680 1
199048 1
287084 1
002965 1
134133 1
189919 0
161395 0
111946 0
262597 0
102200 0
119963 0
189405 0
113681 0
126201 0
129006 0
197144 1
197129 1
120724 0
083291 0
160293 0
212504 0
030677 0
153828 0
117621 0
287051 1
287056 1
273009 0
099394 0
254489 0
252608 0
075243 0
152821 1
159501 1
230561 0
126343 0
199013 0
192889 1
070959 0
217555 0
133837 1
133833 1
046422 0
111561 0
024376 0
158077 0
194488 0
171505 0
012037 0
167769 0
167970 0
059335 0
129744 0
170932 0
254262 0
140719 0
226121 0
200645 0
163113 0
060902 0
199882 0
190895 0
113975 0
111417 0
286998 0
070680 0
159599 0
039957 0
136379 0
037784 0
000336 0
242013 0
250897 0
033118 0
153393 0
128665 0
226264 0
148523 1
173653 0
044141 0
159413 0
083274 0
104132 0
190899 0
111918 0
252840 0
129817 0
199881 0
103853 0
113973 0
212540 0
252851 0
252131 0
252145 0
252168 0
252170 0
285238 1
285237 1
287045 1
285231 1
133787 2
133799 1
152837 1
192858 1
009722 1
122122 1
170217 1
170095 1
170096 1
098909 1
098943 1
235813 0
141901 1
024025 0
093405 0
156539 0
142362 0
153395 0
014213 0
266117 0
002961 0
018225 0
235554 0
180198 0
173158 0
171480 0
024339 0
200138 1
137146 0
095592 0
016746 0
197818 0
091332 0
125033 0
001507 0
278742 1
091240 0
019633 0
136132 0
076397 0
210237 0
279083 0
167879 0
122100 0
218483 0
086680 1
165682 0
168779 0
017741 0
254370 0
021285 0
068618 0
232761 0
181320 1
127264 0
220633 0
040370 0
138149 0
132910 1
228422 0
157840 0
210710 0
153246 0
100155 0
210113 0
011149 0
142372 0
273948 0
215673 0
187828 0
068140 0
118151 0
085571 1
262302 0
015270 0
184842 0
175622 0
163560 0
218344 0
130789 0
266651 0
155271 0
141245 0
137634 0
129824 0
156621 0
167880 0
266103 0
142284 0
235560 1
197729 0
138258 0
127279 0
142193 0
138161 0
156554 0
200041 1
200137 1
132938 1
132952 1
132955 1
278794 1
142197 1
004590 1
179138 0
191834 0
002687 1
196055 0
026641 0
217868 0
157282 0
130492 0
192392 0
182828 0
081446 0
201514 0
202262 0
133727 0
087330 1
086917 1
254043 0
139776 1
270040 0
084280 0
146182 0
003135 0
168996 0
003504 0
016900 0
111149 0
272723 0
132172 1
014277 0
080465 0
147136 0
258894 0
241382 0
267958 1
267957 1
057937 0
136089 0
279536 0
099846 0
273931 0
080232 1
101263 0
160345 0
286639 0
176958 0
010921 0
188739 0
034339 0
145924 1
011070 0
100335 0
140806 0
156265 1
087382 0
101197 0
080040 0
255045 0
090555 0
100290 0
152882 0
035302 0
121524 0
141743 0
251187 0
028461 0
289935 0
167859 0
084275 0
258949 0
270104 0
133725 0
168997 0
286712 0
014349 0
179136 0
009050 0
026347 0
100483 0
141798 0
182820 0
157258 0
241448 0
286722 0
141728 0
121555 0
286727 0
100479 0
286795 0
100392 0
286816 0
286837 0
287671 0
267960 1
268110 1
139845 1
285347 1
046420 0
179876 0
080051 0
087391 0
063328 0
141959 0
218020 0
273102 0
215171 0
240192 0
144106 0
110412 1
025628 0
108597 0
091639 1
252520 0
000573 0
256774 0
163887 0
000430 0
230007 1
007951 0
075811 0
083320 0
002321 0
180175 0
139934 0
154115 0
209658 0
232634 0
163041 0
033407 0
101933 0
027454 0
123202 0
190490 0
156111 0
160594 1
255403 0
151603 0
155109 1
113719 0
131637 0
169511 0
051677 0
022519 0
262538 0
141471 1
048206 0
054367 0
281977 0
030553 0
222553 0
016354 0
286193 0
158177 0
016560 0
008081 0
221956 0
050472 1
289971 0
000070 0
087345 0
077988 0
193618 0
141171 0
150859 0
206164 0
033351 0
075558 0
179877 0
009049 0
145214 0
288576 0
045629 0
029973 1
070222 0
128658 0
271713 0
027430 0
240105 0
143788 0
180530 1
181705 0
022520 0
172295 0
270642 0
174672 0
231930 0
221951 0
256780 0
131331 0
027399 0
289979 0
172633 0
103395 0
050335 0
160539 1
160531 1
155108 1
180445 0
238063 1
050334 0
136810 0
000733 0
139550 0
125642 0
111000 0
111075 0
045470 0
109299 0
012630 0
192131 0
002975 0
274661 0
038175 0
003062 1
258875 0
071557 0
001452 0
032927 0
136531 0
039228 1
043758 0
266832 0
084068 0
039508 0
235556 0
183932 0
238791 0
131650 0
258844 0
138969 0
254539 0
087830 0
087589 1
177165 0
133968 0
266971 0
027877 0
227055 0
010496 0
279414 0
139621 0
098158 0
009332 0
211561 0
034453 0
185689 0
033398 0
090275 0
043598 1
173644 0
076408 0
199402 0
194189 0
235622 1
235651 1
235655 1
235678 1
235965 1
193550 1
002279 0
158286 0
012494 0
012352 0
238061 0
146639 0
104730 0
090807 0
191340 0
169923 0
080269 0
149464 0
183224 0
191974 0
151252 0
008223 0
112688 0
266884 0
132222 0
254580 0
177189 0
138408 0
183228 0
012372 0
199373 0
173727 0
043754 0
033422 0
254606 0
266973 0
136528 0
132221 0
122960 0
132223 0
043606 0
016835 0
167079 0
201952 0
195889 0
235964 0
239264 0
185665 0
005063 1
287748 1
027201 0
001473 0
258771 0
121588 0
286304 0
050904 0
217882 0
020300 0
170650 0
109892 1
109890 1
269745 0
014810 0
144197 0
220259 0
259610 0
151330 1
001740 0
010958 0
282491 0
233683 0
079660 0
152469 0
082463 0
237676 0
143447 0
003094 0
055931 0
216939 1
239328 0
288383 0
019431 0
018243 0
043775 0
274535 0
252638 0
005671 0
111225 0
152166 0
152992 0
218204 0
235455 0
260247 0
019121 0
034921 0
235461 0
093936 0
130981 0
268866 0
151995 0
034523 0
016823 0
124964 0
069263 0
007383 1
098700 0
041486 0
167080 0
230748 0
272952 1
107907 0
226543 0
134681 0
241084 0
128604 0
121466 0
195835 0
235650 0
079454 0
278347 0
282504 0
094123 0
260240 0
235464 0
102436 0
082493 0
152429 0
120280 0
125908 0
235654 0
230752 0
235677 0
278705 0
234931 0
093945 0
282506 0
235621 0
282563 0
094124 0
282566 0
143902 0
111281 0
082363 0
273725 0
177858 0
034385 0
154097 0
180389 0
226836 1
140512 0
238968 1
190292 0
178239 0
215476 0
147375 0
057779 0
189321 0
076097 0
201457 0
069432 0
027895 0
038339 0
201132 0
140066 0
012050 0
004896 0
077902 0
147453 0
002836 0
082070 0
029482 0
285276 0
000917 0
075860 0
228417 0
180063 0
002099 0
238273 0
109396 0
063105 0
028697 0
033294 0
110631 1
032623 0
137257 0
208244 0
134261 0
150426 0
247293 0
163163 1
163239 1
163104 1
201754 0
039050 0
155838 0
164880 0
041184 0
064912 0
142692 0
235683 1
038513 0
016411 0
010940 0
289374 0
241133 0
133239 0
000472 0
158976 0
180048 1
189913 1
214733 0
099944 0
266557 0
148530 0
180657 0
015416 1
125323 1
143299 0
180203 0
194825 0
034384 0
216663 0
057453 0
180180 0
181120 0
201459 0
219912 0
024403 0
119231 0
107682 0
190290 0
102605 0
212845 0
133241 0
266575 0
289377 0
032712 0
285275 0
201463 0
180732 0
163107 1
190166 1
183971 1
180002 1
179780 1
179767 1
186730 1
126293 0
033104 0
230848 0
141009 0
029807 0
124547 0
132163 0
027696 0
145669 0
113133 0
190057 0
128730 0
101156 0
201105 0
282361 0
046129 0
013670 1
129924 0
130263 0
045558 0
088596 0
094031 0
047163 0
042062 0
109120 0
275892 0
169760 1
169761 1
202084 0
231212 0
193914 0
185799 0
262367 0
244804 0
079964 0
075602 0
082318 0
227586 0
193580 0
123474 0
258444 0
231390 0
124451 0
063923 0
004604 0
092147 0
238621 0
272357 0
242286 0
153065 0
001895 0
127775 0
194964 0
162950 0
052643 0
155540 1
024258 0
065209 0
004929 1
119285 1
008681 0
047960 0
201561 0
145670 0
149724 0
098022 0
140902 0
169090 0
029656 0
213695 0
166835 0
008491 0
050009 0
261777 0
082079 0
150008 0
009378 0
186789 0
244808 0
029835 0
185847 0
017401 0
088953 0
082200 0
194961 1
244811 0
017427 0
082150 0
244817 0
082061 0
082283 0
244824 0
244829 0
169676 1
194959 0
155539 1
010467 0
185989 0
000947 0
188627 0
163529 0
186059 0
181902 0
195321 0
278263 0
063480 0
208996 0
102071 0
150685 0
071467 0
127855 0
187317 0
146053 0
196311 0
196030 0
111772 0
238363 0
033163 0
019466 0
234113 0
001839 0
238946 0
130847 1
130886 1
130900 1
134021 0
194912 0
014132 0
204482 0
019363 0
125889 0
197501 0
239112 0
186320 0
154782 0
242239 1
242339 0
037816 0
181591 0
140876 0
021307 0
030202 0
104640 0
253242 0
137160 0
216167 0
115053 0
243887 0
166023 0
260769 0
189322 0
137919 0
260610 0
216531 0
128006 0
010397 0
178146 0
268007 0
153730 0
233888 0
279012 0
025715 0
126612 0
155854 0
141095 0
165565 0
195220 0
180990 0
060297 0
196206 0
102026 0
140869 0
137169 0
181110 0
163578 0
169508 0
192393 0
188625 0
127897 0
234115 0
244009 0
134023 0
142248 0
196199 0
260773 0
253418 0
244010 0
260608 0
165566 0
163581 0
187949 0
165558 0
165559 0
242247 1
220329 0
199330 0
252969 0
175509 0
144063 0
199995 0
108632 0
195777 0
261241 0
018541 0
158838 0
064849 0
019073 1
134952 0
258779 0
050257 0
033771 0
130370 0
033886 0
223690 0
114819 0
258272 0
131992 0
021118 0
028205 0
186757 0
268789 0
014863 0
038336 0
