256945 0
230335 2
230340 2
230428 2
230355 1
230426 2
206291 1
206280 1
193018 0
196066 0
258140 1
223497 2
196063 2
230344 1
230337 2
198025 1
192655 2
192663 2
192675 2
192677 2
192678 2
273940 1
274541 1
258353 1
257094 1
237009 1
274836 1
274838 1
274998 1
274678 1
275403 1
275416 1
275415 1
275414 1
275000 1
275395 1
275413 1
274772 1
274762 1
274709 1
274997 1
275401 1
275135 1
275163 1
210492 1
275069 1
275068 1
257393 1
257438 1
256867 1
257920 1
264311 1
257415 1
256965 2
256889 2
244873 2
257390 1
257443 1
256880 1
256932 1
256970 1
257038 1
257138 1
256931 2
256888 2
275664 1
256993 1
257135 1
256982 1
257134 1
257365 2
257374 1
268960 1
256893 1
202656 1
274741 1
274739 1
264989 1
173411 0
274600 0
190386 2
257401 1
267885 0
286643 1
286714 1
286782 1
286809 1
286781 1
286808 1
257139 1
162338 2
274854 0
172953 2
172954 2
173315 2
283476 1
283447 1
173400 2
274753 0
196065 1
275396 1
243031 1
274779 1
274996 1
274746 1
230364 2
275400 1
274685 1
275001 1
275402 1
275171 1
275486 1
274736 1
275049 1
275053 1
275057 1
275060 1
275022 1
256890 2
274680 1
274713 1
274703 1
274757 1
275399 1
193241 2
184158 2
184192 2
254519 1
274711 1
235789 1
256116 1
201220 1
274706 1
277428 1
274764 1
275002 1
274744 1
274732 1
274749 1
274733 1
274742 1
274684 1
274755 1
269307 1
274768 1
274716 1
274727 1
230363 2
254610 1
192945 1
253810 1
253813 1
268961 1
276653 1
280219 1
275061 1
275062 1
190852 1
198244 1
182488 2
274797 1
274786 1
257499 1
257503 1
170618 2
263989 1
259015 1
256892 2
157915 2
258195 1
194742 1
275006 1
275659 1
275076 1
269074 1
269048 1
266772 1
268780 1
266443 1
266362 1
266072 1
265282 1
242337 1
242333 2
198157 1
274579 1
198415 1
198455 1
257361 1
195894 1
257370 1
257234 2
256940 2
256987 2
257313 1
257324 1
275032 1
275398 1
274777 1
257023 1
274871 1
279053 1
279055 1
266069 1
229488 1
274873 1
265245 1
265224 1
265315 1
265329 1
267334 1
237403 1
273448 1
257974 1
257973 1
267160 1
232476 1
257589 1
234114 1
284974 1
200051 1
266768 1
158185 2
225781 1
225764 1
284985 1
012750 2
286424 1
286427 1
234111 1
279002 1
234835 1
234849 1
234820 1
176308 2
192394 1
225396 1
225455 1
225391 1
278512 1
267933 1
231898 1
273216 1
256582 1
202805 2
287774 1
234068 2
285304 1
234066 1
276458 2
279064 1
202248 2
227723 1
253648 1
158186 2
194745 1
226749 1
274670 1
274719 1
160331 2
259841 1
153792 1
210361 1
082641 1
018698 1
127117 2
274562 2
244319 1
244305 1
282864 1
275026 2
275078 1
257168 1
257237 1
275074 1
275079 1
274566 1
274724 1
274712 1
198115 1
198118 1
197992 1
275430 1
257110 1
274658 1
274640 0
274783 1
274962 1
275038 1
274734 1
275125 1
268944 1
268954 1
269036 1
269611 1
274568 1
274775 1
247387 1
205411 1
275039 0
274365 1
018787 1
228971 1
282846 1
256447 2
152397 2
282847 1
244910 1
010786 2
235141 1
197763 1
244397 1
198024 1
244399 1
192572 1
287546 1
221180 1
230065 2
152394 2
154568 1
268031 1
191890 1
154482 1
162819 2
171519 1
155031 2
259514 1
154490 1
154881 0
244416 1
257108 1
234744 1
184530 2
234413 1
253072 1
234736 1
255674 1
210727 1
284330 1
213213 1
256043 1
255652 1
159852 2
267238 1
229438 1
267401 1
276906 1
236111 1
243640 1
211234 1
243634 1
254994 1
154786 1
154591 1
163471 0
184556 2
184588 2
184555 2
184518 2
241490 1
002815 1
192558 1
179398 1
162882 2
127264 1
127279 2
285320 1
221402 1
164091 1
269614 1
269168 1
173202 2
229631 2
190644 2
239343 1
279422 1
154427 1
173650 1
269465 1
272303 1
156647 2
274778 1
002622 2
257166 1
269020 1
275283 1
139392 1
275292 1
257167 2
267124 1
162876 2
173213 2
247346 1
079258 1
079259 1
275137 1
157679 1
204806 1
154957 2
154958 1
154775 1
165387 1
196081 1
139475 2
278243 1
221656 1
197039 1
164146 0
158714 1
216295 1
156642 1
221637 1
221581 1
240271 1
254248 1
276658 1
158606 1
271679 1
187255 2
199042 1
187259 2
199044 1
199096 1
198889 1
199069 1
220748 1
197756 1
156351 1
255411 1
284161 1
016635 1
221429 1
071106 1
104279 1
071104 1
104277 1
137220 2
156693 2
201691 2
201672 2
173216 2
075049 0
162056 2
266784 1
274620 1
268611 1
153556 1
257307 1
154788 2
117133 1
278702 1
278785 1
116046 0
275857 1
285653 1
219675 1
138290 1
138253 1
274830 1
257161 1
257117 1
137821 1
197993 1
198101 1
269547 1
269602 1
219727 0
237434 1
152398 2
274662 1
201533 0
275738 1
244974 1
244973 1
244964 1
247029 1
247385 1
244972 1
247415 1
173207 2
152276 1
175742 0
238482 2
138763 0
277173 1
247309 1
206269 2
204674 2
191185 2
279771 1
274570 1
283188 1
278569 1
278606 1
278621 1
008754 2
082639 0
201578 0
201580 0
201531 1
153558 1
153535 1
153571 1
199068 1
244971 1
257678 1
154789 2
257172 2
156124 2
222055 1
138385 1
257302 1
257672 2
268762 1
257140 1
153738 1
274815 1
270981 1
154824 1
270935 1
268663 1
154771 1
268674 1
268678 1
270881 1
153968 2
275033 1
247028 1
247384 1
151544 1
151306 1
151318 1
151305 1
151313 1
153710 1
157893 2
270939 1
270986 1
274625 1
137861 1
137833 1
137856 1
173330 2
169647 1
274841 1
283475 0
270958 1
270993 1
276861 1
245033 1
197214 1
197205 1
221887 1
173200 2
222521 1
154790 2
154802 2
173314 2
257402 1
275071 2
275081 2
189917 1
154429 1
274601 1
276664 1
257321 1
257937 1
274626 1
153085 2
255347 0
275260 1
267629 1
276700 1
274737 1
034166 0
274635 1
277175 1
019032 1
274674 1
014352 1
148992 1
232463 2
237420 1
168132 0
256886 2
141561 2
117120 1
274760 1
275805 1
273426 1
204476 2
099631 0
275031 0
274754 0
257121 1
257127 1
276379 1
240547 0
238226 0
275397 0
270889 1
270987 1
276843 1
137364 1
137374 1
271313 1
270967 1
257320 1
276808 1
151310 1
274820 1
147163 0
173318 2
137316 1
000106 1
274740 1
275212 0
176466 1
276864 1
137288 2
276971 1
277000 1
158948 2
150202 1
153712 1
016029 1
264027 1
173331 2
269894 1
177565 1
177571 1
151545 2
177920 1
275275 1
172929 2
163129 2
163126 2
172878 1
154764 1
154522 1
197244 1
237419 1
224069 1
201070 1
201148 1
201142 1
201059 1
154671 1
190808 1
190778 1
190827 1
237435 1
173326 2
275280 1
275472 1
154126 2
173042 1
015890 1
276668 1
233545 0
153978 1
025714 1
025296 1
157887 1
154826 1
154811 1
154756 1
161388 1
148787 1
154749 2
154131 1
154517 2
274667 1
173205 1
240284 1
176693 1
176731 1
182637 1
182631 1
176695 1
273262 1
164138 0
221981 1
173296 1
155167 0
201954 2
275121 1
163762 1
193971 0
154898 1
274632 1
274701 1
257145 1
257157 1
276842 1
267989 1
052775 1
147090 0
232499 0
234716 0
176735 1
176733 1
176738 2
137293 1
276677 1
149142 1
177971 1
173561 1
161176 1
154672 0
173248 2
276357 1
276359 1
276593 1
276338 1
270892 0
154734 0
161146 1
276848 1
274720 1
052637 1
077143 1
002315 1
264409 0
173588 0
160962 1
155576 1
250460 2
153052 1
150878 1
275350 1
275349 1
154902 1
154813 0
119892 1
005462 0
257420 1
174422 1
229348 1
163455 1
165747 1
270953 1
138236 2
138237 1
161847 1
269246 1
150088 1
223899 0
275178 1
281038 1
018867 0
285989 1
276744 1
279059 1
279051 1
188101 2
173329 2
164291 2
005083 0
273451 1
271304 1
273221 1
276992 1
273214 1
154518 2
001552 1
154524 0
176408 1
270802 1
270798 1
270801 1
010552 1
119254 1
154503 0
272169 2
148772 2
162351 1
162356 1
015744 1
153725 1
154516 0
141362 0
158560 1
068716 0
153458 0
154793 0
119489 0
169098 0
154763 1
154843 1
276742 1
270775 1
015398 0
169099 0
017340 0
129556 0
128527 1
128671 1
128670 0
141319 0
176421 1
165398 1
085621 1
275509 1
085631 1
275594 1
129926 0
273961 1
273936 1
274016 1
276996 1
276678 1
271601 1
276380 1
276566 1
271110 1
285953 1
279065 1
272128 2
190777 1
272001 2
272129 1
278616 1
278548 1
196879 0
276844 1
271059 1
271054 1
156492 1
156493 1
156486 1
132816 1
132716 1
132796 1
132795 1
275485 1
275491 1
273250 1
094328 1
133162 1
270994 1
276849 1
276749 1
211766 1
176220 1
160865 1
276659 1
257426 1
174407 1
174423 1
225454 1
165833 1
161303 1
165837 1
225395 1
165716 1
165743 1
275365 1
260380 1
278540 1
276716 1
276715 1
161356 1
174625 0
226748 0
274605 0
178083 1
177885 0
154823 1
281936 1
178763 1
178648 1
173412 2
263187 1
263191 1
154836 1
154632 1
153969 1
154067 1
154173 1
173308 2
171566 1
156494 0
158551 0
173257 2
274627 1
221847 1
271591 1
148555 0
173409 2
196459 1
201060 0
250845 0
254378 0
250875 0
254380 0
201071 0
254390 0
201143 0
201149 0
165875 1
154809 1
178769 1
132834 1
132873 1
132868 1
178787 1
278532 1
278538 1
271036 1
271032 1
276748 0
173381 1
173386 1
173408 1
166056 1
173686 1
154068 1
153988 0
158036 1
187276 1
171555 1
006983 0
278547 1
278615 1
154845 1
273305 1
276002 0
257377 0
257158 0
154481 1
173805 1
271301 1
154633 1
271044 1
275070 1
275080 1
272403 1
261022 0
278798 1
278734 1
260364 1
273246 1
211767 1
211580 1
225787 1
157176 1
278383 1
278386 1
224392 1
271322 1
063605 0
271406 1
271508 1
136199 1
172779 1
277283 0
140626 0
175361 1
175605 0
271077 1
271015 1
276339 1
276358 1
276360 1
276381 1
276567 1
004144 1
118253 1
041905 1
271374 1
271540 0
047410 0
276565 1
264799 1
264858 1
264860 0
274633 1
153749 1
017581 0
257805 1
274595 1
276822 1
276939 1
161263 0
276731 1
276778 1
277516 1
276738 1
276732 1
264990 0
047712 0
141958 0
057706 0
276006 0
260981 0
063595 0
048009 0
047623 0
261243 0
224160 1
223961 1
173898 1
225780 1
157181 1
154489 0
278559 1
278550 1
172767 2
049176 1
049168 1
278800 0
257800 1
274639 1
160817 0
176221 1
173327 2
262792 0
176426 1
116876 0
221903 1
276667 1
271391 1
274617 1
274585 1
274573 1
278184 0
273903 1
272190 1
092046 0
276782 1
275151 1
141975 1
142066 0
173307 2
063302 0
168532 1
162906 0
276825 1
271116 1
111499 1
110352 1
030131 0
277003 1
193077 0
154538 1
271076 1
161192 0
194719 1
194727 1
174697 1
174734 1
052751 0
181744 1
225946 1
226069 1
190080 0
173335 1
117104 0
226400 1
163593 0
000328 0
043658 0
276733 1
274636 1
230626 1
087281 1
087259 0
199489 0
116794 1
093474 0
256927 1
283448 1
283477 1
158453 1
138624 1
276771 0
165395 0
153559 1
007158 2
113986 0
148961 0
094331 0
058551 1
074751 0
064332 1
164369 1
278809 0
160790 0
117114 0
192994 0
278195 0
114018 0
276776 0
092089 1
160785 0
163111 0
160787 0
278196 0
160789 0
226475 1
271509 1
174863 1
230616 1
174874 1
168501 2
168502 2
168489 1
273888 0
223479 1
138605 0
275583 1
275581 1
229334 0
153573 0
278551 1
274624 1
113812 0
272193 1
048718 2
262802 0
221755 1
219643 1
211005 0
276689 1
282013 1
282011 0
224172 1
224023 1
224061 1
274607 0
173347 2
257218 1
257207 2
173384 0
271124 1
252220 0
257502 1
027844 0
276736 1
173389 2
173397 2
162815 1
179117 0
173415 2
173253 1
141878 0
277781 0
257455 1
257454 1
004324 0
154574 1
154575 1
278684 1
278629 0
270951 1
274366 1
176724 0
253753 0
160616 2
160610 2
154454 0
276651 1
149983 1
028877 0
229061 0
277211 1
276649 1
277063 1
258327 0
274574 1
275362 1
176222 2
276596 0
287717 0
187232 1
192428 0
178286 0
265593 0
058756 0
114650 1
272223 0
168888 1
280698 0
228168 0
192463 0
283638 0
138735 0
277786 0
142075 0
113870 0
274604 0
277074 0
028946 1
272219 0
276973 0
283577 0
281000 0
283576 0
276967 0
277227 1
270954 1
270977 1
277067 1
257174 0
173334 1
219622 1
280080 0
173398 2
137302 1
277209 1
277212 1
277228 1
276917 1
286426 1
286423 1
107772 1
107759 1
137300 0
277517 1
276945 1
276801 1
277004 1
225752 1
225901 1
228611 0
047152 0
173275 1
275884 1
275366 1
223701 1
276713 1
227973 0
277835 0
271065 1
074760 0
274602 1
274807 1
274801 1
087283 1
275059 1
275056 1
275048 1
274592 1
136877 0
172896 2
158332 0
278637 1
278632 1
165820 1
152236 0
025713 0
158321 2
211511 0
016720 1
118887 0
219199 0
112792 1
003817 0
043746 0
229076 0
154835 0
263113 0
227285 0
023325 0
278561 1
234213 0
173413 2
154787 0
277008 1
138745 0
024782 0
114738 0
153745 0
280079 1
278917 1
280025 1
265728 0
026187 0
270058 0
276648 1
193349 0
114946 0
012969 0
229810 0
117702 0
137311 0
280039 0
222898 0
152231 0
156843 0
010931 0
074738 0
142258 0
265721 0
114703 0
004668 0
118890 0
004685 0
118911 0
280043 1
280084 1
274805 1
275422 1
278915 0
173388 1
277265 1
276762 1
223714 0
278611 1
275052 1
253812 1
150125 1
150117 1
117290 1
277030 1
187815 2
187805 1
274609 1
014208 1
270957 1
255673 0
226723 0
162782 1
162856 1
275363 1
271106 1
276660 1
014603 1
126152 1
005411 1
276997 1
276989 1
138292 0
277226 1
173387 2
146893 1
019315 0
054449 0
130177 0
238299 0
057095 0
170538 2
188439 0
172886 2
172912 2
002932 0
015215 0
277919 1
277900 1
013783 0
159003 1
159004 1
047197 0
202961 0
259194 0
280673 0
009675 1
122090 1
279471 0
257498 0
194510 0
276642 1
253389 0
280023 0
226620 0
253086 0
226411 1
226516 1
055462 0
225983 1
225982 0
037046 0
278851 1
278847 0
279770 1
279031 1
268685 1
268139 1
224030 0
280041 0
054380 0
253699 1
253793 1
253822 1
253853 1
254373 1
254379 1
254381 1
254383 1
254391 1
253129 0
242008 0
259437 0
280082 0
019312 0
242018 0
280671 0
037066 0
259445 0
117377 0
162860 1
148724 0
277210 1
154831 1
101407 1
100648 1
091878 1
091768 1
223665 1
094851 0
167223 0
278640 1
270992 1
130303 0
173390 2
004366 0
277316 1
274020 1
123072 0
277318 0
152846 1
019021 1
181248 0
276863 1
133857 1
002819 1
243639 0
256411 0
001232 0
221693 0
173190 0
107905 1
107854 1
107906 1
107993 0
061214 1
239370 0
038377 0
267161 0
010142 0
271627 1
115973 1
167409 1
167410 1
167407 1
140554 0
271053 1
275521 1
174650 0
117478 0
287936 0
257122 1
257128 1
276926 1
276672 1
137365 1
173420 1
078968 0
258999 0
276656 1
268176 1
219286 1
219293 1
214390 1
061057 0
275301 0
288212 0
188814 0
259710 0
075517 0
059492 0
173291 0
278584 1
152826 0
273387 1
082015 0
187237 0
091377 0
100931 0
052488 1
044538 0
278488 0
276720 0
226524 0
279943 0
255259 0
239594 1
134341 0
016007 0
181240 0
140573 0
004428 0
038491 0
139112 0
226532 0
259699 0
091376 0
140569 0
118605 0
061176 1
061169 1
052406 1
276663 1
278603 1
154834 0
276860 1
274014 1
277312 1
114233 0
097090 0
271058 1
278641 0
028911 1
052664 0
024957 0
097554 0
053248 0
276728 1
276727 1
047953 0
276725 1
276741 1
005082 0
276735 1
276641 1
004884 0
083336 0
166338 0
194602 1
194590 0
092982 0
276927 1
170523 2
097100 1
097112 1
276767 1
083432 0
270948 1
056996 0
007147 1
011698 0
277229 1
276739 1
007457 0
142425 0
147968 0
009361 0
157370 0
272630 0
272353 0
101298 1
014907 1
125818 1
267886 0
277134 1
273374 1
199447 0
260633 0
049748 0
278407 1
098156 0
100091 0
227183 0
227039 0
137127 0
008971 0
279304 0
005079 0
005545 0
156516 0
153126 0
173243 1
002521 0
201400 0
277684 0
192578 0
283921 0
054071 0
099599 0
000520 0
119192 0
082915 0
141649 0
279296 0
097602 0
114191 0
166339 0
052825 0
142426 0
120124 0
005116 0
121834 0
272582 0
227066 0
272328 0
142424 0
052830 0
121829 0
010446 0
278409 1
276723 1
271080 0
270979 1
276729 1
276726 1
276724 1
277208 1
173289 0
154655 1
277131 1
123348 1
173254 1
096663 0
276745 0
271073 1
276734 1
276737 1
277974 1
167973 0
280542 0
180025 0
275249 0
256938 2
172888 0
229064 0
275030 0
223948 0
154842 0
138289 0
278844 0
132570 0
192924 1
192940 1
193016 1
277679 0
282079 0
255922 0
148545 0
269624 0
256042 0
008723 0
227876 0
185504 0
075379 0
010106 0
013218 0
027132 0
270125 0
072073 0
278860 0
242341 1
242335 0
274994 0
208147 0
269428 0
149793 0
173766 0
084956 0
173299 1
180066 0
154569 0
030850 0
117284 0
173362 0
185712 0
227908 0
002081 0
135608 0
118962 0
083975 0
110175 0
231827 0
138325 0
027124 0
274973 0
167974 0
269625 0
072451 0
149805 0
030521 0
179953 0
110172 0
179947 0
072754 0
073017 0
073277 0
073533 0
073795 0
074052 0
074312 0
105246 0
105624 0
105927 0
106190 0
106450 0
106706 0
106968 0
107225 0
107485 0
192917 1
192920 1
193002 1
192915 1
277968 1
154656 0
276740 1
188001 0
158450 0
276950 0
242340 0
257181 0
271071 1
276384 1
276573 1
201579 0
175623 0
047542 0
130492 0
272341 0
174628 0
075003 0
007152 0
277466 1
270974 1
277413 1
276661 0
276910 0
083953 0
101282 0
057406 0
227693 0
277947 0
038716 0
275764 1
047154 0
150255 0
045294 0
255353 0
224300 0
057550 0
277681 1
173903 2
276750 0
276650 1
158972 1
053073 0
172628 0
266532 0
029315 0
076758 1
052368 0
136076 0
225740 0
136626 0
002316 0
285750 1
137537 0
162825 0
067501 1
134088 0
190549 0
256960 0
015200 1
050320 0
054335 0
007110 0
239252 0
265456 0
024543 1
160408 0
083918 0
084858 0
040862 0
014176 0
047009 0
228793 0
026740 0
050317 1
187994 1
187995 1
057752 0
116144 0
140492 0
077286 0
276891 0
074737 0
083968 0
225829 0
175629 0
084202 0
116143 0
120706 0
047058 0
057616 0
257131 0
079630 0
158430 0
083958 0
083965 0
271007 1
275704 1
277615 1
159062 0
187667 1
189044 1
189058 1
278929 0
188961 1
188957 0
253359 0
289988 0
153463 0
015756 0
087144 0
140539 0
253443 0
051011 1
062180 0
154130 0
056666 1
069044 0
269891 0
273575 0
201390 0
121893 0
028636 1
164492 0
159076 1
116196 0
168693 0
272021 0
251323 0
278916 1
280024 1
280042 0
280083 0
091662 0
178183 0
154798 0
054226 0
210575 0
118467 0
277133 1
266840 0
274975 0
226726 0
281834 0
194563 0
265634 0
220868 0
130946 0
272737 0
001081 0
153125 0
101056 0
289398 1
228130 0
004139 0
055690 0
285118 0
179590 0
203590 0
230326 0
005480 1
120044 1
176386 0
263832 0
256311 0
142245 0
171828 0
040044 0
086230 1
153122 0
087129 0
253516 0
277078 0
229302 0
245005 0
080372 0
267937 0
277305 0
139674 0
062174 0
253521 0
251331 0
201454 0
164504 0
263830 0
040051 0
275676 1
275543 1
269897 0
201499 0
289984 0
269914 0
251347 0
062171 0
040024 0
251364 0
275586 0
028621 1
289397 0
277132 1
041956 1
086148 0
276671 1
154504 0
018043 0
126217 0
006794 0
007440 0
189471 0
187244 0
154758 0
101965 0
113316 0
141973 0
224015 0
005154 0
087055 0
042846 0
168383 0
221354 0
265147 0
277315 1
189144 0
091763 0
227060 0
234419 0
193706 1
027850 0
235527 0
239064 0
257133 0
057780 0
166830 0
273639 0
036981 0
168985 0
119455 0
101970 0
132115 0
014248 0
092064 0
187697 0
025027 0
091879 0
193948 0
062166 0
252221 0
234210 0
277364 0
116486 0
092487 0
253084 0
141671 0
238381 0
219079 0
234026 0
126226 1
206278 0
154729 0
021779 0
227895 0
185446 0
077500 0
230716 0
280693 0
141710 0
210734 0
201644 0
238406 0
190094 0
141867 0
185404 0
231886 0
101964 0
233148 0
148652 0
001165 0
265152 0
117178 0
256667 0
166831 0
142067 1
142073 1
090901 0
087012 1
087015 0
189472 0
238372 0
092517 0
101912 0
008233 0
169027 0
185362 0
189477 0
239074 0
101906 0
277314 1
276662 1
126341 1
126358 0
053844 0
042250 0
193659 0
142186 0
192919 0
276673 0
224709 0
141321 0
152247 0
164220 0
028878 0
276757 0
012069 0
117122 0
206687 1
130159 0
028542 0
043180 0
254372 0
142289 0
277051 1
047057 0
149345 0
071371 0
226612 0
167453 1
167454 1
167445 1
117802 0
140701 0
082089 0
056052 0
038100 0
276679 0
254903 0
111583 0
279937 0
239866 0
138652 1
138674 1
188246 0
075766 0
054100 0
229486 0
199407 0
173358 0
193652 1
193660 1
193662 1
193707 1
192948 1
032122 0
042723 0
275034 0
237800 0
048397 1
230325 0
041667 0
277350 0
254382 0
231701 0
154457 0
114084 0
276197 0
080893 0
117124 0
057064 0
275492 0
224710 0
137200 0
276817 0
272362 0
277688 0
028947 0
176249 0
063112 0
057867 0
253792 0
276751 0
253852 0
053109 0
117869 0
104544 0
029052 0
276766 0
199414 0
149346 0
114085 0
229501 0
149335 0
117799 0
276198 0
173367 0
199443 0
166952 0
166953 0
276965 1
202434 0
180731 0
062475 0
275384 0
158934 0
193183 0
280543 0
005700 0
264770 0
233594 0
167298 0
139932 0
053614 0
239261 0
083438 0
273750 0
164110 0
259444 0
007475 2
178124 0
056231 0
070398 0
057553 0
180572 0
168289 0
026300 0
125264 0
253444 0
171539 0
141334 0
026442 0
158297 0
136363 0
048875 0
048564 0
139992 0
274464 0
154095 0
026492 0
154572 0
084663 0
101051 0
137786 0
256583 1
256586 1
057751 0
174897 0
172164 0
142249 0
211545 0
262427 1
075010 0
271420 0
139739 0
025683 0
057324 0
074985 0
006877 0
165943 0
253517 0
222964 0
046309 0
175805 0
169652 0
115274 0
277717 0
271706 1
142339 0
057773 0
278380 0
057255 0
277888 0
141624 0
120317 0
062423 0
165798 0
270683 0
253522 0
158933 0
165632 0
227054 0
154120 0
172162 0
084646 0
169653 0
275274 0
103571 0
010423 0
048594 0
175437 0
120507 0
222967 0
057256 0
277240 0
173555 0
139947 0
057257 0
175552 0
222849 0
256326 1
006449 1
256474 0
272580 0
203833 0
136946 1
136997 0
278183 0
055131 0
067747 0
263900 0
285458 1
285460 1
281456 0
166028 0
277310 0
266594 0
271895 0
285766 1
223835 0
159512 0
244533 1
152230 0
278106 1
278119 0
277993 0
054067 0
063536 0
047654 0
267042 0
228848 0
168395 1
168484 0
030569 0
068660 0
030041 0
274463 1
274432 0
160714 0
278790 0
054944 0
140966 0
069752 0
150888 0
017169 1
017187 0
090616 0
045088 0
234485 0
272326 0
223813 0
179900 0
162834 0
174139 0
134692 0
230272 0
114440 0
004046 0
274205 0
011084 0
152361 1
057378 0
188793 0
066345 0
012425 0
229055 0
145959 0
256415 0
162905 0
230670 0
097452 0
048793 0
055771 0
166659 0
177479 0
154815 0
141807 0
258994 0
281462 0
062285 0
055489 0
229081 0
037783 0
055108 0
204650 0
053031 0
192594 0
278182 0
054046 0
154816 0
165939 0
054997 0
102925 0
267068 0
122976 0
203909 0
278146 0
067739 0
166660 0
204510 0
280706 0
152252 1
274473 0
168465 0
137000 0
153574 0
279308 0
153568 0
280714 0
137047 0
274460 0
279054 0
274469 0
280711 0
168391 0
236978 0
168388 0
153569 0
005040 1
119234 0
119292 0
119432 1
095360 0
274449 0
279126 1
119233 0
091581 0
219126 0
165583 0
137109 0
141648 0
005992 0
119482 0
043294 1
268164 0
277745 1
172224 0
275719 1
280710 0
282043 0
257875 0
023402 1
193476 0
095603 0
278462 1
265166 0
063830 0
265028 0
213939 0
160279 0
124323 0
164087 0
027100 0
277913 0
286493 0
083237 0
184686 0
277972 0
208758 0
074438 0
275496 0
280206 0
213927 0
263331 0
277359 0
199666 0
066621 0
211557 0
288095 0
137052 0
036686 0
133417 0
280485 0
113520 1
255783 0
189939 0
079998 0
003649 1
007427 0
001873 0
280715 1
263615 0
202411 0
059251 0
160220 0
284251 0
281460 1
078939 0
199302 0
187444 0
007460 0
159423 0
236986 0
107611 0
095622 0
119492 0
166552 0
257880 0
259792 0
187420 0
277742 1
278480 1
278489 1
163614 0
278479 0
204347 0
201504 0
002595 1
016919 0
140318 0
066978 0
169590 0
276747 0
128197 0
028615 0
277924 0
160081 0
276300 0
061455 0
047262 0
159656 0
153750 0
083149 0
201147 0
136171 1
276952 0
111175 0
275107 0
230347 0
157634 0
039219 0
231824 0
224964 0
227206 0
277813 0
077421 1
169580 0
270025 0
257397 0
051534 0
024921 0
158330 0
083563 0
017523 0
137163 0
262155 0
075875 0
185131 0
191139 0
164510 0
057764 0
176716 0
039302 0
057397 0
047381 0
066894 0
266929 0
186070 0
228504 0
259436 0
203896 0
235525 0
258242 0
066321 0
056480 0
014154 0
005788 0
169591 0
277348 0
198100 0
083697 0
046688 0
201488 0
157660 0
276980 0
084045 0
084116 0
235533 0
225429 0
167887 0
203923 0
160042 0
277809 0
201487 0
169598 0
084073 0
276982 1
276979 0
083887 0
225403 0
201502 0
277280 0
203888 0
160041 0
169599 0
203846 0
083559 0
083884 0
203840 0
084322 0
136176 0
260849 0
283491 0
284721 0
091324 0
091476 0
227734 0
152799 1
044187 0
222653 0
120686 0
010436 0
260851 0
025681 0
256446 0
290043 0
185670 0
006960 0
055015 0
019473 0
137242 0
265641 0
114545 0
004830 1
005905 0
018380 0
277666 0
012978 0
260853 0
287543 0
244185 0
057134 0
005119 0
114013 0
004695 0
056363 0
193414 0
047321 0
053496 0
066707 0
260463 0
136715 0
179837 0
145551 0
011283 0
214882 0
064887 0
007090 0
057436 0
006923 0
282164 0
157809 0
019499 0
041491 0
179189 0
097736 0
168365 0
041067 0
057850 0
251938 0
221855 0
289532 0
201693 0
140543 0
277518 0
283221 0
071652 0
279119 0
157361 0
229830 0
185130 0
216857 0
270522 0
222864 0
219162 0
118924 0
229534 0
078936 0
265072 0
003964 0
260855 0
214562 0
124394 0
117901 0
270771 0
114001 0
057063 0
201695 0
104825 0
220390 0
193507 0
193539 0
264159 0
277268 0
260786 0
268481 0
260789 0
260846 0
252372 0
264160 0
019013 1
080414 0
256585 0
048617 0
278839 1
084168 0
118470 0
172893 2
237849 0
138274 0
012215 0
168296 0
186756 0
271503 0
056261 0
201577 0
271260 0
263643 0
059556 0
274307 0
082906 0
173306 0
166141 0
010282 0
116837 0
091764 1
213216 0
278766 0
029659 0
082082 0
278818 0
035001 0
211562 0
154588 0
052752 0
112527 0
276555 0
252619 0
234211 0
083911 0
176047 0
185885 0
167385 0
280857 0
253520 0
194521 0
120300 0
272649 0
054326 0
225631 0
260642 0
272742 0
278085 0
286329 0
110702 0
266603 0
145270 0
127674 0
208411 0
079690 0
278089 0
091957 0
156047 0
275427 0
256506 0
173391 1
277264 0
156498 0
009631 0
022462 0
117756 0
220942 0
074555 0
172963 0
198435 0
234070 0
054058 0
226868 0
276760 0
274256 0
114447 0
189145 0
118930 0
141865 0
263196 0
018466 0
004699 0
000053 0
115761 0
167386 0
226865 0
079722 0
120302 0
083908 0
165800 0
271251 0
275188 0
234072 0
118933 0
263200 0
173393 2
278822 0
172748 1
278801 0
278810 0
087282 0
253698 0
245130 0
278458 0
230826 0
173770 0
163415 0
251322 0
277236 0
264624 0
164623 0
278806 0
056619 0
270952 1
272410 0
228623 0
193258 0
031100 0
010547 0
265153 0
134528 0
048603 0
213866 0
174638 0
064241 0
240999 0
056718 0
278745 0
154157 0
051324 0
163754 0
005611 0
091094 0
225769 0
025504 0
224084 0
057861 0
274406 0
172910 0
137599 0
196648 0
150346 0
056890 0
273032 0
226724 0
034532 0
124162 0
256041 0
032766 0
224716 0
274793 1
033323 0
278733 0
024744 0
201395 0
082088 0
275975 0
013028 0
220041 0
224406 0
209291 0
275166 1
054307 0
054968 0
186556 0
051653 0
173937 0
235709 0
165502 0
057727 0
057562 0
079926 0
219372 0
078190 0
225836 0
056825 0
278032 0
120213 0
174708 0
053287 0
276158 0
021414 0
013238 0
163757 0
114649 0
278714 0
224162 0
057277 0
054374 0
274883 0
165503 0
224255 0
057278 0
163899 0
057279 0
275150 0
275142 0
092141 0
134244 0
275984 0
278084 0
256866 1
253821 0
231924 0
271507 0
152037 0
276654 1
052115 0
277689 0
224293 0
057389 0
080244 0
047222 0
215468 0
275483 0
084536 0
218450 0
218690 0
159310 0
253127 0
161226 0
