085524 2
010305 1
010298 1
018145 2
115245 2
113573 2
113600 2
131477 2
115942 2
005560 1
112158 2
112171 2
025309 0
152278 0
188475 0
201258 0
164457 0
089564 0
065268 0
135618 0
099723 0
043640 0
020081 0
156872 0
042326 0
113643 0
147403 0
223786 0
188437 0
152311 0
182113 0
085495 0
133256 0
169352 0
164875 0
193731 0
041627 0
188725 0
164686 0
156873 0
015065 0
164425 0
164842 0
152298 0
042319 0
099798 0
013081 0
086871 0
164484 0
188472 0
169256 0
164874 0
147393 0
163814 0
192212 0
125665 0
085135 0
124761 0
164402 0
164455 0
133243 0
133251 0
164460 0
164857 0
085076 0
