229351 1
229356 1
229358 1
234490 1
231388 1
234119 1
233919 1
227946 2
234388 1
234389 2
231229 1
231233 1
231243 1
231230 1
231234 1
231244 1
231228 2
231232 2
231242 2
228972 2
231283 2
231286 2
231313 2
231307 2
229194 2
229047 2
229357 2
229359 2
229021 0
231411 1
231424 2
231409 1
231609 1
017844 2
229352 2
239745 0
234390 2
231255 1
136299 1
136326 1
136301 1
256312 2
256301 1
229011 2
196314 1
229179 2
229238 2
194720 1
194722 1
229207 2
239739 0
284870 0
053735 0
034657 0
054775 0
261940 0
018885 0
218091 0
056141 0
034611 0
054854 0
053557 0
143787 0
270464 0
013284 0
013384 0
161063 0
157660 0
271306 0
056531 0
158329 0
161588 0
026668 0
246583 0
065205 0
055861 0
026359 0
114234 0
270540 0
218619 0
074500 0
136201 0
214891 0
245833 0
202247 0
144082 0
161054 0
013592 0
157655 0
026669 0
026615 0
245560 0
026258 0
144423 0
013920 0
013372 0
246515 0
026322 0
158454 0
026616 0
231271 2
231272 2
231302 2
196586 1
196598 1
196600 1
234086 1
242922 1
242928 2
242982 1
242910 1
242895 2
229361 2
229424 2
229310 2
221595 2
221631 2
221636 2
221682 2
231112 1
231119 1
234052 2
234087 2
234012 1
229439 1
229548 2
142218 0
158734 1
155637 0
239253 0
229516 2
229531 1
229241 1
136208 0
136485 0
191439 1
191054 1
196315 1
196587 1
196599 1
196601 1
191448 1
196537 0
009330 0
239800 0
229423 1
221680 2
196536 1
211929 0
171708 0
143601 0
143220 0
233952 1
233944 1
192008 0
231504 1
235166 0
197156 0
235785 0
240121 1
234297 0
190276 0
234726 0
236007 0
136293 0
228533 0
155631 0
137326 0
224521 0
198601 0
222240 1
202410 0
007800 0
235168 0
188119 0
136512 0
179907 0
171673 0
155615 0
121806 0
198813 0
198599 0
137379 0
143206 0
211931 0
234286 1
224131 0
188379 0
171709 0
152902 0
143643 0
223978 0
171667 0
188359 0
143394 0
171674 0
171700 0
188364 0
188373 0
188371 0
231148 2
231120 1
208778 0
239329 0
191053 1
196036 0
170262 1
170559 2
170739 2
170767 2
170776 1
170765 2
221630 2
221635 2
221681 2
221594 1
207182 0
231431 0
272957 0
227223 0
239330 0
196538 0
195958 0
269539 0
238924 0
231433 0
078643 0
142221 0
208779 0
098838 0
289099 0
229148 0
231212 0
229074 1
242821 0
273998 0
273053 0
079026 0
221703 0
234727 1
234782 1
232126 0
231382 0
239323 0
161991 0
231304 0
235680 0
197206 0
015689 0
241100 0
269447 0
