226419 1
211355 1
199662 1
199768 1
202309 1
201723 1
201733 2
253060 1
207523 2
191960 1
191952 1
192027 1
233435 2
141618 0
210803 2
210735 2
243224 1
243208 1
207193 1
206995 1
211988 0
243857 1
243843 1
206808 1
210978 1
216167 1
206698 2
229701 2
250887 2
257243 1
257343 1
257272 1
228781 1
228910 1
257917 2
253501 2
253570 2
253575 2
253557 2
253675 2
253600 2
253602 2
253425 2
253449 2
253502 2
253558 2
253571 2
253576 2
253354 2
244471 2
244451 2
201756 1
210756 1
275029 2
275040 2
275063 2
183845 2
183853 1
184706 1
108832 1
108911 1
108912 1
109176 1
109198 1
109210 1
108880 1
080223 2
184747 1
210965 2
210748 2
256022 1
256099 1
255936 1
025484 0
256770 2
197534 1
197450 1
197440 1
201815 1
201813 1
243559 1
243558 1
282970 0
101493 1
237379 2
237336 2
237378 0
209712 0
028839 0
199458 1
199482 1
199483 1
202689 1
196187 0
079186 0
185881 0
141604 0
208535 0
196217 0
196133 0
253701 2
199558 1
199502 1
256767 2
242947 2
196270 2
229964 2
229876 2
202237 1
202384 1
202398 0
227462 1
227546 0
258244 1
234372 2
242624 2
229632 2
225400 2
199799 1
199800 1
240501 2
234371 2
287669 2
287168 2
258502 2
224535 2
203074 0
187602 2
243497 1
243496 1
206720 2
206709 2
205796 2
206423 2
206434 2
208579 1
203076 2
203072 2
184695 2
255060 1
199226 1
243401 1
243402 1
243818 1
243811 1
243780 1
243779 1
243561 0
265042 1
234290 1
254637 1
017574 2
254881 0
015242 0
275249 0
202794 1
208546 2
201638 1
201964 1
201963 1
201958 1
202344 1
200003 1
244423 1
244426 2
244436 2
244365 1
244367 1
244366 1
244353 2
244261 2
208051 1
243834 1
243862 1
208414 1
244363 1
244341 1
244136 1
202262 1
136116 0
244732 0
274359 0
208975 1
206797 1
115184 0
201516 0
001554 1
070171 2
103344 2
070147 2
103320 2
070150 2
103323 2
228782 1
228911 1
197170 0
255270 0
243528 0
274400 0
274418 0
199222 1
234289 0
244143 1
208678 1
208007 1
258373 2
250339 1
250338 1
258357 2
251938 0
199160 1
199153 1
199154 1
199967 1
244502 1
200471 0
262867 1
262872 1
152740 0
208029 1
208997 1
271664 2
271663 2
019075 1
207204 1
244425 2
146539 2
281992 0
257428 0
203070 0
253569 0
209030 1
205619 0
194468 0
256551 1
199644 0
226922 1
256433 0
253926 0
229871 1
229824 0
215600 0
230075 1
263740 0
261580 0
229820 0
222775 0
226626 0
267467 0
257421 0
203117 0
225367 0
149450 0
251950 0
261287 0
258440 0
281926 0
256434 0
259945 0
195764 0
253574 1
164314 0
287843 0
215605 0
253995 0
197838 0
257823 0
209438 0
210439 0
255691 0
153174 0
164224 0
275543 0
269783 0
267188 0
263418 0
222717 0
139406 0
215603 0
263408 0
164333 0
164310 0
197669 0
215569 0
196003 0
263483 0
223113 0
139674 0
164292 0
268516 0
220390 0
223121 0
197647 0
152267 0
226611 0
191412 0
164261 0
222739 0
237595 0
208324 0
199156 1
128627 1
128478 1
155811 1
208018 0
032000 1
031977 1
113760 0
067843 1
067839 1
067812 1
064349 1
258430 0
243186 1
098618 0
202633 0
229135 0
226161 1
226164 0
240791 0
243826 0
210877 0
256345 0
080833 1
261453 0
080961 1
230124 0
241117 0
233644 0
088010 1
256173 0
199236 0
190565 0
145487 0
262174 0
187674 0
202334 1
202363 2
250646 0
275809 0
204245 1
086685 0
276132 0
094059 0
030165 0
240550 0
127751 0
224627 0
261392 0
148897 0
238027 0
153111 0
165298 0
132183 0
176462 1
176461 0
176460 0
208986 0
243756 0
235280 0
176458 0
258446 0
265927 0
269452 0
048852 0
256772 0
234399 0
229146 0
190683 0
256168 0
229250 0
192326 0
000512 0
164877 0
188960 0
190527 0
261447 0
256403 0
052216 0
210885 0
244435 0
124950 0
187662 0
283607 0
230040 0
229269 0
199251 0
241077 0
260642 0
165376 0
243832 0
229279 0
256803 0
240836 0
143622 0
283605 0
256783 1
256816 0
145492 0
145488 0
263682 0
160173 0
207754 0
115627 0
210852 0
206885 2
226560 0
202796 0
282164 2
261575 0
261667 0
277026 0
124467 0
209668 0
057897 0
208062 0
205763 0
254225 1
254186 1
165336 0
025686 0
242472 0
226411 0
176447 1
076977 0
288706 0
111790 0
261579 2
145335 0
032096 0
252080 0
244070 0
112197 0
168665 0
009663 0
060785 0
193753 0
268222 0
287271 0
200523 0
261671 0
025463 0
010964 0
163167 0
022023 0
035701 0
023279 0
116886 0
124627 0
193849 0
262084 0
006558 0
127602 0
033087 0
226559 0
075559 0
171232 0
284512 0
035546 0
283122 0
163117 0
116341 0
255938 0
230201 0
058907 0
127390 0
239616 2
267709 0
202795 0
153142 0
119306 0
090639 0
203057 0
115447 0
030668 0
235623 0
262330 0
160194 0
004761 0
288705 0
226845 0
277042 0
244083 0
025431 0
287283 0
226516 0
193752 0
023275 0
284523 0
124470 0
111782 0
203050 0
033082 0
163112 0
119031 0
200585 0
115619 0
284549 0
284569 0
284516 0
254170 1
254169 1
254165 1
239624 0
256432 0
230706 0
