198719 1
198743 0
198677 0
198852 1
198856 1
198733 0
198776 1
198801 1
198707 1
198711 1
198663 1
198705 1
198933 1
198769 1
198710 1
198966 1
198765 1
199190 1
198704 1
198721 1
198738 1
198730 1
198751 1
198786 1
198874 1
198742 1
198726 1
198844 1
198771 1
198835 1
198668 1
198976 1
198732 1
198768 1
198945 1
198660 1
198793 1
198789 1
199493 1
198669 1
198739 1
200604 1
198896 1
198754 1
199496 1
199159 1
198968 1
198845 1
198814 1
198816 1
198666 1
200605 1
210839 1
198756 1
198973 1
199161 1
200574 1
198686 1
198939 1
198944 1
198892 1
198902 1
200753 1
200815 1
198781 1
202147 1
202176 1
199384 1
199387 1
206918 1
198785 1
198792 1
015646 1
149512 1
149515 2
065796 1
147618 2
147617 2
147606 1
147619 2
147588 1
165031 1
049954 1
049866 1
241507 1
074804 1
149860 2
149852 1
202185 1
202212 1
082062 1
108254 0
160306 2
035579 1
150111 1
050919 0
025719 1
199202 0
216420 0
245712 0
198783 1
200570 1
200569 1
198784 1
198683 1
198782 1
198791 1
198688 1
198712 1
198823 1
200514 1
198713 1
198822 1
198794 1
198795 1
200601 1
199183 1
198731 1
198706 1
200573 1
199166 1
200516 1
198728 1
198757 1
198689 1
199200 1
200608 1
198761 1
198837 1
198762 1
198667 1
198718 1
198770 1
198790 1
198796 1
049818 1
149876 1
065794 2
065792 1
150681 1
150677 1
150679 1
150658 1
150985 1
150690 1
149596 1
149597 1
057016 1
049348 1
049514 1
165021 1
078546 1
152566 1
152579 1
255353 1
159218 2
159230 1
241515 1
256989 1
278854 2
199459 1
199471 1
200249 1
165418 1
149600 1
223669 1
082239 1
082331 0
028902 0
243522 1
220642 1
046248 1
074522 1
074591 1
039964 1
075495 1
075528 1
065672 1
074917 1
074854 2
074853 1
080088 1
091169 1
077469 1
049860 2
149938 1
149937 1
160355 1
199517 1
199529 1
082060 1
082763 0
052221 1
198780 1
198797 1
198700 1
198729 1
198674 1
077635 1
082203 1
200289 1
200290 1
074962 1
074945 1
046252 2
046247 1
082705 1
082601 1
077586 1
069040 1
075559 1
075269 1
075117 2
043983 1
051331 1
043986 2
043998 1
082435 1
050055 1
045899 2
045909 1
016625 0
198506 1
198504 1
220375 1
198682 1
078602 1
078063 2
164824 1
086516 1
056643 1
153322 1
065582 1
098370 1
052116 1
052126 1
162241 1
145570 1
149540 1
083394 0
056583 0
015582 2
042551 1
075477 1
075554 1
039946 1
039926 1
057296 1
075697 1
057843 1
221164 1
165001 1
148148 0
199770 1
199850 1
200231 1
199750 1
199755 1
224243 0
272453 1
272462 1
198722 1
198760 1
275872 0
068155 1
176786 0
198111 1
198044 1
224998 0
065764 1
227990 1
228092 1
162339 0
161083 1
161048 2
198725 1
252126 1
024710 0
270306 1
198716 1
149342 0
158891 0
198701 1
225423 0
199367 1
277408 1
075744 0
101991 0
147061 0
056705 0
083326 0
024770 0
162162 0
083407 0
148045 0
083205 0
162157 0
083204 0
087508 0
083244 0
161042 1
161046 1
015658 1
149523 2
015639 2
149553 2
046624 1
065828 0
153874 1
045815 1
158664 1
199369 1
039513 0
272105 1
091881 1
091844 2
223496 1
199163 1
039503 2
011450 1
009983 1
277452 0
198369 0
050899 2
050900 1
046394 2
096368 1
045119 1
044663 2
267862 2
267773 1
272415 1
272539 2
039713 1
039779 0
126814 1
244264 0
046354 1
046316 1
277394 1
277398 2
277409 2
046279 1
046277 2
191632 0
067765 0
161689 1
161690 1
087470 1
107927 0
282375 0
086281 1
051393 0
085197 1
085893 1
134025 0
022318 0
167918 0
242332 0
160573 0
023070 2
023069 1
023096 1
199849 1
163657 1
199363 1
220680 0
259791 0
049706 0
022353 1
022349 2
015831 0
027093 0
213492 1
213495 1
015677 0
115684 0
267055 0
014473 0
202237 0
124429 0
281268 0
018009 0
244286 0
039751 0
259819 0
067443 0
167919 0
051426 0
242292 0
022309 0
220695 0
267088 0
244271 0
202384 0
107933 0
281264 0
220661 0
259826 0
242314 0
023071 1
023097 1
086247 1
086195 1
218106 1
205181 1
203736 1
203752 1
239837 1
160378 1
205179 1
199365 1
199362 1
199358 1
065974 0
163815 1
163831 1
152443 1
096172 1
213821 1
213310 1
058863 1
271668 1
272024 2
271981 1
271851 1
272106 1
271909 1
067594 1
067631 1
067658 0
062808 1
062805 2
062772 1
068938 1
068942 1
068966 1
068954 1
065227 1
065239 1
065243 1
065258 1
102032 1
064953 0
226569 1
079292 1
084146 1
085127 1
085188 1
085195 1
081228 1
081202 1
049397 0
266942 2
266890 1
141690 0
082265 1
092908 0
085857 0
098949 0
050873 2
050812 2
050451 1
050455 1
050306 1
222239 1
222245 2
085695 1
085698 0
182577 0
086204 2
086201 2
045979 1
046181 2
046167 1
046163 2
046164 1
046168 1
099700 1
098003 1
023183 1
089928 2
226152 0
099041 0
079435 1
012776 0
189195 1
017545 0
023086 0
093951 0
223555 0
277416 1
024051 0
149266 0
091351 0
099343 0
049475 0
092961 0
129410 0
129415 0
065270 1
086202 2
046241 1
046104 1
062814 1
045936 2
045701 1
045673 1
045628 1
089897 1
240568 0
098690 1
098526 1
099701 1
099409 1
100175 0
272023 1
050237 1
276250 1
276302 1
068816 1
099317 0
094573 0
051308 0
092787 0
100779 1
100760 0
022326 1
028660 1
189117 0
046427 1
198295 0
161346 0
277120 1
201559 1
236514 0
000796 1
158919 1
199251 0
221855 0
041481 1
273017 1
156230 0
023633 0
264932 0
039749 0
058095 0
163458 0
108864 0
045278 0
162065 0
087883 1
016469 0
263175 0
050307 0
284322 0
116051 0
135219 0
263992 0
001457 0
239620 0
219938 0
134625 0
047277 0
044167 0
210756 0
047495 0
040390 0
189524 0
149643 0
283004 0
142957 0
057023 0
130467 0
226128 0
047799 0
264704 0
093167 0
155942 0
094592 0
051318 1
092873 0
219929 0
134662 0
239755 0
198310 0
159904 0
044401 0
161320 0
130457 0
092784 0
219923 0
239585 0
161358 0
162017 0
239618 0
219924 0
162018 0
219927 0
219925 0
023377 0
021070 0
220003 0
180737 0
024794 0
078313 0
080176 0
027356 0
198827 1
198799 1
083306 0
015508 0
056989 0
136198 0
250289 0
116446 0
066406 1
037275 0
092043 0
084018 0
050801 0
020936 0
223329 0
012080 0
059414 0
187479 0
019080 0
240097 0
197776 0
277534 0
021523 2
021389 0
133175 0
038202 0
007052 0
025634 0
064073 0
047439 0
046101 1
046268 1
025396 0
048847 0
286793 0
019929 0
016245 0
045384 0
053275 0
045137 0
003876 0
126445 0
084643 0
108515 0
221177 0
165265 0
048199 0
045478 0
033078 0
190878 0
165964 0
277118 1
201146 0
201560 0
116031 0
004039 0
025188 0
085072 0
045791 0
051214 0
022706 0
041763 0
022336 0
034867 0
026775 0
180745 0
023365 0
021084 0
116412 0
092103 0
057266 0
120647 0
050824 0
024768 0
025219 0
038144 0
077444 0
240186 0
024738 0
165965 0
057267 0
023143 0
116408 0
092177 0
077446 0
051178 0
026770 0
045454 0
024788 0
021079 0
034866 0
024736 0
064277 1
028944 0
076262 1
080529 1
088975 0
064578 0
149349 0
088091 0
024423 0
024766 0
100449 0
224059 1
149602 0
228520 0
179025 0
004883 0
089312 0
085327 0
282205 0
273538 0
144847 0
188383 0
153312 0
045085 0
260154 1
260156 2
260159 2
260162 1
260152 2
260155 2
260157 2
260160 2
260163 2
074725 1
084617 0
049389 0
017300 0
098177 0
123488 0
077785 0
038148 0
170069 0
020134 0
171805 0
271241 0
083261 0
244273 0
075135 0
225005 0
089725 0
235852 0
287112 0
128476 0
098892 0
004105 0
052582 0
252776 0
046263 0
260392 0
149375 0
034274 0
269275 0
273051 0
077305 0
124585 0
140034 0
226418 0
178238 0
270397 0
089730 0
272265 0
020728 0
284926 0
273302 0
144981 0
085454 0
262044 0
024723 0
100462 0
170070 0
282177 0
260387 0
287121 0
129591 0
098199 0
129638 0
089741 0
077268 0
100459 0
144931 0
100570 0
272958 0
077262 0
129597 0
100571 0
273054 0
129594 0
289623 0
289663 0
262085 0
260161 1
260158 1
270222 0
278375 0
276626 0
238563 0
276625 0
278376 0
240398 0
278371 0
194813 0
266635 0
276529 0
219986 0
095225 0
242533 0
115822 0
049009 0
243572 0
218489 0
222822 0
130589 0
112748 0
227463 0
050457 0
159961 0
284685 0
236641 0
130439 0
145162 0
271374 0
075569 0
281694 0
288234 0
164808 0
276414 0
266892 0
190480 0
278374 0
275999 0
177699 0
288615 0
258792 0
130562 0
243510 0
228007 0
222824 0
286928 0
276528 0
243578 0
268209 0
075270 0
281583 0
222877 0
267077 0
222832 0
278505 0
258883 0
162419 0
288619 0
281589 0
240399 0
187185 0
267036 0
222834 0
243537 0
270772 0
228039 0
276000 0
048966 0
236260 0
177745 0
187187 0
162435 0
265103 0
281590 0
239471 0
258877 0
222887 0
240396 0
278516 0
258953 0
287795 0
281591 0
239540 0
270890 0
177737 0
276621 0
264114 0
270906 0
225762 0
196050 0
265716 0
198554 0
196001 0
266739 0
287803 0
276828 0
198563 0
186260 0
046225 0
197761 0
068946 0
267143 0
108534 0
150245 0
280923 0
046699 0
272551 0
065159 0
129642 0
077780 2
078184 1
078180 1
081489 0
076927 0
016373 0
182598 0
240835 0
229017 0
028055 0
188144 0
070002 0
068443 0
003870 0
193926 0
269014 0
095971 0
022139 0
127161 0
262854 0
219306 0
024695 0
021401 0
040866 0
007396 0
012899 0
238767 0
015721 0
095984 0
011165 0
279363 0
050885 2
050887 1
132889 0
112303 0
143573 0
024371 0
075852 0
044146 0
203074 0
049932 0
092306 0
023834 0
021637 0
128757 0
270770 0
066837 0
138653 0
162473 0
038338 0
239586 0
186482 0
194835 0
180948 0
018479 0
262629 0
099288 0
103175 0
120918 0
280919 0
020669 0
132948 0
180727 0
