044384 1
044349 1
044314 2
044601 1
044602 2
044616 1
209902 1
045920 1
045916 2
044821 1
044698 2
035123 1
041639 2
035773 1
046466 2
045973 1
040755 1
040898 1
046546 1
045965 1
036104 1
036111 2
041632 2
035748 2
035757 1
035765 1
035908 2
035900 1
035755 1
037794 2
037793 1
035849 1
036308 1
051755 1
045324 1
036275 1
044899 1
045708 1
046014 2
046049 1
045896 1
045014 1
044989 2
041577 2
041594 1
036135 1
036141 1
036140 2
044442 2
035783 1
044689 1
035675 2
035674 1
035676 2
040792 1
044642 2
044578 2
044585 1
035904 2
044756 2
045231 2
045234 1
044445 2
044511 1
044558 1
046293 2
035860 2
035851 1
040752 1
040901 1
044736 1
041626 1
044617 1
044268 2
044291 1
205162 1
044599 1
207646 1
035752 2
043765 1
036000 1
044577 2
044584 1
035929 2
036765 2
205166 1
204479 1
044203 1
205164 1
205156 1
217907 1
212029 1
242413 0
217209 0
217522 0
032588 0
242531 0
216736 0
032572 0
032509 0
035759 1
035797 1
035861 2
035766 1
035786 2
035785 1
035872 2
035906 2
035788 1
035903 2
035902 2
035832 2
035843 1
035838 1
045318 2
035792 1
035817 2
035760 1
040928 2
040929 1
035981 1
035756 1
035806 1
036034 1
035824 2
035758 1
044638 2
044731 1
046519 1
044368 1
037314 2
040982 1
040949 2
035842 1
035867 2
044732 2
044737 1
035918 1
036340 1
035919 1
088107 1
035699 2
035873 2
044633 2
044157 2
045358 1
045356 2
218004 1
044738 2
037242 1
044939 1
044780 2
044936 1
044891 1
044882 2
046594 2
044643 2
044327 1
044001 2
035787 1
044634 2
039568 2
044745 1
044775 2
044739 2
044759 2
044762 1
044748 1
044582 1
045891 1
039995 2
044746 1
040900 1
036136 1
036142 1
044408 2
044332 1
044474 1
045889 2
044680 1
046355 1
046117 2
036131 2
044632 1
044593 1
044591 2
040822 2
044264 1
046493 2
046459 1
040937 1
045857 1
046502 2
044933 1
044716 1
044721 1
040902 2
205151 1
205765 1
205767 1
045511 1
046514 2
045435 2
044733 2
044740 1
045845 2
044835 1
044503 1
035935 2
035859 2
046489 2
046476 1
209417 1
045862 1
045854 1
036702 2
044743 1
040936 1
044253 1
035937 1
040751 2
041014 2
041119 2
046409 2
041480 1
046411 2
041536 2
045623 2
045117 2
045698 2
035879 2
046509 1
035777 1
044315 2
044468 2
044537 1
036738 2
035948 1
036123 1
036372 2
035978 2
036242 1
044064 1
045983 2
044254 2
044239 1
035831 2
045982 2
045241 2
036013 1
035926 2
035925 1
035888 2
045425 2
045536 1
045296 1
045307 2
045319 1
050961 1
046375 1
045468 1
043995 2
044579 2
044278 1
035951 1
035878 2
035776 1
044520 1
040905 1
046491 2
043895 1
046379 2
044678 1
044323 1
035846 1
035863 2
045928 1
040793 2
044473 2
037685 2
044160 2
044906 1
040816 2
035912 2
044220 1
044525 1
101760 0
044524 1
045489 2
040962 1
214288 1
046462 2
044162 2
049302 1
044777 1
035790 1
040915 1
214463 1
215119 1
045443 2
042260 2
042840 2
042358 2
040975 2
036098 1
041394 1
041388 1
045692 1
045624 1
045727 2
045758 2
050685 2
035956 1
035933 2
041306 1
040903 2
037675 1
046461 2
044273 1
045268 2
040932 1
036160 2
044405 1
049306 1
044498 1
044561 1
044032 2
051325 2
045999 1
044767 1
044692 1
217289 1
035778 1
054578 1
051516 1
035922 2
044568 2
264818 1
045488 2
264847 1
264831 1
044002 2
044039 1
044307 1
036907 1
037065 1
046047 1
046288 1
035384 1
035304 1
208357 1
040783 2
044536 1
209846 1
035791 1
037146 2
207060 1
044223 1
044581 2
216389 1
044549 1
044614 1
045487 1
045473 2
045532 2
051148 2
045998 1
044387 1
044613 1
051339 1
044600 1
043900 1
044419 1
044755 2
045501 1
036748 1
214961 1
040819 2
044747 1
209446 1
048904 1
035841 1
041026 1
048134 1
043977 1
044735 1
044781 2
040916 1
046337 1
044851 2
051742 1
044603 2
059415 1
044688 1
044375 1
044730 1
036325 2
044685 1
035927 1
037447 1
045619 2
049892 2
035286 1
035283 1
044351 2
045955 1
049889 1
035649 1
044098 2
059086 1
045367 1
045351 2
035934 1
044636 2
045954 1
046198 1
044789 1
044703 2
044149 0
035744 1
201226 1
043922 1
043908 2
044571 1
110530 1
044992 2
045163 1
043932 1
044606 1
051517 1
051064 2
044256 2
044741 1
044357 1
043982 1
044734 2
045248 1
044955 1
110561 1
044587 1
040907 1
051482 1
051333 1
036990 2
036978 1
050892 1
050886 1
035853 1
044717 1
044705 2
044280 2
044310 1
044677 1
044644 2
051338 1
213276 1
040821 1
044592 1
207006 1
035711 2
214705 1
040935 1
044589 1
207658 1
040892 1
044605 1
218332 1
205282 1
044434 1
212460 1
051744 1
218408 1
215467 1
215570 1
045178 1
037033 1
037052 1
217387 1
040934 1
037528 2
036375 2
140935 0
044374 1
037445 1
035833 2
035789 0
036652 1
044129 1
044552 1
044626 1
044353 1
044648 1
044801 1
046196 1
037880 1
037902 2
050766 1
065434 0
048451 1
044152 1
206535 1
044430 1
044195 2
044197 2
036663 1
036683 1
044008 2
037924 2
044559 1
110569 1
037779 1
051042 1
045533 1
044272 1
217389 1
037213 1
037106 1
044649 1
045024 2
045689 2
044509 2
044366 2
045177 2
044495 2
044391 2
044402 2
214352 1
044631 1
044693 1
218016 1
218177 1
218217 1
109397 1
037306 2
037231 1
045801 1
044518 1
203822 1
203894 1
046276 1
148724 1
205560 1
214958 1
214960 1
215268 1
213628 1
046361 1
051519 1
219480 1
051514 1
209847 1
210344 1
217334 1
216276 1
217902 1
208240 1
212661 1
209365 1
209788 1
204592 1
081180 1
205461 1
208572 1
044838 1
218949 1
051664 1
044586 1
203999 1
205173 1
210107 1
210290 1
163893 1
051605 1
163872 1
206495 1
044506 1
035923 2
036048 1
039423 2
044048 1
079475 1
044742 1
060586 1
062819 1
062813 1
258468 1
258524 1
206342 1
051066 1
046414 1
034661 1
035839 1
036561 1
037467 1
044262 1
044687 1
138040 0
045703 1
044770 1
113250 1
210560 1
163071 0
209430 1
036558 1
205207 1
046102 2
046153 1
215154 1
203427 1
060535 1
044691 1
044163 2
044389 1
213889 0
208545 1
216252 1
216044 0
045526 2
036085 2
045593 2
045005 1
045582 1
036186 2
035735 1
035921 1
051515 1
045818 1
045164 1
045148 1
019662 0
164572 0
045817 1
044588 1
044580 2
043876 1
201991 1
108793 0
044118 1
046418 1
040802 1
040779 1
044595 1
045201 1
045152 1
217935 0
007782 1
205445 1
205740 1
044003 2
051554 2
044358 1
044004 1
205296 1
044501 1
049256 1
045420 1
051173 1
043962 1
210265 0
286304 1
062794 0
212784 1
051558 1
200446 0
215487 1
044270 1
035916 1
218888 1
217761 1
217498 0
015594 0
204302 1
214953 1
044902 0
217964 0
204946 0
218419 0
003860 0
214137 0
215566 0
217113 1
203660 0
205039 1
216602 1
216612 1
217562 1
217680 0
214711 0
204576 0
212525 0
217347 0
216864 0
214527 0
216331 0
205169 0
206456 0
216334 0
216347 0
215504 0
216350 0
044007 2
204467 1
217770 1
217784 1
045431 2
045505 1
099315 0
051147 1
050533 0
045513 2
075763 1
045021 2
021652 0
086867 1
086368 1
168396 1
066382 0
044726 1
161996 0
203956 1
005425 1
035866 2
050921 1
044681 1
043935 2
084332 0
212092 0
037047 1
048419 1
048832 1
039647 1
219876 1
205506 1
036267 1
261825 0
075688 1
075683 1
056644 1
057367 1
044248 0
040395 0
040754 1
054072 1
035796 2
037310 0
169219 1
051506 2
051145 2
090123 1
203373 0
114841 0
208939 0
044596 2
182937 0
080617 0
044620 1
077418 0
045757 1
044097 1
131314 0
135141 0
051340 0
039413 1
267825 0
040914 1
090513 0
187827 1
029003 0
262524 0
056144 0
048614 2
021726 0
264813 0
041627 0
051330 0
204137 1
210353 0
281095 0
029059 0
038656 1
038683 0
271413 0
110733 0
065003 0
135069 0
289164 0
012468 0
028750 0
134910 0
262196 0
218365 0
029006 0
090436 0
210540 0
056058 0
064997 0
261822 0
289054 0
261736 0
289091 0
090141 1
036263 1
036268 1
036490 1
044618 1
044597 1
035920 1
040791 2
037067 1
045754 0
036250 1
078716 0
035714 2
044570 1
044572 1
044564 1
204176 1
204121 1
204122 1
204171 1
204404 1
204172 1
204174 1
204175 1
020010 0
208275 0
044702 1
044700 2
044679 1
036599 0
044948 1
086482 1
086468 1
218082 0
045816 0
035870 2
205303 0
050891 1
044650 1
014207 1
043972 2
203930 0
043821 1
204522 1
099508 0
044144 0
044020 2
204952 1
037639 0
059403 1
209032 1
209168 1
209064 1
209651 1
209663 1
210051 1
209174 1
209759 1
210292 1
218368 1
016007 0
044065 2
050371 0
220596 0
218425 0
035784 1
035818 2
048544 0
077384 0
260131 0
045497 2
168498 0
207066 1
078274 0
209519 0
218230 0
035938 0
044697 0
075558 0
022153 0
023136 0
155624 0
035488 0
183281 0
077370 0
220885 0
036270 0
019358 0
205753 0
209783 0
202925 0
043939 0
211252 0
050681 0
208751 0
162643 0
201194 0
207400 0
209409 0
209199 0
210099 1
218944 0
043816 1
043815 1
043805 1
035805 1
044104 1
051505 1
109039 1
109054 1
044563 1
116080 0
039121 2
038839 1
044630 0
000444 0
037564 1
044547 2
050684 2
204798 0
023130 0
051501 0
191209 0
044086 0
038810 0
044066 0
042887 0
274728 0
206669 1
207796 0
191876 0
049010 0
037819 0
204032 1
045964 0
044683 1
217379 0
101771 0
276131 0
114986 1
051086 1
162117 1
204594 1
203246 0
123007 0
079001 0
044455 0
203283 0
273746 0
036071 1
176095 1
057069 0
001903 0
036760 0
132533 0
038093 0
204114 0
199477 0
119297 0
027253 0
044690 1
209616 0
048244 0
113470 0
212952 0
044147 1
152118 0
048305 0
269717 0
217769 0
081677 0
216256 0
116902 0
136367 0
210399 1
205200 0
040076 0
038351 0
145792 0
268557 0
203775 0
045326 0
243840 0
045467 1
010494 0
142956 0
044886 0
217435 0
204281 0
043124 0
222336 0
214064 0
191218 0
044087 0
036897 0
056638 0
081680 0
039083 0
243854 0
006465 0
082315 0
204701 1
043951 2
268198 0
044567 1
091114 0
044482 0
116077 0
175199 1
046453 0
036301 0
024284 0
037695 0
034046 0
046371 1
036906 1
204126 0
127095 0
044672 0
235399 0
022508 0
002342 0
259087 0
040039 2
266977 0
110430 0
156395 0
035284 1
035287 1
035305 1
035314 1
035385 1
035421 0
035430 0
022325 0
167966 0
037882 0
037589 0
043992 1
044261 1
162432 0
041020 0
096345 0
045038 0
258148 0
157731 0
043358 1
055703 0
268161 0
118010 0
037696 0
117866 0
095447 0
113801 0
276142 0
035623 0
044226 1
037031 0
000495 0
091654 0
034643 0
077206 0
012599 0
268196 0
045180 0
127261 0
008262 0
082320 0
092914 0
037389 0
190427 0
012734 0
036749 0
024246 0
268307 0
055627 0
201946 0
044500 0
244773 0
041018 0
022543 0
099427 0
024141 0
037192 0
204448 0
196648 0
092991 0
194992 0
276180 0
251177 0
283063 0
198680 0
251203 0
231484 0
284632 0
283074 0
228938 0
231532 0
284719 0
016144 0
076521 0
046570 1
045357 1
041352 1
035819 0
135413 1
209495 1
219357 1
205137 0
269010 0
023285 0
214319 0
214566 0
152077 0
215231 0
121160 0
107987 0
044085 0
217756 0
211016 0
163830 0
206118 0
062389 0
024295 0
077961 0
217852 0
115109 0
219502 0
058587 0
088254 0
210537 0
158155 0
218882 0
113997 0
208804 0
043773 0
158810 0
046273 0
110678 0
213240 0
218005 0
242137 0
041668 0
274608 0
044458 0
209973 0
023450 0
037279 0
218354 0
085781 0
205497 0
100540 0
267282 0
211082 0
209638 0
035313 0
209996 0
038237 0
193903 0
219497 0
204600 0
219755 0
203851 0
066157 0
214732 0
213561 0
217110 0
205502 0
070528 0
075874 0
203441 0
020299 0
205635 0
209844 0
206146 0
216408 0
218466 0
218447 0
204989 0
269033 0
076344 0
007737 0
152099 0
023273 0
041669 0
207568 0
203962 0
209763 0
107998 0
203646 0
121162 0
204470 0
205331 0
103701 0
214302 0
009197 0
218861 0
070474 0
121674 0
103646 0
051036 0
003705 0
042546 1
042568 0
034949 1
040247 0
152436 0
041937 0
220826 0
018465 0
044316 0
009297 0
035885 1
093877 0
195765 0
021747 0
044069 0
093363 0
116349 0
094411 0
035708 1
091214 0
011233 0
049403 0
090692 0
044112 1
208550 1
207230 0
046694 0
107691 0
016214 0
078995 0
035656 0
169842 0
078277 0
045927 0
222063 0
081149 1
116172 0
044047 0
001828 0
079520 0
219487 0
006789 1
000629 1
037634 1
269322 0
280800 0
068729 0
181529 0
281770 0
090705 0
137014 0
005767 0
037122 0
009755 0
118828 0
080076 0
239573 0
127989 0
115548 0
253050 0
014059 0
005484 0
118636 0
044145 1
058733 0
109323 0
036543 0
217463 1
098524 0
175874 0
021182 0
043600 0
204980 0
037320 0
000401 0
099185 0
092500 0
067803 0
098530 0
274612 0
087709 0
109554 0
168538 0
010140 0
169843 0
093905 0
120384 0
220829 0
090731 0
239727 0
128785 0
098537 0
269329 0
036540 0
009756 0
128782 0
122151 0
128780 0
218122 1
216304 0
035244 1
201005 0
203704 0
033364 0
041712 0
021527 0
115688 0
204188 0
042194 0
090577 0
000269 0
213217 0
046258 0
214800 0
012258 0
035556 0
218483 0
236904 0
013547 0
023213 0
020562 0
018732 0
045782 0
023924 0
203688 0
135289 0
099801 0
035165 0
267436 0
051409 0
216074 0
081696 0
037391 0
036797 0
205148 0
216658 0
075035 0
012932 0
130008 0
079865 0
052748 0
085071 0
049164 0
044209 0
267801 0
163311 0
266958 0
045658 0
093575 0
218200 0
050918 0
016748 0
216514 0
078774 0
045562 0
113504 0
206822 0
206103 0
218583 0
215326 0
214457 0
050376 0
195086 0
117311 0
210555 0
097746 0
204672 0
050709 0
215932 0
027120 0
204198 0
023326 0
244957 0
046299 0
003654 0
002809 0
043538 0
215106 0
022661 0
115435 0
055563 0
033303 0
021557 0
045182 0
205398 0
023347 0
216663 0
212906 0
090602 0
203037 0
206824 0
113511 0
021583 0
046255 0
205399 0
212821 0
021650 0
212907 0
015607 0
088248 0
217274 0
090964 0
175423 0
047662 0
001711 0
029979 0
077875 0
218307 0
018324 0
263631 0
110417 0
043948 0
223443 0
211420 0
069147 0
112268 0
280816 0
023173 0
287462 0
168337 0
143584 0
093308 0
213400 0
023248 0
005184 0
222713 0
115622 0
090476 0
038382 0
134417 0
218823 0
077520 0
005018 0
217690 0
169230 0
037798 0
198767 0
207480 0
051544 0
244844 0
117349 0
213009 0
216149 0
039694 0
087015 0
155692 0
015752 0
011288 1
078870 0
028249 0
021995 0
012356 0
116068 0
082079 0
268923 0
037791 0
193760 0
244908 0
068947 0
086565 0
039440 0
027513 0
114679 0
032127 0
191332 0
128157 0
155830 0
119397 0
215904 0
203476 0
128888 0
203272 0
102320 0
064850 0
039805 0
088255 0
112267 0
037797 0
093295 0
218764 0
175407 0
149655 0
134419 0
193762 0
119351 0
213085 0
082074 0
213513 0
039482 0
191326 0
244933 0
037944 0
213483 0
212978 1
213544 0
218974 0
203572 0
244931 0
212097 0
008187 0
116189 0
217883 0
223263 0
040585 0
174925 0
037191 0
210139 0
208222 0
268431 0
022838 0
275438 0
204101 0
130954 0
269077 0
208706 0
207171 0
112155 0
204294 0
257948 0
019273 0
068480 0
036982 0
264833 0
163971 0
216313 0
058548 0
022278 0
204403 0
164312 0
212307 0
128509 0
156496 0
210231 0
035989 0
215403 0
001185 0
045855 0
009287 0
078719 0
079233 0
117183 0
207372 0
050608 0
240053 0
222307 0
281326 0
209739 0
219620 0
071253 0
011195 0
028119 0
162676 0
159264 0
200422 0
021602 0
036828 0
269315 0
044971 0
277986 0
219479 0
082531 0
222234 0
268661 0
145793 0
056634 0
128533 0
114452 0
089085 0
008998 0
039131 0
044715 2
213490 0
137825 0
142174 0
158342 0
095948 0
273567 0
209755 0
272089 0
224798 0
204753 0
226210 0
037206 0
203531 0
066553 0
204402 0
019229 0
219520 0
200423 0
071192 0
121773 0
269084 0
121515 0
273662 0
009284 0
104365 0
104426 0
121771 0
044720 1
164412 0
005746 0
191399 0
124321 0
099378 0
288108 0
214267 0
035807 0
203754 0
088467 0
022548 0
021736 0
210616 0
215941 0
216570 0
214314 0
045104 0
173501 0
046540 0
213125 0
269698 0
014916 0
045499 0
115290 0
033759 0
216489 0
043975 0
217859 0
050962 0
044266 0
048767 0
050386 0
216656 0
137017 0
176609 0
164061 0
219130 0
212623 0
056162 0
216118 0
022746 0
214261 0
201178 0
216691 0
138694 0
199600 0
020202 0
217674 0
040573 0
229389 0
108253 0
045255 0
217574 0
219824 0
216470 0
120360 0
215553 0
023377 0
214349 0
214672 0
258491 0
114393 0
037048 0
045390 0
215229 0
045838 0
197710 0
205536 0
205843 0
224262 0
206457 0
203335 0
033689 0
218847 0
045348 0
150158 0
204577 0
212682 0
217299 0
219107 0
205049 0
207434 0
007260 0
046550 0
216571 0
120355 0
199627 0
217675 0
200767 0
216036 0
214857 0
258514 0
217427 0
191341 0
218600 0
150154 0
200742 0
258516 0
259347 0
127154 0
068070 0
227537 0
206859 0
231561 0
044044 0
167326 0
248979 0
068204 0
035554 0
079508 0
045858 0
088247 0
058926 0
075162 0
035303 0
044714 0
030218 0
156684 0
114519 0
019240 0
164001 0
029226 0
079131 0
042670 0
025274 0
125035 0
183711 0
285877 0
116160 0
032754 0
046441 0
068578 0
071527 0
240895 0
222280 0
