051099 2
054407 0
059396 0
054720 2
054675 0
053703 0
056226 0
054715 0
052712 0
052140 2
052129 2
057093 2
056859 0
054281 0
052771 2
052724 2
048557 0
052613 2
052610 0
054871 2
053322 0
051033 2
050963 2
051087 2
057368 2
057131 0
056745 2
048603 2
243710 2
059343 0
054088 0
050164 2
051006 0
054983 0
019248 2
222456 0
277543 2
083069 2
082783 2
135172 2
088138 2
088112 2
088131 2
052747 0
054563 0
223313 2
223318 2
053476 1
055523 0
055047 0
052695 0
054981 0
052581 0
052718 2
052826 0
055074 0
053670 2
057244 0
053977 0
055520 0
054147 0
052727 0
052696 0
054528 0
055289 0
055123 0
052711 0
055269 0
054272 0
052574 0
048476 0
055014 0
053265 0
056743 0
054005 0
053561 2
053381 0
053319 0
054359 0
054497 0
055898 0
053587 0
053996 0
055363 0
054512 0
054697 0
053963 0
053162 0
056849 0
056462 0
053002 0
054518 0
054927 0
055362 0
055029 0
055264 0
054922 0
055024 0
055010 0
055277 0
277523 2
135170 2
135179 2
135374 0
052738 0
003562 2
055599 2
004440 2
056361 2
056316 0
080427 2
080399 2
198416 2
199195 2
199046 2
199169 2
199994 2
057100 2
056857 0
082609 2
082591 2
080280 1
082759 2
082744 2
082646 2
200626 2
200630 2
213258 2
213275 2
213616 2
220721 2
200230 2
220725 2
200629 2
220966 2
220905 1
202193 2
202208 2
202245 2
202386 2
082391 2
082547 2
134309 2
134288 0
022495 2
022411 2
007987 2
121394 2
121379 0
026099 0
055470 2
055712 2
054076 2
122348 2
122350 2
010046 2
122351 2
081175 2
081121 2
168464 2
071085 2
104257 2
071084 2
104258 2
056486 2
055486 2
054926 2
053228 2
048663 2
052537 2
052516 2
053293 2
054761 2
054884 2
054896 2
055991 2
267459 2
055416 2
053271 2
056755 2
054097 2
047658 2
047581 2
053627 0
054202 2
053602 2
053591 2
054487 2
056087 0
049841 2
113705 2
156681 0
056458 0
223288 0
048488 2
048491 2
053458 0
054790 0
053570 0
054079 0
080965 2
081013 2
080993 2
082386 2
053159 2
053000 2
053152 2
053003 2
053141 2
080365 2
054442 2
082500 2
053001 0
082544 2
082594 2
082618 2
080747 2
080722 2
055291 2
054869 2
055463 0
055910 0
082598 2
080543 0
056473 0
052720 2
052953 2
056492 2
057019 2
052269 2
052268 2
052800 2
052755 2
055146 2
054331 2
056516 0
113721 2
055588 2
053170 0
056278 2
056744 2
048384 2
048181 2
056182 2
056457 0
055880 2
057372 2
059400 0
084108 2
084107 2
080720 2
080756 2
055391 0
056741 2
048456 2
055381 0
138812 0
082244 2
056511 2
056622 2
050224 2
050150 2
053610 2
202631 2
055645 2
055438 2
053200 2
055311 2
051031 2
053423 2
055384 2
054531 2
054808 2
056714 2
056503 0
054899 2
056680 2
057032 2
054682 2
055550 0
054811 0
054895 2
053534 2
056695 0
057335 2
055478 2
052932 2
056707 2
055087 2
169436 2
049908 0
116411 2
055456 2
060953 2
054877 2
054916 0
053285 2
054820 0
053013 0
138813 0
082660 2
052965 2
057128 0
052838 2
080763 2
053243 2
055612 2
053111 2
053619 2
054587 2
055185 2
052146 2
054201 2
055164 0
080772 2
082690 2
082692 2
082521 2
080791 2
080691 2
080782 2
080773 2
080736 2
080713 2
080712 2
080356 2
056737 2
052956 2
052833 2
051869 2
051842 0
055541 2
054876 2
053015 2
056430 2
057036 2
056700 2
055323 0
056738 2
054277 2
116415 2
053408 0
077667 2
055871 2
053512 2
053250 2
056186 2
053314 2
055525 2
056789 2
056962 2
063658 2
063807 2
052433 2
054989 2
056841 2
054530 2
056742 2
182919 2
182918 2
182934 2
056724 2
053375 2
054095 2
053593 2
056461 0
053597 2
055287 2
054279 2
054471 2
057376 0
055308 0
084127 2
055148 2
054515 2
054904 2
054234 2
236098 2
054821 0
056341 2
056127 0
056863 0
050137 1
050124 2
210232 0
055309 0
055982 2
056808 2
163108 2
054049 2
056615 2
051359 2
056397 2
054817 0
054194 2
054127 2
056866 0
054251 0
054785 0
057138 0
182922 2
080449 2
080724 2
080397 2
080682 2
080498 2
181551 2
181537 2
080582 2
080368 2
080735 2
080753 2
080588 2
080714 2
080784 2
080708 2
080602 2
080597 2
080613 2
080611 2
080495 2
080701 2
080471 2
080474 2
080379 2
080783 2
080770 2
080349 2
080669 2
080398 2
080447 2
080309 2
080341 2
080340 2
080520 2
080514 2
056381 0
082504 2
110933 2
110901 2
082803 2
082797 0
082300 2
082286 2
082711 2
082708 2
080381 2
084847 2
061105 2
061014 2
093742 2
093611 2
055190 0
163105 2
051402 2
056794 2
054453 0
056227 0
236038 2
054520 2
054577 2
056181 2
052806 2
048583 2
050202 2
052177 2
056187 2
055174 2
056832 2
055097 0
051032 2
059273 2
055710 2
053007 2
056467 0
055089 2
055356 0
057334 2
059462 0
053009 2
055262 2
054218 2
053241 2
056843 0
055467 2
053650 2
054867 2
055468 2
046870 2
051364 0
055154 0
057330 2
053124 0
054081 2
082808 0
054365 0
055200 2
056835 0
055162 2
082791 0
080768 2
080711 2
080702 2
080700 2
080357 2
080657 2
080584 2
080570 2
080360 2
080754 2
080718 2
080694 2
080571 2
080785 2
100425 2
100426 2
080466 2
080469 2
080793 0
080796 2
080685 2
080729 2
080635 0
082370 2
082383 2
080591 2
080589 2
052179 2
080693 2
080792 2
080149 2
080265 2
080740 2
054488 0
083910 2
083907 2
080363 2
056384 2
052598 2
055592 2
050143 2
054740 2
082329 2
053163 2
053011 2
054727 2
055445 2
052910 0
053687 2
052954 2
055270 2
054090 2
053050 2
030859 2
055292 0
054439 2
051337 2
082673 2
082682 2
050588 2
055068 2
054901 2
057328 2
055875 0
053521 2
230776 0
053107 2
053753 2
083572 2
263346 0
022232 0
053686 2
056070 2
053552 2
052722 2
052776 2
164202 0
053600 2
056507 0
051005 2
056342 2
055331 2
054179 2
055895 2
056716 2
056151 2
059290 0
055294 2
054968 2
029888 2
029875 2
048484 2
055159 0
228639 2
056498 2
056476 0
050371 0
052911 0
080692 2
263387 2
080723 2
052837 2
080284 0
226994 2
227073 0
049042 1
030857 0
049683 2
051376 2
051486 2
057049 2
076879 0
054409 2
054357 2
056851 0
053054 2
083569 2
054834 2
056514 0
051110 2
051820 2
051819 2
053046 2
055245 2
056346 2
056044 0
053665 2
055587 0
052361 2
052354 2
080715 2
080764 2
055995 2
054544 0
052515 2
054278 2
050250 2
081021 2
083518 1
083513 0
053705 2
082422 2
082562 0
053071 2
054801 2
052780 0
059407 2
059422 2
151125 0
048434 2
271306 2
070975 2
104148 2
053691 2
001538 0
090281 2
030259 2
015803 0
056210 2
055385 2
053272 2
039786 0
053756 2
056326 0
053030 2
052701 2
056414 2
056530 1
054908 2
052926 2
050466 2
211196 0
054452 2
062968 2
055967 0
083466 0
235123 0
035487 0
055301 0
056289 0
212612 0
057140 0
056051 0
228749 0
056515 0
146406 2
080480 0
208066 0
081427 0
083465 1
083517 0
227093 1
227074 0
227963 0
230312 0
235121 0
230744 0
083514 0
039718 0
230759 0
271408 2
271307 0
051102 2
052495 2
083557 2
080978 0
062870 2
055908 0
053040 0
050236 2
051582 2
054728 2
049406 2
049065 2
053974 2
057152 2
048750 2
056114 2
051615 2
048202 2
050249 2
050242 2
057002 2
065922 2
049912 2
055500 0
053158 2
052998 2
084194 2
084192 2
052405 2
056861 0
052686 0
052923 2
235068 0
051004 2
054857 2
055723 2
053485 2
055790 0
055474 0
080346 2
054274 0
054429 2
059371 2
047551 0
052561 2
163241 2
084584 2
055282 2
057079 2
050244 2
089022 2
144656 2
285147 1
285181 2
049117 2
150360 2
056061 2
113508 0
056100 2
219939 0
052591 2
076094 2
052302 2
052748 2
052726 2
080171 2
080221 2
054445 2
052567 2
056485 2
057353 2
051780 0
007026 0
050778 2
090645 0
054166 2
054283 2
056324 0
057317 2
055539 0
050426 2
055179 2
055091 0
054334 0
080420 0
052779 2
054003 0
031705 0
078186 0
055216 0
053738 2
055951 2
055521 2
056504 0
057139 0
271308 2
075643 0
055020 0
285184 0
049698 2
050214 2
054077 2
055471 2
055713 2
050251 2
048442 2
144615 2
048531 2
052544 2
044050 0
087324 2
052768 2
052521 2
050670 2
052555 2
052301 2
052520 2
055412 0
052111 2
054011 0
055236 0
112682 0
057311 0
054558 0
054872 2
052939 2
080730 2
056852 1
048906 0
056097 2
033175 1
062341 0
050142 2
054529 2
086428 0
081060 0
052684 2
052678 0
053704 2
053477 2
053478 2
053479 2
053878 0
055516 2
230951 0
054894 2
055621 0
054224 0
052485 0
054638 2
053150 0
054094 0
050414 1
052586 2
050837 2
066606 0
007807 0
049057 2
055036 0
050241 2
050118 2
056307 2
052220 0
050331 0
048142 0
054045 2
053841 2
224970 0
263747 2
165864 0
056448 0
056821 2
158525 0
006394 0
056152 2
053076 2
057338 2
281678 0
158515 0
052741 0
048446 0
051034 2
054921 2
052882 2
019548 0
240947 2
052762 2
284261 0
170418 0
170352 0
010653 0
044038 2
048907 0
055060 0
081037 2
062343 0
170419 0
170410 0
052865 2
052866 2
052938 2
263741 2
050116 2
053039 0
056131 2
050323 2
052896 2
052887 2
054210 2
054787 0
163448 0
051127 2
159804 2
053286 2
050865 0
054540 2
222336 0
053839 2
047210 0
221643 0
054875 2
054672 2
054803 2
056773 2
054539 2
056968 2
054887 2
054714 2
053245 2
054117 2
053044 2
056735 2
056095 2
056505 0
056263 2
048831 2
055488 2
055487 2
054732 0
053094 0
055613 0
054773 0
052659 2
084586 0
049696 0
054987 2
077808 2
054758 2
019406 0
056995 0
011210 1
044582 0
095460 0
056254 0
024350 0
059315 2
055600 2
057252 2
057253 2
057254 2
000868 0
249697 0
054227 2
053745 2
055142 0
053828 2
054225 0
057145 0
048940 2
179595 0
055276 0
055280 0
065884 0
052427 0
271761 0
017380 0
053070 0
055145 2
059909 0
046923 2
056415 0
055447 0
064580 0
057336 0
055738 2
257418 0
250556 0
110075 0
140752 0
057141 0
057329 2
049230 0
053568 0
112985 0
129527 0
024444 0
163410 0
129531 0
052815 0
055706 2
051160 2
061809 0
052657 0
052638 0
144925 2
013811 0
053223 0
052862 2
056870 0
089683 2
090196 0
053867 2
054393 0
052585 2
267325 0
083799 0
279848 0
211870 0
052950 2
055784 0
052744 2
081101 2
081092 2
098844 0
057077 2
080207 1
155603 0
054753 2
053185 2
055877 0
116895 0
048416 2
225135 0
055888 2
080565 0
050483 0
029849 0
056019 2
055992 2
257779 0
054798 0
056018 2
082520 0
056358 2
054542 2
035784 0
093584 0
137402 0
054707 2
010891 2
231240 0
132324 0
054601 2
013359 0
064375 0
056820 2
018314 0
052785 2
054066 2
078158 0
197395 0
149736 0
052509 2
052542 2
056850 0
046507 0
283598 0
013484 0
237808 0
028796 0
082574 2
269199 0
006460 2
169098 0
081819 0
050013 0
072054 1
072432 1
072735 1
072998 1
073258 1
153522 0
081685 0
032116 0
013486 2
013922 0
013494 0
082005 0
208208 0
267300 2
267299 1
267233 2
064540 0
037912 0
052636 2
169099 0
082512 0
081797 0
073514 1
073776 1
074033 1
074293 1
105227 1
105605 1
105908 1
106171 1
106431 1
106687 1
106949 1
107206 1
107466 1
052728 2
267251 0
052517 2
052491 0
056723 2
052846 2
052764 2
052840 0
053020 2
052553 2
054526 2
054962 0
267250 1
267232 1
267305 0
267228 2
267277 1
267246 0
013459 0
016865 0
056523 0
052280 0
056318 0
080148 2
080268 2
054665 2
267231 2
289158 0
056629 2
056627 2
166498 0
055461 2
054105 0
055435 0
058831 0
052742 0
054415 2
196679 0
053294 0
056149 0
055442 2
051008 0
055122 2
052743 0
054535 2
144280 0
055884 0
050429 2
049671 2
024533 0
075599 0
059890 0
056419 0
055692 0
054898 2
054966 1
001360 0
056047 0
053595 2
054662 2
011220 0
056248 2
216906 0
192220 2
052649 2
048792 2
056134 0
055258 2
054954 0
193576 0
005617 2
224415 0
052794 2
049189 0
052839 0
055542 0
055031 0
143598 0
013446 0
052901 0
182986 0
052729 0
054583 0
052340 0
166499 0
151167 0
193609 0
052746 0
056153 2
052648 0
056506 0
277841 0
054138 0
054975 2
054971 2
055401 2
054197 0
053810 0
077347 0
056493 2
136448 0
153432 0
126359 0
030568 0
157744 0
053386 2
053736 2
047723 0
015895 0
052997 0
227736 0
055774 0
057136 0
090695 0
021770 0
271310 0
056502 0
054763 0
056774 2
238921 0
267245 2
056460 0
009106 0
229741 0
138668 2
055490 2
138675 0
056163 0
054170 0
255353 0
056239 2
056422 2
054519 2
056483 0
053278 2
055157 2
026979 0
067223 0
055118 0
081811 0
038692 0
002396 1
052700 2
098746 0
055886 0
193555 0
026709 0
055212 0
052580 2
054800 2
048719 0
055453 0
225291 0
036517 2
056136 0
052364 2
278366 0
052681 0
055585 2
118074 0
050704 0
052012 2
270286 0
280512 0
259079 0
015742 0
278437 0
046624 0
227123 0
097660 0
201600 0
218131 0
113400 0
144037 1
028733 0
020198 0
281258 0
277898 0
195619 0
229743 0
020199 0
225338 0
186744 0
195620 0
191531 0
225289 0
224205 0
052550 2
052551 2
057318 0
013133 0
138802 0
052685 0
052006 0
133270 1
083191 2
083198 1
057310 2
053057 0
052891 2
054387 2
054928 0
056770 2
144043 0
052633 2
052609 2
055691 0
056091 0
052027 2
052429 2
081756 0
205675 0
049843 2
013543 0
145619 0
055101 0
050621 2
055655 0
053559 0
048810 0
060512 2
138865 0
012348 0
051509 0
056780 0
053831 0
059821 2
054677 0
012849 0
254082 0
267397 2
267406 2
267412 2
267414 2
052440 0
044489 0
209748 0
057302 2
055018 2
054321 2
054679 0
040645 0
054060 2
055876 0
051120 0
275663 0
053723 0
029105 0
276982 0
055310 0
050373 0
054160 0
050213 2
055720 0
006580 2
054951 0
231055 0
038602 0
273990 0
121752 0
161806 2
050113 0
062365 0
052313 0
057132 0
056011 0
176609 0
055434 0
184549 0
120051 0
054140 2
054789 0
118786 0
235486 0
055850 0
097318 0
056192 0
075155 0
157177 0
052435 0
121762 0
275662 2
056065 0
081644 0
235488 0
184568 0
235441 2
052884 0
049697 2
050347 0
074727 2
083639 0
057147 2
275914 0
053986 2
048129 0
267396 0
056522 0
267815 0
059298 2
220066 0
083460 2
083461 0
109956 0
179651 0
056028 0
050845 0
055506 0
169692 0
046766 2
050177 0
080267 0
002325 0
062606 0
081428 0
054940 0
224849 0
111645 2
111680 0
111402 0
054523 2
083208 0
054273 2
267253 0
239582 2
239581 0
111126 2
056311 0
056469 0
053560 0
056287 2
056200 0
233360 0
057358 0
224622 2
044270 0
054196 0
251093 0
077758 0
136171 0
281181 0
158962 0
051403 0
055426 0
052171 0
022110 0
055968 0
138272 0
276236 0
192018 0
054545 2
160123 0
025828 0
239596 0
023244 0
045001 0
118386 0
053213 0
079536 0
082188 0
052037 0
193061 0
084129 0
059411 2
075040 0
056975 2
109412 0
205934 0
049884 0
083629 0
167046 0
159259 0
224924 1
224925 2
159225 0
267405 0
050315 0
160124 0
183388 0
083625 0
179650 0
044997 0
267832 0
239859 0
169691 0
239945 0
159013 0
059439 0
224630 0
224892 2
056218 2
224930 0
056240 2
055419 2
275725 0
085150 0
055918 0
048197 2
055007 0
054115 2
052790 0
084456 0
067473 0
057150 2
055273 0
137736 0
289361 1
289050 0
003838 2
013522 0
136811 0
083542 0
011997 0
055404 0
069423 0
013517 2
272760 2
267252 0
010844 0
054480 0
055398 0
087919 0
053281 2
055240 0
011216 0
056284 2
050826 0
095847 0
176519 0
170268 0
135716 0
054900 0
053725 2
056082 0
053759 0
056459 0
054016 0
054002 0
056529 1
160021 2
064744 0
054505 0
010462 0
161154 0
064460 0
064566 0
051418 2
226944 0
269301 0
051122 0
260542 0
278962 0
081934 0
028329 0
053101 0
099490 0
273638 0
280807 0
238773 0
031645 0
100905 0
114952 0
260076 0
152432 0
165656 0
025471 0
225747 0
255655 0
167192 0
286093 0
092491 0
062192 0
138861 0
020116 0
061574 0
092655 0
053743 0
083550 0
085303 0
112661 0
102596 0
254620 0
275735 0
084436 0
165657 0
286068 0
135495 0
159953 0
056286 2
056285 2
051387 2
054536 0
055501 2
056521 0
273537 0
055110 0
053194 0
178390 0
190817 0
199326 0
003841 0
024411 0
056215 0
145361 0
053635 0
053997 0
055827 0
013836 0
054375 0
056338 2
053574 0
152356 0
080671 0
054275 2
056036 0
056867 0
262748 0
053382 2
056520 0
163209 0
220010 0
054006 0
201538 2
123516 2
118845 0
144006 0
014989 0
052947 0
056762 2
235020 0
056528 1
065805 0
010907 2
000608 0
144174 0
054310 0
144007 2
013804 0
054967 0
081534 0
254292 0
164409 0
006356 0
275980 0
231754 0
003995 0
164917 0
052900 0
055976 0
281775 0
025803 0
080377 0
053438 2
026690 0
266929 0
027745 0
067061 0
024000 0
130577 0
053677 0
156341 0
045036 0
002289 0
157041 0
054537 0
047397 0
013626 0
145167 0
077666 0
013477 1
003858 0
085924 0
236543 0
190199 0
221959 1
164289 0
016305 0
144091 0
118902 0
220015 0
018852 0
273542 0
159985 0
275580 0
164408 0
199327 0
254305 0
123499 0
052524 0
011145 0
055947 0
199194 0
052496 2
055288 2
013441 0
055235 0
281713 0
055263 0
203661 0
049079 0
056245 0
056759 2
055524 0
054564 2
053578 0
053520 2
051733 0
056390 0
055477 2
054270 0
080484 0
270711 0
054513 2
055990 0
055160 0
055329 0
055643 0
056071 0
235840 0
054350 0
038734 0
052855 2
054892 0
041594 0
097990 0
056472 0
262052 0
262121 0
052843 0
056269 2
056327 0
055072 0
053026 2
006008 0
202612 0
114188 0
286622 0
200355 0
222753 0
055873 0
010972 1
126294 0
054902 2
048441 0
056621 0
013496 0
003937 0
056008 0
010918 0
054937 0
055410 0
266165 0
052224 0
056374 2
055244 2
117193 0
055659 0
055733 0
170592 0
054557 0
054389 0
010958 0
277391 0
065248 0
056031 2
055860 0
216416 0
036170 0
243186 0
034973 0
208242 0
022292 0
205340 0
188321 0
013515 0
212685 0
052371 2
053690 2
215995 0
150685 0
045896 0
262067 0
046312 0
281746 0
200356 0
049054 0
282050 0
056760 2
052352 0
056501 0
056532 0
053079 2
054485 0
009577 0
039895 0
219559 0
049383 0
262369 2
262328 2
262387 0
226858 0
229281 0
049816 2
055457 0
124272 0
080253 2
052857 0
010723 0
047495 0
052694 0
054402 0
241995 0
222906 0
026678 0
257068 0
084591 0
068000 0
226860 0
056206 2
095741 0
062931 0
053815 0
056635 0
151059 0
054308 0
013761 0
013438 0
050492 0
118360 0
050592 0
108460 0
169141 0
050326 2
057333 0
055602 0
235485 0
071810 2
104983 2
055170 0
055499 0
052706 0
242518 0
065544 0
063971 0
071422 0
064907 0
007041 0
055889 0
274803 0
084137 0
221799 0
144392 0
165746 0
057021 2
013440 0
067252 0
230682 0
082877 0
144081 0
025804 0
143595 0
160278 0
180824 0
113726 0
144209 0
058142 0
202792 0
003882 0
072092 0
013316 2
065545 0
104595 0
242072 0
235487 0
072470 0
072773 0
073036 0
073296 0
073552 0
073814 0
074071 0
074331 0
105265 0
105643 0
105946 0
106209 0
106469 0
257182 0
265712 0
013509 0
051929 2
053036 2
053391 0
056610 0
052934 0
257170 0
025523 1
265738 0
055345 0
050956 0
158425 0
052592 2
055828 0
069285 0
059457 2
035764 0
056026 0
224512 0
076414 0
048448 0
043747 0
087596 0
005863 0
057146 2
055617 0
056812 0
086262 0
056165 0
097471 0
229343 0
168426 0
275185 0
055845 0
052730 2
059879 0
030108 0
227876 0
225890 0
180204 0
052766 2
140069 0
053524 0
068072 0
265740 0
097355 0
271619 0
056351 2
162525 0
052411 0
050254 2
041994 0
265461 0
052532 0
068821 0
081209 0
126648 0
269278 0
048996 0
229490 0
063563 0
053879 0
265165 0
081983 0
098419 0
000801 0
273085 0
043846 0
085380 0
055187 0
136165 0
036641 0
257196 0
010921 0
055243 0
265654 0
067415 0
067247 0
158865 0
179583 0
012473 0
173461 0
083035 0
224865 0
229094 0
064025 0
108127 0
102458 0
266896 0
225913 0
076320 0
168427 0
035877 0
265657 0
226065 0
254139 0
254126 0
257296 0
052556 0
056353 2
056354 0
056352 2
056350 2
050372 0
056199 0
087265 0
052931 2
050947 0
056518 0
053034 2
053032 0
053142 1
053023 0
021760 0
056207 0
054674 0
230525 0
052871 2
230946 0
054503 0
057144 0
055909 0
055672 0
044434 0
055469 0
054631 0
274087 0
054996 0
053066 0
056856 0
055519 0
076137 0
053724 2
224940 0
052955 2
056250 0
026234 0
055219 0
054914 0
056386 0
195629 0
199672 0
053551 0
041014 0
069158 0
197399 0
055963 0
276751 0
144207 0
231368 0
080823 0
053550 0
138941 0
076240 0
057297 0
069952 0
132224 0
274147 0
013371 0
057142 0
215425 0
054831 0
054561 0
055307 0
046086 0
079504 0
183763 0
144405 0
031462 0
051025 0
066388 0
221049 0
081802 0
027461 0
055390 0
178261 0
007835 0
137893 0
192024 0
