194093 2
194101 2
193574 2
193567 2
195747 2
195746 2
195754 2
195760 1
196253 2
196251 2
190783 1
190850 2
202635 2
202637 1
202641 2
201727 2
202640 1
199484 1
199460 1
227400 2
227402 2
199454 0
128556 1
128517 1
128559 1
128516 2
071204 1
104377 1
071197 1
104370 1
279949 0
196796 2
196798 1
196347 0
202375 2
202112 2
202122 2
149438 2
149452 2
191964 2
192004 2
196321 2
196307 2
196272 2
196282 2
266163 2
266162 2
170268 0
207446 1
263608 0
261747 2
014582 1
264963 2
264964 2
260660 2
260653 2
202934 1
202931 1
220363 0
011758 2
123732 0
137196 0
246616 0
198687 1
196589 0
138807 2
138819 1
071434 2
104607 2
071405 1
104578 1
011394 0
152578 0
027032 0
162613 0
081906 0
075980 0
250119 0
201273 0
273846 0
069370 0
046209 0
058787 0
170266 0
044078 0
158013 0
016215 0
056505 0
278690 0
213599 0
152595 0
265268 0
075930 0
102543 0
246035 0
268696 0
245978 0
234614 0
058790 0
247888 0
201737 2
201752 1
201781 2
224068 1
223996 1
223950 0
233314 1
233301 1
202936 0
201748 1
201734 1
201740 1
201938 2
201929 2
147134 2
147133 2
232233 0
202157 1
202156 1
202135 2
196252 2
264171 0
140650 0
202151 2
202148 2
207490 1
204850 0
226412 0
201792 1
262765 1
262760 1
262757 1
259817 0
230375 0
004455 0
289911 1
110893 0
273546 0
018018 0
251324 1
260768 0
017919 0
264166 0
202834 0
145521 1
013195 0
008415 0
140691 0
205224 2
205235 2
256364 0
229177 0
232213 0
074733 0
235529 0
254686 0
219890 0
137508 0
283327 0
261499 0
228603 1
228602 1
228601 0
260828 0
014859 0
100270 0
181985 0
275434 0
079967 0
226469 0
230150 0
235516 0
260762 0
017415 0
003507 0
260827 0
232206 0
090146 0
074713 0
275445 0
000888 0
254675 0
098504 0
095410 0
259793 0
137504 0
273543 0
275316 0
260755 0
078354 0
098503 0
141681 0
078487 0
014663 0
254555 0
095300 0
098436 0
000810 0
094674 0
260767 0
257093 1
257107 1
257508 0
202134 1
078302 0
266022 0
254140 0
017265 2
129618 2
258855 0
121962 0
257821 0
262004 1
261926 1
152530 0
232890 0
195592 0
218242 0
213893 0
194545 2
133949 0
025891 0
028824 0
238194 0
123866 0
262885 0
226405 0
289475 1
016925 0
027374 0
038990 1
130264 0
262736 0
284570 0
109712 0
257512 0
095981 0
280577 0
231080 0
278125 0
133948 0
009622 0
164883 0
263238 1
042151 0
255822 0
257072 0
230979 1
256560 0
195267 0
111521 0
287469 0
264453 0
232446 0
258928 0
260109 0
187139 0
213890 0
218144 0
280606 0
199587 0
275727 0
258829 0
257820 0
226847 0
265937 0
133620 0
257519 0
265141 0
231062 0
273988 0
122056 0
284576 0
254139 0
258975 0
281911 0
133950 0
265998 0
195266 0
107723 0
188016 0
257040 0
231063 0
260110 0
257528 0
258976 0
264387 0
283399 0
265175 0
254126 0
260108 0
148220 0
219526 0
275897 0
257042 0
280844 0
213803 0
257507 0
213849 0
283402 0
066143 0
262758 1
