038793 1
046428 2
002426 1
079635 1
074739 0
126332 0
112106 1
113419 1
114502 1
114495 1
199083 1
113309 1
113324 1
113123 1
113477 1
113378 1
113369 1
113380 1
113374 1
113317 1
025494 2
038800 1
045236 2
046039 2
045229 2
044676 2
045228 2
045230 2
046162 2
044604 2
044608 2
113693 1
113688 1
113502 1
113496 1
113489 1
113485 1
113942 1
113936 1
113355 1
113439 1
113441 1
113975 1
113973 1
113708 1
113777 1
113765 1
007875 1
113388 1
025505 1
207265 0
113399 1
113702 1
113475 1
113455 1
113769 1
113768 1
113470 1
113480 1
113277 1
113782 1
113781 1
113311 1
113326 1
259182 1
114938 1
041854 0
131217 0
113510 1
113505 1
262577 1
191745 0
159415 0
079668 0
114254 1
268861 0
043000 0
123139 0
114410 1
113430 1
080076 0
080136 0
075568 0
150025 0
078903 0
198449 0
249460 0
075023 0
160155 0
247578 0
043380 0
079982 0
198430 0
150055 0
245178 0
160142 0
247798 0
080123 0
042039 0
247673 0
114260 1
113431 1
113405 1
113401 1
113527 1
113518 1
113440 1
113438 1
113407 1
113403 1
113444 1
113413 1
113571 1
113566 1
111584 1
113723 1
113720 1
264157 1
113434 1
113433 1
113778 2
113511 1
113504 1
115518 0
196069 1
113362 1
016545 1
075430 0
015136 1
038024 0
113360 1
118898 0
113673 1
173382 1
045135 0
113460 1
127184 0
025404 0
113390 1
078685 0
114215 1
114949 0
075854 0
159563 0
153363 2
076244 0
170190 0
075392 0
022301 0
158345 0
113545 1
040866 0
126263 2
126271 1
126257 1
126253 2
126222 1
034679 0
043310 0
177387 0
075348 0
138617 0
008787 0
075708 0
078378 0
148718 0
078793 0
078804 0
069843 0
138560 0
116915 1
116260 1
114976 1
115515 1
115525 0
075875 0
133748 0
075515 0
199238 0
158107 0
118899 0
078939 0
158252 0
075387 0
038119 0
078444 0
040762 0
272460 0
127162 0
170191 0
038033 0
078678 0
025152 0
118904 0
103016 0
177388 0
158272 0
159739 0
132286 0
038124 0
113359 1
162893 0
114111 1
113531 1
274564 0
130720 1
002288 2
007813 0
126659 0
153365 2
177252 2
085756 2
111541 1
015734 0
175679 0
113322 0
130684 0
113526 1
117246 1
006712 0
222891 1
017781 0
150078 0
074829 0
022409 0
002152 0
274317 0
191731 0
287406 0
076196 0
114945 2
257817 0
233055 0
075782 0
216554 0
222377 0
275534 0
121229 0
078862 0
126811 0
113347 0
022410 0
276422 0
175676 0
257807 0
287389 0
276938 0
275751 0
274953 0
274812 0
274240 0
274129 0
276901 0
274199 0
274314 0
274576 0
275700 0
274065 0
274277 0
274108 0
274577 0
276862 0
276753 0
274112 0
274305 0
274802 0
274110 0
275522 0
274083 0
274097 0
274320 0
274471 0
274845 0
274055 0
275576 0
274078 0
275958 0
274417 0
275544 0
274327 0
274278 0
274325 0
274323 0
274430 0
274030 0
274119 0
274563 0
274118 0
275513 0
277420 0
274319 0
275651 0
274051 0
274321 0
