158922 2
006786 2
120466 2
005342 2
119850 2
006780 2
120462 2
119846 2
006785 0
006783 2
120463 2
006784 0
026641 2
026347 2
077760 2
082642 2
077410 2
075820 2
076153 2
075778 2
075784 2
002204 2
178752 1
178713 1
178696 1
178615 1
178592 1
075040 1
224867 1
224875 1
224876 1
155971 2
027150 2
079078 2
069102 1
102275 1
232859 1
232864 1
076286 2
076304 2
076403 2
141615 0
117225 1
110114 2
110373 2
082151 2
284679 1
284680 1
033090 2
224226 1
019066 2
002461 0
285292 0
207853 1
112565 2
112584 2
107948 2
107959 2
108052 2
011047 2
160977 2
161033 2
161029 2
158965 0
015206 2
125541 2
003986 2
220481 2
230775 2
220479 2
217696 0
011219 2
144752 2
144806 2
096720 0
018228 2
128947 2
165086 1
000428 2
159895 1
159880 1
159881 1
012260 0
052946 2
127156 0
034150 2
120465 0
050374 2
050273 0
000265 2
080788 2
075342 1
269910 0
120464 0
129711 2
285286 0
096724 2
158971 0
050964 0
049544 0
165084 1
165140 2
159870 2
165121 2
159866 2
164990 2
165079 2
165105 2
159857 2
273696 0
129708 2
131745 2
129675 2
129700 2
129689 2
165077 0
075479 2
076984 0
153493 2
039338 0
081075 1
081045 1
081072 1
194880 0
029250 0
059529 1
109845 0
275892 2
275932 2
258684 0
222792 0
139571 0
130873 0
188714 0
023054 0
013171 0
233901 0
230206 0
080660 0
130677 0
065841 0
021994 2
014277 0
133787 0
024295 0
027779 0
154598 0
207954 0
190903 0
003924 0
179334 0
028694 0
076791 0
273700 0
113720 0
078472 0
231390 0
005745 0
020969 0
243663 0
223272 0
269578 0
194881 0
195886 0
012942 0
255343 0
076898 0
025454 0
033422 0
287406 0
258700 0
112912 0
027780 0
046905 0
130535 0
130656 0
076989 0
233896 0
027805 0
230104 0
109852 0
258706 0
194841 0
028676 0
020970 0
120359 0
132167 0
255387 0
145887 0
033398 0
076146 0
259550 0
233912 0
120358 0
233914 0
077042 0
234083 0
069297 0
102470 0
077043 0
081109 0
059686 0
153518 0
081090 0
059523 0
206863 0
153530 0
059651 0
120592 0
020053 0
025609 0
230825 0
029536 0
155853 1
077441 0
226451 0
127593 1
127592 1
025404 0
154782 0
025311 0
192453 1
192015 0
006951 0
062194 0
206665 0
198749 0
028640 0
193616 0
108640 0
086802 0
046420 0
166988 0
111120 0
121500 0
