064578 0
086457 0
050307 2
033382 2
047277 2
050457 2
087573 2
063986 0
087617 0
080529 2
085197 2
087912 2
273177 0
085195 2
066406 2
085188 2
076262 2
087883 2
088975 0
085127 0
085893 2
086195 2
086247 2
086281 2
064277 2
083085 2
085327 2
085454 0
083126 2
083141 2
081228 2
081202 2
075088 2
063150 2
075260 2
075542 2
085857 2
093167 0
064073 0
089741 2
089730 1
089725 1
096160 2
085072 2
096120 2
092177 2
092043 2
079292 2
092103 2
080176 2
084146 2
096414 2
032387 2
042342 2
032418 2
086269 0
041685 0
049475 2
024555 2
049397 2
024498 2
087470 1
262917 2
259301 2
087960 2
087808 2
087812 2
087961 2
126448 0
023753 2
023641 2
257215 2
144206 2
026021 2
111811 2
260392 0
026130 2
257221 2
144252 2
224352 2
224351 2
025985 2
011051 0
025910 2
259595 2
259586 2
126182 1
075350 2
075221 2
034694 2
020205 2
050469 2
023834 0
126196 0
111760 2
079851 2
074961 2
074944 2
025882 2
079856 2
074960 2
084880 2
050503 2
097289 2
050023 2
060816 2
088646 2
087556 2
024738 2
087528 2
109558 2
087861 2
087862 2
067594 2
087863 2
097366 2
050070 2
020981 2
050534 2
059012 2
050306 2
097433 2
144476 1
050451 2
024736 0
088668 2
050455 2
144507 2
067631 2
051578 0
067658 0
083324 2
092881 0
083398 0
038162 2
081520 0
038222 2
226250 2
117581 0
260224 0
025918 2
097738 0
024149 2
046023 1
051421 2
046005 0
024512 2
051283 2
044867 2
044865 0
024509 2
051284 2
039992 2
024209 0
044095 0
024777 2
024704 2
027973 0
036187 2
089846 2
024500 2
036089 0
036297 2
042556 0
019546 2
041907 1
182519 2
087206 0
041903 1
265780 1
260256 0
080838 2
087137 0
080824 2
069506 1
102679 1
090807 0
282110 0
273302 2
069829 2
103002 2
030281 2
081276 0
069800 2
102973 2
069532 2
102705 2
069422 2
102595 2
069765 2
102938 2
273538 2
273715 0
033668 0
020220 0
090855 0
048672 0
088695 0
185809 0
112495 2
021027 2
112499 2
070531 0
021024 2
020995 1
021151 2
016513 0
026282 0
111631 0
179719 0
064091 2
070831 0
001831 0
047817 1
001436 2
081856 0
047799 2
109347 0
109243 0
028895 0
271580 0
088162 0
111758 0
249766 0
020434 0
200139 0
180530 0
058765 2
261086 0
110407 0
191559 0
010673 0
024491 0
024705 0
271858 0
128029 0
168576 0
020447 0
087827 2
037485 0
087828 2
087852 0
092873 0
132772 0
273551 2
108447 0
273611 0
024768 0
263841 1
098288 2
087136 0
263890 2
098386 0
264107 2
129788 0
141045 1
090880 0
141431 0
161577 1
000379 0
193267 0
190880 0
081018 0
110785 0
066837 0
000370 0
057405 0
141667 0
052382 0
099542 0
041680 0
114099 0
274621 0
024794 0
180637 0
254847 0
159230 0
260236 0
043907 0
050824 2
050801 0
272415 0
236799 0
214159 0
085911 0
061077 2
089687 0
061099 0
061576 0
159633 0
097749 2
090003 0
097807 0
258246 0
061598 0
150154 0
005186 1
092890 0
078126 0
175541 0
122907 0
182388 0
260387 0
114835 0
024251 0
102032 2
028055 0
100779 0
100760 0
091351 0
085252 0
015435 0
239566 0
075924 0
235845 2
101114 0
235852 2
110234 0
218106 0
031608 0
289679 0
114542 0
017870 0
010398 0
191180 0
023645 0
231046 0
161288 0
090806 0
034221 0
088347 0
179863 0
185802 0
027998 0
040923 0
024463 0
008778 0
081529 0
023850 0
034557 0
019276 2
024906 0
090049 0
081750 0
111683 0
220003 0
074758 0
108005 0
019541 0
111490 0
103704 0
061600 0
036440 0
092787 0
085576 0
198721 0
016842 0
049594 0
097141 0
042591 0
020216 2
112595 0
020217 2
060883 0
022433 0
220274 0
019378 0
157444 0
033078 0
262593 0
003298 0
130378 0
260257 1
040149 0
260258 1
255466 0
252610 0
086816 0
087188 2
132135 0
210656 0
048694 0
014839 0
130612 0
066974 0
157435 0
271579 0
130415 0
081823 0
081401 0
016455 0
033410 0
209319 0
100920 0
155912 0
076498 0
087520 0
148348 0
029645 0
260644 0
051108 0
083341 0
229096 0
134161 0
223949 0
016514 0
092809 0
115502 0
259846 0
018152 0
089017 0
198701 0
050330 0
126414 1
093677 0
126417 0
019428 0
085124 0
028341 0
034632 0
079128 0
148364 0
285404 0
069425 0
024788 0
128138 0
062774 0
077564 0
040912 0
051766 0
117168 0
060889 0
021906 0
093066 0
271911 2
230339 0
283588 0
027917 1
030376 0
040635 0
019932 1
071558 0
019945 0
083846 1
084067 0
084497 0
084016 0
084501 0
067598 0
039686 1
055532 0
038037 0
041644 0
086644 2
075463 0
086609 0
087064 1
087261 0
087275 0
087465 0
027968 0
140118 0
050738 0
041623 1
079137 0
041620 0
043659 0
052359 0
257794 0
045482 0
076798 0
086728 0
273423 0
060441 0
112762 0
020367 0
050427 0
084186 0
060701 0
077305 0
