145072 2
168530 1
192073 2
099728 1
147702 2
177674 2
177735 2
177759 2
177758 0
168527 2
145863 2
188321 0
100768 2
152884 2
152890 1
100742 2
152896 1
208884 2
149718 1
165771 2
192069 2
258702 2
152075 2
163379 2
153984 2
150563 2
153966 1
213033 2
259343 2
037176 2
150011 2
272064 0
150019 2
150029 2
150031 2
150037 2
150026 2
151207 2
037318 2
237588 2
152504 2
037251 2
265185 2
034925 2
193164 2
035139 2
259221 2
285262 2
285270 2
285273 2
285278 2
256706 0
034924 2
035590 1
163186 2
150921 2
268368 2
258910 0
163155 2
268383 2
153100 0
163131 0
226019 2
159282 2
261223 2
277942 2
267191 1
277939 1
233010 2
152505 1
139511 2
149728 2
191736 2
287875 2
156547 0
191737 2
233026 2
267475 0
152030 2
235287 2
235250 2
235248 2
235256 2
150027 0
151035 0
131565 2
238047 0
279957 2
243609 0
285261 2
147414 1
285269 2
285272 2
285277 2
041935 2
138374 0
270198 2
227552 0
002465 1
019912 2
190408 1
132780 0
241271 0
263670 1
003080 0
263662 1
137999 1
085633 0
263694 1
267298 0
141772 0
155907 1
225002 0
177734 0
224125 0
266837 2
266380 0
266856 2
038707 2
213077 0
156837 0
002820 0
175467 0
152112 0
043037 1
268794 0
043080 0
128777 2
256705 2
288132 2
256708 2
056337 0
018475 2
128774 2
258917 0
280360 2
140293 0
280341 1
079076 0
076564 0
281446 0
235328 0
264717 2
235732 0
164298 0
174824 0
279819 2
153204 0
279824 2
279829 2
286812 0
168938 0
134837 0
170307 0
136818 0
289958 0
242242 0
285131 0
256709 0
272055 0
044717 1
196808 0
044705 1
272264 0
022728 0
192108 0
164295 0
263742 0
202755 0
163134 0
019911 2
014308 0
058144 1
058080 0
058130 0
058191 0
147353 0
178095 0
150915 0
133191 0
280829 0
026915 2
259326 0
242002 0
033039 0
065252 0
127209 0
058216 0
136850 0
195999 0
279554 0
041738 0
162192 0
165616 0
259342 0
038385 0
153674 0
169824 0
175706 0
272091 0
272652 0
100858 0
029743 0
028370 0
224029 0
158871 0
128551 0
028140 0
177673 1
286876 0
258124 0
267189 0
140848 0
162656 0
136219 0
231649 0
163378 0
198541 0
160579 0
093158 2
093254 2
204599 0
093252 2
093159 2
086358 0
099120 0
086359 0
213076 0
145301 0
170668 0
110786 0
069549 0
186236 0
228616 0
086670 0
253311 0
043087 0
190825 0
209787 2
169637 0
207832 0
094450 0
143680 0
285647 0
131739 0
244205 0
283203 0
233506 0
197899 0
195364 0
288469 0
139056 0
093247 0
007721 0
133553 0
017671 0
