088377 0
286395 2
286399 2
285887 2
089355 1
285767 2
089341 1
130439 0
285768 2
285825 2
285815 2
285899 2
089330 1
286386 2
286396 2
286400 2
286382 2
088766 1
088750 1
088385 2
088397 2
088379 2
088407 2
088383 2
088415 2
088417 2
090603 1
074993 2
005506 2
120088 2
075013 2
090592 1
120069 2
120068 2
120058 2
244661 0
093977 2
009419 1
121877 1
093930 2
094023 2
093953 2
093928 2
093922 2
075738 2
005772 2
120387 2
077611 2
079568 0
081504 1
010889 0
005643 2
131687 2
017960 0
131709 1
096701 1
077733 0
096698 1
085625 0
089356 0
147168 1
050368 0
090100 2
090190 2
126596 1
093987 0
185897 0
115383 1
075680 0
034684 0
251742 0
098568 1
009912 2
122256 2
072242 0
098542 1
288803 0
075101 0
095887 0
244767 0
090405 0
053401 0
254384 0
117973 0
052029 0
002046 0
075336 0
135034 0
247680 0
114976 1
185201 0
142436 0
098901 0
095197 1
048133 0
116727 1
116392 1
223983 1
058162 0
224168 1
116349 1
138058 1
180663 1
040024 0
121883 0
004768 0
047488 0
115378 0
013253 0
192708 0
064937 0
114877 0
077133 0
114112 0
283888 0
255012 0
147412 0
071308 0
212163 0
116601 0
231238 0
243744 2
243747 1
276190 0
067823 0
220439 0
060962 0
069189 0
116196 0
100939 0
070428 0
096621 0
184801 0
046234 0
116966 0
134512 0
164174 0
077598 0
089673 0
010412 0
062859 0
135443 0
142931 0
077460 0
117334 0
127190 1
004790 0
127193 0
127206 0
211804 0
033229 0
044497 0
015438 0
287162 0
071243 0
097706 1
107749 0
097747 1
097632 0
100940 0
290010 0
026875 0
218020 0
063339 0
110778 0
215830 0
021706 0
088119 0
111749 0
288067 0
275523 0
222631 0
088968 0
008054 1
040008 0
007607 0
117386 0
007247 0
009706 0
055514 0
009422 0
197585 0
112560 0
096129 0
079226 0
065177 0
043260 0
044350 0
077750 0
284253 0
100555 0
011349 0
093762 0
097803 0
001243 0
068759 0
083618 0
121897 0
225360 0
095891 0
096005 0
020426 0
076602 0
288794 0
175958 0
114974 0
137371 0
000328 0
238420 0
004691 0
250787 2
211625 0
250772 2
252231 0
251162 0
096066 0
036995 0
253706 0
244332 0
057286 0
071589 0
018972 0
261876 2
074777 0
007163 1
149156 0
118721 0
095224 0
113301 0
118891 0
058089 0
082466 0
180404 0
124072 0
118758 0
272888 0
226002 0
035199 0
081378 0
140040 0
072122 0
137358 0
133458 0
