286272 1
286617 2
286273 1
286285 1
286284 1
097341 2
097347 2
007096 2
259908 2
191743 1
123257 2
259912 2
191730 1
062515 2
283455 0
123149 2
191800 2
191846 2
014728 2
099178 2
126368 2
099213 2
285938 2
178283 1
288012 2
099347 2
261876 1
126369 2
288786 0
125938 2
014790 2
125937 2
260139 1
260123 1
274466 2
288789 2
177436 2
269835 1
286158 0
237814 1
186961 2
186956 2
112891 1
173708 1
263037 0
027498 1
271118 1
026004 1
026003 1
176435 0
283890 0
079832 1
028171 2
028172 2
019356 1
019347 2
257511 0
029151 1
278756 0
195750 0
026832 1
023590 0
026825 0
082889 1
071465 2
104638 2
189150 1
284479 0
009658 2
099552 0
086800 0
000632 1
057969 1
158634 0
057972 1
196526 0
053149 1
053147 1
053532 1
234784 1
068580 2
088496 1
066812 1
186942 1
009401 1
089697 0
234729 1
050400 1
050290 1
029086 1
050557 1
050487 1
029429 1
082067 1
004200 1
279841 0
028881 1
050515 1
050567 1
046800 1
025623 1
054314 1
053689 1
085069 1
053972 1
046890 1
055051 1
029466 1
029463 1
053469 1
025164 1
053928 1
035205 1
053300 1
015427 0
039289 1
039287 1
054477 1
054363 1
053210 1
053211 1
054303 1
048687 1
053180 1
046386 1
054399 0
046391 1
050595 1
050674 1
053205 1
050571 1
054888 0
050586 1
054955 0
050579 1
267034 1
267063 1
053100 1
088968 1
059432 0
088863 1
053123 0
210687 0
053267 1
052810 1
053907 1
054038 1
054169 1
053292 1
052142 1
058832 0
054255 1
053316 0
024451 1
129362 0
024431 1
024468 1
047185 1
053213 1
165415 0
047400 1
053208 1
054229 0
144131 1
077388 1
082922 1
077400 1
008592 1
108174 0
144144 1
057618 1
131268 0
056786 1
010479 2
036502 0
057171 0
066403 0
054262 1
030119 0
100975 1
110285 0
052862 1
284274 0
052846 0
051830 1
015131 0
120866 0
008997 0
054744 0
025534 0
178501 0
000221 0
278225 0
075651 0
080322 0
005146 0
233375 0
286124 1
286138 1
256646 0
178930 1
230911 2
036054 0
279893 0
045138 1
053075 0
044668 0
259980 0
053199 0
051048 0
260436 0
117885 0
289754 1
008526 1
079313 0
285959 0
026028 0
083569 0
110100 1
288788 0
035435 0
284287 0
011507 0
158989 0
065390 0
101140 0
053128 1
074907 0
053085 0
187869 0
059365 0
286131 0
092399 0
028284 0
191203 0
158573 0
071064 0
151558 0
135034 0
229044 0
113668 0
042386 0
050996 1
050984 0
050542 1
023574 0
053519 0
054055 0
124506 0
164307 0
160007 1
074955 0
160114 0
189324 0
216287 0
053399 0
090433 0
162790 0
227153 0
266636 0
053779 1
051312 1
054556 1
177927 0
051299 0
054113 1
053708 1
060879 1
268071 0
064781 0
185340 0
229390 0
058938 0
190455 0
178424 1
156988 0
229731 0
024911 0
054952 0
074559 1
111418 0
074560 1
080342 0
065641 0
048919 0
272888 0
239883 0
139127 0
179687 0
014758 0
251442 0
067707 0
087876 0
283512 0
288787 0
124794 0
282704 0
121553 0
017159 0
064044 0
039148 0
078105 0
278751 0
070634 0
051016 0
117016 0
026991 0
278591 0
125314 0
061422 0
018053 0
280328 0
129353 0
282019 0
029733 0
286004 2
259590 0
051617 0
288138 0
270691 0
076332 0
117797 0
196490 0
238983 0
194145 0
083557 0
284767 0
004955 0
274751 0
135192 0
007469 0
098314 0
255303 0
041122 0
189433 0
179220 0
272492 0
252243 0
068768 0
160115 0
163821 0
041693 1
150360 0
094986 1
110699 0
094910 0
241093 0
094756 0
269850 0
011386 0
219881 0
242437 0
169115 0
257518 0
262041 0
023532 0
088198 0
192308 0
086767 1
128549 0
058412 0
019289 0
095090 0
001434 0
054881 0
272004 0
086579 0
003416 0
173317 0
047008 0
244161 0
040656 0
280109 0
116829 0
065666 0
282757 0
004127 0
243889 0
161126 0
022300 0
234239 0
027006 0
237430 0
123223 0
078123 0
165353 0
049134 0
197526 0
277412 0
186505 0
008718 0
283244 0
070348 2
103521 2
121514 0
212001 2
052306 0
204350 0
182419 2
204358 0
052338 0
157127 2
279780 2
157160 0
279783 0
093068 0
052068 0
220084 0
279836 0
093120 0
206821 0
051801 0
209083 0
169116 0
048542 0
098252 0
059463 0
209097 0
110286 0
034449 0
051164 0
024131 0
033259 0
129352 0
