232732 1
064828 1
232735 1
155445 0
192357 0
064906 1
064808 1
180026 2
188535 0
064597 1
124340 1
064766 1
154686 1
284043 0
154668 1
124343 1
064797 1
064483 1
064688 1
064922 1
064472 1
064777 1
154395 2
064931 1
064914 1
176622 2
182927 1
113386 1
176651 2
113389 1
160515 1
064826 1
124041 0
076977 2
014050 1
287922 1
287928 2
014471 1
177987 1
064913 1
064875 1
064862 1
064585 0
287934 2
064905 1
177160 1
013083 1
145857 1
155800 1
287980 1
289957 0
018978 1
288692 1
155433 1
124017 2
257264 1
124016 1
178103 1
069190 2
102363 2
257231 1
174773 1
082827 1
066228 0
182332 2
288572 1
152261 1
065730 2
123998 1
077824 1
152386 1
182331 2
065599 2
064319 1
065660 1
283802 1
123959 1
066356 1
066347 1
064869 1
187164 1
152479 1
152494 2
066269 1
232780 1
064587 1
085968 1
186868 1
170585 1
075552 0
233102 2
066335 2
170525 1
123579 1
123697 1
064822 1
230350 0
176279 1
064439 2
071542 1
104715 1
164239 1
066091 1
066094 1
284662 0
064501 1
064457 1
064404 2
123160 1
062746 1
064871 1
123993 1
188154 1
064487 1
123989 1
166028 0
188132 1
188128 1
064872 1
064495 1
064857 2
187357 0
064821 2
064414 1
283766 0
066445 1
192395 0
064882 2
064907 1
087545 1
064443 1
123983 1
064429 1
099018 1
064600 1
099027 1
080444 2
064814 2
064843 1
189849 1
099038 1
157056 1
153025 1
068174 1
124291 1
064920 1
065969 1
124437 1
123067 1
157979 1
180547 1
048326 0
065968 1
123053 1
189837 2
189838 2
167543 1
199662 0
167547 1
167548 1
188540 0
167884 1
187695 0
168257 1
101240 1
168030 1
192511 0
101239 2
064790 1
101234 1
101217 1
065904 1
177251 1
152485 1
067912 1
013067 2
167592 1
124420 1
123233 1
124341 1
124344 1
124459 1
284512 2
085386 1
182325 1
170382 1
170385 1
187891 1
064805 1
101055 1
078206 1
284523 1
284549 1
284569 1
252407 0
284516 2
182330 1
077219 1
123137 1
111402 0
187344 0
123999 1
069434 1
102607 1
124321 1
127510 1
124617 1
064592 1
180591 0
124601 1
167942 1
124627 1
168088 1
184519 0
198890 0
123995 1
210588 1
210624 2
112921 1
066225 1
287860 1
287864 0
192397 1
068379 1
176827 0
151189 1
155656 1
012743 1
235905 0
155621 1
016988 1
260844 1
265828 1
124181 1
064929 1
189836 1
014659 1
126087 1
065893 1
162727 1
189530 2
167643 1
163117 1
064823 1
265853 2
265960 1
266057 1
265901 1
187267 0
265906 1
265858 1
163112 1
167641 2
189577 1
179932 0
170425 1
170426 1
150737 2
127367 1
164101 1
164016 1
170381 1
196090 0
163792 1
170422 1
170384 1
233541 1
167602 1
167603 1
175829 1
099575 1
289802 0
167582 1
167593 1
167594 1
064848 1
167000 1
167604 1
167605 1
187399 1
015300 1
086192 1
164226 0
167583 1
167584 1
086184 1
167525 1
167526 1
131752 1
187053 2
187072 1
014829 1
125888 1
188071 0
167509 1
166962 1
166963 1
013006 2
230735 1
079186 2
082809 1
149925 0
082805 2
166961 1
079221 1
166872 1
123940 1
188423 0
167579 1
170349 1
009364 1
177672 2
156877 1
177696 1
082766 1
066046 1
168927 1
068308 1
192469 0
177671 2
167596 1
167597 1
170347 1
156914 2
167559 1
167581 1
162512 1
067599 1
167599 1
167600 1
124337 1
167576 1
167577 1
015059 1
068337 1
182336 1
074823 1
082812 1
155257 1
047668 0
152871 1
152910 1
066723 1
160970 2
168926 1
170154 0
160995 1
152990 1
124616 1
123992 1
083131 1
109561 2
115027 2
086196 0
064435 1
276130 0
124162 1
069203 2
102376 2
069248 1
102421 1
064899 1
012958 1
174742 2
178296 0
174739 1
174992 2
077806 0
174991 2
166305 0
169674 1
169687 1
124425 1
117459 0
279180 1
187524 0
169673 1
076916 1
124130 2
071373 1
104546 1
257002 1
171128 1
124260 1
005863 0
071360 1
104533 1
071351 1
104524 1
076921 1
124097 1
123391 1
124135 1
000415 1
081232 1
187855 0
193621 1
193625 1
130839 1
193636 1
263808 0
193637 1
193638 1
130800 1
267911 2
267917 2
076973 1
177912 1
030649 0
076974 1
083034 2
149428 1
130808 1
155665 1
192545 0
130836 1
079032 1
000359 1
130835 1
130810 1
222775 1
082869 1
130817 1
016972 1
123091 1
266056 0
018198 2
130811 1
000320 1
150565 1
128439 1
123536 1
000304 1
149316 1
128430 1
016864 1
070355 1
103528 1
175515 1
016844 1
087843 1
087754 1
187334 1
124063 1
099605 1
068895 0
070356 1
103529 1
151170 1
175445 1
175446 2
187328 1
128151 1
130805 1
084935 1
016850 1
090333 2
070389 1
103562 1
087835 2
015769 1
175371 1
146663 1
130739 1
151090 1
123997 1
130831 1
015726 1
000354 1
130799 1
000302 1
124487 1
016188 1
000391 1
124010 1
017179 1
133034 1
150624 1
130773 1
000327 1
124550 1
183179 1
077132 1
123892 1
064475 1
186852 1
168934 1
064839 1
127238 1
193746 1
016987 0
130869 2
149956 1
222653 2
130809 1
124548 2
130852 1
130837 1
127536 1
000298 1
130816 1
151213 1
000325 1
222655 2
124466 1
127879 1
016858 1
127825 1
000323 1
130655 2
186853 1
000390 1
000360 1
124438 1
130672 2
130639 1
130628 1
148201 1
015597 2
000312 1
124422 2
154071 1
130807 1
130859 1
129718 1
145836 1
077124 2
156197 2
148202 2
153022 1
017182 0
016566 1
000783 1
130853 2
000299 1
130806 1
130850 2
130801 1
222739 1
129869 2
129868 2
000322 1
129874 1
130843 2
130896 1
130833 1
000356 1
150759 1
014506 1
015580 1
016841 1
150303 1
130802 1
123736 2
222923 1
170337 1
000431 1
068019 1
000326 1
130818 1
150087 0
130747 1
123726 1
130840 1
123743 1
147460 1
077187 1
000353 1
082658 2
017086 1
223926 0
082597 2
150323 1
077286 1
000435 2
015790 1
000594 0
077279 2
124186 1
229847 0
016546 1
164995 1
003641 0
124015 1
066088 1
016933 1
151137 2
013144 1
124467 1
151602 1
167805 2
021798 0
150908 1
167788 1
151133 2
124470 1
066131 2
018716 2
150425 1
183584 1
150985 1
182363 1
150379 1
095460 0
183557 1
150434 1
151124 1
150658 1
066166 2
183611 1
150677 2
150679 1
185092 0
150681 2
150690 1
252856 2
152711 2
003174 0
152713 1
252843 1
108750 1
167685 1
065886 1
124427 1
147305 1
064492 1
124026 1
065865 1
167686 1
130812 1
187696 1
000318 0
187707 1
112991 1
196181 0
076961 0
064841 1
000297 1
152127 1
125425 0
176324 1
276204 1
152047 1
003165 0
152057 1
082087 1
016948 0
012680 0
263682 0
288776 0
170863 0
042401 0
064409 1
287271 0
167886 2
167928 1
092976 1
256381 1
251938 0
168506 0
017336 1
007938 1
121351 1
139588 1
227949 0
101872 0
076611 1
065695 1
133104 2
133118 2
133173 0
150720 1
184878 0
066462 1
156726 0
149398 1
197811 0
149400 2
286264 0
176780 1
175542 0
176972 1
176980 1
176981 1
176971 1
000716 0
176984 1
176986 1
176990 1
064893 1
152720 1
155599 1
064598 1
005038 0
175367 1
067099 1
249427 1
155748 0
067093 1
124615 1
039138 0
064928 2
187802 0
192796 1
030552 0
176636 1
066802 1
176686 1
066524 1
114249 1
144269 1
006451 0
176649 1
011048 1
064460 1
064459 1
182260 2
064455 1
184311 1
114068 1
124234 1
178513 1
064499 1
182189 2
071481 1
104654 1
184304 2
146942 0
071514 1
104687 1
067251 1
071482 1
104655 1
114210 1
071513 1
104686 1
182908 2
176632 2
176633 2
176678 2
183372 1
160565 1
128349 1
180230 2
160046 2
178322 2
180232 1
178331 2
178332 2
177013 1
180076 0
172998 1
178458 2
178464 1
007261 0
177070 1
160074 1
151379 2
151304 2
187227 1
289368 1
016803 0
151291 2
078716 0
016824 1
016859 1
021587 0
188295 0
130899 1
199396 0
130885 1
130846 1
224475 2
180159 2
180223 1
224441 0
173419 1
183530 1
102079 1
107719 1
102115 1
191910 2
187204 0
102113 1
102074 1
102027 2
102155 2
099971 1
099977 1
173426 1
176882 2
011899 0
173496 1
177196 1
192165 2
209843 1
210023 1
210320 1
178122 1
178107 2
196906 2
065045 1
062499 0
196845 1
195702 0
164120 0
192166 1
255761 0
218734 0
179268 1
243984 0
004302 0
107878 0
191253 1
123925 1
179472 1
124257 1
124248 1
173308 0
179479 0
123878 1
285092 1
124428 1
201768 0
285209 1
142926 0
124354 1
017150 0
124353 1
017870 0
015637 1
124191 1
202794 0
124145 2
149620 1
288712 1
121978 1
070104 0
009518 2
121979 2
288721 1
167590 1
167591 1
152824 1
206885 0
167585 1
152833 1
006838 1
120333 1
124117 1
152851 1
064840 1
086107 0
124093 1
120293 1
124082 1
007401 1
124614 1
284522 1
082974 1
111105 0
284568 1
284548 2
229985 0
221523 0
124516 1
185881 0
124768 1
218213 1
091236 0
124770 1
127090 1
218222 1
127089 1
125177 0
188246 0
123650 1
149852 0
128481 1
187382 1
064273 1
127103 0
128632 2
006114 1
005454 1
120009 1
127383 0
002230 0
064785 2
009907 0
064786 1
152501 0
173852 1
014590 0
220212 1
182006 2
066388 1
089470 1
190044 0
181990 2
066332 1
181960 2
001597 1
125922 0
077354 2
153638 1
267709 1
151231 1
077709 1
081761 0
052192 0
005963 1
070966 0
080223 0
136265 1
235665 0
187963 0
064640 1
199622 0
143610 0
001323 1
124273 0
276940 0
200283 0
285889 0
109215 0
151450 1
075854 0
151233 1
167458 0
267710 2
267704 2
126882 1
117758 1
064523 1
065855 1
066249 0
267701 1
117793 2
064530 1
117792 1
064860 1
192250 0
037819 0
004041 2
165645 0
010497 0
064588 1
039180 0
210842 1
210827 2
138805 0
210816 1
137603 2
147688 0
137552 2
006290 1
234952 0
133129 2
133159 0
206828 0
049220 0
162032 2
075809 2
082840 1
006008 0
082847 1
076133 1
162076 1
196783 0
127225 0
173808 2
064818 1
033495 0
173809 2
173835 1
019973 2
006698 0
064599 1
289955 1
222522 0
289969 1
112948 1
202799 1
087065 0
033571 0
064850 1
015317 1
125416 1
140754 0
171254 0
013250 1
111773 1
118773 0
124408 1
133623 1
136316 0
124424 2
084024 1
114223 0
124432 1
111433 2
111434 1
201558 2
111432 2
070882 0
123968 1
141194 2
126756 0
141162 2
141224 2
141234 2
078623 0
141210 2
111388 2
224488 0
007186 0
133091 0
150766 0
170352 2
276308 1
287834 0
170354 1
170355 1
145787 0
201860 2
139433 0
076246 1
123823 1
184890 0
178101 0
064474 1
157242 0
128449 0
192309 0
124455 1
168076 1
031584 0
101448 0
224229 0
263039 0
200239 0
123967 0
123883 1
064878 1
082192 1
082999 1
180994 0
123857 0
082197 1
252436 1
014828 1
125891 1
268762 0
076316 0
064557 1
130544 1
259501 0
000418 1
112010 0
099255 1
130821 2
143462 1
040907 0
130830 1
064881 1
124872 0
064900 1
070305 1
103478 1
124351 1
054313 0
070303 1
103476 1
124352 1
124395 1
182324 0
078480 1
025691 0
037104 0
124433 1
126933 0
128248 0
282202 0
124397 1
124392 1
119379 0
124371 2
124217 1
124220 1
064347 1
134091 1
173343 1
000308 0
124384 1
124390 1
127371 0
082120 0
269823 0
130604 0
130079 1
133098 2
185055 0
130074 1
130073 1
223730 2
224476 0
163914 0
071001 0
095462 0
082238 1
158450 0
082233 1
092305 1
015729 2
064863 1
155338 1
030973 0
092310 1
064908 1
000358 1
130813 1
064391 1
098456 1
046119 0
098458 1
098561 1
000319 1
098457 1
098601 1
098608 2
092126 0
085166 0
086368 1
086867 1
064520 1
088349 1
009187 0
088178 1
088180 1
064270 0
187317 0
069987 0
082078 1
089271 0
082159 1
192539 0
066419 1
179803 0
093433 0
149829 1
126709 0
083144 0
130847 0
124255 1
087004 1
064619 1
136637 1
124447 1
064924 1
219040 2
276232 0
123709 1
223600 0
124205 1
128322 0
014827 1
125890 1
086220 0
124349 1
109967 0
124360 1
186569 0
011639 0
031955 0
066153 1
149794 1
000398 1
066149 1
187508 1
077601 0
066122 1
150246 1
150247 1
098296 0
134626 1
130160 1
131643 1
064427 1
131640 1
131641 1
148289 1
017867 1
129194 1
131671 1
124330 1
036145 0
130720 1
149281 1
018271 1
128914 1
137577 0
017495 1
129432 1
136240 0
133163 0
017249 1
129633 1
199294 0
139823 0
218837 0
017691 0
151961 1
165939 1
064512 1
124442 1
005236 0
181367 0
074949 0
241672 1
066145 1
065833 1
071706 1
104879 1
223680 0
241659 1
064470 0
102004 0
124216 1
124219 1
115715 0
098558 0
131900 1
194709 0
024745 0
213351 0
193012 0
162383 1
064590 1
124283 1
124142 1
067770 1
232370 1
230067 0
232240 0
140175 0
197999 0
014815 1
125903 1
064782 1
086749 0
133528 0
195688 0
079404 1
164663 0
079197 1
064468 1
252446 1
078078 1
018915 0
078073 0
000527 1
124931 0
182414 0
259120 0
218092 0
189194 0
077876 0
064390 1
244762 0
070629 0
208151 0
218259 0
082049 1
155432 1
066529 0
276088 0
121708 0
192276 0
189184 0
064485 1
123700 1
093431 0
054262 0
085891 0
178741 1
123555 1
079268 0
182516 1
182514 1
155854 0
182513 1
181942 0
006314 0
142300 0
126815 0
160244 1
187653 1
143910 1
199430 0
143755 1
143214 1
284956 0
187264 0
239393 0
182587 2
034333 0
182596 1
117200 0
195562 2
161007 1
189591 0
115665 2
170877 0
154974 0
064796 1
146859 0
284672 0
044649 0
136219 0
134153 0
029337 0
011700 0
218147 0
277248 0
201610 0
159766 0
257088 0
124812 0
117577 1
065755 0
169181 0
017231 1
007842 0
128669 2
128525 1
110491 0
177039 2
086850 1
127607 1
002444 0
177043 1
086683 1
128641 1
049842 0
128640 0
279797 0
187625 1
067907 0
137488 0
187358 0
077221 1
123418 1
152461 0
015122 0
192274 0
087881 0
081826 1
098241 0
101076 0
257220 0
009345 1
121815 1
100528 0
124957 0
195905 0
143586 0
069549 0
082918 0
277469 2
221504 1
221525 1
086503 0
016873 0
221503 0
287866 0
167400 0
286968 0
064904 1
030613 0
269869 0
177610 1
192475 1
016963 1
177605 2
028764 0
192476 1
099016 1
126335 0
099025 1
099032 1
099033 1
099030 1
099154 2
233012 0
035014 0
232755 1
069017 1
161937 0
232708 1
124504 1
126179 1
064526 1
232707 1
058587 0
064521 1
126721 1
133187 0
232721 1
099024 0
252665 0
039348 0
034372 0
064683 1
136057 0
232739 1
202144 0
232738 1
123986 1
011384 2
177121 0
100025 0
064768 1
187186 0
232724 1
050892 0
232722 1
082617 1
196153 0
232764 0
124521 0
064467 1
153010 1
009395 0
287867 0
220679 0
009392 1
059384 0
066137 1
029469 0
012257 0
051886 0
227685 0
011314 0
009870 0
256964 0
163928 0
231938 0
188537 0
236572 0
066296 1
253111 0
065850 1
120808 0
065907 1
151165 0
283768 0
262596 0
065770 1
064879 1
064471 1
094878 0
099020 0
257594 0
024782 0
000169 0
285585 0
127546 0
143550 0
064917 1
033883 0
192224 0
132125 0
192392 0
030165 0
232691 1
038818 0
120321 0
066338 0
223066 0
167858 0
129501 0
216711 0
001738 1
189259 1
228395 0
189258 0
000630 0
065831 0
155600 1
075164 0
144572 1
148562 0
144672 1
069421 0
149893 0
011263 1
122687 1
001057 0
011345 1
124118 0
014953 1
125782 1
180644 0
061852 0
064739 1
154635 1
214103 0
122701 1
188815 1
015200 0
011317 1
122702 1
168396 0
117449 0
064671 1
010053 0
068459 1
064458 0
068467 1
252243 0
287586 0
146588 0
000620 0
087216 1
288898 0
087185 0
068765 0
116106 0
003660 0
025037 0
132823 0
187496 0
124013 0
061282 0
126351 0
013490 0
079993 0
064376 1
178580 0
107835 0
143300 2
143268 2
143297 2
144431 2
219602 0
143200 2
143197 2
010762 1
219338 1
219463 1
033502 0
209570 0
101140 0
065830 1
075564 1
192091 0
002242 0
077880 0
284825 0
257563 1
250826 1
064560 1
185928 0
064561 1
054173 0
159566 0
280150 0
014622 0
081171 0
161596 2
111418 0
017807 1
129251 1
009891 1
122237 1
135060 1
013765 0
135042 1
135044 1
135035 1
092838 0
030664 0
223108 0
256572 0
068659 1
018023 0
187286 0
024116 0
064363 1
025305 0
064364 1
069194 0
066192 1
002528 1
230960 0
098371 0
235228 0
184877 2
175698 0
099724 0
123987 0
018429 0
195857 0
092240 0
175614 0
141570 0
062082 0
027100 0
123947 0
155372 0
276135 0
065868 0
181548 0
108954 0
064687 1
116372 0
126948 0
036824 0
252425 0
276006 0
010110 1
146480 0
004552 0
010078 0
257266 0
042567 0
141955 1
141920 1
155381 0
017126 0
179488 0
192169 0
090390 0
087855 1
042669 0
133911 1
147027 0
133917 1
135531 0
004701 0
110095 1
037030 0
110111 1
098414 0
124446 0
136210 0
028681 0
079581 1
112831 0
083163 0
131189 0
108469 0
230470 0
271149 0
188064 0
000162 0
080810 0
019849 0
027568 0
079703 0
167607 1
064723 1
074770 0
167696 2
252830 0
185380 0
136119 1
123048 0
122845 1
128880 0
122847 0
122703 0
133772 1
113078 0
133360 2
133350 0
233720 0
100682 0
064385 0
131774 2
064744 1
037129 0
131770 0
134772 0
086198 1
017284 0
125018 1
010064 0
122206 0
136167 0
010442 0
006105 0
117105 0
208326 0
133363 1
127440 0
133352 0
086470 0
134733 1
153567 0
111143 0
129537 0
086049 0
014525 0
275143 0
063675 0
187853 0
130535 0
229773 0
155096 1
098522 0
030549 0
285754 1
079139 1
167975 0
285753 1
078334 1
079229 1
230504 1
004192 0
079176 1
234986 0
111662 0
067683 0
004284 0
197744 1
192651 0
187262 0
091865 0
208913 0
124141 1
009767 0
275089 0
128959 0
003762 0
135530 1
000075 0
210130 0
187666 0
117379 0
036195 0
120269 0
099176 0
185989 0
191991 0
038782 0
074702 0
179212 1
278825 0
162242 0
142809 0
014418 0
219928 0
188612 0
277206 0
151362 0
198885 0
133099 0
058645 0
015362 1
125372 1
134357 0
066466 1
000882 0
280170 0
147029 0
109018 0
026469 0
193115 0
137130 0
082210 2
021677 0
082212 1
082204 0
082802 1
082798 1
184594 0
003995 0
100336 0
122378 0
110524 0
135418 0
187935 0
169302 0
133806 0
187816 0
018637 0
285311 0
047562 0
055962 0
118937 0
075405 0
069840 0
187379 1
123582 1
203156 1
233088 0
123571 1
124610 0
011647 0
017980 0
187231 0
287737 0
157412 0
118328 0
117014 0
164017 0
269025 0
136179 0
282212 0
056666 0
230114 0
269833 0
168181 0
190192 0
216128 0
131944 0
001265 0
082211 0
284469 0
065640 0
257642 0
204211 0
150451 0
135114 0
058516 0
288181 0
165459 0
119427 0
257383 0
078293 0
205619 0
224440 0
018016 0
223459 0
161169 0
188482 0
197762 0
193042 0
137646 0
147226 0
230414 0
081323 0
100075 0
084304 0
087336 0
187207 0
060406 0
158865 0
180984 0
064448 1
014809 0
090035 0
066223 1
077535 0
200368 0
063441 0
154503 0
067817 0
029524 0
090273 0
123352 0
177891 0
172964 0
126419 0
227285 0
113082 0
279871 0
059282 0
210679 0
144872 0
126981 1
254440 0
086134 0
201395 0
195706 0
003720 0
024701 0
146231 0
172408 0
070123 1
103296 1
036617 0
078847 1
078489 1
209461 1
160282 0
242947 0
033138 0
018989 0
194570 1
006661 0
191464 0
041628 0
225187 0
202007 0
024456 0
099979 0
036728 0
011641 0
289772 0
265959 1
126424 0
075859 0
074668 0
101746 0
123086 2
076915 2
076919 1
117736 0
123088 2
138197 0
130022 0
002142 0
128153 0
284979 0
124102 0
284443 1
091976 0
127134 0
129515 0
179799 0
167742 0
086458 0
217569 0
016954 0
230529 1
064481 1
195152 0
078051 0
082762 0
086510 0
002485 0
151413 0
223096 1
222956 1
068481 0
223002 2
221377 0
269710 1
018911 0
274017 1
008741 1
266735 1
226162 1
193131 0
274018 1
266738 1
259583 0
235069 1
243548 1
222718 1
222763 1
018739 0
243565 0
235032 1
225133 0
002211 0
254128 0
221413 0
280050 0
090597 0
055476 0
285712 0
183162 1
234025 0
124861 0
143716 0
015289 1
125446 1
183066 0
125456 0
125466 0
252448 0
075042 1
187061 0
227908 0
093771 0
124773 0
154574 0
121783 0
192546 0
227855 0
078317 0
130886 0
091919 0
191860 1
011338 0
191882 1
061261 0
283417 0
149876 0
258324 0
162781 1
161856 0
162747 0
284787 1
126222 0
257210 0
140834 0
150013 0
113387 0
082138 0
258509 0
287945 0
197442 0
030976 0
286608 0
188636 0
028377 0
088893 0
126483 0
221400 0
189178 0
136139 0
145160 0
079446 0
122704 0
064615 1
149930 0
049675 0
038014 0
223922 0
212455 0
104174 0
124326 1
014096 0
124333 1
110899 0
124345 0
065288 1
130764 0
096574 0
130870 0
127369 0
082487 0
223372 0
123389 0
121631 0
099121 0
213014 0
192544 0
088228 0
221524 0
138140 0
077612 0
287283 0
027179 0
124501 0
127708 0
262794 0
253422 0
126127 0
065512 0
124843 0
066337 1
016953 1
118906 0
066227 0
150756 0
160023 0
269602 0
123661 1
236547 0
066580 1
104139 0
069983 1
103156 1
050033 0
064463 1
092907 0
064465 1
068093 0
011698 0
051757 0
042107 0
077792 0
259594 0
021186 0
146631 0
069031 0
154808 0
100708 0
119691 0
187288 0
024478 0
149955 0
270183 0
200386 0
112824 0
017828 0
238876 0
224626 0
005967 0
064245 0
124453 0
068031 1
162794 0
067995 1
071350 0
285166 0
034390 0
159791 0
065715 1
173327 0
066565 1
214717 0
033111 0
024468 0
123057 0
179332 0
066656 0
187197 0
180588 0
068908 0
064447 2
257785 0
219584 0
199768 0
002365 1
014522 0
108361 0
173043 0
187882 0
155863 0
126504 0
100173 0
068606 0
288454 0
180990 0
252770 0
142606 0
256025 1
076411 0
258323 0
075606 0
251351 0
092572 0
062259 0
220133 0
018526 0
274008 0
242700 0
233410 0
000331 1
099156 0
130814 1
077144 0
058447 0
289169 0
252439 0
038640 0
030620 0
101457 0
202319 0
199395 0
067412 0
017934 0
005634 0
087175 0
011799 0
219596 0
071169 1
104342 1
038568 0
071231 0
049909 0
104404 0
064824 1
083627 0
151952 0
270881 0
099981 0
004095 0
277973 0
135843 0
057069 0
102116 0
156806 0
231045 0
263213 0
212906 0
014863 0
216832 0
133449 0
184484 0
239974 0
066238 0
077971 0
141567 0
180773 0
192470 0
128446 0
199215 0
079690 0
112210 1
153063 0
112160 0
069044 0
130841 1
187384 0
287863 0
223258 0
125621 0
222812 0
126884 0
090623 0
192207 0
023729 0
221911 0
230144 0
085772 0
056307 0
082205 0
065826 0
190641 0
157497 0
197624 0
130591 0
052164 0
196465 0
086831 0
282155 0
111584 0
122811 0
184139 1
123978 1
184114 1
213076 0
099206 0
067267 0
124468 1
284817 0
226072 0
154508 2
268871 0
154510 1
156898 1
003665 0
156888 1
161174 1
197451 0
161219 1
161182 1
281168 0
166871 1
161173 1
157245 0
130900 0
275274 0
288453 0
253112 0
159778 1
086733 0
152362 1
030212 0
152364 0
152368 0
232775 1
186448 0
232773 1
194976 0
271344 0
101429 0
013219 0
144120 0
167527 1
010949 0
167528 1
167529 1
154133 0
115585 0
157342 0
181276 0
203973 0
167408 1
231902 1
039583 0
231893 0
182487 1
182486 1
186212 2
037810 0
182485 2
111520 0
156042 1
213048 0
277454 1
147075 0
189775 0
139414 0
156853 1
152416 0
012028 0
197031 0
283786 1
171314 0
284514 0
144567 0
207788 0
243225 0
153248 0
133092 0
009109 0
194441 0
015725 1
192198 0
271642 0
112588 0
006212 0
020466 0
130043 0
026789 0
013466 0
267252 0
252983 0
161846 0
156068 0
135445 0
120392 0
069229 1
102402 1
024781 0
262631 0
196859 0
213148 0
086199 0
127601 0
149583 0
069351 0
078023 0
185185 0
182565 0
236691 0
093302 0
286971 0
081305 0
021643 0
016666 0
033801 0
193845 0
183020 1
265028 0
183185 1
235872 0
218247 0
129880 0
184341 0
164115 0
197749 0
002980 0
149282 0
031232 0
214197 0
176278 1
126467 0
170153 0
056562 0
180611 0
187234 0
081606 0
123884 0
224461 0
231935 0
177206 0
000357 0
283657 0
098279 0
137034 0
164756 0
034252 0
242755 0
036830 0
103160 0
100265 0
126198 0
004570 0
034969 0
200235 0
237837 0
093367 0
124557 0
179398 0
187605 1
282223 0
124306 0
099604 0
270736 0
067657 0
125934 0
227944 0
147684 0
034327 0
210748 0
136145 0
016200 0
037098 0
212447 0
128062 0
201609 0
285498 0
187285 0
007055 1
091710 0
009026 0
024902 0
161977 0
170815 0
061728 0
123796 0
188047 0
011893 0
188392 0
079797 1
079841 0
079770 1
079773 1
129853 0
132992 0
054598 0
147469 0
123882 0
135961 0
064441 0
071048 0
155438 0
149860 0
287620 0
049956 0
130717 0
073379 0
018351 0
190042 0
190733 0
170006 0
252244 0
035248 0
200232 1
256137 0
222529 0
119683 0
142342 0
017036 0
080794 0
000544 0
108968 0
156265 1
180986 0
155729 0
263838 0
285159 0
222582 0
007552 0
059438 0
162904 0
080679 0
126416 0
083384 0
039410 0
227622 0
253878 0
140171 0
123625 0
044687 0
016951 0
081687 0
152583 0
192910 0
156810 0
097236 0
245013 0
122821 0
169965 0
130564 0
276685 0
066926 0
217551 0
012198 0
116874 0
222142 1
222187 2
078264 1
013352 0
221860 0
222139 0
083066 0
151422 0
090180 0
086799 0
199256 0
186549 0
014039 0
102722 0
289941 0
003896 0
187908 0
177199 0
121669 0
060677 0
052189 0
259235 0
126614 0
289827 0
058625 0
187203 0
210433 0
144161 0
098418 0
082114 0
124166 0
110029 0
075313 0
155725 0
268329 0
262316 0
238514 0
043791 0
209414 0
029526 0
117210 0
217451 0
017534 0
049024 0
255056 0
082292 0
070169 0
009297 1
133240 0
258730 0
287650 0
241198 0
136307 0
217193 0
138824 0
122357 0
066150 1
009296 0
066146 0
066082 0
004093 0
127591 0
271237 0
202148 0
070120 0
164198 0
182356 0
084994 0
041616 0
220761 0
078435 0
201650 0
127492 0
037062 0
221502 0
157343 0
014507 0
184927 0
051680 0
146766 2
250361 0
146769 2
146397 0
170214 1
251950 0
191202 0
181464 0
193397 1
193394 1
033496 0
099603 0
098675 0
018124 0
092282 0
151913 0
102119 0
100961 0
125941 0
110907 0
142414 0
190649 0
196275 0
146845 0
124715 0
269660 0
098590 0
217322 0
192389 0
285538 0
219435 0
003292 1
177706 0
135049 2
185193 0
141722 0
030183 0
254143 0
066140 0
113020 0
058550 0
229850 0
007608 0
071331 0
004968 0
161091 0
158671 0
231048 0
017457 0
117160 0
131256 0
074442 0
117845 1
220056 0
133668 0
158216 0
020797 0
109512 0
221260 0
094085 0
102048 0
118433 0
014379 0
034055 0
170989 0
026107 0
203392 0
127677 0
136192 0
181605 0
039584 0
060030 0
065876 1
154459 0
288873 0
070080 0
243291 0
170675 0
008869 0
267865 0
065988 1
015082 2
049352 0
125655 1
258392 0
147892 0
075773 0
132583 0
183971 0
101258 0
083402 1
192810 0
253249 0
268316 0
101890 0
127847 0
044032 0
226520 0
142775 0
099170 0
274601 0
066348 1
162497 0
066418 1
113399 0
077666 0
255409 0
088521 0
018603 0
192982 0
095807 0
040022 0
085100 0
058445 0
046456 0
078444 0
009985 0
066083 1
153892 0
066076 0
075597 0
066048 0
131779 0
135870 0
126540 0
271108 0
100876 0
023145 0
050040 0
098234 0
256022 0
178475 0
222085 0
242154 0
225962 0
018562 0
126943 0
011068 0
260885 0
005754 0
006365 0
065891 1
220654 0
065821 0
152577 0
081725 0
289024 0
059467 0
155778 0
202425 0
036198 0
102125 0
049967 0
036662 0
290024 0
285864 1
086456 0
149923 0
128865 0
005660 0
093415 0
055993 0
017762 0
122849 0
270061 0
007487 0
161863 0
268566 0
180982 0
282213 0
188340 0
045181 0
092656 0
076483 0
004750 0
097839 0
153512 0
013292 0
064876 0
288879 0
101052 0
023957 0
015119 0
042277 0
144204 0
180863 0
258548 0
262991 0
011939 0
197466 0
171456 0
041956 0
163518 0
086542 0
018767 0
161996 0
027307 0
143612 0
079056 0
002731 0
114649 0
123491 0
098056 0
157249 0
173728 0
117467 0
257787 0
071762 0
146944 0
154873 0
086571 0
036903 0
079874 0
225189 0
128302 0
256519 0
056345 0
152436 0
208522 0
210121 0
129802 0
044166 0
151210 0
157486 0
007765 0
033162 0
218509 0
037827 0
227269 0
168446 0
096988 0
081873 0
025788 0
253133 0
156789 0
115929 0
228397 0
164154 2
164157 0
152748 0
155845 0
171828 0
244780 0
118774 0
128635 0
161537 0
161540 0
289434 0
268869 0
126349 0
172960 0
090779 0
071012 0
196357 0
064436 1
016761 0
064454 1
192419 0
224670 0
253877 0
006139 0
125909 0
008436 0
284670 0
141260 0
041653 0
066899 0
078995 0
188259 0
061419 0
136158 0
126253 0
086424 0
192101 0
018622 0
088183 0
233387 0
151399 0
001445 0
230469 0
005789 0
111645 0
093112 0
255357 0
189322 0
201119 0
255752 0
015782 0
095511 0
154762 0
004313 0
161186 1
030753 0
152554 0
127007 0
151317 0
256770 0
218369 0
133616 0
288655 0
155747 0
006178 0
289832 0
114461 1
160147 0
114478 1
114479 1
114496 1
017520 0
091278 0
116658 0
166556 0
209018 0
183524 0
102594 0
173155 0
183917 0
064476 1
066231 1
064958 0
066345 1
126544 0
160890 0
151649 0
196187 1
229250 0
196133 1
196217 1
196134 1
066218 1
110035 0
192712 0
064898 1
064883 1
199339 1
202143 0
100927 0
079334 0
288719 0
115973 0
087546 0
009700 0
193382 0
132133 0
188309 0
047444 0
224439 0
098389 0
019557 0
123924 0
117028 0
002487 0
009269 0
127210 0
040110 0
193250 0
071498 0
076315 0
201970 0
187657 0
130426 0
161132 0
123777 0
149283 0
144398 0
081887 0
085881 0
065985 1
110903 0
066001 1
122364 0
078200 0
192354 1
178412 0
192269 1
042809 0
131408 1
100923 0
131406 1
243601 0
072228 0
197585 0
036301 1
195021 0
116660 0
098150 0
207326 0
242715 0
064413 0
079415 0
289051 0
065905 1
040675 0
065906 1
065890 0
094429 0
080673 0
080677 0
065892 0
081952 0
099777 0
