088377 0
002679 1
001444 1
286399 0
065960 0
199789 0
086851 0
182014 0
091798 0
133642 1
158228 0
133632 1
133668 1
158089 0
157848 0
085755 0
154119 0
132050 1
002777 0
132010 1
133774 1
133703 2
186587 0
133702 2
133770 1
133709 2
132008 1
133707 2
133331 2
132046 1
133299 2
133302 2
133612 1
133729 1
133730 1
132135 2
001458 2
133723 1
147739 0
133297 2
133611 1
133119 2
133093 2
133100 2
133610 2
133088 2
131953 2
163967 0
133188 2
133171 2
132136 1
133959 0
132080 1
140098 0
131954 2
132019 1
132020 1
132017 1
133941 2
133427 1
147895 0
002855 1
133951 2
132052 1
133365 1
109543 0
133358 2
133664 2
133675 2
132922 0
133598 1
133684 1
097530 0
169288 0
133015 0
131683 0
134952 0
133665 2
132952 1
133899 0
133663 2
132938 1
133649 2
132910 1
132955 0
138824 0
132865 2
133866 0
132860 2
132182 2
132203 2
133746 1
133480 1
007046 0
134045 0
133312 0
001459 0
261760 0
181041 0
132396 0
142036 0
133891 0
132839 1
134003 0
132830 1
139214 0
131631 0
131605 0
134330 0
258326 0
099516 0
141143 0
132039 2
130164 0
132021 2
131640 0
140288 0
133389 0
091636 0
107706 0
003102 0
010253 0
183839 0
158866 0
109787 0
132037 0
133669 2
001445 1
133721 1
134001 0
133661 1
131975 2
066977 0
131988 2
131970 1
002717 0
148999 1
133674 0
149000 0
130313 0
133253 0
127977 0
011942 0
001580 1
114749 1
002845 0
114712 0
001109 1
100189 0
007436 0
007099 0
110962 0
100266 0
005188 0
094074 0
117943 0
133376 0
179699 0
137993 0
138307 0
137420 0
188534 0
148183 0
002488 0
130320 0
133044 0
133652 0
043123 0
164294 0
127896 0
112385 0
140020 0
147564 0
132071 0
097563 0
133841 1
101081 0
133829 1
002772 2
112622 0
135381 0
133737 0
043358 0
226431 0
160235 0
108996 0
132858 1
157854 0
131675 0
193105 0
002894 0
134449 0
181971 0
110527 0
133555 1
133556 1
134005 1
017268 1
128571 1
128620 1
128622 1
128653 1
128655 1
128659 1
031768 0
133552 1
128652 0
133400 0
178066 0
145734 0
133874 2
258190 0
133871 1
133853 2
156534 0
109011 0
134076 2
142314 0
133735 2
001278 0
133581 2
150008 0
135126 0
133621 2
007044 0
133585 2
132751 1
133138 0
132685 1
132670 1
132666 2
123874 0
179120 0
154653 0
133131 0
139093 0
002592 0
133835 0
253311 0
110548 0
133283 0
017688 0
200462 0
180609 0
133200 1
001131 1
144352 0
133195 1
132898 2
112546 0
132825 1
132824 1
132807 1
132805 2
132803 2
134275 1
009742 1
122139 1
122129 1
261991 0
122110 1
122059 1
137070 0
009594 0
011838 0
087548 0
017629 1
129357 1
127107 0
129405 1
129429 0
010357 0
130385 0
123034 1
115381 0
123037 0
134305 0
093071 0
001242 1
108060 0
122131 0
099196 0
111224 0
141911 0
127799 1
134108 0
017246 0
071418 0
017250 0
108586 0
092764 0
097699 0
158368 0
137780 0
117555 0
133586 0
124919 0
079272 0
138468 0
102019 0
009029 0
080409 0
133432 0
181910 0
000634 0
116616 0
133560 0
132606 0
157771 0
274731 0
122148 0
118398 0
134915 0
109530 0
003066 0
132018 0
094454 0
001240 1
133869 0
092125 0
161339 0
001135 0
028378 0
006188 0
001744 0
127805 0
133885 0
133339 0
071066 0
092622 0
132677 0
132844 0
138037 0
159142 0
128658 0
012491 0
014865 0
133348 1
092467 0
133582 1
007671 0
132771 1
160375 0
003340 0
131729 0
231334 0
148907 0
146481 0
134596 0
132407 1
141182 0
134024 0
001600 0
159872 0
133108 0
234370 0
004877 0
091686 0
002770 0
131613 0
133753 0
140094 0
114824 0
179121 0
132176 0
098692 0
123876 0
132431 0
001919 0
191891 0
113106 0
179177 0
122021 0
001887 0
145240 0
007447 0
043291 0
001062 1
038854 0
082652 0
002364 0
092448 0
111657 0
160427 0
136929 0
133347 0
157686 0
180329 0
131755 0
131946 0
132856 0
124121 0
