085524 1
065268 2
156872 2
156873 2
056468 0
010305 0
018145 2
188475 0
115245 2
113573 2
010298 2
113600 2
025309 2
043640 0
117089 0
201258 0
082362 0
022398 0
135618 1
112019 0
131812 2
131875 2
002358 1
131798 2
047560 2
131791 2
188305 0
002952 1
134318 2
266540 2
192317 0
266582 2
002393 0
134989 0
027104 0
188725 0
014596 0
013161 0
262452 2
180752 1
203776 2
010561 0
269301 0
041627 2
028855 2
028845 2
019053 0
033670 2
147577 2
165103 2
147431 2
015065 2
125665 2
147377 2
243426 1
169352 1
046562 1
188465 0
169256 1
042736 1
043439 0
044250 1
059149 1
059140 1
087337 2
163233 2
083067 1
027960 1
275726 2
275736 2
086871 1
025214 0
275710 2
270824 0
085563 2
188438 1
270829 0
200983 2
178675 2
221708 2
219756 2
031620 1
032651 0
219768 2
231729 2
164504 2
164492 1
019237 0
231734 2
163880 1
279544 1
201081 1
199560 2
196436 1
082131 2
082139 2
200969 2
276206 1
086117 1
232047 0
081660 0
062473 1
181541 2
054450 2
032133 2
162927 0
054425 2
181534 2
181522 2
061796 1
058295 1
101389 0
288056 0
041103 1
041116 1
201400 0
086484 1
024026 0
098222 1
161509 0
028432 0
041609 1
080734 0
260990 1
261018 1
261046 1
214878 0
164498 1
028390 0
164494 1
198291 0
263369 0
233688 0
088248 0
042016 0
029261 0
133240 0
243192 2
008667 0
243183 2
243191 2
018757 0
276653 0
030282 1
028611 0
032811 1
270635 1
164675 0
025448 0
065001 0
188679 0
115806 1
040992 1
007089 0
051265 0
289343 1
115807 1
025257 0
289268 1
243465 1
052743 1
243459 0
052729 0
223166 1
254321 1
023147 0
254322 1
286574 0
126329 0
022376 0
023183 1
025589 0
024439 1
270999 0
164425 0
160721 0
153126 0
270873 0
045271 0
032836 1
022682 1
097780 0
032794 1
261311 0
109765 0
095209 1
114295 0
024576 0
182718 0
089329 1
243227 1
025484 0
156353 1
009413 0
156398 0
235031 0
099965 0
194282 0
058159 2
166273 0
146850 0
098950 0
084821 0
045985 1
046004 1
211798 0
023068 1
023065 1
067419 0
023007 1
219847 2
177350 0
019780 0
040778 2
221740 0
040803 2
155605 0
082130 0
266101 0
269555 1
266532 0
188437 0
260972 0
044567 0
166144 0
158086 0
253816 1
163332 0
253905 1
254681 1
254757 1
276176 0
273790 1
139042 0
273798 0
149965 1
151200 1
149966 1
277771 0
097921 0
023135 0
180750 0
223504 1
223513 1
225149 1
041276 0
225150 0
225151 0
045809 0
009626 0
035966 0
135486 0
279543 0
158323 0
038268 0
162921 0
198224 0
144875 0
190438 0
269508 0
188462 0
008625 0
058926 1
075963 0
041325 1
041346 1
040913 0
163027 0
043798 0
042013 0
041121 1
254339 0
058294 0
025614 1
078968 0
266697 0
045984 0
005560 0
085278 2
088255 0
085293 2
018663 1
115926 0
091359 0
112097 0
229563 0
152715 0
064064 1
064054 1
108158 0
035478 0
062807 0
190322 2
019336 0
270821 1
270969 1
230009 0
270940 1
270930 1
270971 1
275793 0
188602 0
009426 1
022244 0
161852 0
041247 1
274038 0
045812 0
041091 1
041088 1
083032 0
041086 1
041074 1
045596 1
045551 1
041690 0
046128 0
045416 0
122303 0
008711 0
038130 0
287500 0
027825 1
088254 0
031741 0
111657 0
141238 0
043630 0
270915 2
025413 1
093329 1
079742 0
270917 1
274597 1
028610 0
270925 0
033594 1
093266 1
093225 1
078601 0
093308 0
159309 0
025714 0
137440 0
022405 0
034268 0
262155 0
242605 0
267282 2
087497 0
266696 0
077365 0
267997 0
113278 0
243994 0
083018 0
083387 1
197998 1
025762 0
198035 1
162992 0
080459 0
037046 0
077779 0
005750 0
109986 0
288057 0
269934 0
130492 0
045821 0
201255 0
061088 1
063587 0
016856 0
272621 2
066937 0
221441 2
125337 0
159465 2
037044 0
128375 2
202519 1
125331 0
015417 0
039805 0
051490 0
029562 0
052071 0
087415 0
116317 0
188643 0
028366 0
192328 0
095482 0
203181 0
137335 0
062576 0
064233 0
116583 0
027018 1
142145 0
219918 0
252818 0
163762 0
062996 0
144703 0
176251 0
125322 0
160364 0
001249 0
023063 0
014207 0
155532 1
198226 0
014045 0
155639 0
243406 1
243411 1
225165 1
025583 0
243416 1
243419 1
243425 1
243427 1
225167 1
225177 1
226319 1
025677 0
226318 1
253915 0
220671 0
075626 0
286997 1
109741 1
240103 0
287006 1
286763 1
286775 1
283223 1
283190 1
283220 1
283192 1
283191 1
288194 0
287951 0
207054 0
241933 0
287506 0
007309 0
093404 0
269876 0
277629 0
053614 0
288149 0
163958 0
212687 0
031742 0
060606 1
224622 0
043817 0
100294 0
014026 0
035001 0
101338 0
150329 0
042528 0
034982 2
026790 0
273698 0
281965 0
288085 0
198600 0
003762 1
049754 0
135641 2
242580 0
078408 0
162917 0
211122 0
260871 0
039092 0
023390 0
005154 0
188756 1
137073 1
062015 0
188752 1
188724 1
140394 0
135992 0
188726 0
188611 0
095592 0
082105 0
287328 0
123826 0
112504 0
277907 0
120366 0
063843 0
123094 0
273007 0
051354 0
022427 0
136198 0
028215 0
049607 0
084456 0
270459 0
273552 1
085803 0
273550 0
257009 0
273173 0
275603 0
257014 0
050145 0
188288 0
137533 0
286572 0
274751 0
281366 0
081855 0
199215 0
188472 0
063646 0
131477 0
143951 1
260991 1
261019 1
261047 1
219550 1
202706 0
275725 0
161356 0
261313 0
149087 0
199182 0
029089 0
143934 0
174922 0
085088 0
141388 0
243315 0
256506 0
188825 0
044731 0
040999 0
109993 0
055813 0
050300 1
272105 0
050452 1
050109 1
219942 1
077951 0
219135 1
006341 1
067172 0
219182 1
137812 0
231559 1
211241 0
068441 0
229607 0
187927 0
191138 0
164346 0
253914 0
222411 0
006718 0
052860 0
050572 1
165388 0
058451 0
047897 0
056140 0
269556 0
133075 0
241765 0
034997 0
034210 0
264409 0
115520 1
284010 0
023884 0
231292 0
024073 0
167767 0
273838 0
126330 0
115338 1
115610 1
041061 0
115420 1
115791 1
115796 1
115756 1
098138 0
079768 0
