229351 1
229356 1
229358 1
234490 1
231409 1
231230 1
231234 1
231244 1
231388 1
231411 1
234389 2
234119 1
231229 1
231233 1
231243 1
231424 2
144423 0
234388 1
231228 2
231232 2
231242 2
227946 2
231609 1
228972 2
233919 1
229194 2
229047 2
229357 2
229359 2
017844 2
231283 2
229021 0
231286 2
231313 2
231307 2
229352 2
234086 1
239745 0
234390 2
231271 2
242928 2
242982 1
242922 1
231255 1
136299 1
231272 2
136326 1
136301 1
256312 2
239253 0
242910 1
231302 2
242895 2
256301 1
196314 1
229361 2
229424 2
196586 1
194720 1
229179 2
229011 2
229310 2
221595 2
221631 2
221636 2
221682 2
196598 1
196600 1
231112 1
136293 0
231119 1
194722 1
229238 2
234012 1
234087 2
234052 2
229439 1
142218 0
229548 2
231148 2
158734 1
229516 2
229531 1
231120 1
239329 0
155637 0
229241 1
136485 0
229207 2
239800 0
191439 1
191054 1
196315 1
196587 1
196599 1
196601 1
191448 1
207182 0
191053 1
208778 0
009330 0
170262 1
229423 1
221680 2
170559 2
196537 0
170765 2
170739 2
170767 2
170776 1
195958 0
221630 2
221635 2
221681 2
227223 0
221594 1
143601 0
196536 1
211931 0
272957 0
099743 0
233944 1
233952 1
121913 0
197156 0
235780 0
289099 0
109473 0
143220 0
161987 0
196036 0
239330 0
232838 0
235167 0
192008 0
078643 0
171709 0
265451 0
284870 0
269539 0
208779 0
229148 0
239739 0
231504 1
136208 0
222240 1
234727 1
234782 1
231433 0
234682 0
234726 0
235168 0
228533 0
240121 1
190276 0
234297 0
229074 1
238924 0
007800 0
231431 0
224521 0
001764 0
196538 0
202410 0
234575 0
265266 0
235166 0
234781 0
137326 0
198601 0
155765 0
251280 0
232126 0
231304 0
236007 0
221703 0
015689 0
256031 0
244621 0
142221 0
083140 0
230805 0
155631 0
159994 0
136512 0
273053 0
231382 0
273998 0
188119 0
200193 0
198599 0
230960 0
197251 0
171667 0
241105 0
239323 0
156643 0
121806 0
007939 0
155514 0
159857 0
197206 0
235465 0
242821 0
231212 0
269447 0
234286 1
044546 0
239256 0
233970 0
224832 0
224131 0
240647 0
148943 0
124973 0
008674 0
162558 0
198813 0
143206 0
267532 0
179907 0
096020 0
102223 0
206940 0
268122 0
186792 0
219951 0
239258 0
188386 0
197639 0
227212 0
210920 0
229289 0
211929 0
235785 0
214147 0
154210 0
231951 0
236716 0
135198 0
079026 0
099712 0
177805 0
229814 0
278278 0
221998 0
115523 0
155615 0
223830 0
241095 0
220444 0
