226419 1
210803 2
210735 2
199662 1
211355 1
199768 1
207193 1
211988 0
206995 1
202309 1
201723 1
253060 1
201756 1
243224 1
210978 1
207523 2
244451 2
216167 1
201815 1
205796 2
253501 2
184747 1
191960 1
184706 1
206434 2
206808 1
206423 2
080223 2
244471 2
025484 0
191952 1
208579 1
253425 2
192027 1
253354 2
253449 2
253502 2
253558 2
253571 2
253576 2
253600 2
253602 2
253675 2
253701 2
253557 2
253570 2
253575 2
210756 1
233435 2
201813 1
141618 0
202794 1
242624 2
196270 2
229701 2
225400 2
258244 1
201733 2
184695 2
250887 2
243208 1
183845 2
199799 1
197534 1
206698 2
242947 2
275029 2
183853 1
257917 2
108832 1
224535 2
275040 2
197450 1
243857 1
210965 2
240501 2
256022 1
199800 1
257243 1
257343 1
210748 2
108911 1
256099 1
229632 2
287168 2
257272 1
187602 2
203074 0
108912 1
109176 1
108880 1
255936 1
109198 1
109210 1
275063 2
229964 2
287669 2
229876 2
243843 1
228781 1
258502 2
234372 2
197440 1
228910 1
206720 2
202237 1
275249 0
202384 1
234371 2
227462 1
206709 2
202398 0
227546 0
256767 2
256770 2
203076 2
203072 2
243497 1
255060 1
265042 1
200003 1
015242 0
243496 1
243559 1
234290 1
258373 2
017574 2
208546 2
199226 1
254881 0
243558 1
234289 0
199222 1
258357 2
243401 1
243811 1
243818 1
201638 1
243779 1
202344 1
243780 1
101493 1
243561 0
243402 1
251938 0
199153 1
243834 1
201964 1
243862 1
208051 1
201963 1
199160 1
199154 1
244423 1
244426 2
244436 2
250338 1
199156 1
199967 1
237379 2
201958 1
115184 0
244365 1
244367 1
244366 1
244353 2
244261 2
250339 1
237336 2
237378 0
244363 1
244136 1
202262 1
244425 2
136116 0
244143 1
244341 1
257428 0
244732 0
208975 1
271664 2
274359 0
271663 2
208007 1
254637 1
282970 0
262867 1
262872 1
208029 1
208997 1
194468 0
208018 0
128478 1
128627 1
258430 0
206797 1
209712 0
207204 1
263682 0
001554 1
205619 0
019075 1
155811 1
187674 0
243826 0
146539 2
201516 0
070171 2
103344 2
262174 0
070147 2
103320 2
070150 2
103323 2
243186 1
281992 0
209030 1
202633 0
256345 0
127751 0
199482 1
199458 1
199483 1
199558 1
210885 0
199502 1
208414 1
203070 0
208678 1
200471 0
244502 1
202689 1
028839 0
229135 0
226922 1
253569 0
256551 1
230124 0
199644 0
228782 1
228911 1
067843 1
032000 1
240791 0
031977 1
067839 1
067812 1
064349 1
080833 1
241117 0
226161 1
226164 0
197170 0
282164 2
202334 1
088010 1
080961 1
190565 0
202363 2
250646 0
204245 1
113760 0
255270 0
256168 0
086685 0
261667 0
253926 0
199236 0
145487 0
261453 0
243528 0
275809 0
229871 1
256433 0
229824 0
224627 0
233644 0
210852 0
276132 0
030165 0
148897 0
226560 0
094059 0
202796 0
207754 0
238027 0
265927 0
229820 0
132183 0
153111 0
267467 0
206885 2
208986 0
215600 0
115627 0
243756 0
165298 0
124627 0
235280 0
234399 0
209668 0
165336 0
208062 0
057897 0
160194 0
124470 0
235994 0
258440 0
035546 0
112197 0
098618 0
176461 0
048852 0
244070 0
025686 0
239616 2
288705 0
239624 0
243812 0
230075 1
261392 0
164410 0
152740 0
257421 0
226626 0
192326 0
205763 0
190683 0
010964 0
196217 0
287271 0
277026 0
261530 0
160098 0
244435 0
229250 0
256173 0
060785 0
035312 0
261579 2
163117 0
195561 0
230706 0
256783 1
256772 0
256803 0
261575 0
258446 0
123878 0
222775 0
009663 0
251950 0
274400 0
242472 0
168665 0
287843 0
190527 0
215569 0
164877 0
033087 0
032096 0
000512 0
275199 0
035701 0
261671 0
254225 1
023279 0
254170 1
254169 1
254186 1
254165 1
281926 0
226411 0
185881 0
231301 0
076977 0
193753 0
226867 0
210877 0
256434 0
111790 0
134346 0
275521 0
267709 0
261580 0
253574 1
285025 0
240550 0
152484 0
193849 0
262084 0
261447 0
226559 0
141604 0
145335 0
197176 0
187662 0
256816 0
270363 0
116886 0
215603 0
223113 0
200523 0
017160 0
229269 0
269513 0
257456 0
261528 0
268222 0
208535 0
025463 0
022023 0
230201 0
119306 0
256403 0
124950 0
204211 0
256432 0
195764 0
285761 0
171232 0
283607 0
153174 0
133558 0
188960 0
261287 0
203057 0
258925 0
075559 0
193521 0
164314 0
241077 0
169041 0
202795 0
116341 0
006558 0
255691 0
163167 0
230551 0
283122 0
184519 0
230040 0
278452 0
058907 0
255352 0
229279 0
188426 0
176462 1
235623 0
176460 0
176458 0
176447 1
225367 0
127563 0
278107 0
253780 0
160173 0
284512 0
115447 0
263418 0
168927 0
274418 0
229146 0
282863 0
124354 0
115531 0
199251 0
170811 0
255938 0
052216 0
055705 0
030168 0
127602 0
065456 0
156930 0
028037 0
124148 0
253995 0
146493 0
127390 0
263740 0
269452 0
228488 1
256575 0
153142 0
257594 0
272517 0
275543 0
202288 0
243832 0
162641 0
288706 0
288572 0
198359 0
206541 0
004761 0
226645 0
131906 0
252080 0
226845 0
273104 0
195625 0
220390 0
163765 0
235616 0
276412 0
