198719 1
198743 0
198677 0
198852 1
198733 0
198856 1
198776 1
198707 1
015646 1
149512 1
198892 1
149515 2
108254 0
198902 1
198801 1
198704 1
198705 1
198933 1
199190 1
198966 1
198738 1
198721 1
198730 1
198751 1
198710 1
198769 1
198874 1
198742 1
198726 1
198844 1
198786 1
198771 1
198765 1
198668 1
198732 1
198660 1
199493 1
198669 1
198739 1
198945 1
200604 1
198968 1
198783 1
198976 1
198683 1
199159 1
198814 1
198754 1
198896 1
198768 1
198816 1
200570 1
200569 1
198789 1
198939 1
198688 1
198712 1
198784 1
198835 1
199496 1
198663 1
200514 1
198686 1
198793 1
200574 1
198666 1
198845 1
198756 1
198667 1
198944 1
210839 1
198706 1
202176 1
198782 1
199166 1
200601 1
198791 1
200605 1
147618 2
198973 1
165031 1
198781 1
198731 1
198823 1
198713 1
199183 1
198718 1
147617 2
202147 1
199200 1
199161 1
147606 1
200753 1
198728 1
200573 1
198757 1
200516 1
147619 2
198711 1
198822 1
198689 1
065796 1
198794 1
198761 1
200608 1
074804 1
198795 1
198796 1
149596 1
147588 1
200815 1
149860 2
198674 1
065794 2
241507 1
149876 1
255353 1
198837 1
198785 1
049954 1
199459 1
165021 1
065792 1
198762 1
199517 1
149852 1
049866 1
149597 1
077635 1
049818 1
150677 1
150681 1
198770 1
206918 1
150679 1
150658 1
199529 1
198792 1
159218 2
078546 1
198700 1
241515 1
198682 1
199384 1
199367 1
202185 1
150985 1
159230 1
223669 1
150690 1
149938 1
149937 1
199471 1
198729 1
198790 1
082062 1
202212 1
199387 1
278854 2
077586 1
057016 1
049348 1
199369 1
039964 1
082239 1
035579 1
052221 1
082331 0
049514 1
256989 1
152566 1
152579 1
028902 0
200249 1
074522 1
074591 1
243522 1
165418 1
082060 1
077469 1
220642 1
074917 1
149600 1
074853 1
074854 2
046248 1
075495 1
198780 1
074962 1
200289 1
080088 1
091169 1
065672 1
049860 2
075528 1
082763 0
200290 1
074945 1
198797 1
046252 2
082705 1
046247 1
069040 1
075117 2
075559 1
045899 2
075269 1
220375 1
198504 1
198506 1
050055 1
082601 1
016625 0
045909 1
082435 1
083394 0
043983 1
051331 1
043986 2
043998 1
075477 1
086516 1
078602 1
164824 1
056643 1
065582 1
150111 1
078063 2
098370 1
042551 1
039946 1
015582 2
052116 1
068155 1
198722 1
039926 1
075554 1
199750 1
162339 0
052126 1
198760 1
199755 1
162241 1
153322 1
145570 1
057843 1
221164 1
056583 0
046624 1
148148 0
057296 1
149540 1
165001 1
046394 2
224243 0
045815 1
075697 1
200231 1
039513 0
160306 2
153874 1
275872 0
160355 1
015658 1
199770 1
272453 1
199850 1
015639 2
149553 2
149523 2
067765 0
272462 1
025719 1
065764 1
161083 1
091844 2
091881 1
161046 1
225005 0
161048 2
161042 1
272105 1
158664 1
065828 0
011450 1
223496 1
039503 2
176786 0
009983 1
024710 0
096368 1
096172 1
050899 2
198111 1
199163 1
227990 1
228092 1
198369 0
198044 1
050900 1
267862 2
267773 1
046354 1
039779 0
046316 1
218106 1
203736 1
203752 1
205181 1
272415 1
039713 1
277408 1
046279 1
149342 0
272539 2
046277 2
163815 1
160378 1
239837 1
199365 1
205179 1
199362 1
277452 0
199358 1
065974 0
163831 1
240568 0
058863 1
277394 1
277398 2
277409 2
126814 1
152443 1
045119 1
270306 1
134025 0
044663 2
271668 1
272024 2
271981 1
161689 1
161690 1
266942 2
062808 1
266890 1
062805 2
082203 1
062772 1
087470 1
282375 0
062814 1
068938 1
141690 0
068942 1
068966 1
068954 1
065227 1
065239 1
065243 1
065258 1
065270 1
271851 1
082265 1
271909 1
272106 1
102032 1
067594 1
244264 0
064953 0
067631 1
079292 1
050873 2
160573 0
050812 2
067658 0
045701 1
276250 1
085197 1
100779 1
068816 1
272023 1
085698 0
276302 1
045673 1
100760 0
045628 1
099317 0
022326 1
086281 1
086247 1
086195 1
085893 1
028660 1
158919 1
222245 2
084146 1
085127 1
222239 1
050237 1
198716 1
085188 1
051393 0
085195 1
081228 1
081202 1
051318 1
051308 0
085857 0
092873 0
050451 1
023070 2
023069 1
023071 1
023096 1
023097 1
001457 0
050455 1
050306 1
049397 0
050919 0
045979 1
000796 1
099700 1
198295 0
045936 2
100175 0
046181 2
107927 0
046164 1
046167 1
046163 2
046241 1
158891 0
046168 1
273017 1
046104 1
084018 0
242332 0
046427 1
075744 0
050801 0
021070 0
198725 1
022318 0
079435 1
098003 1
092908 0
098690 1
191632 0
098526 1
099409 1
099701 1
108864 0
094573 0
226128 0
089928 2
086204 2
086201 2
086202 2
201559 1
199849 1
023377 0
089897 1
189195 1
099041 0
189117 0
182577 0
199251 0
039749 0
167918 0
041481 1
116446 0
012776 0
047439 0
015831 0
220661 0
198701 1
252126 1
003876 0
163657 1
225423 0
202237 0
250289 0
277120 1
223329 0
161346 0
023633 0
180737 0
188383 0
057023 0
259819 0
015508 0
022353 1
136198 0
022349 2
199363 1
045278 0
024051 0
133175 0
162065 0
023183 1
049706 0
024794 0
099343 0
015677 0
149643 0
116051 0
057266 0
284322 0
034274 0
023086 0
087883 1
037275 0
076262 1
083306 0
066406 1
080529 1
092043 0
064277 1
088975 0
064578 0
080176 0
198827 1
050457 0
198799 1
017545 0
219938 0
135219 0
004883 0
027356 0
134625 0
213492 1
149266 0
213495 1
213821 1
213310 1
226569 1
221855 0
091351 0
165964 0
085327 0
219986 0
093951 0
263992 0
047277 0
058095 0
127161 0
024423 0
078313 0
187479 0
130467 0
088091 0
156230 0
115684 0
220003 0
045384 0
025634 0
163458 0
210756 0
028944 0
144847 0
101991 0
040390 0
239620 0
264932 0
260154 1
260156 2
223555 0
260159 2
260162 1
260152 2
260155 2
260157 2
260160 2
260163 2
260158 1
270222 0
260161 1
276626 0
238563 0
276625 0
074725 1
025396 0
267055 0
278375 0
046101 1
228520 0
046268 1
038202 0
263175 0
189524 0
017300 0
112112 0
278376 0
140034 0
024723 0
077305 0
059414 0
077780 2
113727 0
124429 0
165265 0
221177 0
064073 0
075135 0
020936 0
046225 0
044167 0
240398 0
267143 0
149349 0
065159 0
236514 0
224059 1
016245 0
282205 0
089730 0
108534 0
277416 1
252776 0
081489 0
016373 0
056705 0
170069 0
130589 0
123488 0
004039 0
089312 0
277534 0
076927 0
049475 0
084617 0
266635 0
083326 0
180948 0
021523 2
019929 0
021389 0
014473 0
199202 0
007052 0
100449 0
240097 0
020134 0
286793 0
273302 0
100572 0
046263 0
053275 0
078184 1
050885 2
128476 0
078180 1
050887 1
078177 0
078158 0
141334 0
136788 0
284685 0
068443 0
222207 0
157981 0
269275 0
049389 0
045137 0
022139 0
026775 0
092787 0
197761 0
078142 0
045085 0
153312 0
048952 0
095225 0
083261 0
045478 0
132948 0
266315 0
162642 0
226152 0
079051 0
235852 0
116031 0
068946 0
098892 0
048199 0
003298 0
240835 0
021637 0
278371 0
085695 1
012080 0
280923 0
047817 0
098949 0
031121 0
142957 0
224998 0
179025 0
226418 0
077785 0
019080 0
271241 0
085072 0
018479 0
272265 0
244286 0
004105 0
276529 0
178238 0
016469 0
149602 0
003870 0
197776 0
040866 0
243572 0
039751 0
070002 0
039885 0
244273 0
164066 0
050307 0
112748 0
007396 0
190878 0
262854 0
092961 0
051426 0
155942 0
148045 0
149375 0
095984 0
272551 0
035351 0
115116 0
024695 0
115822 0
024770 0
269014 0
048847 0
201560 0
023834 0
164808 0
051214 0
028055 0
020723 0
038148 0
025897 0
130439 0
129642 0
242292 0
277118 1
194813 0
242533 0
083407 0
260392 0
201146 0
098177 0
112303 0
094592 0
284926 0
126445 0
287112 0
271374 0
193926 0
218489 0
144981 0
270397 0
021084 0
159961 0
075852 0
046699 0
203074 0
093167 0
129410 0
056989 0
267088 0
089725 0
015721 0
047495 0
276414 0
281694 0
108515 0
025188 0
078295 0
188144 0
189118 0
025744 0
155989 0
086269 0
050824 0
219306 0
063150 0
051251 0
084643 0
039708 0
180745 0
151260 0
120998 0
036796 0
050116 0
045791 0
182598 0
266892 0
146158 0
029215 0
171805 0
136996 0
049932 0
092306 0
052582 0
033078 0
076297 0
145162 0
155748 0
222822 0
236641 0
278374 0
238767 0
162162 0
161628 0
021401 0
127751 0
003502 0
143573 0
227463 0
083085 0
079998 0
168977 0
024371 0
039079 0
162594 0
288234 0
177107 1
078297 0
177096 0
078132 0
279363 0
141848 0
036376 0
244271 0
273538 0
042067 0
092099 0
177699 0
281583 0
083205 0
023365 0
228504 0
128757 0
116408 0
146534 0
022309 0
067443 0
219929 0
156627 0
156228 0
099051 0
060898 0
198310 0
149358 0
096160 0
167919 0
045514 0
041763 0
220680 0
011165 0
164518 0
092177 0
227606 0
043603 0
243578 0
099288 0
096993 0
165726 0
128542 0
259791 0
024836 0
194835 0
045809 0
066837 0
274168 0
024766 0
150245 0
004708 0
138653 0
168145 0
239586 0
059304 0
288615 0
060360 0
046849 0
273051 0
083300 0
038144 0
046158 0
239585 0
120647 0
124585 0
022142 0
156909 0
276528 0
243510 0
109321 0
042709 0
270770 0
025219 0
044101 0
226181 0
271065 0
038252 0
229017 0
092784 0
134662 0
050948 0
075569 0
146092 0
159904 0
019670 0
069126 0
083204 0
038338 0
141685 0
095971 0
176785 0
010627 0
034867 0
063946 0
169307 0
196074 0
264828 0
023359 0
222877 0
113213 0
255811 0
219968 1
116072 0
076868 0
270635 0
202352 0
155392 0
262917 0
064276 0
044146 0
100341 0
129415 0
012899 0
050717 0
130521 0
146224 0
160271 0
224941 0
050091 0
282177 0
075088 0
281837 0
267077 0
190480 0
100462 0
108284 0
283004 0
160550 0
008126 0
020341 0
057267 0
074724 1
148709 0
098708 0
098549 0
024906 0
108547 0
117615 0
030668 0
242314 0
