044384 1
044349 1
044314 2
209902 1
044601 1
043765 1
242413 0
044602 2
044616 1
045920 1
035123 1
041639 2
046014 2
205162 1
044821 1
046466 2
040755 1
045916 2
046546 1
207646 1
044599 1
046049 1
045973 1
035773 1
040898 1
036104 1
035765 1
044291 1
045324 1
041632 2
045965 1
045511 1
044698 2
046519 1
037794 2
044617 1
088107 1
035860 2
204479 1
040752 1
035849 1
044368 1
046514 2
036135 1
045318 2
037793 1
044899 1
035908 2
036140 2
036111 2
035861 2
044689 1
040901 1
205166 1
040982 1
035759 1
040949 2
036308 1
035748 2
051755 1
044738 2
207658 1
044736 1
044578 2
036275 1
035675 2
045014 1
035766 1
044939 1
045708 1
044737 1
035711 2
044732 2
035851 1
045435 2
044157 2
205164 1
035797 1
044936 1
044680 1
045891 1
044989 2
035900 1
045896 1
035757 1
035786 2
044642 2
044756 2
044445 2
036141 1
044442 2
044638 2
044585 1
035755 1
044780 2
044264 1
040929 1
217209 0
035785 1
035906 2
035832 2
035903 2
035872 2
035788 1
035838 1
040928 2
035843 1
035902 2
035981 1
035806 1
044731 1
035792 1
044633 2
035760 1
035756 1
036340 1
035824 2
037314 2
041577 2
035817 2
035674 1
041594 1
036034 1
044643 2
035758 1
035676 2
044745 1
035783 1
218004 1
035842 1
044408 2
044746 1
045358 1
044634 2
044332 1
044775 2
035918 1
036136 1
036142 1
044739 2
035867 2
035699 2
044891 1
035919 1
046594 2
045889 2
044759 2
044511 1
040900 1
044762 1
044882 2
044748 1
035904 2
045356 2
044327 1
037242 1
035873 2
044933 1
044001 2
044716 1
044721 1
044558 1
209417 1
046489 2
044733 2
044474 1
044740 1
046293 2
044582 1
044593 1
044632 1
040792 1
044591 2
045231 2
039568 2
046117 2
045845 2
046355 1
045862 1
044254 2
040822 2
045854 1
039995 2
036131 2
046476 1
205151 1
044239 1
044503 1
045857 1
044253 1
035787 1
046502 2
045468 1
046493 2
044315 2
040751 2
046459 1
041014 2
205765 1
044468 2
036123 1
040937 1
044537 1
036702 2
035859 2
045982 2
045234 1
044743 1
046509 1
036372 2
044835 1
035935 2
043995 2
035937 1
050961 1
044525 1
040936 1
040816 2
035831 2
041119 2
044064 1
043895 1
044678 1
101760 0
045425 2
046409 2
035948 1
035879 2
045983 2
044579 2
044524 1
041480 1
036013 1
040902 2
040932 1
045241 2
046411 2
044323 1
044278 1
035777 1
045536 1
046375 1
035925 1
041536 2
035926 2
035846 1
044520 1
040905 1
035863 2
037685 2
041626 1
046491 2
045623 2
035752 2
044220 1
045296 1
036242 1
035888 2
035951 1
046379 2
045319 1
045307 2
044268 2
040962 1
045928 1
035878 2
035978 2
044160 2
214288 1
045117 2
040915 1
044906 1
044473 2
045698 2
214463 1
035912 2
044692 1
215119 1
046462 2
045268 2
209846 1
035790 1
036738 2
042260 2
044273 1
217289 1
045443 2
037675 1
035776 1
036098 1
044561 1
036000 1
049302 1
044032 2
044498 1
040793 2
044162 2
035778 1
044777 1
045998 1
035956 1
208357 1
044002 2
049306 1
035922 2
046461 2
042358 2
044568 2
042840 2
044767 1
045489 2
041306 1
048134 1
045999 1
036765 2
051516 1
044405 1
040783 2
044577 2
205156 1
045487 1
054578 1
264818 1
037065 1
214961 1
046047 1
045624 1
045473 2
044549 1
035933 2
043900 1
045692 1
044747 1
044614 1
040975 2
209446 1
035929 2
040903 2
044536 1
044688 1
041394 1
205767 1
045727 2
044613 1
216389 1
044223 1
040819 2
050685 2
044735 1
264847 1
264831 1
207060 1
044307 1
051339 1
044581 2
044039 1
046288 1
041388 1
041026 1
044626 1
051148 2
046337 1
036907 1
048904 1
044851 2
036748 1
218332 1
044730 1
044387 1
044685 1
044781 2
051325 2
051742 1
201226 1
040892 1
046198 1
044375 1
045501 1
035853 1
044636 2
044600 1
035841 1
205282 1
044584 1
036325 2
215467 1
217907 1
044677 1
044717 1
044755 2
037447 1
044603 2
044203 1
044789 1
035791 1
044703 2
035384 1
051064 2
044419 1
203894 1
051482 1
045758 2
044357 1
036160 2
059415 1
035744 1
035304 1
044149 0
045619 2
049892 2
045488 2
035286 1
037146 2
035283 1
043977 1
045955 1
045532 2
044351 2
044644 2
040916 1
035649 1
059086 1
045367 1
044705 2
035934 1
213276 1
044571 1
051517 1
045163 1
049889 1
044587 1
043922 1
044606 1
207006 1
045351 2
040907 1
214705 1
218408 1
043908 2
044955 1
044256 2
040821 1
043932 1
035927 1
044741 1
051333 1
051744 1
050892 1
044992 2
044592 1
044098 2
045248 1
110530 1
206535 1
044310 1
212460 1
110561 1
044280 2
051338 1
040934 1
045178 1
043982 1
215570 1
205560 1
037528 2
044605 1
212029 1
044589 1
044353 1
036990 2
050886 1
045954 1
044801 1
217387 1
044374 1
037880 1
044129 1
046196 1
037033 1
036652 1
040935 1
140935 0
044734 2
037902 2
044008 2
037052 1
036978 1
036663 1
037445 1
036683 1
044552 1
045689 2
044648 1
045024 2
045533 1
051042 1
044434 1
110569 1
037924 2
212661 1
217389 1
036375 2
050766 1
044649 1
044430 1
037779 1
035833 2
051519 1
044272 1
044518 1
044586 1
048451 1
035789 0
044195 2
044197 2
044559 1
044509 2
213628 1
037106 1
214352 1
218949 1
037213 1
205461 1
219480 1
218016 1
218217 1
205173 1
218177 1
203822 1
044366 2
045177 2
210344 1
044693 1
065434 0
044391 2
209847 1
044495 2
044631 1
214958 1
214960 1
044402 2
037306 2
045801 1
037231 1
081180 1
215268 1
217334 1
148724 1
051066 1
206495 1
044506 1
209365 1
060586 1
035923 2
051514 1
216276 1
079475 1
208240 1
217902 1
163893 1
044048 1
209788 1
203999 1
051605 1
051664 1
036048 1
109397 1
046276 1
210560 1
046361 1
046414 1
204592 1
044838 1
036561 1
062819 1
039423 2
258468 1
210107 1
213889 0
163872 1
062813 1
258524 1
210290 1
163071 0
208572 1
209430 1
036558 1
215154 1
206342 1
036085 2
044163 2
035735 1
164572 0
044389 1
203427 1
046102 2
035839 1
034661 1
035921 1
205039 1
216044 0
046153 1
138040 0
045526 2
045703 1
037467 1
060535 1
208545 1
044691 1
044742 1
044687 1
045818 1
045582 1
205207 1
036186 2
045593 2
044588 1
045005 1
113250 1
044770 1
108793 0
044580 2
019662 0
044118 1
040802 1
203956 1
051515 1
043876 1
044003 2
046418 1
044595 1
051554 2
044262 1
045164 1
205296 1
045148 1
044152 1
040779 1
044358 1
205445 1
205740 1
045201 1
075763 1
044004 1
045817 1
204946 0
045152 1
044007 2
051173 1
201991 1
045513 2
007782 1
099315 0
051147 1
021652 0
049256 1
210265 0
043962 1
044270 1
286304 1
045420 1
212784 1
044501 1
051558 1
066382 0
045431 2
044726 1
048544 0
045505 1
218888 1
204302 1
217852 0
204467 1
217761 1
050533 0
217770 1
217784 1
219010 0
003860 0
075688 1
086867 1
161996 0
075683 1
086368 1
035916 1
050921 1
040754 1
044596 2
261822 0
044618 1
015594 0
005425 1
037047 1
045816 0
168396 1
035796 2
044681 1
212092 0
218368 1
169219 1
044248 0
039647 1
048419 1
038656 1
036267 1
037067 1
051506 2
038683 0
036263 1
036268 1
051145 2
036490 1
048832 1
215487 1
035920 1
204176 1
204121 1
217498 0
204122 1
204404 1
204171 1
204172 1
204174 1
204175 1
217935 0
131314 0
208939 0
044702 1
035714 2
035784 1
035818 2
090123 1
204522 1
037310 0
044700 2
090141 1
037639 0
044902 0
054072 1
273746 0
014207 1
218882 0
043939 0
044097 1
207066 1
203246 0
043972 2
016007 0
182937 0
080617 0
219876 1
218230 0
205506 1
045497 2
077418 0
036250 1
045021 2
044020 2
044683 1
043821 1
044948 1
206669 1
207796 0
043815 1
043816 1
043805 1
044104 1
212978 1
213483 0
113470 0
044650 1
205303 0
086482 1
048614 2
035866 2
086468 1
044572 1
099508 0
044570 1
044564 1
020010 0
044563 1
216895 0
051340 0
116080 0
039121 2
109039 1
091114 0
109054 1
038839 1
040395 0
050891 1
044620 1
121160 0
044597 1
039413 1
045757 1
038810 0
044630 0
044547 2
210051 1
209064 1
209651 1
209168 1
209032 1
209663 1
209174 1
209759 1
267825 0
210099 1
210292 1
218944 0
045964 0
036599 0
114986 1
050371 0
051330 0
204594 1
023285 0
204701 1
044679 1
062794 0
036071 1
000444 0
204576 0
035870 2
114841 0
035805 1
090513 0
191876 0
218354 0
084332 0
101771 0
212952 0
218483 0
042887 0
049010 0
078716 0
023130 0
274728 0
044145 1
207637 0
187827 1
051505 1
051501 0
203775 0
088254 0
264813 0
059403 1
211252 0
220596 0
209495 1
037589 0
209996 0
024284 0
082315 0
049330 0
044085 0
037696 0
035656 0
204952 1
191209 0
044455 0
259087 0
046453 0
262524 0
204032 1
214953 1
045754 0
132533 0
046371 1
210399 1
045038 0
211719 0
044690 1
217379 0
216602 1
203660 0
152118 0
215403 0
216470 0
205137 0
023377 0
051086 1
043992 1
044261 1
037122 0
135413 1
045326 0
027120 0
029006 0
041627 0
037564 1
068729 0
276131 0
217769 0
203272 0
112268 0
260131 0
037819 0
040039 2
117866 0
220826 0
044672 0
205200 0
024295 0
021726 0
044567 1
217113 1
066157 0
216252 1
216612 1
204114 0
217562 1
217680 0
209519 0
203930 0
242137 0
219357 1
079520 0
036760 0
203283 0
115109 0
116172 0
000269 0
022325 0
205502 0
176095 1
044065 2
043358 1
048305 0
044086 0
050684 2
036906 1
044482 0
175199 1
209844 0
044066 0
043935 2
219502 0
162117 1
199477 0
119297 0
078277 0
134910 0
218583 0
210139 0
046570 1
041712 0
045357 1
091654 0
041352 1
044147 1
003705 0
043951 2
051036 0
269010 0
217756 0
013547 0
211016 0
127989 0
116077 0
215231 0
001828 0
213240 0
058548 0
117311 0
039694 0
040914 1
044047 0
040791 2
035708 1
042546 1
203851 0
042568 0
274612 0
127095 0
210537 0
078995 0
222063 0
044226 1
035885 1
078274 0
045927 0
107691 0
038093 0
036301 0
274608 0
214566 0
123007 0
091214 0
269717 0
057069 0
207230 0
268198 0
112155 0
019358 0
034643 0
056644 1
092439 0
057367 1
205148 0
027253 0
046273 0
034949 1
239573 0
044069 0
035244 1
163830 0
040247 0
033364 0
175423 0
209973 0
081677 0
090692 0
021747 0
000629 1
099427 0
006789 1
075035 0
011233 0
035819 0
204137 1
183281 0
016214 0
110678 0
044697 0
267282 0
107987 0
056144 0
203688 0
206103 0
034046 0
044112 1
035556 0
204798 0
214267 0
280816 0
163311 0
079060 0
078797 0
167966 0
023924 0
085781 0
041937 0
217347 0
009297 0
214672 0
283061 0
218005 0
152077 0
037882 0
039440 0
211082 0
195765 0
080076 0
266958 0
152436 0
081149 1
157731 0
208550 1
035284 1
035287 1
035305 1
035314 1
035385 1
035421 0
035430 0
090577 0
068204 0
213400 0
051409 0
253050 0
012932 0
218200 0
038195 0
032728 0
087015 0
136367 0
116349 0
035313 0
174925 0
047662 0
045658 0
219107 0
037389 0
041020 0
012258 0
218122 1
137014 0
217463 1
216304 0
214800 0
243840 0
201005 0
005767 0
035488 0
216691 0
055703 0
044316 0
244844 0
263631 0
081696 0
049164 0
028750 0
162432 0
267436 0
213217 0
218764 0
145793 0
099801 0
020562 0
001711 0
217274 0
076521 0
204294 0
214137 0
280800 0
042194 0
268161 0
000401 0
094411 0
023136 0
018465 0
036963 0
109323 0
014916 0
218082 0
215326 0
217859 0
113504 0
113801 0
092557 0
201178 0
043948 0
204448 0
204101 0
195086 0
090964 0
077384 0
022508 0
143584 0
219497 0
035165 0
011288 1
288108 0
090705 0
009755 0
046694 0
021527 0
208222 0
077875 0
208794 0
052748 0
130954 0
213544 0
037206 0
029059 0
046550 0
203704 0
045782 0
216074 0
135141 0
193903 0
079865 0
037634 1
236904 0
019273 0
213561 0
158155 0
088248 0
110430 0
048244 0
222713 0
044209 0
068480 0
183711 0
203373 0
217690 0
044886 0
287462 0
036543 0
214064 0
115688 0
018732 0
093877 0
208804 0
077961 0
046258 0
156395 0
086565 0
204198 0
003654 0
214302 0
159264 0
281095 0
023173 0
169842 0
043538 0
109646 0
015607 0
116902 0
118828 0
038237 0
206822 0
074524 0
203677 0
058733 0
213490 0
218847 0
275438 0
211420 0
198767 0
213085 0
088880 0
008262 0
257948 0
082320 0
113997 0
209638 0
014059 0
093308 0
037695 0
079131 0
218425 0
281326 0
269077 0
258491 0
043124 0
204577 0
012468 0
043773 0
215106 0
085071 0
216658 0
029979 0
037279 0
115548 0
204126 0
097624 0
205497 0
045562 0
118010 0
213513 0
016748 0
021182 0
043600 0
008187 0
110417 0
050918 0
213009 0
015752 0
027513 0
023248 0
269698 0
134417 0
215229 0
217883 0
219824 0
235399 0
045182 0
067803 0
142956 0
029003 0
041668 0
116189 0
044458 0
008998 0
042670 0
037391 0
045180 0
109554 0
207372 0
069147 0
203492 0
093575 0
216149 0
155692 0
033689 0
204188 0
135289 0
035989 0
050376 0
156684 0
001185 0
175874 0
036797 0
269329 0
019240 0
212097 0
044087 0
033988 0
220885 0
168337 0
023450 0
218307 0
096345 0
217344 0
041219 0
210231 0
005018 0
216036 0
218823 0
058926 0
222307 0
022278 0
077520 0
032588 0
162676 0
203518 0
097746 0
212334 0
115622 0
203694 0
087709 0
010494 0
214732 0
093363 0
193760 0
071527 0
213125 0
118184 0
049337 0
268431 0
220424 0
223263 0
158810 0
029268 0
267801 0
079001 0
036982 0
208706 0
118636 0
168538 0
020299 0
277986 0
098530 0
213917 0
099378 0
045390 0
037798 0
130008 0
207725 0
021602 0
022548 0
079055 0
205843 0
128533 0
214314 0
217674 0
033303 0
088467 0
030218 0
045499 0
205398 0
168498 0
266977 0
164312 0
099683 0
012356 0
216489 0
021557 0
078870 0
119520 0
206182 0
068434 0
209463 0
261825 0
219620 0
050962 0
224262 0
173501 0
203433 0
212307 0
206859 0
055563 0
046299 0
108253 0
098524 0
032127 0
001140 0
231726 0
289164 0
216514 0
210555 0
056634 0
204720 0
092914 0
089085 0
050608 0
203476 0
062389 0
204980 0
021736 0
024246 0
040585 0
123352 0
051544 0
007438 0
009287 0
029226 0
219130 0
191332 0
205276 0
216663 0
042131 0
028119 0
216313 0
050709 0
084731 0
067840 0
042013 0
244957 0
022056 0
202925 0
218974 0
099185 0
066149 0
285877 0
215553 0
036749 0
199627 0
196949 0
221378 0
011195 0
118385 0
071253 0
204989 0
207171 0
092150 0
214349 0
035938 0
239727 0
248979 0
044715 2
265355 0
044720 1
164412 0
005746 0
035807 0
044714 0
124321 0
216570 0
222336 0
217401 0
194354 0
078713 0
223443 0
045104 0
209739 0
045838 0
138694 0
259233 0
094323 0
044266 0
044971 0
057965 0
203335 0
215941 0
090436 0
115290 0
022049 0
224798 0
206457 0
205759 0
125035 0
264833 0
155589 0
191218 0
043933 0
050681 0
203572 0
163971 0
181529 0
036897 0
039805 0
002342 0
020202 0
215932 0
187624 0
212906 0
008670 0
052067 0
050386 0
097559 0
011371 0
000495 0
044862 0
240053 0
023213 0
037048 0
216904 0
007552 0
167326 0
068070 0
005484 0
076497 0
163756 0
035420 0
044144 0
164061 0
287832 0
046300 0
227537 0
133501 0
079508 0
219755 0
128785 0
001903 0
203754 0
084321 0
163504 0
208938 0
010140 0
273748 0
115466 0
209659 0
222234 0
044500 0
025274 0
256198 0
044082 0
019342 0
137017 0
225116 0
098512 0
045467 1
214194 0
018324 0
206146 0
082531 0
046441 0
288320 0
216656 0
039083 0
044044 0
205424 0
038351 0
209644 0
048767 0
219295 0
045855 0
271413 0
036759 0
197710 0
036540 0
021995 0
115099 0
164001 0
012599 0
218365 0
217574 0
209886 0
222280 0
132391 0
114519 0
010485 0
156496 0
079233 0
209755 0
214261 0
119397 0
058587 0
046463 0
035623 0
117183 0
049403 0
217964 0
206824 0
200747 0
040573 0
215915 0
023326 0
191399 0
107998 0
066553 0
269033 0
197436 0
037791 0
268176 0
075874 0
036828 0
000162 0
005184 0
176609 0
268923 0
116068 0
145792 0
021583 0
213292 0
219520 0
088302 0
042302 0
035303 0
128157 0
212623 0
204600 0
262196 0
209046 0
056162 0
219033 0
174699 0
031282 0
164501 0
078021 0
037221 0
035554 0
022153 0
289478 0
268557 0
087372 0
097914 0
162207 0
068947 0
000395 0
210993 0
202850 0
202546 0
266761 0
244908 0
127154 0
036060 0
206014 0
216573 0
023179 0
007737 0
134773 0
090602 0
222861 0
116950 0
200422 0
037836 0
203441 0
289907 0
212522 0
207568 0
032754 0
114452 0
022838 0
162727 0
078001 0
220979 0
116163 0
225603 0
049062 0
078679 0
212682 0
046671 0
082079 0
204405 0
088247 0
016955 0
205536 0
077239 0
062629 0
077370 0
008934 0
202907 0
088255 0
218114 0
214373 0
169843 0
044159 0
123008 0
076344 0
145654 0
169623 0
261736 0
217781 0
033759 0
220829 0
045348 0
116160 0
012734 0
240967 0
048876 0
152099 0
035285 0
219165 0
267770 0
169230 0
280817 0
268307 0
091785 0
081680 0
123265 0
029452 0
078774 0
131312 0
167562 0
215123 0
068578 0
018009 0
205753 0
210497 0
046433 0
214928 0
214457 0
283074 0
045080 0
022709 0
090947 0
209197 0
068338 0
090476 0
215981 0
037544 0
217675 0
095447 0
052734 0
173604 0
139580 0
120384 0
043958 0
028671 0
149655 0
022746 0
015901 0
032683 0
080707 0
095948 0
142174 0
138041 0
210616 0
023347 0
045255 0
114393 0
065087 0
218863 0
037742 0
114791 0
262796 0
218538 0
137825 0
218814 0
217339 0
