051099 2
054715 0
059396 0
053703 0
054720 2
052712 0
054675 0
056226 0
053228 2
054407 0
053170 0
053013 0
052140 2
052771 2
056808 2
052129 2
057093 2
055146 2
052269 2
052268 2
052537 2
052724 2
054097 2
048663 2
055463 0
052516 2
056529 1
048456 2
055101 0
057335 2
057019 2
052800 2
053293 2
054896 2
054926 2
054002 0
052755 2
057138 0
053001 0
054884 2
054916 0
055599 2
054331 2
055287 2
053285 2
053200 2
056866 0
055087 2
053015 2
054761 2
053627 0
054869 2
055216 0
050224 2
056182 2
056511 2
056622 2
056492 2
055291 2
054202 2
055486 2
053602 2
054487 2
056680 2
054895 2
052932 2
053243 2
051031 2
056744 2
057372 2
163108 2
054808 2
047658 2
056361 2
055991 2
056486 2
046870 2
055438 2
054682 2
055488 2
055478 2
056714 2
054234 2
056755 2
198416 2
054442 2
055880 2
052720 2
056695 0
056457 0
050150 2
047581 2
055645 2
055487 2
199195 2
199046 2
056473 0
199169 2
054201 2
163105 2
055185 2
057128 0
054281 0
055164 0
056700 2
053610 2
055612 2
055910 0
057036 2
054279 2
056181 2
057100 2
056278 2
053597 2
055200 2
053314 2
051033 2
056516 0
056857 0
267459 2
055525 2
055895 2
056789 2
062968 2
057334 2
056615 2
053271 2
055384 2
051359 2
056503 0
054409 2
051402 2
062870 2
054471 2
054357 2
053534 2
056430 2
056227 0
059400 0
055790 0
056741 2
055190 0
050588 2
054727 2
055871 2
050202 2
057376 0
050143 2
052361 2
056742 2
048384 2
060953 2
057032 2
054453 0
052354 2
048181 2
055416 2
055311 2
051005 2
053974 2
063658 2
054867 2
056087 0
063807 2
061105 2
061014 2
053665 2
055391 0
052146 2
054531 2
053050 2
202631 2
055308 0
054095 2
053423 2
055456 2
053250 2
055468 2
053159 2
055154 0
053000 2
053152 2
199994 2
052956 2
056832 2
054277 2
056962 2
236098 2
056514 0
052833 2
053003 2
052965 2
051869 2
051842 0
053141 2
236038 2
054577 2
051582 2
055712 2
057368 2
054076 2
053046 2
056841 2
059462 0
055470 2
052953 2
054488 0
055588 2
056316 0
054899 2
056737 2
052954 2
055550 0
052837 2
050236 2
054872 2
056397 2
056461 0
056381 0
052806 2
054728 2
055148 2
054194 2
055982 2
053687 2
056127 0
054127 2
053241 2
059273 2
051032 2
055467 2
056467 0
053163 2
053011 2
054877 2
054439 2
056186 2
055174 2
054530 2
055445 2
057330 2
056051 0
049683 2
059315 2
055541 2
049042 1
050137 1
055245 2
056346 2
055710 2
055331 2
048603 2
053111 2
053124 0
050124 2
052177 2
057152 2
051376 2
054834 2
053408 0
051486 2
052179 2
051337 2
057049 2
055294 2
051110 2
055270 2
054908 2
049406 2
054904 2
055097 0
050244 2
055592 2
051102 2
049698 2
050214 2
054077 2
055471 2
055713 2
055587 0
050251 2
048583 2
054587 2
055995 2
055323 0
056738 2
059343 0
054968 2
056852 1
056707 2
056061 2
051820 2
051004 2
054218 2
056843 0
053054 2
051819 2
055162 2
055908 0
054803 2
049065 2
055068 2
076094 2
054090 2
065922 2
055385 2
056151 2
057002 2
053650 2
057328 2
056724 2
056100 2
053756 2
054278 2
053071 2
054740 2
050778 2
056187 2
054179 2
053619 2
052598 2
055179 2
053007 2
076879 0
050670 2
052910 0
056851 0
056794 2
057311 0
054901 2
052567 2
055262 2
054876 2
049912 2
053552 2
056324 0
052544 2
055500 0
053686 2
051364 0
054049 2
055412 0
054871 2
053040 0
056861 0
056716 2
056070 2
015803 0
053753 2
054117 2
052776 2
055089 2
055621 0
052722 2
052838 2
054544 0
056515 0
054529 2
053009 2
056342 2
052433 2
235068 0
055967 0
052701 2
050466 2
051615 2
050371 0
052686 0
055875 0
054857 2
055292 0
056341 2
055474 0
054801 2
056114 2
048434 2
054989 2
054452 2
056210 2
052515 2
052542 2
054515 2
054081 2
151125 0
052517 2
048750 2
052495 2
053107 2
057353 2
054445 2
056498 2
053878 0
048442 2
056476 0
048531 2
054875 2
053704 2
056821 2
047551 0
054638 2
048202 2
053477 2
053478 2
053479 2
048557 0
056384 2
054539 2
054283 2
051087 2
054887 2
054045 2
059407 2
052591 2
249697 0
059422 2
050963 2
052555 2
054894 2
052741 0
052302 2
054334 0
052301 2
056097 2
053521 2
030859 2
054558 0
030857 0
050426 2
054094 0
057140 0
057317 2
112682 0
055738 2
054274 0
056507 0
052926 2
053245 2
057077 2
055723 2
055309 0
052815 0
052923 2
054429 2
053600 2
024350 0
052939 2
056263 2
046923 2
052744 2
271306 2
053272 2
057338 2
052485 0
052728 2
271408 2
271307 0
052866 2
052865 2
052938 2
055236 0
049117 2
053705 2
054225 0
055490 2
052561 2
056414 2
053185 2
053839 2
059371 2
054365 0
052520 2
052111 2
086428 0
052950 2
053223 0
052840 0
055301 0
054758 2
056419 0
054166 2
054540 2
055516 2
053150 0
057079 2
055036 0
031705 0
055356 0
036170 0
054210 2
052998 2
053158 2
056629 2
055282 2
052684 2
055091 0
056627 2
052678 0
054011 0
050118 2
052405 2
056358 2
055142 0
050116 2
052586 2
056131 2
053485 2
054787 0
055706 2
055258 2
056968 2
054060 2
053076 2
163241 2
212612 0
052862 2
053039 0
052846 2
052748 2
280512 0
052726 2
052896 2
158515 0
052887 2
053691 2
052780 0
056307 2
082759 2
056485 2
055145 2
061809 0
082744 2
082646 2
053841 2
052364 2
052659 2
056530 1
056506 0
052657 0
080365 2
056318 0
164202 0
082660 2
230946 0
082598 2
080280 1
082544 2
083069 2
080427 2
080772 2
082783 2
056095 2
081060 0
080399 2
082391 2
200230 2
200626 2
200630 2
082386 2
082500 2
080747 2
200629 2
213258 2
213275 2
082692 2
080791 2
213616 2
220721 2
220725 2
080722 2
220905 1
220966 2
202193 2
080691 2
082594 2
082618 2
082711 2
082521 2
080782 2
202208 2
082690 2
080543 0
202245 2
202386 2
080773 2
080736 2
082609 2
082708 2
080498 2
080682 2
082591 2
080763 2
080449 2
080520 2
080713 2
082547 2
080701 2
080796 2
080724 2
080756 2
080368 2
080381 2
080720 2
110901 2
080602 2
080349 2
084847 2
080735 2
080474 2
080784 2
080588 2
080613 2
080754 2
080712 2
080379 2
082244 2
080397 2
082504 2
080356 2
022495 2
080714 2
080685 2
080635 0
080597 2
080471 2
080711 2
080708 2
080753 2
080611 2
080582 2
080495 2
080718 2
080723 2
082383 2
080770 2
080360 2
080783 2
080340 2
080514 2
080694 2
080785 2
080584 2
082370 2
080309 2
080657 2
080702 2
110933 2
080768 2
100425 2
080357 2
082803 2
080570 2
080398 2
100426 2
080447 2
082300 2
082797 0
080700 2
080284 0
080571 2
082286 2
080341 2
080591 2
080793 0
080589 2
080729 2
080466 2
080469 2
080265 2
022411 2
182918 2
080149 2
182919 2
077667 2
080792 2
084108 2
080693 2
082673 2
080740 2
084107 2
082682 2
182934 2
182922 2
222456 0
181551 2
181537 2
084127 2
289361 1
289050 0
088138 2
080669 2
082808 0
088112 2
088131 2
169436 2
049841 2
083518 1
019248 2
093611 2
080363 2
222336 0
093742 2
049908 0
277523 2
083513 0
277543 2
113705 2
122348 2
219939 0
122350 2
010046 2
122351 2
004440 2
235123 0
081175 2
168464 2
135170 2
083910 2
071085 2
104257 2
082329 2
113721 2
022232 0
071084 2
104258 2
080965 2
081121 2
081013 2
083907 2
080993 2
135172 2
082562 0
135179 2
039786 0
135374 0
134309 2
003562 2
263346 0
134288 0
007987 2
121394 2
121379 0
057131 0
083572 2
080715 2
080764 2
084194 2
080346 2
116411 2
051780 0
116415 2
084192 2
083569 2
081021 2
029888 2
070975 2
104148 2
084584 2
056091 0
029875 2
083557 2
090281 2
080978 0
030259 2
050250 2
150360 2
230776 0
050249 2
056745 2
138865 0
267325 0
033175 1
089022 2
057336 0
087324 2
062341 0
049884 0
098844 0
056326 0
226994 2
093584 0
228639 2
227073 0
053286 2
053867 2
083465 1
054535 2
080730 2
140752 0
054526 2
048906 0
083517 0
278366 0
016305 0
080171 2
158525 0
080221 2
144615 2
053512 2
285147 1
144656 2
055539 0
285181 2
285184 0
054520 2
055600 2
054954 0
048416 2
054672 2
056152 2
231240 0
048142 0
055159 0
163448 0
080420 0
054987 2
166093 0
058831 0
051034 2
055613 0
053030 2
080480 0
007807 0
021770 0
281678 0
053020 2
050242 2
044050 0
052440 0
052613 2
055381 0
228749 0
052220 0
053044 2
055951 2
011997 0
054415 2
054601 2
056820 2
054224 0
056723 2
059298 2
044582 0
059290 0
050837 2
054921 2
013517 2
056870 0
052785 2
052738 0
052764 2
081819 0
054066 2
054732 0
210232 0
055435 0
013291 2
006394 0
013378 0
138675 0
000868 0
095460 0
055123 0
056773 2
146406 2
052882 2
110075 0
064375 0
250556 0
053094 0
054707 2
056835 0
056505 0
035784 0
243710 2
055888 2
056254 0
048831 2
019406 0
056415 0
257779 0
026709 0
081427 0
049696 0
052762 2
051127 2
211196 0
051160 2
049671 2
089683 2
083466 0
054665 2
013484 0
050164 2
113508 0
055447 0
078158 0
018314 0
054983 0
263747 2
224970 0
263741 2
056523 0
056044 0
026099 0
077808 2
052427 0
277841 0
090645 0
237808 0
065246 0
056995 0
050142 2
271761 0
048484 2
052585 2
227093 1
052649 2
054138 0
052648 0
052553 2
054714 2
227074 0
005617 2
080148 2
053745 2
075982 0
080268 2
271310 0
240947 2
053828 2
056863 0
118386 0
024533 0
054088 0
055122 2
072054 1
072432 1
072735 1
072998 1
073258 1
073514 1
073776 1
074033 1
074293 1
105227 1
105605 1
105908 1
106171 1
106431 1
106687 1
106949 1
107206 1
107466 1
116895 0
013922 0
275185 0
052509 2
055442 2
055784 0
052491 0
012348 0
055992 2
019548 0
056019 2
052340 0
047495 0
080207 1
138668 2
238921 0
138802 0
052610 0
006460 2
283598 0
056735 2
132324 0
054753 2
055521 2
052779 2
054227 2
052794 2
136448 0
052746 0
052768 2
052521 2
053070 0
056448 0
080565 0
065884 0
078186 0
084586 0
225135 0
137402 0
057139 0
053810 0
057252 2
057253 2
057254 2
155603 0
052638 0
013811 0
159804 2
056289 0
054321 2
011210 1
044489 0
223313 2
223318 2
002325 0
223288 0
156681 0
056047 0
149736 0
053375 2
211870 0
050213 2
049697 2
064580 0
055720 0
090196 0
151167 0
056504 0
228883 0
038692 0
013494 0
197395 0
054975 2
054971 2
052743 0
118074 0
257418 0
054800 2
054821 0
271308 2
054387 2
057302 2
059890 0
054197 0
056770 2
136171 0
052742 0
057329 2
057145 0
056149 0
056422 2
169098 0
052633 2
059821 2
121752 0
052609 2
251093 0
056239 2
054898 2
055692 0
275735 0
126359 0
052700 2
227963 0
052685 0
083191 2
029849 0
083198 1
057310 2
055774 0
074727 2
052580 2
002396 1
255353 0
052550 2
052551 2
057318 0
133270 1
053057 0
083639 0
169692 0
054966 1
083460 2
053294 0
138812 0
111645 2
080267 0
111680 0
056018 2
157744 0
052901 0
179651 0
050429 2
276982 0
054170 0
054563 0
082574 2
054773 0
279848 0
015742 0
049057 2
055886 0
054962 0
030568 0
090695 0
267397 2
267406 2
267412 2
267414 2
112985 0
267396 0
036641 0
064907 0
056036 0
047210 0
054798 0
062606 0
054003 0
224622 2
259079 0
224630 0
216670 0
230312 0
153432 0
166498 0
055280 0
083208 0
056780 0
050613 0
052997 0
159013 0
057141 0
051509 0
051008 0
056493 2
013543 0
054393 0
025471 0
055877 0
080692 2
084129 0
162311 0
055401 2
013804 0
047723 0
054785 0
161154 0
055884 0
084591 0
083799 0
013359 0
048129 0
269199 0
083514 0
273990 0
136811 0
055461 2
056248 2
006506 0
056153 2
054105 0
227736 0
055212 0
055453 0
229741 0
048792 2
053986 2
032116 0
053738 2
056774 2
051122 0
052027 2
052429 2
054928 0
046507 0
097318 0
052900 0
048719 0
081428 0
192220 2
057147 2
178390 0
051120 0
010462 0
205675 0
054523 2
176519 0
179595 0
026979 0
055276 0
055157 2
052581 0
052891 2
052884 0
193576 0
056850 0
055007 0
056136 0
082422 2
053476 1
224415 0
050241 2
050113 0
054951 0
055047 0
052681 0
267815 0
056311 0
010653 0
277391 0
048488 2
048491 2
071422 0
050331 0
055523 0
048940 2
028796 0
056502 0
056460 0
006580 2
064744 0
060512 2
110283 0
055691 0
239581 0
054820 0
092491 0
010891 2
050483 0
082791 0
144280 0
048810 0
013836 0
053386 2
233360 0
054196 0
057136 0
056163 0
176609 0
003838 2
056469 0
053670 2
162525 0
023244 0
053458 0
053831 0
056522 0
050414 1
113400 0
050323 2
050621 2
044038 2
010972 1
039718 0
050347 0
050865 0
049230 0
009577 0
269301 0
067247 0
059411 2
050013 0
059439 0
100905 0
055031 0
027745 0
054811 0
055506 0
038734 0
083461 0
013522 0
209748 0
055310 0
048446 0
054251 0
219972 0
053520 2
054900 0
036517 2
056028 0
069423 0
050845 0
055074 0
109956 0
152432 0
153522 0
144174 0
049843 2
052839 0
254620 0
048907 0
263387 2
057132 0
052171 0
054662 2
056134 0
055020 0
085150 0
065805 0
002255 0
225291 0
055434 0
267231 2
111402 0
054545 2
081534 0
055269 0
266929 0
235486 0
230744 0
083542 0
010844 0
055520 0
038602 0
127097 0
082520 0
097990 0
055585 2
156341 0
052911 0
056287 2
055655 0
056218 2
056200 0
052790 0
056240 2
055419 2
056269 2
052788 0
111126 2
054967 0
289158 0
054542 2
054115 2
055018 2
281775 0
056975 2
254292 0
190817 0
161806 2
084456 0
077758 0
029105 0
087919 0
075515 0
224849 0
067473 0
057358 0
066606 0
010921 0
011216 0
055457 0
112258 0
013446 0
051418 2
080593 0
051387 2
057244 0
049079 0
267300 2
267299 1
054763 0
267250 1
267251 0
267233 2
267232 1
267228 2
267277 1
267305 0
267246 0
267245 2
267252 0
272760 2
270286 0
273537 0
067223 0
056762 2
108460 0
219673 0
052313 0
196679 0
075599 0
267253 0
048197 2
046766 2
202792 0
080671 0
164408 0
055876 0
040645 0
056459 0
273638 0
054679 0
013626 0
167046 0
024411 0
239582 2
221643 0
052696 0
055918 0
138813 0
050826 0
081756 0
286093 0
192018 0
052711 0
006008 0
062192 0
022110 0
098746 0
053213 0
218131 0
230759 0
003937 0
050704 0
052855 2
262052 0
053079 2
053593 2
275662 2
056192 0
275663 0
055072 0
275914 0
056610 0
075040 0
025828 0
138272 0
054519 2
013438 0
137736 0
053736 2
276236 0
053595 2
054817 0
054160 0
053278 2
055850 0
081037 2
254082 0
081092 2
081101 2
054536 0
007026 0
200356 0
046624 0
053635 0
257068 0
241995 0
057150 2
053559 0
054677 0
055426 0
053194 0
053568 0
273590 0
219559 0
050373 0
055273 0
144006 0
055968 0
144037 1
201600 0
013133 0
145619 0
144043 0
053591 2
081811 0
054940 0
055118 0
056528 1
079536 0
055990 0
208066 0
152356 0
054557 0
160123 0
056082 0
055827 0
055187 0
052843 0
199326 0
138861 0
201538 2
056215 0
199194 0
054528 0
055240 0
083629 0
054140 2
185741 0
028329 0
281181 0
001538 0
055110 0
053759 0
051733 0
239596 0
054273 2
118786 0
016865 0
052037 0
056245 0
055643 0
222753 0
053036 2
051929 2
053391 0
050956 0
052934 0
055524 0
053026 2
081685 0
056390 0
055398 0
236679 0
044270 0
039895 0
114188 0
271431 0
050177 0
227123 0
056284 2
205934 0
056286 2
056285 2
054006 0
055501 2
053281 2
053723 0
055404 0
056338 2
010907 2
056011 0
011145 0
114952 0
000608 0
013459 0
067061 0
262369 2
050326 2
031645 0
262328 2
262387 0
257170 0
265712 0
169141 0
053438 2
056532 0
052524 0
257182 0
151259 0
229281 0
137707 0
056071 0
077654 0
193555 0
056520 0
054789 0
003995 0
056483 0
265738 0
203661 0
053677 0
055947 0
053977 0
052496 2
099490 0
035764 0
026690 0
126648 0
075155 0
056374 2
054275 2
052747 0
064566 0
054310 0
052435 0
065544 0
013496 0
054016 0
056521 0
053725 2
053322 0
255655 0
052280 0
054485 0
022292 0
000791 0
170592 0
055263 0
055542 0
056867 0
056635 0
160021 2
055733 0
159953 0
053578 0
080377 0
052718 2
124272 0
160278 0
003841 0
064460 0
225747 0
052636 2
054375 0
278962 0
278437 0
062931 0
055060 0
056472 0
025803 0
277898 0
052012 2
054902 2
281746 0
052006 0
135716 0
045036 0
095741 0
052694 0
053101 0
226858 0
064540 0
276233 0
010918 0
054981 0
042718 0
270915 0
056621 0
041594 0
055845 0
054892 0
080484 0
262748 0
170268 0
230682 0
017380 0
043846 0
050254 2
056759 2
055288 2
082188 0
056760 2
049816 2
049189 0
052371 2
050372 0
052352 0
025523 1
024000 0
069285 0
050947 0
081934 0
076137 0
054402 0
140069 0
071810 2
104983 2
144081 0
221667 0
056501 0
076240 0
165656 0
086262 0
158425 0
262121 0
054505 0
020198 0
055976 0
077666 0
050592 0
238773 0
275980 0
069952 0
040130 0
055477 2
057333 0
193061 0
097471 0
059457 2
167596 0
056327 0
013515 0
242518 0
070349 0
144925 2
231754 0
048441 0
235840 0
053879 0
110011 0
182986 0
205340 0
056165 0
068821 0
055873 0
067415 0
055889 0
053382 2
077347 0
055617 0
130577 0
001823 0
221799 0
055235 0
052729 0
144392 0
053997 0
054513 2
051006 0
169972 0
224924 1
054350 0
224925 2
224892 2
224930 0
274087 0
013132 0
231368 0
026714 0
284266 0
224045 0
056206 2
013761 0
083625 0
195629 0
164289 0
223822 0
225913 0
055860 0
051403 0
257298 0
054480 0
059879 0
188321 0
151059 0
265654 0
094457 0
055244 2
052727 0
233994 0
052224 0
221959 1
168287 0
055014 0
208242 0
269201 0
055070 0
223375 0
108127 0
063971 0
055659 0
189889 0
054998 0
180824 0
085924 0
053574 0
053142 1
053023 0
052947 0
053560 0
080253 2
236490 0
053034 2
050492 0
053032 0
026234 0
053171 0
265165 0
050243 0
068072 0
080809 0
054996 0
006356 0
007041 0
041994 0
271619 0
056008 0
227876 0
044997 0
136215 0
056350 2
056351 2
048448 0
056353 2
056354 0
056352 2
010723 0
005863 0
010661 0
056031 2
056477 0
049383 0
056207 0
169099 0
129876 0
054754 0
056199 0
052857 0
054937 0
230525 0
026673 0
056812 0
080823 0
226944 0
076414 0
054831 0
052766 2
021760 0
274147 0
055160 0
084137 0
052931 2
123680 0
054308 0
055909 0
052574 0
054564 2
055602 0
030108 0
190199 0
052892 0
055672 0
056518 0
052730 2
053815 0
275725 0
050931 0
044434 0
229743 0
043747 0
013391 0
054389 0
116849 0
057146 2
087265 0
026678 0
098419 0
084030 0
056859 0
057021 2
265740 0
225188 0
031462 0
053066 0
267405 0
024444 0
063563 0
059909 0
150685 0
057144 0
229343 0
053017 0
095847 0
055329 0
052706 0
053042 0
265461 0
052695 0
009881 0
054914 0
046086 0
048996 0
056842 1
056250 0
047018 0
053524 0
183763 0
055469 0
165577 0
069158 0
272262 0
060244 0
015506 0
085380 0
222307 0
013441 0
082455 0
052955 2
144091 0
052918 0
052915 2
052870 0
012645 0
216416 0
029228 0
037912 0
083035 0
083483 0
006482 0
081983 0
052826 0
023660 0
138401 0
039134 0
064251 0
269278 0
002766 0
257196 0
055410 0
049580 2
138941 0
067252 0
033028 0
031794 0
287402 0
268538 0
055963 0
224512 0
013949 0
121762 0
180204 0
013458 0
271829 0
056856 0
056978 0
013477 1
053690 2
055828 0
025804 0
053743 0
013842 0
274803 0
045002 0
052871 2
055499 0
052872 2
056734 0
055696 0
139302 0
030348 0
010958 0
269496 0
054543 0
082512 0
054583 0
013440 0
143595 0
055243 0
011324 0
057370 0
054537 0
159985 0
049573 0
165746 0
087202 0
051912 0
277921 0
132748 0
054591 0
267543 0
200355 0
170354 0
056053 0
050936 0
054270 0
058142 0
169948 0
126294 0
013616 0
057297 0
066264 0
112055 0
048476 0
115384 0
054674 0
123516 2
004781 0
123499 0
118360 0
054631 0
090642 0
118845 0
158865 0
052411 0
013321 0
111418 0
054198 2
070229 0
055345 0
057098 0
199672 0
276751 0
051256 0
164917 0
271736 0
154155 0
056743 0
052859 0
092076 0
082704 0
050315 0
226860 0
053311 0
056026 0
048544 0
219918 0
057142 0
081209 0
180731 0
051025 0
215723 0
056509 0
012473 0
087596 0
092652 0
274173 0
055141 0
055519 0
055170 0
034973 0
109412 0
048292 0
003882 0
053751 0
053550 0
163914 0
201495 0
203787 0
056442 0
166499 0
231487 0
007835 0
052803 0
144099 0
164425 0
041014 0
083550 0
059891 0
031311 0
235488 0
054503 0
173461 0
056869 0
063178 0
052532 0
054910 0
221049 0
179583 0
055048 0
053210 0
259838 0
266896 0
168411 0
051115 0
094599 0
055492 0
049507 0
224940 0
064025 0
055219 0
024520 0
056386 0
225141 0
096927 0
269561 0
062365 0
163350 0
049180 0
286622 0
054534 0
052860 0
036592 0
258393 0
138745 0
029843 0
054719 0
081802 0
193617 0
053872 0
152404 0
055086 0
193609 0
197399 0
084130 0
059829 0
054153 0
202612 0
241176 0
277844 0
054856 0
224433 0
133775 0
045034 0
269636 0
166741 0
