194093 2
071204 1
104377 1
071197 1
104370 1
279949 0
194101 2
193574 2
193567 2
195747 2
195746 2
199454 0
195754 2
196253 2
195760 1
196251 2
190783 1
190850 2
202635 2
202637 1
202641 2
199484 1
201727 2
199460 1
202640 1
201737 2
264171 0
201752 1
201781 2
233314 1
227400 2
233301 1
202936 0
227402 2
201734 1
201740 1
196796 2
230375 0
201748 1
196798 1
201792 1
262765 1
224068 1
266022 0
223996 1
223950 0
262760 1
262757 1
232233 0
213890 0
262885 0
196347 0
257512 0
264166 0
128556 1
226412 0
128517 1
128516 2
128559 1
201938 2
202112 2
202834 0
202122 2
201929 2
202375 2
147134 2
018018 0
147133 2
202135 2
196252 2
202157 1
202151 2
078302 0
202148 2
202156 1
202934 1
202134 1
202931 1
207446 1
264963 2
149438 2
259817 0
149452 2
264964 2
260660 2
191964 2
260653 2
257093 1
192004 2
207490 1
266163 2
196272 2
266162 2
257107 1
008415 0
196282 2
204850 0
196321 2
289911 1
196307 2
110893 0
014582 1
254140 0
140650 0
238194 0
261747 2
263608 0
220363 0
262004 1
261926 1
066143 0
251324 1
131022 1
219274 1
243190 0
219267 1
131019 1
131015 0
131011 1
025891 0
131026 0
196656 0
232890 0
011758 2
137196 0
123732 0
220319 0
273546 0
138807 2
256364 0
138819 1
071434 2
104607 2
071405 1
104578 1
170268 0
004455 0
258855 0
016925 0
038990 1
017919 0
260768 0
257458 0
123266 1
109680 0
123309 0
149459 0
017265 2
129618 2
111521 0
145521 1
123843 0
013195 0
121962 0
028824 0
123866 0
194545 2
284576 0
239789 1
239788 1
239790 1
239792 1
239794 1
239793 1
239797 1
239776 0
239782 0
239778 0
239779 0
239946 0
239774 0
205224 2
205235 2
137508 0
280576 1
280605 1
246616 0
262758 1
262769 1
228603 1
005406 0
262771 1
262775 1
262782 1
228602 1
228601 0
257821 0
157981 0
070763 0
042151 0
152578 0
146512 0
232213 0
205983 1
205950 1
141401 0
196589 0
218242 0
289475 1
184418 0
190688 1
260126 1
226405 0
263238 1
201135 0
280577 0
160700 0
152530 0
014859 0
133949 0
164883 0
254686 0
275727 0
083312 0
220146 0
260828 0
080100 1
151705 0
080097 0
257278 0
144118 0
260767 0
277066 0
149797 0
100270 0
130264 0
126210 0
108869 0
278846 0
079967 0
257655 0
257508 0
273846 0
147344 0
229177 0
051813 0
078123 0
131023 0
095981 0
008000 0
279821 0
039555 0
264453 0
261597 0
017415 0
029105 0
266575 0
260348 0
260762 0
109705 1
109694 0
109031 0
109077 0
136834 0
282268 0
260661 1
133620 0
200839 0
275793 0
202842 1
235529 0
205290 0
035540 0
275434 0
206742 1
161008 1
161045 1
191406 0
264416 0
203431 0
202126 0
077797 0
196647 1
142178 0
054429 0
188892 0
194518 0
033407 0
006065 0
095300 0
207290 0
109712 0
115741 0
027374 0
090106 0
260542 0
283327 0
281836 0
130943 0
226469 0
255822 0
254368 0
148757 0
265268 0
268451 0
180703 0
257269 0
288577 0
260110 0
129375 0
245978 0
232106 0
