038793 1
002426 1
046428 2
112106 1
113419 1
199083 1
113309 1
114502 1
114495 1
113324 1
113123 1
113496 1
113378 1
113369 1
113477 1
113502 1
113388 1
025494 2
207265 0
113380 1
113317 1
045228 2
045229 2
079635 1
044676 2
113374 1
045230 2
045236 2
113489 1
038800 1
046039 2
046162 2
044604 2
113355 1
044608 2
113693 1
113942 1
113277 1
113688 1
113399 1
074739 0
113485 1
113936 1
126332 0
113439 1
113975 1
113708 1
025505 1
113441 1
113777 1
007875 1
113973 1
113769 1
113475 1
113765 1
113470 1
113781 1
113702 1
113311 1
259182 1
113768 1
113455 1
114938 1
113782 1
041854 0
113326 1
113480 1
113440 1
114260 1
262577 1
113527 1
113434 1
113510 1
113405 1
131217 0
114254 1
113401 1
113518 1
113505 1
113433 1
113438 1
159415 0
191745 0
268861 0
080076 0
113407 1
113571 1
113778 2
015136 1
075430 0
113566 1
113403 1
113444 1
111584 1
196069 1
113723 1
113511 1
264157 1
078804 0
113504 1
113413 1
113720 1
016545 1
113362 1
115515 1
127184 0
115518 0
113359 1
079668 0
038024 0
173382 1
113360 1
043000 0
162893 0
113673 1
113460 1
075568 0
113531 1
045135 0
274564 0
114215 1
113545 1
123139 0
114111 1
113390 1
078685 0
114950 0
153363 2
076244 0
022301 0
115525 0
002288 2
074829 0
170190 0
158345 0
040866 0
114410 1
015734 0
118898 0
075392 0
076196 0
175679 0
153365 2
158107 0
177252 2
085756 2
126263 2
025404 0
126271 1
126257 1
126253 2
126222 1
113525 1
159754 0
113516 1
113356 1
085776 2
043310 0
075854 0
111541 1
017781 0
003000 0
113430 1
113431 1
075643 0
150025 0
034679 0
113322 0
080136 0
075348 0
114976 1
113528 0
116915 1
130720 1
138617 0
116260 1
007813 0
272460 0
088576 0
162266 0
117246 1
078903 0
126659 0
222891 1
199238 0
006712 0
247994 0
130684 0
113526 1
138560 0
113517 1
136220 0
199467 0
171672 0
159563 0
274317 0
002152 0
133748 0
081165 0
208442 0
074622 0
081333 0
176581 0
022409 0
159534 0
287406 0
191731 0
003719 0
011980 0
075515 0
150078 0
195040 0
075023 0
222377 0
114945 2
075782 0
114947 1
257817 0
111610 0
114944 0
082736 0
198430 0
118899 0
114019 0
075308 0
078926 0
090867 0
110638 0
090587 0
018271 0
233055 0
113036 0
075708 0
052048 0
268873 0
079545 0
139422 0
056007 0
074933 0
113409 0
065841 0
168449 0
212840 0
139543 0
078390 0
014832 0
148455 0
127162 0
275534 0
134108 0
211888 0
174535 1
124106 0
174489 0
069843 0
011611 0
077404 0
123262 0
008787 0
040681 0
092113 0
168031 0
067123 0
155314 0
120268 0
078361 0
114949 0
117750 0
075268 0
007085 0
113471 0
160712 0
078378 0
120172 0
117484 0
108708 0
026544 0
121229 0
043380 0
022400 0
161649 0
005121 1
119527 1
075065 0
157548 0
131900 0
075801 0
277446 0
079037 0
004859 0
075279 0
113445 1
003014 0
113414 1
