158922 2
006786 2
120466 2
005342 2
119850 2
006780 2
119846 2
120462 2
075040 1
006785 0
006783 2
120463 2
002204 2
026641 2
006784 0
026347 2
077760 2
178752 1
076153 2
082642 2
178713 1
075820 2
077410 2
075784 2
075778 2
002461 0
178696 1
178615 1
178592 1
155971 2
224867 1
079078 2
224875 1
224876 1
232859 1
232864 1
027150 2
069102 1
102275 1
076286 2
141615 0
076304 2
076403 2
117225 1
110114 2
273696 0
110373 2
284679 1
082151 2
033090 2
284680 1
224226 1
112565 2
165086 1
165084 1
158965 0
112584 2
107948 2
075479 2
165077 0
107959 2
108052 2
011047 2
285292 0
160977 2
161033 2
161029 2
207853 1
015206 2
125541 2
011219 2
096720 0
144752 2
144806 2
003986 2
000428 2
076984 0
220481 2
230775 2
018228 2
128947 2
013171 0
220479 2
217696 0
019066 2
275892 2
029250 0
275932 2
194880 0
164990 2
159895 1
120465 0
165079 2
159880 1
159881 1
165140 2
165121 2
159870 2
165105 2
159866 2
159857 2
153493 2
222792 0
153518 0
052946 2
127156 0
258684 0
034150 2
081075 1
081045 1
012260 0
081072 1
081109 0
039338 0
081090 0
059529 1
139571 0
059686 0
059523 0
109845 0
188714 0
075342 1
080788 2
000265 2
130677 0
014277 0
120464 0
080660 0
269910 0
233901 0
027779 0
129711 2
153530 0
129708 2
131745 2
129675 2
129700 2
129689 2
230206 0
120592 0
024295 0
065841 0
059651 0
206863 0
207954 0
190903 0
033398 0
050374 2
003924 0
050273 0
028640 0
021994 2
028694 0
023054 0
020053 0
046420 0
077441 0
198749 0
096724 2
127593 1
076791 0
127592 1
155853 1
029536 0
161933 0
182851 0
154782 0
022694 0
076099 0
025404 0
064632 0
113824 0
273700 0
025609 0
116317 0
193616 0
154598 0
230825 0
285286 0
192453 1
086802 0
192015 0
206665 0
012942 0
239253 0
108640 0
113720 0
025311 0
062194 0
006951 0
179334 0
128142 0
247692 0
130873 0
004172 0
193815 0
011513 0
166988 0
043787 0
111120 0
063139 0
207446 0
194881 0
144884 0
133799 0
139756 0
223399 0
076898 0
223272 0
226451 0
020969 0
081289 0
158420 0
107817 0
038038 0
142166 1
287406 0
142287 1
002007 0
002015 0
146989 0
111163 0
037402 0
037697 0
057847 0
121500 0
006603 0
197538 0
124254 0
171101 0
005745 0
012282 0
191706 0
015002 0
276877 0
