230317 0
264419 0
270985 0
194182 0
197669 0
263494 2
263492 0
263493 0
273164 0
271698 2
271768 2
271351 2
271350 2
271355 2
271378 2
271834 2
271894 2
272000 2
271895 2
274307 2
274509 2
270358 1
270273 2
271990 2
271988 2
256655 0
274316 2
274506 2
282040 0
274514 2
274519 2
270264 2
270361 1
068401 0
271394 2
256415 2
256411 2
276990 2
277278 2
276146 2
276158 2
271388 2
271393 2
271367 2
271283 2
271520 2
271531 2
271542 2
276209 2
286783 2
270922 2
270933 2
270982 2
272220 2
272224 2
277292 2
277343 2
277290 2
243771 2
255783 2
277146 2
272223 2
272219 2
279587 2
279586 2
279601 2
288296 2
288310 2
288265 2
282032 2
259937 2
259941 1
276020 1
269253 2
269257 2
289397 1
289398 1
270298 2
270299 2
270423 2
270435 2
268971 2
268931 2
284745 2
284744 2
284746 2
277364 2
244533 2
288487 2
288485 2
288476 2
288486 2
075085 0
272169 2
272128 2
272129 2
272001 2
271999 2
283650 1
284823 1
283576 1
283638 1
281000 1
276973 1
276967 1
283577 1
236978 2
236986 2
252303 2
231427 0
271530 2
271540 2
184875 2
230289 0
274253 0
270625 2
270472 2
269795 2
269180 2
270999 0
283636 1
283635 1
281670 1
281662 0
107758 0
236641 0
192599 0
186268 0
256419 0
260984 0
257612 2
257603 2
260562 2
004718 2
118970 2
004588 2
271087 2
271141 2
271242 2
264069 2
264098 2
264099 2
265028 0
200650 0
231912 2
231913 2
231908 2
231888 2
231886 2
162249 2
162277 0
128524 0
265404 0
272403 0
256169 2
256647 0
270142 2
270143 2
269944 2
231185 0
276138 2
271397 2
269943 0
281708 1
257604 0
275686 0
178151 0
273711 0
270572 2
270356 2
275280 0
068443 1
068420 1
067424 0
087220 0
067444 1
067356 1
055964 0
279962 1
067338 0
276113 0
257613 2
256474 0
288700 2
288698 2
166675 2
166676 2
166674 2
166832 2
230859 0
281688 0
270533 0
144136 0
271392 0
107802 0
056148 2
155942 2
068071 0
259710 0
017639 1
272819 0
182360 0
178613 0
197155 0
232390 0
205891 0
199701 0
151006 0
274438 0
256485 0
264257 0
264921 0
271057 0
289276 0
165343 2
165345 2
164033 0
284241 0
286426 2
286423 2
279002 1
286424 2
286427 2
247415 0
268961 0
154957 0
057113 0
179394 2
165280 1
175090 1
022464 1
053259 2
054524 0
192692 0
144172 0
159790 2
159848 2
159864 2
173799 0
133325 0
264930 0
274677 0
115721 0
157136 2
157139 2
020292 1
122273 2
012058 2
000401 1
130647 2
130641 2
130652 2
130658 2
130732 2
130908 2
010320 2
014885 2
077133 2
069400 2
102573 2
070479 2
103652 2
070538 2
103711 2
070452 2
103625 2
070404 2
103577 2
070643 2
103816 2
070628 2
103801 2
070540 2
103713 2
011466 2
011650 1
005022 2
119401 2
064532 0
076767 1
116218 2
053599 2
011628 2
124412 2
010258 2
070228 2
103401 2
070191 2
103364 2
070192 2
103365 2
130868 2
011907 1
017410 2
129499 2
012192 1
017213 2
001215 2
044652 2
045042 2
044653 0
052782 2
052957 2
053077 0
053288 2
098057 2
098058 2
067693 0
068452 2
044135 2
044010 2
056754 2
056299 0
043878 2
051153 2
054555 2
001038 2
130744 2
000361 2
123795 0
014613 2
019438 2
130433 2
005669 0
011829 2
182807 0
001495 2
124435 2
077929 0
017808 0
101997 1
016117 1
075408 2
069460 2
102633 2
130104 0
000637 2
068433 1
000100 1
124338 2
124286 2
009142 0
016162 1
067049 1
036530 1
064941 1
064837 1
260121 0
065849 1
003720 1
015421 1
004067 1
006380 1
136173 0
003755 1
135551 0
014945 0
053483 0
139097 0
050144 0
001172 2
085169 0
050419 2
050321 2
067814 0
009526 0
003574 1
026835 0
124461 0
176821 0
081074 2
001833 2
009036 0
119480 0
116236 1
116182 1
001225 2
131844 0
054207 0
051558 2
004895 1
119230 1
065390 0
057287 2
020574 2
044541 0
014921 0
130945 2
117016 0
041785 0
010279 1
085028 0
119216 0
052333 0
179376 2
179362 2
179396 2
000402 2
081943 0
130902 0
011906 0
017780 1
150757 0
030891 0
179129 2
179119 2
178922 2
133489 0
119043 0
003473 0
169183 0
116550 2
090215 2
023708 1
023811 0
049841 0
009470 0
163223 0
275071 0
046083 0
023660 0
252746 2
252678 0
256003 2
256840 2
245012 2
067154 0
154345 0
050847 0
024602 0
254308 0
011409 0
035064 0
255208 0
119351 0
123900 2
065967 0
003630 0
098643 0
044507 0
190852 0
006419 1
003572 1
006194 1
003695 1
089356 2
065710 1
066139 0
068340 1
066712 0
123029 0
067932 2
068229 0
069011 2
131063 0
003614 2
003612 2
003823 1
003615 0
003435 2
003681 0
175035 2
175018 2
108535 0
002344 2
048229 2
048223 2
048230 2
048285 0
003573 0
169685 0
123144 0
099941 0
048308 0
115621 0
100907 0
017104 2
017108 2
016155 1
016149 1
031324 2
031255 2
003887 1
175112 0
030599 0
259109 2
259113 1
234807 0
149156 0
206357 0
017673 0
003432 0
164102 0
003599 1
004062 1
003667 1
140424 0
003584 2
005880 0
176057 0
017214 2
003613 0
017212 0
177030 1
177321 1
177422 1
180249 0
003672 0
003625 2
158693 0
065139 0
079463 0
116309 1
115782 1
117757 1
117725 0
135413 0
068732 0
078150 0
034789 0
039879 2
040407 2
040330 0
088089 2
008338 0
239275 0
003576 0
162688 0
083072 0
025657 2
111941 0
164859 0
066050 1
087274 0
127680 0
016676 2
076270 0
004065 2
071622 0
164147 2
115761 1
164141 0
069958 0
163746 0
236795 2
007755 0
013945 0
164103 0
137154 0
057053 0
261892 2
261891 2
023466 0
048340 0
050636 0
219969 2
250638 0
228942 0
153497 0
074435 0
115664 1
004460 1
118649 1
113270 0
013246 0
137175 0
135662 0
005990 2
266273 0
256422 0
116011 2
137003 2
004899 0
115410 0
003886 0
053488 0
003756 1
134271 0
065082 0
002822 0
003570 0
065797 0
252524 2
251147 1
258102 1
241723 1
241724 1
241849 1
241725 1
241722 1
241712 1
241752 1
241710 1
241693 1
259110 1
259114 1
241601 1
241952 1
241706 1
241753 1
241789 1
236241 2
241928 0
011520 0
094561 0
163233 0
235335 0
030666 0
180248 0
243452 0
115411 0
174979 0
030964 1
030970 1
138532 0
057396 0
225781 0
164122 0
032802 2
182480 0
137385 0
112875 0
067004 1
028506 0
114848 1
114852 1
066144 0
168246 0
034987 0
072857 0
267213 0
006182 1
008742 0
149396 0
065351 0
117922 0
007915 2
185804 0
019317 2
019311 0
135444 0
134439 0
128623 0
266706 0
136876 0
237036 0
050270 0
036314 0
028912 0
087657 0
051851 0
275405 0
010272 2
046481 0
257384 1
258098 0
222277 2
221928 2
221541 2
220252 2
220999 2
221012 2
219909 2
219904 2
044167 0
005863 0
107852 0
065688 0
069794 2
102967 2
069838 2
103011 2
069142 0
287750 0
007849 1
030988 0
165250 0
074957 0
224371 0
134730 0
164675 0
256272 0
054209 0
271602 0
124200 0
098568 0
282041 0
119214 0
120554 0
136944 0
164129 0
004107 0
284538 0
111376 0
231276 0
136059 0
123847 2
061722 0
001497 0
133315 0
008279 0
077773 0
141592 0
002617 0
262723 0
141423 0
120278 0
253712 0
068864 0
163189 0
003919 0
031220 0
191902 0
162308 2
162306 2
050208 0
074466 0
162176 2
162510 0
046387 2
046392 0
171487 0
044725 0
045710 0
026175 2
272824 0
265074 1
265062 0
264363 2
264318 2
018113 0
137537 0
014647 0
230831 0
014920 0
003437 0
099396 2
062639 0
109308 0
272783 0
255988 0
031402 2
031377 2
030945 0
098675 0
142179 0
044440 0
010252 0
068375 0
187996 2
187998 2
006421 0
003640 0
027024 0
230303 0
212666 0
035375 0
159852 0
165277 0
066096 0
024647 0
109622 0
062076 0
015677 0
130161 0
054427 0
257881 0
146349 0
162772 0
260359 0
004108 1
118221 1
118188 1
