088377 0
286395 2
286399 2
285887 2
285767 2
285768 2
285825 2
285815 2
285899 2
286386 2
286396 2
286400 2
286382 2
130439 0
244767 0
005506 2
120088 2
120069 2
120068 2
120058 2
005772 2
120387 2
005643 2
244661 0
093922 2
093953 2
093977 2
093928 2
094023 2
093930 2
090603 1
090592 1
088379 2
088417 2
088397 2
088415 2
088407 2
088385 2
088383 2
089355 1
089341 1
089330 1
088766 1
088750 1
074993 2
075013 2
009419 1
121877 1
081504 1
010889 0
077611 2
131687 2
131709 1
096701 1
096698 1
085625 0
089356 0
077733 0
093987 0
147168 1
090100 2
090190 2
126596 1
185897 0
050368 0
075680 0
075738 2
017960 0
115383 1
034684 0
251742 0
098568 1
098542 1
072242 0
009912 2
122256 2
288803 0
090405 0
095887 0
075101 0
053401 0
117973 0
243744 2
243747 1
098901 0
254384 0
002046 0
075336 0
052029 0
135034 0
142436 0
247680 0
114976 1
095197 1
058162 0
116392 1
116727 1
116349 1
138058 1
004768 0
180663 1
114877 0
223983 1
224168 1
047488 0
040024 0
115378 0
121883 0
064937 0
192708 0
013253 0
067823 0
077133 0
284253 0
062852 0
220439 0
212163 0
060962 0
255012 0
134512 0
116966 0
071308 0
147412 0
070428 0
184801 0
185204 0
116601 0
231238 0
096621 0
069189 0
276190 0
046234 0
100939 0
077460 0
164174 0
127190 1
127193 0
127206 0
063339 0
010412 0
211804 0
077598 0
004790 0
015438 0
287162 0
093762 0
089673 0
033229 0
117334 0
112513 0
097706 1
097747 1
021706 0
100948 0
026875 0
044497 0
290010 0
142237 0
001243 0
197585 0
097632 0
110778 0
096129 0
048133 0
044350 0
095891 0
076602 0
275523 0
111749 0
011349 0
065445 0
088036 0
231875 0
222631 0
007163 1
118891 0
095224 0
261876 2
253706 0
058089 0
118721 0
113301 0
272888 0
036995 0
088968 0
288067 0
288798 0
071243 0
000328 0
180404 0
065177 0
124072 0
219308 0
077750 0
072122 0
069333 0
008054 1
117386 0
007247 0
007607 0
055514 0
009422 0
009706 0
043260 0
057286 0
040008 0
079226 0
112560 0
082466 0
099412 0
283888 0
225360 0
074777 0
115344 0
100555 0
118758 0
081378 0
004691 0
035199 0
137371 0
121897 0
250787 2
250772 2
283224 0
096066 0
100183 0
226002 0
028324 0
251162 0
270009 0
252231 0
089502 0
285615 0
118899 0
117974 0
149156 0
140040 0
068759 0
244316 0
225402 0
211625 0
281602 0
114112 0
052026 0
081159 0
018972 0
187615 0
074805 0
233923 0
267779 0
097803 0
139072 0
175958 0
020426 0
096005 0
252508 0
029425 0
217215 0
238528 0
108270 0
218020 0
238420 0
093945 0
059778 0
135139 0
136911 0
031737 0
039660 0
077591 0
254385 0
063730 0
046184 0
108724 0
116196 0
102362 0
029256 0
137358 0
147402 0
248099 0
254450 0
215830 0
186956 0
071589 0
078768 0
004425 0
019394 0
104481 0
183443 0
100004 2
099395 0
095242 0
171054 0
096308 0
030921 0
096305 0
114878 0
087683 0
075834 0
094513 0
216680 0
255177 0
284766 0
127710 0
165597 0
088649 0
024985 0
045424 0
063196 0
271177 0
276374 0
026853 0
193794 0
145016 0
244768 0
188151 0
184802 0
151118 0
115352 0
147167 0
211734 0
080781 0
062859 0
282003 0
127422 0
193204 0
244485 0
114974 0
279973 0
004681 0
120001 0
101862 0
135190 0
176602 0
259525 0
288794 0
278812 0
266856 0
186195 0
210650 0
069400 0
098454 0
282704 0
040552 0
083624 0
041694 0
113794 0
075638 0
040044 0
051912 0
127359 0
030678 0
081708 0
019512 0
285897 0
032980 0
286362 0
243930 0
250677 0
028674 0
117333 0
066871 0
185899 0
048305 0
068373 1
104416 0
039979 0
059513 0
094117 0
044481 0
005496 0
273492 0
250984 0
065150 0
095049 0
164166 0
052318 0
039469 0
061629 0
114885 0
243890 2
243895 2
244389 0
066712 0
206301 0
244175 1
244147 0
231175 0
283916 0
235586 0
281820 0
244174 1
234918 0
251199 0
244148 0
276238 0
263094 0
099679 0
270127 0
058058 0
050445 0
181295 0
227522 0
116979 0
093911 0
253743 0
182269 0
182743 0
188734 0
186023 0
284137 0
075106 0
235927 0
043922 0
267224 0
095192 0
070610 1
103783 1
071016 0
104189 0
069838 0
066786 0
240248 0
017690 0
259078 0
224284 0
174412 1
177264 0
192227 0
198120 0
284783 1
