232732 1
232735 1
155445 0
192357 0
064906 1
064828 1
180026 2
188535 0
064808 1
064597 1
064766 1
064797 1
064931 1
064922 1
154395 2
064688 1
176622 2
176651 2
182927 1
076977 2
177987 1
177160 1
014050 1
160515 1
014471 1
287922 1
287928 2
287934 2
287980 1
289957 0
145857 1
013083 1
155800 1
018978 1
155433 1
064913 1
064875 1
064905 1
288692 1
124017 2
124016 1
288572 1
069190 2
102363 2
066228 0
257264 1
257231 1
178103 1
152386 1
082827 1
152261 1
065730 2
065599 2
064319 1
065660 1
123998 1
182332 2
182331 2
152479 1
152494 2
075552 0
174773 1
123993 1
123160 1
064862 1
283802 1
077824 1
283766 0
064587 1
066356 1
232780 1
233102 2
066269 1
064822 1
284662 0
187164 1
186868 1
123959 1
123579 1
123697 1
230350 0
085968 1
176279 1
066347 1
066335 2
064483 1
064439 2
064501 1
064404 2
062746 1
188154 1
188132 1
188128 1
064487 1
064495 1
066445 1
189849 1
189837 2
189838 2
167884 1
167543 1
167547 1
167548 1
189530 2
189577 1
167000 1
167592 1
192395 0
164239 1
170382 1
170385 1
168257 1
168030 1
166028 0
187695 0
064920 1
192469 0
157979 1
189836 1
187357 0
064414 1
066225 1
064882 2
064871 1
064872 1
064857 2
064429 1
199662 0
064823 1
064821 2
170381 1
170384 1
086192 1
086184 1
192511 0
188540 0
087545 1
064585 0
170425 1
170426 1
170422 1
167602 1
167603 1
167582 1
168088 1
167942 1
163792 1
164101 1
164016 1
175829 1
162727 1
265828 1
265960 1
266057 1
265901 1
265906 1
265853 2
265858 1
187399 1
229773 0
190044 0
080444 2
048326 0
187267 0
154686 1
154668 1
187344 0
167604 1
167605 1
167583 1
166962 1
166963 1
166961 1
166872 1
162512 1
167525 1
167526 1
167509 1
169181 0
013006 2
164226 0
152485 1
230735 1
230469 0
064899 1
167643 1
167641 2
064826 1
101240 1
101239 2
101234 1
101217 1
101055 1
123067 1
123053 1
069434 1
102607 1
078206 1
077219 1
123983 1
124041 0
187891 1
123989 1
064869 1
064907 1
179932 0
170349 1
170347 1
064443 1
064777 1
252407 0
071542 1
104715 1
064814 2
170525 1
170585 1
284512 2
284523 1
284549 1
284569 1
284516 2
153025 1
157056 1
066094 1
066091 1
180547 1
127510 1
123999 1
182325 1
182330 1
124321 1
124627 1
068174 1
167593 1
167594 1
167584 1
210588 1
210624 2
192397 1
155656 1
151189 1
012743 1
155621 1
016988 1
260844 1
150737 2
187053 2
187072 1
064457 1
064472 1
064592 1
068379 1
167579 1
167596 1
167597 1
167559 1
167576 1
167577 1
064600 1
127367 1
064929 1
064843 1
064848 1
111402 0
123995 1
163112 1
163117 1
235905 0
124181 1
289802 0
067912 1
233541 1
124617 1
047985 0
124601 1
064805 1
124291 1
124437 1
188071 0
177251 1
014829 1
125888 1
123233 1
124459 1
123137 1
083131 1
167581 1
167599 1
167600 1
124420 1
124341 1
124344 1
124340 1
124343 1
009364 1
014659 1
126087 1
112921 1
065904 1
082809 1
082805 2
082766 1
131752 1
156877 1
156914 2
123940 1
099575 1
065969 1
065968 1
124337 1
287864 0
065893 1
123992 1
064790 1
177672 2
177696 1
177671 2
079186 2
079221 1
082812 1
182336 1
155257 1
167805 2
167788 1
069203 2
102376 2
069248 1
102421 1
077132 1
077124 2
077187 1
198890 0
013067 2
123726 1
123736 2
123743 1
176827 0
168076 1
196153 0
276130 0
180591 0
074823 1
167685 1
167686 1
252856 2
252843 1
086196 0
067599 1
185881 0
173060 0
184519 0
064435 1
178296 0
064409 1
152871 1
152910 1
152990 1
109561 2
064841 1
188423 0
124162 1
064914 1
124130 2
124097 1
124135 1
012958 1
169674 1
169687 1
066046 1
083034 2
082869 1
079032 1
076973 1
076974 1
108750 1
070355 1
103528 1
070356 1
103529 1
070389 1
103562 1
064475 1
068308 1
076916 1
076921 1
099038 1
099027 1
099018 1
076961 0
068337 1
064492 1
082658 2
082597 2
124425 1
279180 1
266056 0
171128 1
123391 1
081232 1
015059 1
257002 1
193625 1
193636 1
193621 1
193638 1
193637 1
193746 1
267911 2
267917 2
263808 0
169673 1
174742 2
174739 1
174992 2
174991 2
082087 1
177912 1
066088 1
115027 2
101872 0
005863 0
030649 0
018716 2
183179 1
099605 1
077286 1
077279 2
087843 1
087754 1
090333 2
084935 1
087835 2
068895 0
075854 0
071373 1
104546 1
071360 1
104533 1
071351 1
104524 1
200386 0
066131 2
066166 2
015300 1
183584 1
183557 1
183611 1
000594 0
186852 1
186853 1
153022 1
170337 1
223926 0
182363 1
287271 0
064839 1
065695 1
185092 0
160970 2
160995 1
112991 1
187496 0
021798 0
092976 1
077806 0
064499 1
288776 0
066723 1
150759 1
155665 1
112948 1
197451 0
170154 0
000415 1
130839 1
130800 1
123091 1
117459 0
130835 1
130810 1
150565 1
130808 1
130836 1
000359 1
018198 2
149428 1
130817 1
016844 1
016972 1
130811 1
000320 1
128439 1
016864 1
151170 1
133034 1
222775 1
146663 1
015769 1
016850 1
128151 1
128430 1
130805 1
130831 1
127238 1
123892 1
127536 1
130739 1
130773 1
124010 1
123536 1
000391 1
016188 1
130869 2
150624 1
151090 1
151213 1
016858 1
017179 1
149956 1
168934 1
222653 2
222655 2
127879 1
127825 1
130809 1
000327 1
000354 1
130799 1
124487 1
000325 1
017182 0
124466 1
130837 1
124438 1
124422 2
145836 1
148201 1
148202 2
016566 1
149316 1
000302 1
000323 1
130807 1
130816 1
000304 1
015726 1
123997 1
130852 1
000298 1
130833 1
156197 2
154071 1
000360 1
000390 1
130806 1
000322 1
016987 0
130896 1
130801 1
014506 1
129718 1
000783 1
129869 2
129868 2
129874 1
222739 1
130655 2
130672 2
130628 1
130639 1
130802 1
000356 1
130747 1
130840 1
016841 1
130859 1
130853 2
130850 2
000299 1
130843 2
015580 1
015597 2
000312 1
003165 0
150303 1
222923 1
000326 1
130818 1
147460 1
068019 1
164995 1
151137 2
151133 2
151124 1
168927 1
168926 1
124186 1
066249 0
017086 1
150323 1
016546 1
000431 1
150379 1
152711 2
152713 1
147305 1
000435 2
150087 0
150425 1
150434 1
124015 1
013144 1
124616 1
151602 1
124427 1
016933 1
150908 1
003174 0
150720 1
150985 1
150658 1
150677 2
150679 1
150681 2
150690 1
196181 0
133104 2
133098 2
133118 2
133173 0
124026 1
187334 1
187328 1
065886 1
065865 1
124550 1
124548 2
000353 1
015790 1
152047 1
152057 1
064893 1
012680 0
276204 1
125425 0
124260 1
184877 2
184878 0
095460 0
263682 0
130812 1
000318 0
128349 1
066462 1
149398 1
149400 2
156726 0
000297 1
128248 0
180076 0
124467 1
124470 1
176686 1
176636 1
176649 1
187204 0
175515 1
175446 2
175445 1
175371 1
151413 0
136265 1
085386 1
256381 1
170863 0
176972 1
176980 1
176981 1
176971 1
176984 1
176986 1
176990 1
007938 1
121351 1
176780 1
152720 1
249427 1
178513 1
175367 1
067093 1
067099 1
192796 1
039138 0
167886 2
167928 1
168506 0
184311 1
184304 2
144269 1
078716 0
011048 1
160046 2
160074 1
066802 1
066524 1
289368 1
139588 1
155748 0
114068 1
114210 1
160565 1
114249 1
151379 2
151304 2
151291 2
016824 1
016859 1
182908 2
176632 2
176633 2
176678 2
178332 2
178322 2
178331 2
178458 2
178464 1
016803 0
182260 2
182189 2
172998 1
180230 2
180232 1
183372 1
224475 2
224441 0
130885 1
130899 1
130846 1
007261 0
021587 0
183530 1
187227 1
177013 1
177070 1
006838 1
030552 0
064455 1
120333 1
120293 1
121978 1
009518 2
121979 2
167590 1
167591 1
167585 1
107719 1
173419 1
188295 0
047668 0
173426 1
173496 1
209843 1
210023 1
210320 1
117793 2
117758 1
117792 1
005454 1
120009 1
127607 1
178122 1
178107 2
117577 1
086107 0
192250 0
137552 2
137603 2
006290 1
150766 0
011899 0
000716 0
180159 2
180223 1
152851 1
042401 0
002444 0
164017 0
082974 1
199396 0
152824 1
152833 1
004302 0
179268 1
176324 1
218734 0
218213 1
177196 1
218222 1
124428 1
141194 2
141162 2
141224 2
141234 2
141210 2
284568 1
284548 2
284522 1
221523 0
191253 1
255761 0
200283 0
251938 0
102079 1
102113 1
102115 1
102155 2
102074 1
102027 2
007186 0
152127 1
099971 1
099977 1
125922 0
127591 0
067251 1
071481 1
104654 1
071514 1
104687 1
071482 1
104655 1
071513 1
104686 1
179479 0
155599 1
267709 1
081761 0
288712 1
288721 1
187935 0
064460 1
064459 1
076611 1
210842 1
210827 2
210816 1
000620 0
130847 0
220212 1
015637 1
149620 1
065045 1
019973 2
007401 1
089470 1
124063 1
017336 1
153638 1
080223 0
133129 2
010497 0
118773 0
276940 0
133159 0
070966 0
124615 1
064640 1
173308 0
064878 1
111105 0
124234 1
191910 2
192165 2
017150 0
284672 0
196906 2
196845 1
195702 0
107878 0
243984 0
192166 1
222522 0
052192 0
133623 1
227949 0
123925 1
124248 1
124257 1
064598 1
206885 0
005038 0
064273 1
005963 1
128481 1
128632 2
002230 0
039180 0
138805 0
062499 0
064818 1
187382 1
014590 0
154808 0
031584 0
115665 2
179799 0
162032 2
162076 1
076086 0
151231 1
201768 0
173852 1
182006 2
181990 2
181960 2
201860 2
224488 0
064850 1
285889 0
143610 0
285092 1
285209 1
076316 0
201558 2
192545 0
196783 0
151450 1
151233 1
175542 0
064928 2
124082 1
124117 1
124093 1
134091 1
146942 0
124354 1
124353 1
001323 1
004041 2
124191 1
124145 2
124516 1
124614 1
101448 0
123986 1
078480 1
185055 0
149852 0
123650 1
128446 0
082840 1
082847 1
070104 0
140754 0
037819 0
223730 2
224476 0
046988 0
064599 1
066419 1
082999 1
016948 0
133091 0
263039 0
192309 0
064419 0
087065 0
152501 0
123823 1
064881 1
064900 1
006114 1
066388 1
066332 1
064523 1
064530 1
001597 1
126709 0
065855 1
170877 0
252436 1
009187 0
130821 2
130830 1
069987 0
151952 0
099176 0
184890 0
006451 0
267710 2
267704 2
267701 1
015317 1
125416 1
064785 2
064786 1
127225 0
099255 1
064860 1
176882 2
123878 1
202799 1
202794 0
006698 0
134153 0
142926 0
033571 0
130079 1
130074 1
019849 0
130073 1
064474 1
143462 1
034372 0
154974 0
187508 1
064796 1
182324 0
050892 0
009907 0
206828 0
082238 1
082233 1
289955 1
289969 1
187317 0
065833 1
064908 1
148562 0
123967 0
012257 0
064588 1
064557 1
064590 1
076246 1
147684 0
236491 0
064782 1
173808 2
173809 2
173835 1
279797 0
145787 0
077354 2
077709 1
066656 0
005967 0
124408 1
123968 1
064840 1
124424 2
124432 1
075809 2
076133 1
084024 1
109215 0
124013 0
201610 0
124768 1
124770 1
125177 0
014827 1
125890 1
088349 1
088178 1
088180 1
127090 1
123883 1
123857 0
089271 0
015729 2
130604 0
054313 0
135156 0
064512 1
186569 0
082192 1
011639 0
112682 0
192224 0
082197 1
124395 1
181367 0
040907 0
013250 1
067907 0
287834 0
136219 0
014828 1
125891 1
124255 1
123709 1
124205 1
128322 0
064924 1
114223 0
164663 0
092305 1
092310 1
171254 0
093431 0
124397 1
124392 1
111433 2
111434 1
111432 2
111388 2
111773 1
070882 0
149829 1
124217 1
124220 1
124371 2
124390 1
124384 1
282202 0
252446 1
028681 0
123555 1
124872 0
127089 1
126882 1
071001 0
182414 0
231938 0
124283 1
086867 1
086368 1
232708 1
232707 1
064347 1
082049 1
136316 0
003641 0
044649 0
178101 0
124504 1
196357 0
208151 0
000308 0
155338 1
223600 0
124351 1
124352 1
030973 0
167458 0
146859 0
149794 1
150246 1
150247 1
148289 1
149281 1
134626 1
130160 1
131643 1
131640 1
131641 1
131671 1
017867 1
129194 1
018271 1
128914 1
130720 1
133163 0
017249 1
129633 1
017495 1
129432 1
136240 0
137577 0
151961 1
285754 1
224229 0
139823 0
143586 0
014815 1
125903 1
234952 0
130544 1
000418 1
188246 0
017934 0
091236 0
276308 1
037104 0
033496 0
079268 0
064863 1
000398 1
027100 0
017231 1
128669 2
128525 1
007842 0
151649 0
177039 2
064520 1
123418 1
269823 0
098558 0
177043 1
098456 1
098561 1
098601 1
098458 1
098457 1
098608 2
009345 1
121815 1
268762 0
018023 0
011700 0
064270 0
087216 1
101140 0
000075 0
094878 0
000358 1
130813 1
000319 1
017691 0
087185 0
087004 1
275089 0
124455 1
064619 1
079404 1
079197 1
082617 1
259120 0
127371 0
178741 1
155854 0
124957 0
124330 1
269869 0
221504 1
221525 1
136637 1
025691 0
006314 0
235627 0
081826 1
092040 0
077612 0
024781 0
064468 1
140175 0
192276 0
187855 0
167527 1
167528 1
167529 1
082078 1
082159 1
165939 1
167858 0
093433 0
182516 1
182514 1
182513 1
181942 0
189194 0
000527 1
124349 1
124360 1
131900 1
232370 1
232240 0
197999 0
123700 1
066835 0
189591 0
099024 0
223066 0
124812 0
071706 1
104879 1
153010 1
187625 1
110491 0
257220 0
284956 0
086749 0
241672 1
241659 1
193012 0
064427 1
066153 1
066149 1
066122 1
009392 1
064391 1
221503 0
187186 0
262596 0
126179 1
126721 1
159766 0
257642 0
218147 0
064390 1
064470 0
277469 2
199294 0
015122 0
070305 1
103478 1
070303 1
103476 1
124326 1
287737 0
078078 1
078073 0
077876 0
082918 0
028764 0
230067 0
082120 0
064467 1
124333 1
066137 1
098296 0
192539 0
157242 0
257226 0
066145 1
133528 0
124931 0
219040 2
277206 0
218259 0
126815 0
151165 0
124118 0
038818 0
085891 0
143910 1
162383 1
177605 2
177610 1
143755 1
143214 1
219596 0
133187 0
064768 1
074668 0
192475 1
192476 1
167400 0
074949 0
187358 0
143550 0
030613 0
155432 1
223680 0
182587 2
182596 1
220679 0
058587 0
009870 0
195562 2
189259 1
064526 1
064521 1
178580 0
244762 0
283768 0
124142 1
064917 1
189258 0
001057 0
086850 1
115715 0
235228 0
049909 0
128641 1
128640 0
180994 0
061852 0
086683 1
017980 0
144572 1
144672 1
064485 1
024701 0
232724 1
232722 1
059384 0
100528 0
232764 0
132823 0
177121 0
218837 0
193042 0
077221 1
064683 1
239393 0
232691 1
029469 0
255998 0
011384 2
169302 0
099016 1
099025 1
099032 1
232755 1
064471 1
023630 0
151568 0
099033 1
099030 1
099154 2
035014 0
232721 1
039348 0
124442 1
216711 0
142300 0
229847 0
158450 0
208326 0
036824 0
127546 0
070629 0
124447 1
015200 0
202144 0
068659 1
027179 0
067657 0
257088 0
011263 1
122687 1
124433 1
011314 0
152461 0
063675 0
083144 0
126981 1
051886 0
009891 1
122237 1
147226 0
141955 1
141920 1
126948 0
197811 0
014953 1
125782 1
068459 1
068467 1
064458 0
079993 0
067770 1
120321 0
064904 1
146588 0
109967 0
066338 0
256572 0
124273 0
192392 0
200239 0
061282 0
285753 1
034333 0
250826 1
230504 1
234986 0
009767 0
009395 0
192274 0
064385 0
188537 0
221911 0
112831 0
214197 0
066296 1
065850 1
065907 1
284043 0
054262 0
252243 0
068765 0
188815 1
009974 0
065770 1
013490 0
064671 1
256964 0
122206 0
064560 1
