278758 0
070284 2
103457 2
070151 2
103324 2
070059 2
103232 2
070056 2
103229 2
070061 2
103234 2
070085 2
103258 2
070108 2
103281 2
070010 2
103183 2
112385 2
111963 2
108202 2
097701 0
261760 0
041509 2
099086 0
114382 2
114462 2
114384 2
093941 2
093938 2
093892 2
093931 2
093942 2
094008 2
094071 2
094699 2
098366 2
109380 2
109381 0
099342 2
099069 2
099357 0
099790 0
097157 0
099083 2
097817 2
097815 2
097821 2
097857 2
097808 2
097925 2
097920 2
097949 2
096207 2
096231 2
096201 2
096181 2
099515 2
098070 2
098021 2
098097 2
098059 2
098644 2
098639 2
098629 2
098784 2
099092 2
098793 2
099104 2
098777 2
098104 2
098029 2
098010 2
098028 2
098068 2
098020 2
097973 2
097830 2
097974 2
108817 2
094081 2
094074 2
094056 2
094046 2
093948 2
095986 2
095958 2
094612 2
094558 2
094522 2
101876 0
093698 2
095399 0
004379 2
118512 2
111269 2
111268 2
111293 2
004171 2
118279 2
094827 2
094729 2
094749 2
094698 2
095032 2
094973 2
096043 2
094068 2
096003 2
096002 2
095882 2
096049 2
133661 2
133721 2
187021 0
096936 2
096894 2
092875 0
094020 2
093973 2
094019 2
093912 2
101189 2
101190 2
119817 0
113717 0
095978 2
101226 2
094055 2
094054 2
095614 0
097345 0
096209 2
096206 2
096685 2
095413 2
095398 2
094587 2
095659 2
101255 0
093889 2
093940 2
093853 2
093794 2
004518 2
118728 2
093114 0
138970 2
139214 2
140247 2
140355 2
140266 2
018169 2
128986 2
129068 0
131994 0
146000 2
145974 2
125036 2
133951 0
100245 2
100034 2
131127 2
100428 2
100303 1
100279 2
100378 2
133940 2
132568 0
067592 2
067615 2
067563 2
067636 2
067649 2
108710 2
108731 2
108729 2
100464 0
078739 2
078741 2
078746 2
078772 2
078778 2
078271 2
079654 0
062130 0
108802 0
018552 1
128739 1
018460 2
128788 2
128871 2
128870 2
128869 2
135085 0
125023 2
125021 2
243724 0
094178 2
094209 2
020886 0
117575 2
138459 2
138425 2
138468 2
117703 2
117708 2
117710 2
098354 0
138037 2
017303 0
004409 2
118566 2
006934 2
120557 2
004124 2
118235 2
007411 0
261084 0
098499 0
116573 2
099192 2
196375 1
012267 2
117564 2
117556 2
114151 2
005062 2
119461 2
119264 2
119260 0
092971 2
096240 2
072263 2
105436 2
074433 2
107606 2
126999 2
139721 2
017937 0
096418 0
137329 0
102061 2
066294 2
189892 0
092536 2
122607 0
098797 2
098781 2
132001 2
131999 2
131996 2
131993 2
118516 2
004419 2
001235 0
123285 0
074842 2
075008 2
074864 2
087982 2
141970 2
096648 2
088008 2
087998 2
087986 0
098529 2
098620 2
108127 2
144933 1
127702 0
051651 0
131020 2
131016 2
131014 1
131482 2
131490 2
131493 2
131460 2
131505 2
128136 2
140525 0
148908 2
060971 2
060968 2
155560 2
155568 2
061662 0
256268 2
256266 2
256264 2
256259 2
256244 2
202877 2
202878 2
202529 2
151732 2
152337 2
152334 2
152489 2
152457 2
152492 2
164649 2
164635 2
162048 2
133912 2
133920 2
133919 2
133773 2
011334 2
122716 2
122714 2
122712 2
122708 2
122690 2
194511 2
142538 2
258755 2
146800 2
201732 2
224815 2
224893 2
224903 2
224901 2
224816 2
224894 2
224748 2
224743 2
224741 2
224690 2
224759 2
193910 2
193987 2
219542 2
233730 0
152115 2
017392 2
129516 2
017318 2
129572 2
130291 2
130292 2
130318 2
257559 2
257540 2
257539 2
257534 2
144461 2
144448 2
149293 2
196446 2
164910 2
196450 2
190371 0
165225 2
163927 2
266984 0
233721 1
234100 2
268459 2
281621 2
164228 2
164156 2
163208 2
162959 2
163061 2
162985 2
157676 2
201811 0
179523 2
279290 2
006972 2
120597 2
142421 2
144446 2
144464 2
144447 2
144519 2
155575 0
275361 2
199021 2
153562 0
099295 2
099293 0
143418 2
143414 0
138447 0
176683 2
176680 2
192455 2
085261 2
085285 2
102086 0
244452 0
085206 0
220815 0
136132 0
017676 2
129322 2
005817 2
120432 2
120430 2
001887 2
132567 0
261063 2
261057 2
261068 0
182823 2
237341 2
281187 2
281036 2
281012 2
280972 2
280920 2
266398 2
159802 2
159806 2
159878 2
159879 2
159884 1
159886 0
257529 0
131746 2
126367 1
142387 2
142394 2
199741 2
163724 2
163725 2
163727 2
163730 2
131985 0
165988 2
166008 2
167959 2
242819 0
170092 2
169455 2
010774 2
158238 0
010349 2
122671 2
005703 2
120323 2
069740 2
102913 2
083156 0
076870 2
077026 2
069170 2
102343 2
077029 2
111735 0
197193 2
197197 2
197191 2
001997 0
177516 2
009871 2
122229 2
138528 2
138516 2
147441 2
147422 2
147443 2
147420 2
223292 0
138363 2
138334 2
138336 2
138306 2
146532 0
159721 2
159716 2
159666 2
009607 2
122050 2
110351 2
137110 0
128920 2
130398 2
064517 2
065068 2
065101 2
063264 2
063267 2
085184 0
063058 2
169756 2
168553 2
169746 2
169786 2
169771 2
169787 2
169754 2
169750 2
169744 2
001330 2
093802 2
001778 2
079747 0
130169 0
149696 2
159101 2
159093 0
063759 2
256483 2
188852 0
068637 0
190368 0
079227 2
079190 2
184854 2
132080 0
184857 0
065663 0
007217 2
120778 2
120708 1
120594 2
128747 2
133208 0
160190 0
141527 2
163739 0
014334 0
116147 0
095524 2
223994 0
117907 2
117927 2
116551 2
116967 2
117163 2
086601 2
000920 1
002762 0
099878 2
099834 2
099786 2
083900 2
280215 0
177947 2
177952 2
178726 0
139690 2
017936 2
129156 2
129223 2
119916 0
141550 2
142511 2
142521 2
141249 2
008402 2
129224 2
017845 2
129219 2
129222 2
090626 0
219441 2
219476 2
219420 2
219372 2
011266 0
230390 0
219507 0
032446 2
032442 2
032450 2
032502 2
031921 2
032485 2
101633 2
101635 2
101669 0
259558 0
130081 0
158158 2
112868 2
112754 0
145310 0
102108 0
228310 0
086596 2
086581 2
162827 2
162829 2
083309 2
083328 2
083343 2
162986 2
163062 2
018362 0
086637 2
240475 0
189109 0
260124 0
192032 2
066285 2
143423 2
087980 0
275779 2
253577 0
112328 2
201468 0
143222 0
151154 2
151160 2
151373 2
151168 2
090497 2
090713 0
188211 0
093951 0
108711 2
108730 2
108732 2
092554 2
092542 2
092463 2
092526 0
108624 2
118533 0
097696 0
186703 0
133746 2
232460 1
015251 2
125486 2
098280 2
065858 2
065854 2
067847 2
063851 1
063850 2
063331 0
032221 2
032223 2
032224 2
032198 2
065032 2
114205 0
004032 0
062701 2
139877 0
094990 2
146128 0
241136 2
006933 2
120556 2
094848 2
094752 2
101096 0
076285 2
243192 0
231476 0
112496 2
007070 0
133210 0
058378 0
010253 0
060989 2
060988 2
064203 2
064219 2
064258 0
093668 2
093659 2
114577 0
060902 2
060995 2
064162 2
064198 2
066154 0
085081 0
268490 2
268829 0
062733 2
086514 2
260644 2
131292 2
070582 2
103755 2
061345 2
061340 2
131495 2
131498 2
131510 2
131501 2
079302 0
146071 2
071389 0
131654 2
152714 2
251229 0
119474 0
243927 0
087602 2
070343 2
103516 2
070148 2
103321 2
199448 2
199420 2
199462 2
128152 2
144985 0
083219 2
083222 2
090825 0
083254 2
083253 2
083279 2
131414 2
131421 0
076093 2
084690 2
084521 2
084692 2
086015 2
084712 2
084714 2
084711 2
084707 2
156303 0
078325 2
078237 2
078236 2
078345 2
078404 2
142622 1
066732 0
065986 0
094232 0
052300 2
064817 0
010318 2
122637 2
146719 2
086654 2
145064 0
179214 2
084391 2
084237 2
083854 0
235939 0
010474 0
132097 2
001307 0
109467 0
084394 2
025131 2
018477 0
017894 0
083220 2
162429 2
132366 2
150615 0
097807 2
169781 2
169797 2
169798 2
097749 0
039340 2
144674 0
170250 0
168684 2
168685 2
131134 0
086138 0
189162 2
189161 2
189160 2
189169 2
189164 2
155212 0
201858 2
210042 0
195952 2
195950 2
195935 2
155996 2
113262 2
225504 2
225505 2
225522 0
084041 0
031159 2
031144 2
126897 2
126898 2
175706 2
078631 2
116483 0
126771 0
107756 0
270840 0
126366 0
287256 0
187114 0
094400 2
094432 2
094353 2
094245 2
097898 0
091286 2
091317 2
086462 2
092070 2
092249 2
093856 0
084634 2
084649 2
084631 0
014791 2
044916 0
062156 0
155236 0
098525 2
098508 2
098633 2
086655 2
086741 0
084568 2
084567 2
084566 2
084559 2
084558 2
027448 0
099647 0
101555 2
101412 2
131413 0
066425 0
119685 2
005543 2
120122 2
119701 2
012499 0
175594 2
109421 2
181843 0
101209 2
084628 2
084626 2
084629 2
064514 0
142441 2
139541 2
139618 2
139619 2
138878 2
142106 2
157024 0
272041 0
194856 0
129155 0
137450 0
230587 0
001120 0
028838 0
161444 2
161412 2
161413 2
161400 0
071022 0
284367 0
002844 1
232847 0
017314 0
098362 2
098360 0
271282 2
271136 0
177027 0
240432 2
240487 2
093202 2
093276 2
230643 2
058789 2
187313 0
085623 2
085591 2
137006 0
007756 2
121178 2
084945 2
110479 0
138287 0
097333 2
097335 2
096061 2
092951 2
111794 2
111762 2
004198 2
155289 2
238700 2
144337 2
141038 2
140978 2
140980 2
092934 2
059452 0
071377 2
104550 2
071364 2
104537 2
117639 2
100286 2
114971 2
098321 2
098324 2
098300 2
098302 2
098779 2
098801 2
098056 0
148104 2
056274 2
056677 2
048069 2
048075 2
142617 2
142637 2
142410 1
134798 0
279608 0
071453 2
104626 2
068298 0
114207 2
101791 2
108806 0
175188 0
252455 0
098045 2
237711 0
268171 0
095937 2
095961 2
096033 2
109982 0
069841 2
103014 2
244562 0
093182 2
270839 0
005707 2
120328 2
241468 2
241537 2
241538 2
083303 0
094188 0
288561 2
288510 2
288756 2
288729 2
252749 0
063334 0
287892 0
109030 0
065856 2
065912 2
065895 2
162409 2
092872 0
099731 2
099730 2
229487 0
033130 1
071684 2
104857 2
071710 2
104883 2
072189 2
105362 2
079079 2
009409 2
121867 2
132045 2
035821 0
114787 0
076297 0
066558 0
064317 2
064285 2
033351 0
066421 0
112951 2
112958 2
181536 2
009147 2
121639 2
001990 2
088043 2
088044 2
064669 2
009125 0
061265 0
089087 2
079592 0
083261 0
092622 0
033125 0
052305 0
163720 0
095470 0
286317 0
069157 0
121859 2
176745 2
176747 0
174704 0
169282 0
152923 0
129078 2
129074 2
018112 2
129046 2
256976 0
086603 2
138061 0
114915 2
085355 2
087632 2
085383 2
058855 0
067216 2
114911 0
083083 2
086283 2
158750 2
094297 0
081480 2
081487 2
095965 2
095941 2
225965 0
171578 2
171512 2
171511 2
171491 2
007759 2
121183 2
017740 2
129280 2
088441 0
058856 2
234884 0
139416 0
032986 0
017589 2
129394 2
129397 2
283164 2
283178 2
283473 2
059978 2
016514 0
236593 0
140197 0
013745 0
164349 0
056108 2
056357 2
042434 0
082453 0
147909 2
147835 2
034267 0
004538 2
110452 2
084829 2
091563 0
058096 2
058093 2
058050 2
058014 2
060859 2
033547 0
209680 2
271292 0
051632 0
018674 2
016861 0
156660 0
018831 0
098342 0
166059 0
123979 2
124355 0
158434 2
158390 2
094525 2
094355 2
110582 2
110676 2
094319 2
070933 2
104106 2
071135 2
104308 2
124676 2
124691 2
110550 2
141180 2
141213 2
000105 0
001861 0
068431 2
068432 2
147674 2
147680 2
147638 2
147651 2
147627 2
147626 2
142123 2
142059 2
141978 2
108847 2
108773 2
108814 2
109125 2
095786 2
118121 2
118112 2
118111 2
101039 2
010351 2
122672 2
122643 2
122665 2
122654 2
122595 2
122598 2
122561 2
122547 2
081330 2
081324 2
081320 2
101440 2
101437 2
138919 2
138900 2
146709 2
121209 0
011607 2
122798 2
122794 2
122795 2
109027 2
109025 2
109024 0
098612 0
033115 2
033131 0
116772 2
098450 0
229599 0
062946 2
062988 2
062970 2
063001 2
062991 2
063021 2
108091 0
068505 2
114529 0
135076 0
061054 2
064244 2
112401 2
058505 2
080038 2
074562 2
074788 2
137413 0
064547 2
109026 0
224040 0
064516 2
063416 0
131194 2
117563 0
118661 0
008411 0
042454 2
131198 0
126718 0
280276 0
153605 0
128138 0
113334 0
093054 2
093035 2
093010 2
002717 2
058253 2
058264 2
089981 0
061219 0
068744 0
011817 0
098281 0
170604 0
064298 0
123864 0
211970 0
058301 2
058274 2
111377 0
058208 0
280090 2
026874 0
095225 2
095228 0
127546 0
144444 0
011947 2
134146 0
042221 0
086487 2
061045 2
061086 2
064971 0
270223 0
061144 0
058532 0
142636 2
142650 2
111259 2
110609 2
111530 2
176743 0
004565 2
004507 2
118714 2
007940 2
121353 2
070319 2
103492 2
070323 2
103496 2
111511 2
075324 2
075341 2
070364 2
103537 2
070285 2
103458 2
070424 2
103597 2
070117 2
103290 2
070114 2
103287 2
070100 2
103273 2
070450 2
103623 2
070494 2
103667 2
070341 2
103514 2
070390 2
103563 2
094758 2
094754 2
094949 1
094368 2
094377 2
094378 2
094385 2
094379 2
094369 2
094244 2
061832 0
132577 0
095638 2
095600 0
114552 2
114596 2
114618 2
112096 2
112092 2
132764 0
110617 0
036482 0
094390 2
094389 2
094387 0
095217 2
095230 2
078530 0
256590 0
120799 2
120785 0
097344 0
252852 0
099527 2
099401 2
099521 2
094344 0
150027 0
009408 2
121866 2
097677 2
198555 0
009233 2
121709 2
007437 2
120948 2
179551 0
068254 0
157032 0
092580 0
015363 0
088919 0
214395 0
118199 0
011726 0
091352 0
149212 2
058285 2
058271 2
072036 0
149318 2
149319 2
133795 2
133536 2
133533 2
133539 2
133543 2
034577 2
032200 2
048659 0
133467 0
032328 2
032340 2
032341 2
032401 2
030579 0
149547 0
258918 0
192494 0
002688 2
147572 2
147559 2
147576 2
149140 0
181966 0
205055 0
098726 2
098771 2
098707 2
098848 2
013611 0
095745 0
063717 2
041810 2
217314 0
280229 0
269126 0
137945 2
137967 2
137991 2
137910 0
255889 0
169139 2
169140 2
034533 2
034541 2
034574 2
009919 0
100758 2
100751 2
100741 2
094832 2
095448 0
162208 0
071716 0
152784 0
032701 0
131145 0
135520 0
139053 0
194115 0
135685 2
033372 2
153939 0
015129 2
125610 2
014186 2
180465 2
180514 2
092710 0
046980 2
046905 2
124914 2
005187 2
119632 2
087943 0
077315 0
040694 0
099792 2
100549 0
061502 0
066301 0
017996 0
220835 2
220821 2
142003 0
087347 0
177695 0
017875 0
101880 0
125422 0
094966 0
230392 2
070221 0
199217 0
000809 0
113123 0
094051 0
153606 0
136763 2
255270 2
244662 0
025595 0
098441 2
098505 2
098461 0
098497 0
210746 0
182023 0
122705 2
011362 2
122728 2
094388 2
094380 2
128216 2
128167 2
011993 2
043302 0
273924 0
009382 0
159722 2
084148 0
133887 2
145317 0
180954 0
098411 2
279285 0
101868 0
261062 0
265209 0
015013 0
116747 0
023835 2
023769 2
186297 0
188782 0
002569 0
003745 0
060871 2
087668 0
075722 2
260973 0
048248 0
179751 0
088291 0
061364 2
061365 2
061368 2
061383 2
091983 0
061385 2
235247 0
114954 0
079071 0
098315 0
160358 2
151386 0
039713 2
085204 0
276881 0
098850 2
098847 2
098810 2
098751 2
098067 0
012582 2
018469 0
007726 0
093015 0
102009 0
284312 0
116110 0
190890 0
244202 0
075588 2
189118 2
099343 2
146534 2
181941 0
145142 2
075609 0
145156 0
083221 0
110350 0
277403 2
219616 2
015608 2
192808 2
192823 2
219985 2
154698 2
098977 2
098972 2
114843 0
159729 0
098443 2
086213 0
058863 0
137151 0
258017 0
077894 0
152331 0
099649 2
099588 2
099581 2
000329 2
009035 2
129692 0
197720 2
092615 2
092601 2
253210 2
253178 2
170138 0
100266 2
100241 2
065686 2
132566 0
198524 0
029478 2
029520 2
062972 2
062992 2
053145 2
253372 0
166326 0
182160 2
180178 2
180160 2
015077 0
068022 2
006630 2
