088377 0
002679 1
001444 1
086851 0
086698 0
091798 0
133642 1
133632 1
133668 1
133774 1
133770 1
158089 0
157848 0
133703 2
133702 2
133709 2
133707 2
182014 0
132050 1
133331 2
133299 2
133302 2
133297 2
133119 2
133100 2
133093 2
133088 2
133188 2
133171 2
133612 1
133610 2
133611 1
132010 1
132008 1
147739 0
133959 0
133729 1
133730 1
133723 1
132046 1
001458 2
133868 0
131953 2
132136 1
132080 1
140098 0
132135 2
132020 1
132019 1
132017 1
131954 2
133951 2
132052 1
169288 0
133427 1
133941 2
002855 1
133365 1
133358 2
132922 0
133664 2
133675 2
133598 1
133684 1
097530 0
133480 1
133015 0
133312 0
163967 0
141143 0
001109 1
007046 0
007436 0
158866 0
148999 1
149000 0
001580 1
007099 0
133669 2
130313 0
131613 0
134952 0
134305 0
181042 0
133665 2
133663 2
133649 2
132203 2
132182 2
132952 1
132938 1
132910 1
132955 0
132865 2
132860 2
142036 0
001459 0
109787 0
181041 0
131605 0
134003 0
133721 1
133661 1
261782 0
132839 1
132830 1
002777 0
100266 0
133389 0
134343 0
139214 0
147895 0
001445 1
114749 1
114712 0
100189 0
003102 0
004075 0
002845 0
134001 0
110962 0
132039 2
132021 2
130164 0
097563 0
133674 0
002488 0
133737 0
133891 0
183839 0
131975 2
131988 2
131970 1
147564 0
043123 0
002717 0
140288 0
131640 0
132677 0
005188 0
112622 0
133253 0
132396 0
066977 0
094074 0
138307 0
133376 0
132037 0
148181 0
258326 0
133746 1
011942 0
127977 0
117555 0
132858 1
133044 0
093071 0
131675 0
138824 0
114382 0
188534 0
091636 0
181971 0
133652 0
110527 0
137780 0
134449 0
101081 0
143263 0
159141 0
017268 1
128571 1
128620 1
128622 1
128653 1
128655 1
128659 1
128652 0
134005 1
258190 0
178071 0
193105 0
133138 0
132071 0
114824 0
131319 0
134076 2
133621 2
133581 2
133735 2
133585 2
179120 0
135126 0
150008 0
137993 0
007044 0
003340 0
164294 0
125010 0
132751 1
132685 1
132670 1
132666 2
156534 0
134275 1
132898 2
132825 1
132824 1
132807 1
132805 2
132803 2
009742 1
122139 1
122129 1
122110 1
122059 1
130385 0
123874 0
009594 0
011838 0
117943 0
137070 0
139093 0
099196 0
141911 0
144352 0
261991 0
133200 1
133195 1
043358 0
071066 0
098692 0
017629 1
129357 1
129405 1
129429 0
107706 0
127107 0
133853 2
133874 2
133871 1
133841 1
133829 1
002772 2
010357 0
142314 0
127799 1
127896 0
017250 0
009735 0
111595 0
158368 0
123034 1
123037 0
001242 1
108036 0
134024 0
133283 0
087548 0
154653 0
001131 1
002894 0
092764 0
079272 0
133131 0
109011 0
111224 0
108996 0
009029 0
071418 0
253311 0
080409 0
124919 0
146884 0
132844 0
000634 0
112546 0
102019 0
133556 1
133555 1
133552 1
133400 0
145734 0
145240 0
001278 0
109530 0
138037 0
130695 0
001240 1
097699 0
028378 0
092125 0
001135 0
010253 0
118398 0
161339 0
116616 0
231334 0
134108 0
002770 0
134307 0
134596 0
017246 0
157771 0
140020 0
131631 0
017759 0
006188 0
108586 0
133869 0
001744 0
180609 0
133339 0
148183 0
014865 0
133472 0
159142 0
128658 0
131729 0
181910 0
092467 0
133560 0
133348 1
133582 1
160375 0
134915 0
132606 0
094454 0
007671 0
159872 0
132771 1
091686 0
132407 1
132108 0
141182 0
131755 0
004877 0
001600 0
133108 0
146481 0
191891 0
133586 0
132431 0
234370 0
112385 0
132176 0
038854 0
186587 0
124121 0
043291 0
133753 0
113106 0
179121 0
160235 0
133915 0
132018 0
002592 0
007447 0
123876 0
127805 0
161824 0
115381 0
131683 0
160300 0
001887 0
226431 0
099179 0
180329 0
131946 0
138468 0
140094 0
001062 1
082652 0
274731 0
002364 0
132088 0
157854 0
092448 0
132856 0
133347 0
017965 0
133718 0
001919 0
080354 0
108044 0
127888 0
136929 0
110548 0
122021 0
160427 0
178066 0
137421 0
148907 0
131793 0
007268 0
012491 0
157686 0
148508 0
003066 0
138779 0
181051 0
017831 1
017815 0
043716 0
017962 0
131956 0
002218 0
152045 0
017832 1
110599 0
179502 0
059637 0
101650 0
101624 0
112595 0
138297 0
018134 2
129018 2
129054 2
130412 0
129059 1
134989 0
018569 2
128720 2
125067 0
216825 0
017688 0
112570 0
018215 1
017301 0
133715 0
129751 0
129588 0
126796 0
139375 1
097751 0
177201 0
181574 0
128869 0
200462 0
098962 0
131733 0
043885 0
134126 0
141668 0
138970 0
142680 0
157959 0
137143 0
134261 0
109211 0
134919 0
011468 0
133835 0
101109 0
099181 0
131610 0
129243 0
244652 0
117272 1
