211696 2
211748 2
181304 2
211698 2
126011 1
014706 1
126010 1
138972 2
120130 1
120139 1
120142 1
120140 1
120156 1
005589 2
120180 2
004783 1
119058 1
011488 2
122751 2
004581 1
118783 1
005575 2
120164 2
120154 2
005599 2
120194 2
009042 2
119613 2
118385 2
004271 2
118408 2
014845 2
125872 2
005834 2
120455 2
120450 2
120449 2
005309 2
119806 2
119786 2
005371 2
119895 2
119844 2
118395 2
118398 2
118397 2
004270 2
118407 2
118393 2
118392 2
005132 2
119543 2
004794 2
119072 2
119071 2
125865 2
130855 2
012509 0
014967 2
125763 2
125764 2
119178 2
119177 0
004273 1
118414 1
118428 1
004323 1
118445 1
087372 0
132770 2
001681 2
001586 2
014848 2
125868 2
001766 2
132773 1
132778 1
001063 2
128168 2
116549 0
131101 2
131021 2
015050 2
125674 2
128545 0
004212 2
118312 2
118709 0
132767 2
118755 1
118751 1
118748 2
118273 2
004727 2
118988 2
118987 2
007481 1
120971 1
120963 1
120968 1
120969 1
120962 1
120960 1
120959 1
123931 1
005130 1
119537 1
004331 2
118452 2
004275 2
118418 2
118409 2
004532 0
118105 0
100189 0
007949 1
121364 1
121363 1
007942 2
121356 2
118284 2
118285 2
118298 2
122760 1
122761 1
122764 1
122769 1
011550 1
122772 1
004676 2
118896 2
118874 2
004682 2
118908 2
130964 1
131017 1
131009 1
131008 1
004575 1
118779 1
137977 1
133397 1
133396 1
133391 1
133481 1
133473 1
002494 1
129996 1
011676 1
011697 1
011763 1
011924 1
129062 1
142570 1
010509 1
119652 1
119651 1
005250 1
119719 1
005340 1
119848 1
119963 2
147869 1
144749 1
144778 1
144716 1
144892 1
119145 2
119136 2
119081 1
119032 1
120040 1
124969 1
124964 1
128440 1
147217 1
004818 1
119096 1
258283 1
172765 1
172766 1
240277 1
240376 1
237275 1
237753 1
163863 1
163859 1
163843 1
155799 0
142011 1
285468 1
285461 1
009549 1
005227 1
119678 1
005177 1
119618 1
010276 1
122605 1
004732 1
118990 1
124241 0
004677 2
118897 2
118878 2
065684 1
065690 0
011850 1
004321 1
118443 1
118412 1
005498 1
120080 1
004531 1
118743 1
004863 2
119154 2
130275 1
118597 1
118589 1
120830 1
120865 1
004422 1
118581 1
005262 2
119732 2
005588 1
120179 1
005497 2
120078 2
120077 2
120172 1
005583 1
120173 1
015180 1
125565 1
120031 1
005467 1
120033 1
120032 1
011740 1
007503 1
120993 1
120958 1
120703 1
007081 1
120677 1
120336 0
001030 0
007227 1
120784 1
011739 1
009747 1
122143 1
118976 1
012464 1
122984 1
125194 1
009903 1
122246 1
009668 0
004725 1
118984 1
118965 1
118967 1
004500 1
118699 1
010221 0
123554 1
118501 2
123525 1
123526 0
006928 1
120542 1
120537 1
005214 1
119661 1
119649 1
119626 1
005180 1
119622 1
011487 1
007556 1
121047 1
118955 1
118948 1
118983 1
118961 1
118898 1
118899 1
118904 1
005477 1
120041 1
069684 0
005570 1
120158 1
118778 1
118787 1
018451 1
128794 1
009342 1
121812 1
005261 1
119731 1
005260 1
119730 1
179748 1
179744 1
179808 1
119107 1
004865 1
119157 1
115485 0
011941 1
118940 0
124036 1
118735 1
118698 1
004525 1
008024 1
121425 1
008003 1
121411 1
001429 1
126306 1
126300 1
112892 2
112884 2
112845 2
112830 2
009054 0
151208 1
151196 1
004909 1
119259 1
005606 1
120207 1
101966 1
018264 1
128927 1
146774 1
004417 1
118574 1
118572 1
118502 0
009601 1
120051 0
123654 1
174037 0
123656 1
119414 0
124743 1
124919 1
124755 1
118932 0
012521 0
123524 1
123503 1
005637 1
120241 1
100853 1
100852 1
100609 1
101974 0
011978 0
123965 1
123970 1
123972 1
123973 1
004514 1
118719 1
009005 0
012508 1
135556 0
124359 0
118657 1
111721 1
111720 1
111712 1
111226 1
271954 1
271953 1
271956 1
124222 1
124310 1
124264 1
005499 1
120081 1
120075 1
120065 1
012128 1
120181 1
004428 1
118605 1
005590 1
120183 1
126789 1
119361 1
004994 1
119362 1
012313 0
120326 1
004896 1
119231 1
005737 1
120350 1
004752 1
119024 1
119019 1
116623 1
116622 0
004991 1
119357 1
119217 1
000863 1
000812 1
017366 1
124182 1
124034 1
004982 0
133008 0
086550 0
121234 0
098859 0
145726 1
007894 1
121318 1
121305 1
004503 1
118702 1
118526 1
011774 0
005832 1
120453 1
005815 1
120431 1
119935 2
068467 0
119193 1
011830 1
100257 0
259688 1
192942 0
237672 1
004897 1
119232 1
124403 1
124478 0
012037 0
114806 0
127093 1
004951 1
119305 1
004707 1
118950 1
131743 1
148818 0
011958 1
122873 1
120949 1
120946 1
007353 1
120888 1
121808 0
011845 1
285303 0
222331 1
222433 1
123232 2
131376 0
131872 1
251045 1
251044 1
005383 1
119914 1
007182 0
121900 1
121909 1
121896 1
011894 0
162456 1
162452 1
015404 1
125335 1
015388 1
007087 0
009012 1
121533 1
009011 1
121531 1
017188 1
149927 1
117131 0
109740 1
109774 1
109108 1
108793 1
108402 1
108286 1
108253 1
086129 1
077917 0
001903 1
005790 1
120399 1
147994 1
147989 1
149471 1
147494 1
147978 1
149585 1
015166 1
252924 1
253238 1
253266 1
253239 0
007337 1
120872 1
159353 1
159634 1
159576 1
159472 1
159474 0
128157 0
123708 1
145646 1
124237 0
118797 0
144652 0
127851 0
117171 1
147587 1
147607 1
264478 1
264482 1
140289 1
119572 1
119576 1
168155 1
134106 1
141018 1
141017 1
141013 1
008472 1
124611 1
012438 0
005818 1
120433 1
120422 1
006845 1
120486 1
120421 1
123224 0
145651 0
010303 1
109519 2
011904 1
122861 1
028580 1
028603 0
259690 1
259692 1
259677 1
259671 1
259673 1
142251 1
223272 1
192007 0
212613 1
152937 0
141906 0
011916 0
101238 0
123635 1
123642 1
123641 1
007153 1
120721 1
120704 1
109568 1
109462 1
253486 1
253585 1
010012 1
006915 1
120529 1
009010 1
121530 1
001184 1
004432 1
118612 1
115409 0
101464 0
067908 1
009959 1
170607 1
222988 1
264813 0
087316 0
176774 1
157130 1
111510 1
054367 1
147687 0
122475 0
117441 0
128060 0
289914 1
090298 0
095442 0
124864 0
009612 1
122052 1
149654 1
175297 0
027344 1
258929 0
123282 1
123242 1
141483 0
122400 0
131873 1
001036 1
079472 1
004816 1
119095 1
075781 0
004720 1
118979 1
059788 0
253434 1
253451 1
201259 0
012014 0
194236 1
032127 1
032125 1
243979 0
039077 1
038806 1
038807 0
062059 1
125280 1
015468 1
125279 1
125281 1
146476 1
146471 1
000713 0
013988 1
146451 1
014020 1
224948 1
224907 1
224908 1
224870 0
126659 1
126811 1
126348 1
126365 1
133260 1
133261 0
125487 1
015264 1
125472 1
136554 1
006807 1
009204 1
009242 1
007661 1
121115 1
227207 1
121718 1
227221 1
227213 1
227224 1
222713 1
243132 1
243791 1
062097 0
189373 1
189449 1
189492 1
171456 0
254593 0
149706 1
015594 1
149750 1
015577 1
149657 1
015612 1
149656 0
015607 0
177604 1
177608 0
150020 1
166046 0
014782 1
125948 1
125950 1
165129 1
165130 1
191565 1
191570 1
191572 1
184751 1
183274 1
289290 1
289288 1
289305 1
289306 1
289326 1
174487 0
135391 0
183280 0
119491 1
278213 0
015111 0
118816 0
064811 1
123599 1
123585 1
113360 1
244210 1
244220 1
244183 1
097488 0
239051 1
239052 1
239039 1
239010 1
239361 1
239362 1
238990 1
194205 0
046042 1
046043 1
046273 1
193345 1
066960 1
066958 1
066968 1
015500 1
125255 1
004942 1
119293 1
000010 1
007344 0
127053 1
128793 0
235759 1
235639 1
125193 0
123754 0
069526 0
012273 1
012468 1
000065 1
000008 1
124745 1
124767 1
124771 1
124975 0
012160 0
071433 1
104606 1
071428 1
104601 1
070528 0
011893 0
052279 1
085622 0
168987 0
122645 1
010358 1
122679 1
011310 1
147077 0
098963 0
096939 1
096914 1
231149 0
204137 0
198485 1
203829 1
122295 1
288492 1
288462 1
288491 1
260343 0
058346 0
123496 1
123470 1
123493 1
005236 1
119691 1
023054 0
007429 1
120942 1
009050 1
121555 1
121554 1
121524 1
125141 0
005831 1
120452 1
120444 1
120443 1
120442 1
120441 1
120423 1
111062 0
141286 0
011751 0
041036 0
053397 0
078797 0
148263 0
221534 1
221535 1
158218 1
161499 1
161498 1
158211 1
158208 1
223253 1
119149 0
257570 1
257571 1
263904 1
157799 0
263999 0
186142 1
182137 1
260616 0
044037 0
094934 1
094929 0
222652 1
222106 1
191172 1
220529 0
143821 1
130284 1
130353 0
166913 1
123711 1
123824 1
123801 1
006926 0
119013 1
119008 1
215450 0
223941 0
223832 0
197538 1
197375 1
197368 1
132861 1
132864 1
002004 1
002015 1
142287 1
142166 1
231082 1
231123 1
132862 1
085898 1
085976 1
121340 1
121339 1
121317 1
121314 1
007990 1
121396 1
121383 1
126005 0
152936 1
052067 0
199477 0
151864 1
149390 1
286169 0
144800 1
144780 1
135200 1
131296 0
140933 0
173379 0
162170 1
162355 1
163861 0
137264 0
120268 0
095319 0
193466 1
017892 0
145583 1
145679 1
145678 1
036470 1
191654 1
164021 1
164027 1
164023 1
191680 0
191099 0
234067 1
243012 0
218897 0
088225 1
088369 1
088424 1
088436 1
088442 1
012516 0
004572 0
233308 0
012163 0
002007 0
225169 1
225166 1
240809 0
195537 1
194019 1
194012 1
195940 1
190039 1
190050 1
124995 1
125187 1
125175 1
124994 0
227239 1
036468 1
011477 0
008941 1
175738 0
019688 0
147122 0
284603 1
284604 1
056144 1
056058 1
055155 0
011991 1
179101 1
179105 1
179110 1
208366 0
077321 0
062099 1
177155 1
140690 1
140711 1
140682 1
008542 1
167652 0
198483 0
009561 1
122010 1
191274 0
175615 0
043676 0
002306 1
257558 1
257555 1
133698 1
133706 1
004617 1
118818 1
118730 1
145286 1
145247 0
143409 1
009049 1
227248 0
153585 1
278081 0
176837 1
176839 1
176844 0
157763 0
199928 1
009083 1
187131 0
257807 1
257817 1
031426 0
128370 1
128246 1
125125 1
125104 1
125126 1
124060 0
144221 0
011985 1
009562 1
122011 1
130110 0
030303 0
262796 1
262808 1
262807 1
262969 1
125693 0
034810 1
034781 1
000752 0
124226 0
265436 1
265395 1
265415 1
048544 0
242843 0
257387 1
257444 1
257445 1
257332 0
184793 1
204214 0
190064 1
190113 1
183055 1
183053 1
190112 1
183056 1
182989 1
183045 1
064380 1
167878 1
167938 1
167939 1
211455 0
009001 1
121518 1
076099 1
076059 1
076009 1
230912 1
230921 1
170195 0
128247 0
075650 1
018071 0
170190 0
029491 1
030002 1
024094 1
010385 1
124904 0
193903 0
230245 1
230204 1
046441 0
088302 1
089654 1
089628 1
007342 0
276696 1
089567 0
130684 1
000342 1
036450 0
169408 0
075977 0
011974 1
127312 1
119365 0
127204 1
127189 1
127188 1
127178 1
115305 1
011709 1
260444 1
260381 1
260412 1
009660 0
118386 1
004263 1
118399 1
260198 1
260153 0
118175 1
118115 1
256383 0
176788 0
124663 0
170197 1
155826 1
155834 1
153013 1
223426 1
223427 1
223267 1
255910 0
015305 1
125429 1
125430 1
162838 1
026464 0
122853 1
175768 0
018256 1
128935 1
009071 0
018619 0
007434 1
120947 1
120934 1
097801 1
100415 1
095631 1
095190 0
127629 0
140899 1
140895 1
225993 0
121044 0
009942 0
111946 0
131474 0
146161 0
017220 0
283688 0
009780 1
122175 1
235017 0
064406 0
182867 1
121095 0
231842 0
186805 0
148588 1
118707 1
000873 1
110024 1
221167 0
007285 0
238615 1
238679 1
239387 1
222371 1
255483 1
080015 0
195202 1
195246 1
075874 0
197334 1
197296 1
197154 0
007005 1
108329 1
194680 1
243518 1
243604 1
243562 1
060447 1
011964 1
095630 0
031225 0
211560 1
211532 0
142562 1
142556 1
095285 0
005092 1
220747 1
220753 0
018250 1
230447 1
230446 1
230435 0
212914 1
258710 0
186859 0
166068 1
166167 1
166256 1
167141 0
118647 1
130820 0
000113 0
227560 1
227441 1
227561 1
227249 0
182121 1
287253 1
135127 0
126612 1
126598 0
010235 0
187639 0
137428 0
011269 1
133837 1
133833 1
133799 1
133787 1
011343 1
116474 1
116657 1
116654 1
116328 0
111315 0
278048 1
278128 1
259964 1
259971 1
108164 0
005415 1
119972 1
007339 1
120874 1
119971 1
119961 1
134664 1
137865 1
137798 1
006338 1
289915 1
154628 1
154647 1
154694 1
136567 1
136621 1
136612 1
155795 1
152764 1
155489 0
135206 1
134894 1
135675 0
139018 1
006653 1
139020 1
145450 0
145045 0
228422 1
006525 1
027545 1
027546 1
001087 1
002992 1
252893 1
236867 1
199249 0
139561 1
139559 1
139617 1
139540 1
081437 1
020169 1
020171 1
020193 1
090210 1
090061 1
004433 0
257946 1
257945 0
095886 1
095852 1
095738 1
095742 1
095617 1
095645 1
266253 0
148008 0
008471 0
053960 0
176654 1
015332 1
125405 1
015335 1
125402 1
125403 1
125414 1
146834 0
015319 1
125413 1
004469 0
115001 1
114994 1
111273 0
148079 1
016613 1
147616 0
031664 1
031677 0
276258 1
276311 1
276334 1
276313 1
178175 1
178442 1
015412 1
125326 1
004385 1
118522 1
034641 1
182710 1
182768 1
182848 1
032178 1
027296 1
034587 0
152880 1
025951 0
034679 1
115079 1
115078 1
153083 1
097016 1
096659 0
037088 1
034543 1
034562 1
086490 1
078934 0
060702 1
060697 1
123264 1
123262 1
145835 1
145839 0
169886 0
082137 0
037087 0
060753 0
017218 1
129659 1
223476 1
223458 1
111541 0
133085 1
017728 0
142932 0
258985 0
227155 0
223478 1
223487 1
010379 1
042208 1
041660 1
042334 1
027047 0
096417 1
113942 1
113936 1
124693 1
014143 1
179433 0
118500 0
150078 0
024458 0
015318 1
125415 1
125417 1
125348 1
125362 1
015389 1
125345 1
125346 1
126191 1
126170 1
000029 0
015225 0
148795 1
285671 0
197426 0
036798 1
017897 0
209602 0
009838 1
122215 1
177843 1
177845 1
177541 0
182221 1
182247 1
064833 0
009864 1
115142 1
115163 1
116621 0
075328 0
060443 1
060341 1
007980 0
028651 0
007813 1
121229 1
005794 1
120404 1
011939 0
119254 0
005200 1
119648 1
119633 1
007085 0
241298 1
241155 1
142207 1
142199 1
008159 1
163417 0
008039 1
121433 1
016434 0
009206 1
119646 1
009243 1
121719 1
134516 0
116329 0
201952 0
153087 0
042558 0
007224 1
057891 1
058008 0
118760 0
051646 0
140898 0
127627 1
128125 1
127595 0
000420 1
086672 1
086361 1
086303 1
152754 1
152763 1
076273 1
076917 1
076913 1
122710 0
082068 0
119707 0
062173 1
062183 0
128070 0
185338 1
185411 1
185414 1
146985 0
005299 1
119792 1
119764 0
169090 1
060984 0
035934 0
077654 1
158077 1
155349 0
121527 0
079441 0
124027 0
004339 0
200804 1
200799 1
200727 1
199905 1
004930 0
064984 0
012548 0
151307 0
010217 0
199898 1
264476 1
264465 1
264602 1
264600 1
264194 1
264182 0
265558 1
265833 1
080017 0
266816 0
010890 0
130627 1
045667 0
132867 1
132818 1
001011 0
009072 1
121579 1
121575 1
260713 0
164124 1
164127 1
064004 1
121559 0
286744 1
286741 1
012102 1
122895 1
014987 1
125741 1
177693 1
177509 1
177778 1
177515 1
177525 1
058929 0
199111 0
186279 1
132116 1
132210 1
132226 1
015269 1
125469 1
070164 1
103337 1
165230 1
165220 1
002755 1
002600 1
002593 1
220078 1
219949 0
126915 0
186041 1
185853 1
149189 0
000910 1
001197 0
202439 1
200342 1
219867 1
219869 1
220160 1
219831 1
219845 0
175635 1
276457 1
219799 0
080349 0
011768 1
285856 0
009965 1
122296 1
128721 0
000076 1
125063 0
102002 0
070071 1
103244 1
017582 0
075353 1
075338 1
005091 0
164948 0
038504 1
037944 1
037997 0
230978 0
146509 1
011181 0
109132 1
109167 1
074799 1
074735 0
001926 0
109032 1
109186 1
017912 1
265064 0
009150 0
171676 0
075962 1
075959 0
067675 1
157562 1
077233 1
280581 1
059466 1
034581 1
077257 1
161522 1
161546 1
161549 1
157279 1
157280 1
111932 0
088433 0
111027 0
146027 0
145223 1
142765 1
143038 0
269007 0
221996 0
096498 0
114208 0
180843 1
180841 1
180888 1
180487 1
180472 1
180478 1
180678 1
180683 1
145246 1
119747 0
124485 1
067168 0
032115 1
032110 1
071969 0
171403 0
001806 0
120169 0
286936 1
286954 1
256713 0
108297 1
108393 1
108289 1
108368 1
195553 1
195554 1
195541 1
192636 1
186807 1
145947 1
145954 0
127626 0
124204 1
124261 1
195934 1
195557 0
109221 1
109081 1
009078 1
121586 1
011552 0
243929 1
108946 0
133594 1
121906 0
065180 1
065161 1
037432 1
139926 0
010568 0
234409 0
018081 1
134270 0
017818 1
000115 0
260122 0
153584 0
133172 0
133572 0
074426 1
107599 1
072277 1
105450 1
018520 1
063325 0
007792 1
007817 1
121233 1
075571 0
122979 1
027889 0
192947 0
162025 0
137113 1
137097 1
136346 1
136338 1
135649 1
136328 1
135637 1
135321 1
163288 1
135298 1
135283 1
163321 0
231124 0
048970 0
159480 0
140722 0
115476 0
163382 0
018499 1
097186 1
097185 1
018013 1
134232 0
182666 1
182670 1
125072 1
111808 1
111100 0
176119 1
182700 0
176165 1
176176 0
052276 1
125703 0
188153 0
066419 0
041866 0
120668 0
163563 0
144645 0
130095 1
162689 0
063109 0
017753 1
018165 1
145611 0
148808 0
242712 0
155830 1
290080 0
272768 0
190348 0
033110 0
124880 1
124916 1
124881 1
124819 1
124854 1
011293 0
064110 0
148220 0
004877 2
119181 2
112106 0
067142 1
067123 1
280203 0
120878 0
244982 0
148229 0
258005 1
168040 0
132802 1
132732 1
132746 1
260304 0
011346 1
016433 1
001493 0
258002 1
280013 1
280020 1
148730 1
148709 0
174501 0
154832 0
017429 1
017378 0
010102 1
280004 0
122404 1
152221 1
152222 1
018803 1
029979 1
241646 0
126077 0
182147 1
062582 0
001231 1
147615 0
000411 1
012294 0
112148 1
121221 0
051805 1
051806 1
051828 1
200783 0
158314 0
001427 0
005219 1
126201 0
064553 1
055254 1
134051 0
119132 2
090438 0
205383 0
040689 0
000521 0
120713 1
120694 1
060619 0
025957 1
025942 1
220589 0
242420 0
243379 1
243372 1
186790 1
186800 0
152768 0
169409 0
018174 1
128981 1
081120 0
116614 0
128477 0
243396 0
125901 1
125889 1
125002 1
015128 1
125611 1
128610 1
032527 0
278964 1
288037 1
288039 1
125001 0
125613 0
240013 0
128469 1
128611 1
000134 0
129395 1
129341 1
129398 1
129343 1
123020 0
203943 0
123890 0
141844 1
141785 1
141790 1
040325 1
174920 0
253225 0
069502 0
155482 1
155486 1
161783 0
100716 0
145851 1
145865 1
145892 1
007266 1
120811 1
007132 1
120712 1
120695 1
007080 1
120676 1
005826 0
120439 0
174437 0
078872 1
131024 0
111665 1
071035 0
012148 0
035231 0
118942 0
137443 1
018178 0
174848 2
174836 1
128860 0
203148 0
179849 1
244933 0
109225 1
109224 1
124532 1
139016 1
138961 1
139019 0
238899 0
116302 1
007145 0
199964 1
199955 1
283439 0
031274 0
119497 0
112198 1
112153 0
169724 0
241813 0
118498 0
064356 0
288376 0
141340 0
119343 0
005833 0
183627 0
195666 0
016375 1
016345 1
148604 1
149949 1
150010 1
150048 1
150069 1
150086 1
018735 1
148563 1
164145 0
079754 0
126591 0
122088 0
125145 0
171187 0
009452 0
227250 0
121176 0
091265 1
168809 0
256682 0
021994 0
111197 0
157800 0
196958 1
220313 1
221711 1
121150 1
222309 0
079758 0
155314 1
159754 1
154722 1
154743 1
143084 0
194679 0
197681 0
153363 1
151494 1
155789 1
155790 1
154774 1
154779 1
159863 1
159814 1
159937 1
166677 1
166669 1
141336 0
176028 0
136552 0
222449 0
002288 1
147017 1
145765 1
113405 0
257524 0
155801 0
036160 0
148593 0
150003 0
241303 0
017380 0
028011 0
147362 0
145832 0
026754 1
225856 1
225815 1
226009 1
226015 1
225708 0
109429 0
148136 1
147153 1
147146 1
000582 1
160401 0
130186 0
147955 0
148632 0
140956 1
140959 1
140948 1
156485 0
004703 1
118941 1
018120 1
129031 1
017932 1
145220 1
155679 0
141363 0
140902 1
046174 1
046107 1
152938 0
004431 0
231129 0
001564 1
201805 0
058097 1
058120 1
091576 0
100914 0
145268 0
285574 1
285563 1
168219 1
124774 1
124765 0
059437 1
224647 0
127398 0
275985 0
124361 0
178600 0
126332 0
151403 0
077942 1
077934 1
077914 1
078849 1
078830 1
078787 0
084170 0
000522 1
004634 1
118839 1
118836 1
118819 1
118741 0
003753 1
221842 0
123548 1
123547 1
007672 0
005469 1
120037 1
003670 0
120036 0
194676 1
262123 0
052043 1
116174 0
098388 1
050198 0
288783 1
288765 1
007512 0
098350 1
052048 1
051989 1
060940 1
060896 1
060945 1
026133 1
144043 1
144037 0
011501 1
000675 1
130046 1
051987 0
120877 0
066157 1
100059 1
080076 0
142488 1
010452 1
065178 1
273061 1
273065 0
060289 0
007585 1
121069 1
164139 0
157075 0
139601 0
005572 0
088688 1
088687 0
008645 0
099113 1
099142 1
143976 1
182698 1
090393 0
226232 0
108462 1
108448 1
194471 0
015235 0
007983 0
159860 1
159869 1
159911 0
159914 0
182733 0
149800 0
000578 1
130523 1
000575 1
130528 1
130117 1
000843 0
038636 1
055534 0
006307 0
009858 0
097645 0
006083 1
006102 1
121556 1
129030 1
018119 1
139059 0
163385 1
163420 1
159684 1
084156 0
212835 0
008329 0
289481 0
001449 0
278215 0
053122 0
273117 1
250251 0
165583 0
131478 0
175646 0
026544 0
165183 0
109556 0
160869 0
008369 1
124749 0
014901 0
184689 1
170191 0
101665 0
147054 0
062102 0
066890 0
124553 0
151366 1
082736 1
082703 0
150215 1
150223 1
168218 1
157937 1
157994 1
157966 1
169507 0
081593 0
147375 0
120425 0
144362 0
013133 0
081667 1
090645 0
185807 1
285313 0
004859 1
