085524 1
010305 0
018145 2
115245 2
113573 2
113600 2
010298 2
082362 0
117089 0
131477 0
080586 0
065268 2
025309 2
156872 2
156873 2
188475 0
201258 0
043640 0
135618 1
022398 0
131812 2
131798 2
131875 2
131791 2
002358 1
002952 1
134318 2
002393 0
047560 2
188725 0
134989 0
266540 2
266582 2
027104 0
192317 0
014596 0
180752 1
013161 0
041627 2
262452 2
269301 0
015065 2
125665 2
147577 2
147431 2
147377 2
188438 1
188465 0
275726 2
275736 2
275710 2
270824 0
165103 2
028855 2
028845 2
033670 2
243426 1
087337 2
083067 1
027960 1
169352 1
169256 1
163233 2
025214 0
019053 0
086871 1
085563 2
046562 1
042736 1
043439 0
044250 1
059149 1
059140 1
200983 2
221708 2
276206 1
178675 2
201081 1
200969 2
199560 2
231729 2
231734 2
196436 1
288056 0
219756 2
219768 2
279544 1
019237 0
201400 0
232047 0
086484 1
081660 0
164504 2
164492 1
163880 1
181541 2
181534 2
181522 2
161512 0
162927 0
031620 1
086117 1
032133 2
041116 1
041103 1
082131 2
082139 2
062473 1
061796 1
101389 0
054450 2
054425 2
058295 1
098222 1
028390 0
024026 0
260990 1
261018 1
261046 1
263369 0
041609 1
028432 0
233688 0
214878 0
088248 0
203776 2
164498 1
164494 1
198224 0
042016 0
018757 0
133240 0
029261 0
243192 2
243183 2
243191 2
080734 0
276653 0
270829 0
008667 0
032651 0
030282 1
032811 1
025448 0
028611 0
146850 0
164675 0
040992 1
115806 1
115807 1
007089 0
289343 1
289268 1
243465 1
243459 0
052743 1
052729 0
254321 1
023147 0
223166 1
126329 0
025257 0
286574 0
254322 1
025589 0
160721 0
270635 1
022376 0
188679 0
051265 0
038268 0
180750 0
024439 1
023183 1
164462 0
022682 1
188305 0
266532 0
097780 0
032836 1
032794 1
109765 0
270873 0
045271 0
261311 0
024576 0
089329 1
156353 1
156398 0
065001 0
009413 0
194282 0
166139 0
067419 0
058159 2
269555 1
099965 0
114295 0
095209 1
235031 0
243227 1
260972 0
182718 0
084821 0
025484 0
219847 2
040778 2
040803 2
082138 0
023068 1
023065 1
023007 1
019780 0
045985 1
046004 1
266101 0
166287 0
155605 0
097921 0
163332 0
188437 0
255880 0
149142 0
005560 0
044567 0
088254 0
135486 0
221740 0
279742 0
272621 2
221441 2
159465 2
125337 0
037044 0
128375 2
202519 1
125331 0
279543 0
188462 0
035966 0
023135 0
139042 0
023063 0
190438 0
041276 0
158086 0
253816 1
253905 1
254681 1
254757 1
273790 1
273798 0
149965 1
149966 1
277771 0
010561 0
177350 0
198291 0
008625 0
223504 1
223513 1
225149 1
225150 0
225151 0
009626 0
151200 1
045809 0
008857 0
008711 0
144875 0
019336 0
040913 0
272377 0
042013 0
027825 1
137440 0
162921 0
278838 0
229563 0
025714 0
031742 0
041121 1
269508 0
058926 1
041325 1
041346 1
163027 0
043798 0
041247 1
045812 0
058294 0
046003 0
078968 0
131028 0
025614 1
266697 0
022244 0
115926 0
041091 1
041088 1
041086 1
041074 1
045551 1
045596 1
046128 0
045416 0
041690 0
161852 0
087497 0
164291 0
045821 0
022405 0
009426 1
018663 1
197998 1
198035 1
122303 0
287500 0
079742 0
162992 0
083032 0
010216 0
039805 0
038130 0
015417 0
203181 0
109986 0
025413 1
034268 0
085278 2
085293 2
130492 0
028610 0
190322 2
270821 1
270969 1
054159 0
288057 0
159309 0
093329 1
270940 1
270930 1
270971 1
274038 0
188602 0
275793 0
093225 1
093266 1
262155 0
062576 0
093308 0
113278 0
243406 1
243411 1
243416 1
243419 1
243425 1
243427 1
080459 0
225165 1
226319 1
225177 1
225167 1
226318 1
253915 0
220671 0
023390 0
025677 0
093404 0
269876 0
201255 0
033594 1
075626 0
116317 0
077365 0
077779 0
019929 0
212687 0
005750 0
207054 0
098950 0
043630 0
288194 0
083387 1
096580 0
242605 0
192328 0
034982 2
063587 0
077951 0
060606 1
088255 0
274751 0
043817 0
160364 0
062996 0
016856 0
014207 0
028366 0
219918 0
007309 0
025762 0
188643 0
031741 0
037046 0
025583 0
116778 0
240103 0
142145 0
136198 0
095592 0
277907 0
056140 0
241933 0
164751 0
270915 2
270917 1
029562 0
083018 0
219135 1
274597 1
219182 1
270925 0
219942 1
174678 0
048685 0
150329 0
082105 0
035001 0
219550 1
078408 0
264137 0
187035 0
260991 1
261019 1
261047 1
161356 0
211798 0
211241 0
271065 0
275725 0
261313 0
199182 0
023884 0
064233 0
284010 0
006341 1
137812 0
231559 1
211122 0
264409 0
288085 0
049754 0
191138 0
063646 0
087415 0
229607 0
137335 0
068441 0
224046 0
253914 0
269934 0
040999 0
079119 0
003762 1
135641 2
242580 0
125322 0
061088 1
162917 0
026790 0
286997 1
287006 1
286763 1
286775 1
260871 0
188825 0
042528 0
049607 0
287328 0
283190 1
283220 1
283223 1
283192 1
283191 1
288149 0
112097 0
100294 0
052860 0
141238 0
287951 0
051490 0
155532 1
062015 0
101338 0
170037 0
153126 0
141388 0
134005 0
163958 0
188756 1
188752 1
188724 1
135992 0
188611 0
188726 0
155639 0
222411 0
078201 0
067172 0
137073 1
243994 0
033322 0
187927 0
108158 0
047897 0
122343 0
115433 0
188472 0
286572 0
186610 0
083153 0
084076 0
078601 0
273838 0
039092 0
198226 0
164346 0
188288 0
027018 1
264038 0
267282 2
266696 0
001249 0
115338 1
