256187 2
256184 2
278461 0
226071 0
256204 2
256429 1
256509 0
256283 0
256341 2
256353 2
256194 0
256398 2
256342 2
256765 0
256157 0
256402 0
263018 0
286739 0
227148 0
265662 0
223918 0
087766 2
023741 0
083568 1
111869 1
111870 2
046055 2
080450 2
046342 2
162230 2
229648 0
082624 2
050537 1
080022 2
078291 2
040906 1
085082 1
085068 2
043632 1
045776 1
041485 1
162298 0
043624 1
162229 2
065952 2
085081 1
077613 2
162228 0
080266 2
040149 1
044154 1
059257 2
083230 2
029387 2
030050 0
100013 2
084150 2
036212 2
029074 2
009038 2
033626 1
057889 2
004595 1
064442 1
064453 0
057882 2
030856 1
034760 1
057700 2
286668 1
064444 0
022532 2
008726 2
088011 1
265210 2
265322 2
131591 2
269285 0
151682 1
269364 0
286704 2
086454 2
131592 0
007605 2
232586 2
193705 2
091902 0
219498 2
012441 2
189482 0
170306 0
034692 2
233217 2
067241 1
166819 2
232620 2
129692 1
086412 2
086411 0
232637 2
231928 2
021844 0
066998 1
260000 0
170277 0
067255 1
233791 0
233803 2
233807 0
233809 0
233821 0
231975 0
067524 0
232639 2
193785 2
233238 2
193792 0
233237 2
233255 2
200549 0
155000 2
051434 2
001143 0
154998 2
046637 1
012582 2
258017 2
003013 2
057711 1
002094 2
134229 2
244411 0
232604 0
245106 2
000329 1
232880 2
099581 0
099588 0
079578 2
099649 0
075722 1
265676 1
099323 0
131642 2
111352 1
193830 0
193790 0
033297 0
033174 2
232592 2
259246 0
012352 2
063289 0
131648 2
131675 0
261227 2
057024 0
281877 1
257527 2
258330 2
028289 2
115278 2
219696 2
267192 0
111570 1
026892 0
008431 2
079747 0
067489 1
128163 0
111582 0
141536 2
141305 2
141326 0
142105 2
008359 2
116006 2
233710 2
085269 1
085253 2
263337 0
009523 2
121982 2
164644 2
260840 0
260920 0
263376 2
087542 1
095524 0
135572 1
052593 0
228791 2
268459 2
279913 2
223119 2
223135 2
263570 2
158262 0
288779 2
045183 0
236157 2
018482 2
128764 2
084391 2
100452 0
083668 1
087661 1
009521 2
121980 2
007443 2
263571 2
140353 0
228913 2
067746 0
067774 0
268789 2
010348 0
122669 0
116786 0
196288 2
236253 2
169931 1
232591 2
238506 2
239077 2
244455 2
244462 2
052557 1
010555 0
281685 0
266988 2
279290 0
284669 2
196289 2
148809 0
241866 2
242057 0
242066 0
284681 2
284693 2
286657 2
286735 2
266991 2
267186 2
267193 2
267195 2
267198 2
288780 2
087559 1
084929 2
084888 2
084394 0
084237 2
169983 0
169984 0
260212 0
146336 2
087666 2
124325 0
243674 0
155203 2
009522 2
121981 2
155029 0
045100 0
009401 0
064174 2
262608 2
087725 2
044661 0
238505 2
153500 0
064168 0
239076 2
244454 2
244461 2
262613 1
262625 1
262667 0
233790 2
233808 1
233802 2
233806 2
087719 0
087680 0
241865 2
233820 2
087761 0
087760 0
242056 2
273090 0
197909 2
197921 2
244453 2
244460 2
242065 2
144692 2
243900 2
200762 2
243901 2
094243 1
200721 2
094472 2
243883 2
110996 0
188749 2
094539 1
132017 0
192001 0
286734 0
256627 0
256598 0
094222 0
110997 2
094658 0
273144 0
264512 0
170311 0
093883 2
197910 2
197922 2
200722 2
200763 2
257621 2
009596 2
005390 2
110449 2
288446 2
062104 1
282665 2
279127 2
289576 0
282685 2
110479 0
288557 2
279130 0
093898 2
288447 2
095588 2
233317 2
109983 0
010042 0
100404 2
233307 2
109969 0
287092 0
095472 0
194782 2
244592 0
287097 0
000912 2
244613 0
194784 0
131639 0
194785 2
194805 0
194814 2
024397 2
001159 2
233805 0
024385 2
024283 2
259435 0
024280 2
054993 1
022335 0
230390 0
078405 0
155661 2
088523 2
046221 1
244882 0
046173 2
088844 2
088725 2
046040 2
070798 0
103972 0
063791 0
027994 1
111470 2
092902 1
257021 0
022938 0
092912 2
111481 2
152473 2
010034 0
000972 0
152502 0
022258 2
045373 0
065766 2
044935 2
022390 0
000869 0
204642 0
093659 0
034554 2
284855 0
034546 2
042079 1
035810 0
230869 1
034377 0
230868 0
090596 1
190201 2
029255 0
090622 2
209943 2
201420 0
084918 0
067243 0
154684 0
090743 0
169883 0
280498 0
192519 2
129930 2
131742 0
152488 0
131054 0
030651 2
011743 2
062844 0
034179 1
094776 0
000020 0
286473 0
165053 0
264317 0
065983 0
148344 0
168553 0
043603 0
260012 2
176390 0
230855 0
131667 2
085198 0
131669 0
243925 0
140767 0
233667 0
064613 0
224519 2
269445 0
224572 0
224677 0
224731 0
023460 0
148193 0
279717 0
067987 0
008057 0
032431 2
098621 1
216287 0
032367 2
279242 2
279244 2
279292 2
279713 0
281192 0
273664 0
071138 0
236112 2
262717 2
017746 2
129277 2
200313 0
236135 0
262687 2
107840 2
107901 2
159720 0
219402 0
263008 1
269733 2
242470 0
179523 0
262710 2
262712 2
112037 2
024870 0
262731 2
262732 2
263338 1
263377 1
285088 2
039559 1
202323 2
286927 0
112328 0
202272 2
202266 2
058531 0
224736 0
064056 0
168883 0
202305 0
039522 0
262702 0
258329 2
257526 2
039498 1
277932 0
260081 0
282759 0
263828 0
227632 2
256858 0
227652 0
286368 2
039431 0
289809 0
131559 2
154615 0
131560 2
131561 2
131563 2
131562 2
244739 2
228604 0
131555 0
187116 0
054600 1
227669 0
050611 2
227661 0
050346 0
244568 0
152491 0
146709 0
227826 0
055623 0
202304 0
226799 0
079652 1
121257 0
260082 0
131683 0
137951 0
078280 1
260507 0
039473 0
001858 2
064508 0
075064 0
133111 1
152134 0
192247 2
078580 0
235219 0
202826 2
223118 0
145988 0
076835 1
131605 0
076423 2
076887 1
287814 0
038777 0
000829 0
211739 0
267194 0
279372 0
024037 0
066306 1
061998 1
182198 0
130878 0
133065 0
066984 0
192485 0
233390 0
050824 0
000477 2
121921 0
006169 2
008443 0
000300 2
014299 0
111865 0
022317 2
017255 0
022321 0
284312 2
284400 2
220161 0
259959 2
224852 0
273982 0
035419 0
053746 2
059263 0
224583 0
029722 0
000895 2
022331 2
008626 2
114566 2
058856 0
114627 2
114652 0
002774 0
119574 0
122851 0
013994 0
016664 0
253496 2
269350 2
257104 2
156019 2
126997 0
257188 1
253562 2
269351 2
269373 0
269376 2
269297 0
269400 0
261191 0
235193 0
045549 2
154578 2
154549 0
045545 0
045575 1
045573 0
045574 0
177821 0
148262 1
285006 0
148267 0
264621 0
261909 0
029908 0
064614 0
124631 0
043771 0
176884 0
051914 0
066627 0
044807 0
066039 0
286901 0
131665 2
000870 2
036412 0
123030 0
136103 2
257027 0
006189 2
117907 2
001228 0
117927 0
002762 0
227160 0
067611 2
067614 2
167713 0
067652 0
035525 0
023821 2
016914 0
023719 0
284692 1
081415 0
279270 2
194086 0
279277 0
267196 0
027001 0
070565 1
103738 1
088179 1
022338 2
067752 0
087543 0
146479 0
179244 0
080336 0
052620 0
029011 0
200740 2
267487 0
101027 0
020313 0
186292 0
121450 2
006972 0
121451 2
121452 2
008058 0
121457 0
080832 0
143487 0
111867 1
081267 0
111785 0
071412 0
082415 0
182755 0
063075 0
044873 0
094752 1
088552 1
253636 2
280852 0
094848 0
253718 2
280454 0
074607 0
267990 2
037473 0
100581 2
091574 0
040977 2
235389 2
273392 0
235407 0
046497 0
235504 2
235539 2
064677 0
044793 0
061005 2
131679 0
011547 0
069732 0
098353 0
091075 0
116551 0
228733 0
160382 0
064062 0
099248 0
282800 0
147844 0
199855 0
000971 0
210617 0
012042 0
028010 0
233499 0
060825 0
133095 2
227837 0
089703 0
101751 0
270786 0
180233 0
108834 0
267197 0
069638 1
102811 1
212341 0
008060 2
121460 2
098871 0
071125 1
104298 1
071024 1
104197 1
022342 0
071102 0
071019 0
104275 0
104192 0
071022 1
104195 1
013191 0
170182 2
284492 0
000813 2
186454 0
127637 0
039458 1
010350 0
040018 0
157376 0
131712 0
024102 1
024101 1
161099 0
024044 1
023709 1
050085 1
151197 0
050081 2
061187 0
024137 2
193590 0
024132 2
065986 0
061795 0
024135 0
170112 0
164536 2
170026 2
150439 2
096568 0
164534 2
164532 0
155850 0
137592 0
075320 0
024392 0
180188 0
126175 2
061340 0
129623 0
021842 0
175713 0
090237 1
243678 0
252654 0
256597 0
031850 0
138596 2
138597 2
143413 0
138728 0
138757 0
260019 0
058508 2
138863 2
283164 1
146683 0
283178 2
283473 0
016895 0
138514 0
033401 0
069671 0
169947 1
196008 0
183337 2
034432 2
126731 2
083184 0
008034 2
121430 2
183892 0
007982 2
121386 2
175410 0
121372 2
198402 2
199797 2
198462 2
195839 2
078776 1
130209 0
045406 0
182210 0
161190 0
201097 2
259993 2
143373 2
224696 0
009073 2
121580 2
099419 0
199091 0
182649 0
224666 0
009271 0
010775 2
220008 0
064783 0
186473 2
262679 0
139944 0
131647 0
261131 0
094307 1
280659 0
094341 2
121454 0
183607 0
093810 0
196099 2
112291 0
259332 2
178145 2
060265 2
178147 0
177979 0
178140 0
048604 0
079715 0
266208 0
066081 0
156876 2
222533 2
023996 2
092166 0
023988 0
160011 0
222554 2
232861 0
285499 0
018392 0
164929 0
036096 0
027035 2
027034 0
024049 0
244561 0
195635 1
122708 0
158414 0
260811 0
128289 2
175828 0
011352 0
126942 0
010902 0
024105 2
084884 0
024042 2
023956 0
024082 0
142378 0
056799 0
024268 0
017398 0
132577 0
154589 2
122553 0
154582 0
154579 1
153373 2
057724 0
064077 0
195970 0
154956 0
188106 0
283619 0
259576 0
193242 0
057573 0
147440 1
118865 0
101871 0
152809 2
152818 0
152815 2
152796 1
152801 0
209378 0
221869 0
055517 0
100461 0
071174 0
024138 0
051520 0
170476 0
132112 0
285667 0
007043 0
159719 2
133078 0
159703 0
159686 1
132131 0
174560 0
075116 0
277296 0
124048 0
233460 0
170468 0
138487 0
090745 0
255681 2
220867 0
255687 2
255666 2
255622 0
255698 2
255719 0
255716 0
097738 0
128548 0
146426 0
160373 0
048545 0
064632 0
140546 0
183599 0
135542 0
272822 0
001004 0
062785 0
124599 2
169128 0
124634 0
121453 0
111861 2
140830 2
066677 2
130965 1
131029 2
066694 1
094954 0
130991 0
066758 2
066790 2
066650 2
066857 2
112003 0
070910 1
104083 1
141032 0
111880 2
130412 0
131475 0
130416 0
108768 0
167951 0
283798 0
165091 0
005404 0
160877 2
198529 0
160784 0
124632 0
137627 0
264514 2
109212 0
264541 2
199225 0
170250 0
002430 0
161097 0
119260 2
224042 0
119264 0
005062 0
065686 0
235195 0
260830 2
227841 0
260934 0
260960 0
112504 1
131577 0
188561 0
265661 0
254370 0
024262 2
156427 2
257810 0
024233 0
156470 0
156469 2
156629 0
269298 2
161074 0
191191 0
263829 0
119665 0
164256 0
014253 0
018897 0
011432 0
109642 0
270839 0
017293 0
110746 1
107877 0
259679 0
011471 2
024085 0
011367 0
152822 0
006861 0
223134 0
000833 0
181458 0
272932 0
159247 0
022368 0
037842 0
256291 0
095881 0
174676 0
023953 0
137118 0
121748 0
267185 0
278819 0
200620 2
000822 0
255736 1
281696 0
255722 0
255675 1
076481 0
066242 0
183878 0
128383 0
035529 0
085015 0
012244 0
229747 0
287382 0
003997 2
009658 0
005201 0
062867 0
211384 0
117691 0
067742 1
109985 0
067753 0
065806 0
124719 0
068226 0
272107 0
182205 0
001303 0
029251 0
119461 0
051254 2
227079 0
051133 0
068706 0
127092 0
023080 0
107831 0
250628 0
193593 0
080331 0
261133 0
007834 0
102905 0
035351 2
035779 0
035296 2
035132 2
033781 2
129931 2
029034 0
008591 0
235136 0
035394 0
075924 0
224953 0
265208 0
116967 2
258806 0
117163 0
110749 0
032506 0
083566 2
150327 0
083565 2
077999 0
041537 0
026891 0
284999 2
285014 2
285016 2
278812 0
119569 1
285015 0
119557 0
119568 2
005185 0
119627 0
119581 0
259508 0
111884 0
001025 0
030383 0
258784 0
098161 2
258728 0
098180 0
098268 2
110254 0
096167 0
122371 2
122370 1
010092 0
122390 0
260482 0
081875 0
109259 0
148211 0
018094 0
067081 0
030000 0
279719 0
228605 0
008807 0
179514 0
064617 1
282550 0
064616 0
094694 0
126397 0
198589 0
170424 0
287303 0
023412 2
039579 0
023367 2
023413 2
029055 0
048600 0
167545 0
033407 2
288644 0
027217 1
170288 0
282310 0
147273 0
083329 0
160012 0
037485 0
104585 0
066351 0
253064 0
034602 2
267490 0
034601 0
138005 0
258894 0
024118 2
065227 0
024113 0
211771 0
118136 0
085236 0
008778 0
067655 0
032970 1
102082 0
032965 0
061345 0
139369 0
242026 0
267321 0
034164 0
152245 0
060220 2
183940 0
039544 2
044006 0
082164 0
061115 0
196348 0
027982 0
128327 0
131613 0
285003 0
040068 1
097636 0
281821 0
097289 0
064302 0
157377 0
043341 0
110309 0
244306 2
132597 0
244318 2
133206 0
157262 0
143466 2
143422 0
143272 2
143337 2
174519 0
269173 0
139288 0
270794 0
061887 2
155719 0
060065 2
050392 0
141995 0
149900 0
288334 0
242960 0
243729 0
083358 0
052529 0
079220 0
148026 0
108716 0
084079 0
048592 0
169977 2
142278 0
169861 0
169863 0
019122 0
011270 0
145316 0
047500 0
279271 2
279278 2
283799 0
283887 0
272823 0
279663 0
282941 0
286656 2
132019 2
188919 0
132020 0
257533 0
181966 0
265629 0
133551 0
001120 0
283886 0
050801 0
131557 2
116483 0
131558 0
022347 0
242544 0
001126 0
240970 0
034433 0
063072 0
074976 0
024047 0
098165 0
169771 0
281861 0
089585 0
