230317 0
264419 0
270985 0
194182 0
197669 0
263494 2
273164 0
263492 0
281830 0
123456 0
263493 0
271698 2
175936 0
271768 2
271350 2
271351 2
271355 2
271378 2
271834 2
256655 0
271894 2
272000 2
271895 2
274307 2
270273 2
270358 1
274509 2
271988 2
271990 2
274316 2
256415 2
274514 2
271394 2
271999 2
274519 2
274506 2
284745 2
276990 2
277364 2
256411 2
289397 1
284746 2
271530 2
286783 2
284744 2
068401 0
270264 2
276146 2
276158 2
107802 0
288265 2
277278 2
288310 2
288296 2
271388 2
271393 2
271540 2
270361 1
270423 2
289398 1
256419 0
270922 2
256485 0
277292 2
270933 2
067444 1
277343 2
166675 2
166676 2
270982 2
270435 2
274253 0
277290 2
282040 0
166832 2
274254 0
256422 0
276209 2
080104 0
277146 2
236641 0
243771 2
162277 0
265074 1
286426 2
270472 2
134015 0
271397 2
271367 2
256474 0
271283 2
162688 0
255783 2
166674 2
067356 1
056148 2
272819 0
258098 0
271531 2
271520 2
271542 2
272223 2
272219 2
272220 2
272224 2
259937 2
259941 1
279587 2
269253 2
269257 2
279601 2
270142 2
270143 2
279586 2
265062 0
269944 2
286423 2
272169 2
268971 2
276113 0
276138 2
288485 2
270298 2
244533 2
288487 2
272129 2
272128 2
268931 2
288486 2
272001 2
282032 2
288476 2
276020 1
270299 2
230859 0
270625 2
260984 0
068443 1
230890 0
230671 0
252303 2
276084 0
230810 0
230849 0
068420 1
017639 1
273711 0
067424 0
270999 0
236978 2
274385 0
236986 2
283650 1
087220 0
284823 1
283638 1
276973 1
283576 1
281000 1
276967 1
283577 1
184875 2
269795 2
231185 0
257612 2
264098 2
269943 0
004718 2
118970 2
231427 0
264069 2
257603 2
264099 2
004588 2
186246 0
260562 2
186268 0
107758 0
271087 2
192599 0
271141 2
195574 0
271242 2
283636 1
075085 0
281670 1
283635 1
270572 2
057113 0
270356 2
279002 1
200650 0
272403 0
107794 0
281662 0
269180 2
230289 0
286424 2
286427 2
231912 2
231913 2
231908 2
275280 0
231888 2
275472 0
128524 0
231886 2
265404 0
275686 0
273448 0
256169 2
281708 1
256647 0
257604 0
067338 0
288700 2
270533 0
288698 2
281688 0
265028 0
247415 0
271392 0
279962 1
178613 0
144136 0
259710 0
257613 2
264930 0
155942 2
205891 0
182360 0
068071 0
284241 0
232390 0
154957 0
151006 0
264257 0
178151 0
055964 0
264921 0
197155 0
271057 0
005624 0
274438 0
268961 0
282041 0
288522 2
273888 2
273903 2
236795 2
109622 0
288519 2
288513 2
275405 0
231276 0
067327 0
199701 0
274677 0
165343 2
263327 0
165345 2
179394 2
164033 0
165280 1
175090 1
053259 2
022838 2
159790 2
009631 0
159848 2
159864 2
054553 0
133325 0
022464 1
173799 0
144318 0
055785 0
157136 2
287750 0
157139 2
020292 1
192692 0
179362 2
012058 2
276230 0
276248 0
179376 2
179396 2
011628 2
000401 1
122273 2
130647 2
130641 2
124412 2
010258 2
011650 1
053288 2
017780 1
256003 2
130652 2
130658 2
070228 2
103401 2
162249 2
069958 0
103131 0
275857 0
130732 2
017935 0
067693 0
142659 0
065672 0
016162 1
050270 0
098057 2
098058 2
241215 0
076767 1
010320 2
165277 0
262911 0
130908 2
070191 2
103364 2
070192 2
103365 2
011466 2
014885 2
070479 2
103652 2
070538 2
103711 2
069400 2
102573 2
070452 2
103625 2
077133 2
070404 2
103577 2
005022 2
119401 2
070643 2
103816 2
070628 2
103801 2
070540 2
103713 2
001495 2
019438 2
130744 2
017213 2
124435 2
116218 2
053599 2
011907 1
000361 2
001215 2
012192 1
150757 0
016962 1
124338 2
017410 2
129499 2
101997 1
130868 2
124286 2
001038 2
130433 2
051153 2
016117 1
256840 2
001225 2
043878 2
064532 0
256272 0
252746 2
123795 0
052782 2
009526 0
245012 2
054207 0
052957 2
176821 0
011829 2
176814 0
001172 2
017808 0
009142 0
045042 2
035064 0
054555 2
044652 2
256277 0
044653 0
014613 2
068452 2
056754 2
053077 0
057287 2
056299 0
068433 1
000637 2
005669 0
000100 1
075408 2
077929 0
069460 2
102633 2
036530 1
131844 0
130104 0
067049 1
064941 1
182807 0
182480 0
182551 0
064837 1
003720 1
139097 0
044541 0
065849 1
088119 0
004067 1
124461 0
006380 1
136173 0
119043 0
015421 1
003755 1
067814 0
003574 1
065967 0
135551 0
116236 1
001833 2
020574 2
061722 0
116182 1
130945 2
090215 2
014945 0
026835 0
004895 1
119230 1
041785 0
085169 0
051558 2
009036 0
044135 2
023660 0
044010 2
050144 0
081074 2
119216 0
014921 0
260121 0
003572 1
052333 0
130902 0
010279 1
252678 0
067154 0
050419 2
030891 0
050321 2
179129 2
006419 1
123144 0
179119 2
178922 2
119480 0
003473 0
009470 0
133489 0
081943 0
163223 0
003630 0
023708 1
067932 2
006194 1
050847 0
023811 0
068340 1
000402 2
115782 1
117016 0
117757 1
066050 1
066139 0
069011 2
065710 1
066712 0
003695 1
067004 1
117725 0
003823 1
031324 2
067729 0
031255 2
175112 0
003435 2
100907 0
074495 0
107668 0
154345 0
046083 0
175035 2
098643 0
175018 2
108535 0
169183 0
049841 0
034789 0
003667 1
030599 0
140424 0
003612 2
003599 1
017104 2
003573 0
017108 2
003615 0
016155 1
004062 1
116309 1
119351 0
016149 1
003672 0
123900 2
003614 2
068732 0
003887 1
017673 0
003584 2
206357 0
134439 0
136936 0
003681 0
011906 0
002344 2
005880 0
116550 2
024602 0
003432 0
003625 2
099941 0
115621 0
164102 0
044507 0
259905 0
128623 0
131063 0
275071 0
164147 2
259109 2
149156 0
259113 1
164103 0
252524 2
234818 0
251147 1
241706 1
241723 1
258102 1
241712 1
241752 1
241724 1
241722 1
241725 1
241849 1
241710 1
241693 1
254308 0
241601 1
003576 0
259110 1
259114 1
164141 0
164122 0
164129 0
115761 1
048229 2
003648 1
241952 1
003613 0
219969 2
048223 2
121400 0
048230 2
013246 0
135486 0
002822 0
065688 0
241753 1
241789 1
048285 0
236241 2
241928 0
048308 0
239275 0
235335 0
089356 2
243452 0
020090 2
020089 2
020096 2
169685 0
023466 0
163233 0
115410 0
094561 0
036314 0
138532 0
190852 0
048340 0
168246 0
004065 2
057053 0
123029 0
071622 0
050636 0
078150 0
007915 2
011520 0
011409 0
008338 0
028912 0
025657 2
016676 2
098618 0
137154 0
030964 1
079463 0
030970 1
032802 2
053488 0
015700 0
068864 0
014920 0
076270 0
162308 2
163746 0
162306 2
185804 0
010272 2
004460 1
118649 1
098568 0
115664 1
266273 0
137003 2
116011 2
114848 1
114852 1
174989 1
044167 0
174988 1
174979 0
137175 0
066102 0
137385 0
027024 0
016452 0
050819 0
046481 0
047370 0
119214 0
109788 0
156945 0
020543 0
072857 0
051851 0
003886 0
004107 0
088089 2
057396 0
250638 0
053483 0
065082 0
266066 0
167291 0
115411 0
013945 0
136059 0
017214 2
068610 0
087274 0
261892 2
135662 0
261891 2
083072 0
111941 0
077916 0
228942 0
031393 0
135444 0
003919 0
068603 0
272824 0
004899 0
123847 2
030666 0
264363 2
153497 0
264318 2
069794 2
102967 2
112875 0
069838 2
103011 2
069142 0
065351 0
034987 0
127674 0
225781 0
230303 0
030988 0
164859 0
044440 0
020179 0
262723 0
028506 0
133315 0
079774 0
077773 0
065139 0
255988 0
008279 0
230831 0
043363 2
066144 0
164675 0
117922 0
065390 0
008448 0
271602 0
039879 2
040407 2
136944 0
040330 0
260359 0
017212 0
046387 2
050208 0
046392 0
171487 0
137537 0
003756 1
029023 2
268514 0
028993 2
134271 0
005990 2
255208 0
003570 0
033834 0
124986 0
035375 0
044725 0
019676 0
059910 0
001497 0
008742 0
141592 0
109308 0
074466 0
237036 0
065797 0
031220 0
098675 0
003413 0
130161 0
139762 0
141722 0
120278 0
136876 0
134730 0
268008 0
004108 1
118221 1
118188 1
108517 0
051126 0
138315 0
068375 0
234807 0
197647 0
135413 0
074957 0
136771 0
162176 2
053075 0
162510 0
124200 0
162772 0
285546 0
026175 2
018113 0
133488 0
141423 0
100938 1
029037 0
111376 0
010252 0
044047 0
284758 0
006403 1
107852 0
075402 0
006182 1
271387 0
006265 0
017522 0
158693 0
114952 0
007755 0
005863 0
257384 1
066542 0
003437 0
265588 0
113270 0
003833 0
034131 0
085028 0
162917 0
244974 0
163189 0
007849 1
257881 0
222277 2
289578 0
221928 2
221541 2
220999 2
220252 2
219904 2
221012 2
219909 2
221402 0
014548 0
031402 2
277681 0
031377 2
137994 0
030880 1
099396 2
019317 2
115721 0
030889 1
019311 0
062076 0
030945 0
025312 2
030969 2
062639 0
034172 0
065699 0
030925 0
066021 1
263094 0
068440 0
095727 0
030958 0
253712 0
111940 0
065416 0
030878 0
003640 0
176057 0
031209 0
272783 0
142179 0
034233 0
281366 0
035060 0
076701 0
272820 0
151043 0
142039 0
274401 0
139946 0
003571 0
005964 0
030957 0
087652 0
068861 0
168718 0
260509 0
000268 2
054427 0
178887 2
179063 2
079958 0
178863 2
111899 2
162594 0
111905 2
111911 2
112180 0
112262 0
040453 1
130625 0
025683 2
175565 0
025696 0
067856 2
042386 0
112229 0
010189 0
285296 0
102315 0
045613 0
013182 0
037260 0
272805 0
075307 0
030982 0
229175 0
004094 0
099412 0
200613 0
264928 0
003439 0
065528 0
005259 0
014394 0
015108 0
201997 0
068438 0
259699 0
022196 0
002586 2
007847 0
128503 0
164032 1
036449 0
163016 0
067024 0
034731 0
266804 0
192835 0
169184 0
164128 0
168504 0
142846 0
050615 0
041784 0
276922 0
064781 0
289276 0
108412 0
159852 0
088789 0
165250 0
187996 2
182554 0
187998 2
006421 0
003904 2
024647 0
206246 0
134980 0
045806 0
006227 0
003587 0
068780 0
285905 0
166158 0
024603 0
178687 0
045710 0
014647 0
050380 0
084294 0
052463 0
015671 0
008615 0
136022 0
271050 0
196780 0
101027 0
030843 0
069228 0
085186 0
119221 0
027015 0
244910 0
120209 0
004061 0
112039 0
063642 0
051395 0
234993 0
280417 0
003480 2
068323 0
047860 0
079785 0
003732 0
237204 0
239295 0
209756 0
275861 0
154175 0
108615 0
030912 0
135464 0
167309 0
045446 2
045481 0
217223 0
003363 0
094492 0
006120 0
270987 0
008757 0
288791 0
019665 1
280735 0
190564 0
120554 0
046384 0
054209 0
030596 0
032982 0
108764 0
026016 0
015677 0
177030 1
177321 1
177422 1
230719 0
180249 0
180248 0
284538 0
006253 1
134250 0
136185 0
141397 0
180003 0
008671 0
002617 0
194269 0
115136 0
003239 0
269452 0
030947 0
123145 0
065970 0
040328 0
065133 0
136349 0
002463 0
058091 0
045439 0
066096 0
264920 2
235422 0
006398 0
030635 0
029076 0
126652 0
009999 0
266188 0
193258 0
135299 0
088805 0
020162 0
066835 1
164354 0
070517 0
066740 0
072558 0
224371 0
234994 0
270532 0
065741 0
070711 0
189558 0
278512 0
109759 0
137173 0
149651 0
284160 0
172931 0
264517 1
264538 0
264629 0
045025 0
076268 0
050763 0
114311 0
079387 0
098634 0
286863 0
265399 0
050633 0
201349 0
264148 0
162525 0
072256 0
098542 0
149396 0
030960 0
127680 0
006489 0
075641 0
112854 0
192106 0
065758 0
050369 0
011312 0
063747 0
088210 0
106030 0
077416 0
186350 0
020723 1
028391 0
289771 1
041731 0
270607 0
045362 1
045067 0
043403 1
045399 0
075686 0
039804 0
091427 0
240758 0
058638 0
129630 0
075428 0
271353 0
229603 0
035595 0
289776 0
063293 0
117156 0
104795 0
065494 0
038299 0
148896 0
