151975 1
151970 1
039553 0
227899 1
089061 0
130622 1
089060 1
195548 1
000416 0
023634 0
224581 1
227906 1
000034 0
017925 0
264450 0
195547 0
131858 1
265548 2
264966 1
046417 0
265549 2
131869 1
264978 1
131866 1
280349 1
126728 0
163710 1
011914 1
117779 1
019024 1
004286 1
163706 1
131710 1
118117 1
127109 0
155696 1
132649 1
019044 1
123258 0
013183 1
154560 1
123163 0
160269 0
123164 0
125215 1
157978 2
113429 0
134964 1
125163 1
228038 1
131991 1
268346 1
124686 1
134871 0
134983 1
144959 0
019049 1
019052 1
176005 1
289135 1
000921 1
019060 1
238718 1
117670 1
186153 1
195546 0
152259 1
061100 0
157982 2
040248 0
261429 0
175921 1
161302 1
153089 1
012606 0
156544 2
108531 1
187631 0
153092 1
134709 0
146415 0
261319 0
157840 0
263622 1
113498 0
134292 1
134263 1
161268 1
125217 1
242134 1
018784 1
153071 1
153304 1
136039 1
153072 1
136041 1
134184 1
154544 1
003963 1
176264 1
193361 1
263623 1
146633 1
071597 0
104770 0
154697 1
263604 1
242110 1
134010 1
221922 1
289221 0
150646 1
000862 1
195220 0
163705 1
155452 1
150616 1
289220 0
177036 1
161349 0
185796 1
238727 1
238942 1
163719 1
136037 0
239496 1
137998 1
142411 1
204300 1
010435 1
133845 1
132089 0
156429 1
006944 1
120565 1
289357 1
185844 0
185799 0
185847 0
159029 1
239536 0
185797 0
185845 0
113554 0
003477 1
018304 1
128899 1
231767 1
131676 0
125709 0
160294 1
163938 1
143114 1
159020 1
159023 1
002292 1
163921 1
177083 1
243135 0
192125 1
159008 1
243163 0
112699 0
011861 1
019042 1
125710 0
263513 1
289230 0
124970 1
221910 0
242111 1
242135 1
289264 1
137972 1
133846 1
189891 0
161283 1
128998 1
101432 1
161392 0
161271 1
191824 0
135680 0
189675 0
124789 1
124845 1
242084 1
159026 1
131650 0
031560 0
133844 1
153515 1
011481 1
122749 1
204289 1
090379 0
143096 1
143097 1
158874 1
285883 0
189677 0
284621 0
163790 1
191972 1
155118 0
161395 0
142967 1
002786 1
242092 1
192126 1
194911 1
242067 1
124968 1
124971 1
238726 1
163957 1
161164 1
137940 1
203475 1
182699 1
153577 1
194990 1
153513 1
002787 1
153529 1
123161 1
137971 1
054705 2
182728 1
182729 1
182764 1
136186 1
160320 1
136118 1
195033 1
136117 1
069827 1
103000 1
069751 1
102924 1
163791 1
236702 1
202158 2
054618 1
001613 1
117429 1
124862 1
117614 1
018506 1
202902 1
001618 1
127607 1
128111 1
147385 1
147384 1
128133 1
117616 1
141961 1
001480 1
009185 0
267006 1
269578 2
139313 1
176769 1
176770 1
269692 1
176758 1
269705 1
176787 1
008246 1
177032 0
006069 1
170684 1
155981 1
077040 1
176822 1
008909 1
169151 1
240286 1
253833 0
008802 1
012616 1
170724 1
170725 1
177040 1
136337 0
170685 1
170686 1
176831 1
176819 1
176820 1
271872 1
240290 1
167069 1
053688 1
031676 1
003786 0
156034 1
124860 1
126899 1
271971 1
238940 1
176638 1
136327 0
088936 1
153396 1
237242 1
240291 1
136572 0
267083 1
190565 1
191007 1
195726 1
195728 1
195737 1
195739 1
195803 1
195806 1
195815 1
195817 1
195830 1
195870 1
195933 1
003605 0
185800 0
185848 0
240300 1
179911 1
179912 1
223477 1
258385 1
255914 1
255941 1
196390 1
182492 0
219454 1
255850 1
179722 1
169002 1
190527 1
014868 0
148134 0
100420 1
100958 1
190998 1
014462 0
153582 1
159114 1
197748 1
153581 1
185915 0
130560 1
269683 1
182499 0
284620 0
100509 1
012665 1
159042 1
088987 1
066541 1
001449 1
013603 1
069102 1
102275 1
258341 1
185981 1
181014 1
017805 1
126917 1
269357 1
182703 0
180125 1
012992 1
191303 1
269597 1
011905 1
169172 1
240317 1
240318 1
069816 1
102989 1
081268 1
091687 1
128693 1
200641 1
192571 0
170341 1
170342 1
255824 1
239548 2
126281 1
196226 1
232048 1
124511 1
068098 1
147495 0
170172 1
170173 1
134155 0
087381 0
211219 1
158876 1
159010 1
068042 1
176934 1
190842 1
018629 1
128686 1
285882 1
000537 0
145908 1
079720 1
170418 1
170419 1
196481 1
169012 0
131538 1
163145 1
185972 1
035076 1
019724 1
197869 1
014530 0
180126 1
196218 1
081738 1
112677 0
269467 1
190903 2
197871 1
043957 1
219606 0
289774 0
290045 0
290051 0
290099 0
187212 0
169026 0
008658 0
200642 1
200643 1
223776 1
159022 0
181986 0
180128 1
196485 1
068068 1
068097 1
131478 1
131491 1
032430 1
168804 1
044058 1
032422 1
199458 1
190683 1
199482 1
170171 1
079728 1
019708 1
199558 1
199483 1
169492 1
169493 1
169494 1
035051 1
223420 1
199502 1
126986 1
191227 1
170410 1
125005 1
196503 1
011192 1
011219 1
196549 1
127130 1
258684 1
169488 1
258700 1
258706 1
259550 1
169485 1
196411 1
153027 1
144752 1
195901 1
087424 1
196425 1
070644 1
103817 1
126292 1
076275 1
195744 2
169131 2
169132 2
069468 0
102641 0
170340 1
269316 1
013938 1
144789 1
195948 1
002859 1
195907 1
081210 0
195939 1
141987 1
269600 1
124987 1
069602 1
102775 1
195872 1
128475 1
018321 1
169049 1
122874 1
193896 1
076113 1
128616 1
075940 1
153394 1
126442 1
063835 1
144806 1
156575 1
200973 1
238093 1
153181 1
190942 1
081551 1
238941 1
081684 1
129654 1
193884 1
123357 1
126888 1
207674 1
110105 1
195727 1
016629 1
238089 1
153244 1
129616 1
085843 1
126900 1
157425 1
157426 1
017296 1
129598 1
193879 1
081318 1
278634 1
195814 1
195829 1
128615 1
236330 1
259981 0
153157 1
153455 1
201082 1
238108 1
236703 1
116797 1
169333 1
169334 1
289654 1
238824 1
117315 1
255790 1
153180 1
132502 1
060805 0
111425 1
255879 1
193883 1
002304 1
129653 1
255808 1
131711 1
236319 1
224459 1
117316 0
132521 1
042627 0
156574 2
029397 0
191062 1
018779 0
143564 0
219455 1
132534 1
116991 1
255767 1
126894 1
195816 1
153168 1
126482 1
127028 1
212211 1
152908 1
012260 0
195932 1
063425 1
127126 1
175685 1
163213 1
126962 1
188445 1
275358 1
124492 1
153241 1
117928 1
159039 1
179915 0
195805 1
007207 0
120767 0
195802 1
006335 1
231895 0
029399 0
289627 1
276908 1
195725 1
139361 1
239801 1
219852 1
277007 1
139344 2
042610 0
143557 0
179916 0
158944 1
002369 1
160827 1
153158 1
153169 1
019587 0
179876 0
179877 0
019616 0
081810 0
063480 0
153488 1
195869 1
195736 1
195738 1
164704 1
163637 1
158921 1
153028 1
004201 1
289617 1
163514 1
163495 1
076100 1
238103 1
076014 1
155969 1
163141 1
124510 1
160868 1
275351 1
167842 1
011986 1
122877 1
208462 0
167914 1
167915 1
126890 1
239926 1
175589 0
240106 1
240178 1
240193 1
169265 1
236278 1
236265 1
175770 1
167490 1
167491 1
109086 1
123356 1
286551 1
196370 1
090619 1
272715 0
167486 1
168333 0
018219 0
128950 0
128992 0
129645 0
266094 1
169864 0
280430 1
278635 1
266110 1
210559 1
161933 1
169924 0
169925 0
098957 1
272723 0
239089 1
014196 1
061379 1
013410 1
112251 1
112250 1
018174 1
128981 1
088628 1
175588 1
014200 1
146881 0
167931 0
167932 0
167879 0
167880 0
124180 1
112388 1
025466 1
001466 1
127382 1
112384 1
220910 1
209950 1
044550 0
210967 1
112391 1
012018 1
126447 1
235163 1
127472 1
164167 1
018509 1
127471 1
242258 1
010035 1
193720 0
152962 0
152981 0
191825 0
270927 1
058341 1
081359 1
061381 1
184615 1
169343 1
169344 1
007380 1
088778 1
154598 0
017582 1
158122 1
158283 1
269317 1
229437 1
110022 1
242903 1
169285 1
156551 1
286794 1
069700 1
102873 1
070745 1
103918 1
141966 1
122735 1
287670 1
043921 1
011855 1
205553 1
036367 1
209387 1
036409 1
144907 0
131203 1
188320 1
035479 1
231662 1
160020 1
242930 1
125141 1
125041 1
158511 0
127495 0
288077 1
016557 1
121774 0
191976 1
000031 1
070670 1
103843 1
199411 1
286815 1
011766 1
122835 0
122837 1
178591 1
162687 1
135220 1
163902 1
287677 1
085164 0
191220 1
069367 1
102540 1
191599 1
010370 1
178651 1
168875 0
286836 1
129792 0
000635 1
238609 1
001598 0
197330 1
226269 0
199699 0
081336 1
178625 1
009288 1
121775 1
078326 1
180468 0
128167 0
140607 1
155111 0
081146 1
036381 0
014143 1
017791 0
126407 1
178586 1
158200 1
140608 1
268425 0
127504 0
085205 1
191836 1
242133 1
281167 1
025423 1
255615 0
012037 0
202975 1
253349 0
003141 1
195936 1
271972 1
020739 1
021475 1
127726 0
128216 0
234620 1
109962 0
280589 1
110066 0
187303 1
192581 1
190624 1
192635 1
227568 0
131445 1
126777 1
011252 1
149049 0
287892 1
195886 1
168557 0
071688 1
104861 1
033275 1
262747 1
229364 0
027092 1
143645 2
194080 1
231658 2
126797 1
158207 1
204168 1
190603 1
014666 1
000733 0
110083 1
289368 1
195539 1
187304 1
110823 1
141969 0
132641 1
185612 1
025781 0
170304 1
082200 0
169123 1
285050 1
231430 0
014825 1
164470 1
098556 0
231660 1
179696 1
169073 1
169074 1
185880 1
251813 1
082150 0
086478 1
148190 1
231390 0
064817 1
192134 1
066956 1
098099 1
155853 1
027550 0
202826 1
012282 0
122931 0
127775 0
179209 0
220479 1
124604 1
187828 0
278972 1
008153 0
259125 1
220481 1
016644 1
202976 1
008511 1
152011 1
114563 1
234430 1
163163 1
036463 0
203116 1
239059 1
143944 1
082318 0
053290 0
264823 1
160458 0
177816 0
082061 0
181170 0
153399 1
255747 0
033422 0
256091 1
064820 1
164944 2
063850 1
124002 0
015206 1
125541 1
031047 0
202649 2
006475 0
164802 1
164761 1
171375 1
171374 1
098149 1
171373 1
114588 1
160899 1
114589 1
197340 1
114593 1
153406 1
164126 1
118945 1
230775 1
152134 0
148196 1
018531 0
015745 1
165256 1
159981 1
118960 1
148197 1
148191 1
148198 1
234791 1
020732 1
165254 1
239024 0
156917 1
009517 1
193997 1
251872 1
193983 1
199442 1
131951 0
013266 1
131581 0
131952 0
181452 1
169300 0
160014 1
229431 1
202344 1
262751 0
262837 0
018248 0
238968 1
199615 1
018022 0
129093 0
170274 1
193732 1
163104 1
193832 1
170473 1
170474 1
232212 1
078254 1
100193 1
187493 1
191146 1
199631 1
187504 1
281777 1
007767 0
176414 0
176381 0
035723 1
163239 1
156204 1
143888 1
163107 1
258874 0
258960 0
007718 1
121152 1
176365 0
143646 1
238107 0
074828 1
074574 1
010857 1
170463 1
169329 1
169330 1
108055 0
066443 2
018323 0
128894 0
156941 1
143731 1
069402 1
102575 1
232246 1
156276 1
090968 1
256823 1
229918 1
229950 1
136428 1
108839 0
199499 1
018578 1
278967 1
163003 1
035725 1
108248 0
013747 1
151864 1
007684 0
121125 0
136438 1
225924 1
076770 1
076228 1
193914 0
007459 1
125192 1
231278 1
193952 0
242901 1
108632 0
108633 0
076392 1
070853 0
104026 0
000568 0
005497 0
076393 1
156283 1
076345 1
077049 1
125195 1
035690 1
035482 0
125196 1
035726 1
026907 1
035693 1
144513 0
164823 1
256831 1
012256 0
148906 1
242905 1
284442 1
170398 1
170399 1
278898 1
077034 0
070522 0
103695 0
204312 0
003986 0
012612 1
170375 1
169358 1
169359 1
185666 0
166907 0
108573 1
076662 0
186048 1
225923 1
171922 1
221221 1
020975 1
169052 0
221240 1
169375 0
020946 1
144197 0
020948 1
012613 1
123010 1
108619 1
108620 1
108753 1
171670 1
108700 1
108786 1
176382 1
108813 1
108844 1
108794 1
108872 1
052900 0
030505 1
153466 1
167578 0
188785 0
270122 1
272283 1
271860 1
154896 0
005600 0
120196 0
264960 1
176415 1
158665 0
270125 1
238728 1
272306 1
082468 1
056339 0
219886 1
238943 0
060302 2
269462 1
269472 1
080057 0
191765 1
185887 1
252518 0
191975 1
071412 0
104585 0
001498 1
059072 0
271867 1
153504 1
269423 1
219892 1
219907 1
269554 1
269534 1
269471 1
158286 0
033352 1
157605 0
157606 0
157607 0
157608 0
157609 0
269461 1
033344 1
193212 1
068343 1
193210 1
193209 1
050051 0
068310 1
239744 1
089471 1
239746 1
001237 1
247365 1
021376 0
268023 0
122460 1
270325 1
268246 0
268295 0
009885 1
270334 1
099124 0
012873 0
181297 0
001753 0
270315 1
116919 0
089472 1
246794 1
111642 1
234051 0
248167 1
111647 1
132030 1
110757 1
110734 1
110752 1
185855 1
081685 0
091267 0
122485 1
110941 1
124706 1
183742 0
111635 1
152988 0
273579 0
190965 1
150546 1
126350 0
016530 1
122461 0
131417 1
079376 0
129750 0
183723 0
089148 1
010837 1
111471 1
135104 0
111476 1
111401 1
110951 1
110739 1
111473 1
111631 1
111393 1
111029 1
110783 1
111323 1
110822 1
110848 1
111478 0
111634 1
111024 1
111299 1
111860 0
111047 1
111398 0
089167 1
034696 0
034699 0
111415 0
124660 1
111289 1
148350 1
110984 0
143649 1
111043 0
112253 1
150562 1
089168 1
087885 1
177871 1
111075 0
191399 0
034379 0
112927 0
150547 1
089674 1
089955 1
087905 1
087906 1
068688 1
145483 1
132483 1
142068 1
039842 0
185661 1
035703 1
227680 1
242979 1
132496 1
145486 1
041084 0
255403 0
281950 0
119734 1
167038 0
167039 0
185659 0
159765 1
166787 0
166977 0
166978 0
193843 1
048321 1
255433 0
145480 1
048293 1
142097 1
068669 0
227794 1
005288 1
035722 1
002499 0
275973 0
101370 0
152974 1
190901 1
193285 0
190896 1
241065 0
182896 1
193359 0
012377 0
019392 0
138540 1
124007 1
011435 0
202073 0
151152 1
019766 1
163689 1
009693 0
163701 1
151166 1
151172 1
142305 0
156760 1
151186 1
253246 1
146218 1
253078 1
013185 0
233371 0
029147 0
253245 1
254408 1
255046 1
157503 1
157504 1
157505 1
157495 1
157496 1
157341 1
157433 1
168656 1
168657 1
168597 1
168598 1
154494 1
154114 0
152106 1
152111 1
018774 1
230778 1
217696 1
266075 0
008544 0
184616 1
202264 0
226534 0
242902 0
241767 1
266832 0
139905 0
236212 1
007414 0
120931 0
125112 0
236195 1
182326 0
211278 1
211276 1
013741 0
211329 0
111312 0
159025 0
016704 0
016618 1
050824 1
152863 1
025526 0
050801 1
152864 1
148070 1
016586 1
065220 1
065211 1
038219 0
065277 1
119018 0
065728 0
024030 0
271934 1
133843 1
188649 0
133842 1
002795 1
271963 1
050193 1
191496 1
191515 1
163019 0
109293 0
242286 0
027082 0
191540 1
090612 1
090631 1
140409 0
191104 1
192479 1
030922 0
090620 1
098563 0
093371 0
194955 1
096690 0
151504 1
151527 1
064337 0
051575 0
240452 1
133523 0
217910 0
155837 0
018929 1
107879 1
243655 1
160319 0
152588 1
152597 1
197066 1
197067 1
101694 0
197303 1
000482 0
196107 0
157597 1
157595 1
231373 0
274578 0
190294 0
060320 0
183676 0
161859 1
203160 0
161857 1
233728 1
115729 0
233767 1
233768 1
029324 0
034336 0
183965 0
265829 0
159028 0
113629 0
262474 0
215009 0
137634 0
119209 0
228777 0
269509 0
056270 0
252605 0
185984 1
262601 0
040622 1
163805 1
024340 0
051113 0
116515 2
039225 1
159219 0
039230 1
116960 1
040826 1
040850 1
117945 0
152346 1
195923 0
155593 1
241505 0
155548 1
155322 1
155230 1
155219 1
155224 1
067650 0
064343 0
062910 0
155216 1
074592 0
020974 1
286711 0
286638 0
082305 0
020945 1
002563 0
075911 2
179515 0
075863 1
075872 1
008740 1
138897 1
075844 1
003266 1
002699 0
077261 0
178234 0
040661 1
138847 1
138788 1
138858 1
002444 1
153547 1
173188 0
271994 0
002566 1
109577 0
245019 0
033773 1
109524 0
162518 0
180055 0
006568 1
001271 0
149681 0
037739 0
017268 0
010179 1
122487 1
200504 0
038967 0
060505 0
150395 0
125013 1
000618 1
111805 1
124965 1
116653 0
130961 1
130929 1
243982 0
133837 1
020998 0
133833 1
133799 1
133787 2
150275 0
046422 0
147375 0
256895 0
127117 0
171862 1
015818 0
081664 0
172094 1
281105 1
265448 0
281109 1
222793 0
171991 1
236420 0
233979 0
187912 0
192960 0
141752 0
210422 1
191572 1
143000 0
191570 1
191565 1
108032 0
257969 0
191665 1
036827 0
008280 1
007779 0
141646 1
197477 0
137213 1
006740 0
232632 0
108567 0
020719 0
006027 0
170239 0
181993 0
256813 1
018585 0
114323 0
008502 1
134293 1
134273 1
032661 0
238719 0
225084 1
010918 0
225078 1
160977 1
257991 0
011047 1
056372 0
161033 0
079078 0
129003 0
005887 0
109522 0
109804 1
118346 1
155324 0
118434 0
185013 0
243761 1
031531 0
243741 1
258596 1
258598 1
258593 1
258997 1
259019 1
107984 0
258640 1
258678 1
258996 1
259018 1
141149 0
111239 0
014230 0
159031 0
190479 0
154231 1
158528 0
154178 1
164550 0
079015 0
235384 0
019365 0
033747 1
281698 0
023200 0
258967 0
191481 0
190201 0
138924 0
021275 0
178024 0
098034 1
287051 1
124690 1
190564 1
279479 0
287056 1
285238 1
285237 1
285231 1
098004 1
287045 1
147468 0
228422 0
098022 0
249127 0
283711 0
276091 0
023625 0
128640 1
129785 1
197353 0
128641 1
004636 1
154441 0
125147 1
224242 0
012296 1
101718 0
108469 0
189405 0
099966 0
012707 1
013947 0
210113 0
016870 0
154794 0
082123 1
071492 1
104665 1
011692 0
009081 0
122464 1
186680 0
000935 0
123605 0
157948 0
230598 1
110081 0
048249 0
018661 0
194189 0
129032 2
191172 0
129028 1
018123 1
129027 1
141905 0
151919 1
207029 0
190720 0
124776 0
050941 0
151085 0
081333 0
138992 0
271276 0
133798 1
191096 0
069137 0
262430 0
156155 1
144167 0
156170 1
156171 1
155555 0
091158 0
256300 1
256450 0
210933 1
158077 0
210936 1
205950 0
255259 1
017558 0
093081 0
158111 0
169883 1
197818 0
115606 0
087701 1
061124 0
032949 0
150005 1
161851 0
017778 0
211561 0
093318 0
152166 0
006776 0
030525 0
199391 0
256241 0
157060 1
254023 0
157062 1
039019 0
238363 0
276877 0
063851 1
045248 0
063855 1
195210 0
071410 0
014760 0
115970 0
135509 1
124957 0
002068 0
067764 0
226354 0
048264 1
285696 1
009465 0
286005 1
150078 0
154405 0
014349 0
019590 1
153243 0
076286 0
038339 0
174990 1
068140 0
174954 1
035780 0
190895 0
154147 0
168850 1
140066 0
168683 1
165266 0
060952 0
157943 0
286998 0
256485 0
015815 0
242253 0
141033 0
071541 0
081291 0
265499 0
069015 0
166772 1
166773 1
239524 0
166595 1
004365 0
001298 0
054462 1
022522 0
054298 1
035105 0
189915 1
178270 1
239455 0
190105 1
190091 1
060401 0
176692 1
115243 0
176694 1
176690 1
176689 1
233403 1
045325 0
233448 1
185320 1
090011 1
146996 1
143630 0
197131 0
031949 0
271052 1
148059 0
203537 0
125901 0
185243 1
232171 0
229762 1
238953 0
229852 1
174136 1
226390 0
174129 1
196801 0
234009 0
028461 0
273696 0
193562 1
051691 1
193558 1
028532 0
193566 1
193599 1
136112 0
150379 0
087744 1
199259 0
076819 0
206445 0
058793 1
110459 0
240768 1
233380 0
126272 1
067709 0
031430 1
258502 0
221944 0
289659 0
086670 0
064495 0
028927 0
013097 0
260781 0
182667 0
037806 0
159501 1
151889 0
220633 0
164880 0
038315 0
133517 1
255310 0
002611 1
067289 0
019892 0
002975 0
037784 0
133731 0
288813 0
275954 0
181902 0
008174 0
276015 0
108142 0
110986 0
218891 0
035270 0
015035 0
266557 0
190795 0
085964 0
163472 0
039349 0
023751 0
001895 0
012117 0
189722 0
285246 0
165406 0
010877 0
134071 0
178432 1
160472 1
045434 0
178431 1
160386 0
115840 0
131171 0
162050 0
096776 0
148499 0
081836 0
030205 0
210710 0
198267 1
235554 0
198274 1
259022 0
099063 0
090555 0
124551 0
025862 0
117246 0
117966 0
239753 0
009722 1
122122 1
279937 0
152821 1
202707 1
199977 0
152837 1
155725 1
010369 0
155755 2
230897 0
155778 1
165832 0
156999 0
109120 0
173158 0
013180 0
135245 0
176788 0
289920 0
149770 0
014493 0
074624 0
094044 1
201105 0
094058 1
000985 0
257964 1
257953 1
101530 0
259135 1
259139 1
259162 1
259175 1
259180 1
259115 1
257447 1
257378 1
260047 1
287999 1
041865 0
288019 1
230507 0
011070 0
270040 0
032108 0
226156 0
048912 0
270104 0
182188 0
195885 0
029146 0
231642 0
023741 0
266117 0
172739 0
143977 0
070959 0
191793 0
003427 0
207243 0
011929 0
015974 0
242113 0
017023 0
004755 0
065465 0
168572 0
132910 1
225178 1
179471 0
225176 1
132938 1
132952 1
132955 1
140509 0
195971 0
076074 0
034052 0
152487 0
167742 0
199025 0
189919 0
191140 0
009020 0
207952 0
266239 0
009778 0
007686 0
064632 0
083320 0
204446 0
170012 1
109407 0
143952 0
262539 0
267957 1
267958 1
122080 0
267960 1
268110 1
109892 1
109890 1
087350 0
130045 1
034385 0
129974 1
192166 0
269432 1
258726 0
269725 1
269727 1
269729 1
269680 1
149357 0
176958 0
240192 0
225192 0
197144 1
215171 0
197129 1
045136 1
167720 0
123462 0
017741 0
186788 0
167859 0
247289 0
198888 0
132550 0
099196 0
118151 0
087208 0
069392 1
102565 1
242013 0
069340 1
102513 1
090585 0
153912 0
172844 1
172841 1
172908 1
132755 0
174961 0
177602 1
254539 0
177601 1
156111 0
003504 0
217868 0
017728 0
200138 1
117718 0
200041 1
200137 1
170217 1
171187 1
226696 0
171180 1
170095 1
170096 1
191834 0
123911 0
217184 0
137146 0
217555 0
200254 0
178422 0
151575 0
145705 0
226121 0
201711 0
182676 0
142372 0
192889 1
038215 0
192858 1
098909 1
098943 1
062147 0
141728 0
075243 0
069242 1
102415 1
225211 0
069204 1
102377 1
129006 0
214214 0
093405 0
083975 0
154782 0
181320 1
086680 1
131637 0
081147 0
140886 0
203023 0
001011 0
239876 1
259013 0
289672 0
139137 1
141901 1
195075 0
139139 1
142197 1
179136 0
002965 1
134133 1
136132 0
184865 0
255757 1
278742 1
191340 0
278794 1
278181 0
109964 0
139844 0
279536 0
090381 0
039957 0
163020 0
273009 0
235622 1
235651 1
235655 1
235678 1
235965 1
100155 0
235964 0
071953 0
180198 0
157282 0
178614 0
017553 0
185689 0
116717 0
032003 0
234048 0
189321 0
169376 0
042739 0
010739 0
007951 0
070680 0
195321 0
063386 0
134021 0
257978 0
141959 0
128665 0
157418 0
235813 0
111240 0
046420 0
128714 0
128320 0
233511 0
009049 0
220403 0
148866 0
084275 0
125033 0
012184 0
124964 0
170932 0
153395 0
167126 0
214733 0
241950 0
012919 1
188714 0
013084 0
081811 0
095592 0
168779 0
122100 0
233683 0
145900 0
000070 0
170999 1
171101 0
079982 0
138149 0
152882 0
071467 0
087330 1
139939 1
153828 0
086917 1
239982 0
045629 0
231110 0
087391 0
068618 0
072258 0
212504 0
089571 0
185904 0
144118 0
155556 0
070304 1
103477 1
200645 0
070203 0
103376 0
128658 0
007556 0
111000 0
002961 0
024025 0
008681 0
199013 0
218483 0
273948 0
127523 0
042779 0
133727 0
213230 0
254043 0
120724 0
286304 0
286136 0
127308 1
132141 0
127322 0
273931 0
003794 0
186059 0
127355 0
282640 0
159413 0
278347 0
126343 0
236460 0
065941 0
118497 0
024495 0
078365 0
001507 0
015772 0
085876 0
111214 0
262302 0
181091 0
162496 0
047960 0
065587 0
194488 0
233993 0
230007 1
182347 0
274535 0
099588 0
014770 0
030835 0
123236 0
133850 1
117621 0
064547 0
004590 1
250727 0
096417 0
071701 0
288383 0
156621 0
024376 0
160293 0
275932 0
009889 0
059497 0
140657 0
201457 0
024339 0
167970 0
258894 0
256774 0
167769 0
026641 0
152987 0
102200 0
286795 0
023233 0
028786 0
014210 0
041190 0
131386 0
258274 0
193824 0
155208 1
155264 2
000430 0
155207 2
154841 1
252664 1
252756 1
252760 1
124451 0
154115 0
171852 0
021309 0
099944 0
163041 0
042563 0
198469 1
157088 0
126201 0
071530 0
272357 0
189913 1
140719 0
190166 1
183971 1
243887 0
188627 0
204027 0
260868 0
185989 0
195889 0
140902 0
111281 0
155271 0
115276 0
029807 0
113681 0
012494 0
128717 0
098158 0
111561 0
016900 0
185000 0
180175 0
011167 0
279083 0
132172 1
130847 1
130886 1
130900 1
197501 0
268866 0
109798 0
001377 0
202754 0
029341 0
276527 0
095748 0
091332 0
231904 0
033407 0
010921 0
032957 0
285347 1
192392 0
197047 0
001473 0
160594 1
104714 0
160539 1
160531 1
251400 0
156265 1
182828 0
201952 0
257670 0
027895 0
230748 0
254940 0
239264 0
181001 1
238030 0
224320 0
119963 0
098700 0
199881 0
218560 0
040064 0
098617 0
014277 0
183133 0
025628 0
040370 0
077902 0
004990 0
239328 0
156066 0
069432 0
004929 1
119285 1
085571 1
138969 0
273102 0
003135 0
167079 0
076788 0
178146 0
080425 0
133618 1
141471 1
101933 0
238791 0
150685 0
125642 0
107907 0
180530 1
180573 0
180445 0
153246 0
004882 0
196055 0
002687 1
068178 0
120078 0
126293 0
050904 0
015270 0
210279 0
033351 0
269745 0
163560 0
198436 1
163887 0
199048 1
024258 0
048206 0
143085 0
076097 0
254027 0
174744 0
180389 0
069263 0
169923 0
272952 1
242434 0
201514 0
185665 0
050257 0
231435 0
238231 0
128604 0
011149 0
241382 0
234362 0
075602 0
254370 0
016354 0
074670 0
002321 0
208244 0
238704 0
002836 0
188625 0
197348 0
004989 0
079454 0
076408 0
082463 0
000165 0
022520 0
052879 0
080465 0
169137 0
101263 0
128006 0
184553 0
141171 0
281977 0
136810 0
090807 0
127911 1
121278 0
127884 1
166835 0
008081 0
100335 0
227586 0
041184 0
038513 0
090275 0
159984 0
262401 0
113133 0
016746 0
130981 0
091240 0
230561 0
129824 0
110412 1
250897 0
046129 0
287003 0
136089 0
289377 0
134261 0
173653 0
087589 1
039844 0
000917 0
101008 0
255904 0
109299 0
232634 0
149464 0
282361 0
006895 0
076397 0
281292 0
142330 0
005671 0
030677 0
008828 0
165264 0
151869 0
030553 0
287082 1
126549 0
287084 1
273700 0
252520 0
237676 0
188739 0
033163 0
172269 0
071557 0
132163 0
003094 0
152452 0
148523 1
188397 0
137169 0
171505 0
018225 0
209817 0
109346 0
063328 0
032927 0
224035 0
038175 0
182407 0
015416 1
125323 1
005844 0
215673 0
231212 0
082070 0
169511 0
043758 0
194825 0
253242 0
150426 0
286193 0
235556 0
222990 0
204830 0
152129 0
133968 0
242279 0
033118 0
087382 0
169656 0
259982 0
080051 0
199260 0
154901 0
065267 0
202760 0
276413 0
210414 0
260247 0
157643 0
228813 0
173644 0
034339 0
087345 0
119027 0
146492 0
124001 0
242940 0
177858 0
217882 0
254262 0
209658 0
174672 0
019431 0
218344 0
043433 0
014213 0
144106 0
100483 0
007383 1
060902 0
260208 0
169377 0
139934 0
144920 0
091639 1
111946 0
278179 0
012630 0
039508 0
220259 0
180048 1
154097 0
180002 1
179780 1
179767 1
186730 1
186729 0
241133 0
057937 0
142603 0
271549 0
183932 0
057453 0
099975 0
080232 1
111225 0
190292 0
262538 0
061173 0
101197 0
029516 0
112688 0
147453 0
001839 0
193550 1
238273 0
190868 0
035302 0
050472 1
000947 0
050335 0
050334 0
027430 0
230848 0
265857 0
081856 0
138894 0
235461 0
058602 0
227055 0
110631 1
099846 0
142193 0
216663 0
223690 0
279414 0
017454 0
210237 0
094123 0
138033 0
282633 0
024570 0
197991 0
226705 0
027454 0
178239 0
108035 0
161029 0
070851 0
153393 0
104703 0
266884 0
109396 0
038576 0
253530 0
288737 0
113719 0
190302 0
145924 1
034200 1
029973 1
242239 1
287748 1
093785 0
242247 1
088266 0
242339 0
164575 0
254489 0
095436 0
005063 1
092147 0
082363 0
182216 0
190692 0
239748 0
183427 0
278938 0
084068 0
201132 0
181591 0
235683 1
123202 0
121524 0
151330 1
002099 0
088558 1
162950 0
088557 1
027696 0
116771 0
158177 0
239530 0
004896 0
169914 0
182612 0
033884 0
128730 0
184842 0
127855 0
212540 0
209875 0
010958 0
196030 0
196311 0
143902 0
111772 0
238621 0
130789 0
258875 0
191652 0
196453 0
218020 0
000472 0
173041 0
208996 0
202084 0
151656 0
101156 0
041861 0
185776 0
134681 0
228417 0
124653 0
053306 1
153571 0
141425 0
065198 0
146639 0
267703 0
199330 0
071617 0
113973 0
069473 0
221602 0
113551 0
234113 0
016560 0
019363 0
252365 0
265689 0
200292 0
120077 0
028697 0
081446 0
255647 0
190057 0
218204 0
191385 0
011936 0
077988 0
075913 0
155854 0
169760 1
169761 1
111238 0
169676 1
134952 0
232761 0
143788 0
252969 0
226264 0
096707 0
130370 0
181022 0
183722 0
042062 0
025715 0
031838 0
075558 0
183875 0
127606 0
092220 0
120203 0
262367 0
156726 0
122867 0
102026 0
143796 0
148530 0
289971 0
282160 0
014863 0
279970 0
240039 0
225218 0
019633 0
008250 0
136379 0
160345 0
137257 0
127376 0
124547 0
221951 0
064849 0
060297 0
268789 0
104874 0
098015 0
258444 0
278263 0
286721 0
252638 0
247293 0
001452 0
119210 0
025117 0
189322 0
153730 0
133239 0
132181 0
258844 0
261258 0
192978 0
052300 0
282491 0
083274 0
231287 0
033771 0
014132 0
246778 0
272986 0
251187 0
050234 0
167721 0
258779 0
285276 0
013670 1
204983 0
010467 0
138161 0
151603 0
182045 0
140512 0
288576 0
139776 1
216531 0
139845 1
192131 0
108597 0
139621 0
027201 0
274661 0
279012 0
165895 0
146053 0
235560 1
238061 0
099394 0
225230 0
181705 0
034384 0
167080 0
097822 0
239112 0
186999 0
018305 0
267391 0
039228 1
019595 0
033104 0
195956 0
018541 0
128571 0
020300 0
068011 0
045558 0
104730 0
275892 0
193580 0
109797 0
168996 0
146182 0
090549 0
037741 0
273725 0
175791 0
178149 0
043598 1
080518 0
043606 0
162954 0
109678 0
148923 0
037696 0
083200 0
029482 0
164471 0
003062 1
055931 0
195777 0
109543 0
020468 0
142871 0
105431 0
205704 0
089599 0
233389 0
196279 0
286789 0
125889 0
051677 0
241979 0
177165 0
287327 0
196264 0
182911 0
202262 0
031426 0
008643 0
082079 0
030202 0
137919 0
010821 0
155838 0
019466 0
175509 0
242224 0
139069 0
032623 0
064461 0
141009 0
226493 0
061637 0
271713 0
191974 0
016835 0
125369 0
156427 0
144063 0
081849 0
155540 1
236355 0
155539 1
126612 0
136436 0
233487 0
186320 0
242906 0
026347 0
027740 0
289928 0
104640 0
037816 0
277146 0
216167 0
000125 0
101840 0
010496 0
169061 0
130263 0
199373 0
000573 0
007159 0
037803 0
181120 0
196357 0
008223 0
149724 0
124876 0
256541 0
158262 0
001068 0
079964 0
115053 0
194951 0
064503 0
119358 0
052643 0
010839 0
193618 0
148903 0
116295 1
155109 1
027184 0
155108 1
238063 1
016823 0
064260 0
258949 0
235455 0
034358 0
259610 0
266103 0
098424 0
123474 0
094031 0
075811 0
133921 0
186789 0
140869 0
076403 0
158976 0
047163 0
088652 0
118969 1
004740 1
119003 1
244804 0
117008 0
119969 0
128590 0
169483 0
095675 0
063848 0
122819 0
194964 0
084280 0
201561 0
034151 0
206164 0
162808 0
126426 0
156307 1
170650 0
156332 1
156518 1
241084 0
161783 0
030625 0
133709 0
111417 0
001740 0
163529 0
216221 0
027199 0
088622 1
239509 0
137476 0
226836 1
038332 0
191202 0
211556 0
286639 0
151550 0
124693 0
281521 0
001051 0
189975 0
140806 0
171480 0
042126 0
158838 0
088596 0
234714 0
131992 0
175704 0
155549 0
220329 0
235650 0
071799 0
190899 0
119970 0
241287 0
091633 0
051874 0
121588 0
087348 0
254008 0
114819 0
182285 0
139778 0
224028 0
119231 0
130934 0
169502 0
152992 0
018220 0
199995 0
083939 0
184132 0
179138 0
027877 0
255045 0
076981 0
045461 0
154760 0
179933 0
062134 0
167149 0
028169 0
123454 0
243973 0
156076 0
211222 0
009378 0
153065 0
074882 1
254935 0
074905 1
074881 1
238946 0
285762 1
271996 0
285826 1
285854 0
074625 0
207446 0
028445 0
190765 0
285348 0
042531 0
118124 0
254580 0
192143 0
149542 0
240177 0
018243 0
038336 0
064912 0
153903 0
263058 0
111149 0
075860 0
115346 0
142284 0
146238 0
226543 0
200401 0
197729 0
244745 0
262597 0
289935 0
110082 0
065209 0
039050 0
004604 0
064188 0
195835 0
225217 0
089849 0
012372 0
028205 0
079747 0
265146 0
243041 0
131136 0
143887 0
157823 0
169090 0
104132 0
081823 0
134013 0
164760 0
063923 0
065591 0
289979 0
086358 0
136531 0
204482 0
094412 0
081422 1
081398 1
081416 1
142701 0
081389 1
081435 1
081431 1
081463 0
056007 1
110334 0
043775 0
081451 0
143447 0
243486 0
281965 0
071525 0
260773 0
265218 0
060870 0
006092 0
018414 0
275786 0
004008 0
193293 0
093492 0
286514 1
085448 0
286502 1
139550 0
278705 0
270642 0
021118 0
270490 0
184577 0
141406 0
044141 0
000025 0
238843 0
286726 0
192855 0
009332 0
287308 0
066765 0
183228 0
228560 0
242207 0
186757 0
080269 0
255314 0
170777 0
168617 0
041343 0
010995 0
231591 0
050283 1
111884 0
050390 1
163444 0
140915 0
063479 1
100256 0
063405 1
063491 0
063502 0
179725 0
063512 0
117398 0
216939 1
123583 1
028521 0
123573 1
014842 1
126875 1
063105 0
215476 0
195772 0
082415 0
102436 0
173638 0
089601 0
015323 0
074956 0
060507 0
280516 0
012901 1
076530 0
169138 0
167560 0
141245 0
190490 0
129744 0
044557 0
242942 0
069914 0
012327 0
219912 0
191719 0
136562 0
049929 0
060586 0
