015550 2
256745 2
165852 1
261316 1
261321 1
184504 2
163047 1
145670 1
189986 2
147481 1
151509 2
149124 1
181708 1
136599 2
265000 1
211729 1
181750 1
261323 1
181844 1
177035 0
229282 2
181748 1
151525 1
189857 1
181705 1
141136 2
002421 0
141135 2
141247 2
008965 2
016620 2
141250 2
211747 1
218031 0
237717 1
146972 1
013309 1
141246 2
225698 1
255471 2
151484 1
225696 1
207260 0
157225 1
279100 1
131480 2
157151 1
156034 1
162873 0
155623 2
264381 1
264471 1
224835 1
265060 2
150316 1
265002 1
264906 2
135806 1
087737 0
141752 1
136280 2
151074 1
153042 2
133573 1
239891 1
279102 2
225702 1
070591 2
103763 2
182204 2
265061 2
013738 2
182663 2
002420 1
135692 1
153089 2
159780 2
101618 0
170988 2
176596 2
135686 2
279149 2
077162 2
180000 1
115260 2
261985 2
155555 1
155556 1
070775 2
103948 2
171394 1
279138 2
221966 0
157104 1
176602 1
220310 2
199005 1
159219 2
150344 1
152523 1
190344 1
141663 1
142237 1
190337 1
191490 1
155452 1
191652 2
248073 0
199007 1
142319 1
196969 2
173126 1
248737 0
199016 1
279061 1
002496 0
196162 1
153097 1
003780 2
176659 1
014177 2
252112 1
163705 2
150102 1
261386 1
153176 2
265218 1
183526 1
093487 2
067073 1
190437 1
083004 2
232886 1
150986 1
197060 1
169151 1
134023 1
164782 2
000937 2
228686 0
151946 0
225567 1
190492 1
221960 0
083022 2
092708 2
261396 2
237720 1
176629 1
164374 0
155981 1
150104 1
199034 1
016457 2
190432 2
246455 0
147631 2
197801 1
197807 1
260060 0
199539 1
247941 0
159920 2
159921 2
153048 1
095839 2
155917 0
142325 1
083008 2
079924 2
217698 1
008552 2
159781 0
174882 1
053447 0
014584 2
228714 0
101416 0
183977 2
115251 2
002983 2
217871 2
217877 2
016628 2
227794 1
191464 2
067114 2
164360 0
136730 2
191557 2
070599 2
103772 2
013665 2
192189 2
177332 2
220096 2
220105 2
019394 0
190819 1
159744 2
159745 2
061119 0
191481 2
220711 2
220716 2
185143 1
191574 2
202679 1
158638 1
134013 1
179913 1
154129 2
197766 1
134021 1
176769 1
176770 1
190623 1
192637 2
199647 1
176951 1
045407 0
185093 1
154870 1
176758 1
142330 1
155534 2
176946 1
218693 2
195543 2
183937 1
161708 0
147385 1
159758 2
222114 1
097977 2
222049 1
170817 2
093244 2
222048 1
126685 2
195210 1
016535 1
184974 1
077177 2
193141 2
148675 1
085220 1
215314 1
150928 1
156377 1
157218 0
190482 1
192646 2
013648 2
061132 0
001528 2
255391 2
152446 1
255463 1
252700 1
070852 2
104025 2
053443 0
221767 0
155185 0
260056 0
244301 1
185746 1
152438 1
153570 0
211493 1
153092 1
190510 1
192639 2
190560 2
189018 0
221873 0
252287 1
004558 1
255290 2
085214 2
147384 1
195538 2
159023 2
195018 1
159020 0
233212 1
261328 1
001111 1
157383 1
037750 1
001559 2
138310 2
085215 1
131249 2
045464 0
016926 1
153782 1
160744 2
160745 2
156613 2
177153 1
001565 2
220259 2
145705 1
182112 1
234265 1
002694 2
159008 0
235264 1
158874 1
179127 1
235505 1
288946 1
288894 1
156624 1
167069 1
229335 0
242264 0
242266 0
190511 1
265808 1
190517 1
154742 1
183933 1
194306 1
176787 1
157224 0
083044 2
195535 2
236017 1
001560 2
220111 1
160464 2
162050 1
158236 1
259247 1
150080 1
200669 0
170835 1
130184 2
189014 0
208227 0
222425 1
259495 1
092705 2
002672 1
202723 1
227557 1
205653 0
093036 2
254551 1
014462 2
195224 1
177133 0
018537 0
182104 1
037650 1
195223 1
194309 1
261414 1
179331 1
227680 1
240349 1
016326 0
202483 2
226396 0
200812 1
194911 1
189382 1
212809 0
014058 1
242140 1
164302 0
179648 2
228773 0
022756 0
016699 1
228654 0
008600 0
220292 1
235767 1
084902 1
246472 0
169026 0
154719 0
095838 2
087837 2
183565 1
097951 2
014530 1
093245 1
093238 2
145337 1
130374 1
202462 2
147495 1
189381 1
188673 1
235220 2
258385 2
146563 1
195548 0
157978 1
188662 1
188663 1
065410 2
181479 1
157982 1
016710 1
190416 2
255354 0
159233 1
224581 1
181930 1
225556 0
136642 1
255937 0
148134 1
231765 1
259898 1
130154 1
126648 2
145655 1
067177 2
000537 1
015236 0
125504 0
157943 1
136649 1
037660 1
194990 1
259909 1
009195 0
009625 0
136337 0
258341 1
244978 0
196967 1
215724 0
195033 1
195549 0
156565 1
010435 1
236268 0
288988 1
265844 1
158305 1
196838 1
141183 0
234956 0
157143 2
142411 1
163163 2
163104 2
231685 1
231684 1
008506 1
176765 1
182699 1
134010 1
131991 0
175741 1
182728 1
288934 1
014543 2
140620 1
145398 1
138242 0
231467 1
254552 0
228038 1
001530 1
145400 1
002124 1
160932 0
160933 0
278634 0
160848 0
282297 0
156612 2
044638 2
161271 1
153138 2
210828 1
220181 0
182729 1
190294 2
136518 1
263543 2
159436 1
202452 0
259215 0
155931 2
195726 1
195728 1
195737 1
195739 1
195803 1
195806 1
195815 1
195817 1
195830 1
195870 1
195933 1
190302 2
255433 2
182764 1
161198 1
176303 0
154560 1
156954 2
134184 1
002813 2
134263 1
255403 0
190568 2
260057 0
000952 0
182492 0
154542 1
223910 1
144073 1
176184 0
182499 0
161164 1
176214 0
227906 0
185745 1
263908 1
195816 0
024366 0
134292 1
190911 2
192628 2
190702 2
223900 1
223909 1
157137 1
231614 2
156553 1
186747 1
156953 2
232131 1
152259 0
186746 1
136353 2
190561 1
117689 0
132649 1
232158 1
254438 1
199416 0
202662 1
123629 0
155289 1
158605 1
019042 2
184004 2
202687 1
227798 2
136911 1
142247 1
148120 0
140853 1
190563 0
219371 1
154696 0
059205 0
175738 0
163518 1
196901 0
153828 2
000921 0
064701 0
085428 0
158603 1
237611 0
195770 1
185748 0
195580 1
194394 0
141832 0
227749 0
133139 2
164028 1
164213 1
164217 1
201649 0
002194 2
131208 1
115275 0
000143 1
160182 0
002317 0
136790 1
136794 1
095419 0
000834 0
101156 0
142874 1
147074 1
163107 0
147063 1
009942 0
222205 1
170247 1
190235 1
094124 0
093936 0
170238 1
016671 0
009758 0
198598 1
198608 1
214147 0
253215 0
141190 1
152908 1
235729 0
189061 0
153839 0
030390 0
155869 1
165744 0
153040 1
140179 0
192117 0
132444 1
179981 1
179986 1
125163 0
179982 1
231564 0
230829 0
179649 0
093342 0
276527 0
203376 1
237386 1
085959 0
207402 2
014213 1
252176 1
250421 0
206115 1
013298 0
203000 0
146509 0
191669 2
192204 0
263954 1
053290 0
011620 0
195932 0
168749 1
005924 0
265548 0
267083 0
028542 0
161283 0
194818 0
000432 0
007207 0
179406 1
136436 1
179911 0
136442 1
136444 1
156617 2
156610 0
156608 0
176264 0
234084 0
013987 1
144585 0
146353 1
013124 0
268879 0
255682 0
183987 0
033839 0
163428 1
170010 0
139776 0
200637 1
143006 1
279098 0
010650 1
142971 0
195872 0
111703 0
158540 0
154376 0
232890 0
135149 0
030033 0
019508 0
156607 0
169012 1
209950 2
176819 0
286472 0
132575 1
196226 0
137542 0
028917 0
184218 0
038148 0
219342 0
186279 0
143977 0
143186 0
007459 0
259214 0
144959 0
191869 0
242013 0
070727 0
058476 1
014198 0
058519 1
140899 0
179106 0
234242 0
012550 0
234088 0
219733 2
011481 0
219734 2
219713 0
219711 0
190854 0
240380 0
199994 0
226101 0
255308 0
049272 0
175759 0
135104 2
000951 0
002257 0
238606 0
195547 0
191719 0
064250 0
002051 0
158299 0
089502 0
233308 0
004944 0
171994 0
017557 0
219709 0
147811 1
031820 0
191582 0
037371 0
127671 0
161441 2
081318 0
161445 0
231892 0
189020 0
163239 0
008659 0
182413 2
177066 0
238110 0
156760 0
185101 0
212841 0
195831 0
168800 0
149930 0
163233 0
068096 0
008802 0
186752 0
139020 0
143173 0
241740 0
034449 0
235753 0
053404 0
223707 0
123530 0
018304 0
020040 0
168591 0
089471 0
067406 0
011767 0
202999 0
161712 0
029411 0
284521 0
181986 0
143976 0
128197 0
260103 0
220569 0
176083 0
151308 0
184729 0
220253 0
051284 0
195546 0
259933 0
218589 0
079594 0
194116 0
002712 0
209635 0
197080 0
231566 0
153071 0
027160 0
122830 0
016593 0
015425 0
286723 0
010640 0
221696 0
194610 0
182703 0
185672 0
155198 0
130087 1
263139 0
001472 1
161446 0
001419 0
160458 0
157814 0
026732 0
017553 0
133172 0
197330 0
190562 0
120767 0
012460 0
157878 0
185972 0
263733 0
238435 0
087834 0
020125 0
146695 0
242617 0
000908 0
053846 0
050011 0
200642 0
157562 0
125006 0
192966 0
155533 0
191974 0
136572 0
132805 0
145387 0
159821 0
202750 0
257739 0
035524 0
202422 0
109500 0
233788 0
169172 0
142925 0
082702 0
279099 0
141695 0
031946 0
001504 1
160617 0
009122 0
255475 0
217762 0
198203 0
156533 0
279963 0
126057 0
225555 0
234075 0
017401 0
147660 0
005078 0
177036 0
152798 0
127604 0
012710 0
087179 0
231513 0
277160 0
041837 0
289357 0
089472 0
233371 0
185483 0
230394 1
161851 0
230413 1
230393 1
227828 0
230293 0
230321 0
251044 0
213516 0
141184 0
227207 0
142491 0
223557 0
207666 0
000510 0
177032 0
029813 0
195829 0
089328 0
219344 1
166678 0
161783 0
125019 0
059240 0
269578 0
110247 0
289766 0
258895 0
276970 0
034729 0
268346 0
147871 0
066656 0
185744 0
139845 0
000745 0
192571 0
260053 0
239306 0
071477 0
176256 1
176138 0
008944 0
226556 0
197358 0
009048 0
268869 0
015261 0
141934 0
196109 0
271364 0
080312 0
181084 0
227141 0
155934 0
127607 0
154241 0
233440 0
026799 0
278984 0
168440 0
014211 0
155814 0
126154 0
133846 0
011614 0
168803 0
171397 0
274946 0
237072 0
100952 0
196693 0
000204 1
007589 0
123158 0
150521 0
146415 0
114964 0
019412 0
261908 0
200729 0
001488 0
202657 0
284246 0
164810 0
156900 0
286653 0
027870 0
176820 0
170042 0
123161 0
149148 0
215722 0
140251 0
195805 0
156511 1
153016 0
147177 0
156544 0
220320 0
061831 0
095414 0
276877 0
050286 0
145594 0
001543 0
004805 0
210175 0
285644 0
017436 0
198482 0
157771 0
259939 0
277224 0
072123 0
238065 0
010300 0
262135 0
288813 0
267006 0
130969 0
156715 0
011773 0
012822 0
102041 0
001895 0
197986 0
140282 0
017728 0
136327 0
149750 0
264433 0
015395 0
001926 0
123000 0
195907 0
194694 0
145216 0
014707 0
153148 0
232036 0
240663 0
223959 0
278635 0
003487 1
036486 0
074566 0
114303 0
133240 0
010491 0
144095 0
010743 0
028883 0
017858 0
079569 0
051874 0
093945 0
198281 0
150404 0
157297 0
165519 0
275317 0
020146 0
015360 0
099150 0
085205 0
230749 0
267343 0
240375 0
179120 0
069967 0
020514 0
195744 0
223989 0
068129 0
227899 0
074602 0
126168 0
000862 1
079483 0
063480 0
002787 0
139313 0
196218 0
170684 0
081291 0
265549 0
225983 0
149984 0
001618 0
015493 0
156535 0
219299 0
099763 0
018371 0
059224 0
201952 0
286470 0
169684 0
139664 0
004286 0
142349 0
017499 0
196063 0
262133 0
026737 0
085744 0
080458 0
233729 0
023200 0
038795 0
276413 0
194161 0
235557 0
207237 0
121886 0
018292 0
179385 0
269683 0
052937 0
179912 0
113744 0
237053 0
156369 0
028033 0
127712 0
240616 0
237301 0
096690 0
148019 0
096882 0
290001 0
085472 0
231544 0
133874 0
170878 0
003538 0
150062 0
235968 0
059665 0
046457 0
002593 0
151518 0
195802 0
019227 0
