238411 0
233640 0
269056 0
082766 0
266911 2
212162 2
222787 1
238033 0
222788 0
212167 2
266308 1
211172 1
203124 1
236366 0
203131 1
201475 2
201337 2
201474 2
266333 1
201603 0
201586 0
266375 0
266378 1
137045 0
264605 0
196905 1
266377 0
268383 0
182434 0
205360 1
208486 0
223031 1
194954 2
215692 0
223029 1
223028 1
223022 1
223023 1
223019 1
196507 0
222593 2
223369 1
214163 2
223325 1
199777 1
255934 2
255945 2
255948 2
222592 2
214158 2
223386 0
230770 0
196998 0
219128 1
263564 0
197000 0
199784 1
229616 0
231857 1
197822 2
221880 2
158022 0
220465 2
199759 1
197819 2
205351 2
159792 0
197225 1
154927 0
076236 0
220420 2
210601 1
230436 2
182107 0
199803 1
199804 1
214144 2
199745 1
205350 2
230409 2
220484 2
220483 2
219118 1
197226 1
220423 2
195482 1
220112 2
231245 1
222160 0
231163 1
256150 1
256152 0
213100 0
213183 0
280266 1
218499 0
221038 0
253060 0
196091 0
199778 1
219124 0
194875 0
197544 1
198813 0
231159 1
199491 2
231166 1
255944 1
255947 1
255933 1
271342 0
284588 0
254773 0
219595 2
254751 2
250905 0
254707 2
254747 2
253604 2
270248 2
244696 1
197885 2
204937 2
204547 2
196602 1
199604 2
199638 2
256004 0
203701 1
196670 2
275836 0
171700 1
213979 0
218536 2
196668 2
182984 0
253883 1
215706 0
215712 0
215715 0
213024 0
240261 0
204651 2
215719 0
199839 2
226018 0
196661 2
253886 1
196655 2
270246 2
253896 1
196646 2
171709 1
171667 1
171674 1
201513 2
171673 1
171708 1
270247 2
270249 2
196578 1
200380 1
252870 2
235732 0
192997 1
201928 1
196728 0
272657 0
219117 0
256555 2
200375 1
252789 2
199268 1
199269 1
237240 0
246421 0
197865 2
273727 0
202071 2
255359 0
222313 0
192939 1
198339 2
246416 0
266709 0
198333 2
199239 0
198312 0
197863 2
196355 0
195404 2
256058 0
195378 2
195349 2
195317 2
195236 2
195228 2
195204 2
192783 2
192731 2
196095 2
256926 0
278925 0
170993 1
253856 2
202757 0
193071 2
198624 2
256565 1
256563 1
198620 2
198626 2
196802 2
202756 0
233997 0
196886 2
076131 2
229912 0
202755 0
192846 1
278923 0
197365 2
235792 1
018195 2
128964 2
260672 0
259404 0
211720 0
151691 2
240617 1
199174 2
238294 1
240583 1
197180 2
217340 0
193047 0
199203 2
194183 2
211704 0
193069 2
281452 1
194089 0
151726 0
232950 0
173785 2
238303 0
255923 0
197336 2
194176 2
194219 2
253844 2
193696 2
173789 2
230101 0
138350 1
197384 0
199086 0
253847 2
006299 2
253827 2
155610 2
017038 2
006734 2
130337 2
153662 0
155611 2
131925 2
150514 0
130371 2
131685 1
150512 0
152927 0
153663 0
130167 2
222862 0
130357 2
076019 2
257879 0
160164 2
156127 1
157282 2
160208 2
197966 1
190459 2
152620 0
152616 0
213841 0
190473 0
157258 2
075989 2
197930 0
130092 2
190470 2
130088 2
131570 2
139134 1
138686 2
085633 2
131574 2
139789 0
015179 0
125566 0
131576 2
129901 0
131578 2
138525 2
006417 2
202104 0
131696 2
131575 2
202105 0
163692 2
168938 0
006624 2
162879 0
214487 0
131565 2
289329 0
006436 2
261139 0
138632 2
138636 2
140263 2
131700 2
131713 2
139758 2
133368 2
129712 2
131701 2
147406 2
139765 2
139727 2
006435 2
131790 2
131772 2
157805 2
129994 2
130061 2
147416 2
139522 2
006369 2
129880 2
140394 2
138405 2
132555 1
000755 2
132060 2
143408 2
130265 2
129809 2
132786 2
132044 2
132821 2
129729 2
141169 2
132780 2
002928 2
132779 2
006388 2
009964 2
147423 2
130511 2
010966 2
150966 0
144556 2
134068 2
129807 2
150585 0
139396 2
130487 2
139314 2
198530 2
130952 2
240136 0
130491 2
129808 2
093115 0
134073 2
134093 2
144564 2
167296 2
167297 2
132559 1
130497 2
155578 0
144048 2
197532 0
211379 0
130257 2
008264 2
158296 2
144569 2
240145 0
150915 2
269062 2
139399 2
240977 0
130495 2
256031 0
198537 2
197249 0
220506 0
129834 2
130253 2
058557 2
139296 2
278168 0
130518 2
141082 2
129849 2
144582 2
253573 0
130230 2
069628 2
102801 2
130704 2
129989 2
002741 2
138507 1
196769 0
131608 2
144053 2
250880 0
130251 2
194367 2
230503 0
130522 2
093237 2
231796 0
002447 2
193164 0
139517 2
130244 1
150967 0
157909 2
132554 1
130243 1
152790 0
152791 0
161721 2
198541 2
131609 2
199075 2
275837 2
075574 2
155508 0
003607 2
191052 0
141101 2
199079 2
129381 1
115297 2
147934 0
144617 2
147935 0
232406 0
250808 0
210000 0
144054 2
129937 2
144060 2
130280 2
129374 1
272364 0
143182 1
197256 2
147946 0
129379 1
200458 2
201536 2
230502 0
224029 2
196210 2
225907 0
196211 2
131884 2
221444 0
075759 2
129456 1
129441 1
129452 1
130696 2
167248 2
129378 1
224014 2
180090 0
129987 2
147055 2
201791 2
232400 0
117144 2
129934 2
012079 2
122892 2
197176 1
075516 2
075749 2
148691 0
150934 0
148775 0
130698 2
129447 1
075502 2
129434 1
123283 2
141131 2
131600 2
167201 2
178092 0
226019 0
069824 2
102997 2
196680 2
031397 0
006608 0
002889 2
129371 1
147931 0
063084 0
182810 0
241271 0
129372 1
129375 1
129376 1
017632 1
129355 1
129373 1
069567 2
102740 2
129992 2
134997 2
129448 1
134905 2
138854 2
069649 2
102822 2
135019 2
140262 2
138803 2
138931 2
140220 2
132655 2
138913 2
138843 2
139211 2
138943 2
138915 2
130711 2
138867 2
133670 2
138816 2
133660 2
144270 2
144100 2
144271 2
143165 1
132693 2
143960 1
143927 2
132694 2
144128 2
140176 2
132678 2
134000 2
142750 2
143938 2
141100 2
143958 2
123302 2
002682 2
132446 2
002890 2
134832 1
140186 2
131587 2
138767 2
142751 2
131876 1
132459 2
138769 2
142691 1
131611 2
139067 2
131726 2
131805 2
130909 1
167146 2
133980 2
002207 1
142745 1
133999 2
133984 2
131588 1
130860 2
134895 2
137392 2
143467 2
131761 2
131763 2
075838 2
130871 2
138749 2
138810 2
075913 2
130864 2
199090 2
130116 0
136686 2
134896 2
136638 2
134830 2
130877 2
131799 2
075837 2
132419 1
143421 2
138394 2
143415 1
144945 2
006573 2
138983 2
132543 1
114660 2
144935 2
006634 2
138797 2
133812 2
144183 1
144948 2
144954 2
147614 2
131717 0
201566 2
144164 1
143420 1
140960 0
275773 0
144175 1
133019 2
133638 2
137072 1
147609 2
138981 2
134064 2
130898 2
140972 2
138990 2
138748 2
133780 2
134837 2
109034 2
138393 2
139198 0
131580 1
144952 2
013779 2
144968 2
138390 1
114662 2
201550 2
130758 1
132431 1
140973 2
002927 2
178351 2
139726 0
139987 2
131748 2
136916 0
136931 0
139977 2
133779 2
144956 2
136929 0
133794 2
268978 2
132384 2
147566 2
002765 2
139763 0
137299 2
141345 2
129014 2
131663 2
168168 0
141330 0
137183 0
141583 0
168267 0
168268 0
138848 1
130401 1
130454 0
147720 2
133755 2
002264 0
144853 2
144810 2
145928 0
145922 0
129019 2
147589 2
018274 2
128911 2
139965 2
132166 1
132147 1
144725 1
132159 0
144721 1
144724 1
144722 1
144632 1
144650 1
133944 2
141332 0
201707 2
201712 2
138498 0
136933 1
178089 0
115341 1
002886 2
138973 2
099474 0
138486 0
138503 2
138955 0
144590 1
132642 2
144160 2
144135 2
138508 2
130844 2
006064 0
006472 2
177432 2
140920 0
161269 2
101241 2
133308 0
136475 0
101245 2
148166 2
144134 2
012785 2
146129 2
117370 2
117348 2
151698 0
140814 0
115349 1
115802 0
117375 2
280878 0
115354 1
141915 2
101246 2
226533 2
101243 2
141939 2
091012 0
115381 1
220654 2
071694 0
104867 0
091021 0
101252 0
008534 1
079861 0
140822 0
132639 0
141912 2
226463 2
220660 0
226421 2
138575 0
130228 0
133182 2
133191 2
042733 0
133169 0
143317 0
037084 0
132129 0
130756 1
147086 0
130722 1
130751 1
130798 1
130824 1
158363 0
196522 2
131860 1
132148 1
092325 0
131865 0
196366 2
132150 1
233904 0
132152 1
132168 1
132160 1
132164 1
132153 1
132146 0
132161 0
189130 0
177419 2
213686 0
132644 0
269254 2
150026 0
213570 0
177418 2
269112 0
177416 2
140369 0
177403 1
177430 0
097596 0
079631 1
138496 2
162711 2
115046 0
197170 0
147360 0
131013 2
131028 0
131084 2
131138 2
131228 2
131235 2
255577 0
217202 0
137458 0
141986 2
144420 0
085440 0
130477 0
129127 0
197932 2
197899 2
150077 0
199376 2
194312 2
194316 2
194304 2
143407 0
084119 2
225583 0
084138 2
060019 0
282633 0
132145 0
005969 0
155497 0
243609 0
140599 0
131010 0
080274 0
195268 0
140826 0
129059 0
139456 2
008865 0
264721 0
147065 0
140848 0
161997 2
108974 0
161993 2
096893 2
136170 0
076134 0
131661 0
196073 0
155358 0
163307 0
075967 2
138952 0
194412 2
139454 0
220497 0
200919 0
225970 0
186030 1
198307 0
194035 0
139439 1
258909 0
131614 1
135993 0
131612 0
131620 1
010285 2
122613 2
131616 0
122612 2
238097 0
037581 0
256109 0
255441 1
101256 0
255415 0
131621 1
206181 1
133677 0
207424 1
131617 0
265046 2
200540 0
251187 0
131850 0
143273 0
194616 0
122663 0
102075 0
144328 0
224126 1
227023 0
224094 1
224096 1
224124 0
008887 0
191088 2
191302 2
147404 2
258822 0
138427 0
260320 0
170734 2
255274 2
114043 0
170668 2
243613 2
152553 0
241272 0
263117 2
130351 0
256635 2
266877 0
256543 2
058497 0
099857 0
250695 2
202751 0
250537 2
064545 0
196941 2
229021 0
196928 2
240494 0
064895 2
199876 0
064885 0
158169 0
256637 0
259341 0
162251 1
162243 1
085175 0
162165 0
287883 0
136078 0
213872 0
200686 0
238035 0
008642 0
002542 2
192966 0
002509 0
241647 1
194849 0
241658 1
196356 0
018126 0
112718 0
157352 0
101385 0
238207 0
200962 2
161056 0
200950 2
213514 0
256314 0
132996 0
167791 0
140730 0
289519 0
262132 0
147016 0
147850 0
222067 1
249339 0
182760 1
193439 2
130212 0
182776 1
197679 2
191888 0
197674 2
177274 0
042086 0
255912 2
024196 0
209385 0
225555 0
114734 0
257506 2
277942 0
135216 0
151649 1
194783 1
196621 0
151676 1
151652 1
151646 1
151658 0
196009 0
139346 0
173417 0
254778 0
252539 0
142085 0
034610 0
077514 0
253139 0
256671 0
143970 0
135414 0
151813 0
139837 0
274183 0
110295 0
160247 2
222490 0
129686 0
138656 0
122308 0
253930 0
201960 0
278863 0
194177 0
286301 0
194840 1
155909 0
192302 0
256706 0
166385 0
199809 2
239901 0
199811 2
077079 2
201835 0
077160 0
198550 1
253020 0
198643 1
198691 0
198692 0
224569 0
189122 0
252472 0
152635 0
255087 0
220628 0
182110 1
130309 0
177244 0
178091 0
071529 0
061141 2
138576 0
061179 2
061161 0
061181 0
061437 0
211319 1
062348 0
211347 1
027818 0
142111 0
152922 0
154057 0
258702 2
224125 0
168677 2
195999 0
168736 0
168740 0
010163 2
122454 2
177774 0
010227 0
134012 0
154218 0
223636 0
133167 0
008730 0
243648 0
130308 0
225613 0
238312 2
238308 1
014308 0
238319 1
230464 0
018127 0
079638 0
137425 0
115048 1
151048 0
115051 0
198346 0
144345 0
096296 0
167810 0
199808 0
058685 2
178095 0
058713 2
268409 0
010255 2
122582 2
243294 0
122559 1
122509 0
095708 0
112570 0
134642 0
076502 0
263645 0
006302 0
150081 0
220383 0
101097 0
111820 0
253737 0
011792 0
196600 1
177438 0
196598 0
196586 0
179531 0
101352 0
197366 0
013729 2
152878 0
145015 0
144747 0
233638 0
269742 0
076106 0
099196 0
132416 0
196331 0
262857 2
255453 0
262855 2
260570 0
276249 0
132453 0
233048 0
165442 0
092694 0
256615 0
258572 0
135877 0
258047 2
140396 0
258052 0
196297 0
201197 0
269219 2
196145 1
242242 0
196104 1
269138 1
269363 2
269284 0
269037 1
269135 1
198433 1
233401 0
198914 1
268985 1
269109 1
269014 1
269216 2
269616 1
157512 0
202653 0
012900 0
031619 0
269604 1
269160 2
269022 1
163662 0
212272 0
166716 0
166717 0
006749 0
071913 0
289855 0
143316 0
045861 0
201545 0
211271 1
241621 0
112228 0
210882 2
210884 2
010257 0
257516 0
231604 1
097216 0
231486 1
231485 0
081539 0
111333 0
129054 0
183510 0
221267 0
161371 0
140037 0
232257 1
194430 0
232808 1
232727 1
233090 1
233351 1
233326 1
233091 1
233334 0
233437 0
148935 0
233410 1
227230 0
233399 1
233419 0
256122 0
234428 2
237587 0
235911 0
253631 0
087548 0
224628 1
257309 0
224620 1
224562 1
226924 0
069164 0
182809 0
182440 0
279957 0
233830 0
132643 0
223581 0
112654 0
197527 0
115160 0
255389 0
215475 0
221908 0
252876 0
196579 0
101924 0
012384 0
200687 0
189772 0
196058 0
217405 0
198304 0
153696 0
058843 0
222299 0
094765 0
182687 0
114722 0
182623 0
150037 2
131030 0
150029 2
150031 2
150019 2
150011 2
129124 0
244395 0
082909 0
227007 0
215247 0
260945 0
127014 0
256709 0
243507 2
199408 1
199253 0
255523 0
155214 0
210130 0
258499 0
121933 0
230263 0
188780 0
138491 2
088528 0
132662 0
148311 0
256503 0
154184 0
146988 0
243630 0
255186 0
017949 0
162183 0
289858 1
220962 2
144406 0
220920 2
289870 0
272724 0
231049 0
194843 0
288441 0
205251 0
196748 0
107866 2
232631 0
107848 2
108477 2
131173 0
145738 0
233013 0
194489 0
151660 0
271181 0
003819 0
131242 0
258885 0
067512 0
262737 0
211471 0
139718 0
230192 0
123638 0
192338 0
139846 0
190243 0
220377 0
153213 0
255404 0
233362 0
122556 0
156501 1
253750 1
212006 0
253728 1
156462 0
253658 1
157465 0
156497 0
254619 2
229011 0
254612 2
195433 0
064209 0
254818 2
254813 2
264952 0
254812 2
254786 0
254783 0
135816 0
255275 0
222587 0
196841 0
151065 0
232568 0
153037 0
233753 0
224564 0
194642 0
199875 0
143202 0
151663 0
285980 2
154652 0
093913 0
157466 0
252463 0
163267 0
225002 0
196025 0
003475 0
112015 0
027786 0
230688 0
289854 0
245035 0
139479 0
258007 0
254806 0
235180 0
193276 0
259985 0
131883 2
044359 0
131880 0
133126 0
198482 0
098053 1
136914 0
196314 0
138891 0
231211 0
117436 0
219386 1
161744 0
219365 1
252486 0
140847 0
242852 0
139255 0
097187 0
108494 0
234469 0
257022 2
161573 0
274565 0
256008 0
108166 2
177777 0
108151 0
007091 0
260936 0
125027 0
278084 0
256079 0
138739 0
256694 0
114830 0
196603 0
233909 0
241816 0
266707 0
232469 0
012396 0
017965 0
136573 0
281372 0
273818 0
161955 0
139692 0
258573 0
115725 0
137462 0
222009 0
003499 0
112572 0
155572 0
202749 0
157353 0
156464 0
243649 0
217555 0
062346 0
033516 0
193228 0
213550 0
140828 0
142126 0
194130 0
132476 0
254001 0
036820 0
191921 0
256618 0
168651 0
007318 0
166386 0
273821 0
230276 0
194100 0
289853 0
138543 0
233026 0
146746 0
152039 0
139341 0
009987 0
220011 0
098361 0
190825 0
235250 0
148064 0
078896 0
242727 0
141342 0
041998 0
264983 0
196309 0
268368 0
175695 1
130573 0
270425 0
192801 0
259917 0
171372 0
189000 0
206049 0
198368 0
059213 0
230097 0
199473 2
173188 0
196940 0
197285 0
140598 0
246429 0
255088 0
255418 0
141091 0
068756 0
226960 0
240692 0
151047 0
160135 0
081226 0
237515 2
220630 0
242713 0
153881 0
201306 1
151641 0
220168 2
274170 0
220155 2
263028 2
256051 2
262206 1
231475 0
262211 1
201305 0
278799 0
229592 0
199831 0
264110 2
262363 2
254172 0
262395 0
274530 0
262341 2
229587 0
263642 2
250234 2
250255 2
221823 1
118140 0
278857 0
254171 0
250120 0
269418 0
230165 1
230012 1
278910 0
230265 1
230287 0
212280 0
232800 0
286826 0
129140 0
264242 0
158023 0
004845 0
070312 0
287885 0
189124 0
162184 0
272468 0
262590 0
011838 0
147076 0
277939 0
289520 0
148903 0
240713 0
233011 0
152604 0
240222 0
108121 0
219860 0
101939 0
135853 0
061673 0
098307 0
156463 0
241273 0
154360 0
155565 0
234347 0
255377 0
058842 0
197390 0
243293 0
155759 0
268422 0
136825 0
192335 0
136077 0
269737 0
142119 0
080927 0
269041 1
267644 0
268988 1
155711 0
269235 1
269034 0
269234 0
199383 0
116466 0
160262 0
142214 0
274163 0
077848 0
271652 0
279711 0
199985 1
199976 2
112720 0
264237 0
145450 1
115165 0
145435 0
145434 0
256611 2
061188 0
271348 0
281419 0
138422 0
254774 0
259581 0
208355 0
233024 1
154031 0
233000 1
263552 0
198353 0
032317 0
233323 1
196166 1
142347 0
233293 1
196087 1
231774 1
222267 1
194444 0
222256 0
231775 1
238380 0
249523 0
233972 0
233622 0
101520 0
173374 0
037135 0
199403 1
256793 0
199878 1
199879 1
199374 0
199873 0
177283 0
017540 0
259918 0
202636 0
120857 0
155525 0
261602 0
212282 0
232830 0
190230 0
158167 0
163579 0
004962 0
241585 0
082920 0
243599 0
178097 0
232422 0
268122 0
131734 0
273161 0
272164 0
097597 0
131940 0
139582 0
227091 0
146805 0
166938 0
256719 1
256720 0
256449 0
097212 0
252468 0
220001 0
260423 0
137111 0
166911 0
072255 0
197456 0
076787 0
202155 0
144557 0
196730 0
139964 0
237656 0
251616 0
077335 0
146507 0
104702 0
255926 0
233827 0
286597 0
002451 0
253752 0
105086 0
130611 0
235922 0
205653 0
122313 0
109715 0
155366 0
240433 0
011438 0
102337 0
115084 0
164711 0
033534 0
018000 0
221598 0
191776 0
197728 0
150063 0
153303 0
196843 0
192912 0
099841 0
027925 0
129940 0
147982 0
034658 0
152603 0
137461 0
101617 0
278943 0
278862 0
221404 0
243735 0
235256 0
