278758 0
070284 2
103457 2
089193 0
070151 2
103324 2
070061 2
103234 2
069804 0
102977 0
070056 2
103229 2
070059 2
103232 2
130293 0
181808 0
097481 0
070085 2
103258 2
070108 2
103281 2
070010 2
103183 2
112385 2
097701 0
097696 0
111963 2
109380 2
038533 0
108202 2
096207 2
069222 0
102395 0
069762 0
102935 0
109381 0
098366 2
099069 2
099342 2
099790 0
099083 2
099357 0
099192 2
097817 2
097815 2
097821 2
097857 2
097808 2
099515 2
097920 2
041509 2
094699 2
097925 2
114382 2
093938 2
096231 2
093941 2
099792 2
098097 2
099086 0
114462 2
096201 2
098070 2
096181 2
114384 2
146000 2
093892 2
098059 2
097949 2
145974 2
102061 2
261760 0
095399 0
093948 2
278519 0
094056 2
094081 2
094074 2
098644 2
018552 1
128739 1
125036 2
278501 0
098629 2
094046 2
098021 2
098639 2
108817 2
098784 2
099092 2
131127 2
098793 2
099104 2
094522 2
093931 2
133746 2
094612 2
097157 0
175594 2
096685 2
018169 2
128986 2
098777 2
100245 2
093114 0
108802 0
101876 0
116147 0
095986 2
132568 0
093942 2
133661 2
094008 2
156890 0
094071 2
095958 2
098529 2
101189 2
189117 0
116149 0
086581 2
093698 2
116148 0
138970 2
086596 2
051651 0
094558 2
101190 2
082108 0
100034 2
139214 2
098104 2
098029 2
133721 2
096936 2
098010 2
098028 2
096894 2
098020 2
098068 2
129068 0
098620 2
140247 2
140355 2
096043 2
140266 2
101226 2
094020 2
086637 2
094019 2
097973 2
093973 2
095978 2
086514 2
097345 0
096209 2
095659 2
097344 0
096206 2
004171 2
118279 2
137329 0
098797 2
125023 2
128747 2
084567 2
098633 2
084568 2
004379 2
118512 2
117703 2
093912 2
084566 2
098525 2
133951 0
084559 2
096003 2
133940 2
125021 2
098781 2
094055 2
084558 2
098508 2
086654 2
138037 2
004518 2
118728 2
108710 2
097830 2
097974 2
094054 2
096002 2
117708 2
117710 2
095882 2
119817 0
116573 2
094550 2
096049 2
108731 2
018460 2
128788 2
131994 0
091317 2
108729 2
095413 2
098280 2
145317 0
091286 2
092794 0
092875 0
094564 2
108127 2
098375 2
098200 2
197193 2
094178 2
187021 0
111268 2
113717 0
111269 2
095398 2
132000 0
197191 2
197197 2
131997 0
084634 2
094209 2
129638 0
139721 2
131986 0
098362 2
092793 0
101255 0
010253 0
122580 0
094827 2
260644 2
020886 0
111293 2
094587 2
094729 2
084649 2
095032 2
084631 0
084628 2
094698 2
084629 2
084626 2
094749 2
098360 0
094973 2
098354 0
067592 2
094068 2
128871 2
117564 2
100464 0
094481 2
067563 2
067615 2
095614 0
098335 0
086655 2
117575 2
099271 2
098315 0
098328 0
128870 2
062130 0
012267 2
092971 2
138425 2
096986 0
117556 2
090835 2
138459 2
109421 2
096648 2
128869 2
196375 1
092536 2
062153 0
098056 0
097333 2
097084 0
101555 2
095584 0
243722 0
243659 0
108711 2
108730 2
108732 2
135085 0
005062 2
119461 2
079592 0
243724 0
098324 2
097742 0
067636 2
096983 0
138468 2
067649 2
097335 2
098302 2
098321 2
086741 0
098300 2
112572 0
118516 2
096061 2
100428 2
096240 2
100378 2
129258 0
100279 2
085090 0
072263 2
105436 2
101412 2
093889 2
100303 1
093940 2
085145 0
108624 2
017799 0
129257 0
123285 0
119264 2
114151 2
068254 0
131016 2
131020 2
085165 0
017937 0
129155 0
004419 2
085184 0
074433 2
107606 2
131014 1
119260 0
131460 2
131482 2
093853 2
131493 2
131490 2
131505 2
093794 2
092951 2
093802 2
143414 0
126999 2
092554 2
094235 2
243192 0
099295 2
238700 2
143418 2
074842 2
143423 2
112328 2
181843 0
004032 0
078739 2
007217 2
120778 2
132001 2
092949 0
017303 0
129585 0
094232 0
099731 2
092542 2
114205 0
096418 0
096401 0
275779 2
189892 0
120708 1
120594 2
099730 2
099293 0
009871 2
122229 2
074864 2
092934 2
092463 2
075008 2
092526 0
078741 2
131999 2
131996 2
128136 2
131993 2
060971 2
138528 2
060968 2
006934 2
120557 2
005432 2
119989 2
064517 2
141970 2
119916 0
032442 2
148908 2
142538 2
078746 2
133912 2
032446 2
092070 2
061662 0
004124 2
118235 2
241136 2
095524 2
092872 0
133920 2
133919 2
099647 0
183235 2
155560 2
155568 2
111794 2
032502 2
114971 2
092406 0
279290 2
138516 2
118199 0
004198 2
111762 2
078237 2
004409 2
118566 2
119474 0
032450 2
094400 2
092249 2
011334 2
122716 2
093044 2
156660 0
156662 0
119458 0
118533 0
138878 2
090502 0
065068 2
079747 0
078236 2
007411 0
120928 0
156661 0
133773 2
031921 2
032485 2
065101 2
122714 2
122712 2
122708 2
078325 2
078345 2
078404 2
268459 2
126367 1
122690 2
078271 2
164635 2
094353 2
176683 2
164649 2
094432 2
202529 2
142421 2
202877 2
202878 2
094245 2
078778 2
001887 2
179523 2
078772 2
176680 2
079580 0
275361 2
006972 2
120597 2
162048 2
256266 2
142387 2
001778 2
256268 2
256264 2
063264 2
102086 0
102108 0
093856 0
256259 2
164228 2
063267 2
144933 1
142394 2
164156 2
272041 0
256244 2
092942 0
127702 0
144464 2
066285 2
144447 2
199021 2
141527 2
097898 0
144446 2
098499 0
138849 0
144519 2
017676 2
129322 2
001330 2
130164 0
237341 2
182823 2
142441 2
151732 2
101989 0
140525 0
233721 1
087982 2
088008 2
130232 0
130169 0
063759 2
142622 1
130321 0
063851 1
092644 0
007726 0
121156 0
087998 2
164910 2
258755 2
194511 2
153606 0
153562 0
234100 2
163927 2
152489 2
063850 2
201732 2
005817 2
120432 2
120430 2
063058 2
152492 2
152457 2
165988 2
068637 0
090497 2
117907 2
087986 0
224901 2
144461 2
224903 2
189164 2
117927 2
189162 2
144448 2
132566 0
131746 2
192455 2
261063 2
152115 2
132567 0
189169 2
011266 0
085206 0
085204 0
132614 0
132577 0
085103 0
189161 2
010774 2
132137 0
015251 2
125486 2
260138 0
149696 2
266398 2
223292 0
189160 2
166008 2
224816 2
224894 2
224748 2
190368 0
224743 2
224741 2
224690 2
224759 2
224815 2
224893 2
261057 2
261068 0
257559 2
257529 0
165225 2
017392 2
129516 2
152334 2
146800 2
257540 2
152337 2
163725 2
163724 2
244452 0
242819 0
281621 2
268490 2
268829 0
257539 2
192032 2
257534 2
235939 0
235950 0
065032 2
116551 2
281187 2
116967 2
179214 2
184854 2
066294 2
130291 2
155575 0
065663 0
194936 0
159806 2
266984 0
168553 2
186703 0
169756 2
159802 2
062701 2
157676 2
193910 2
017318 2
129572 2
251229 0
251259 0
243927 0
199741 2
158158 2
186742 2
194942 0
159101 2
159093 0
146071 2
169771 2
169786 2
169787 2
187313 0
079227 2
146719 2
193987 2
169746 2
266985 0
005703 2
120323 2
132080 0
256483 2
167959 2
083309 2
177027 0
136132 0
162077 0
271941 0
149386 0
079190 2
168889 0
168890 0
169754 2
169750 2
159878 2
159879 2
169744 2
130292 2
069740 2
102913 2
159884 1
117163 2
159886 0
083328 2
083343 2
163730 2
281036 2
130318 2
281012 2
149293 2
280972 2
163727 2
083156 0
280920 2
001997 0
002762 0
060989 2
060902 2
177516 2
190412 0
064258 0
111735 0
138447 0
190371 0
259772 0
162959 2
184857 0
163061 2
162985 2
163739 0
163208 2
060988 2
231476 0
064203 2
064219 2
060995 2
233730 0
064162 2
064198 2
130081 0
130398 2
162827 2
032221 2
032198 2
113262 2
085261 2
059452 0
098045 2
142521 2
063331 0
170092 2
085285 2
142511 2
280215 0
090713 0
094848 2
144990 2
162429 2
046741 0
014334 0
169455 2
270839 0
046903 0
046801 0
119685 2
188852 0
155289 2
095937 2
046690 0
095961 2
094752 2
032223 2
032224 2
096033 2
119701 2
005543 2
120122 2
162829 2
143222 0
143213 0
031159 2
181536 2
031144 2
162986 2
145064 0
131985 0
189109 0
071453 2
104626 2
091563 0
025131 2
085081 0
094990 2
096761 2
010318 2
122637 2
157024 0
122607 0
157023 0
096656 2
163062 2
018477 0
068298 0
093772 2
093747 2
101096 0
076870 2
176745 2
077026 2
069170 2
102343 2
093668 2
099248 0
067865 0
067893 0
042388 0
077029 2
093659 2
176747 0
076093 2
159721 2
000920 1
093645 2
078631 2
090825 0
006933 2
120556 2
159666 2
009409 2
121867 2
009607 2
122050 2
082453 0
241468 2
139690 2
168684 2
168685 2
159716 2
065858 2
137519 0
012499 0
222707 0
010349 2
122671 2
099878 2
241537 2
241538 2
137450 0
114787 0
219507 0
124355 0
219501 0
087602 2
138363 2
232460 1
219985 2
090133 0
052272 0
099834 2
093699 0
099786 2
065854 2
138334 2
138336 2
138306 2
067847 2
110351 2
160190 0
086015 2
083900 2
001120 0
001203 0
086601 2
288561 2
161444 2
093182 2
116483 0
161412 2
161413 2
112496 2
070582 2
103755 2
288510 2
083083 2
229487 0
188211 0
147441 2
137110 0
111328 2
084521 2
142003 0
131654 2
101633 2
002844 1
258918 0
097807 2
083219 2
155996 2
170306 0
188181 0
087980 0
161400 0
064317 2
280276 0
131145 0
147422 2
147443 2
064285 2
147420 2
084690 2
101635 2
083222 2
101669 0
288756 2
252749 0
252750 0
084148 0
288729 2
083254 2
083253 2
132366 2
070343 2
103516 2
107756 0
035821 0
033115 2
079302 0
084692 2
035811 0
107728 0
126771 0
085623 2
007070 0
085591 2
083279 2
070148 2
103321 2
033131 0
084712 2
131414 2
084711 2
086138 0
084707 2
084714 2
121859 2
064514 0
144674 0
131421 0
199448 2
018362 0
199462 2
199420 2
067216 2
195952 2
097749 0
062733 2
139541 2
064817 0
139618 2
139619 2
064820 0
146514 0
071377 2
104550 2
071364 2
104537 2
126897 2
144444 0
033351 0
063334 0
195950 2
126898 2
195935 2
100286 2
117639 2
058789 2
158434 2
076285 2
169797 2
169798 2
283164 2
169781 2
144337 2
064547 2
101209 2
131292 2
201858 2
158390 2
142617 2
155236 0
009233 2
121709 2
287892 0
142637 2
132045 2
014791 2
155235 0
009408 2
121866 2
230643 2
084041 0
198477 0
180954 0
198524 0
288653 0
069856 2
103029 2
219542 2
156303 0
028838 0
086283 2
284367 0
142410 1
141038 2
140978 2
283178 2
140980 2
283473 2
210042 0
134798 0
098779 2
148104 2
062156 0
098801 2
056274 2
128216 2
004538 2
128167 2
017314 0
137006 0
066154 0
138061 0
164548 0
011993 2
056677 2
048069 2
279608 0
111530 2
048075 2
094928 0
007940 2
121353 2
092710 0
111259 2
109982 0
004565 2
109713 0
004507 2
118714 2
271292 0
268171 0
094297 0
089087 2
083220 2
036482 0
084391 2
061832 0
084237 2
079079 2
084945 2
253210 2
225504 2
230390 0
228333 0
253178 2
225505 2
225522 0
084394 2
111367 0
086462 2
138287 0
085355 2
113974 0
087632 2
085383 2
174704 0
220815 0
220574 0
016861 0
094229 0
086603 2
071710 2
104883 2
286317 0
071684 2
104857 2
072189 2
105362 2
099176 0
009919 0
033125 0
008726 2
060253 0
201334 0
112092 2
064669 2
095638 2
071022 0
112096 2
095600 0
287256 0
064516 2
095745 0
063416 0
061265 0
069841 2
103014 2
029520 2
150027 0
076683 2
029478 2
145074 0
279285 0
256976 0
080931 0
017996 0
069157 0
280229 0
232587 2
097843 0
232593 0
088919 0
001307 0
199699 0
064971 0
110449 0
079654 0
075588 2
058366 0
075609 0
001775 0
058855 0
131134 0
061054 2
097453 0
064244 2
002717 2
100758 2
157796 0
100751 2
100741 2
124574 0
100266 2
198038 2
198007 2
094758 2
070389 0
197928 2
197893 2
094754 2
100241 2
094368 2
094377 2
094378 2
094385 2
094949 1
094379 2
094369 2
094244 2
070319 2
103492 2
070323 2
103496 2
083261 0
032200 2
046980 2
269126 0
255889 0
058096 2
094525 2
255861 0
072109 0
072487 0
072790 0
073053 0
073313 0
073569 0
073831 0
070364 2
103537 2
070100 2
103273 2
070114 2
103287 2
070285 2
103458 2
070117 2
103290 2
070424 2
103597 2
094355 2
046905 2
058093 2
058050 2
058014 2
070450 2
103623 2
070494 2
103667 2
070341 2
103514 2
034577 2
032340 2
094389 2
032328 2
094319 2
032341 2
094387 0
094390 2
070390 2
103563 2
060859 2
053145 2
075324 2
086213 0
086214 0
235247 0
075341 2
231905 0
098726 2
094051 0
098771 2
085919 0
063718 2
071431 0
104604 0
020955 0
033372 2
113123 0
032401 2
098707 2
098848 2
030579 0
014186 2
062121 0
070933 2
104106 2
002688 2
180465 2
110350 0
071135 2
104308 2
180514 2
110582 2
192808 2
110676 2
068431 2
062972 2
137945 2
277403 2
192823 2
094388 2
147674 2
162409 2
147638 2
091352 0
147680 2
051976 0
137967 2
147627 2
133795 2
135685 2
147651 2
094380 2
132764 0
182023 0
219616 2
098443 2
062988 2
112134 0
092615 2
219441 2
147626 2
043302 0
255632 0
101868 0
078530 0
062992 2
261062 0
141180 2
092601 2
100549 0
006872 2
120500 2
033181 0
169139 2
169140 2
133533 2
283794 2
083323 2
095217 2
132019 0
199217 0
077315 0
133536 2
133539 2
133543 2
137991 2
141213 2
062970 2
062946 2
068432 2
154698 2
000105 0
133467 0
137910 0
110550 2
002569 0
283806 0
283808 0
283812 0
063001 2
283803 0
062991 2
063021 2
124676 2
124691 2
142123 2
142059 2
141978 2
113131 0
109125 2
095230 2
108847 2
101039 2
219476 2
118121 2
081324 2
108773 2
081330 2
149212 2
094344 0
095786 2
229599 0
018469 0
010351 2
122672 2
108814 2
146570 2
135520 0
035984 0
152714 2
039713 2
253372 0
014105 0
110609 2
118112 2
180167 2
276313 0
276311 0
272191 0
027448 0
122643 2
122665 2
122654 2
122598 2
122595 2
118111 2
122547 2
122561 2
081320 2
101440 2
101437 2
219420 2
121209 0
219372 2
007794 0
121212 0
011607 2
122798 2
137413 0
138919 2
112401 2
098450 0
134146 0
138900 2
080038 2
116772 2
018674 2
068505 2
168103 2
149318 2
121205 0
146709 2
149319 2
008411 0
109025 2
074562 2
109027 2
094966 0
135076 0
108091 0
108100 0
122794 2
074788 2
135097 0
094916 0
209680 2
122795 2
010474 0
090355 2
098461 0
098441 2
168117 0
109024 0
098505 2
089981 0
114529 0
095933 2
109026 0
166326 0
095932 2
095934 2
095962 2
095938 2
095935 2
095927 2
096070 2
061502 0
096083 2
096032 2
098593 0
098588 0
124914 2
230392 2
094913 2
098947 2
191641 0
098497 0
095225 2
059978 2
224040 0
033547 0
168907 0
101880 0
186297 0
098850 2
058253 2
097133 0
058264 2
095228 0
098847 2
094960 0
098810 2
098751 2
098873 2
031202 0
098825 2
187114 0
098824 2
114915 2
113334 0
169287 0
161003 0
114911 0
142106 2
075722 2
152784 0
086939 0
132177 2
137323 0
132176 2
132171 2
279722 0
032833 0
114207 2
118661 0
066421 0
068744 0
142636 2
056108 2
062541 0
142650 2
056357 2
098411 2
025595 0
179518 0
094832 2
140005 2
051652 0
095448 0
162208 0
058425 2
158750 2
110452 2
013611 0
058500 2
058381 0
098179 0
113819 0
005187 2
119632 2
114819 0
111377 0
038103 0
189118 2
098342 0
058301 2
145142 2
003745 0
058274 2
089406 0
177695 0
068022 2
123864 0
041694 0
197720 2
220835 2
220821 2
098977 2
088044 2
098612 0
098972 2
088043 2
015608 2
010270 0
098409 2
061365 2
001990 2
061364 2
100448 0
233014 0
092730 2
114843 0
066732 0
267359 0
061368 2
092729 2
061383 2
092723 2
092724 2
092722 2
061385 2
009147 2
121639 2
064298 0
071716 0
104889 0
017936 2
129156 2
001235 0
251427 0
114552 2
259094 0
129223 2
114596 2
114618 2
009125 0
129224 2
017845 2
129219 2
129222 2
009100 0
112868 2
098948 0
112754 0
256590 0
197862 0
155212 0
128225 0
065856 2
098446 2
145242 0
098413 2
065912 2
065895 2
224238 0
098447 2
146534 2
160139 0
098423 0
102009 0
120799 2
033130 1
271931 0
120785 0
083329 0
058505 2
099649 2
009035 2
099588 2
126718 0
099581 2
099343 2
252852 0
217314 0
093951 0
061219 0
131498 2
131495 2
063415 0
131510 2
131501 2
079016 0
181941 0
007756 2
121178 2
151373 2
136763 2
175188 0
151154 2
151160 2
061345 2
041810 2
151168 2
128920 2
183892 0
099527 2
013745 0
095234 0
145310 0
251971 2
149547 0
189290 0
080336 0
099521 2
099401 2
061340 2
084829 2
064614 2
110896 0
131194 2
270840 0
058856 2
098949 2
109030 0
084144 0
064616 2
064617 2
131198 0
097677 2
176748 0
239459 0
064629 0
100571 2
100462 2
137556 0
100459 2
100449 2
100570 2
111511 2
063717 2
147572 2
226152 0
263338 0
147559 2
147576 2
076297 0
244202 0
205055 0
149140 0
101791 2
064932 0
210746 0
048409 0
095826 2
061045 2
095404 2
181966 0
095303 2
061086 2
095423 0
061144 0
057700 0
228778 0
068938 0
024488 2
240432 2
146128 0
240487 2
024485 0
041234 0
018560 0
095965 2
068448 0
095941 2
094027 2
117563 0
244339 0
127546 0
159722 2
232153 0
091927 0
095347 2
192494 0
141050 0
007437 2
120948 2
091395 0
095086 0
006630 2
159737 0
133887 2
177680 0
078690 0
126366 0
016514 0
139416 0
091983 0
093409 0
179751 0
214395 0
180160 2
180178 2
182160 2
188782 0
151386 0
249894 0
059455 2
011817 0
144985 0
081131 0
191781 2
191401 0
271282 2
255270 2
157032 0
271136 0
191787 2
191798 0
114263 2
089123 0
114259 2
094057 0
221273 0
131665 0
280180 0
191802 0
086802 0
012090 2
035847 0
288763 0
066425 0
043519 0
096071 2
093478 2
094381 0
092937 2
096024 2
096153 2
099273 0
096022 2
002414 1
147909 2
176756 0
096026 2
147835 2
032701 0
042434 0
090626 0
244562 0
195886 0
034267 0
134330 0
015129 2
125610 2
070221 0
141444 0
271022 0
110617 0
002384 2
065096 2
264931 1
099398 0
265021 0
065074 2
270511 0
093054 2
067081 0
093035 2
093010 2
170604 0
184920 0
109021 0
211970 0
145372 0
083310 0
276881 0
023835 2
280090 2
099081 2
190177 0
023769 2
099078 0
004164 0
239097 0
093202 2
137151 0
093276 2
033108 2
041481 0
193753 0
136103 0
202627 0
005294 0
034850 0
064849 0
046239 0
015363 0
033620 0
125422 0
012582 2
260347 0
139872 0
000329 2
114954 0
129692 0
066376 0
058378 0
000809 0
258017 0
121563 2
284997 0
009061 2
121566 2
130325 0
011396 0
119753 2
180037 0
119743 2
005284 2
119772 2
119158 2
119139 2
119744 2
119577 0
119213 0
004400 2
118544 2
118529 2
094426 2
120702 0
118542 2
094442 2
005404 2
119951 2
145419 0
145417 0
145420 0
099233 0
005707 2
120328 2
088046 2
127219 0
285062 2
098067 0
223994 0
087744 2
173653 0
017740 2
129280 2
178896 0
010311 2
122626 2
129078 2
132135 0
129074 2
018112 2
129046 2
088441 0
007759 2
121183 2
048248 0
121547 0
029455 0
041917 0
171578 2
171512 2
171511 2
171491 2
134639 0
086846 0
112951 2
265209 0
265321 0
112958 2
236593 0
090788 0
266836 0
001861 0
092379 0
144692 2
092891 0
238505 0
276911 0
015013 0
051673 2
034645 0
070701 2
103874 2
101942 0
119236 0
120177 0
234884 0
085839 0
098281 0
249766 0
133208 0
025330 2
026874 0
075088 0
011275 2
122691 2
051632 0
018091 0
011474 0
163720 0
099110 0
093573 2
099992 0
093565 2
119252 0
181611 0
094954 0
007349 2
120882 2
142466 0
020980 0
114539 0
273924 0
099698 0
149767 0
032986 0
097097 2
031972 0
097101 2
005956 2
034541 2
010705 2
174748 0
034533 2
034574 2
220616 0
040694 0
009818 0
098938 2
062298 0
098893 2
098937 2
088908 0
015041 0
005152 0
058286 2
087943 0
097272 0
184858 0
017116 0
096137 0
098229 2
058024 2
132046 0
098228 2
098214 2
010214 2
122531 2
058285 2
058026 0
058271 2
265488 0
155215 0
244272 0
123979 2
081480 2
150923 0
081487 2
288482 0
231509 0
153746 0
051690 0
042354 0
263934 0
030201 0
121550 2
197502 2
065986 0
197476 2
197498 2
197474 2
156898 0
197605 2
142986 0
160224 2
219310 0
160311 0
031695 0
063855 2
021709 2
009689 0
021697 0
270223 0
229457 0
124350 0
160310 0
097077 0
127955 0
176292 2
091131 2
281458 0
090816 0
196446 2
058863 0
196450 2
185556 2
185557 2
069764 2
102937 2
258395 1
196237 0
069735 0
260348 2
185565 0
260323 2
260318 0
033675 0
135378 0
201811 0
017589 2
129394 2
064865 0
129397 2
166059 0
140197 0
138445 0
260973 0
086638 0
058265 0
120779 0
240475 0
252455 0
039340 2
066301 0
093823 0
191915 0
062157 0
273390 0
093570 2
026813 0
086157 0
058208 0
141536 0
029182 2
231994 2
225201 0
029245 0
168381 0
244662 0
090002 0
075262 0
128152 2
077894 0
094306 2
153605 0
135036 0
079652 0
196250 0
176743 0
254873 0
108806 0
136574 0
134077 0
011947 2
255272 0
097625 0
277349 0
125371 0
260311 0
152105 0
156206 0
034164 0
065538 0
042844 0
088638 0
064218 2
050705 2
017733 0
050699 2
044916 0
230070 0
118233 2
054889 0
188807 2
287902 0
252824 2
004154 0
167198 0
115757 0
190027 2
150298 2
038898 0
017096 2
198184 0
154001 0
181034 0
112324 0
135804 0
035541 2
257600 0
146074 2
058532 0
146043 2
052300 2
150439 0
052305 0
093015 0
059441 0
253328 0
138454 0
099096 0
124658 0
239337 0
060493 2
083357 0
060507 2
060505 2
181962 0
079376 0
221324 0
094221 0
060192 0
011970 0
023165 2
258512 0
023093 0
010240 2
066561 0
009267 2
057024 0
009157 0
007993 0
189910 2
235845 0
189923 2
177529 0
110978 2
255519 0
058298 0
042454 2
070042 2
103215 2
071052 0
071051 0
104224 0
149846 0
039814 0
082319 2
001233 0
151350 0
011750 0
032896 0
144982 2
109932 0
183238 0
065686 2
064963 2
101978 2
178850 0
102038 2
039957 0
008085 0
236358 2
279015 0
236564 0
168732 2
168733 2
096680 2
160602 0
233277 0
232821 0
128226 0
034711 0
098061 2
199783 2
092580 0
012480 2
231554 0
071817 0
112806 2
188531 0
112821 2
112834 2
112769 2
128137 0
104225 0
139363 2
089198 0
165047 0
071263 2
104436 2
180035 2
092858 0
066984 2
146133 0
067197 0
007547 0
160358 2
002281 0
099656 0
095473 2
033597 0
109960 0
001767 0
045739 0
092088 0
083858 0
075384 0
083388 0
131413 0
151625 0
145627 0
092166 0
261718 0
101875 1
153527 0
123779 0
095654 0
144027 0
279173 0
130134 0
013609 0
180059 0
095005 0
192661 0
064630 0
008009 2
256120 0
193009 2
192847 2
092104 0
094490 0
132602 0
159801 0
191309 0
211348 0
071412 0
094440 2
154688 0
163741 0
131987 0
031478 2
187324 0
059160 0
031591 2
064582 2
032134 2
031604 0
032206 2
061749 0
032338 2
032407 2
031968 2
034604 0
032012 2
038171 0
053539 2
039752 0
038214 0
067094 0
035190 0
063105 0
276916 0
044101 0
015763 0
009208 0
033635 0
238396 0
138444 0
005176 0
120890 0
148272 0
018831 0
094346 1
110298 0
094296 0
090613 0
062683 0
179551 0
109020 0
129208 2
129171 2
129160 0
129147 2
129136 2
129139 0
129157 0
098312 0
115150 0
032672 0
082982 0
101867 0
271137 0
096236 0
208821 0
097690 0
199750 0
033107 0
069174 0
012101 0
196873 0
116110 0
163731 0
003267 0
129158 0
158627 0
169282 0
175706 2
091338 0
088055 0
170112 0
059005 0
205910 0
179180 0
161443 2
034432 0
161410 0
025225 0
161411 0
093156 0
009130 0
197706 0
142879 2
142912 2
095470 0
010619 2
169567 2
093804 0
161920 0
011643 0
085704 2
086429 0
050158 0
198589 0
010302 0
253255 0
144015 0
129316 2
098383 0
017702 2
129308 2
110784 0
255295 0
170250 0
153819 0
211233 0
014406 0
160334 0
240635 0
188308 0
124927 0
155213 0
194856 0
030246 0
280336 0
044246 0
283856 0
146532 0
201468 0
098946 0
243958 0
169549 0
110457 0
097573 0
097222 2
017875 0
097199 0
052466 0
141550 2
108061 0
141249 2
008402 2
004319 0
128215 0
278338 0
142895 0
258029 0
237711 0
270446 0
050159 0
252052 0
021667 0
116747 0
112499 0
143422 0
129748 0
093636 0
088291 0
082415 0
133818 0
255631 0
077782 0
095394 0
096087 0
194115 0
086487 2
192123 0
128183 0
177952 2
178726 0
177947 2
258806 0
187119 0
144254 0
198289 0
087474 0
007994 0
168892 0
108919 0
095424 0
086776 0
034542 0
099713 0
083654 0
141517 0
184774 2
146966 0
184777 2
258138 0
259558 0
257569 0
067953 0
094228 0
230587 0
095731 0
121954 0
148905 0
263390 0
059251 0
101551 0
081361 0
118207 1
146035 0
118109 1
059211 0
198555 0
100678 0
135047 0
102330 0
284930 0
255721 0
090420 0
154498 0
156827 0
001662 0
061672 2
285079 0
185990 0
085068 0
122195 0
086836 0
256922 0
081162 0
281620 0
185401 0
132097 2
016349 0
138487 0
191884 0
129132 0
061677 0
099573 2
099532 2
159729 0
139569 0
066626 0
042243 0
048659 0
165897 0
095673 0
263337 0
098471 0
126784 0
124683 0
114212 0
095526 0
148757 0
144525 0
093494 0
062945 0
034613 0
097743 0
139053 0
156435 0
102025 1
058246 0
032205 2
006383 0
128770 0
042433 0
059409 0
178354 0
064145 2
114999 0
098575 0
012189 0
152785 0
120924 0
189080 0
117605 2
192262 0
004664 0
019266 0
219863 0
020986 0
100333 0
121123 0
119559 0
271961 0
051748 0
078356 2
060966 0
099614 0
108591 2
153939 0
108556 2
108324 2
179437 0
140235 0
089954 0
011363 0
093719 0
029428 0
100806 0
166231 0
017356 0
083221 0
009000 0
017190 0
221576 2
011859 2
096904 0
221577 0
090237 0
244681 0
041207 0
087668 0
115773 0
132009 0
139877 0
253028 0
187838 0
070185 0
243194 0
094680 0
284312 0
009285 2
097945 0
032568 0
158696 0
191347 0
052084 0
280672 0
099751 0
033140 0
071473 2
104646 2
126564 0
067881 0
067883 0
067225 0
068631 0
123281 0
194510 0
044803 0
132572 0
164606 0
018624 0
202678 0
098472 0
098160 0
108780 0
149218 0
062867 0
243041 0
102347 0
001054 0
092715 0
149385 0
060871 2
085248 0
058390 0
223119 0
214015 0
120688 0
109678 0
010585 0
039658 0
133693 0
023618 0
131122 0
133891 0
064877 0
228449 0
156888 0
184478 0
226799 0
233731 0
069371 2
102544 2
083300 0
068944 0
041716 0
062841 0
096797 0
165606 0
019789 0
078525 2
041780 0
128937 0
125244 0
011281 2
063274 0
014518 0
006281 0
086062 0
289566 0
091408 0
253373 0
071441 0
100458 0
036520 0
052416 0
152331 0
122746 0
077184 0
058019 2
072581 2
105754 2
262736 0
095231 0
154930 0
025364 2
193477 0
025359 0
240274 0
183338 0
095883 0
238800 0
243699 0
251627 0
182505 0
132066 0
014351 0
001194 0
200387 0
149776 0
079743 0
266754 0
107846 0
139208 0
051629 0
061294 0
058989 0
184440 0
158725 0
181971 0
150615 0
149421 0
183881 0
135376 0
009038 0
144974 0
114290 0
092987 0
001228 0
064982 0
133284 0
172968 0
163552 0
088917 0
219894 0
097131 0
085438 0
043559 0
131423 0
062764 2
133105 0
062765 2
062767 2
064510 1
044883 0
070757 0
129810 0
014329 0
189212 0
154140 0
184907 0
133580 0
231563 0
007571 0
275959 0
067902 0
063135 0
268175 0
119615 0
076462 0
086693 0
094935 0
051779 0
076438 0
024304 0
270503 0
190825 0
095432 0
151169 0
096489 0
085812 0
101826 0
141318 0
109616 0
098582 0
086974 0
088978 0
283619 0
122591 0
131688 0
111909 2
083899 0
226243 0
038369 0
023098 0
280224 0
060822 0
040361 0
157995 0
083358 0
040005 0
161919 0
121831 0
036837 0
261084 0
117683 0
003395 0
145656 0
088717 0
149964 0
130248 0
017743 0
100999 0
061186 0
086725 0
071746 0
147636 0
103394 0
091922 0
109253 0
112276 0
099064 0
014616 0
145149 0
043611 0
009708 2
092399 0
003793 1
034135 0
051658 0
066306 0
181033 0
285596 0
104585 0
065901 0
109094 0
033595 0
220319 0
048284 0
158238 0
127068 2
094720 0
127143 2
178422 0
110336 2
099289 0
270110 0
184971 0
162209 0
142402 0
143015 0
119562 0
020304 0
153959 0
089422 0
015684 0
110915 0
275378 0
185316 0
148701 0
007253 0
064954 0
239627 0
213854 0
244111 0
149893 0
272039 0
176741 0
100345 0
164940 0
108771 2
017664 0
141351 0
196637 0
092837 0
093881 0
095579 0
098381 2
012615 0
094310 0
128581 0
220609 0
062772 0
089953 0
259085 0
122194 0
139563 0
252671 1
014257 0
139767 0
102013 0
173378 0
077633 0
093460 0
039735 0
058281 0
174605 0
063418 0
240630 0
091982 0
192007 0
234694 0
280510 2
142475 0
280365 0
194738 0
123732 0
015250 0
280242 0
066422 0
090127 0
123323 0
108967 0
029417 0
258492 0
094075 0
113046 0
097255 0
098075 0
130664 0
083085 0
022659 0
163726 0
096757 0
064613 0
267964 0
010261 0
015183 0
151685 0
256056 0
128011 0
145634 0
256278 0
156664 0
035835 0
051682 0
017964 0
128729 0
130209 0
190890 0
075263 0
181501 0
128476 0
059431 0
067322 0
274549 0
198179 0
122622 0
001577 0
211967 0
096918 0
059144 0
059625 0
267842 0
090940 0
179960 0
001097 1
191950 0
157761 0
271607 0
284063 0
192647 0
243928 0
006652 0
288368 0
196086 0
097622 0
221449 0
008359 2
164349 0
142105 0
141326 0
127166 0
008431 0
145968 0
060229 0
244454 0
087347 0
095384 0
079071 0
005409 0
001821 0
141305 0
116463 2
089986 0
115979 0
115110 0
099718 0
190665 0
058436 0
112882 0
148990 0
225965 0
212547 0
091986 2
020105 0
092113 0
049023 0
097810 0
145118 0
239972 0
132464 0
102908 0
010265 0
045212 2
174758 0
048118 0
063528 0
045323 0
096908 0
010256 2
122583 2
083304 0
239012 0
042732 0
179710 0
062924 0
127796 0
177685 0
225544 0
277896 0
281456 0
180061 0
175377 0
187548 0
240466 0
114654 0
010345 0
020672 0
132190 0
261763 0
244297 0
020954 0
067743 0
050186 0
110735 2
225948 0
110857 0
085815 0
183446 0
036254 0
060191 0
033636 0
117448 0
064658 0
089089 0
232323 0
254985 2
092386 0
254710 0
098613 0
122705 2
090540 0
011362 2
122728 2
259068 0
280676 2
186652 0
280683 0
026685 0
012799 0
139382 0
011846 0
082580 2
282689 0
197231 0
094345 0
016073 0
010321 0
187446 0
097917 0
155988 0
095528 0
279174 0
059110 0
205437 0
119785 0
119545 0
017570 2
129401 2
181965 0
095989 0
125260 0
079257 0
132765 0
110479 0
075319 2
196861 0
018052 0
068818 0
136568 0
188640 0
087921 0
135693 0
142649 0
083270 0
015077 0
139825 0
163430 2
131306 0
211225 0
128432 0
021678 2
083226 0
021680 0
121950 0
166341 0
185597 0
109413 0
019631 0
212419 0
270229 0
041205 0
098418 0
115071 0
103930 0
097414 0
228310 0
170605 0
104195 0
146472 0
134019 0
