211696 2
005575 2
120164 2
211748 2
181304 2
120154 2
211698 2
009042 2
005599 2
120194 2
119786 2
118709 0
118707 1
004581 1
118783 1
118647 1
118284 2
005498 1
120080 1
119613 2
011488 2
122751 2
005834 2
120455 2
119844 2
005371 2
119895 2
118385 2
120450 2
121363 1
120830 1
007949 1
121364 1
004703 1
118941 1
005309 2
119806 2
118940 0
126011 1
120130 1
005130 1
119537 1
137977 1
004212 2
118312 2
119361 1
004732 1
118990 1
014706 1
126010 1
120139 1
007942 2
121356 2
120142 1
053397 0
004575 1
118779 1
118285 2
118874 2
120140 1
009083 1
004783 1
119058 1
119032 1
120865 1
120156 1
004676 2
118896 2
120449 2
011924 1
005589 2
120180 2
130121 0
004994 1
119362 1
017892 0
258283 1
120031 1
142570 1
004682 2
118908 2
120959 1
142011 1
005132 2
119543 2
123931 1
004794 2
119072 2
126332 0
120960 1
010509 1
138972 2
212613 1
053371 0
277046 0
120032 1
005467 1
120033 1
004677 2
118897 2
120962 1
122760 1
119136 2
119145 2
118392 2
118878 2
120963 1
004271 2
118408 2
014845 2
125872 2
019655 0
120968 1
120969 1
018221 0
009959 1
119626 1
172992 0
007481 1
120971 1
122761 1
005177 1
119618 1
181348 0
119193 1
118938 1
002494 1
118298 2
130275 1
044988 0
130110 0
072062 0
072440 0
072743 0
073006 0
073266 0
122764 1
122769 1
133397 1
133396 1
133391 1
118395 2
011550 1
122772 1
118393 2
133473 1
133481 1
119652 1
011676 1
004270 2
118407 2
119651 1
005250 1
119719 1
118397 2
015050 2
125674 2
118398 2
119071 2
130964 1
119963 2
005227 1
119678 1
131017 1
004273 1
118414 1
005340 1
119848 1
129062 1
011697 1
131009 1
128440 1
014967 2
125763 2
004531 1
118743 1
004323 1
118445 1
005214 1
119661 1
131008 1
237275 1
147869 1
011763 1
118428 1
129996 1
004863 2
119154 2
240277 1
119081 1
240376 1
118751 1
118748 2
118755 1
009549 1
118412 1
118589 1
144749 1
005583 1
120173 1
120172 1
237753 1
144716 1
119132 2
144778 1
005588 1
120179 1
172766 1
119649 1
285468 1
172765 1
004321 1
118443 1
147217 1
118597 1
144892 1
005180 1
119622 1
119177 0
125764 2
005262 2
119732 2
119178 2
010276 1
122605 1
285461 1
015180 1
125565 1
163863 1
011850 1
004818 1
119096 1
163859 1
004897 1
119232 1
004909 1
119259 1
124969 1
065690 0
123554 1
237672 1
065684 1
004877 2
119181 2
004422 1
118581 1
011958 1
122873 1
123232 2
124964 1
004896 1
119231 1
120946 1
091132 0
012313 0
120949 1
163843 1
069684 0
102857 0
098876 0
004417 1
118574 1
119217 1
125865 2
069682 0
102855 0
098859 0
006915 1
120529 1
011774 0
124241 0
151208 1
004727 2
118988 2
222331 1
001030 0
007353 1
120888 1
118572 1
151196 1
118502 0
222433 1
118498 0
179808 1
179748 1
179744 1
118500 0
118987 2
007894 1
121318 1
018264 1
128927 1
121305 1
004991 1
119357 1
120077 2
011739 1
012521 0
155799 0
005497 2
120078 2
155794 0
155801 0
155788 1
007227 1
120784 1
176788 0
251045 1
007556 1
121047 1
012508 1
124755 1
152934 0
118976 1
118501 2
004503 1
118702 1
118105 0
148726 0
123635 1
149390 1
118899 1
118904 1
152937 0
251044 1
101966 1
118932 0
152938 0
011740 1
131743 1
126306 1
149927 1
012037 0
119414 0
168029 0
017188 1
111720 1
120051 0
111721 1
126300 1
125281 1
111712 1
140690 1
146774 1
009668 0
122088 0
137264 0
005499 1
120081 1
135559 0
009747 1
122143 1
120075 1
125280 1
008024 1
121425 1
122012 0
135556 0
118735 1
010102 1
122404 1
011974 1
118526 1
176031 0
118898 1
145646 1
112892 2
131376 0
028651 0
123525 1
184751 1
005091 0
119497 0
135200 1
028580 1
007081 1
120677 1
155830 1
131384 0
015468 1
125279 1
062059 1
144627 0
007503 1
120993 1
140711 1
111226 1
144652 0
008542 1
123526 0
009601 1
148588 1
087316 0
176028 0
146834 0
120958 1
112884 2
117131 0
120703 1
118273 2
011091 0
123642 1
124743 1
144625 0
140682 1
011487 1
123641 1
144379 0
144374 0
146985 0
005790 1
120399 1
120336 0
120065 1
122400 0
112830 2
112845 2
012464 1
122984 1
018451 1
128794 1
004725 1
118984 1
124919 1
004500 1
118699 1
120537 1
006928 1
120542 1
004525 1
009342 1
121812 1
008003 1
121411 1
125194 1
009054 0
121559 0
118955 1
118948 1
119935 2
009903 1
122246 1
118983 1
118961 1
100257 0
123970 1
123965 1
118778 1
011904 1
122861 1
121556 1
118787 1
028603 0
004331 2
118452 2
005606 1
120207 1
004951 1
119305 1
009050 1
121555 1
123973 1
123972 1
118698 1
121554 1
100853 1
124403 1
124478 0
124485 1
128370 1
121524 1
118409 2
009049 1
119107 1
004865 1
119157 1
118965 1
009012 1
121533 1
007182 0
120750 0
001429 1
005477 1
120041 1
007813 1
121229 1
009011 1
121531 1
115485 0
100852 1
010012 1
147994 1
009561 1
122010 1
011978 0
122876 0
077917 0
259688 1
004514 1
118719 1
167652 0
109519 2
036450 0
148263 0
123503 1
271954 1
120268 0
007344 0
120878 0
005570 1
120158 1
011845 1
077918 0
123524 1
004275 2
118418 2
271953 1
271956 1
004707 1
118950 1
005637 1
120241 1
009005 0
121525 0
121808 0
100609 1
101974 0
149585 1
118967 1
005261 1
119731 1
149471 1
005236 1
119691 1
147978 1
147989 1
118657 1
147494 1
005251 0
119722 0
124036 1
009780 1
122175 1
094934 1
145726 1
128246 1
010221 0
122541 0
127093 1
121516 0
009010 1
121530 1
124359 0
121234 0
009654 0
122075 0
127851 0
118175 1
004752 1
119024 1
120326 1
108297 1
012517 0
005260 1
119730 1
119019 1
094929 0
005737 1
120350 1
118115 1
012128 1
243929 1
116622 0
174037 0
011941 1
108289 1
004428 1
118605 1
108393 1
126789 1
108368 1
115409 0
116623 1
068467 0
123654 1
000812 1
285303 0
201262 0
201259 0
285313 0
120181 1
174092 0
133008 0
124222 1
114806 0
005590 1
120183 1
000863 1
124310 1
124264 1
123656 1
086550 0
086588 0
124611 1
124182 1
121900 1
095442 0
124034 1
012438 0
121896 1
121909 1
119312 0
120422 1
017366 1
005818 1
120433 1
011830 1
125141 0
127053 1
135409 0
148808 0
148818 0
140289 1
127204 1
124532 1
115317 0
004859 1
119150 1
006845 1
120486 1
135391 0
117171 1
162456 1
284603 1
284604 1
120421 1
264482 1
192007 0
123224 0
115305 1
005794 1
120404 1
135323 0
289914 1
009071 0
121578 0
011916 0
007153 1
120721 1
264478 1
008941 1
101238 0
119149 0
012102 1
122895 1
192942 0
176774 1
124864 0
015404 1
125335 1
066419 0
120704 1
162452 1
015388 1
127189 1
127188 1
005831 1
120452 1
124237 0
157130 1
120442 1
120444 1
120443 1
120441 1
012163 0
007798 0
009505 0
121972 0
123599 1
202019 0
014987 1
125741 1
202021 0
120423 1
123585 1
280013 1
011709 1
147587 1
063327 0
186176 0
202022 0
289915 1
063325 0
147607 1
280020 1
280004 0
108793 1
127178 1
182867 1
004432 1
118612 1
141286 0
111510 1
109740 1
141586 0
090298 0
027344 1
017220 0
129658 0
141695 0
109774 1
109108 1
108402 1
108253 1
108286 1
223272 1
259690 1
259692 1
123470 1
011751 0
123493 1
010303 1
123496 1
261719 0
123708 1
261722 0
004720 1
118979 1
133594 1
009562 1
122011 1
097488 0
121340 1
227239 1
278626 0
243132 1
144800 1
005383 1
119914 1
121095 0
253585 1
007337 1
120872 1
109081 1
255910 0
007429 1
120942 1
007434 1
120947 1
193345 1
086129 1
101415 0
191172 1
004816 1
119095 1
007512 0
121000 0
109221 1
018075 0
129060 0
253486 1
012516 0
122992 0
254593 0
124204 1
128247 0
143821 1
242420 0
120934 1
144780 1
108946 0
252924 1
253266 1
253238 1
121339 1
253239 0
121317 1
121314 1
124261 1
259677 1
243791 1
075781 0
131296 0
259671 1
259673 1
007990 1
121396 1
264813 0
121383 1
001184 1
222988 1
192720 0
013988 1
009612 1
126005 0
146471 1
146451 1
111541 0
118797 0
141017 1
122853 1
141013 1
253434 1
231149 0
009838 1
122215 1
146476 1
139516 0
008472 1
124881 1
014020 1
009660 0
122079 0
119491 1
124880 1
014738 0
125969 0
090856 0
126008 0
141018 1
124854 1
124819 1
124916 1
122052 1
142251 1
253451 1
133085 1
147687 0
145045 0
133706 1
133698 1
145085 0
221167 0
194236 1
140899 1
125193 0
140895 1
134106 1
015166 1
143409 1
131873 1
098963 0
183274 1
165230 1
146509 1
004469 0
118670 0
111062 0
137443 1
233308 0
095630 0
165220 1
001036 1
183280 0
132862 1
109568 1
137113 1
137097 1
142124 0
142138 0
136346 1
015269 1
125469 1
109462 1
186807 1
132210 1
142562 1
136338 1
011293 0
133261 0
133260 1
141483 0
132226 1
135649 1
136328 1
110024 1
064004 1
135321 1
141230 0
132116 1
170607 1
286169 0
142556 1
159353 1
032127 1
141220 0
101066 0
001903 1
152936 1
141231 0
186805 0
158218 1
186801 0
124663 0
012273 1
142146 0
090210 1
175297 0
141200 1
141226 0
135637 1
135283 1
135298 1
159634 1
159472 1
159474 0
032125 1
090061 1
161499 1
161498 1
038806 1
038807 0
260343 0
189373 1
018499 1
039077 1
125072 1
124995 1
158211 1
189449 1
132864 1
000752 0
091576 0
145247 0
212914 1
132861 1
176848 0
149654 1
136554 1
145286 1
118386 1
015318 1
125415 1
158208 1
123282 1
011985 1
125175 1
260304 0
176838 1
009204 1
162170 1
011893 0
006807 1
184793 1
125417 1
165129 1
126811 1
125187 1
086672 1
004462 0
118658 0
004263 1
118399 1
115001 1
125487 1
174487 0
162355 1
119254 0
150020 1
139020 1
128157 0
119013 1
139018 1
009242 1
121718 1
015158 0
125579 0
082079 0
197538 1
086361 1
125693 0
125595 0
082074 0
007661 1
121115 1
124994 0
086303 1
006653 1
125348 1
125362 1
189492 1
171456 0
157800 0
015389 1
125345 1
125346 1
157799 0
157763 0
015264 1
125472 1
126191 1
114994 1
126170 1
119008 1
123242 1
165130 1
163861 0
126915 0
000029 0
002004 1
126911 0
126659 1
120040 1
182121 1
079472 1
212835 0
010379 1
182710 1
017897 0
000522 1
066958 1
011964 1
002015 1
197375 1
204137 0
066968 1
137865 1
147205 0
126348 1
149706 1
224948 1
265436 1
243078 0
182768 1
066960 1
147122 0
260616 0
287757 0
260713 0
126365 1
135127 0
278213 0
197368 1
023054 0
023547 0
015594 1
182848 1
137798 1
142287 1
006338 1
224907 1
224908 1
142166 1
225169 1
225166 1
015111 0
265395 1
005650 0
120257 0
224870 0
265415 1
002007 0
124745 1
176119 1
014782 1
125948 1
115142 1
175615 0
004624 1
118826 1
243518 1
124975 0
145583 1
223487 1
000065 1
118816 0
030303 0
199477 0
109186 1
227248 0
125950 1
145679 1
109032 1
223478 1
176165 1
243604 1
115163 1
176176 0
116614 0
124767 1
116621 0
243562 1
177604 1
124771 1
000008 1
164021 1
159576 1
149657 1
164027 1
238615 1
056144 1
238679 1
177608 0
191654 1
015612 1
149655 0
239387 1
056058 1
231842 0
058346 0
163288 1
164023 1
165248 0
223971 0
032178 1
168809 0
000713 0
167141 0
015607 0
163321 0
191099 0
055155 0
015500 1
125255 1
018250 1
000113 0
012160 0
155826 1
155834 1
153013 1
149750 1
145678 1
234067 1
140933 0
015577 1
149656 0
097016 1
191680 0
096498 0
004385 1
118522 1
047662 0
116657 1
243979 0
116654 1
116474 1
116328 0
116302 1
116329 0
115079 1
027296 1
178175 1
116174 0
242843 0
085898 1
116171 0
085976 1
178442 1
115078 1
221535 1
242712 0
052070 0
221534 1
222106 1
222652 1
195553 1
227207 1
227213 1
227221 1
227224 1
050478 0
034641 1
050337 0
144221 0
010235 0
122570 0
090645 0
195554 1
222713 1
195557 0
268617 0
268644 0
009078 1
121586 1
239051 1
239052 1
239039 1
036470 1
154628 1
239010 1
244210 1
195202 1
048970 0
154647 1
136567 1
244220 1
067908 1
195246 1
154694 1
009001 1
121518 1
239361 1
176256 0
244183 1
127627 1
009965 1
122296 1
062097 0
015332 1
125405 1
223253 1
062102 0
176138 0
230245 1
142932 0
169408 0
169409 0
115476 0
198485 1
225994 0
232577 0
051805 1
136621 1
193903 0
239362 1
238990 1
136612 1
015335 1
125402 1
152764 1
051806 1
051828 1
125403 1
230204 1
125414 1
155489 0
015319 1
125413 1
128125 1
186142 1
127595 0
190064 1
127626 0
060447 1
182137 1
231123 1
011310 1
127398 0
211560 1
177843 1
152768 0
231082 1
134516 0
111197 0
122645 1
108329 1
278273 0
177525 1
018998 0
177509 1
177515 1
001197 0
007005 1
177693 1
034587 0
011768 1
018256 1
128935 1
125125 1
001564 1
015225 0
125519 0
252893 1
046042 1
177778 1
010358 1
122679 1
190113 1
199249 0
040166 0
177845 1
064500 0
125521 0
111027 0
186279 1
153087 0
152763 1
040307 0
152754 1
183055 1
179849 1
185853 1
236867 1
064745 0
060940 1
036468 1
010385 1
060896 1
276258 1
014904 1
125821 1
148795 1
166046 0
177541 0
125104 1
099113 1
119365 0
046043 1
130820 0
130828 1
002992 1
018165 1
149189 0
228422 1
176654 1
132014 0
009008 0
121529 0
187639 0
007342 0
120877 0
183056 1
183053 1
182989 1
060945 1
046273 1
125126 1
190112 1
183045 1
099142 1
276334 1
276311 1
276313 1
204353 0
204364 0
122295 1
211532 0
018520 1
036798 1
211444 0
018081 1
128756 0
128793 0
090393 0
276696 1
075650 1
123711 1
126077 0
018513 0
128755 0
210742 0
017818 1
123824 1
123801 1
076099 1
130684 1
187131 0
076059 1
076009 1
000342 1
124060 0
006926 0
007792 1
007817 1
121233 1
074799 1
088225 1
095285 0
166068 1
222309 0
000115 0
166256 1
166167 1
017728 0
129294 0
077942 1
113360 1
000076 1
074735 0
077934 1
074626 0
077914 1
067168 0
135675 0
088369 1
088424 1
088436 1
088442 1
071433 1
104606 1
177155 1
223476 1
109167 1
109132 1
128070 0
128703 0
167878 1
011343 1
062099 1
043676 0
223458 1
151864 1
167938 1
167939 1
027889 0
078849 1
276457 1
064833 0
078472 0
131474 0
086490 1
018630 0
128685 0
218897 0
288492 1
289288 1
191565 1
125002 1
287406 0
071428 1
104601 1
289290 1
288462 1
289305 1
289306 1
078830 1
078787 0
289326 1
288491 1
084170 0
084156 0
191570 1
170195 0
191572 1
070528 0
103701 0
070474 0
103646 0
170196 0
227249 0
230912 1
230921 1
069526 0
194012 1
260444 1
134664 1
260381 1
011477 0
260412 1
194019 1
195537 1
195940 1
260198 1
046441 0
260122 0
135206 1
089654 1
190039 1
170190 0
134894 1
190050 1
089628 1
089567 0
015412 1
125326 1
230447 1
152880 1
230446 1
182221 1
262969 1
007980 0
121384 0
008039 1
121433 1
059788 0
257570 1
146099 0
186041 1
262796 1
257558 1
280581 1
257387 1
257555 1
223426 1
223427 1
174920 0
197387 0
179101 1
175768 0
007031 1
120635 1
000010 1
257444 1
257445 1
010217 0
122537 0
146298 0
005299 1
119792 1
122979 1
034781 1
145246 1
162689 0
235017 0
153083 1
288037 1
034810 1
229307 0
120525 1
075977 0
264476 1
220747 1
220753 0
097801 1
100415 1
278964 1
182247 1
111665 1
098388 1
000873 1
197426 0
231124 0
008471 0
004858 1
119148 1
121915 0
168987 0
264465 1
096417 1
162682 0
262808 1
272768 0
200342 1
033906 0
272755 0
005415 1
119972 1
289481 0
199928 1
163350 0
262807 1
264600 1
264602 1
230435 0
264194 1
264182 0
257332 0
119971 1
005200 1
119648 1
007339 1
120874 1
009206 1
288039 1
007085 0
009243 1
121719 1
179105 1
119633 1
223267 1
145223 1
257571 1
119646 1
119961 1
098350 1
263904 1
143038 0
142765 1
256383 0
007347 0
120880 0
179110 1
256379 0
006892 0
119764 0
166913 1
194680 1
144645 0
119133 1
148079 1
153585 1
263999 0
010568 0
265558 1
157562 1
016613 1
194282 0
265833 1
147616 0
266816 0
161522 1
151307 0
161546 1
161549 1
157279 1
157280 1
100059 1
006525 1
191274 0
190348 0
034679 1
024475 0
024458 0
260153 0
169090 1
112106 0
067675 1
168155 1
179432 0
088302 1
240783 0
081437 1
034581 1
142207 1
002306 1
011552 0
171403 0
001427 0
142199 1
008159 1
145835 1
067142 1
060633 0
067123 1
145839 0
065178 1
180487 1
050198 0
180472 1
180478 1
085528 1
223832 0
133572 0
180843 1
163384 0
085485 1
111932 0
085484 1
128477 0
180841 1
180678 1
180888 1
180683 1
085615 1
085598 1
085745 1
085781 0
088688 1
000411 1
024094 1
035934 0
017429 1
088687 0
113527 0
077233 1
148593 0
194205 0
063109 0
108164 0
017378 0
077257 1
015305 1
125429 1
125430 1
253308 0
241646 0
026464 0
027545 1
163563 0
027546 1
127629 0
026133 1
011181 0
071969 0
004942 1
119293 1
041036 0
037088 1
060702 1
060697 1
062093 0
034543 1
034562 1
060753 0
058234 0
186859 0
042208 1
041660 1
036160 0
042334 1
159860 1
164124 1
195934 1
079441 0
085861 1
233916 0
159869 1
164127 1
216206 0
041866 0
074622 1
124030 0
042213 1
014143 1
124027 0
159911 0
085872 0
195541 1
075353 1
109225 1
126591 0
257817 1
060443 1
146161 0
065180 1
257807 1
159914 0
065161 1
192636 1
109224 1
060341 1
075338 1
197334 1
005832 1
120453 1
042558 0
005372 0
119896 0
005272 0
119752 0
119747 0
027047 0
114845 0
005815 1
120431 1
197296 1
075962 1
079758 0
075959 0
060984 0
052276 1
148008 0
064553 1
035815 1
032115 1
273061 1
154832 0
032110 1
273065 0
035837 1
020169 1
080076 0
020171 1
020193 1
045660 0
140722 0
001087 1
017912 1
057891 1
025951 0
133837 1
037432 1
004617 1
118818 1
112198 1
038504 1
180262 0
195133 1
182147 1
121221 0
058008 0
227560 1
120472 0
180250 0
197154 0
091265 1
016433 1
018013 1
155928 1
080015 0
011991 1
011346 1
028009 0
287253 1
131312 0
185338 1
080518 1
055534 0
002755 1
037944 1
193466 1
064351 0
033110 0
037997 0
112153 0
118730 1
195121 1
185411 1
133799 1
155959 1
133833 1
155967 1
155929 0
133787 1
156004 1
002600 1
156008 1
227441 1
185414 1
002593 1
080510 0
155953 0
102002 0
158314 0
158322 0
123264 1
123262 1
182666 1
129398 1
001231 1
227561 1
169936 0
095190 0
111808 1
069502 0
102675 0
129341 1
129395 1
127312 1
076273 1
029491 1
169886 0
200804 1
070071 1
103244 1
124560 0
288765 1
010890 0
269007 0
004433 0
133172 0
200799 1
076917 1
254039 1
054367 1
130114 1
030002 1
158348 0
037087 0
125063 0
068881 0
075874 0
076913 1
129343 1
288783 1
254025 1
200727 1
199905 1
111100 0
199898 1
182670 1
182700 0
240013 0
137428 0
131024 0
174501 0
124693 1
007266 1
120811 1
286744 1
007132 1
120712 1
155349 0
120695 1
007080 1
120676 1
005826 0
120439 0
286741 1
120425 0
147955 0
015128 1
125611 1
004930 0
017753 1
145832 0
199111 0
000420 1
258985 0
113942 1
111946 0
241298 1
164948 0
241155 1
113936 1
005092 1
061358 0
128610 1
255483 1
018178 0
017582 0
125620 0
202439 1
004572 0
052048 1
200783 0
051989 1
052043 1
012148 0
128469 1
147615 0
128611 1
018434 0
112148 1
004339 0
171672 1
139559 1
000134 0
139561 1
139617 1
139540 1
018437 0
139601 0
199964 1
125901 1
125001 0
199955 1
125889 1
001926 0
142488 1
011939 0
122872 0
010452 1
125145 0
151792 0
220078 1
095852 1
011501 1
095886 1
117441 0
152221 1
152222 1
279104 0
134270 0
095738 1
018803 1
095645 1
095742 1
095617 1
219949 0
219947 1
171676 0
007585 1
121069 1
009072 1
121579 1
028011 0
075571 0
063307 0
007285 0
004982 0
119343 0
121575 1
051987 0
031664 1
244982 0
031677 0
080813 1
283439 0
286936 1
285671 0
286954 1
121176 0
040325 1
070164 1
103337 1
040689 0
196958 1
000675 1
100716 0
130046 1
220313 1
152106 1
145765 1
055254 1
031274 0
016434 0
285574 1
238899 0
018774 1
194679 0
018111 0
129047 0
152111 1
285563 1
147017 1
144043 1
111273 0
000521 0
009786 1
018496 0
144037 0
145651 0
124774 1
090438 0
124749 0
005833 0
258929 0
124979 1
066157 1
064984 0
287586 0
005469 1
120037 1
124904 0
120036 0
257946 1
078934 0
257945 0
178600 0
131478 0
278048 1
027360 0
278128 1
064110 0
005572 0
258005 1
220529 0
029979 1
155789 1
155790 1
159684 1
062173 1
175635 1
229909 1
017218 1
129659 1
132732 1
130819 0
132802 1
132746 1
231117 1
062183 0
158077 1
023900 0
198483 0
145268 0
175520 1
035231 0
035232 0
159754 1
203148 0
203159 0
203163 0
203165 0
155314 1
159814 1
258002 1
259964 1
289361 0
159863 1
259971 1
159937 1
175646 0
223941 0
153363 1
166677 1
224647 0
166669 1
168219 1
148730 1
168484 0
148709 0
151494 1
130095 1
046174 1
186790 1
132867 1
168040 0
046107 1
219869 1
028963 0
096939 1
008645 0
025957 1
053122 0
219867 1
220589 0
220160 1
007672 0
096914 1
130284 1
150078 0
150223 1
081188 1
000582 1
150215 1
222449 0
121150 1
016375 1
141336 0
186800 0
170191 0
219831 1
219845 0
025942 1
148563 1
016345 1
148604 1
149949 1
150010 1
150048 1
150069 1
150086 1
018735 1
132818 1
290080 0
150003 0
219799 0
140152 0
130353 0
264503 0
015387 0
253225 0
082736 1
130186 0
082703 0
143000 1
152346 0
142603 0
120713 1
231560 0
120694 1
000578 1
011269 1
140898 0
130523 1
145220 1
257524 0
000575 1
141363 0
130117 1
130528 1
124765 0
120693 0
234409 0
017380 0
000843 0
007178 1
120744 1
126612 1
011888 0
007061 0
126598 0
059042 0
125703 0
120659 0
231129 0
114585 0
184689 1
151403 0
076420 0
185807 1
147054 0
002288 1
081667 1
148136 1
174848 2
123548 1
030197 0
123547 1
174836 1
081603 1
113405 0
081742 1
160401 0
242872 1
008329 0
153584 0
081120 0
091542 0
162025 0
096659 0
244017 0
155675 0
146027 0
008369 1
004431 0
075393 1
007145 0
164144 0
221996 0
138450 0
134232 0
007224 1
127226 0
230978 0
080017 0
058097 1
241303 0
058120 1
199322 1
159480 0
199325 1
175627 0
256713 0
075014 0
195666 0
090372 0
044400 0
007983 0
089884 0
200050 1
074672 0
060289 0
008536 0
015307 1
125426 1
277287 1
147375 0
125427 1
145865 1
145851 1
108153 0
145892 1
222371 1
221842 0
127656 1
262129 0
127652 1
125613 0
009603 0
275784 0
124361 0
123035 0
052279 1
145435 0
015465 1
125282 1
130627 1
032527 0
125297 1
085622 0
011867 0
197681 0
155482 1
123890 0
155486 1
141844 1
141785 1
141790 1
139016 1
108462 1
255378 1
028099 0
255383 1
255384 1
138961 1
255385 1
256784 1
257575 1
108448 1
139019 0
004634 1
118839 1
278406 1
118836 1
120668 0
134051 0
255331 0
255332 0
255327 0
134050 0
227831 0
139059 0
151366 1
077654 1
071035 0
118819 1
118741 0
278408 0
282401 0
108555 0
148632 0
097185 1
097186 1
078186 0
111315 0
077321 0
090647 0
150143 1
227250 0
150096 1
157937 1
157994 1
067434 0
157966 1
111824 1
171187 0
111800 0
147650 1
168218 1
050196 0
169507 0
147362 0
120169 0
140956 1
221711 1
006083 1
160869 0
006102 1
140948 1
140959 1
036465 0
076007 0
182698 1
140902 1
154833 1
136552 0
154859 1
221790 0
182733 0
169724 0
059466 1
074539 1
161783 0
074531 0
018174 1
128981 1
155795 1
161550 0
161551 0
005077 0
169029 0
118942 0
108557 1
028648 0
108333 0
087311 0
270928 1
117130 0
255288 0
077976 1
125180 1
083151 0
126881 1
062582 0
095631 1
194676 1
126805 0
113434 0
081579 0
013133 0
230415 0
026544 0
014824 1
125892 1
191533 0
125920 1
143085 0
226009 1
226015 1
037797 0
225856 1
225815 1
209602 0
225708 0
130341 1
079536 1
285856 0
051646 0
122475 0
243847 0
170197 1
084931 1
079225 0
087526 0
162838 1
082317 0
070261 0
266253 0
163417 0
060372 0
260184 0
203943 0
254571 1
178576 1
250310 0
254565 1
225621 1
227155 0
225613 0
100914 0
109762 0
173379 0
275238 0
201299 1
126362 0
136308 1
174450 1
058369 1
087539 0
136236 1
136508 0
174543 0
097420 0
081593 0
079754 0
121906 0
006251 0
034278 0
231315 0
169252 0
157980 1
004696 1
136521 0
154722 1
241813 0
154743 1
088677 0
154774 1
154779 1
131755 1
129750 0
131750 1
131740 1
140759 0
131217 0
036456 0
017862 0
148977 0
145703 0
136938 0
129529 0
138975 0
145947 1
145954 0
147153 1
215450 0
147146 1
194401 0
132227 0
131288 0
124740 1
148229 0
012656 1
256682 0
273117 1
038636 1
225705 0
191703 0
067971 0
157365 0
026754 1
174437 0
006577 0
186917 0
235759 1
152986 0
235639 1
130070 1
125229 0
130076 1
130078 1
074426 1
107599 1
157935 0
072277 1
105450 1
279672 0
005135 0
192947 0
051444 1
102034 0
018585 0
150085 0
101911 1
082582 0
045667 0
007335 0
080237 0
244933 0
009431 0
101081 0
012294 0
145611 0
014575 0
257934 1
078872 1
088433 0
155689 1
006307 0
155679 0
066644 0
257930 0
099593 0
082462 0
176837 1
095479 1
114765 0
176839 1
094183 0
176844 0
057926 0
066784 0
240809 0
278215 0
076742 0
182586 0
162713 0
150144 0
201952 0
148220 0
143976 1
228382 0
151317 0
161485 0
178042 0
288975 0
005014 0
233294 1
192010 0
088557 0
082068 0
000910 1
010934 0
066890 0
025482 0
124056 0
069528 0
165583 0
064811 1
249502 1
065638 1
143507 1
275985 0
249592 1
030839 0
124251 0
163385 1
237505 0
163420 1
145837 0
244983 0
150191 0
114945 0
231987 0
257298 0
058387 1
160870 0
058416 1
058463 1
145348 0
157075 0
127470 0
071136 0
203862 0
185745 0
152943 1
086147 0
121004 0
001011 0
015235 0
258711 0
058929 0
275859 0
259168 0
285294 0
051802 1
154955 0
051798 0
124746 0
001018 0
109556 0
285360 0
164145 0
193445 0
016221 0
097645 0
155806 0
004216 0
011340 0
185151 0
257522 0
009451 0
004482 0
280886 0
023732 1
070655 0
023591 1
023592 0
045499 0
018120 1
129031 1
017932 1
017413 0
169430 1
086675 1
086337 1
086362 1
129030 1
009941 0
018119 1
163566 1
169449 0
163634 0
180380 0
141927 0
123869 0
179433 0
000260 0
012468 1
000611 1
211455 0
008934 0
172251 1
146691 1
017531 1
151981 0
157017 0
007558 0
164794 0
043744 0
014313 1
127893 0
006583 0
227334 0
053960 0
060713 0
101665 0
243981 0
170176 0
150173 0
146608 1
111026 0
043446 0
007341 1
120876 1
201805 0
196667 1
232876 0
196660 1
025092 1
086161 1
262123 0
086186 1
235500 0
086222 1
034651 1
086248 1
275937 0
032938 1
088395 0
125716 0
027362 1
087318 1
086504 0
004370 1
237907 1
123754 0
004601 0
118801 0
237915 1
237901 1
237916 1
239386 0
085824 1
085956 1
194471 0
097799 0
094121 0
012694 1
085029 0
006893 1
007032 1
007348 1
120526 1
120636 1
120881 1
145780 1
076038 0
149800 0
100312 0
130274 0
180613 1
164139 0
009161 0
009009 0
146743 0
202452 0
155428 0
147502 0
120214 0
180027 1
227228 0
001806 0
180034 0
221435 0
215816 0
031225 0
170878 1
072347 0
253833 0
170806 0
196779 0
080618 0
241652 1
160529 0
241736 0
169733 1
170166 0
169736 1
169800 0
169801 1
183095 0
010218 1
169825 0
018413 0
111918 0
243379 1
011804 0
243372 1
068459 0
100317 0
031760 1
021994 0
268813 0
052046 1
179181 0
051988 1
051949 1
046453 1
096553 0
167740 0
009735 0
278081 0
027300 0
127535 0
090264 0
109429 0
149959 0
163215 0
124287 1
124378 1
128239 0
007678 0
288344 0
244997 0
135511 0
019682 0
123724 1
015304 0
018603 1
128706 1
231151 0
145619 0
059437 1
012014 0
085291 1
018619 0
019554 0
095660 0
009872 0
150887 0
234049 0
227265 0
014901 0
186866 0
050794 0
027892 0
033334 0
011701 1
186860 0
027443 0
164793 1
274954 0
160980 0
144352 0
117112 0
078390 0
042543 0
146697 1
163553 0
216634 0
000306 0
168228 0
097092 1
118777 0
186778 0
222535 0
123590 0
035994 0
011655 0
079428 0
003753 1
133010 0
205383 0
097380 1
176638 0
058472 1
228531 1
228592 1
120717 0
228536 0
077678 0
151725 1
213295 0
006803 0
005199 0
042516 0
254196 1
077944 0
252410 1
123977 0
130967 0
261576 0
017507 1
129423 1
123440 0
129424 1
129435 1
076800 0
151705 0
118760 0
070178 1
103351 1
078764 0
070344 1
103517 1
070302 1
103475 1
070265 1
103438 1
220801 1
071168 0
104341 0
220434 1
220757 1
220485 1
220756 1
071050 0
104223 0
071042 0
104215 0
071049 0
069173 0
122710 0
002870 0
129344 0
130463 0
017924 1
005190 0
017997 1
143439 0
082118 1
118442 0
221268 0
112140 0
035258 0
134240 1
038535 0
134193 0
028965 0
231569 0
054426 1
061881 0
054476 0
017309 0
097208 1
227975 0
097128 1
097207 1
253083 0
032833 0
044608 1
044604 1
009849 0
045228 0
045229 0
140894 0
127444 1
161841 0
286758 1
065158 1
146159 0
065078 1
064915 1
065085 1
064909 1
064795 0
065173 0
064695 1
109346 0
289511 1
089860 0
289517 1
065172 0
290059 1
079483 0
283750 0
155495 0
285288 0
141201 0
027685 0
025295 0
277439 0
188153 0
180659 0
037860 1
020374 0
037906 1
037821 1
037802 1
037801 1
038925 1
037928 0
037888 1
037815 1
227893 1
142563 0
227885 1
194469 0
043628 0
096605 1
120043 1
028065 0
096436 0
131314 1
069632 0
005479 1
131301 0
259723 1
060619 0
058740 1
131872 1
152168 0
109942 0
259724 1
050374 0
130855 2
132767 2
205379 0
014848 2
125868 2
001766 2
102701 0
001586 2
131101 2
148001 0
131021 2
001681 2
132770 2
128168 2
130861 2
141340 0
001063 2
141285 0
193848 0
005220 0
119668 0
019430 0
041480 0
156311 0
152621 0
132778 1
121403 0
132773 1
012548 0
138474 0
150403 0
009864 1
029788 0
143391 0
151026 0
127445 0
017495 1
129432 1
276833 0
017867 0
110859 0
009858 0
124226 0
032542 0
069988 1
103161 1
128060 0
004966 1
119329 1
256380 0
119548 0
119542 0
010149 0
068792 0
146582 0
077923 0
132728 0
095319 0
193015 0
132807 0
140116 1
178132 0
140066 1
140067 1
008705 1
157403 0
140437 0
004349 0
078165 0
060615 0
154598 0
157767 0
044676 0
081165 1
225993 0
124867 0
018088 0
119286 0
230645 0
000283 0
124236 0
037148 0
075858 0
224623 0
001141 1
078806 1
139595 0
131586 0
012178 0
280002 0
037996 0
065194 0
150167 0
199713 0
288546 0
102699 0
134251 0
079726 1
044079 0
090665 0
007474 0
101840 0
136536 0
113692 0
005813 0
144885 1
004633 0
006712 0
119393 0
118929 0
011878 0
068151 0
126201 0
125505 0
066832 0
179097 0
079028 0
081148 0
115478 0
017885 0
078987 0
182786 0
175334 1
240821 0
175355 1
175259 1
175217 1
101464 0
258631 0
167414 2
009683 0
167430 1
167457 1
166552 0
168465 0
028632 0
263302 1
129527 0
263303 1
110638 1
030142 0
195294 0
260173 0
121049 0
005219 1
009586 0
238909 0
005015 0
153691 1
153718 1
153645 1
215358 0
016545 0
215199 0
183627 0
188924 1
096618 0
188929 0
188925 0
168388 0
110268 0
208366 0
052085 0
038132 0
148264 0
175679 0
144341 0
168996 0
143803 0
005079 0
041955 1
112894 0
041926 1
041891 1
069992 0
200802 0
124045 1
121161 0
124079 0
124126 0
019217 0
081744 0
240938 1
285601 0
131300 0
059324 1
059319 1
001449 0
051762 0
051908 1
051815 0
051901 0
051848 0
135096 0
012980 1
137533 0
129664 0
282068 0
051824 1
085925 0
113355 0
120454 0
146945 0
075268 1
171009 0
000789 1
118469 0
064380 1
194352 0
047415 0
109082 0
173007 1
133882 0
173008 1
173022 1
173028 1
153953 1
258630 0
153986 0
004625 0
158737 0
129691 0
264818 0
191355 0
050234 0
265064 0
286330 1
143977 0
286476 1
124250 0
209349 0
074551 0
088502 1
066533 0
088477 1
088472 1
078082 1
045031 0
125092 0
067134 0
018033 0
064406 0
287360 0
061839 0
008022 0
162026 0
212060 0
180383 0
272825 0
051329 0
224327 0
228764 0
124736 0
146849 0
116014 0
139068 0
064095 0
009244 0
004785 0
069678 0
163041 0
182911 0
168229 0
090384 0
034478 0
014042 0
141765 0
118611 0
010175 0
116331 0
108279 0
177806 0
072650 0
123020 0
129194 0
001140 0
127953 0
144942 0
131610 0
022410 1
145846 0
174535 0
001493 0
005683 0
031426 0
048544 0
120535 0
147048 1
144362 0
147070 1
093907 0
111222 0
101894 0
038659 0
281242 0
016649 0
163388 0
113190 0
188412 0
062455 1
059873 0
118650 0
155502 0
119600 0
122725 0
051843 0
124540 0
159481 0
131491 0
138979 0
135331 0
064361 1
230451 1
010264 0
183932 0
018128 0
007144 1
120716 1
031515 0
063000 0
118794 0
222307 0
264395 0
099525 1
124553 0
099428 1
159016 0
097793 0
107858 0
222828 0
180070 0
140913 0
147847 1
166248 0
139575 0
009150 0
122053 0
130403 0
254653 0
009783 1
080740 0
089745 0
258710 0
126501 0
170104 0
062199 1
041219 0
011959 0
075059 0
075058 0
164241 0
149795 0
188331 0
131594 0
110061 0
138804 0
124741 0
103828 0
059888 0
256692 0
255873 0
170420 0
093779 1
003670 0
127846 0
075936 0
148580 0
188955 0
234754 0
143498 1
010294 0
143456 1
262965 0
253248 0
104208 0
167213 0
177410 0
016166 0
288704 0
155664 0
120561 0
196244 0
083865 0
052621 0
030395 0
288900 0
142414 0
264155 0
198958 1
140890 0
198955 1
198961 0
198953 0
000524 0
258491 0
065030 1
145115 0
065041 0
111233 0
227120 1
007336 0
186265 1
018095 0
186289 0
082701 0
286539 0
182594 0
222648 0
065181 0
090719 0
007737 0
150343 0
009884 0
146475 0
202226 0
250921 0
258849 0
101808 0
143084 0
037796 0
078645 0
075021 0
151404 1
146899 0
151407 1
102851 0
151370 0
138537 0
102346 0
242725 0
069472 1
102645 1
199911 0
151341 0
098430 0
009845 0
275235 0
028720 0
185752 0
240914 0
156526 0
011862 0
200206 0
283752 0
036217 1
036352 1
223254 1
137453 0
220752 0
147767 0
015136 0
028213 0
230268 0
221782 0
062665 0
014785 1
125944 1
152284 0
018502 1
041521 0
011649 0
007387 0
017970 1
026070 0
017289 0
134669 0
125230 0
095515 0
061227 0
075015 0
108800 0
051485 1
004411 0
044530 0
226144 0
255205 0
050051 0
049898 0
198998 1
160827 0
197600 1
199002 1
199008 0
120470 0
003738 1
081113 0
150134 0
220610 0
261921 0
185794 0
160918 0
165280 0
010179 0
019820 0
222336 0
145227 0
184770 0
120748 1
120747 1
025874 0
168391 2
146309 0
168395 0
200385 0
226177 0
215202 1
012704 0
216787 0
075394 0
275986 0
155761 0
042544 1
178426 0
042492 1
042530 1
042460 1
042468 1
042475 1
227058 0
011330 0
243012 0
163142 0
045230 0
228150 0
177999 0
075783 0
061264 0
282092 0
127903 0
176901 0
078878 0
124046 0
086275 0
268793 0
150882 0
007431 0
155984 0
157726 0
001002 0
052067 0
002559 0
147126 0
175676 0
288192 0
126313 0
069527 0
234710 0
009048 0
186101 0
275796 0
063703 0
104309 0
117058 0
128545 0
140115 0
201645 0
051772 0
146821 0
125457 0
082992 0
044302 0
124252 0
005663 0
009890 0
234121 0
154180 0
216604 0
177548 0
156477 0
064910 0
147677 0
128494 0
103434 0
121642 0
010826 0
170670 0
108060 0
072216 0
032525 0
119479 0
037059 0
090513 0
164341 0
024176 0
021770 0
158375 0
119391 0
096423 0
036098 0
004594 0
000046 0
019079 0
053290 0
258552 0
194377 0
133009 0
171180 0
011989 0
225381 0
144327 0
036913 0
128808 0
102081 0
077044 0
288575 0
145706 0
113401 0
110932 1
110815 0
110927 1
261428 0
111183 0
173881 0
110858 0
123494 0
111191 0
001807 0
160552 0
287620 0
130187 0
125523 1
000949 0
125522 1
125532 1
285287 1
285207 1
046437 0
115463 0
125431 0
231983 0
282535 0
121887 0
155640 0
124580 0
286356 0
231308 0
128697 0
244969 0
001543 0
285467 0
124873 0
142227 0
065084 0
114580 0
128009 0
075864 0
077940 1
082583 1
072913 0
077954 1
079459 1
077957 1
079681 1
063960 0
079458 0
079686 0
079438 0
077652 1
077576 0
077661 1
111192 0
048427 0
165183 0
074992 0
028627 0
131297 0
039143 0
234020 0
253019 1
078235 0
271594 0
258285 0
099571 0
143369 0
195305 0
237586 0
180049 0
101816 0
094566 0
132485 0
284585 0
036035 0
111767 0
171720 1
069993 0
171677 0
163071 0
108217 0
015463 0
145450 0
006487 1
187337 0
011894 0
009148 1
140892 0
125041 0
126650 0
080349 0
004837 0
242222 0
147337 0
121122 0
125975 0
165292 0
124906 0
010714 1
000339 0
193000 0
195670 0
111266 0
090229 0
152881 0
164255 0
187912 0
128714 0
120160 0
060395 0
021147 0
010461 0
266257 0
016041 0
079548 0
123146 1
282612 0
123150 1
123036 1
040850 0
169000 0
118838 0
135330 0
151922 0
268792 0
044443 0
167221 0
181732 0
191636 0
088303 0
014966 0
289258 0
084641 1
037138 0
084642 1
084683 1
083705 0
084669 1
084648 0
084704 0
084697 0
084698 0
030204 0
116736 0
007378 0
157434 0
272988 0
129086 0
069636 0
035264 0
278405 0
128626 0
215787 0
089044 0
052186 0
163567 0
059037 0
040858 0
045686 0
104222 0
007289 0
203878 0
151688 0
087701 0
197172 0
168596 0
069674 0
134192 0
076697 0
044037 0
012104 0
115395 0
064356 0
155729 0
102847 0
117159 0
057925 0
134459 0
147012 1
028499 0
146989 1
146975 1
114683 0
146976 1
146990 1
147013 1
144196 0
146890 1
146874 1
146889 0
146870 0
100910 0
153782 0
007930 0
150171 0
074613 0
219483 0
011755 0
156349 0
125254 0
139104 0
145455 0
090203 0
125218 0
129346 0
258977 0
220557 0
038351 0
143957 0
172894 1
155594 0
005017 0
161816 0
230778 0
084948 0
115814 0
007694 0
031859 0
147034 0
078527 0
229910 0
098459 1
118569 0
184264 1
184301 1
184273 1
184269 1
184228 1
076696 0
148455 1
157785 0
161985 0
089471 0
129024 0
008045 0
130492 0
195797 0
216021 0
079289 0
120869 0
148435 0
283688 0
087314 0
007818 0
051850 0
039273 0
227141 0
101736 0
007087 0
196671 0
115167 0
009942 0
010313 0
244395 0
272606 0
043489 0
012349 1
122956 1
118483 0
201399 0
126198 0
120426 0
148222 0
122206 0
074529 0
146916 0
243801 0
108228 0
146401 0
243589 0
217076 0
012281 1
234027 0
225650 0
029112 0
010157 0
149918 0
122059 0
188064 0
012057 0
139074 0
075643 0
082846 0
075436 0
091546 0
128017 1
077479 0
012377 0
228912 0
238884 0
129531 0
061596 0
200805 0
094463 0
141287 0
182472 0
086549 0
198393 0
123718 0
241743 0
035492 0
128976 0
145971 0
006759 0
133631 0
002040 0
150545 0
040146 0
151987 0
033549 0
007744 0
108321 0
060789 0
181307 1
196069 0
011446 0
180382 0
067676 0
132199 0
017143 0
014723 0
197908 0
120199 0
122224 0
283749 0
018610 0
067353 0
124903 0
138530 0
002136 0
075104 0
220746 0
122473 0
188335 0
009928 0
203631 0
260823 1
118434 0
075373 0
244963 0
133244 0
161519 0
277814 0
162070 0
128489 0
061087 0
018271 0
119544 1
005460 0
256384 0
123843 0
254194 1
111272 0
090561 0
004264 0
009439 0
102700 0
071496 0
232885 0
032736 0
035933 0
256689 0
118686 0
082137 0
169001 0
014669 0
122724 0
018531 0
037378 0
127434 0
069679 0
133025 0
021482 0
079725 0
222792 0
198417 0
131000 0
121077 0
167222 0
197280 0
124031 0
195315 0
165283 0
178750 0
018398 0
001158 0
259719 0
079953 0
155011 0
185919 0
071091 0
179449 0
262856 1
125207 0
259711 1
127338 0
261777 0
017727 0
226232 0
024095 0
244968 0
177166 0
124244 0
014065 0
026032 0
099408 0
115991 0
156735 0
017449 0
243760 0
046162 0
288737 0
115408 0
067406 0
124734 0
226975 0
002295 0
288695 0
184996 0
096639 0
108079 0
042665 0
019644 0
090515 0
119647 0
016632 0
119340 1
187786 0
119339 1
080895 0
119309 1
037798 0
035597 0
030256 0
073173 0
231561 0
119396 0
125454 0
222556 0
139470 0
126100 0
118827 0
089596 0
145406 0
110820 0
017698 0
042486 0
122713 0
203829 1
176823 0
215609 0
007854 0
079863 0
064725 0
131486 0
102805 0
009620 0
034908 0
119394 0
216381 0
147963 0
011134 0
090231 0
121652 0
122487 0
126206 0
165111 0
217851 0
100731 0
003055 0
170202 0
264831 0
070945 0
007139 0
264459 0
177805 0
035817 0
140914 0
075115 0
226178 0
258292 0
120298 0
134361 0
142890 0
128644 0
231303 0
000404 0
186146 0
121899 0
163382 0
288376 0
084896 0
086090 0
120473 0
119390 0
126497 0
142273 0
116163 0
188923 0
095736 0
149962 0
141851 0
231959 0
175738 0
124233 0
036299 0
079191 0
118974 0
121044 0
143146 0
125823 0
230476 0
170203 0
014923 0
055728 0
129200 0
123483 0
043183 0
003447 0
135328 0
011735 0
121723 0
134446 0
081109 0
230748 0
153390 0
081233 0
205342 0
090323 0
078676 0
145800 0
146752 0
102852 0
202675 0
126755 0
087382 0
027688 0
261478 0
133155 0
032925 0
136855 0
102014 0
010038 0
133039 0
070395 0
124650 1
068379 0
203873 0
121885 1
028618 0
009550 0
076958 0
240010 0
121236 0
161984 0
261434 0
116751 0
011499 0
252948 0
071687 0
272832 0
141300 0
100413 0
144304 0
042765 0
129625 0
183875 0
062150 1
093743 0
062185 0
231053 0
159002 0
000162 0
062221 0
019557 0
173158 0
166858 0
062195 0
059106 0
150022 0
147081 0
155682 0
090151 0
118792 0
146077 0
160868 0
066395 0
142096 0
059672 0
005598 1
120193 1
136874 0
005666 0
064718 0
120277 0
004511 0
215442 0
253277 0
117555 0
140542 0
169920 0
070046 0
121235 0
012822 0
044290 0
120332 0
149973 0
203881 0
215993 0
078909 0
076820 0
016486 0
170875 0
069680 0
146850 0
024223 0
115481 1
125183 0
002568 1
076287 0
002548 1
088558 0
028304 0
276617 0
129108 0
004825 0
110742 0
123420 0
131492 0
159269 0
040134 0
009485 0
120831 0
102006 0
078565 0
119601 0
129980 0
101099 0
121168 0
155319 0
