084219 1
084287 2
051255 0
051271 0
084125 2
083958 2
075414 2
083753 2
075418 2
083135 1
115253 1
083693 2
075309 2
084202 2
084307 1
082031 2
083896 2
075311 2
083943 2
115400 2
083965 2
080394 2
083698 2
084271 2
051488 2
083953 2
079218 2
074954 2
083537 1
083906 2
051379 1
081589 2
083739 2
084381 1
084248 2
084191 2
084416 2
083746 2
083171 2
074947 2
114464 1
115355 1
084080 2
082071 2
075500 2
082884 2
083968 2
051528 2
075159 2
084292 2
075505 2
043963 2
083811 2
083723 2
084327 1
075511 2
081650 2
082091 2
075137 2
075517 2
082063 2
083173 2
081754 2
083059 1
084152 2
084384 2
081721 2
083786 2
075501 2
075518 2
084183 2
075161 2
083530 2
051503 2
083999 2
075513 2
081027 2
114640 1
077600 2
078452 2
075120 2
025548 0
084474 2
084477 1
083111 2
277006 1
115430 0
075503 2
082887 1
079223 2
115508 1
077606 2
075415 2
082757 2
082096 1
082743 2
084113 1
044080 2
051194 2
082459 2
044108 2
084472 2
084197 2
114982 2
084090 2
114483 1
114523 1
084157 2
078188 2
043889 2
084335 2
083019 1
083578 1
084155 2
044072 2
082490 2
084131 2
044074 2
083444 2
078440 2
078234 2
084073 2
091397 1
115394 2
078144 2
115343 2
084096 1
075417 2
081685 2
083432 2
083479 2
084045 2
043943 2
051368 2
079363 2
078080 2
084345 2
075051 2
084336 2
270009 1
276904 1
079188 2
114647 1
079288 2
270015 1
083975 2
044166 2
115322 2
083179 2
044075 2
280412 0
084211 2
078085 2
075593 2
084149 1
079291 2
081701 2
078104 2
079200 2
044023 2
051500 2
081897 2
044367 2
084226 2
078442 2
084109 2
074869 2
082822 2
079364 2
078823 2
114487 2
043965 2
084267 2
083497 2
083961 2
081648 2
114467 2
051078 2
083969 2
081814 2
084339 2
114990 2
084098 2
051143 2
114961 2
075186 2
084318 2
083700 1
269640 1
044193 2
074721 2
084116 2
079145 2
092037 1
084331 2
081674 2
075472 2
082615 1
115434 0
083563 2
081720 2
083071 1
137680 1
029062 0
075906 2
270013 1
082829 2
084475 2
084306 2
079172 2
084469 1
113800 2
007106 2
120705 2
082779 2
270014 1
114413 2
074557 2
084118 2
084005 1
078630 2
084031 2
084153 2
079837 2
075561 2
078659 2
084075 2
081748 2
082614 2
084053 2
128261 0
084439 1
084147 2
084178 2
269586 1
120692 2
114894 2
084154 2
269649 1
044184 2
074528 2
083559 2
084043 2
083988 2
280411 0
082577 2
180268 1
079793 2
044115 2
113836 2
051074 2
154470 0
075608 2
084322 2
044100 2
082080 2
082764 2
081963 2
084206 2
075191 2
114987 2
078445 2
082629 1
114932 2
128267 0
081615 2
084479 2
084216 2
078259 2
078285 2
082769 2
084112 2
075325 2
081922 2
078098 2
083053 2
083699 2
084085 2
083887 2
050832 1
083884 2
088340 0
081482 2
269658 1
114873 2
079325 2
084100 2
114972 1
081903 2
050972 2
082828 2
082002 2
081901 2
044194 2
078128 2
084232 2
083027 1
079970 2
084052 2
081890 2
084006 2
081911 2
180323 1
043966 2
083686 2
084348 2
044028 2
083977 2
079167 2
084101 2
084304 2
081768 2
082627 1
084111 2
084255 2
078252 2
082964 2
084117 2
081794 2
051251 2
082073 2
084317 2
083694 2
114603 2
051073 2
165339 0
180277 1
114908 2
084106 2
084074 1
280733 0
044106 2
081637 2
081506 2
081907 2
082144 2
083962 2
026741 0
056261 0
084083 2
084718 0
114648 1
083168 1
084213 2
084069 2
044258 2
054071 0
115280 2
080019 2
051187 2
078164 2
276731 0
084413 1
115629 1
081728 2
051068 2
276950 0
082124 2
084308 2
079641 2
271840 1
057706 0
081807 2
081229 2
080884 2
079341 2
083955 2
083119 1
084120 2
078458 2
083940 2
081778 2
114786 1
141877 0
051079 2
084128 1
114989 1
083957 2
043991 2
084038 2
045040 2
051218 2
053248 0
083684 2
089147 1
181231 1
083931 2
083932 2
043937 2
276748 0
044850 2
115446 1
053844 0
084387 2
084091 2
051412 2
044768 0
219889 1
165383 0
277015 1
089165 1
084103 2
080867 2
084249 2
220004 1
082075 2
082088 0
082089 0
045120 2
276732 1
082077 2
044255 2
219891 1
276891 1
089290 1
084442 0
043927 2
081709 2
043879 2
115039 1
026740 0
114848 2
114852 2
276673 0
079129 2
182993 0
043864 2
115113 2
081698 2
083039 2
051150 2
115034 1
084217 2
114003 2
114342 2
084062 2
271898 1
078093 2
083844 2
181262 1
045144 2
114258 1
051397 2
186597 1
083702 2
084175 2
079644 2
075315 2
083164 2
043929 2
044832 2
079670 2
079360 2
276736 0
053031 0
220007 1
115121 2
008719 0
084047 2
048009 0
078043 2
084583 2
210897 1
082099 2
044339 2
055489 0
084011 1
056614 0
044773 2
084097 2
084596 2
114295 1
057045 0
082093 2
083159 2
277236 0
084360 2
115129 0
051431 2
057339 0
047712 0
181139 0
276750 0
275034 0
115347 1
084104 2
115445 1
044221 2
084110 2
112097 2
077703 2
084283 2
084457 2
114414 2
045205 2
210962 1
074907 2
084696 1
114556 2
079642 2
211015 1
211014 1
114436 2
051395 2
015108 2
083990 2
114465 2
220514 1
051557 2
114570 2
114484 2
084617 1
044238 2
083996 1
044218 2
223506 1
084042 2
084017 2
078049 2
136059 1
136354 1
082651 1
186599 1
113971 2
051210 2
084265 2
279827 1
083305 1
223511 1
051202 2
084076 2
108045 1
081889 2
051207 2
078303 2
083029 2
062670 2
051069 2
080366 2
051107 2
081713 2
083037 2
115136 2
084383 2
211776 1
080424 2
115703 1
180635 1
084775 1
045204 2
084231 2
271101 1
084805 2
081896 2
080426 2
277028 1
044186 2
115674 1
083701 2
083836 2
138478 0
045143 2
043964 2
055782 0
115497 1
271153 1
137440 0
075464 2
084081 2
084250 2
051439 2
184968 1
075143 2
185592 1
078247 2
083945 2
179693 1
179703 1
179961 1
179963 1
179999 1
180033 1
089197 1
181198 1
115676 1
047416 0
115104 1
114343 2
083161 2
084243 2
185588 1
082969 1
138557 0
185585 1
089249 1
089248 1
185561 1
083162 2
083207 2
185578 1
083813 2
180626 1
002361 1
114673 1
114007 2
079774 0
082029 2
084252 2
227351 0
180299 1
115088 1
113964 1
184837 1
084281 2
081933 2
113893 1
115435 2
115518 2
115069 2
098271 1
057277 0
057278 0
057279 0
221485 0
114703 2
227388 0
114009 2
125148 1
051094 1
115383 2
271686 0
054110 0
054639 0
271910 1
143111 0
114738 2
200993 0
176393 0
180614 1
051193 1
051206 1
180595 1
051195 1
180592 1
113986 2
051213 1
051192 1
051198 1
184499 1
114018 2
080217 2
113997 2
051209 1
051204 1
051059 1
084759 2
051112 1
051186 1
115132 2
114023 1
051166 0
051197 1
051201 1
050849 1
051211 1
225812 0
185562 0
051200 1
114410 2
051081 1
051199 1
084377 2
084691 2
051217 2
051189 1
187031 1
051216 1
080236 2
051092 1
051221 1
051203 1
051123 1
004588 1
115515 2
051205 1
124993 0
084754 2
051191 1
125655 1
084365 2
051208 1
079179 1
124962 0
099679 0
015082 1
083005 1
075166 2
079147 1
112139 2
115525 1
114976 2
183648 0
124894 0
124899 0
051175 1
186978 0
051215 1
124527 0
146295 0
185555 0
051223 1
079114 0
114511 2
084225 2
010957 0
051225 1
051219 1
114530 2
051222 1
114011 0
045517 0
051465 2
051375 2
270284 0
180032 0
114015 2
084270 2
114710 2
210086 0
084268 2
115593 0
180630 1
041971 0
084238 1
035229 0
265028 1
084180 1
084516 1
115529 0
226776 0
201061 0
081413 1
083750 1
081564 1
081369 1
079026 1
111359 1
048832 0
084222 1
269943 0
128276 0
276733 0
076642 0
260862 0
114741 2
071500 2
104673 2
005371 0
071456 0
079254 1
078147 2
079255 1
071547 0
079183 1
115090 2
115105 2
162525 0
112121 1
159473 0
004718 1
118970 1
074985 0
115405 1
083614 0
115466 1
115467 0
268931 0
042033 0
115918 0
180037 0
020356 0
084286 2
114115 1
005221 0
114218 1
114217 1
045890 0
055462 0
003130 0
041079 1
278007 0
041144 0
051414 0
048773 0
114601 0
276720 0
043860 1
224865 0
139804 0
005990 0
047747 0
076361 0
084540 1
116196 0
104629 0
223649 0
177748 0
271087 0
032401 0
119214 0
166257 0
114517 2
115736 0
114532 2
114516 0
104720 0
084392 2
114046 0
026702 0
223835 0
065117 1
003697 0
004884 0
252303 0
080800 0
117025 0
067871 0
084851 0
023328 0
005980 0
281366 0
044019 1
051172 1
010417 1
116057 0
136324 0
139544 0
051511 1
275981 0
083425 0
044026 0
186366 0
223982 0
003831 0
089434 1
271292 0
089454 0
118962 0
026969 0
050623 0
054335 0
134924 0
071386 0
271341 0
127569 1
127573 0
127574 0
113064 0
115761 0
048875 0
271036 0
243426 0
075023 0
194485 0
080051 0
115292 2
012052 1
254109 0
236992 0
229939 0
241423 0
269126 0
090278 0
114531 0
000340 0
028395 1
195515 0
056148 0
080203 0
276094 0
165547 0
135092 0
010630 0
119895 0
047987 0
104559 0
114758 0
075262 0
051324 0
089550 0
042453 0
274789 0
054412 0
116309 0
114857 0
127575 0
053073 0
162772 0
075233 0
041383 0
139932 0
076601 0
167965 0
171250 0
084663 0
075341 0
109305 0
225025 0
140635 0
047152 0
272466 1
086921 0
015193 0
116915 0
271591 0
057775 0
054046 0
099680 0
174499 0
054783 0
225594 0
229197 0
224710 0
228417 0
176323 0
026370 0
276661 0
034640 0
114988 0
084821 0
260562 0
056811 0
079630 0
279056 0
044538 0
039980 0
007142 0
025722 0
165540 0
188995 0
271511 0
119844 0
056714 0
126568 0
097485 0
118971 0
044167 0
220044 0
046677 0
039392 0
115564 0
019255 0
113430 1
116583 0
113431 0
049990 0
119192 0
032340 0
271044 0
179702 0
197128 0
236641 0
120219 0
084247 1
115570 1
003679 0
113967 0
127576 0
148067 0
074977 0
084179 2
141166 0
084229 2
119935 0
083942 2
055631 0
084078 2
139787 0
003440 0
084209 2
083283 0
134934 0
114707 0
226746 0
003460 0
141238 0
026175 0
209105 0
173558 0
116030 2
047687 0
115410 0
075048 0
225946 0
083690 2
047372 0
083688 2
221799 0
003291 0
124203 0
048050 0
182855 0
053453 0
084324 2
255632 0
115315 0
227039 0
116076 1
139315 0
137537 0
057616 0
040999 0
116021 0
276927 0
010407 0
278006 0
156354 0
034367 0
271476 0
212474 0
276728 0
069586 0
227183 0
115274 0
225598 0
134755 0
027960 0
054115 0
083616 0
048745 0
083970 2
010893 0
169969 0
137003 0
052967 0
074903 0
271116 0
020358 0
170629 0
004066 0
078158 0
070284 0
270951 0
234528 0
252311 0
057691 0
079043 0
117799 0
173658 0
045807 0
050288 0
053691 0
084269 2
276741 0
074787 0
182156 0
280417 0
084224 2
044422 0
061042 0
013391 0
047765 0
084767 0
165662 0
004519 0
053419 0
045963 0
134564 0
183721 0
252746 0
097338 0
179998 0
276735 0
030579 0
026451 0
228925 0
006270 0
278989 0
024782 0
181027 0
033059 0
083914 2
055777 0
083918 2
083890 0
044892 0
046251 0
228799 0
066934 0
042070 0
276650 0
057717 0
083947 0
053757 0
074738 0
054374 0
006283 0
083986 2
277146 0
084033 2
076597 0
083697 2
142496 0
083691 2
083667 1
055131 0
219440 0
067047 0
005545 0
057764 0
276737 0
115215 0
054232 0
050445 0
214882 0
187342 0
226706 0
165891 0
015423 0
109884 0
151006 0
189119 0
075003 0
026850 0
115064 0
139739 0
176306 0
074737 0
023804 0
057425 0
005825 0
047851 0
115491 0
045439 0
116143 0
116815 0
055562 0
228450 0
287164 0
159470 0
008263 0
116381 0
084842 0
013320 0
124139 0
053977 0
178869 0
139552 0
079920 0
056772 0
232285 0
002208 0
177733 0
008272 0
229810 0
231185 0
006698 0
276725 0
055536 0
084770 0
276667 0
241415 0
075324 0
277689 0
127578 0
080096 0
116260 0
033697 0
095997 0
036560 0
263548 0
054067 0
138190 0
074827 2
079491 0
057424 0
165904 0
047953 0
041192 0
057111 0
273961 0
054997 0
005146 0
175555 0
114946 0
047267 0
094068 0
203793 0
048990 0
265399 0
052573 0
057406 0
040230 0
115819 0
278184 0
169639 0
134629 0
032341 0
034767 0
047951 0
055108 0
054613 0
053041 0
109629 0
030734 0
219849 0
139853 0
156907 0
277212 0
168729 0
226433 0
227078 0
115683 0
092852 0
053153 0
284744 0
278334 0
253767 1
041932 0
020304 0
136765 0
069397 0
047083 0
162224 0
026962 0
038873 0
271183 0
005624 0
084646 0
057732 0
135135 0
025235 0
044210 0
273597 0
183728 0
138890 0
116601 0
138254 0
006045 0
117885 0
042375 0
119786 0
261216 0
176239 0
059415 0
041822 0
056731 0
137094 0
276445 0
139320 0
113896 0
084710 0
006703 0
276689 0
210053 0
039387 0
254462 0
115721 1
140097 0
139993 0
084497 2
276738 0
084501 2
084496 1
083846 2
084067 2
274697 0
084016 0
048448 0
112762 1
115458 0
111626 0
111628 0
116062 0
271110 0
228892 0
263369 0
088544 0
227060 0
116047 0
025848 0
233014 0
047169 0
268971 0
070009 0
047057 0
023599 0
064677 0
142267 0
084705 0
114952 0
137577 0
070878 0
272819 0
095883 0
226276 0
116088 0
046309 0
171233 0
043827 0
068748 0
161726 0
184777 0
264069 0
054587 0
230965 0
008641 0
084845 0
017285 0
048005 0
053824 0
003723 0
047668 0
043833 0
201494 0
136835 0
277774 0
078790 0
227151 0
006178 0
274699 0
116144 0
196637 0
228793 0
053875 0
097848 0
004863 0
225049 0
050297 0
160155 0
195613 0
023509 0
115256 0
139866 0
161417 0
040862 0
062783 0
044810 0
139421 0
158287 0
099067 0
222322 0
211129 0
055546 0
271931 0
020578 0
006226 0
230303 0
243267 0
056697 0
111641 1
004620 0
111649 1
111670 0
111717 0
111627 0
111715 0
113168 0
117857 0
114161 0
114942 0
159588 0
114991 0
090425 0
102759 0
156356 0
054455 0
080686 0
179692 0
112933 0
231427 0
224160 0
025692 0
047262 0
276681 0
166387 0
168747 0
083315 0
278547 0
057704 0
134710 0
116049 0
277413 0
122720 0
020357 0
103457 0
079769 0
054058 0
057777 0
047359 0
056864 0
054356 0
276939 0
003823 0
159299 0
159057 0
175455 0
140645 0
026766 0
276213 0
116054 0
046566 0
109728 0
034577 0
277427 0
115419 0
054100 0
084880 0
079482 0
117244 0
196147 1
276641 0
090306 0
205222 0
068638 0
052577 0
141902 0
170630 0
002464 0
074849 0
010415 0
014243 0
089154 0
229888 0
075065 0
264928 0
276649 0
047032 0
256169 0
023869 0
054226 0
276172 0
165850 0
077138 0
115625 0
264915 0
066975 0
052368 0
048830 0
041616 0
057756 0
030522 0
002941 0
139994 0
172938 0
276121 0
047758 0
075833 0
025236 0
113162 0
270600 0
000087 0
045888 0
276727 0
117725 0
168143 0
114948 0
228832 0
150201 0
117659 0
224084 0
245609 0
260971 0
006426 0
055620 0
117851 0
159663 0
230456 0
054944 0
013487 0
104051 0
120124 0
271391 0
211060 0
023874 0
226759 0
030463 0
174408 0
219367 0
003667 0
273936 0
075024 0
276739 0
175910 0
035062 0
006569 0
045933 0
228924 0
103182 0
211997 0
056427 0
271141 0
141864 0
262084 0
075463 0
164128 0
005794 0
076261 0
269257 0
075100 0
014162 0
057064 0
182770 0
115973 0
179962 0
082120 0
276663 0
032328 0
047222 0
140798 0
047572 0
057848 0
225043 0
045806 0
119154 0
224877 0
175680 0
138288 0
051912 0
056133 0
278842 0
177731 0
048788 0
254308 0
148078 0
176018 0
139358 0
215590 0
039934 0
175918 0
117720 0
266188 0
113123 0
150820 0
046768 0
086891 0
056105 0
054860 0
236978 0
115822 0
114973 0
054099 0
047024 0
055698 0
272362 0
079668 0
227783 0
