085524 2
164457 0
010305 1
018145 2
115245 2
010298 1
113573 2
113600 2
048903 0
169588 0
169587 0
117089 1
080586 0
007475 0
117761 1
124569 1
005560 1
025309 0
124564 1
082362 2
059641 0
065268 0
133023 0
111995 2
112019 2
108849 0
131477 2
069257 0
115942 2
112171 2
112158 2
112176 1
186941 0
115917 2
086613 1
100839 0
100827 0
086604 1
139705 0
095237 0
009879 2
122234 2
131289 1
086001 0
131379 1
131330 1
131351 1
131350 1
071261 0
104434 0
284390 0
004900 0
114664 0
067512 0
131053 0
112277 0
116027 0
081830 2
002720 0
037382 0
101924 0
108852 0
110321 0
007874 0
032003 0
