085524 1
065268 2
156872 2
156873 2
056468 0
086871 1
025309 2
015065 2
125665 2
010305 0
156353 1
041627 2
115245 2
169352 1
169256 1
262452 2
113573 2
156398 0
177350 0
058909 0
022398 0
201258 0
028390 0
113600 2
188475 0
018145 2
043640 0
276206 1
165103 2
005560 0
124761 0
243426 1
087337 2
269301 0
083067 1
163233 2
275710 2
188465 0
275726 2
275736 2
270824 0
028855 2
028845 2
147377 2
147431 2
013161 0
147577 2
221708 2
200983 2
027104 0
270873 0
270829 0
188438 1
010298 2
085563 2
178675 2
180752 1
027960 1
025214 0
082131 2
082139 2
219756 2
196436 1
201081 1
199560 2
232047 0
135618 1
019053 0
164504 2
188305 0
032133 2
164492 1
200969 2
086117 1
033670 2
081660 0
181541 2
231729 2
018757 0
131875 2
243192 2
054450 2
131798 2
243183 2
019237 0
047560 2
231734 2
188756 1
131812 2
203776 2
288056 0
031620 1
181534 2
270635 1
054425 2
025589 0
188752 1
243191 2
233688 0
024026 0
008667 0
288057 0
190438 0
188288 0
181522 2
131791 2
025583 0
192317 0
188724 1
219768 2
201400 0
188725 0
279544 1
163880 1
161512 0
041116 1
030282 1
046562 1
041103 1
062473 1
058295 1
059140 1
162927 0
059149 1
042736 1
043439 0
044250 1
101389 0
061796 1
101338 0
101316 1
086484 1
032811 1
151200 1
088248 0
088255 0
263369 0
098222 1
080734 0
041609 1
028432 0
045809 0
025448 0
214878 0
010216 0
133238 0
164498 1
065001 0
164494 1
260990 1
261018 1
002358 1
261046 1
198291 0
002952 1
042016 0
134318 2
035966 0
002393 0
266540 2
269943 0
266582 2
040992 1
032651 0
051265 0
164675 0
028611 0
007089 0
188679 0
025257 0
276653 0
180750 0
135486 0
269555 1
160721 0
260972 0
089329 1
188437 0
009413 0
099965 0
164462 0
115807 1
032836 1
115806 1
058159 2
267282 2
029261 0
266696 0
289343 1
243465 1
024576 0
243459 0
289268 1
223166 1
126329 0
052743 1
109765 0
052729 0
022682 1
023135 0
067419 0
134989 0
254322 1
286574 0
254321 1
022376 0
260991 1
261019 1
261047 1
034268 0
279543 0
261311 0
253085 0
261313 0
038268 0
275725 0
024439 1
166273 0
023183 1
019336 0
182718 0
199182 0
084821 0
219598 0
032794 1
117089 0
095209 1
243227 1
221740 0
243994 0
155605 0
211798 0
279742 0
078968 0
133016 0
040778 2
146850 0
040803 2
082138 0
014207 0
253816 1
027381 0
253905 1
254681 1
254757 1
023068 1
194257 0
023065 1
023007 1
149965 1
149966 1
045985 1
046004 1
273790 1
139042 0
273798 0
023147 0
025484 0
219847 2
266101 0
097921 0
019780 0
277771 0
044567 0
190322 2
235031 0
192328 0
097780 0
025614 1
223504 1
269556 0
223513 1
267997 0
225149 1
058926 1
040913 0
225150 0
225151 0
163027 0
162921 0
085278 2
041276 0
085293 2
112097 0
152715 0
099594 0
009626 0
161303 0
198224 0
188462 0
131477 0
010561 0
166144 0
041325 1
229563 0
041346 1
022244 0
270821 1
043798 0
270969 1
270940 1
270930 1
270971 1
188611 0
275793 0
274038 0
045984 0
141418 0
014596 0
270459 0
260871 0
041121 1
018663 1
144875 0
115926 0
058294 0
201255 0
108158 0
016856 0
197998 1
274974 0
198035 1
109986 0
083032 0
162992 0
008711 0
095592 0
037046 0
027825 1
161852 0
031742 0
131028 0
266532 0
167767 0
091359 0
025677 0
087497 0
113278 0
272621 2
093266 1
269934 0
093225 1
221441 2
125337 0
159465 2
037044 0
128375 2
202519 1
125331 0
093329 1
093308 0
015417 0
098951 0
045812 0
022405 0
023390 0
046742 0
026790 0
266697 0
005750 0
009426 1
164751 0
025714 0
060606 1
286763 1
286997 1
155532 1
211122 0
286775 1
287006 1
283220 1
283223 1
283190 1
283192 1
283191 1
288194 0
288149 0
243406 1
123826 0
243411 1
243416 1
243419 1
243425 1
243427 1
008857 0
063587 0
081855 0
188643 0
062576 0
062577 0
141156 0
253915 0
153126 0
039805 0
092194 0
159309 0
155639 0
031741 0
277907 0
222411 0
028366 0
080861 0
188602 0
284010 0
288359 0
100294 0
219918 0
242598 1
242606 1
135992 0
242597 0
141238 0
212687 0
062015 0
187927 0
125322 0
203181 0
025413 1
252444 1
027018 1
056140 0
252475 1
252492 1
252501 1
238681 0
260364 1
260380 0
252491 0
228685 0
035001 0
025762 0
062996 0
088254 0
064233 0
109741 1
264409 0
050572 1
023063 0
043817 0
029562 0
149087 0
243315 0
188726 0
137335 0
077365 0
254339 0
028610 0
034280 0
150329 0
014026 0
241490 0
225257 0
137533 0
043630 0
198226 0
271065 0
219942 1
061088 1
034982 2
033594 1
041690 0
219135 1
225165 1
042013 0
219182 1
225167 1
225177 1
226319 1
241933 0
226318 1
142145 0
067172 0
240103 0
077779 0
116317 0
077951 0
087415 0
007309 0
006341 1
050012 0
137812 0
156183 0
288085 0
083018 0
003762 1
163958 0
135641 2
137440 0
231559 1
055970 1
242580 0
191138 0
082362 0
211241 0
001249 0
281965 0
058451 0
253914 0
052860 0
039092 0
006718 0
273698 0
229607 0
287328 0
091732 0
049754 0
049607 0
262573 0
014778 2
034210 0
146270 0
024073 0
181605 0
162917 0
022268 1
263325 0
022272 0
244310 0
060821 0
116583 0
180548 0
286572 0
037245 0
047897 0
276205 0
042528 0
115338 1
050145 0
130167 0
075802 0
207054 0
020543 0
273838 0
165388 0
026486 0
050108 0
079768 0
095552 0
137073 1
273007 0
068441 0
040999 0
273552 1
285709 0
273550 0
257009 0
273173 0
022427 0
256506 0
197191 0
082105 0
063843 0
219550 1
115782 0
275601 0
075963 0
202336 0
051490 0
019779 0
115433 0
109993 0
270252 0
210324 0
255149 0
188472 0
122303 0
199215 0
257014 0
287500 0
122343 0
170037 0
005048 0
126330 0
287951 0
078190 0
198600 0
120366 0
075041 0
041247 1
021148 0
041091 1
041088 1
041074 1
041086 1
083387 1
239658 0
045551 1
045596 1
045416 0
046128 0
079119 0
045821 0
079742 0
063646 0
115520 1
023884 0
270915 2
115610 1
115420 1
094387 0
