003980 1
005967 1
003896 1
136158 1
136692 1
021103 0
138144 1
135950 1
137744 1
138178 1
135746 1
135751 1
137646 1
138146 1
006059 1
003894 1
138330 1
003853 1
006008 1
003962 1
135885 1
138274 1
003966 1
003951 1
006131 1
138622 1
137715 1
004049 1
138224 1
070578 0
103751 0
137786 1
136613 1
087216 0
166442 0
276747 1
136238 1
136680 1
075034 0
136811 1
138148 1
136639 1
138123 1
003861 1
003870 1
008436 1
135756 1
137705 1
138150 1
187227 0
138119 1
137765 1
136592 1
006314 1
137985 1
137670 1
003944 1
137673 1
137648 1
137815 1
003859 1
003935 1
135851 1
004015 1
136690 1
137961 1
003880 1
137675 1
077354 0
135739 1
135741 1
137964 1
137658 1
137701 1
138170 1
137924 1
138180 1
138106 1
135854 1
136382 1
003955 1
135934 1
003916 1
003842 1
135784 1
136145 1
136777 1
138131 1
138133 1
137711 1
138108 1
136350 1
003895 1
137694 1
137617 1
137681 1
137888 1
136491 1
138234 1
137664 0
136423 1
076822 0
225620 0
138184 1
003868 1
069233 0
102406 0
137739 1
173852 0
137805 1
138121 1
141211 1
136387 1
005891 1
136585 1
135931 1
141374 1
138239 1
135773 1
137741 1
137847 1
138202 1
138727 1
141370 1
141367 1
166247 0
136661 1
141386 1
137784 1
137644 1
136540 1
138825 1
136468 1
050185 0
138509 1
135911 1
137703 1
135937 1
137845 1
138302 1
137989 1
137857 1
136881 1
138182 1
137259 1
141040 1
135747 1
135752 1
135900 1
135759 1
135767 1
138827 1
003884 1
138175 1
137788 1
003882 1
136378 1
138255 1
138135 1
138379 1
138245 1
040585 0
135809 1
266717 0
135818 1
135867 1
135791 1
135873 1
137726 1
138220 1
138800 1
003872 1
135858 1
136675 1
138127 1
138120 1
135780 1
136873 1
135926 1
138014 1
138548 1
136883 1
135738 1
136614 1
135855 1
003977 1
135732 1
135827 1
136420 1
135797 1
135886 1
077709 0
135750 1
005989 1
135761 1
135763 1
138129 1
137023 1
135830 1
135953 1
135916 1
135787 1
135869 1
135765 1
004047 1
135879 1
135942 1
069182 0
102355 0
137612 1
135771 1
136545 1
135744 1
135906 1
136505 1
138011 1
135935 1
135839 1
135728 1
217176 0
135951 1
136801 1
138174 1
135795 1
008463 1
003877 1
135783 1
135726 1
221523 0
135932 1
135890 1
135848 1
136404 1
135955 1
138200 1
135724 1
135742 1
137849 1
135754 1
135957 1
135835 1
135785 1
121978 0
138216 1
003976 1
136778 1
162848 0
084314 0
069207 0
102380 0
204653 0
136793 1
135776 1
135939 1
136591 1
003849 1
135914 1
135837 1
136400 1
136685 1
136167 1
138141 1
003959 1
003852 1
136425 1
003924 2
136695 1
136381 1
067018 0
135802 1
136503 1
135769 1
135793 1
003899 1
135736 1
137843 1
135838 1
136541 1
135799 1
136477 1
135824 1
135924 1
066802 0
136551 1
135872 1
136701 1
071912 0
105085 0
138232 1
135774 1
119511 0
079695 0
124761 0
078623 0
138034 1
135734 1
137666 1
135730 1
138647 1
138164 1
136580 1
160565 0
138294 1
136629 1
031115 0
137051 1
207788 0
075957 0
225449 0
003846 1
135778 1
136403 1
135860 1
136674 1
137258 1
135852 1
135758 1
135757 1
135777 1
135861 1
003893 1
135938 1
135817 0
135790 1
135753 1
135826 1
135766 0
135740 1
137197 1
003914 1
136628 0
136590 0
137879 0
137881 0
135749 1
137050 0
135731 0
135866 0
136399 0
136504 0
003874 1
136547 1
005875 1
136582 1
136586 1
136664 1
136441 1
136396 1
136499 1
136501 1
136419 1
136493 1
136722 1
136593 1
006101 1
003994 1
136394 1
136409 1
136388 1
136605 1
136466 1
136383 1
137153 1
136561 1
136430 1
136507 1
136595 1
136576 1
136391 1
136775 1
137094 1
136398 1
136450 1
003860 1
136386 1
005915 1
136474 1
004023 1
136644 1
136464 1
136578 1
136470 1
003865 1
136617 1
136149 1
136496 1
226201 0
004063 1
226197 0
005894 1
137141 1
136351 1
136414 1
136435 1
003883 1
136691 1
136109 1
003851 1
136608 1
136610 1
005931 2
003971 1
004055 1
004001 1
137839 1
138465 1
003941 1
137761 1
003979 1
136121 1
138277 1
136660 1
005979 1
135874 1
003878 1
135868 1
136157 1
135735 1
137841 1
136640 1
135768 1
004045 1
006014 1
136792 1
003969 1
135823 1
138156 1
135882 1
135875 1
135878 1
138228 1
135479 1
136490 1
003891 1
135910 1
138222 0
136836 0
003975 1
005945 1
138620 0
003879 1
135743 1
136672 1
135723 1
138352 1
137820 1
137850 1
008631 1
137613 1
138383 0
135952 1
135969 1
138821 0
135733 1
014118 1
136700 1
135727 1
135760 1
139851 1
135779 1
139835 1
025439 0
005906 1
137740 1
135923 0
152669 0
137704 1
137702 1
138169 1
137840 1
137618 1
137742 1
135913 1
138214 0
003888 1
135801 1
137712 1
137667 1
137695 1
137716 1
137727 1
137697 1
135775 1
138136 1
138183 1
138130 1
138128 1
138621 1
136267 1
005848 1
137925 1
138181 1
137659 1
138101 0
135502 1
135716 1
137749 1
137645 1
138142 1
137748 0
138828 1
137842 1
138279 0
138165 1
137649 1
138015 1
138623 1
137682 1
137745 1
137706 1
138240 1
137671 1
138826 1
138935 0
137669 1
003889 1
138033 1
005904 1
137699 1
137663 1
135497 1
138035 1
138227 0
137844 1
137654 1
138012 1
137647 1
137674 1
137657 1
136009 1
137688 1
138218 0
137846 1
138223 1
003995 1
137789 1
137874 1
078687 0
137962 1
137679 1
138275 1
138078 1
138295 1
137766 1
137634 1
138233 1
138195 0
137990 1
003866 1
138157 1
138229 1
004057 1
136161 1
138648 1
025895 0
137848 1
138132 1
138134 1
137785 1
137828 1
138107 1
003913 1
138109 1
138221 1
137787 1
135495 1
137737 1
138203 1
138201 1
137935 1
137858 1
138124 1
138246 1
025986 0
137986 1
137806 1
138185 1
135865 1
138719 0
138179 1
137933 1
138235 1
138171 1
137894 1
223391 0
137959 1
137878 1
137876 1
138151 1
138256 1
138936 1
136774 1
138217 1
138155 0
137735 1
135673 1
138353 1
137693 1
138303 1
137929 1
138380 1
138448 1
138822 1
137904 1
138280 1
137685 1
138149 1
137816 1
137642 1
138266 1
138189 1
137677 1
138196 1
137775 1
137762 1
037960 0
003890 1
138029 1
137965 1
137720 1
137943 1
138147 1
137777 1
138145 1
138199 1
138205 1
136673 1
138188 0
006416 1
138271 1
138273 1
137870 1
137826 1
137731 1
137884 1
138219 1
138346 1
137889 1
137729 1
137631 1
138225 1
138210 1
137691 1
138677 1
138384 1
138523 1
138579 1
138581 1
138161 1
138500 1
137814 1
138215 1
137661 1
138163 1
138111 1
137958 0
138039 1
138177 1
138331 1
138153 1
137837 1
137824 1
138318 1
003900 1
137852 1
138118 1
138464 1
138113 1
138258 1
137900 1
138388 1
137931 1
137854 1
138027 1
138173 1
138580 0
138207 1
138466 1
137747 1
137873 0
137637 1
138264 1
137864 1
138213 1
138092 1
138720 1
138138 1
138070 1
135508 1
138099 1
137980 1
138278 1
138356 1
138102 1
138159 1
136315 1
138676 0
138260 1
138361 1
135506 1
138168 1
138262 1
138265 0
137880 1
137882 1
137600 1
138470 1
138198 0
138122 1
135489 1
138672 1
137602 1
003907 1
135504 1
137599 1
135970 1
138110 0
138098 0
003850 1
058035 1
037946 0
140084 1
140086 1
140932 1
137875 0
137883 0
136694 0
138204 0
037961 0
137877 0
033009 0
137665 1
135493 1
135491 1
003654 0
139832 1
003876 1
139785 1
004024 1
006127 2
180766 1
136231 1
005852 1
137005 1
004094 1
138373 1
136105 1
136321 1
180763 0
136203 1
136212 1
137653 0
137019 1
205499 0
222886 0
137656 0
025602 0
154643 1
222888 0
037348 0
005889 1
207347 0
136498 0
136500 0
137053 1
137054 1
137063 1
136201 1
136131 1
136471 1
135956 1
135808 1
136259 0
137822 1
137733 1
138912 0
003767 0
116583 0
135792 1
136544 0
015996 0
136129 1
136198 1
117180 0
004000 1
006247 1
079933 0
188876 0
003937 1
210836 0
009886 0
214346 0
004044 1
136200 1
135899 0
003885 1
023158 1
023162 0
030272 0
003754 0
135796 0
005948 1
006494 1
003656 0
027654 0
136594 1
136839 0
136550 0
135889 0
136393 0
226358 0
004077 1
135925 0
011081 1
003345 0
040661 0
015734 1
121141 0
048887 0
136217 1
135836 0
136546 0
030870 0
120580 0
047705 0
138038 0
148718 0
274131 0
028709 0
135478 1
222737 0
135501 0
135494 1
140097 1
153230 0
140426 0
135488 1
136008 1
003659 1
135864 0
135715 0
137719 0
166024 0
009904 0
080119 1
045374 0
080112 1
136408 0
136122 1
135905 0
136101 1
003915 1
037677 0
165904 0
222371 0
180468 0
200972 0
138761 0
012896 0
225991 0
135794 0
003175 0
011211 0
135857 0
136684 0
138568 0
218249 0
027807 0
135490 1
135672 0
136380 0
126828 0
138158 0
223115 0
264137 0
075708 0
003301 0
143010 0
222523 0
135782 0
166290 0
019114 0
003719 0
136616 0
037144 0
136483 0
179932 0
046141 0
143497 0
016260 0
136469 0
078158 0
136465 0
135798 0
239324 0
222209 0
135492 0
136575 0
136579 0
003597 0
135829 0
037711 0
138069 0
210377 0
172135 0
136476 0
127542 0
000427 0
166019 0
046923 0
222510 0
138112 0
075424 0
135762 0
023477 0
136449 0
137668 0
218746 0
006496 0
139809 0
135729 0
135786 0
182553 0
138167 0
064832 0
165926 0
027800 0
135770 0
136607 0
116495 0
025591 0
051167 0
212375 0
136880 0
135881 1
050791 0
136424 0
137140 0
003014 0
027085 0
151849 0
229918 0
033594 0
136581 0
201535 0
137684 1
025276 0
153112 0
094267 0
138152 0
136139 0
086354 0
137022 0
079491 0
089928 0
136385 0
138925 0
005754 0
135737 0
071920 0
117476 0
215288 0
137577 0
138387 0
135936 0
137633 0
012942 0
136390 0
010747 0
255187 0
135764 0
137696 0
029041 0
188877 0
213120 0
138209 0
136502 0
125677 0
197579 0
006100 0
225446 0
027813 0
212451 0
003875 0
217701 0
033495 0
043956 0
124162 0
078680 0
224873 0
137836 0
011228 0
135847 0
117191 0
136604 0
167093 0
037372 0
287688 0
066749 0
205997 0
146296 0
222350 0
271027 0
136422 0
010811 1
077370 0
261641 0
227655 0
162849 0
274275 0
166399 0
217303 0
169842 0
004037 0
140931 0
049066 0
148638 0
230540 0
072271 0
276982 0
006629 0
254940 0
138117 0
136882 0
136800 0
082974 0
039111 0
079018 0
205878 0
013102 0
215329 0
136395 0
136643 0
134874 0
222308 0
079911 0
136917 0
219642 0
026010 0
016026 0
112580 0
079818 0
137893 0
136609 0
139637 0
068034 0
135954 0
035093 0
023246 0
138026 0
138160 1
136463 0
138272 0
138162 0
136618 0
137678 1
196417 0
176401 0
138263 0
137736 0
013359 0
137776 0
003307 0
258509 0
087067 0
054118 0
051232 0
136495 0
137152 0
131896 0
027682 0
006276 0
136506 0
135441 0
136413 0
216123 0
056808 0
137827 0
138360 0
211507 0
038647 0
075190 0
025978 0
165919 0
037712 0
044817 0
048270 0
136440 0
117300 0
149071 0
116496 0
143741 0
003645 0
138522 0
037130 0
071809 0
138317 0
120293 0
136434 0
214435 0
136577 0
136663 0
079891 0
151313 0
041715 0
136560 0
274039 0
136295 0
230780 0
135505 0
136397 0
006606 0
144468 0
173895 0
136467 0
227784 0
116309 0
032015 0
084300 0
031929 0
206397 0
135725 0
229573 0
071651 0
140083 0
003676 0
223107 0
138412 0
137660 0
138028 0
037710 0
222760 0
229950 0
198430 0
138206 0
045293 0
116697 0
023470 0
141640 0
236514 0
138469 0
079862 0
137819 0
182550 0
182894 0
159295 0
137322 0
111887 0
138137 0
027631 0
137698 0
138172 0
075707 0
004192 0
053090 0
138176 0
221962 0
136418 0
259875 0
143019 0
066524 0
137774 0
003254 1
002405 0
155130 0
251568 0
137470 0
000336 0
024729 0
046013 0
221354 0
105444 0
038692 0
232240 0
138888 0
242555 0
270602 0
135912 0
274068 0
077374 0
137734 0
162845 0
135941 0
284951 0
169843 0
037686 0
135720 0
051220 0
163998 0
072298 0
027773 0
136492 0
046248 0
206947 0
135915 0
207390 0
138270 0
144063 0
003662 0
006415 0
139783 0
006411 0
015693 0
075992 0
079287 0
137662 0
020497 0
138750 0
135904 0
270866 0
224868 0
004040 0
225416 0
137942 0
069508 0
027610 0
239325 0
183267 0
050964 0
137934 0
110189 0
120374 0
111914 0
137276 0
199467 0
224283 0
137429 0
249134 0
138212 0
217507 0
167094 0
025268 0
289049 0
137903 0
148444 0
005865 0
070166 0
188909 0
135507 0
057861 0
165927 0
117234 0
065455 0
137899 0
162437 0
204681 0
219682 0
282527 0
139739 0
143556 0
135503 0
045017 0
014628 0
200238 0
137863 0
137813 0
140780 0
166020 0
112562 0
140085 0
221911 0
136473 0
116500 0
275293 0
166400 0
036961 0
225745 0
148810 0
064929 0
025089 0
238872 0
272370 0
136211 0
287700 0
165759 0
027772 0
287406 0
137928 0
230525 0
006703 0
138671 0
078930 0
117492 0
048149 0
138578 0
038021 0
188377 0
040504 0
136429 0
137064 0
021346 0
145887 0
162844 0
191711 0
163983 0
023220 0
135834 0
138259 0
148790 0
006463 0
068270 0
134903 0
137687 0
151178 0
044177 0
011165 0
035200 0
067438 0
015002 0
203248 0
161483 0
127545 0
079873 0
009518 0
117723 0
218739 0
038167 0
112187 0
138927 0
045073 0
176018 0
215829 0
143457 0
006669 0
210505 0
212347 0
038023 0
137730 0
273932 0
138463 0
166025 0
126986 0
139850 0
086255 0
165911 0
276952 0
138345 0
027777 0
138355 0
027802 0
046089 0
079732 0
023377 0
223797 0
063546 0
137979 0
066587 0
137851 0
072601 0
011048 0
138499 0
146422 0
137869 0
115212 0
035141 0
079275 0
119935 0
126120 0
266697 0
207401 0
274181 0
115875 0
208784 0
117308 0
027808 0
006019 0
003843 0
015803 0
270837 0
258539 0
137676 0
222302 0
157817 0
104824 0
137932 0
139492 0
079810 0
254927 0
110574 0
094211 0
139942 0
222756 0
037654 0
040562 0
138257 0
102682 0
023393 0
020501 0
000608 0
036198 0
222559 0
046744 0
089897 0
003309 0
197429 0
136845 0
117408 0
136681 0
104982 0
051150 0
167364 0
223679 0
173397 0
144679 0
079772 0
272460 0
027542 0
038728 0
207773 0
148658 0
004060 0
003660 0
080280 0
038734 0
051181 0
087415 0
006648 0
137630 0
141601 0
033160 0
153106 0
115664 0
137930 0
138959 0
282408 0
095406 0
268482 0
074875 0
215108 0
121979 0
027179 0
006708 0
079339 0
013627 0
020685 0
006617 0
203807 0
075930 0
027530 0
051379 0
050967 0
136750 0
137825 0
208608 0
072864 0
020499 0
103339 0
110131 0
137692 0
016856 0
061760 0
027789 0
162216 0
052598 0
274035 0
051179 0
220493 0
165459 0
137823 0
177350 0
209797 0
074590 0
072225 0
006718 0
222562 0
136924 0
125671 0
206605 0
202212 0
138324 0
047495 0
006017 0
039065 0
217546 0
003446 0
136252 0
027620 0
224705 0
230526 0
202380 0
115822 0
231935 0
138261 0
176306 0
273980 0
284970 0
004053 1
047760 0
006666 0
257276 0
075858 0
218902 0
115099 0
284679 0
241919 0
148743 0
137746 0
137367 0
059612 0
