229351 1
229356 1
229358 1
234490 1
231409 1
231230 1
231234 1
231244 1
231388 1
231411 1
234389 2
234119 1
231229 1
231233 1
231243 1
231424 2
144423 0
234388 1
228972 2
227946 2
233919 1
231609 1
231228 2
231232 2
229357 2
229359 2
229047 2
256312 2
231242 2
158454 0
013920 0
229179 2
144082 0
017844 2
256301 1
013384 0
229352 2
231313 2
013372 0
026616 0
202247 0
231307 2
234390 2
229194 2
026669 0
229238 2
229021 0
231283 2
161588 0
158329 0
231286 2
239745 0
234086 1
231271 2
242928 2
242922 1
242982 1
231255 1
231272 2
136299 1
136301 1
136326 1
242910 1
242895 2
196314 1
231302 2
196586 1
229011 2
229361 2
229424 2
194720 1
229516 2
196598 1
229241 1
229531 1
229310 2
196600 1
221595 2
221631 2
221636 2
221682 2
194722 1
229207 2
231112 1
239253 0
231504 1
231119 1
229548 2
229439 1
009330 0
121806 0
234052 2
234087 2
234012 1
136293 0
158734 1
224521 0
136208 0
239800 0
190276 0
235168 0
239739 0
235166 0
142218 0
155637 0
231148 2
231120 1
136485 0
239329 0
191439 1
191054 1
196315 1
196587 1
196599 1
196601 1
191053 1
208778 0
191448 1
207182 0
170262 1
229423 1
221680 2
196537 0
170559 2
170765 2
170739 2
170767 2
170776 1
195958 0
196036 0
171674 0
171667 0
171708 0
171700 0
171709 0
143601 0
227223 0
221630 2
221635 2
221681 2
221594 1
196536 1
233952 1
235780 0
233944 1
099712 0
272957 0
197156 0
143220 0
211931 0
121913 0
231433 0
109571 0
269539 0
232838 0
289099 0
239330 0
238924 0
196538 0
229148 0
078643 0
208779 0
229074 1
284870 0
265266 0
251280 0
231304 0
156643 0
161987 0
222240 1
240121 1
137326 0
228533 0
234297 0
236007 0
234727 1
234782 1
202410 0
234682 0
234726 0
234781 0
231431 0
007800 0
015689 0
234575 0
256031 0
155765 0
198601 0
232126 0
142221 0
192008 0
221703 0
230805 0
200193 0
083140 0
273998 0
155631 0
273053 0
136512 0
007939 0
244621 0
231382 0
001764 0
159994 0
239323 0
188119 0
198599 0
162558 0
155514 0
124983 0
230960 0
197206 0
241105 0
159857 0
197251 0
242821 0
224832 0
140788 0
269447 0
267532 0
148943 0
235465 0
234286 1
179907 0
239258 0
233970 0
198813 0
143206 0
229289 0
240647 0
224131 0
231212 0
096020 0
197639 0
235167 0
211929 0
239256 0
227212 0
235785 0
214147 0
219951 0
102223 0
206940 0
177805 0
008674 0
252713 0
079026 0
220444 0
186792 0
231951 0
089346 0
