226419 1
210803 2
210735 2
199662 1
211355 1
199768 1
207193 1
211988 0
201723 1
202309 1
206995 1
243224 1
201756 1
201815 1
253060 1
253501 2
216167 1
244451 2
191960 1
025484 0
184706 1
141618 0
197534 1
080223 2
253570 2
253575 2
253557 2
207523 2
244471 2
191952 1
275029 2
201813 1
184747 1
192027 1
197450 1
141604 0
253354 2
253425 2
197440 1
108832 1
206808 1
210748 2
253449 2
108911 1
253502 2
253558 2
253571 2
253576 2
210965 2
255936 1
257243 1
250887 2
243857 1
229701 2
233435 2
256022 1
275040 2
108912 1
109176 1
228781 1
256099 1
257343 1
201733 2
109198 1
237336 2
109210 1
257272 1
243843 1
282970 0
209712 0
237379 2
228910 1
183845 2
243559 1
079186 0
028839 0
101493 1
206698 2
183853 1
208535 0
185881 0
196187 0
253600 2
237378 0
196217 0
210978 1
199458 1
253602 2
275063 2
210756 1
243558 1
199482 1
108880 1
196133 0
243208 1
202689 1
256770 2
199483 1
253675 2
257917 2
256767 2
256345 0
267709 0
242947 2
253701 2
203074 0
287669 2
208975 1
163117 0
115184 0
145487 0
199558 1
196134 0
184695 2
287168 2
226922 1
263682 0
197170 0
199502 1
148897 0
276132 0
187602 2
202237 1
196270 2
202384 1
229964 2
229876 2
227462 1
227546 0
228782 1
228911 1
234372 2
258502 2
205796 2
243497 1
258244 1
202398 0
203076 2
206423 2
203072 2
255060 1
206720 2
206434 2
208007 1
225400 2
244423 1
244426 2
244436 2
242624 2
199799 1
244367 1
243496 1
244366 1
208579 1
265042 1
244365 1
206709 2
015242 0
017574 2
201964 1
229632 2
201963 1
199800 1
255270 0
201638 1
208546 2
001554 1
243401 1
243818 1
199226 1
234371 2
244353 2
243811 1
201958 1
244732 0
243779 1
208051 1
254881 0
243780 1
202794 1
244261 2
243561 0
200003 1
224535 2
243402 1
199222 1
202344 1
244363 1
208414 1
234290 1
257428 0
244425 2
254637 1
070171 2
103344 2
257421 0
146539 2
275249 0
070147 2
103320 2
136116 0
070150 2
103323 2
240501 2
202262 1
244136 1
230124 0
187674 0
274400 0
243862 1
208029 1
208997 1
243834 1
208678 1
274359 0
240791 0
187662 0
281992 0
201516 0
234289 0
244143 1
258373 2
244341 1
208018 0
258357 2
250339 1
250338 1
251938 0
199160 1
199153 1
155811 1
019075 1
262867 1
244502 1
199154 1
199967 1
200471 0
262872 1
128478 1
199156 1
243826 0
128627 1
271664 2
194468 0
271663 2
205619 0
206797 1
243186 1
127751 0
202633 0
199644 0
190565 0
261667 0
209030 1
256551 1
190527 0
258430 0
207204 1
229135 0
262174 0
210885 0
203070 0
253569 0
067843 1
067839 1
226161 1
032000 1
080833 1
031977 1
067812 1
226164 0
064349 1
241117 0
113760 0
088010 1
243528 0
261453 0
256173 0
282164 2
253926 0
199236 0
275809 0
229871 1
250646 0
229824 0
086685 0
233644 0
256433 0
224627 0
080961 1
265927 0
204245 1
215600 0
226560 0
153111 0
238027 0
030165 0
244070 0
229820 0
094059 0
202796 0
288705 0
234399 0
202334 1
206885 2
115627 0
202363 2
243756 0
132183 0
235280 0
210852 0
208986 0
112197 0
267467 0
207754 0
209668 0
235994 0
243812 0
165298 0
048852 0
258440 0
165336 0
160194 0
035546 0
205763 0
098618 0
057897 0
160098 0
124467 0
208062 0
230075 1
277026 0
152740 0
176462 1
176461 0
176460 0
176458 0
192326 0
226626 0
261530 0
244435 0
261392 0
229250 0
010964 0
258446 0
023279 0
164410 0
254225 1
256168 0
254170 1
254169 1
254165 1
254186 1
025686 0
261579 2
076977 0
261580 0
261575 0
285025 0
231301 0
226411 0
168665 0
176447 1
281926 0
195561 0
242472 0
261287 0
190683 0
251950 0
009663 0
060785 0
035312 0
222775 0
000512 0
169041 0
268222 0
256783 1
111790 0
256772 0
256803 0
152484 0
275521 0
261671 0
215569 0
287271 0
261447 0
123878 0
226867 0
164877 0
115447 0
032096 0
210877 0
287843 0
256434 0
134346 0
275199 0
035701 0
253574 1
229269 0
240550 0
256816 0
257456 0
193849 0
033087 0
193753 0
124627 0
017160 0
145335 0
200523 0
215603 0
223113 0
262084 0
188960 0
256432 0
226559 0
193521 0
163765 0
116886 0
004761 0
261528 0
230551 0
170811 0
197176 0
022023 0
256403 0
052216 0
202795 0
278107 0
269513 0
025463 0
116341 0
184519 0
153174 0
255691 0
239616 2
285761 0
239624 0
230706 0
283607 0
203057 0
133558 0
127563 0
278452 0
195764 0
119306 0
241077 0
171232 0
028037 0
284512 0
188426 0
230201 0
163167 0
075559 0
164314 0
230040 0
006558 0
225367 0
274418 0
115531 0
058907 0
055705 0
204211 0
199251 0
283122 0
160173 0
255352 0
124950 0
243832 0
263740 0
201642 2
263418 0
227260 0
227184 0
275543 0
220390 0
269452 0
168927 0
127390 0
227982 0
229279 0
263408 0
157664 0
253780 0
282863 0
253995 0
272517 0
229146 0
252080 0
288706 0
156930 0
065456 0
242101 0
124617 0
210439 0
127602 0
225425 0
195625 0
255938 0
226611 0
124148 0
235616 0
258925 0
215605 0
226845 0
124354 0
240836 0
