044384 1
044349 1
044314 2
209902 1
044601 1
043765 1
242413 0
035765 1
044602 2
035123 1
041639 2
036140 2
044291 1
046014 2
044821 1
205162 1
035908 2
035860 2
046466 2
036135 1
044599 1
037793 1
045973 1
207646 1
217209 0
037794 2
040752 1
040755 1
044617 1
041626 1
046049 1
044616 1
032588 0
035773 1
045965 1
036141 1
035851 1
044577 2
045920 1
204479 1
217522 0
044445 2
040901 1
045014 1
044989 2
044584 1
045234 1
045916 2
035674 1
242531 0
045231 2
217907 1
216736 0
041632 2
044578 2
032572 0
044585 1
044698 2
040898 1
046546 1
035904 2
044203 1
044511 1
036104 1
041577 2
040792 1
051755 1
041594 1
032509 0
044268 2
036000 1
044642 2
045324 1
035900 1
044558 1
045896 1
035675 2
205164 1
044689 1
035757 1
035849 1
044736 1
036111 2
036308 1
212029 1
035748 2
205166 1
044442 2
045708 1
035929 2
044899 1
036275 1
044756 2
035755 1
035676 2
205156 1
035752 2
035783 1
046293 2
036765 2
236107 0
207658 1
046594 2
230647 0
035861 2
140935 0
045435 2
035927 1
035918 1
039995 2
205765 1
036034 1
035758 1
088107 1
035797 1
045511 1
045318 2
184227 0
035699 2
045891 1
044638 2
035786 2
259233 0
035785 1
040902 2
036136 1
036142 1
044700 2
032728 0
035817 2
046519 1
044716 1
044721 1
051148 2
046514 2
099727 0
044593 1
036325 2
035766 1
044408 2
046117 2
205767 1
044626 1
044591 2
044332 1
032730 0
035759 1
220826 0
065109 0
205282 1
044702 1
035903 2
035792 1
039568 2
046355 1
044933 1
037314 2
036340 1
203894 1
044737 1
035806 1
044160 2
044732 2
044327 1
040928 2
044939 1
205560 1
218004 1
044582 1
044474 1
043977 1
044001 2
036702 2
036372 2
099823 0
035981 1
035873 2
040905 1
044253 1
036738 2
040395 0
045623 2
045889 2
232883 0
044936 1
032754 0
035832 2
045983 2
051325 2
044891 1
218949 1
035843 1
045857 1
205151 1
065110 0
035838 1
044579 2
043995 2
044537 1
040929 1
231990 0
035787 1
199559 0
215467 1
044368 1
044680 1
044882 2
044278 1
040949 2
035872 2
035902 2
040982 1
035919 1
035824 2
044220 1
044387 1
044738 2
035925 1
040915 1
044157 2
035867 2
046491 2
044777 1
045982 2
035842 1
051517 1
044632 1
045117 2
041388 1
098605 0
044581 2
032727 0
041394 1
048134 1
044468 2
099801 0
044264 1
046502 2
035926 2
046375 1
043895 1
212661 1
218332 1
035756 1
044256 2
037242 1
036748 1
044731 1
044780 2
045468 1
035788 1
041119 2
041536 2
036242 1
040822 2
045358 1
040900 1
046337 1
226210 0
272089 0
043932 1
035948 1
040783 2
051333 1
045698 2
044273 1
051516 1
036013 1
098581 0
044906 1
099766 0
037213 1
264847 1
214958 1
214960 1
044307 1
044561 1
044518 1
044613 1
049302 1
035777 1
044770 1
204032 1
045624 1
264818 1
101760 0
045862 1
264831 1
045999 1
035831 2
044745 1
035906 2
045443 2
043922 1
044775 2
044525 1
044315 2
044633 2
046509 1
220829 0
035778 1
044746 1
214288 1
231941 0
239727 0
044739 2
035888 2
045356 2
040903 2
040819 2
242493 0
044405 1
035760 1
044743 1
044549 1
035951 1
044162 2
044498 1
041014 2
242931 0
046462 2
256198 0
044759 2
044226 1
035879 2
035878 2
043908 2
044524 1
044473 2
035912 2
044741 1
040936 1
044755 2
035791 1
044835 1
040962 1
049306 1
044851 2
045319 1
045501 1
242137 0
040937 1
048904 1
044503 1
044064 1
045296 1
046379 2
044520 1
035711 2
089746 0
044748 1
045307 2
044323 1
044762 1
045241 2
250702 0
259672 0
044002 2
040975 2
046489 2
168337 0
045758 2
041480 1
238837 0
035776 1
035846 1
164579 0
035935 2
044691 1
046461 2
211938 0
046493 2
035863 2
078242 0
044032 2
205173 1
040751 2
045854 1
050892 1
187624 0
044589 1
211200 0
045268 2
046459 1
051742 1
044678 1
112155 0
260791 0
044254 2
044767 1
205296 1
045489 2
046476 1
050961 1
044600 1
040816 2
042840 2
048451 1
239324 0
044643 2
257580 0
046047 1
156397 0
044239 1
256113 0
045998 1
242837 0
044677 1
044740 1
168325 0
044747 1
035790 1
051064 2
045928 1
045487 1
044733 2
044679 1
044587 1
271697 0
221821 0
036123 1
257947 0
198755 0
200363 0
213628 1
035916 1
254975 0
281095 0
190512 0
044634 2
046409 2
045845 2
046411 2
209417 1
036131 2
045425 2
035859 2
040793 2
035937 1
045692 1
042358 2
035978 2
045536 1
042260 2
037685 2
045473 2
041306 1
208357 1
044223 1
044692 1
045727 2
036098 1
050685 2
035956 1
040932 1
037675 1
044614 1
044568 2
043900 1
209846 1
054578 1
217289 1
044730 1
207060 1
215119 1
046288 1
035933 2
214463 1
036160 2
044536 1
044603 2
044039 1
044789 1
044735 1
216389 1
037065 1
044703 2
044688 1
214961 1
035841 1
209446 1
035922 2
040907 1
045367 1
036907 1
044419 1
040916 1
041026 1
045619 2
044149 0
037447 1
044644 2
215268 1
201226 1
040821 1
044606 1
044717 1
044781 2
044955 1
044685 1
051482 1
044992 2
049892 2
045351 2
059415 1
051339 1
046198 1
214705 1
035384 1
044636 2
050886 1
045488 2
043982 1
044375 1
213276 1
035304 1
044705 2
044280 2
212460 1
044310 1
045955 1
044592 1
218408 1
036375 2
203822 1
037146 2
045532 2
045163 1
051338 1
040892 1
036990 2
051744 1
207006 1
035744 1
044571 1
040935 1
045178 1
110530 1
049889 1
040934 1
044351 2
059086 1
037445 1
215570 1
044357 1
217387 1
110561 1
035853 1
044552 1
035286 1
037528 2
206535 1
036978 1
205461 1
035283 1
044605 1
213889 0
044734 2
037779 1
035649 1
037106 1
044353 1
044098 2
044648 1
044374 1
035934 1
045248 1
046196 1
044434 1
051042 1
050766 1
044272 1
051519 1
044152 1
044586 1
046276 1
037033 1
051066 1
044649 1
036652 1
065434 0
044430 1
046414 1
214352 1
044129 1
037052 1
046361 1
051605 1
044687 1
035833 2
210107 1
148724 1
044631 1
044801 1
045954 1
035789 0
109397 1
044195 2
044693 1
044008 2
044197 2
219480 1
210344 1
037306 2
044559 1
037231 1
036683 1
037467 1
036663 1
045533 1
218016 1
218217 1
218177 1
206495 1
051664 1
051514 1
081180 1
210290 1
217389 1
037880 1
060586 1
163893 1
258468 1
208572 1
209847 1
217334 1
217902 1
044838 1
110569 1
045201 1
044048 1
037902 2
204592 1
208240 1
258524 1
113250 1
215154 1
163872 1
203999 1
044506 1
206342 1
216276 1
044262 1
079475 1
062819 1
045420 1
039423 2
044588 1
208545 1
043876 1
035839 1
044580 2
035923 2
062813 1
203427 1
051515 1
036048 1
037924 2
045152 1
040802 1
007782 1
205207 1
046102 2
035735 1
045818 1
035920 1
045817 1
205445 1
044003 2
044358 1
048419 1
060535 1
215487 1
036561 1
045703 1
205740 1
209365 1
210265 0
044004 1
040779 1
209788 1
015594 0
048544 0
044163 2
049256 1
045024 2
051554 2
045148 1
045164 1
163071 0
044389 1
075763 1
035870 2
045431 2
046153 1
108793 0
044742 1
201991 1
050533 0
040754 1
048832 1
210560 1
046418 1
204302 1
168396 1
045689 2
036558 1
200446 0
204467 1
043962 1
035866 2
216612 1
044270 1
216252 1
051147 1
203660 0
216044 0
045021 2
264813 0
108253 0
205039 1
090123 1
217113 1
044509 2
149706 0
045801 1
212784 1
214371 0
209495 1
051173 1
039647 1
086129 0
075781 0
051558 1
045177 2
209430 1
079472 0
080017 0
217680 0
044366 2
044391 2
044495 2
045005 1
045526 2
044402 2
203956 1
090141 1
219502 0
218888 1
035921 1
217498 0
204176 1
045593 2
204121 1
045505 1
204946 0
204122 1
204404 1
217761 1
204171 1
045513 2
219010 0
204172 1
207734 0
209259 0
003860 0
209519 0
207957 0
204174 1
164572 0
207472 0
204175 1
045582 1
036085 2
019662 0
217770 1
044595 1
021652 0
217784 1
034661 1
044726 1
075688 1
044681 1
005425 1
099315 0
075683 1
051506 2
051145 2
036186 2
044501 1
286304 1
217935 0
078716 0
044596 2
044902 0
043972 2
169219 1
131314 0
043939 0
044683 1
041627 0
138040 0
045497 2
048614 2
054072 1
014207 1
036267 1
044097 1
044144 0
086867 1
218882 0
086368 1
217693 0
056644 1
050921 1
035805 1
077418 0
204522 1
116080 0
035796 2
134910 0
044620 1
036268 1
135141 0
210051 1
209032 1
209064 1
209651 1
209174 1
209168 1
209663 1
209759 1
043935 2
163971 0
066382 0
036263 1
044948 1
035818 2
217964 0
163830 0
203373 0
218365 0
057367 1
045757 1
051340 0
138041 0
161996 0
043821 1
035165 0
217618 0
210099 1
210292 1
036490 1
218944 0
035784 1
044597 1
044618 1
043815 1
043816 1
044248 0
043805 1
035488 0
035714 2
080617 0
205506 1
219876 1
042887 0
037564 1
050891 1
206669 1
207796 0
044630 0
199477 0
044020 2
187827 1
084332 0
215106 0
036250 1
043124 0
214064 0
044104 1
036599 0
037047 1
044650 1
044547 2
114986 1
218354 0
037067 1
274728 0
044570 1
182937 0
044572 1
044564 1
045816 0
044563 1
059403 1
023130 0
203775 0
034046 0
036071 1
039413 1
109039 1
044007 2
121160 0
086482 1
155624 0
212092 0
191209 0
109054 1
086468 1
044118 1
029003 0
204594 1
216602 1
267801 0
204701 1
037310 0
062794 0
204576 0
113470 0
000444 0
049010 0
021726 0
037639 0
099508 0
205303 0
051330 0
023924 0
024284 0
039121 2
038839 1
044145 1
090436 0
082315 0
079001 0
203246 0
051086 1
037695 0
037279 0
209844 0
268198 0
116349 0
191876 0
043992 1
044261 1
090692 0
044455 0
217562 1
020299 0
208939 0
203930 0
045658 0
114841 0
045038 0
204952 1
027253 0
116077 0
209739 0
044690 1
218368 1
215215 0
044085 0
219357 1
000505 0
045754 0
038656 1
162117 1
092655 0
038683 0
045964 0
206822 0
051505 1
217379 0
044065 2
050684 2
057069 0
044066 0
044086 0
051501 0
044672 0
262524 0
214953 1
176095 1
211252 0
260131 0
175199 1
044482 0
036301 0
135413 1
216691 0
152118 0
203283 0
208550 1
218200 0
048244 0
101771 0
035284 1
035287 1
035305 1
035314 1
035385 1
035421 0
035430 0
022325 0
204137 1
209463 0
119297 0
132533 0
218425 0
046371 1
036906 1
136367 0
220596 0
203688 0
204114 0
044147 1
134420 0
043951 2
000269 0
267282 0
046570 1
045357 1
193903 0
041352 1
269010 0
051036 0
079520 0
077384 0
285877 0
020010 0
115109 0
023285 0
210399 1
218847 0
215229 0
009297 0
203851 0
215326 0
113801 0
215403 0
042670 0
035819 0
044316 0
116172 0
012932 0
044567 1
276131 0
043358 1
068729 0
080076 0
022508 0
081149 1
211016 0
274608 0
046453 0
012258 0
040914 1
040791 2
027120 0
207230 0
127095 0
078277 0
218583 0
003705 0
041712 0
091214 0
045927 0
016214 0
091114 0
203272 0
042546 1
042568 0
117866 0
217347 0
035708 1
210537 0
261825 0
037696 0
273746 0
107987 0
044069 0
090964 0
205259 0
107691 0
204798 0
078274 0
201706 0
077961 0
215231 0
048305 0
036760 0
016748 0
037122 0
016007 0
169842 0
209973 0
035313 0
040247 0
207066 1
118385 0
205200 0
078870 0
218483 0
167966 0
217274 0
066157 0
214566 0
088254 0
035885 1
210555 0
040039 2
137014 0
209046 0
009755 0
123007 0
021747 0
013547 0
044112 1
158810 0
162432 0
274612 0
222063 0
044697 0
042131 0
099427 0
205137 0
268161 0
281326 0
043773 0
023123 0
045782 0
038093 0
203754 0
041668 0
280816 0
214319 0
001828 0
021527 0
014916 0
003654 0
204448 0
005767 0
039440 0
208222 0
006789 1
058733 0
000629 1
078995 0
110678 0
046540 0
038810 0
035556 0
208913 0
152077 0
059107 0
267436 0
091654 0
214672 0
018465 0
028750 0
081696 0
222713 0
075874 0
042194 0
037819 0
056144 0
203704 0
049164 0
090705 0
266977 0
208804 0
204294 0
058587 0
213217 0
001711 0
157731 0
152436 0
037206 0
243840 0
213009 0
118010 0
041937 0
052748 0
093877 0
219497 0
218823 0
087055 0
082320 0
051409 0
212952 0
037882 0
044047 0
093295 0
113504 0
029059 0
218230 0
094411 0
204470 0
204577 0
090577 0
112268 0
049403 0
109554 0
023245 0
044209 0
269717 0
214732 0
204126 0
110430 0
280800 0
034949 1
077875 0
035244 1
050371 0
033364 0
055703 0
075035 0
113997 0
037634 1
021736 0
019273 0
046694 0
183281 0
079865 0
118828 0
115548 0
047662 0
011233 0
018732 0
000401 0
163504 0
217859 0
217463 1
044886 0
218122 1
216304 0
214800 0
201005 0
035656 0
036963 0
204198 0
023450 0
143584 0
205148 0
216074 0
216470 0
174925 0
081677 0
109323 0
210353 0
115688 0
034643 0
023136 0
088880 0
055563 0
050918 0
074524 0
163311 0
158155 0
010494 0
029006 0
077520 0
175423 0
088248 0
253050 0
038237 0
212307 0
036543 0
205843 0
076521 0
046273 0
269698 0
045562 0
258491 0
019358 0
114452 0
117311 0
218082 0
037389 0
050376 0
213179 0
195086 0
210231 0
118636 0
204403 0
068480 0
029979 0
044087 0
116902 0
269329 0
043948 0
049337 0
283061 0
085781 0
236904 0
183711 0
216256 0
277986 0
213240 0
208706 0
156395 0
044458 0
214349 0
056634 0
216658 0
058548 0
041020 0
045182 0
235399 0
220424 0
116189 0
067803 0
092500 0
204188 0
029268 0
043600 0
262196 0
175874 0
037391 0
213561 0
217756 0
209616 0
263631 0
037798 0
045390 0
223263 0
021182 0
109646 0
008187 0
045348 0
005484 0
114679 0
008262 0
009287 0
015607 0
269077 0
022548 0
045180 0
039694 0
216514 0
218307 0
020562 0
071527 0
085071 0
019240 0
217883 0
115622 0
244844 0
191399 0
044159 0
093575 0
035989 0
014059 0
145793 0
011371 0
207372 0
012468 0
217852 0
099378 0
213917 0
023213 0
142956 0
214137 0
210139 0
211420 0
268431 0
214267 0
097746 0
001185 0
079233 0
033303 0
008998 0
019505 0
036982 0
219824 0
045499 0
216895 0
219021 0
223443 0
021997 0
267825 0
214457 0
212097 0
193760 0
217674 0
021557 0
062629 0
259087 0
086565 0
008670 0
222336 0
217344 0
046299 0
078774 0
155589 0
110417 0
199600 0
005184 0
046258 0
050386 0
220885 0
087709 0
203441 0
088467 0
021602 0
030218 0
068338 0
209481 0
037221 0
038382 0
035554 0
205398 0
162676 0
005018 0
036897 0
024246 0
206103 0
244957 0
204101 0
093363 0
215553 0
240053 0
022278 0
217690 0
012356 0
033689 0
028119 0
092150 0
239573 0
036797 0
207171 0
275438 0
045838 0
050709 0
266958 0
219130 0
216489 0
015752 0
201178 0
130954 0
213400 0
203694 0
045104 0
024295 0
128533 0
044266 0
173501 0
212906 0
128785 0
261822 0
084321 0
209755 0
079131 0
216313 0
023377 0
162727 0
168538 0
287462 0
216036 0
127989 0
007737 0
092914 0
191218 0
036749 0
210993 0
117349 0
213694 0
098524 0
099185 0
209659 0
062389 0
058926 0
043538 0
041219 0
150154 0
248979 0
079239 0
123352 0
040585 0
045467 1
099683 0
135289 0
046441 0
095948 0
218005 0
204405 0
021995 0
134417 0
069147 0
082531 0
203433 0
090513 0
202925 0
079508 0
096345 0
159264 0
244908 0
049062 0
035420 0
174699 0
042013 0
265355 0
131435 0
078797 0
204989 0
068070 0
078713 0
018324 0
000162 0
012599 0
213292 0
164312 0
206859 0
204980 0
216656 0
202546 0
214373 0
222307 0
289164 0
269033 0
213392 0
098530 0
219755 0
044044 0
209638 0
016302 0
216663 0
052067 0
216149 0
167326 0
045310 0
090476 0
219620 0
036060 0
022153 0
011195 0
205276 0
081680 0
019342 0
084731 0
087372 0
001249 0
000495 0
164061 0
076497 0
038351 0
197710 0
068947 0
156684 0
023179 0
210324 0
125035 0
035303 0
051544 0
181529 0
036448 0
039805 0
217401 0
273748 0
214261 0
114519 0
003594 0
164501 0
204480 0
198767 0
011288 1
229389 0
115466 0
288108 0
118184 0
127154 0
035623 0
214194 0
214565 0
071253 0
155692 0
045255 0
222234 0
023326 0
020202 0
089085 0
090602 0
204600 0
037791 0
266761 0
119397 0
036759 0
156496 0
112310 0
050608 0
048767 0
205497 0
036540 0
044500 0
045855 0
268307 0
039083 0
050681 0
097914 0
068578 0
010485 0
056162 0
044862 0
040573 0
212978 1
218764 0
213483 0
213544 0
214314 0
213513 0
213085 0
213125 0
203476 0
218974 0
097624 0
168498 0
203572 0
044082 0
176609 0
209996 0
205424 0
289478 0
009483 0
227537 0
197436 0
098512 0
217769 0
205753 0
262796 0
057965 0
050279 0
088247 0
128157 0
022049 0
203251 0
217339 0
050238 0
212334 0
050962 0
207434 0
268557 0
117183 0
214872 0
022746 0
202850 0
031282 0
022838 0
043744 0
206146 0
032127 0
064300 0
169623 0
068204 0
219479 0
137017 0
224798 0
021583 0
264833 0
052583 0
000339 0
210616 0
066149 0
183527 0
037715 0
038791 0
075744 0
082079 0
223504 0
267770 0
088867 0
116163 0
219107 0
206824 0
219295 0
132391 0
169230 0
288320 0
114393 0
077239 0
049331 0
207637 0
116950 0
116160 0
007552 0
218114 0
268923 0
189358 0
240895 0
134025 0
261736 0
010140 0
168996 0
023173 0
001140 0
114791 0
033988 0
271413 0
037837 0
212623 0
287832 0
213490 0
042509 0
283074 0
046671 0
077370 0
164584 0
033759 0
077363 0
019129 0
145792 0
117992 0
119520 0
215932 0
116068 0
047575 0
207568 0
218921 0
268176 0
080707 0
244773 0
215123 0
131312 0
200747 0
203518 0
218039 0
204720 0
219033 0
191332 0
211082 0
076344 0
112267 0
094323 0
164001 0
134773 0
079060 0
036344 0
