194093 2
071204 1
104377 1
071197 1
104370 1
279949 0
193574 2
194101 2
193567 2
202637 1
202635 2
266162 2
199484 1
199460 1
195746 2
128516 2
266163 2
202641 2
128517 1
149438 2
128556 1
196796 2
195747 2
190850 2
199454 0
014582 1
196798 1
149452 2
128559 1
227400 2
202640 1
170268 0
263608 0
190783 1
138807 2
195754 2
138819 1
220363 0
196321 2
170266 0
246616 0
196347 0
250119 0
202375 2
195760 1
196589 0
196253 2
207446 1
196307 2
196251 2
261747 2
202112 2
264963 2
273846 0
081906 0
192004 2
202122 2
152578 0
191964 2
196272 2
227402 2
265268 0
245978 0
152595 0
201727 2
201737 2
201752 1
201781 2
224068 1
223996 1
233314 1
202936 0
223950 0
196282 2
264964 2
226412 0
226469 0
233301 1
232213 0
264171 0
232233 0
147134 2
201748 1
202135 2
196252 2
202157 1
147133 2
140650 0
201938 2
140691 0
201734 1
201740 1
202151 2
202156 1
201929 2
259817 0
202134 1
110893 0
018018 0
137508 0
202148 2
257093 1
202934 1
202931 1
201792 1
257107 1
260660 2
262765 1
260653 2
257508 0
137196 0
078302 0
066143 0
017265 2
129618 2
262760 1
230375 0
262757 1
257512 0
251324 1
266022 0
264166 0
207490 1
204850 0
205224 2
205235 2
289911 1
273546 0
257821 0
254140 0
111521 0
238194 0
016925 0
130264 0
220319 0
123732 0
213890 0
258855 0
243190 0
262004 1
145521 1
071434 2
104607 2
261926 1
260768 0
071405 1
104578 1
013195 0
004455 0
025891 0
121962 0
232890 0
028824 0
194545 2
131022 1
219267 1
017919 0
131019 1
131015 0
219274 1
131011 1
131026 0
196647 1
196656 0
256364 0
239789 1
239788 1
239794 1
239790 1
239792 1
239793 1
239797 1
239776 0
239782 0
239774 0
239779 0
239946 0
239778 0
008415 0
152530 0
038990 1
202834 0
123266 1
146512 0
123309 0
149459 0
109712 0
218242 0
070076 0
280576 1
280605 1
011758 2
260348 0
262758 1
279816 0
262769 1
262771 1
262775 1
262782 1
228603 1
042151 0
228602 1
228601 0
005406 0
083312 0
205983 1
205950 1
157981 0
070763 0
129375 0
284576 0
289475 1
184418 0
190688 1
257278 0
263238 1
160700 0
280577 0
260126 1
201135 0
014859 0
260828 0
226405 0
254686 0
262885 0
277066 0
149797 0
095981 0
080100 1
008000 0
080097 0
133949 0
229177 0
220146 0
126210 0
144118 0
141401 0
131023 0
260767 0
100270 0
264453 0
257655 0
164883 0
161045 1
161008 1
078123 0
202126 0
278846 0
123843 0
027374 0
191406 0
074733 0
275727 0
123866 0
017415 0
266575 0
035540 0
260661 1
282268 0
109705 1
275793 0
109694 0
109031 0
109077 0
109680 0
194518 0
206742 1
006065 0
202842 1
077797 0
205290 0
188892 0
275434 0
054429 0
264416 0
207290 0
281836 0
203431 0
151705 0
175751 0
257458 0
040215 0
108869 0
183714 0
029105 0
261597 0
260762 0
033407 0
136834 0
268451 0
118046 0
265937 0
132688 0
260542 0
095300 0
227507 0
235529 0
135093 0
262736 0
232106 0
213556 0
155201 0
