084219 1
051271 0
084287 2
084125 2
083958 2
083953 2
083965 2
083968 2
081589 2
081650 2
083753 2
083746 2
084202 2
083943 2
084080 2
115400 2
083537 1
083530 2
083896 2
083906 2
084248 2
083999 2
051488 2
051379 1
080394 2
083432 2
083444 2
084271 2
083739 2
083786 2
084191 2
084183 2
084307 1
083135 1
075309 2
075311 2
075414 2
075418 2
075513 2
075505 2
075511 2
075500 2
075517 2
082031 2
084327 1
075503 2
115253 1
051528 2
083171 2
083173 2
074954 2
074947 2
075415 2
075417 2
082743 2
082757 2
084336 2
077600 2
077606 2
079218 2
084292 2
114464 1
075159 2
075161 2
082884 2
083693 2
083698 2
084152 2
084090 2
084155 2
084157 2
082091 2
084416 2
084096 1
084098 2
084116 2
083563 2
083559 2
084322 2
083884 2
083887 2
084031 2
083988 2
084045 2
084073 2
084317 2
043889 2
079288 2
079291 2
075051 2
137680 1
084381 1
051368 2
051500 2
081701 2
081648 2
081674 2
081027 2
083811 2
083723 2
078188 2
078234 2
082459 2
082490 2
082822 2
082829 2
091397 1
082828 2
083111 2
078452 2
078440 2
081754 2
081721 2
043963 2
079363 2
079223 2
079188 2
092037 1
079364 2
083059 1
083019 1
078080 2
078144 2
078104 2
078085 2
115355 1
083179 2
082071 2
082063 2
114640 1
079200 2
079172 2
114483 1
082096 1
075501 2
075518 2
114647 1
044080 2
044072 2
078442 2
113836 2
113800 2
044367 2
075906 2
115394 2
074869 2
075608 2
044115 2
082615 1
081897 2
114894 2
114932 2
114413 2
075593 2
083053 2
114603 2
082627 1
084469 1
084439 1
082144 2
082124 2
084413 1
044258 2
043991 2
043879 2
044255 2
043927 2
045040 2
044339 2
044832 2
044773 2
044850 2
045120 2
045144 2
082075 2
082077 2
081901 2
081903 2
081922 2
114972 1
081229 2
044221 2
045205 2
051079 2
044074 2
078630 2
078659 2
081890 2
051251 2
115347 1
115445 1
181231 1
079325 2
043943 2
044166 2
051503 2
044075 2
051194 2
084005 1
084475 2
084472 2
115039 1
115034 1
114873 2
044100 2
075472 2
114908 2
084474 2
044028 2
083119 1
083168 1
114487 2
114467 2
051068 2
083479 2
075561 2
277006 1
276904 1
084477 1
078259 2
081685 2
074557 2
074528 2
078285 2
081615 2
084216 2
083975 2
083977 2
081720 2
083962 2
083497 2
079145 2
079970 2
082887 1
081748 2
269649 1
269586 1
269658 1
114989 1
025548 0
112097 2
080884 2
080867 2
079670 2
084104 2
084110 2
084255 2
084345 2
043965 2
044193 2
084335 2
084384 2
081637 2
115322 2
075325 2
043937 2
115343 2
210897 1
210962 1
211015 1
211014 1
219889 1
219891 1
181262 1
181139 0
270015 1
270009 1
043929 2
081728 2
081778 2
078164 2
078252 2
084283 2
084232 2
270013 1
270014 1
081482 2
081814 2
083699 2
084457 2
114982 2
051412 2
083694 2
084113 1
115430 0
084175 2
271840 1
080019 2
084211 2
114414 2
114436 2
051397 2
051255 0
084100 2
084117 2
075315 2
114556 2
114570 2
114465 2
114484 2
084348 2
051150 2
043864 2
077703 2
084226 2
084331 2
084479 2
084178 2
078098 2
078128 2
051073 2
114258 1
114295 1
074907 2
079341 2
079641 2
051431 2
051395 2
015108 2
084696 1
044238 2
044218 2
078823 2
051078 2
051143 2
271898 1
081506 2
051557 2
051074 2
050972 2
223506 1
084339 2
082764 2
082769 2
084153 2
223511 1
084154 2
279827 1
082080 2
082073 2
050832 1
079837 2
082099 2
082093 2
079793 2
082651 1
051218 2
084097 2
051187 2
079360 2
078458 2
136354 1
136059 1
078445 2
075186 2
084617 1
044108 2
137440 0
075137 2
079167 2
075120 2
114848 2
114852 2
083071 1
082779 2
084306 2
074721 2
084304 2
269640 1
081907 2
081911 2
084083 2
084085 2
081963 2
081807 2
079642 2
083969 2
082577 2
083961 2
082002 2
115508 1
044023 2
078043 2
082614 2
082629 1
084197 2
044194 2
043966 2
080366 2
084775 1
080424 2
083578 1
079129 2
075191 2
084147 2
084267 2
078093 2
114523 1
115629 1
084318 2
084583 2
084596 2
051210 2
084131 2
083931 2
083932 2
084038 2
079644 2
081709 2
084118 2
084043 2
084075 2
084265 2
082089 0
084106 2
084111 2
044184 2
078049 2
084006 2
084149 1
084109 2
084053 2
084052 2
083027 1
083990 2
276748 0
220514 1
220004 1
220007 1
180323 1
180277 1
084017 2
007106 2
120705 2
120692 2
084387 2
280412 0
115446 1
084360 2
113971 2
044106 2
051069 2
128261 0
084074 1
083955 2
083957 2
277015 1
115136 2
108045 1
211776 1
062670 2
051107 2
115703 1
115674 1
115497 1
115676 1
051202 2
051207 2
115280 2
083029 2
083037 2
083305 1
277028 1
083996 1
084011 1
115113 2
115121 2
078303 2
075143 2
154470 0
075464 2
081768 2
081794 2
084101 2
084112 2
084042 2
084076 2
114990 2
114961 2
084206 2
084213 2
081698 2
084231 2
180268 1
271101 1
271153 1
186597 1
186599 1
180635 1
179693 1
179703 1
179961 1
179963 1
179999 1
180033 1
180626 1
180614 1
180595 1
180592 1
114648 1
083700 1
084249 2
081889 2
084805 2
081896 2
080426 2
083940 2
084069 2
084047 2
084062 2
029062 0
084103 2
114007 2
114009 2
115435 2
114987 2
051094 1
051193 1
051195 1
051206 1
051198 1
051213 1
051186 1
051192 1
051204 1
051059 1
051209 1
051197 1
051217 2
051112 1
051211 1
080217 2
084759 2
051201 1
051200 1
084691 2
051166 0
051199 1
113997 2
084377 2
114023 1
084365 2
051221 1
051189 1
051216 1
114673 1
051215 1
050849 1
051203 1
051219 1
051223 1
113986 2
114018 2
051208 1
114003 2
051092 1
051123 1
051205 1
051191 1
051081 1
080236 2
084754 2
051175 1
051225 1
084718 0
089290 1
082964 2
084383 2
084128 1
084243 2
051222 1
187031 1
186978 0
084308 2
083844 2
084217 2
081713 2
044186 2
043964 2
114786 1
083039 2
165339 0
047416 0
083161 2
083162 2
089147 1
089165 1
089197 1
089249 1
089248 1
088340 0
115104 1
045204 2
045143 2
114011 0
084091 2
084120 2
115088 1
115069 2
051439 2
083164 2
083159 2
115132 2
078247 2
084081 2
083945 2
083836 2
083813 2
083686 2
083684 2
083702 2
083701 2
083207 2
280411 0
084250 2
185592 1
185588 1
185585 1
185578 1
185561 1
180299 1
184968 1
184837 1
184499 1
114342 2
084222 1
082029 2
081933 2
055782 0
185562 0
079774 0
082969 1
098271 1
115434 0
225812 0
053248 0
002361 1
084252 2
227351 0
115129 0
083005 1
138478 0
280733 0
113893 1
113964 1
114511 2
114530 2
051465 2
051375 2
114343 2
115518 2
115515 2
115525 1
114410 2
114976 2
180032 0
270284 0
143111 0
084225 2
114738 2
114703 2
084281 2
125655 1
015082 1
045517 0
004588 1
054110 0
221485 0
079179 1
079147 1
079114 0
200993 0
183648 0
271910 1
125148 1
124993 0
054335 0
084270 2
084268 2
112139 2
181198 1
115383 2
099679 0
114015 2
075166 2
084442 0
146295 0
224865 0
055462 0
084180 1
084238 1
074985 0
210086 0
054639 0
265028 1
111359 1
071500 2
104673 2
071456 0
115593 0
053041 0
114710 2
115918 0
084286 2
045890 0
180630 1
159473 0
269943 0
071547 0
115529 0
048832 0
079255 1
079254 1
079183 1
078147 2
201061 0
083614 0
047712 0
128276 0
112121 1
260862 0
005371 0
035229 0
041079 1
041144 0
180037 0
005221 0
044810 0
043860 1
042033 0
139804 0
020356 0
010957 0
115405 1
226776 0
026702 0
084516 1
081413 1
083750 1
081369 1
081564 1
079026 1
044167 0
182993 0
115736 0
048773 0
004718 1
118970 1
252303 0
005990 0
186366 0
114115 1
114218 1
114217 1
003130 0
116196 0
041971 0
084851 0
056148 0
104629 0
276731 0
139544 0
114601 0
084392 2
223649 0
124527 0
114517 2
165547 0
177748 0
048875 0
084540 1
080800 0
116309 0
082088 0
032401 0
005980 0
065117 1
135092 0
053073 0
114946 0
162525 0
051172 1
104720 0
254109 0
223835 0
268931 0
083425 0
228417 0
089434 1
047674 0
136324 0
044019 1
225594 0
115761 0
051511 1
023328 0
118962 0
271292 0
171250 0
117025 0
076361 0
114532 2
089454 0
114516 0
114741 2
115090 2
115105 2
115466 1
115467 0
128267 0
278007 0
076642 0
124962 0
003831 0
044026 0
271087 0
003697 0
114758 0
127569 1
127573 0
127574 0
006131 0
276891 1
276736 0
116057 0
271686 0
047152 0
026969 0
223982 0
071386 0
182855 0
138557 0
000340 0
012052 1
271341 0
048050 0
134924 0
114531 0
028395 1
079630 0
243426 0
120219 0
010630 0
075262 0
236992 0
114857 0
165383 0
054156 0
269126 0
104559 0
004884 0
276720 0
007142 0
056811 0
051414 0
054412 0
241423 0
195515 0
167965 0
034640 0
025848 0
212474 0
097485 0
185555 0
276732 1
275981 0
047267 0
276094 0
075003 0
026370 0
090278 0
010417 1
272466 1
127575 0
054046 0
084646 0
140635 0
124894 0
119214 0
057775 0
271591 0
015193 0
086921 0
089550 0
162772 0
176323 0
075341 0
260562 0
084821 0
109305 0
076601 0
224710 0
229939 0
083688 2
083690 2
084324 2
115292 2
083697 2
047987 0
042453 0
083691 2
083667 1
276733 0
276950 0
119895 0
219440 0
276661 0
113430 1
055777 0
116915 0
137537 0
139932 0
055131 0
109884 0
118971 0
075048 0
139315 0
276927 0
005825 0
271044 0
229197 0
045933 0
054374 0
227388 0
174499 0
188995 0
165540 0
039980 0
074977 0
026175 0
173558 0
040999 0
054783 0
224404 0
057616 0
056503 0
113064 0
026962 0
099680 0
084247 1
067871 0
114953 0
117799 0
050623 0
274789 0
227183 0
141238 0
276741 0
084224 2
084179 2
271511 0
083942 2
084078 2
003291 0
084209 2
134564 0
114707 0
026451 0
119192 0
083914 2
083283 0
083890 0
025722 0
053844 0
116030 2
083947 0
221799 0
148067 0
074903 0
003679 0
027960 0
255632 0
165904 0
126568 0
115315 0
057277 0
010407 0
225946 0
083986 2
070284 0
226746 0
084269 2
055631 0
074738 0
276728 0
276735 0
119935 0
075023 0
179702 0
032340 0
281366 0
220044 0
074787 0
041192 0
061042 0
044422 0
276650 0
083970 2
170629 0
013320 0
084229 2
113431 0
084033 2
083918 2
115410 0
139787 0
047765 0
044892 0
229810 0
010893 0
003460 0
046251 0
227039 0
169969 0
156354 0
042070 0
057706 0
124899 0
053453 0
054115 0
047372 0
209105 0
006270 0
045807 0
127576 0
252311 0
276737 0
119844 0
138890 0
115570 1
151006 0
025235 0
047758 0
053691 0
057764 0
057717 0
053419 0
052967 0
225025 0
173658 0
134629 0
236641 0
228925 0
020358 0
083616 0
278989 0
047747 0
079043 0
066934 0
271476 0
182156 0
214882 0
183721 0
276667 0
225598 0
278006 0
134934 0
057278 0
142496 0
054997 0
039387 0
228799 0
277689 0
030579 0
048745 0
051324 0
002208 0
004066 0
181027 0
097848 0
047951 0
226706 0
069397 0
115683 0
076597 0
252746 0
054232 0
057045 0
033059 0
280417 0
003440 0
271116 0
080096 0
015423 0
056772 0
084767 0
084764 0
187342 0
256187 0
140183 0
049990 0
005545 0
057279 0
053757 0
279056 0
179998 0
116143 0
013391 0
010415 0
169639 0
113967 0
124203 0
166257 0
194485 0
113896 0
115064 0
115215 0
040230 0
084710 0
006698 0
067047 0
276673 0
019255 0
006283 0
054099 0
139739 0
277146 0
008272 0
008263 0
115274 0
024782 0
277050 0
047668 0
177733 0
079920 0
114988 0
189119 0
050288 0
074737 0
050445 0
174408 0
036560 0
084842 0
276750 0
057732 0
271183 0
287164 0
124139 0
228450 0
054587 0
265399 0
165662 0
045439 0
277212 0
159470 0
273597 0
116260 0
276689 0
227151 0
134755 0
241415 0
094068 0
041932 0
074827 2
079491 0
057111 0
070009 0
034367 0
057424 0
165891 0
278184 0
139552 0
139421 0
176239 0
168729 0
228793 0
054613 0
136765 0
047953 0
231185 0
270951 0
055562 0
055108 0
042375 0
276213 0
232285 0
273961 0
226433 0
045963 0
162224 0
057425 0
140097 0
032341 0
056864 0
046309 0
047687 0
228651 0
116076 1
057406 0
034767 0
116381 0
115819 0
020304 0
230965 0
008641 0
234528 0
156907 0
076261 0
284744 0
095997 0
137003 0
127578 0
052676 0
138190 0
116815 0
054067 0
168143 0
138254 0
276725 0
142267 0
047851 0
178869 0
083315 0
160155 0
055536 0
069586 0
219849 0
047359 0
254462 0
140645 0
171233 0
136835 0
116021 0
026850 0
005624 0
211129 0
040862 0
005146 0
139853 0
253767 1
226276 0
109629 0
201494 0
006045 0
176306 0
084663 0
038873 0
048005 0
184777 0
210053 0
047169 0
044210 0
082120 0
117857 0
227078 0
053977 0
095883 0
047083 0
023804 0
115721 1
078790 0
084497 2
084496 1
083846 2
274697 0
271110 0
139993 0
116601 0
228892 0
116062 0
020578 0
116047 0
196637 0
064677 0
056261 0
276738 0
023599 0
075324 0
003723 0
084705 0
057339 0
117885 0
278842 0
261216 0
078158 0
137577 0
030522 0
278334 0
278547 0
184859 0
222322 0
175823 0
043833 0
056697 0
272819 0
116088 0
062783 0
243267 0
054455 0
050297 0
055489 0
055546 0
233014 0
135135 0
276681 0
075100 0
276939 0
059415 0
047057 0
044538 0
084501 2
084067 2
084016 0
048448 0
112762 1
111626 0
111628 0
268971 0
115458 0
088544 0
113168 0
263369 0
043827 0
227060 0
041822 0
075833 0
119786 0
070878 0
053824 0
114952 0
225049 0
139866 0
277413 0
039392 0
271931 0
115491 0
276445 0
264069 0
077138 0
090425 0
116144 0
048990 0
004619 0
004863 0
080686 0
111641 1
111627 0
115256 0
159588 0
114991 0
116054 0
025692 0
045888 0
114161 0
057756 0
161726 0
057777 0
054058 0
224160 0
156356 0
047262 0
162743 0
205222 0
017285 0
122720 0
023509 0
179692 0
195613 0
099067 0
116049 0
057704 0
066038 0
175910 0
103457 0
168708 0
117244 0
052573 0
084845 0
079769 0
047572 0
041616 0
068748 0
173231 0
230303 0
166387 0
170630 0
276739 0
138104 0
046566 0
006178 0
055620 0
231427 0
264915 0
159663 0
277427 0
115419 0
114046 0
056427 0
007694 0
276641 0
278538 0
053875 0
175680 0
079482 0
057848 0
117725 0
000087 0
074849 0
027019 0
262084 0
111649 1
111670 0
111717 0
111715 0
114942 0
274699 0
054100 0
084880 0
112933 0
183728 0
056731 0
277774 0
020357 0
161417 0
052577 0
102759 0
139994 0
045806 0
276649 0
120124 0
159057 0
005794 0
075065 0
228924 0
236978 0
115625 0
003935 0
023874 0
148078 0
051912 0
109728 0
047853 0
054071 0
030463 0
013487 0
006569 0
196147 1
134710 0
090306 0
023869 0
068638 0
224084 0
139320 0
002941 0
097338 0
103182 0
141902 0
003823 0
229888 0
228832 0
056105 0
260971 0
141877 0
115973 0
014243 0
266188 0
025236 0
075024 0
219367 0
271141 0
006703 0
270600 0
276672 0
052368 0
246499 0
114948 0
054944 0
276727 0
088780 0
211060 0
172938 0
057550 0
075233 0
175455 0
089154 0
165850 0
079668 0
276121 0
057064 0
164128 0
140798 0
047024 0
076646 0
030734 0
092813 0
104051 0
115782 0
053153 0
141864 0
084379 0
067895 0
075463 0
004678 0
115822 0
278346 0
230456 0
176018 0
264928 0
226759 0
002464 0
224877 0
047032 0
053873 0
081108 0
113162 0
047426 0
039934 0
276172 0
220041 0
117851 0
074760 0
054860 0
209086 0
270953 0
046768 0
093009 0
053031 0
051504 0
256169 0
078172 0
006226 0
117191 0
045498 0
201206 0
006426 0
175918 0
083793 0
177731 0
055698 0
179590 0
141166 0
084056 2
046862 0
026766 0
128153 0
094596 0
165663 0
172917 0
003306 0
271391 0
263548 0
182084 0
269257 0
271073 0
053407 0
057663 0
102570 0
