038793 1
046428 2
002426 1
079635 1
074739 0
126332 0
112106 1
113419 1
114502 1
114495 1
199083 1
113309 1
113324 1
113123 1
113477 1
113378 1
113369 1
113380 1
113374 1
113317 1
025494 2
038800 1
045236 2
046039 2
045229 2
044676 2
045228 2
045230 2
046162 2
044604 2
044608 2
113693 1
113688 1
113502 1
113496 1
113489 1
113485 1
113942 1
113936 1
113355 1
113439 1
113441 1
113975 1
113973 1
113708 1
113777 1
113765 1
007875 1
113388 1
025505 1
207265 0
113399 1
113702 1
113475 1
113455 1
113769 1
113768 1
113470 1
113480 1
113440 1
113438 1
113277 1
113782 1
113781 1
114260 1
114254 1
113527 1
113405 1
113401 1
113518 1
113510 1
113505 1
262577 1
191745 0
113311 1
113326 1
114938 1
259182 1
131217 0
041854 0
113434 1
113433 1
113407 1
268861 0
159415 0
113778 2
080076 0
111584 1
113571 1
113566 1
264157 1
196069 1
075430 0
015136 1
113511 1
113504 1
043000 0
016545 1
115515 1
115518 0
113403 1
113444 1
113413 1
113723 1
113720 1
113362 1
113359 1
127184 0
079668 0
113360 1
078804 0
113673 1
173382 1
162893 0
038024 0
113460 1
075568 0
113531 1
274564 0
045135 0
123139 0
115525 0
113390 1
153363 2
113545 1
078685 0
114215 1
002288 2
022301 0
076244 0
114410 1
118898 0
074829 0
158345 0
040866 0
170190 0
158107 0
075392 0
153365 2
177252 2
085756 2
111541 1
043310 0
003000 0
034679 0
015734 0
075643 0
078903 0
113431 1
113430 1
126263 2
126271 1
126257 1
126253 2
126222 1
080136 0
075854 0
126659 0
150078 0
025404 0
150025 0
113526 1
017781 0
006712 0
075348 0
002152 0
113528 0
159563 0
117246 1
199467 0
249460 0
116915 1
116260 1
114976 1
175679 0
130684 0
274317 0
076196 0
138617 0
022409 0
222891 1
171672 0
138560 0
145832 0
199238 0
287406 0
159534 0
081333 0
075708 0
011980 0
160712 0
074622 0
168449 0
082736 0
216554 0
191731 0
075782 0
075515 0
074933 0
222377 0
113517 1
114949 0
114111 1
007813 0
085776 2
113525 1
113516 1
113356 1
130720 1
148718 0
113322 0
162266 0
133748 0
136220 0
003719 0
176581 0
114945 2
114947 1
114950 0
111610 0
208442 0
257817 0
148455 0
018271 0
079552 0
198430 0
114019 0
109040 0
090587 0
233055 0
078926 0
212840 0
052048 0
118899 0
090867 0
110638 0
075023 0
078390 0
193410 0
065841 0
268873 0
074943 0
174535 1
174489 0
123262 0
211888 0
113409 0
056007 0
078378 0
127162 0
011611 0
139543 0
159754 0
072187 0
078361 0
040681 0
117484 0
275534 0
008787 0
005121 1
119527 1
117716 0
134108 0
069843 0
168031 0
009206 0
131900 0
005790 0
139422 0
075268 0
077404 0
014832 0
124106 0
062389 0
121229 0
079037 0
075308 0
079264 0
067123 0
003014 0
113445 1
033009 0
269436 0
108708 0
114944 0
008916 0
161649 0
114735 0
230904 0
090438 0
205675 0
075015 0
120172 0
074930 0
