145072 2
149718 1
258702 2
177758 0
147702 2
192073 2
177674 2
177735 2
177759 2
145863 2
152884 2
152890 1
152896 1
208884 2
213033 2
153984 2
153966 1
237588 2
165771 2
150019 2
150031 2
150029 2
150011 2
150037 2
150026 2
163379 2
193164 2
152075 2
150563 2
151207 2
168530 1
168527 2
265185 2
285262 2
285270 2
285273 2
285278 2
150921 2
259343 2
261223 2
159282 2
226019 2
256706 0
272064 0
268368 2
268383 2
267191 1
277942 2
277939 1
233010 2
267475 0
099728 1
100768 2
100742 2
235250 2
235248 2
235287 2
037176 2
034925 2
035139 2
034924 2
037318 2
037251 2
035590 1
139511 2
147414 1
263670 1
041935 2
285261 2
285269 2
285272 2
285277 2
287875 2
259221 2
258910 0
190408 1
019912 2
137999 1
003080 0
002465 1
267298 0
256705 2
177734 0
038707 2
002820 0
043037 1
266837 2
266856 2
128777 2
280341 1
256709 0
272055 0
177673 1
028140 0
026915 2
288132 2
038385 0
044717 1
044705 1
272091 0
235256 2
188321 0
233026 2
280360 2
256708 2
018475 2
128774 2
279957 2
