286272 1
286284 1
286273 1
286285 1
007096 2
112891 1
259908 2
259912 2
076332 0
283455 0
286004 2
200887 0
191846 2
191800 2
191743 1
191730 1
178283 1
288012 2
285938 2
062515 2
097341 2
097347 2
099178 2
099213 2
288789 2
288786 0
286617 2
079832 1
274466 2
123257 2
123149 2
014728 2
071465 2
104638 2
189150 1
099552 0
053532 1
053149 1
053147 1
050400 1
050290 1
050557 1
050487 1
050515 1
050567 1
029086 1
028881 1
046800 1
046890 1
054314 1
053972 1
053928 1
053689 1
025164 1
053469 1
053300 1
054363 1
054399 0
029463 1
029466 1
039289 1
039287 1
085069 1
054303 1
048687 1
050595 1
050674 1
053210 1
053211 1
053180 1
053100 1
283512 0
040656 0
269309 0
283631 0
198391 0
020104 0
037964 0
205591 0
037962 0
037963 0
037985 0
037982 0
037979 0
037989 0
037976 0
037986 0
037969 0
037988 0
037981 0
037987 0
037978 0
037984 0
037991 0
037990 0
037975 0
037967 0
037965 0
037966 0
037983 0
029429 1
025623 1
050571 1
055051 1
026003 1
026004 1
053123 0
099347 2
027498 1
260123 1
260139 1
054477 1
088968 1
088863 1
004200 1
278751 0
046386 1
046391 1
053205 1
126368 2
126369 2
267034 1
267063 1
008997 0
144131 1
144144 1
237814 1
019356 1
019347 2
177436 2
269835 1
173708 1
283890 0
286158 0
129362 0
053267 1
210687 0
053316 0
125938 2
014790 2
125937 2
053907 1
054038 1
054169 1
054255 1
015427 0
261876 1
059432 0
186961 2
186956 2
035205 1
058832 0
057618 1
054888 0
052142 1
050586 1
050579 1
024451 1
024431 1
052810 1
053292 1
053213 1
053208 1
054955 0
284274 0
056786 1
108174 0
054229 0
066403 0
047185 1
047400 1
052862 1
054262 1
054744 0
052306 0
286124 1
286138 1
165415 0
005146 0
053199 0
117797 0
054556 1
053779 1
054113 1
053708 1
054952 0
066174 0
125314 0
278756 0
129353 0
165353 0
070348 2
103521 2
182419 2
212001 2
052338 0
121514 0
129352 0
066409 0
165274 0
082067 1
052846 0
024468 1
008592 1
204350 0
263037 0
057171 0
026832 1
026825 0
284479 0
036502 0
028171 2
028172 2
195750 0
279780 2
279783 0
029151 1
086767 1
086800 0
077388 1
082922 1
077400 1
082889 1
257511 0
030119 0
010479 2
023574 0
157160 0
057969 1
093120 0
204358 0
015131 0
173317 0
009658 2
131268 0
271118 1
051830 1
230911 2
259590 0
000221 0
120907 0
068580 2
083557 0
279836 0
000632 1
259980 0
052068 0
050996 1
050984 0
272004 0
053075 0
178930 1
