232732 1
232735 1
155445 0
192357 0
064906 1
064828 1
180026 2
188535 0
064808 1
064597 1
064766 1
064797 1
064931 1
064922 1
154395 2
064483 1
160515 1
064826 1
064914 1
154686 1
154668 1
014471 1
177987 1
018978 1
287980 1
174773 1
064777 1
123959 1
123579 1
123697 1
124041 0
064472 1
124340 1
124343 1
064443 1
064499 1
064475 1
064492 1
277469 2
284043 0
152711 2
064455 1
113386 1
113389 1
232707 1
232708 1
232691 1
086850 1
086683 1
078078 1
078073 0
077876 0
192250 0
093368 0
232722 1
074823 1
014828 1
125891 1
068908 0
064590 1
235228 0
064723 1
191551 0
067412 0
193621 1
193625 1
169302 0
069017 1
199120 0
114418 0
242975 0
093431 0
153124 0
068831 0
124089 0
058605 0
216565 0
232205 0
094768 0
101673 0
170248 0
077698 0
032652 0
211975 0
192987 0
232208 0
138947 0
235934 0
170240 0
260649 0
212698 0
032609 0
124761 0
210953 0
235942 0
188110 0
213473 0
110462 0
188086 0
110464 0
176651 2
176622 2
182927 1
014050 1
076977 2
287922 1
287928 2
287934 2
013083 1
145857 1
064688 1
177160 1
155800 1
289957 0
082827 1
193636 1
077824 1
064875 1
064913 1
064905 1
155433 1
085968 1
152261 1
066356 1
065969 1
065968 1
152386 1
124017 2
124016 1
232780 1
233102 2
064822 1
080444 2
069190 2
102363 2
187344 0
065730 2
065599 2
257264 1
257231 1
178103 1
288572 1
288692 1
182332 2
123998 1
064862 1
283802 1
066228 0
066269 1
064457 1
064439 2
064404 2
064920 1
192395 0
064882 2
169674 1
169687 1
124321 1
166028 0
152713 1
064585 0
170585 1
170525 1
099575 1
078206 1
123983 1
066347 1
066091 1
066094 1
187164 1
186868 1
232724 1
099038 1
099027 1
099018 1
252407 0
064587 1
193637 1
193638 1
193746 1
157056 1
064857 2
153638 1
064869 1
112921 1
164239 1
124459 1
178101 0
123233 1
124162 1
210588 1
210624 2
232738 1
232739 1
066149 1
066153 1
066122 1
009392 1
066338 0
252448 0
182331 2
152479 1
152494 2
066335 2
064871 1
064872 1
075552 0
064501 1
176279 1
065660 1
064600 1
064821 2
065893 1
064414 1
066445 1
062746 1
064487 1
064495 1
188154 1
188132 1
188128 1
188540 0
230350 0
064319 1
064790 1
111402 0
153025 1
192397 1
123993 1
123160 1
123989 1
087545 1
071542 1
104715 1
171128 1
279180 1
123137 1
077219 1
123067 1
123053 1
152485 1
177251 1
101240 1
101239 2
101234 1
124291 1
124617 1
283766 0
065904 1
048326 0
064907 1
284662 0
064843 1
064805 1
068174 1
267911 2
284512 2
284523 1
284549 1
284569 1
284516 2
064814 2
155656 1
123391 1
152990 1
156877 1
127367 1
068379 1
124627 1
233541 1
284956 0
127510 1
014659 1
126087 1
180591 0
184519 0
009364 1
157979 1
265828 1
168257 1
168030 1
187695 0
168927 1
066046 1
064823 1
170382 1
170385 1
167543 1
167547 1
167548 1
064899 1
183584 1
283768 0
284979 0
184341 0
230470 0
111418 0
180588 0
188537 0
230414 0
101217 1
101055 1
265853 2
265901 1
265960 1
266057 1
265906 1
265858 1
267917 2
124601 1
081232 1
067912 1
064929 1
155257 1
152910 1
152871 1
064592 1
123999 1
183611 1
183557 1
124437 1
124420 1
124341 1
124344 1
016988 1
124181 1
156914 2
012743 1
155621 1
151189 1
123995 1
235905 0
123940 1
083131 1
163117 1
267709 1
079186 2
068308 1
013006 2
202794 0
167884 1
182325 1
087754 1
087843 1
187357 0
069434 1
102607 1
015300 1
180547 1
064841 1
177696 1
168926 1
183179 1
162727 1
176990 1
176986 1
176984 1
177912 1
176780 1
256381 1
187072 1
176827 0
187053 2
085386 1
176686 1
176636 1
013067 2
179932 0
064435 1
082812 1
092976 1
124260 1
169181 0
263808 0
066723 1
060335 0
167592 1
164101 1
164016 1
082809 1
285889 0
289969 1
287864 0
188309 0
167643 1
167641 2
064429 1
192511 0
064878 1
170154 0
192546 0
257002 1
187286 0
189836 1
187379 1
187358 0
287860 1
188423 0
188392 0
188347 0
176981 1
176972 1
176971 1
176980 1
163112 1
090333 2
084935 1
087835 2
177672 2
177671 2
079221 1
289955 1
163792 1
082805 2
249427 1
182330 1
176649 1
260844 1
069203 2
102376 2
069248 1
102421 1
198890 0
152720 1
150737 2
288712 1
288721 1
263682 0
123992 1
167593 1
167594 1
160995 1
160970 2
077806 0
018716 2
067599 1
185092 0
082766 1
068337 1
099605 1
005863 0
076974 1
076973 1
086196 0
288776 0
124425 1
287271 0
168088 1
289802 0
229773 0
124130 2
015059 1
109561 2
066802 1
066524 1
039138 0
123925 1
124257 1
124248 1
124467 1
124470 1
164226 0
064893 1
067093 1
067099 1
070355 1
103528 1
082658 2
082597 2
276135 0
124616 1
124550 1
012958 1
182336 1
077132 1
124337 1
189837 2
189849 1
013466 0
030552 0
179479 0
177070 1
177013 1
124234 1
064850 1
086867 1
086368 1
196090 0
174991 2
066225 1
257787 0
229847 0
018989 0
198885 0
287283 0
257786 0
164154 2
164157 0
164115 0
257785 0
070356 1
103529 1
070389 1
103562 1
124548 2
124097 1
124135 1
167584 1
189838 2
167942 1
007938 1
121351 1
184311 1
184304 2
083034 2
144269 1
011048 1
160074 1
160046 2
021587 0
114210 1
114068 1
030649 0
192796 1
079032 1
082869 1
076916 1
076921 1
175367 1
120333 1
169673 1
174742 2
174992 2
170381 1
170384 1
170347 1
170349 1
170422 1
170425 1
170426 1
152127 1
267704 2
267710 2
267701 1
167602 1
167603 1
167582 1
014829 1
125888 1
155665 1
188064 0
187227 1
077286 1
077279 2
071481 1
104654 1
071514 1
104687 1
071482 1
104655 1
067251 1
065886 1
077124 2
077187 1
064460 1
064459 1
289368 1
123736 2
065695 1
086192 1
064409 1
005038 0
175829 1
285092 1
064468 1
124427 1
189577 1
167886 2
167928 1
066137 1
187891 1
064599 1
130839 1
187267 0
124428 1
179799 0
064924 1
076246 1
187334 1
005963 1
167742 0
131752 1
064474 1
187186 0
188246 0
190044 0
119427 0
188071 0
179803 0
190042 0
071513 1
104686 1
174739 1
065865 1
123726 1
123743 1
285209 1
120293 1
075854 0
130800 1
086184 1
187328 1
189530 2
168506 0
130846 1
130899 1
130885 1
160565 1
180230 2
180232 1
183372 1
078716 0
210827 2
210842 1
210816 1
107719 1
191253 1
128439 1
276204 1
123091 1
082087 1
114249 1
000359 1
000415 1
130808 1
066088 1
150565 1
124487 1
149428 1
108750 1
014506 1
066462 1
076961 0
123997 1
101872 0
021798 0
186853 1
168076 1
196181 0
162512 1
178513 1
112991 1
184878 0
141955 1
141920 1
124063 1
167590 1
167591 1
166962 1
166963 1
082974 1
170352 2
157242 0
167685 1
167805 2
080223 0
071373 1
104546 1
185881 0
265959 1
266056 0
033495 0
178296 0
064557 1
064588 1
068895 0
196783 0
252843 1
001597 1
175542 0
167525 1
167526 1
064467 1
182363 1
115027 2
154808 0
187317 0
064860 1
064523 1
064839 1
064848 1
036195 0
038782 0
064785 2
028764 0
124354 1
284522 1
000716 0
210121 0
184877 2
018198 2
167585 1
167509 1
071360 1
130836 1
104533 1
071351 1
104524 1
152824 1
102079 1
016844 1
152833 1
102027 2
102074 1
102113 1
102115 1
178322 2
178331 2
178332 2
182908 2
176632 2
176633 2
176678 2
007261 0
130817 1
151170 1
016864 1
130835 1
130810 1
128151 1
015769 1
128430 1
016850 1
000304 1
016972 1
151090 1
167788 1
000391 1
123536 1
222775 1
000298 1
130852 1
000302 1
150624 1
000327 1
017179 1
149956 1
167686 1
003165 0
166961 1
284568 1
284548 2
064530 1
151379 2
252856 2
130847 0
167583 1
167604 1
167605 1
147460 1
124353 1
210320 1
209843 1
210023 1
178122 1
178107 2
224475 2
180159 2
180223 1
141194 2
141224 2
141234 2
141210 2
173419 1
152851 1
125177 0
064786 1
170354 1
170355 1
066166 2
066131 2
220212 1
011899 0
150759 1
186852 1
086510 0
191910 2
224488 0
201558 2
128446 0
193533 1
221955 0
171828 0
120808 0
134357 0
124768 1
124770 1
130886 0
224670 0
130900 0
102155 2
178464 1
178458 2
099977 1
099971 1
130739 1
130773 1
130811 1
000320 1
141162 2
222653 2
222655 2
130805 1
127536 1
130831 1
130809 1
127879 1
127825 1
151213 1
016858 1
146663 1
124010 1
168934 1
000354 1
130799 1
000323 1
166872 1
130807 1
016188 1
130816 1
000325 1
129718 1
000783 1
148201 1
148202 2
016566 1
124422 2
124438 1
156197 2
000360 1
222923 1
127238 1
154071 1
000312 1
130806 1
015580 1
130896 1
000390 1
224441 0
124466 1
000326 1
130818 1
222739 1
130850 2
130853 2
130859 1
000299 1
130843 2
151304 2
151291 2
016824 1
016859 1
016841 1
172998 1
016803 0
218213 1
000435 2
015790 1
182260 2
182189 2
150303 1
177196 1
173426 1
173496 1
149316 1
255761 0
009518 2
121979 2
121978 1
000594 0
153022 1
010778 0
064640 1
133623 1
066249 0
167579 1
167596 1
167597 1
164017 0
187204 0
128248 0
000353 1
004041 2
158450 0
064840 1
126815 0
017433 0
141460 0
033571 0
164120 0
130837 1
133034 1
145836 1
130869 2
000322 1
017182 0
123892 1
130801 1
129868 2
129869 2
129874 1
164995 1
151137 2
151133 2
130655 2
130672 2
130639 1
130628 1
151124 1
130747 1
130840 1
130802 1
000356 1
016987 0
015597 2
015726 1
130833 1
000431 1
124186 1
016933 1
150908 1
013144 1
218222 1
150087 0
175538 0
016546 1
150379 1
000297 1
150985 1
150658 1
150677 2
150679 1
017086 1
179268 1
000318 0
064273 1
192165 2
192166 1
151602 1
124015 1
170337 1
150720 1
006838 1
109018 0
183530 1
070966 0
076611 1
017336 1
199396 0
064818 1
223926 0
007401 1
064619 1
064512 1
042401 0
065045 1
006290 1
167576 1
167577 1
167559 1
144431 2
143300 2
130821 2
099255 1
251938 0
151231 1
143610 0
231898 0
275089 0
016948 0
064881 1
197744 1
221504 1
221525 1
166302 0
227949 0
052192 0
068019 1
146942 0
000398 1
176393 0
173060 0
199395 0
104139 0
130812 1
149955 0
175397 0
166305 0
174651 0
174838 0
150681 2
150690 1
143297 2
143268 2
143200 2
143197 2
010762 1
219338 1
219463 1
137552 2
137603 2
150323 1
130830 1
064900 1
150425 1
150434 1
125425 0
124026 1
003174 0
152047 1
152057 1
136265 1
012680 0
187496 0
010497 0
000620 0
019973 2
064782 1
282202 0
221503 0
156726 0
218734 0
192469 0
064598 1
168181 0
128349 1
005454 1
120009 1
086107 0
016963 1
270881 0
150766 0
145787 0
202799 1
066388 1
066332 1
149398 1
149400 2
147305 1
154974 0
125922 0
206828 0
124117 1
124093 1
124082 1
130544 1
000418 1
155748 0
284672 0
034372 0
006698 0
107878 0
009345 1
121815 1
064796 1
124455 1
064520 1
196906 2
276940 0
124273 0
019849 0
162032 2
162076 1
124351 1
232764 0
130813 1
000358 1
084937 0
112010 0
065833 1
167000 1
126540 0
187696 1
187508 1
084994 0
066529 0
252665 0
221524 0
126522 0
014809 0
282212 0
086134 0
155729 0
187524 0
087834 0
270889 0
125909 0
155747 0
270935 0
155744 0
000319 1
196845 1
195702 0
187707 1
124352 1
133118 2
133104 2
133098 2
133129 2
133173 0
111105 0
200283 0
082078 1
188295 0
170877 0
124615 1
092305 1
092310 1
133099 0
064908 1
173343 1
124614 1
015637 1
065655 1
064928 2
014590 0
124191 1
124145 2
257088 0
075809 2
151450 1
013250 1
136316 0
236572 0
082840 1
134091 1
187855 0
243984 0
152501 0
123650 1
059384 0
002230 0
124447 1
098458 1
098456 1
098457 1
098601 1
098561 1
037819 0
088180 1
088349 1
133159 0
093433 0
070104 0
098296 0
187382 1
149876 0
208151 0
064427 1
000308 0
222522 0
074949 0
223600 0
192309 0
015317 1
125416 1
201610 0
123700 1
124142 1
066419 1
064347 1
000527 1
127090 1
071706 1
104879 1
124330 1
012257 0
017036 0
210679 0
182587 2
182596 1
076086 0
195562 2
133187 0
127103 0
136317 0
133091 0
149860 0
187882 0
133092 0
093449 0
070120 0
135961 0
127033 0
103277 0
094482 0
127072 0
103293 0
127041 0
127066 0
098608 2
088178 1
082159 1
082847 1
076133 1
149620 1
087216 1
092838 0
089470 1
151233 1
232370 1
232240 0
003641 0
077221 1
018023 0
224229 0
192539 0
082192 1
082197 1
118328 0
143586 0
068659 1
111434 1
111433 2
111432 2
111773 1
070882 0
081761 0
124397 1
155338 1
127371 0
064270 0
199662 0
268762 0
187625 1
173852 1
095462 0
017691 0
164663 0
124442 1
006314 0
009907 0
077880 0
018915 0
123823 1
201860 2
065855 1
241672 1
241659 1
118773 0
155432 1
136219 0
068765 0
187653 1
087004 1
231938 0
227285 0
167458 0
086220 0
276088 0
078480 1
182006 2
181990 2
181960 2
082999 1
269869 0
126335 0
067770 1
124516 1
155599 1
037104 0
036145 0
005967 0
025691 0
124255 1
065288 1
116106 0
143550 0
216832 0
148562 0
160282 0
190649 0
056276 0
087065 0
003935 0
005483 0
104055 0
004302 0
158865 0
064264 0
192544 0
230347 0
136246 0
167447 0
127369 0
081725 0
070870 0
086239 0
118433 0
104043 0
124392 1
127089 1
124371 2
124217 1
124220 1
087185 0
126882 1
123709 1
124205 1
111388 2
091236 0
127225 0
077709 1
077354 2
143462 1
112948 1
014827 1
125890 1
195688 0
123555 1
124872 0
234952 0
064485 1
165939 1
054313 0
006451 0
136637 1
259120 0
029797 0
060613 0
124395 1
062499 0
064390 1
100528 0
138805 0
130564 0
147688 0
287866 0
262596 0
002444 0
192276 0
224476 0
064391 1
064824 1
189259 1
109967 0
039180 0
184890 0
197811 0
287834 0
180076 0
009187 0
037030 0
200239 0
173308 0
024302 0
011384 2
065985 1
108469 0
192475 1
071001 0
081826 1
175698 0
117160 0
069549 0
185055 0
007186 0
076919 1
076915 2
162383 1
253422 0
199622 0
134772 0
184927 0
287586 0
167599 1
070629 0
081171 0
070917 0
285754 1
024701 0
147029 0
182514 1
182516 1
127134 0
088518 0
087175 0
223730 2
130604 0
121669 0
117158 0
104174 0
102722 0
147684 0
103802 0
127064 0
070940 0
104090 0
127002 0
104113 0
167600 1
167581 1
192476 1
066001 1
124384 1
124390 1
084024 1
149794 1
182513 1
109215 0
178741 1
128322 0
123968 1
124013 0
124408 1
000075 0
024781 0
126933 0
170863 0
014815 1
125903 1
064470 0
064863 1
123967 0
189258 0
189184 0
030973 0
092126 0
230114 0
070305 1
103478 1
078623 0
192224 0
187666 0
001265 0
257383 0
066296 1
161169 0
178580 0
223680 0
276130 0
101448 0
159566 0
040907 0
082120 0
159766 0
024116 0
128641 1
128640 0
009767 0
141567 0
099024 0
189591 0
087855 1
111143 0
193012 0
050033 0
082238 1
135060 1
101076 0
087336 0
058587 0
276308 1
082918 0
192274 0
146480 0
077612 0
192198 0
258539 0
159190 0
152461 0
086458 0
230144 0
233088 0
030753 0
192169 0
224440 0
078051 0
123777 0
263213 0
128241 0
154292 0
081605 0
092282 0
066496 0
128302 0
223922 0
077601 0
030976 0
230067 0
122163 0
050040 0
192389 0
258545 0
233105 0
024745 0
152436 0
050047 0
258509 0
258530 0
070303 1
103476 1
082233 1
135042 1
135044 1
135035 1
124424 2
124432 1
148289 1
150247 1
150246 1
149281 1
131640 1
131641 1
131643 1
134626 1
130160 1
018271 1
128914 1
017867 1
129194 1
137577 0
151961 1
177121 0
149829 1
075564 1
086749 0
127383 0
123878 1
130079 1
130074 1
189194 0
206885 0
117379 0
004701 0
218147 0
079268 0
139588 1
064739 1
180994 0
124349 1
181942 0
029337 0
079404 1
017150 0
176324 1
006779 0
036824 0
064526 1
144872 0
044649 0
054262 0
238514 0
099016 1
153567 0
290024 0
288181 0
124216 1
124219 1
124283 1
030620 0
015729 2
187399 1
117200 0
258323 0
187264 0
006139 0
064448 1
140175 0
154635 1
173808 2
181367 0
002365 1
095460 0
065755 0
033502 0
065512 0
038568 0
186569 0
172408 0
030664 0
010949 0
047562 0
131189 0
157342 0
286968 0
061477 0
087881 0
151952 0
258324 0
220654 0
233720 0
030613 0
036830 0
118937 0
127591 0
157343 0
117459 0
258392 0
118906 0
131671 1
130720 1
064521 1
130073 1
133528 0
124360 1
099025 1
099032 1
099033 1
099030 1
099154 2
232755 1
173809 2
173835 1
079197 1
011700 0
131900 1
133163 0
017495 1
129432 1
098558 0
201768 0
064245 0
017249 1
129633 1
133876 0
284825 0
160244 1
250826 1
196153 0
009891 1
122237 1
124812 0
074668 0
199294 0
011263 1
122687 1
124433 1
124118 0
064768 1
123986 1
011314 0
117449 0
014953 1
125782 1
176882 2
182414 0
064671 1
124861 0
061852 0
239393 0
149893 0
271237 0
076316 0
188612 0
066337 1
147469 0
124326 1
102004 0
064879 1
013765 0
033138 0
155849 0
124957 0
192982 0
192545 0
204211 0
195152 0
074702 0
018767 0
132823 0
202148 0
067817 0
136057 0
085772 0
127973 0
133806 0
136924 0
122821 0
146231 0
102048 0
049956 0
284817 0
146549 0
199330 0
193042 0
271148 0
098590 0
133449 0
145105 0
284818 0
136240 0
101996 0
122721 0
074812 0
199391 0
122720 0
284826 0
102015 0
136229 0
232721 1
124333 1
039348 0
066227 0
122701 1
011317 1
122702 1
035014 0
114223 0
049909 0
230960 0
066145 1
031955 0
018429 0
161007 1
