015550 2
256745 2
229282 2
237717 1
261321 1
261323 1
261316 1
279149 2
279138 2
261985 2
265002 1
265000 1
136599 2
136280 2
181705 1
181708 1
181750 1
181748 1
181844 1
145670 1
141250 2
141247 2
141246 2
141136 2
141135 2
211729 1
211747 1
147481 1
189986 2
184504 2
189857 1
163047 1
165852 1
180000 1
279102 2
279100 1
151509 2
151525 1
151484 1
149124 1
157225 1
133573 1
177035 0
135806 1
135692 1
135686 2
115260 2
224835 1
182204 2
077162 2
070775 2
103948 2
070591 2
103763 2
225696 1
225698 1
225702 1
218031 0
239891 1
182663 2
013309 1
013738 2
008965 2
141752 1
016620 2
152523 1
150316 1
150344 1
159780 2
002420 1
176596 2
176602 1
220310 2
146972 1
207260 0
153089 2
156034 1
002421 0
153042 2
255471 2
131480 2
151074 1
087737 0
162873 0
171394 1
264381 1
264471 1
159219 2
155555 1
155556 1
155623 2
264906 2
265061 2
265060 2
170988 2
157151 1
157104 1
199005 1
101618 0
221966 0
142319 1
136730 2
003780 2
150102 1
150104 1
155452 1
070599 2
103772 2
079924 2
093487 2
083004 2
083008 2
083022 2
095839 2
070852 2
104025 2
092708 2
077177 2
097977 2
115251 2
093036 2
093244 2
083044 2
067073 1
067114 2
126685 2
199007 1
199034 1
199016 1
225567 1
141663 1
176758 1
176769 1
176770 1
000937 2
196162 1
195543 2
190623 1
192637 2
191574 2
190344 1
190337 1
190437 1
190432 2
176659 1
176629 1
197801 1
197807 1
142330 1
142325 1
153048 1
183526 1
142237 1
179913 1
002983 2
001528 2
019394 0
155981 1
016457 2
136642 1
136649 1
199539 1
199647 1
195538 2
190510 1
192639 2
176787 1
222114 1
163705 2
196969 2
153097 1
183977 2
237720 1
016535 1
222048 1
001111 1
176946 1
176951 1
190492 1
232886 1
173126 1
252112 1
013648 2
008552 2
151946 0
002496 0
153092 1
159781 0
014584 2
255391 2
265218 1
156377 1
014177 2
153176 2
155917 0
192189 2
191490 1
191464 2
164782 2
174882 1
190511 1
195535 2
190482 1
192646 2
095838 2
092705 2
097951 2
183565 1
093245 1
093238 2
191652 2
191481 2
222425 1
197766 1
190517 1
200812 1
195548 0
288894 1
288946 1
085214 2
085220 1
085215 1
087837 2
255290 2
130184 2
130374 1
222049 1
148675 1
235767 1
184974 1
202462 2
145337 1
065410 2
126648 2
157383 1
158638 1
254551 1
067177 2
147385 1
002672 1
147384 1
188673 1
189381 1
188663 1
188662 1
189382 1
159233 1
193141 2
016699 1
150080 1
252700 1
190819 1
016628 2
154870 1
162050 1
018537 0
001559 2
145705 1
169026 0
156624 1
002694 2
259898 1
259909 1
197060 1
242264 0
152446 1
152438 1
185093 1
185143 1
154742 1
279061 1
196967 1
196838 1
225556 0
138310 2
255463 1
169151 1
158236 1
155534 2
004558 1
164374 0
185746 1
136790 1
136794 1
141183 0
215314 1
220292 1
224581 1
182112 1
177153 1
225621 0
195549 0
169012 1
242266 0
195547 0
141184 0
164360 0
195546 0
148003 0
124314 0
084902 1
014462 2
014530 1
147495 1
157978 1
157982 1
157943 1
156613 2
158305 1
181930 1
148134 1
015236 0
154719 0
167069 1
159744 2
159745 2
159758 2
159920 2
159921 2
000537 1
258385 2
182104 1
181479 1
154129 2
170817 2
170835 1
190416 2
177332 2
156612 2
130154 1
138242 0
248737 0
231765 1
131249 2
242140 1
176765 1
134023 1
134013 1
252287 1
014543 2
176303 0
234265 1
145655 1
217698 1
217871 2
217877 2
220096 2
220105 2
220711 2
220716 2
218693 2
013665 2
235220 2
156565 1
157143 2
210828 1
044638 2
231685 1
231684 1
010435 1
142411 1
190294 2
175741 1
016710 1
228038 1
154542 1
202452 0
001565 2
190560 2
002124 1
154560 1
161271 1
161164 1
008506 1
037750 1
215724 0
177133 0
153138 2
211493 1
024366 0
260060 0
194309 1
220181 0
227794 1
017553 0
232158 1
183937 1
227557 1
045407 0
136518 1
009625 0
208227 0
137542 0
126057 0
009195 0
126154 0
127671 0
176184 0
125504 0
176214 0
160464 2
160744 2
160745 2
134021 1
194306 1
190302 2
190568 2
190702 2
190911 2
192628 2
179648 2
258341 1
163163 2
163104 2
140620 1
117689 0
232131 1
255354 0
158874 1
159008 0
183933 1
014058 1
146563 1
227680 1
231614 2
037650 1
037660 1
255433 2
255403 0
231467 1
157137 1
156553 1
001530 1
000952 0
263543 2
254552 0
134010 1
134263 1
131991 0
153782 1
220259 2
202662 1
202687 1
061119 0
150928 1
016926 1
223910 1
223900 1
223909 1
179127 1
185745 1
261386 1
261396 2
152259 0
226396 0
145400 1
145398 1
190561 1
154696 0
142247 1
155931 2
144073 1
184004 2
240349 1
234956 0
142874 1
159436 1
278634 0
002813 2
282297 0
131208 1
000143 1
227798 2
219371 1
148120 0
001560 2
190235 1
019042 2
158605 1
136337 0
288988 1
288934 1
227906 0
236017 1
