238411 0
233640 0
269056 0
082766 0
266911 2
266308 1
236366 0
231857 1
196905 1
197225 1
197226 1
230770 0
220420 2
255934 2
255945 2
255948 2
223029 1
223022 1
223023 1
223325 1
255389 0
218536 2
255912 2
240617 1
240583 1
213100 0
197532 0
238097 0
131685 1
141915 2
141939 2
141912 2
006435 2
138350 1
130337 2
130357 2
130371 2
017038 2
196309 0
223369 1
238035 0
162184 0
212162 2
212167 2
211172 1
203124 1
201475 2
201474 2
201337 2
222788 0
250537 2
250695 2
256543 2
256635 2
196356 0
220497 0
238207 0
255274 2
079631 1
003475 0
269062 2
268978 2
269284 0
257506 2
257022 2
064895 2
201566 2
201550 2
225583 0
269014 1
269737 0
269135 1
269109 1
269037 1
268985 1
269219 2
269138 1
269022 1
269616 1
281452 1
232686 0
196208 0
205653 0
252142 0
207193 0
278862 0
222787 1
269363 2
196578 1
196319 0
196579 0
269742 0
233660 0
196297 0
238033 0
196603 0
207237 0
252188 0
206995 0
207281 0
223031 1
006608 0
223028 1
223019 1
220465 2
201707 2
201712 2
201791 2
205360 1
203131 1
150514 0
220423 2
220484 2
220483 2
203701 1
204547 2
204651 2
204937 2
215692 0
269604 1
201603 0
064885 0
214158 2
214163 2
196602 1
196355 0
199777 1
213686 0
263564 0
194954 2
269254 2
196998 0
266333 1
266375 0
138405 2
131696 2
131700 2
131713 2
131701 2
131790 2
131884 2
002207 1
133019 2
130860 2
130864 2
130877 2
130871 2
130898 2
196091 0
133944 2
002886 2
151652 1
151676 1
151649 1
151658 0
139763 0
155674 0
097596 0
133308 0
151646 1
141131 2
141101 2
114830 0
129994 2
138769 2
196095 2
253060 0
200375 1
224126 1
155909 0
079638 0
200540 0
264605 0
150071 0
254778 0
098053 1
144135 2
157353 0
144328 0
266378 1
007318 0
102075 0
213570 0
150081 0
170993 1
139726 0
150512 0
093115 0
094765 0
101385 0
196058 0
115046 0
139718 0
076236 0
152039 0
114722 0
150066 0
150072 0
150067 0
115051 0
140262 2
140220 2
131772 2
144271 2
144270 2
144100 2
143960 1
144128 2
143958 2
143927 2
143938 2
143467 2
142750 2
143165 1
142751 2
143182 1
142745 1
143415 1
143421 2
143420 1
142691 1
140176 2
140186 2
133368 2
141082 2
141100 2
002264 0
214144 2
144569 2
144617 2
144564 2
144556 2
144582 2
141345 2
141332 0
131925 2
144810 2
144853 2
139396 2
139314 2
139765 2
131570 2
131578 2
131574 2
131576 2
131575 2
131876 1
144175 1
144164 1
144183 1
002889 2
134000 2
002741 2
132655 2
130952 2
134832 1
134064 2
002927 2
129989 2
129809 2
129992 2
129987 2
129937 2
129934 2
130257 2
130265 2
130230 2
130251 2
130253 2
134896 2
002447 2
129880 2
130116 0
130844 2
226533 2
226463 2
144134 2
144160 2
224094 1
224124 0
138749 2
131761 2
131763 2
131608 2
131609 2
131587 2
131600 2
200380 1
139837 0
269112 0
199803 1
199759 1
222593 2
270247 2
270249 2
219128 1
131661 0
224096 1
269216 2
139789 0
139727 2
139517 2
139399 2
139522 2
139296 2
138803 2
139211 2
138943 2
138915 2
138913 2
138931 2
138854 2
138843 2
138816 2
138867 2
138810 2
006573 2
130244 1
130243 1
135019 2
132786 2
132821 2
132780 2
132779 2
134997 2
134905 2
133670 2
133984 2
132678 2
138983 2
133660 2
002682 2
129849 2
132060 2
129808 2
129807 2
129729 2
129712 2
129834 2
133812 2
003607 2
134895 2
132693 2
132694 2
144945 2
144948 2
144954 2
144956 2
144952 2
144935 2
139067 2
132044 2
133780 2
132446 2
002765 2
138981 2
130280 2
133980 2
002890 2
133999 2
006734 2
134068 2
134093 2
002928 2
134073 2
144724 1
144725 1
144722 1
144721 1
144632 1
144650 1
140263 2
211720 0
140394 2
138848 1
136686 2
131611 2
131588 1
132554 1
275837 2
275773 0
138394 2
161721 2
130487 2
130491 2
150966 0
199804 1
010966 2
144048 2
144060 2
144053 2
144054 2
199784 1
199745 1
131748 2
240494 0
130167 2
147406 2
222592 2
219118 1
138797 2
013779 2
144968 2
133638 2
133779 2
133794 2
133755 2
006634 2
134830 2
134837 2
138990 2
136638 2
139198 0
130495 2
130497 2
130511 2
138393 2
131805 2
138390 1
137392 2
136475 0
147416 2
147423 2
226421 2
138973 2
132459 2
132419 1
147614 2
147609 2
147589 2
132543 1
136931 0
132431 1
130909 1
131799 2
130704 2
130522 2
130696 2
130518 2
130698 2
140972 2
140973 2
140960 0
137072 1
147720 2
130401 1
130454 0
138767 2
130092 2
130088 2
138632 2
138636 2
138525 2
138955 0
139987 2
139977 2
139965 2
139134 1
143408 2
138748 2
115297 2
008264 2
138507 1
139758 2
131726 2
192783 2
069628 2
102801 2
069567 2
102740 2
069649 2
102822 2
147566 2
132642 2
132644 0
132559 1
145922 0
144590 1
177432 2
132166 1
132147 1
132159 0
130756 1
130798 1
131028 0
135993 0
129127 0
132148 1
132150 1
132152 1
132168 1
132153 1
139439 1
136916 0
145928 0
018000 0
136929 0
129109 0
136914 0
136825 0
130711 2
006624 2
131565 2
006417 2
192731 2
114662 2
114660 2
006299 2
006436 2
141169 2
131717 0
205350 2
205351 2
130751 1
130722 1
130824 1
148166 2
009964 2
202756 0
136933 1
006064 0
138686 2
069824 2
102997 2
085633 2
196670 2
196668 2
196661 2
213024 0
132146 0
115802 0
132555 1
197336 2
197365 2
266707 0
196522 2
196366 2
012079 2
122892 2
147360 0
148775 0
137299 2
144420 0
129379 1
129378 1
129372 1
129371 1
129375 1
129374 1
129376 1
129381 1
017632 1
129355 1
129373 1
129014 2
255577 0
197885 2
115341 1
115349 1
137183 0
138498 0
012785 2
146129 2
147055 2
195482 1
250880 0
130061 2
000755 2
132384 2
269160 2
220112 2
142111 0
240261 0
132129 0
130758 1
097146 0
280878 0
133182 2
132160 1
132164 1
132161 0
147404 2
220506 0
220654 2
256122 0
167791 0
143317 0
132145 0
222313 0
145015 0
202757 0
266709 0
213872 0
142119 0
115725 0
202755 0
250808 0
013729 2
222299 0
142024 0
129441 1
129456 1
129434 1
129452 1
129447 1
129448 1
115354 1
115381 1
018274 2
128911 2
129019 2
133191 2
133169 0
123283 2
123302 2
220660 0
109034 2
006388 2
196655 2
196646 2
189130 0
140920 0
151698 0
167296 2
167297 2
167248 2
167201 2
147850 0
232400 0
195404 2
195378 2
195349 2
101241 2
101245 2
101246 2
101243 2
101252 0
006369 2
138575 0
141986 2
225613 0
255359 0
015179 0
255923 0
150026 0
199778 1
199491 2
131663 2
101924 0
196769 0
201536 2
157909 2
140730 0
161269 2
131860 1
131865 0
196886 2
131084 2
018195 2
128964 2
202105 0
141583 0
215715 0
173785 2
194183 2
194176 2
194219 2
195268 0
171700 1
171709 1
199638 2
199604 2
150585 0
197822 2
147086 0
131580 1
005969 0
076131 2
177430 0
225970 0
101256 0
061673 0
154218 0
219124 0
140369 0
158022 0
133167 0
182760 1
014308 0
125566 0
232406 0
138576 0
196730 0
215719 0
202104 0
101939 0
138543 0
196748 0
215712 0
215706 0
195236 2
195228 2
195317 2
167146 2
197819 2
195204 2
131013 2
131138 2
131228 2
131235 2
168267 0
192997 1
192939 1
199839 2
171674 1
171708 1
171667 1
171673 1
244696 1
264721 0
099474 0
173789 2
221880 2
217202 0
192846 1
278923 0
201928 1
282633 0
182984 0
132639 0
136170 0
155610 2
155611 2
258822 0
037084 0
194367 2
196680 2
182776 1
257879 0
243613 2
137458 0
058557 2
222490 0
117144 2
117348 2
117375 2
129901 0
261139 0
162711 2
240145 0
243609 0
157805 2
152927 0
202071 2
112572 0
275836 0
197865 2
197863 2
190473 0
010285 2
122613 2
122612 2
152790 0
199203 2
199174 2
194412 2
197932 2
197899 2
196802 2
280266 1
146988 0
253631 0
289520 0
258573 0
108974 0
233904 0
166716 0
241271 0
197180 2
256555 2
253883 1
224562 1
131010 0
170734 2
170668 2
091012 0
168168 0
278925 0
243630 0
168268 0
152791 0
136168 0
166717 0
240136 0
233909 0
091021 0
282637 0
243649 0
282707 0
282713 0
117370 2
199376 2
194304 2
194312 2
194316 2
253886 1
253896 1
224628 1
224620 1
201513 2
210601 1
272657 0
255415 0
177244 0
058497 0
178351 2
178089 0
084138 2
084119 2
130477 0
193696 2
235732 0
198339 2
198333 2
210000 0
130351 0
080274 0
230436 2
230409 2
235792 1
076019 2
075989 2
075516 2
075574 2
075759 2
075502 2
075749 2
197256 2
197966 1
266877 0
158296 2
200458 2
150915 2
160164 2
160208 2
150934 0
008865 0
241272 0
075967 2
231245 1
155497 0
199075 2
199079 2
198537 2
198541 2
198530 2
256706 0
233401 0
231796 0
214487 0
129686 0
233997 0
220383 0
223636 0
129059 0
130228 0
008887 0
256031 0
191302 2
191088 2
166385 0
165442 0
243294 0
138508 2
138503 2
263645 0
133677 0
150967 0
221598 0
002542 2
197176 1
122308 0
199876 0
178091 0
239901 0
230688 0
209385 0
161056 0
058685 2
177274 0
241273 0
255441 1
166386 0
155572 0
139456 2
139454 0
256709 0
155579 0
241097 0
155565 0
075838 2
075913 2
075837 2
199090 2
198312 0
058713 2
197170 0
197930 0
138496 2
006472 2
190459 2
060019 0
002509 0
231163 1
231159 1
255453 0
229021 0
255947 1
270248 2
162879 0
246421 0
095708 0
121933 0
161997 2
161993 2
138952 0
273727 0
131850 0
194849 0
226019 0
155358 0
198307 0
142085 0
211379 0
140037 0
206181 1
207424 1
201197 0
037387 0
196211 2
196210 2
063084 0
042733 0
251187 0
197544 1
156127 1
278168 0
157282 2
143273 0
265046 2
158363 0
131614 1
131612 0
260672 0
135216 0
155508 0
217340 0
061141 2
061437 0
144747 0
140599 0
201960 0
173417 0
253139 0
289855 0
274183 0
196600 1
196598 0
163307 0
194616 0
252539 0
076502 0
034610 0
160247 2
085274 0
213841 0
197366 0
168338 1
045861 0
199086 0
161573 0
008730 0
140826 0
198304 0
200919 0
037581 0
229194 0
194642 0
260570 0
085175 0
163269 0
289854 0
194843 0
034658 0
255418 0
155366 0
229011 0
229357 0
229047 0
229359 0
255944 1
231166 1
255933 1
157258 2
