278758 0
070284 2
103457 2
097481 0
098726 2
098771 2
098707 2
098848 2
051197 0
002688 2
015608 2
182023 0
051107 0
096022 2
096153 2
102009 0
092070 2
092249 2
052689 0
124355 0
285312 0
012267 2
197191 2
197193 2
123285 0
094046 2
093948 2
196637 0
096061 2
102061 2
097696 0
094400 2
094353 2
094245 2
094432 2
098779 2
094027 2
039416 0
064547 2
189109 0
051206 0
067145 0
008728 0
123281 0
102025 1
051092 0
114654 0
064258 0
127161 0
051059 0
202799 0
097474 0
150976 0
270279 0
124350 0
051189 0
176032 0
012799 0
189080 0
080217 0
141581 0
051221 0
087768 0
118256 0
075448 0
150871 0
244079 0
114577 0
051204 0
089193 0
019067 0
278049 0
267312 0
090599 0
051094 0
006556 0
189126 0
267315 0
079079 2
164591 0
224238 0
150980 0
258627 0
281326 0
270349 0
124762 0
282659 0
089242 0
267360 0
267363 0
269371 0
224417 0
270280 0
089288 0
282737 0
215868 0
224501 0
270350 0
224505 0
124761 0
094056 2
094074 2
094081 2
197197 2
096026 2
098801 2
096024 2
096071 2
070151 2
103324 2
093698 2
097949 2
097925 2
097920 2
096207 2
070059 2
103232 2
070056 2
103229 2
070061 2
103234 2
070085 2
103258 2
070108 2
103281 2
070010 2
103183 2
109380 2
109381 0
108202 2
096181 2
096231 2
096201 2
099069 2
099790 0
084567 2
084568 2
084566 2
084559 2
084558 2
084628 2
097344 0
099192 2
098529 2
098620 2
098633 2
098525 2
098508 2
051651 0
175594 2
196375 1
132568 0
097898 0
096043 2
096003 2
096936 2
101189 2
101190 2
101868 0
095978 2
137329 0
092794 0
119685 2
005543 2
120122 2
119701 2
094832 2
097097 2
097101 2
220821 2
220835 2
098850 2
098977 2
098972 2
093044 2
092942 0
092951 2
095005 0
118516 2
091317 2
091286 2
132046 0
114151 2
094388 2
094380 2
076285 2
277403 2
068022 2
157582 0
097345 0
192808 2
110978 2
016974 0
001194 0
099398 0
132572 0
099089 0
089215 0
099382 0
099334 0
084634 2
084626 2
084631 0
098847 2
098810 2
098751 2
096894 2
096002 2
095882 2
096049 2
097857 2
097815 2
097821 2
097808 2
097817 2
095986 2
095958 2
099342 2
099357 0
094758 2
094754 2
094949 1
094377 2
094378 2
094368 2
094369 2
094244 2
094385 2
094379 2
070390 2
103563 2
070341 2
103514 2
098441 2
098505 2
098461 0
098411 2
099647 0
095448 0
098443 2
192823 2
092934 2
096209 2
096206 2
112385 2
111963 2
098366 2
132577 0
094612 2
094558 2
098777 2
098644 2
098629 2
098639 2
099092 2
098784 2
098793 2
099104 2
098097 2
095398 2
095413 2
094587 2
094699 2
108817 2
004171 2
118279 2
098497 0
097157 0
099083 2
084629 2
100741 2
100751 2
100758 2
004419 2
094055 2
094054 2
133951 0
084649 2
032896 0
098409 2
096648 2
117703 2
181843 0
131994 0
086802 0
099515 2
108802 0
064514 0
041509 2
019788 0
065895 2
132006 0
178301 0
180167 2
037374 0
099992 0
131986 0
086693 0
099405 0
099614 0
098059 2
098021 2
098070 2
098020 2
098104 2
097973 2
098029 2
098010 2
098028 2
098068 2
097830 2
097974 2
065912 2
065856 2
117708 2
117710 2
095399 0
101226 2
004379 2
118512 2
101255 0
133940 2
109421 2
070319 2
103492 2
070323 2
103496 2
070285 2
103458 2
070364 2
103537 2
070117 2
103290 2
070424 2
103597 2
070114 2
103287 2
070100 2
103273 2
094389 2
094390 2
094387 0
117564 2
117556 2
098446 2
098413 2
067563 2
067592 2
067615 2
098362 2
098360 0
094178 2
094209 2
095659 2
095745 0
092971 2
096240 2
187021 0
078739 2
113131 0
125036 2
094020 2
094019 2
093973 2
098375 2
098200 2
114205 0
018460 2
128788 2
093912 2
094522 2
096685 2
100245 2
114462 2
114382 2
114384 2
138970 2
260644 2
093892 2
093931 2
093938 2
093941 2
108127 2
097333 2
097335 2
133661 2
131127 2
015251 2
125486 2
086581 2
086596 2
238700 2
097701 0
202627 0
094051 0
074842 2
074864 2
159737 0
244272 0
159729 0
070450 2
103623 2
070494 2
103667 2
093942 2
100034 2
139214 2
067636 2
067649 2
094071 2
094008 2
117575 2
078741 2
078746 2
078772 2
078778 2
146000 2
145974 2
133721 2
078271 2
128871 2
128870 2
128869 2
079654 0
236564 0
086637 2
075008 2
119817 0
100464 0
092937 2
093478 2
140247 2
140355 2
140266 2
128747 2
020886 0
093802 2
108710 2
108729 2
108731 2
098354 0
144933 1
100428 2
100378 2
100279 2
100303 1
116149 0
098797 2
098781 2
096986 0
101555 2
111268 2
111269 2
095614 0
066285 2
144337 2
141038 2
140978 2
092536 2
091983 0
094068 2
095032 2
062130 0
096236 0
069174 0
094550 2
125021 2
094232 0
018169 2
128986 2
252455 0
094490 0
113717 0
156660 0
094310 0
099271 2
097084 0
091982 0
095584 0
116147 0
102347 0
094235 2
233277 0
096235 0
116148 0
156662 0
096983 0
236358 2
128183 0
238028 0
168732 2
168733 2
169567 2
161920 0
288941 0
197138 0
240635 0
237999 0
156661 0
156664 0
140980 2
094973 2
111293 2
094827 2
094729 2
094698 2
094749 2
101412 2
125023 2
094564 2
135085 0
094481 2
095961 2
095937 2
096033 2
018552 1
128739 1
017937 0
129068 0
189892 0
243724 0
065068 2
065101 2
098280 2
064517 2
148104 2
063264 2
063267 2
063058 2
066294 2
155289 2
014186 2
135685 2
279608 0
003267 0
001887 2
132001 2
063759 2
095524 2
112328 2
127702 0
010253 0
079747 0
094848 2
094752 2
093940 2
093889 2
093699 0
098277 0
101791 2
243192 0
100685 0
004518 2
118728 2
169282 0
064669 2
062683 0
098180 0
100286 2
088008 2
141970 2
017676 2
129322 2
126367 1
001330 2
128152 2
132566 0
114787 0
139721 2
126999 2
072263 2
105436 2
098324 2
085145 0
132080 0
132764 0
099731 2
099730 2
133015 0
063105 0
068254 0
005062 2
119461 2
129155 0
099343 2
116110 0
004032 0
175188 0
005294 0
100549 0
132567 0
189910 2
189923 2
243722 0
122580 0
133028 0
098208 0
169287 0
243659 0
119785 0
098321 2
098302 2
098300 2
074433 2
107606 2
087998 2
141527 2
093853 2
093794 2
071377 2
104550 2
071364 2
104537 2
063331 0
087982 2
138061 0
087986 0
071453 2
104626 2
131999 2
131993 2
131996 2
033372 2
100266 2
100241 2
056274 2
117639 2
065663 0
111259 2
110609 2
111530 2
091584 0
095638 2
005703 2
120323 2
111735 0
078237 2
078236 2
078325 2
078345 2
078404 2
098499 0
180514 2
180465 2
189164 2
189169 2
189162 2
189161 2
192032 2
153562 0
124914 2
065032 2
062701 2
001778 2
060989 2
076297 0
009147 2
121639 2
140525 0
052272 0
065854 2
067847 2
065858 2
063851 1
063850 2
065686 2
181536 2
130164 0
133912 2
187114 0
137945 2
138849 0
009871 2
122229 2
184854 2
086654 2
101876 0
007411 0
100571 2
149696 2
098949 2
033675 0
169756 2
145310 0
149695 0
181941 0
066425 0
063416 0
199021 2
119916 0
144985 0
130248 0
153527 0
149742 0
187119 0
130169 0
120928 0
149703 0
005432 2
119989 2
189160 2
137967 2
137991 2
060988 2
064203 2
064219 2
060995 2
064198 2
064162 2
100462 2
100449 2
100459 2
100570 2
133919 2
133920 2
133773 2
111511 2
095600 0
131020 2
131016 2
131014 1
131505 2
131482 2
148908 2
099295 2
009125 0
142617 2
134798 0
098292 0
056677 2
048069 2
048075 2
155560 2
155568 2
256268 2
060971 2
060968 2
011334 2
122716 2
090626 0
168553 2
169771 2
169786 2
169787 2
169746 2
169754 2
169750 2
169744 2
184857 0
268459 2
093951 0
198038 2
198007 2
197928 2
197893 2
120708 1
007217 2
120778 2
120594 2
036482 0
071710 2
104883 2
071684 2
104857 2
109982 0
189118 2
086655 2
099878 2
146966 0
219985 2
068298 0
100798 0
066154 0
110617 0
095086 0
002717 2
046741 0
001990 2
075324 2
075341 2
075588 2
114819 0
098179 0
112596 0
184858 0
066111 0
109960 0
090613 0
146950 0
046690 0
098297 0
095006 0
112572 0
098160 0
146957 0
046903 0
112570 0
112623 0
046669 0
046801 0
131490 2
072189 2
105362 2
131493 2
131460 2
256266 2
256264 2
256259 2
256244 2
128136 2
122714 2
122712 2
122708 2
122690 2
202877 2
202878 2
202529 2
164649 2
164635 2
162048 2
151732 2
152489 2
152457 2
152492 2
142538 2
258755 2
152337 2
152334 2
146800 2
194511 2
201732 2
257529 0
099834 2
099786 2
163927 2
164910 2
224903 2
224901 2
224815 2
224893 2
099293 0
143423 2
143418 2
143414 0
152115 2
110351 2
061662 0
256483 2
152714 2
149386 0
033125 0
006972 2
120597 2
179523 2
279290 2
164228 2
164156 2
099649 2
099588 2
099581 2
142421 2
086741 0
261063 2
143222 0
186742 2
186703 0
060902 2
266398 2
059452 0
119458 0
237341 2
146534 2
152784 0
142410 1
142637 2
137910 0
232460 1
075609 0
098061 2
098056 0
199217 0
240432 2
018853 0
137323 0
098045 2
092710 0
063717 2
012480 2
137519 0
095579 0
256056 0
111267 0
064244 2
099273 0
096401 0
149385 0
119474 0
098946 0
143213 0
152785 0
224816 2
224894 2
224748 2
224743 2
224690 2
224741 2
224759 2
193910 2
193987 2
275361 2
165225 2
144446 2
165988 2
144447 2
144464 2
144519 2
166008 2
146071 2
017392 2
129516 2
190412 0
257559 2
257540 2
257539 2
257534 2
179214 2
163725 2
163724 2
266984 0
261057 2
261068 0
281621 2
138447 0
235939 0
142387 2
142394 2
176683 2
176680 2
233721 1
234100 2
085261 2
085285 2
061054 2
130291 2
146719 2
190368 0
149293 2
009607 2
122050 2
162959 2
163061 2
162985 2
157676 2
068637 0
268490 2
268829 0
240487 2
244562 0
281187 2
011266 0
144461 2
233730 0
117907 2
136132 0
064820 0
195952 2
201468 0
057700 0
090825 0
099248 0
192494 0
094990 2
194936 0
090497 2
142622 1
012499 0
120430 2
005817 2
120432 2
128920 2
219542 2
076870 2
083309 2
272041 0
220815 0
273924 0
198555 0
235950 0
190371 0
138444 0
192647 0
064817 0
233769 0
190295 0
138445 0
266985 0
194942 0
274551 0
274554 0
274552 0
117927 2
017318 2
129572 2
130292 2
130318 2
069170 2
102343 2
077026 2
077029 2
144448 2
163730 2
163727 2
163208 2
259558 0
167959 2
069740 2
102913 2
281036 2
281012 2
280972 2
280920 2
244452 0
087602 2
076093 2
162827 2
162829 2
159721 2
159716 2
159666 2
159802 2
159806 2
159878 2
159879 2
155575 0
083156 0
195950 2
195935 2
083328 2
083343 2
192455 2
085206 0
137110 0
101633 2
101635 2
116551 2
116967 2
117163 2
002762 0
101209 2
142511 2
142521 2
155996 2
113262 2
035821 0
131746 2
083900 2
086601 2
170092 2
169455 2
258918 0
219441 2
169797 2
169798 2
169781 2
091352 0
201858 2
014334 0
101096 0
162429 2
096761 2
096656 2
182823 2
219616 2
075722 2
102086 0
223292 0
093823 0
243927 0
046980 2
078525 2
093856 0
088978 0
101880 0
255861 0
138528 2
122607 0
226152 0
011947 2
135804 0
018112 2
129046 2
243928 0
259772 0
093772 2
093747 2
085204 0
035811 0
255889 0
259788 0
085103 0
159884 1
159886 0
101669 0
210042 0
177516 2
129078 2
129074 2
162986 2
163062 2
138516 2
219476 2
219372 2
219420 2
046905 2
158434 2
158390 2
086138 0
280215 0
163739 0
009409 2
121867 2
157024 0
160190 0
072109 0
069157 0
010318 2
122637 2
130398 2
154698 2
079592 0
093645 2
001997 0
032200 2
034577 2
092644 0
188852 0
000920 1
098342 0
061365 2
004565 2
004538 2
112134 0
130134 0
138306 2
087980 0
065908 0
157040 0
142441 2
092554 2
097807 2
084521 2
156303 0
251229 0
086015 2
094297 0
139690 2
230742 0
133746 2
287670 0
159722 2
240475 0
113123 0
181501 0
141550 2
083219 2
080931 0
158158 2
199741 2
017314 0
154224 0
260347 0
086157 0
157023 0
065901 0
181611 0
157033 0
130081 0
102330 0
094228 0
092636 0
251259 0
072487 0
157039 0
181471 0
072790 0
073053 0
073313 0
073569 0
073831 0
074088 0
074348 0
105282 0
105660 0
105963 0
106226 0
106486 0
106742 0
107004 0
107261 0
107521 0
004507 2
118714 2
061364 2
061368 2
061383 2
061385 2
138363 2
138334 2
138336 2
092542 2
084690 2
032340 2
032341 2
032328 2
032401 2
083222 2
084692 2
083254 2
083253 2
017936 2
129156 2
129223 2
112868 2
112754 0
242819 0
010474 0
145064 0
070582 2
103755 2
192123 0
139541 2
139618 2
139619 2
138425 2
086514 2
138878 2
007756 2
121178 2
156888 0
007940 2
121353 2
159093 0
097749 0
062992 2
062972 2
029478 2
029520 2
079190 2
079227 2
069841 2
103014 2
284367 0
235247 0
191401 0
132366 2
112092 2
119743 2
020955 0
144525 0
263934 0
188782 0
001120 0
173365 0
150027 0
084391 2
083220 2
230587 0
018477 0
032198 2
121859 2
006934 2
120557 2
170306 0
014257 0
241468 2
241537 2
241538 2
177947 2
184920 0
141249 2
144444 0
231476 0
009233 2
121709 2
270840 0
183235 2
197720 2
017589 2
129394 2
131985 0
001203 0
170250 0
263945 0
020986 0
191971 0
191781 2
191309 0
128770 0
020907 0
170277 0
129397 2
138459 2
138468 2
083279 2
119753 2
005284 2
119772 2
119158 2
119139 2
119213 0
112096 2
177952 2
178726 0
084712 2
084711 2
084714 2
084707 2
017845 2
129219 2
129224 2
129222 2
008402 2
018362 0
119744 2
230643 2
084237 2
030579 0
162409 2
083310 0
252749 0
092526 0
138037 2
053145 2
119236 0
114971 2
114552 2
070343 2
103516 2
070148 2
103321 2
065986 0
145372 0
033130 1
004409 2
118566 2
187313 0
032221 2
058096 2
061345 2
064285 2
064317 2
067893 0
114843 0
052300 2
009408 2
121866 2
173653 0
094229 0
010774 2
018560 0
006933 2
120556 2
007726 0
116573 2
151386 0
062121 0
147441 2
131145 0
151154 2
005187 2
119632 2
112769 2
006872 2
120500 2
082453 0
098447 2
142636 2
142650 2
139416 0
209680 2
088043 2
254873 0
132135 0
171444 0
031972 0
005176 0
092463 2
083302 0
067865 0
119615 0
121156 0
119559 0
252750 0
128729 0
031995 0
083299 0
119562 0
119577 0
083301 0
083300 0
114596 2
114618 2
098423 0
058050 2
058093 2
058014 2
032223 2
032224 2
147420 2
147443 2
147422 2
088044 2
151373 2
079302 0
151160 2
199448 2
199462 2
199420 2
151168 2
060859 2
031159 2
031144 2
070933 2
104106 2
033115 2
033131 0
033351 0
149212 2
114915 2
086283 2
084394 2
062156 0
007070 0
095225 2
095228 0
061340 2
155236 0
155212 0
271292 0
136763 2
146532 0
198524 0
086462 2
061265 0
131654 2
052305 0
051632 0
142106 2
131134 0
132045 2
108711 2
108730 2
108732 2
111794 2
111762 2
085383 2
085355 2
087632 2
058855 0
253372 0
097843 0
085081 0
145419 0
217314 0
002844 1
095217 2
140005 2
042454 2
084041 0
163720 0
168907 0
168684 2
168685 2
066301 0
223994 0
131414 2
131421 0
067216 2
001235 0
270223 0
064614 2
164606 0
069856 2
103029 2
287256 0
039340 2
194115 0
089087 2
041234 0
062157 0
079016 0
053539 2
155213 0
155235 0
198477 0
271476 0
145420 0
146514 0
163726 0
145417 0
071135 2
104308 2
064616 2
064617 2
095230 2
108624 2
114911 0
085623 2
085591 2
149318 2
149319 2
095423 0
283164 2
283178 2
283473 2
133795 2
133536 2
133533 2
133539 2
133543 2
146128 0
018384 0
110582 2
110676 2
099792 2
147674 2
147680 2
018674 2
058789 2
058856 2
128476 0
006630 2
233014 0
032338 2
009035 2
027448 0
228333 0
099527 2
099521 2
099401 2
090835 2
099086 0
144015 0
110350 0
012582 2
271282 2
084945 2
270839 0
135520 0
269126 0
002414 1
171578 2
094344 0
003745 0
110452 2
004198 2
083383 0
126897 2
001054 0
139872 0
132097 2
172968 0
070389 0
232323 0
077315 0
112806 2
139053 0
090133 0
145142 2
255270 2
062733 2
063718 2
093668 2
093659 2
093015 0
134639 0
078631 2
071022 0
165897 0
093054 2
086603 2
083304 0
086939 0
071817 0
017303 0
115150 0
228310 0
128867 0
012795 2
146110 2
103562 0
170942 0
071024 0
129585 0
144017 0
104990 0
129638 0
114863 0
104195 0
104197 0
147638 2
147627 2
147626 2
147651 2
133467 0
112821 2
112834 2
171512 2
171511 2
093035 2
171491 2
271136 0
093010 2
126898 2
016861 0
110550 2
124676 2
124691 2
266836 0
118121 2
118112 2
118111 2
142123 2
142059 2
032407 2
112401 2
010261 0
094525 2
094355 2
141213 2
141180 2
062988 2
062970 2
062946 2
068431 2
114207 2
001307 0
097677 2
064629 0
012090 2
017740 2
129280 2
111377 0
094913 2
015363 0
150615 0
002569 0
145074 0
034164 0
230390 0
145156 0
140197 0
110449 0
147572 2
147559 2
147576 2
032206 2
253210 2
253178 2
148708 0
261062 0
083083 2
275779 2
059978 2
095234 0
095473 2
000329 2
001767 0
008726 2
007437 2
120948 2
128561 0
002384 2
271022 0
228778 0
015129 2
125610 2
033664 0
086487 2
041810 2
004124 2
118235 2
132137 0
033108 2
225504 2
088908 0
098924 0
088055 0
262736 0
125371 0
271137 0
181033 0
064630 0
095231 0
145242 0
110479 0
033595 0
262790 0
145165 0
181034 0
141978 2
000105 0
068432 2
095786 2
094960 0
063001 2
062991 2
063021 2
108847 2
108773 2
108814 2
101039 2
109125 2
010351 2
122672 2
122643 2
122665 2
122654 2
122598 2
122595 2
122547 2
122561 2
011607 2
122798 2
122794 2
122795 2
116772 2
101440 2
101437 2
098450 0
138919 2
138900 2
146709 2
137413 0
094319 2
184478 0
068505 2
081330 2
098612 0
032134 2
225505 2
225522 0
135076 0
114529 0
149140 0
058253 2
058264 2
008411 0
144990 2
133887 2
