088377 0
002679 1
001444 1
091798 0
133632 1
132050 1
133774 1
133770 1
133703 2
133702 2
133709 2
133707 2
132046 1
132839 1
132830 1
003102 0
001458 2
132136 1
258326 0
226431 0
133427 1
159142 0
003207 0
001445 1
131862 0
001024 0
153673 0
131640 0
031768 0
002770 0
273638 0
270239 0
052235 0
268292 0
091636 0
150141 0
043123 0
284346 0
285606 0
014210 0
268251 0
215093 0
001526 0
175958 0
032138 0
268380 0
202240 0
230168 0
025983 0
091797 0
268321 0
027857 0
153681 0
135696 0
034180 0
131641 0
002659 0
268878 0
219392 0
268175 0
031769 0
150094 0
153706 0
066047 0
215087 0
208870 0
268305 0
286399 0
268157 0
255334 0
076236 0
268314 0
268167 0
268366 0
268291 0
150140 0
089330 0
268539 0
255340 0
089355 0
268172 0
286395 0
090603 0
268358 0
268385 0
268188 0
268205 0
278758 0
268877 0
088750 0
268171 0
089341 0
268179 0
268361 0
268178 0
088766 0
268183 0
268173 0
268154 0
268168 0
133642 1
133668 1
132010 1
132008 1
157848 0
133331 2
133302 2
133299 2
133297 2
133119 2
133100 2
133093 2
131953 2
147739 0
133612 1
133611 1
133729 1
133730 1
133723 1
158089 0
132080 1
140098 0
133669 2
133480 1
131319 0
133312 0
131613 0
132135 2
148999 1
149000 0
147895 0
186587 0
169288 0
180609 0
137420 0
140395 0
140124 0
182014 0
133737 0
130313 0
161339 0
148142 0
162939 0
148993 0
183839 0
132677 0
131631 0
133674 0
142926 0
130582 0
127977 0
130320 0
135304 0
157854 0
181306 0
147905 0
184695 0
173061 0
131628 0
140126 0
150577 0
154119 0
147736 0
137421 0
181042 0
161340 0
138309 0
158368 0
131615 0
157973 0
135710 0
151240 0
130297 0
135695 0
130216 0
182032 0
131625 0
140123 0
176882 0
135974 0
186600 0
180459 0
147731 0
131623 0
132592 0
137416 0
131627 0
152540 0
006478 0
169289 0
199789 0
135645 0
158418 0
123878 0
180461 0
192115 0
152530 0
151229 0
153287 0
188415 0
133088 2
133610 2
133188 2
133171 2
133664 2
133675 2
133598 1
133684 1
133365 1
133358 2
133253 0
133665 2
133941 2
002855 1
001109 1
007099 0
007436 0
097530 0
132182 2
132203 2
134045 0
099888 0
131954 2
132020 1
132019 1
132017 1
133252 0
134005 1
134952 0
131975 2
131988 2
142036 0
007046 0
133959 0
178066 0
163967 0
130164 0
133951 2
007044 0
134449 0
158866 0
133015 0
145734 0
002777 0
132039 2
017268 1
128571 1
128620 1
128622 1
128653 1
128655 1
128659 1
125010 0
133138 0
110527 0
108996 0
133866 0
101081 0
135419 0
001580 1
122129 1
122110 1
107706 0
109543 0
001887 0
134915 0
144352 0
112622 0
097897 0
133044 0
133891 0
141143 0
110599 0
018134 2
129018 2
129054 2
129059 1
011293 0
140477 0
002894 0
148508 0
133868 0
142046 0
108500 0
095442 0
000920 0
125009 0
133219 0
135126 0
139656 0
130169 0
142078 0
133828 0
143263 0
140479 0
148707 0
133865 0
140445 0
140320 0
140423 0
009742 1
122139 1
122059 1
133663 2
133649 2
132021 2
131970 1
132922 0
134919 0
128652 0
139214 0
132865 2
132860 2
132952 1
132938 1
132955 0
001459 0
115354 0
132052 1
132898 2
134275 1
132751 1
132685 1
132670 1
011838 0
130356 0
108586 0
188534 0
133915 0
123034 1
139093 0
156534 0
093071 0
134024 0
132396 0
100266 0
133746 1
133721 1
133661 1
133621 2
131733 0
131605 0
150008 0
134330 0
147564 0
099196 0
131028 0
018569 2
128720 2
134108 0
146715 0
134305 0
138970 0
111595 0
138468 0
133389 0
144557 0
115341 0
128658 0
134989 0
130722 0
108585 0
101647 0
066680 0
100241 0
131781 0
134343 0
133660 0
133899 0
131843 0
115381 0
128654 0
133869 0
111579 0
108519 0
130309 0
131731 0
139884 0
131145 0
132150 0
133901 0
108518 0
130412 0
138459 0
111657 0
108625 0
133794 0
115349 0
108196 0
132168 0
131029 0
131875 0
131030 0
133780 0
132166 0
132164 0
133755 0
132159 0
132148 0
132161 0
132666 2
132910 1
132825 1
132824 1
132807 1
132805 2
132803 2
123874 0
123037 0
132858 1
133585 2
009594 0
133581 2
134076 2
133735 2
141911 0
127896 0
117943 0
002717 0
005188 0
097751 0
137070 0
133853 2
133874 2
133871 1
146884 0
262747 0
001242 1
010357 0
181041 0
261782 0
131729 0
134003 0
216825 0
111985 0
102019 0
017688 0
091686 0
132176 0
001131 1
139375 1
125067 0
137993 0
109787 0
108202 0
138307 0
099181 0
133719 0
175594 0
117555 0
110310 0
148183 0
111521 0
133715 0
123876 0
011942 0
034386 0
132286 0
141889 0
124087 0
009029 0
114749 1
127107 0
087548 0
001278 0
012491 0
112385 0
181051 0
112582 0
122148 0
129638 0
129313 0
112757 0
017629 1
129357 1
129405 1
017246 0
130695 0
102051 0
138456 0
018623 0
121539 0
117766 0
261760 0
018215 1
133694 0
069075 0
097734 0
123834 0
009750 0
102248 0
128690 0
122149 0
012394 0
128692 0
122970 0
123906 0
122973 0
012422 0
122975 0
129429 0
114712 0
133200 1
043358 0
179121 0
133841 1
133829 1
002772 2
109011 0
108036 0
009735 0
001240 1
127799 1
017250 0
261991 0
110963 0
258190 0
142314 0
017760 0
178071 0
002488 0
133283 0
133556 1
133555 1
133552 1
017301 0
001135 0
177201 0
006188 0
100794 0
024065 0
193105 0
101650 0
134001 0
191891 0
231334 0
157959 0
014865 0
009072 0
043885 0
129588 0
133348 1
094074 0
133339 0
133376 0
124919 0
117272 1
230432 0
094454 0
091449 0
001140 1
095373 0
137780 0
092764 0
111224 0
099179 0
244652 0
098962 0
179177 0
179120 0
118751 0
137652 0
000634 0
122132 0
108060 0
151093 0
274731 0
154880 0
110459 0
129611 2
156752 0
010369 0
102198 0
142385 0
144524 0
258204 0
110962 0
255879 0
163966 0
125857 0
121575 0
094081 0
122021 0
101639 0
156309 0
157945 0
179106 1
137778 0
221758 0
193112 0
121579 0
162429 0
122131 0
176920 0
255790 0
193133 0
176922 0
122013 0
255808 0
193827 0
133195 1
133582 1
132771 1
129612 0
146481 0
028378 0
097750 0
001062 1
