211696 2
211748 2
181304 2
211698 2
126011 1
014706 1
126010 1
138972 2
120130 1
120139 1
120142 1
120140 1
120156 1
005589 2
120180 2
004783 1
119058 1
011488 2
122751 2
004581 1
118783 1
005575 2
120164 2
120154 2
005599 2
120194 2
009042 2
119613 2
118385 2
005834 2
120455 2
120450 2
120449 2
005309 2
119806 2
119786 2
005371 2
119895 2
119844 2
005132 2
119543 2
004794 2
119072 2
004212 2
118312 2
118940 0
118284 2
118285 2
005130 1
119537 1
123931 1
120960 1
120959 1
007949 1
121364 1
121363 1
007942 2
121356 2
118707 1
118709 0
004575 1
118779 1
118874 2
004676 2
118896 2
004682 2
118908 2
005498 1
120080 1
011924 1
137977 1
142570 1
010509 1
004732 1
118990 1
004677 2
118897 2
142011 1
258283 1
119032 1
120830 1
120865 1
120031 1
005467 1
120033 1
120032 1
119361 1
004994 1
119362 1
118647 1
212613 1
009083 1
277046 0
053397 0
130121 0
004703 1
118941 1
053371 0
017892 0
126332 0
120962 1
120963 1
120968 1
120969 1
007481 1
120971 1
118878 2
122760 1
122761 1
122764 1
122769 1
011550 1
122772 1
004271 2
118408 2
118392 2
118395 2
118393 2
004270 2
118407 2
118397 2
118398 2
130964 1
131017 1
131009 1
131008 1
004273 1
118414 1
004323 1
118445 1
118428 1
133397 1
133396 1
133391 1
002494 1
133473 1
133481 1
011676 1
011697 1
118755 1
118748 2
118751 1
129062 1
011763 1
129996 1
014845 2
125872 2
119071 2
119652 1
119651 1
005250 1
119719 1
005340 1
119848 1
128440 1
014967 2
125763 2
118298 2
119963 2
005227 1
119678 1
147869 1
004863 2
119154 2
015050 2
125674 2
119145 2
119136 2
240277 1
240376 1
237275 1
237753 1
119081 1
005177 1
119618 1
144749 1
144778 1
144716 1
144892 1
172766 1
172765 1
009549 1
147217 1
119177 0
130275 1
285468 1
118589 1
118597 1
004531 1
118743 1
163863 1
118412 1
004321 1
118443 1
120172 1
005583 1
120173 1
119193 1
119178 2
119132 2
285461 1
163859 1
163843 1
124969 1
124964 1
125764 2
015180 1
125565 1
011850 1
124241 0
004818 1
119096 1
005262 2
119732 2
005588 1
120179 1
004422 1
118581 1
237672 1
004909 1
119259 1
010276 1
122605 1
155799 0
065690 0
123232 2
001030 0
011958 1
122873 1
120946 1
120949 1
012508 1
004897 1
119232 1
098876 0
012521 0
004417 1
118574 1
123554 1
004896 1
119231 1
111721 1
111720 1
111712 1
111226 1
007556 1
121047 1
069684 0
118932 0
118105 0
011774 0
145646 1
006915 1
120529 1
101966 1
151208 1
151196 1
146774 1
176031 0
135556 0
004727 2
118988 2
091132 0
009668 0
018264 1
128927 1
126306 1
126300 1
131384 0
123525 1
123526 0
010102 1
122404 1
008024 1
121425 1
122012 0
124743 1
124919 1
124532 1
012102 1
122895 1
131743 1
124359 0
009072 1
121579 1
087372 0
118273 2
131314 1
155794 0
098859 0
065684 1
102857 0
135559 0
155801 0
122088 0
131376 0
176028 0
069682 0
155788 1
102855 0
118572 1
007353 1
120888 1
118502 0
122400 0
121575 1
120077 2
005497 2
120078 2
118987 2
005180 1
119622 1
118501 2
179744 1
179808 1
179748 1
119414 0
011740 1
118735 1
007227 1
120784 1
118904 1
118899 1
118898 1
018451 1
128794 1
112884 2
112892 2
112830 2
124755 1
005214 1
119661 1
011487 1
009601 1
118948 1
005499 1
120081 1
120075 1
120065 1
140690 1
140711 1
008542 1
140682 1
001429 1
119217 1
012037 0
120051 0
131312 0
008003 1
121411 1
009054 0
011978 0
251045 1
251044 1
004503 1
118702 1
118526 1
007894 1
121318 1
121305 1
144627 0
176788 0
124403 1
124478 0
121900 1
149927 1
017188 1
147994 1
222331 1
222433 1
009012 1
121533 1
028580 1
117131 0
148808 0
009049 1
124663 0
008941 1
090298 0
149390 1
011974 1
184751 1
124485 1
118498 0
131301 0
005091 0
144327 0
118500 0
117130 0
122876 0
090384 0
119497 0
144652 0
117112 0
090264 0
144379 0
117058 0
144341 0
011091 0
144374 0
112845 2
119626 1
011739 1
119649 1
118955 1
118983 1
118961 1
149585 1
149471 1
147978 1
147989 1
147494 1
009342 1
121812 1
118976 1
004865 1
119157 1
119107 1
004725 1
118984 1
118778 1
118787 1
012313 0
004525 1
004991 1
119357 1
004500 1
118699 1
006928 1
120542 1
120537 1
119935 2
100257 0
028603 0
121896 1
121909 1
011845 1
009011 1
121531 1
005606 1
120207 1
271954 1
271956 1
028651 0
259688 1
004951 1
119305 1
134106 1
009654 0
137264 0
007813 1
121229 1
123973 1
123970 1
123965 1
123972 1
005794 1
120404 1
109519 2
133698 1
133706 1
147205 0
011904 1
122861 1
007344 0
148263 0
009959 1
285303 0
004349 0
123708 1
004877 2
119181 2
167652 0
124226 0
153083 1
004331 2
118452 2
144800 1
133837 1
062059 1
146476 1
146471 1
011991 1
036470 1
146985 0
100853 1
128370 1
077917 0
155679 0
122075 0
147122 0
028627 0
124233 0
120878 0
118483 0
285313 0
077918 0
028632 0
147126 0
077923 0
009747 1
122143 1
271953 1
005477 1
120041 1
005570 1
120158 1
118698 1
005261 1
119731 1
005260 1
119730 1
013988 1
115485 0
146451 1
014020 1
118657 1
118965 1
144780 1
118967 1
133799 1
133787 1
133833 1
118409 2
004275 2
118418 2
012464 1
122984 1
125194 1
009903 1
122246 1
100852 1
100609 1
101974 0
012128 1
011941 1
145726 1
116622 0
095442 0
004707 1
118950 1
121808 0
128246 1
004752 1
119024 1
127093 1
124310 1
124222 1
145435 0
011894 0
004428 1
118605 1
000812 1
120326 1
119312 0
136652 0
140289 1
118175 1
118115 1
005637 1
120241 1
007503 1
120993 1
007081 1
120677 1
011830 1
243929 1
133008 0
123599 1
123635 1
124611 1
010012 1
007337 1
120872 1
264482 1
264478 1
011269 1
127851 0
011755 0
014987 1
125741 1
036468 1
004532 0
235759 1
139559 1
018174 1
128981 1
012163 0
115409 0
107847 0
130492 0
108060 0
115476 0
099888 0
004982 0
145450 0
118746 0
119343 0
145434 0
115408 0
005790 1
120399 1
120958 1
120703 1
120336 0
124264 1
000863 1
119019 1
123585 1
012438 0
123642 1
123641 1
235639 1
005737 1
120350 1
139561 1
139540 1
139617 1
123503 1
123524 1
124036 1
123654 1
123656 1
009010 1
121530 1
147587 1
147607 1
192007 0
119576 1
119572 1
005383 1
119914 1
010221 0
174037 0
125281 1
015468 1
125279 1
125280 1
252924 1
253238 1
253266 1
253239 0
009050 1
121555 1
135391 0
121554 1
121524 1
101238 0
009780 1
122175 1
087316 0
015404 1
125335 1
253486 1
253585 1
253434 1
253451 1
201259 0
124237 0
109740 1
108793 1
088442 1
088436 1
088424 1
100212 0
094934 1
094929 0
126789 1
005236 1
119691 1
127053 1
007694 0
141586 0
162456 1
120268 0
009561 1
122010 1
009562 1
122011 1
012516 0
099142 1
099113 1
180934 0
091576 0
119491 1
015269 1
125469 1
132116 1
243604 1
243518 1
052621 0
122979 1
122541 0
174092 0
135409 0
122992 0
141695 0
201262 0
180942 0
141286 0
132210 1
132226 1
088369 1
088225 1
108402 1
109774 1
109108 1
108253 1
108286 1
243562 1
086550 0
162452 1
015388 1
117171 1
011916 0
125141 0
086129 1
015166 1
115001 1
114994 1
120713 1
007182 0
097488 0
127204 1
127188 1
124182 1
124034 1
120181 1
005590 1
120183 1
284603 1
284604 1
121234 0
135200 1
124995 1
125187 1
125175 1
176774 1
027344 1
254593 0
001184 1
133085 1
011709 1
123496 1
123470 1
123493 1
124204 1
017366 1
009612 1
122052 1
143821 1
128157 0
141017 1
009005 0
120422 1
062102 0
004859 1
119150 1
119149 0
118386 1
004720 1
118979 1
123242 1
186176 0
010303 1
011751 0
018256 1
128935 1
086672 1
131474 0
111510 1
125595 0
102002 0
009001 1
121518 1
147017 1
068467 0
128793 0
058346 0
119013 1
017220 0
243132 1
088688 1
088687 0
121095 0
258849 0
004385 1
118522 1
011343 1
111541 0
012517 0
086588 0
120750 0
121525 0
062097 0
015158 0
097420 0
129658 0
086549 0
125579 0
124994 0
127189 1
005818 1
120433 1
006845 1
120486 1
120421 1
141013 1
008472 1
141018 1
086361 1
086303 1
123282 1
004263 1
118399 1
142251 1
124261 1
119008 1
109568 1
109462 1
152934 0
159353 1
159634 1
159472 1
159474 0
001903 1
182867 1
009078 1
121586 1
108297 1
109221 1
115142 1
115163 1
243791 1
075781 0
131296 0
079472 1
123224 0
145651 0
193345 1
170607 1
289915 1
165129 1
165130 1
124881 1
124880 1
124916 1
006653 1
139018 1
139020 1
192942 0
147687 0
131873 1
001036 1
113360 1
004601 0
132862 1
126005 0
189373 1
171456 0
120694 1
004432 1
118612 1
259690 1
127178 1
165230 1
165220 1
265436 1
009505 0
011985 1
157994 1
155486 1
155482 1
141844 1
146509 1
082079 0
158218 1
143409 1
011893 0
123754 0
145765 1
004816 1
119095 1
159576 1
007429 1
120942 1
018619 0
064380 1
080017 0
152937 0
121972 0
118801 0
014738 0
082074 0
128697 0
131297 0
118797 0
152938 0
125969 0
126008 0
141785 1
124819 1
141790 1
124854 1
259692 1
116614 0
109081 1
259677 1
259673 1
259671 1
161499 1
161498 1
108946 0
158211 1
005831 1
120452 1
120443 1
120444 1
120442 1
120441 1
157966 1
157937 1
278626 0
264813 0
010179 0
108368 1
108393 1
108289 1
148632 0
186807 1
186805 0
133594 1
101415 0
178175 1
178442 1
212914 1
183274 1
005832 1
120453 1
005815 1
120431 1
137865 1
137798 1
202019 0
265395 1
265415 1
112198 1
112153 0
175297 0
064406 0
148588 1
280013 1
280020 1
288492 1
004942 1
119293 1
287757 0
114389 0
096417 1
165248 0
228422 1
223272 1
128703 0
007266 1
120811 1
174437 0
015264 1
125472 1
125487 1
191172 1
175615 0
258631 0
036450 0
090393 0
009161 0
084931 1
087526 0
166913 1
170420 0
111824 1
111800 0
258285 0
116621 0
232577 0
179181 0
186790 1
186800 0
186801 0
202021 0
122485 0
121652 0
101464 0
258671 0
158607 0
202022 0
258292 0
122487 0
278620 0
158608 0
278552 0
007132 1
120712 1
120695 1
007080 1
120676 1
005826 0
158208 1
157763 0
006338 1
120423 1
288462 1
288491 1
280004 0
129398 1
129395 1
129341 1
129343 1
260616 0
147650 1
140959 1
140956 1
144221 0
004514 1
118719 1
128247 0
114806 0
126082 0
132864 1
132861 1
145839 0
145045 0
183280 0
120439 0
149654 1
133260 1
133261 0
191565 1
191572 1
191570 1
126348 1
125193 0
231149 0
137113 1
137097 1
136328 1
136346 1
136338 1
135649 1
135637 1
135321 1
128841 0
000843 0
225993 0
167141 0
212835 0
120040 1
288037 1
288039 1
027443 0
015111 0
184793 1
047415 0
186142 1
182121 1
243078 0
004469 0
186279 1
018499 1
157800 0
007990 1
121396 1
186859 0
005572 0
289914 1
260713 0
124745 1
059788 0
126191 1
221534 1
131755 1
015235 0
082137 0
187639 0
161550 0
120425 0
157799 0
161551 0
145085 0
114765 0
128860 0
157767 0
231129 0
118670 0
000713 0
280002 0
128239 0
125505 0
120160 0
231151 0
157726 0
135298 1
135283 1
140948 1
121383 1
126365 1
126811 1
260343 0
126659 1
140902 1
124767 1
124771 1
000008 1
125072 1
124975 0
221535 1
131750 1
131740 1
126170 1
002004 1
002015 1
000065 1
145247 0
121340 1
121339 1
121317 1
126915 0
076099 1
141483 0
140933 0
032127 1
032125 1
149706 1
015594 1
136938 0
137428 0
012160 0
150020 1
174487 0
195553 1
195554 1
222652 1
004624 1
118826 1
118816 0
149655 0
009660 0
038806 1
038807 0
014782 1
125948 1
141927 0
151366 1
098963 0
140899 1
140895 1
068881 0
142562 1
142556 1
122853 1
162170 1
162355 1
137443 1
286169 0
278048 1
189449 1
015318 1
125415 1
125417 1
125348 1
125362 1
000029 0
276696 1
140566 0
091265 1
010385 1
152880 1
169408 0
018178 0
149189 0
054426 1
182710 1
168155 1
170197 1
039077 1
176848 0
161841 0
122079 0
136552 0
174450 1
174501 0
124979 1
140722 0
128976 0
068878 0
260304 0
145286 1
169409 0
176838 1
260184 0
068887 0
125950 1
121314 1
015389 1
125345 1
125346 1
222106 1
278128 1
076059 1
076009 1
182768 1
182848 1
142287 1
142166 1
162838 1
163861 0
227207 1
227213 1
227221 1
227224 1
223487 1
223478 1
222988 1
194236 1
010379 1
197538 1
023054 0
142932 0
204137 0
035232 0
096498 0
145583 1
145679 1
164027 1
164021 1
000752 0
153585 1
224948 1
258929 0
227248 0
125901 1
125889 1
000113 0
009204 1
000522 1
052070 0
066960 1
066958 1
066968 1
239051 1
239052 1
152936 1
015332 1
125405 1
189492 1
054476 0
017728 0
192947 0
075650 1
147337 0
141230 0
145851 1
004858 1
119148 1
018250 1
121556 1
121559 0
071973 0
018071 0
069345 0
043744 0
126591 0
131000 0
258977 0
035231 0
097016 1
129294 0
141231 0
129067 0
102518 0
072351 0
131024 0
072654 0
130967 0
072917 0
131033 0
073177 0
073433 0
131025 0
073695 0
073952 0
074212 0
105146 0
105524 0
105827 0
106090 0
106350 0
106606 0
106868 0
107125 0
107385 0
164023 1
239039 1
239010 1
239361 1
239362 1
238990 1
015335 1
125402 1
125403 1
125414 1
015319 1
125413 1
006807 1
009242 1
121718 1
007661 1
121115 1
225169 1
224907 1
224908 1
225166 1
224870 0
145865 1
145892 1
222713 1
191654 1
191099 0
197375 1
197368 1
151403 0
233308 0
007342 0
145678 1
015500 1
125255 1
171676 0
110024 1
005014 0
119133 1
227560 1
125002 1
002992 1
177604 1
177608 0
221167 0
167878 1
222371 1
007285 0
166068 1
015225 0
146161 0
011964 1
123711 1
123801 1
123824 1
198485 1
111062 0
238679 1
239387 1
238615 1
163288 1
108329 1
257570 1
199477 0
002007 0
028011 0
177843 1
177845 1
204214 0
069526 0
115305 1
195557 0
064745 0
169886 0
017912 1
119254 0
169724 0
202439 1
051805 1
211455 0
171403 0
170190 0
154833 1
154859 1
194676 1
221711 1
190348 0
225621 1
151307 0
233294 1
119393 0
120877 0
191355 0
125519 0
102699 0
146159 0
169936 0
119365 0
170191 0
125521 0
167938 1
167939 1
166167 1
166256 1
163321 0
177541 0
257571 1
263904 1
263999 0
051806 1
051828 1
170195 0
148795 1
242843 0
220747 1
220753 0
227441 1
227561 1
227249 0
244017 0
122475 0
006926 0
125001 0
062099 1
194019 1
111197 0
177155 1
071433 1
104606 1
071428 1
104601 1
018081 1
018520 1
017818 1
289288 1
289290 1
289306 1
289305 1
116474 1
116657 1
120470 0
225613 0
065180 1
230245 1
230204 1
024458 0
000076 1
056144 1
056058 1
130820 0
097801 1
100415 1
095631 1
011768 1
134516 0
060447 1
122295 1
125104 1
125125 1
001926 0
011552 0
242712 0
026464 0
005650 0
074799 1
015412 1
125326 1
230912 1
015465 1
125282 1
111932 0
168809 0
015128 1
125611 1
257387 1
257444 1
257445 1
009008 0
064984 0
046042 1
046043 1
100914 0
143498 1
123020 0
136554 1
178576 1
227250 0
243979 0
242872 1
170196 0
120535 0
242725 0
120257 0
026544 0
130828 1
121529 0
243981 0
012548 0
243760 0
121527 0
289326 1
116654 1
116328 0
194012 1
195537 1
195940 1
125126 1
230921 1
257332 0
046273 1
074735 0
125297 1
143456 1
007792 1
007817 1
121233 1
070528 0
065161 1
000115 0
089654 1
125620 0
055155 0
230447 1
230446 1
230435 0
095190 0
007005 1
244210 1
244220 1
244183 1
222309 0
085976 1
085898 1
223476 1
111027 0
148079 1
078186 0
060619 0
116329 0
006525 1
130684 1
070164 1
103337 1
276258 1
276334 1
276311 1
096939 1
096914 1
255483 1
027047 0
078676 0
157562 1
134664 1
004634 1
118839 1
011477 0
216206 0
191680 0
130095 1
000420 1
128070 0
004572 0
177693 1
177525 1
177778 1
177509 1
177515 1
009206 1
009965 1
122296 1
025951 0
078862 0
027296 1
058929 0
278213 0
001427 0
257524 0
005833 0
123869 0
127656 1
145611 0
095630 0
043676 0
139016 1
074539 1
125613 0
116302 1
078472 0
057926 0
257298 0
103701 0
257522 0
118777 0
078934 0
060633 0
078837 0
070474 0
103646 0
078667 0
078924 0
276313 1
016613 1
089628 1
223458 1
089567 0
118836 1
118819 1
118741 0
000342 1
007085 0
138961 1
147616 0
161522 1
161546 1
161549 1
157279 1
157280 1
145246 1
145223 1
276457 1
256383 0
005415 1
119972 1
119971 1
007339 1
120874 1
151864 1
260444 1
260381 1
260412 1
123262 1
123264 1
135206 1
134894 1
034679 1
157130 1
074531 0
182137 1
127652 1
176654 1
241298 1
255910 0
027545 1
168987 0
128610 1
219867 1
219869 1
219831 1
220160 1
219845 0
064833 0
240013 0
182698 1
190064 1
197387 0
125180 1
125063 0
223253 1
153013 1
155826 1
155834 1
278964 1
145268 0
209602 0
287253 1
199928 1
036798 1
035934 0
257946 1
197334 1
095285 0
180843 1
227239 1
146099 0
194680 1
200783 0
257558 1
257555 1
213295 0
149657 1
058008 0
200804 1
200799 1
009243 1
121719 1
005200 1
119648 1
119633 1
119646 1
008039 1
121433 1
075977 0
194205 0
185338 1
147615 0
014575 0
256379 0
169029 0
209349 0
200805 0
119961 1
142765 1
143038 0
190113 1
183055 1
183053 1
183056 1
182989 1
190112 1
183045 1
260198 1
241155 1
257945 0
260153 0
180678 1
180841 1
180683 1
180888 1
180472 1
180478 1
180487 1
015612 1
027546 1
200727 1
199905 1
199898 1
185411 1
185414 1
219799 0
197296 1
149750 1
139019 0
046441 0
117441 0
262796 1
262808 1
262807 1
262969 1
027889 0
257817 1
257807 1
126881 1
182221 1
182247 1
046174 1
046107 1
182733 0
126612 1
004930 0
067142 1
067123 1
190039 1
011181 0
095852 1
095738 1
264476 1
264465 1
264602 1
134270 0
163384 0
127312 1
000134 0
182666 1
088302 1
012148 0
220078 1
075874 0
144645 0
124027 0
128611 1
128469 1
260122 0
198483 0
086490 1
037088 1
186041 1
010568 0
179432 0
231123 1
136612 1
136567 1
060702 1
275937 0
223832 0
004617 1
118818 1
009452 0
221309 0
005469 1
120037 1
017885 0
113190 0
257934 1
257930 0
027892 0
119286 0
134251 0
221301 0
046453 1
121902 0
264600 1
264194 1
264182 0
095886 1
095742 1
095645 1
095617 1
136621 1
219947 1
219949 0
118730 1
231082 1
015577 1
190050 1
034543 1
034562 1
060697 1
149656 0
182670 1
182700 0
126598 0
034810 1
034781 1
148818 0
120036 0
234067 1
133172 0
179101 1
223426 1
223427 1
017378 0
231560 0
265558 1
265833 1
109132 1
109167 1
108164 0
024094 1
034587 0
000873 1
075353 1
250251 0
004339 0
142207 1
015307 1
125426 1
158077 1
201299 1
000010 1
285856 0
176837 1
176839 1
180380 0
187131 0
197154 0
146834 0
133572 0
193466 1
148229 0
042213 1
041866 0
233916 0
148008 0
034641 1
152763 1
152754 1
197426 0
150078 0
220313 1
042208 1
041660 1
018088 0
007178 1
120744 1
052276 1
228912 0
157075 0
152221 1
152222 1
195541 1
192636 1
007983 0
258985 0
011939 0
035994 0
150003 0
132867 1
161783 0
139601 0
012751 0
017429 1
129529 0
180383 0
118469 0
161816 0
121387 0
122872 0
139575 0
250241 0
180382 0
018803 1
042334 1
075338 1
223267 1
007061 0
125427 1
142199 1
008159 1
179105 1
266816 0
196958 1
179110 1
176844 0
132818 1
079758 0
195934 1
154628 1
220529 0
016434 0
174543 0
285671 0
155349 0
109032 1
109186 1
037432 1
010235 0
114845 0
008471 0
123890 0
077321 0
079754 0
174920 0
112106 0
115079 1
128125 1
127627 1
070178 1
103351 1
009838 1
122215 1
018735 1
016345 1
148604 1
149949 1
150010 1
150048 1
150069 1
150086 1
148563 1
016375 1
032178 1
077942 1
077934 1
077914 1
078849 1
145703 0
120659 0
067675 1
145947 1
145954 0
124740 1
000411 1
031664 1
200342 1
153584 0
010217 0
135675 0
218897 0
067908 1
054367 1
163563 0
011310 1
221842 0
071969 0
171672 1
230978 0
016433 1
194282 0
178043 0
122570 0
072347 0
216021 0
124046 0
177999 0
122537 0
072650 0
072913 0
073173 0
073429 0
073691 0
073948 0
074208 0
105142 0
105520 0
105823 0
106086 0
106346 0
106602 0
106864 0
107121 0
070344 1
103517 1
070302 1
103475 1
070265 1
103438 1
071050 0
078830 1
078787 0
154647 1
154694 1
152764 1
127626 0
012656 1
115078 1
010358 1
122679 1
122645 1
031677 0
076007 0
071049 0
060443 1
060341 1
127595 0
038504 1
037944 1
037997 0
031274 0
234409 0
240783 0
002306 1
064004 1
062173 1
069502 0
227155 0
017897 0
084170 0
127629 0
090210 1
090061 1
033110 0
120668 0
020169 1
004433 0
241303 0
044400 0
085861 1
089596 0
128477 0
067168 0
001564 1
079441 0
127398 0
231124 0
001197 0
081667 1
081188 1
235017 0
227831 0
194679 0
127226 0
045660 0
032110 1
008329 0
065078 1
179849 1
033906 0
116174 0
040325 1
139926 0
063307 0
125145 0
007224 1
175768 0
084156 0
104223 0
176119 1
228382 0
038535 0
071168 0
144382 0
102675 0
240809 0
071042 0
104341 0
104215 0
031515 0
006893 1
007032 1
007348 1
120526 1
120636 1
120881 1
132014 0
116171 0
240821 0
104222 0
139891 0
140155 0
140152 0
064915 1
065085 1
064909 1
064795 0
065158 1
020171 1
020193 1
155489 0
032115 1
062183 0
065173 0
176165 1
176176 0
085872 0
175646 0
007031 1
120635 1
120525 1
007980 0
164124 1
164127 1
162689 0
064811 1
130110 0
120169 0
153087 0
064695 1
178042 0
011888 0
258005 1
130284 1
004370 1
249502 1
249592 1
244997 0
286744 1
015387 0
017753 1
081603 1
164948 0
080015 0
070071 1
103244 1
182147 1
005092 1
113942 1
130627 1
124060 0
111665 1
168040 0
188784 0
065194 0
060984 0
227228 0
086675 1
118942 0
070655 0
074426 1
107599 1
169090 1
027685 0
145220 1
141363 0
145835 1
025957 1
001231 1
036160 0
113434 0
055254 1
005299 1
119792 1
027360 0
075571 0
134051 0
098388 1
201952 0
123548 1
147375 0
000910 1
015305 1
125429 1
125430 1
078764 0
290080 0
174836 1
076273 1
121384 0
179097 0
118442 0
007289 0
120693 0
191274 0
063109 0
120214 0
175627 0
103828 0
162682 0
120831 0
134050 0
002930 0
113936 1
086362 1
086337 1
085622 0
072277 1
105450 1
025942 1
007347 0
174848 2
123547 1
286741 1
076917 1
076913 1
081742 1
130353 0
119764 0
098350 1
258002 1
063325 0
081437 1
014143 1
012273 1
081113 0
029491 1
030002 1
124693 1
052279 1
121906 0
145832 0
018013 1
029979 1
064553 1
236867 1
152106 1
018774 1
001011 0
140898 0
164144 0
120880 0
017218 1
129659 1
215358 0
111946 0
125703 0
193445 0
061881 0
175635 1
160529 0
220610 0
109225 1
077233 1
255383 1
255384 1
255378 1
241646 0
130114 1
097185 1
097186 1
095319 0
121150 1
244931 0
124361 0
124774 1
006083 1
014824 1
125892 1
009603 0
126201 0
097092 1
224647 0
017582 0
150085 0
062582 0
223941 0
148726 0
279672 0
017924 1
126805 0
130341 1
116623 1
269007 0
124553 0
134232 0
006892 0
037087 0
126362 0
153953 1
108462 1
114585 0
109429 0
155795 1
130274 0
124560 0
081120 0
140894 0
130403 0
088393 0
244933 0
062583 0
063327 0
255385 1
256784 1
257575 1
255331 0
152111 1
125920 1
017997 1
255327 0
109224 1
006102 1
124765 0
153986 0
108448 1
077257 1
255332 0
030197 0
129030 1
018119 1
112148 1
060940 1
060945 1
060896 1
052043 1
052048 1
051989 1
034581 1
050198 0
195246 1
195202 1
040689 0
111315 0
125229 0
028099 0
199964 1
256682 0
066157 1
238899 0
008369 1
012294 0
165583 0
070261 0
077654 1
275238 0
018111 0
001087 1
255288 0
124749 0
159480 0
082462 0
272768 0
252893 1
162025 0
122710 0
277287 1
154722 1
164145 0
048970 0
090438 0
074672 0
091542 0
009839 0
079428 0
043409 0
221790 0
121176 0
231842 0
158314 0
005077 0
061358 0
258710 0
231315 0
263303 1
186917 0
119073 0
168484 0
111026 0
005272 0
275235 0
124746 0
129047 0
159481 0
103434 0
162026 0
272755 0
043419 0
119479 0
005372 0
122216 0
110859 0
258711 0
255205 0
111233 0
110932 1
043628 0
119896 0
043449 0
043454 0
119752 0
119747 0
043482 0
199955 1
154743 1
154774 1
148136 1
262129 0
101066 0
144043 1
144037 0
051987 0
096659 0
163385 1
018120 1
129031 1
017932 1
008934 0
173379 0
065178 1
140759 0
008536 0
148730 1
026133 1
080813 1
018165 1
011501 1
273061 1
