180438 0
180440 0
180405 0
121792 0
194320 2
194373 2
194324 2
111629 0
032669 2
032612 2
263072 2
220517 2
220613 2
039771 0
251295 2
252517 2
252219 2
145457 0
032808 0
039815 2
039817 2
135412 0
065935 0
011425 0
126770 2
126773 2
243653 0
190526 0
157115 0
031371 0
025608 0
025804 0
240515 0
013262 0
123672 0
158454 0
031779 0
192497 0
180417 0
151197 0
220682 0
018935 0
223868 0
048409 0
278074 0
164840 0
117193 0
243718 0
150596 0
146326 0
145359 0
277729 0
052332 0
012128 0
213175 0
193390 0
261217 0
032807 0
016368 0
039936 0
009321 0
031410 0
152618 0
136300 0
031783 0
069736 0
177568 0
028329 0
191850 0
192827 0
190509 0
029727 0
151209 0
086156 0
164551 0
121801 0
048284 0
195525 0
052283 0
129940 0
067708 0
261231 0
243618 0
150587 0
116233 0
102909 0
192640 0
023130 0
065518 0
152564 0
191905 0
029728 0
261237 0
022468 0
261421 0
190263 0
177255 0
195275 0
186581 0
186769 0
250674 2
