085524 2
010305 1
010298 1
018145 2
115245 2
113573 2
113600 2
131477 2
115942 2
005560 1
112158 2
112171 2
025309 0
152278 0
188475 0
201258 0
164457 0
089564 0
065268 0
135618 0
099723 0
043640 0
020081 0
156872 0
042326 0
113643 0
147403 0
223786 0
188437 0
152311 0
182113 0
085495 0
133256 0
169352 0
164875 0
193731 0
041627 0
188725 0
164686 0
156873 0
015065 0
164425 0
164842 0
152298 0
042319 0
099798 0
013081 0
086871 0
164484 0
188472 0
169256 0
164874 0
147393 0
163814 0
192212 0
125665 0
085135 0
124761 0
164402 0
164455 0
133243 0
133251 0
164460 0
164857 0
085076 0
164406 0
145688 0
283400 0
133249 0
164452 0
163782 0
164022 0
164415 0
164437 0
163362 0
164428 0
163157 0
163905 0
164433 0
163877 0
164454 0
164442 0
164270 0
164899 0
163875 0
164459 0
164448 0
164153 0
164463 0
164446 0
164453 0
164464 0
164436 0
164456 0
164041 0
164451 0
164458 0
164271 0
164445 0
164450 0
112176 1
115917 2
112019 2
111995 2
082362 2
080586 0
117089 1
117761 1
124564 1
124569 1
108852 0
110321 0
133014 0
069257 0
086613 1
086604 1
100839 0
116050 0
131289 1
