250302 1
250390 1
240797 1
086986 1
086998 1
080670 1
080644 1
087065 1
086943 1
087068 1
087069 1
277198 1
277200 2
277204 1
101905 1
269006 1
066933 1
243873 1
243825 1
243783 1
243867 1
243913 1
078083 1
078074 1
091637 1
086886 1
086897 1
087037 1
087040 1
089292 1
005708 1
087067 1
067757 2
086775 1
086783 1
020327 2
088160 1
088143 1
086649 1
086677 1
269503 2
269506 2
280271 1
280238 1
087030 1
090870 1
090829 1
078213 1
077470 1
078068 1
078046 1
278912 2
278867 1
168254 1
168033 2
243884 1
228417 1
077649 1
077701 1
030733 2
019535 1
226249 1
240766 1
241467 1
078013 1
085671 1
085661 1
087036 1
087041 1
243994 1
098874 1
098921 1
254972 1
249389 1
089733 1
090043 1
250819 1
278712 2
271433 1
271603 2
237701 0
080709 1
087428 1
163304 1
094120 1
078179 2
199461 2
278154 1
243882 1
005714 1
080467 1
080470 1
080440 1
239575 1
235820 1
235828 1
078095 2
117254 1
067144 1
067159 1
168006 1
089267 1
248977 1
086826 1
086877 1
251520 1
243626 1
086892 1
087062 1
211669 1
086922 1
086239 1
086220 1
090758 1
090709 1
090848 1
090827 1
090860 1
108396 1
261153 1
255880 1
259928 1
278814 1
259889 1
278591 1
087029 1
006931 1
086719 1
086754 1
087059 1
278761 2
087278 1
020022 2
020021 2
019998 2
227981 2
046157 2
276174 2
276176 2
272285 1
087320 1
087323 1
087307 2
087306 2
086818 1
085559 1
085314 1
091070 1
091059 1
230705 2
257788 2
029598 1
148885 2
148950 2
066876 1
163295 1
005608 1
120211 1
232999 1
270287 2
147386 2
097311 1
097250 1
078323 1
120209 1
199595 2
199481 2
199550 2
120150 2
005597 1
086767 1
086800 1
089540 1
089535 1
030734 1
101904 1
086034 1
086080 1
087032 1
087049 1
272699 1
251352 1
272661 1
120281 1
233303 1
089324 1
244078 1
249343 1
241169 1
233697 1
255890 2
241536 1
093897 1
240303 1
278453 1
271620 1
271630 1
235829 2
249956 1
080786 1
241195 1
120192 1
148647 2
087412 1
087411 1
087410 1
087414 1
241149 1
264291 2
240241 1
242790 1
242592 2
223695 1
223673 2
222744 2
278442 2
233126 2
233263 2
233141 1
284298 1
249219 1
082889 1
243616 1
258775 2
258760 2
086794 1
237031 1
271161 0
087384 1
241217 1
185465 0
278753 2
278771 2
262078 2
262079 2
233247 2
086546 2
086536 2
086554 2
086524 1
233693 1
087395 1
070581 1
103754 1
070580 1
103753 1
070598 1
103771 1
127931 1
028237 1
241435 1
255884 1
005672 1
120283 1
019330 2
029270 1
272888 1
087581 1
087614 1
087604 1
087889 1
087893 1
087963 1
127871 1
078218 1
078168 2
249830 1
252371 1
252440 1
081353 1
067016 1
256857 1
252918 1
276478 2
276493 2
118131 1
272331 2
005716 1
120335 1
032384 1
032357 2
032359 2
226422 1
210741 1
277014 0
113062 1
222603 1
086418 1
078024 1
235849 1
244165 1
243786 1
243784 1
077875 1
087417 1
133695 0
160706 0
004562 0
277050 1
118771 0
019327 2
233331 2
081350 2
271127 2
241436 1
271295 2
271134 1
087888 1
241439 1
087354 1
078084 1
200622 1
200346 1
200621 1
200733 1
273467 0
067006 1
032314 2
007734 1
271297 1
029071 1
029069 2
029067 2
007212 1
120769 1
029433 2
087355 1
087892 2
067035 1
087962 1
080806 2
226464 1
080801 2
080808 2
080506 1
066812 1
081057 2
278250 2
278251 2
278285 2
278291 2
278356 2
261764 2
278198 0
258215 2
277659 2
229131 2
261871 2
083096 1
236618 0
256920 2
254477 2
254479 2
254492 2
254657 0
086974 1
249831 1
091111 1
244799 1
244831 1
256214 1
256279 1
087100 1
254158 1
278142 1
239871 1
087238 1
239936 1
239836 1
077432 1
077619 1
077433 1
077324 1
077310 1
086166 1
082856 1
158989 0
229689 1
066935 1
083039 1
087366 1
087363 1
074487 1
074488 1
107660 1
107661 1
066777 1
248689 1
066934 1
236582 0
120305 1
227732 1
