198719 1
198743 0
198677 0
198852 1
198856 1
198733 0
198776 1
198801 1
198707 1
198711 1
198663 1
198705 1
198933 1
198769 1
198710 1
198966 1
198765 1
199190 1
198704 1
198721 1
198738 1
198730 1
198751 1
198786 1
198874 1
198742 1
198726 1
198844 1
198771 1
198835 1
198668 1
198976 1
198732 1
198768 1
198945 1
198660 1
198793 1
198789 1
199493 1
198669 1
198739 1
200604 1
198896 1
198754 1
199496 1
199159 1
198968 1
198845 1
198814 1
198816 1
198666 1
200605 1
210839 1
198756 1
198973 1
199161 1
200574 1
198686 1
198939 1
198944 1
198892 1
198902 1
200753 1
200815 1
198781 1
202147 1
202176 1
199384 1
199387 1
206918 1
198785 1
198792 1
015646 1
149512 1
149515 2
065796 1
147618 2
147617 2
147606 1
147619 2
147588 1
165031 1
049954 1
049866 1
241507 1
074804 1
149860 2
149852 1
202185 1
202212 1
082062 1
108254 0
160306 2
035579 1
150111 1
050919 0
025719 1
199202 0
216420 0
245712 0
198783 1
200570 1
200569 1
198784 1
198683 1
198782 1
198791 1
198688 1
198712 1
198823 1
200514 1
198713 1
198822 1
198794 1
198795 1
200601 1
199183 1
198731 1
198706 1
200573 1
199166 1
200516 1
198728 1
198757 1
198689 1
199200 1
200608 1
198761 1
198837 1
198762 1
198667 1
198718 1
198770 1
198790 1
198796 1
049818 1
149876 1
065794 2
065792 1
150681 1
150677 1
150679 1
150658 1
150985 1
150690 1
149596 1
149597 1
057016 1
049348 1
049514 1
165021 1
078546 1
152566 1
152579 1
255353 1
159218 2
159230 1
241515 1
256989 1
278854 2
199459 1
199471 1
200249 1
165418 1
149600 1
223669 1
082239 1
082331 0
028902 0
243522 1
220642 1
046248 1
074522 1
074591 1
039964 1
075495 1
075528 1
065672 1
074917 1
074854 2
074853 1
080088 1
091169 1
077469 1
049860 2
149938 1
149937 1
160355 1
199517 1
199529 1
082060 1
082763 0
052221 1
198780 1
198797 1
198700 1
198729 1
198674 1
077635 1
082203 1
200289 1
200290 1
074962 1
074945 1
046252 2
046247 1
082705 1
082601 1
077586 1
069040 1
075559 1
075269 1
075117 2
043983 1
051331 1
043986 2
043998 1
082435 1
050055 1
045899 2
045909 1
016625 0
198506 1
198504 1
220375 1
198682 1
078602 1
078063 2
164824 1
086516 1
056643 1
153322 1
065582 1
098370 1
052116 1
052126 1
162241 1
145570 1
149540 1
083394 0
056583 0
015582 2
042551 1
075477 1
075554 1
039946 1
039926 1
057296 1
075697 1
057843 1
221164 1
165001 1
148148 0
199770 1
199850 1
200231 1
199750 1
199755 1
224243 0
272453 1
272462 1
198722 1
198760 1
275872 0
068155 1
176786 0
198111 1
198044 1
224998 0
065764 1
227990 1
228092 1
162339 0
161083 1
161048 2
198725 1
252126 1
024710 0
270306 1
198716 1
149342 0
158891 0
198701 1
225423 0
199367 1
277408 1
075744 0
101991 0
147061 0
056705 0
083326 0
024770 0
162162 0
083407 0
148045 0
083205 0
162157 0
083204 0
087508 0
083244 0
161042 1
161046 1
015658 1
149523 2
015639 2
149553 2
046624 1
065828 0
153874 1
045815 1
158664 1
199369 1
039513 0
272105 1
091881 1
091844 2
223496 1
199163 1
039503 2
011450 1
009983 1
277452 0
198369 0
050899 2
050900 1
046394 2
096368 1
045119 1
044663 2
267862 2
267773 1
272415 1
272539 2
039713 1
039779 0
126814 1
244264 0
046354 1
046316 1
277394 1
277398 2
277409 2
046279 1
046277 2
191632 0
067765 0
161689 1
161690 1
087470 1
107927 0
282375 0
086281 1
051393 0
085197 1
085893 1
134025 0
022318 0
167918 0
242332 0
160573 0
023070 2
023069 1
023096 1
199849 1
163657 1
199363 1
220680 0
259791 0
049706 0
022353 1
022349 2
015831 0
027093 0
213492 1
213495 1
015677 0
115684 0
267055 0
014473 0
202237 0
124429 0
281268 0
018009 0
244286 0
039751 0
259819 0
067443 0
167919 0
051426 0
242292 0
022309 0
220695 0
267088 0
244271 0
202384 0
107933 0
281264 0
220661 0
259826 0
242314 0
023071 1
023097 1
086247 1
086195 1
218106 1
205181 1
203736 1
203752 1
239837 1
160378 1
205179 1
199365 1
199362 1
199358 1
065974 0
163815 1
163831 1
152443 1
096172 1
213821 1
213310 1
058863 1
271668 1
272024 2
271981 1
271851 1
272106 1
271909 1
067594 1
067631 1
067658 0
062808 1
062805 2
062772 1
068938 1
068942 1
068966 1
068954 1
065227 1
