038793 1
046428 2
002426 1
079635 1
074739 0
126332 0
112106 1
113419 1
114502 1
114495 1
199083 1
113309 1
113324 1
113123 1
113477 1
113378 1
113369 1
113380 1
113374 1
113317 1
025494 2
038800 1
045236 2
046039 2
045229 2
044676 2
045228 2
045230 2
046162 2
044604 2
044608 2
113693 1
113688 1
113502 1
113496 1
113489 1
113485 1
113942 1
113936 1
113355 1
113439 1
113441 1
113975 1
113973 1
113708 1
113777 1
113765 1
007875 1
113388 1
025505 1
207265 0
113399 1
113702 1
113475 1
113455 1
113769 1
113768 1
113470 1
113480 1
113277 1
113782 1
113781 1
113311 1
113326 1
259182 1
114938 1
041854 0
131217 0
113510 1
113505 1
262577 1
191745 0
159415 0
079668 0
114254 1
268861 0
043000 0
123139 0
114410 1
113430 1
080076 0
080136 0
075568 0
150025 0
078903 0
198449 0
249460 0
075023 0
160155 0
247578 0
043380 0
079982 0
198430 0
150055 0
245178 0
160142 0
247798 0
080123 0
042039 0
247673 0
114260 1
113431 1
113405 1
113401 1
113527 1
113518 1
113440 1
113438 1
113407 1
113403 1
113444 1
113413 1
113571 1
113566 1
111584 1
113723 1
113720 1
264157 1
113434 1
113433 1
113778 2
113511 1
113504 1
115518 0
196069 1
113362 1
016545 1
075430 0
015136 1
038024 0
113360 1
118898 0
113673 1
173382 1
045135 0
113460 1
127184 0
025404 0
113390 1
078685 0
114215 1
114949 0
075854 0
159563 0
153363 2
076244 0
170190 0
075392 0
022301 0
158345 0
113545 1
040866 0
126263 2
126271 1
126257 1
