230317 0
264419 0
270985 0
194182 0
197669 0
263494 2
263492 0
281830 0
123456 0
263493 0
273164 0
123464 0
236641 0
123445 0
256415 2
256411 2
271698 2
271768 2
271351 2
271350 2
271355 2
271378 2
271834 2
271895 2
271894 2
272000 2
274307 2
274509 2
270358 1
270273 2
256655 0
271988 2
271990 2
274316 2
274506 2
282040 0
274519 2
274514 2
270361 1
270264 2
271394 2
068401 0
276990 2
277278 2
276158 2
276146 2
276209 2
271283 2
271388 2
271393 2
271520 2
271367 2
271531 2
271542 2
286783 2
270922 2
270933 2
270982 2
272220 2
272224 2
277292 2
277343 2
277290 2
243771 2
276020 1
255783 2
279587 2
279586 2
279601 2
277146 2
282032 2
272219 2
272223 2
283650 1
284823 1
276973 1
283576 1
281000 1
283638 1
276967 1
283577 1
288296 2
288310 2
288265 2
259937 2
259941 1
192599 0
269253 2
269257 2
270298 2
270299 2
268971 2
268931 2
283635 1
283636 1
281662 0
270423 2
270435 2
284745 2
284744 2
284746 2
075085 0
244533 2
270625 2
288485 2
288487 2
288476 2
288486 2
186268 0
270472 2
269795 2
271999 2
272169 2
272129 2
272128 2
272001 2
270142 2
270999 0
269180 2
270143 2
269944 2
289397 1
289398 1
276138 2
279962 1
277364 2
252303 2
274253 0
231427 0
272403 0
264069 2
184875 2
274385 0
264098 2
264099 2
231185 0
269943 0
107758 0
271397 2
276113 0
009526 0
265034 0
284160 0
257612 2
262911 0
257603 2
271387 0
260562 2
230289 0
271540 2
271530 2
004588 2
004718 2
118970 2
236986 2
236978 2
260984 0
162249 2
162277 0
128524 0
273711 0
283637 0
068443 1
068420 1
282041 0
067424 0
271141 2
271087 2
271242 2
144136 0
230810 0
231912 2
231908 2
231913 2
231888 2
231886 2
230303 0
254949 0
017639 1
087220 0
162688 0
288700 2
288698 2
256485 0
067444 1
067356 1
055964 0
259699 0
182360 0
082651 0
138799 0
271392 0
256169 2
257604 0
256419 0
265404 0
256647 0
067338 0
144138 0
284241 0
270572 2
270356 2
274254 0
057113 0
275686 0
284242 0
265028 0
067327 0
210843 0
200650 0
178613 0
275472 0
182335 0
257613 2
281670 1
166675 2
166676 2
166832 2
166674 2
178151 0
281708 1
281688 0
230859 0
288522 2
288519 2
288513 2
223236 0
271057 0
289276 0
005624 0
270533 0
197155 0
256474 0
271050 0
107802 0
274438 0
197647 0
276084 0
266506 0
264257 0
273888 2
273903 2
275280 0
155942 2
186246 0
264629 0
275405 0
199701 0
058091 0
237036 0
056148 2
232390 0
205891 0
241483 0
230890 0
165345 2
165343 2
164033 0
231276 0
068071 0
179394 2
266615 0
263327 0
179362 2
179376 2
179396 2
159790 2
195574 0
159848 2
159864 2
069958 0
074588 1
080113 0
133325 0
286426 2
286423 2
080104 0
260615 0
264256 0
257321 0
022464 1
138974 0
151006 0
272819 0
250025 0
236883 0
115789 0
164103 0
020292 1
000401 1
279002 1
107794 0
264930 0
271602 0
286424 2
286427 2
053259 2
019438 2
053288 2
279053 0
130647 2
130641 2
130652 2
130658 2
130732 2
130908 2
010320 2
011466 2
077133 2
069400 2
102573 2
070538 2
070479 2
103652 2
103711 2
070404 2
103577 2
070452 2
103625 2
070628 2
103801 2
070643 2
103816 2
070540 2
103713 2
014885 2
011650 1
076767 1
017213 2
017410 2
129499 2
052782 2
052957 2
053077 0
054524 0
005022 2
119401 2
064532 0
157136 2
157139 2
050208 0
012058 2
098057 2
098058 2
056640 0
067693 0
053599 2
011907 1
122273 2
070228 2
103401 2
070191 2
070192 2
103364 2
103365 2
011628 2
014613 2
010258 2
124412 2
056299 0
101997 1
130744 2
000361 2
123795 0
016117 1
000637 2
068452 2
068433 1
012192 1
081074 2
001215 2
050144 0
014921 0
011829 2
001495 2
051153 2
043878 2
036530 1
054555 2
067814 0
130433 2
001038 2
124435 2
064941 1
000100 1
064837 1
067049 1
139097 0
085169 0
130945 2
017808 0
065967 0
121400 0
116218 2
182807 0
075408 2
069460 2
102633 2
130104 0
003630 0
044652 2
045042 2
044653 0
051558 2
020574 2
044541 0
016162 1
124338 2
124286 2
099941 0
017780 1
053488 0
053483 0
044135 2
044010 2
067154 0
004895 1
119230 1
044047 0
016962 1
150757 0
004067 1
119043 0
054553 0
130868 2
001172 2
117016 0
044507 0
176821 0
087274 0
000402 2
044440 0
131844 0
014945 0
005669 0
123847 2
077929 0
065849 1
050419 2
050321 2
024602 0
067932 2
068340 1
046083 0
069011 2
066050 1
056754 2
066139 0
057287 2
136173 0
003574 1
068732 0
015421 1
030891 0
023708 1
023811 0
000268 2
003755 1
230849 0
130902 0
065082 0
164122 0
001225 2
135444 0
003720 1
027024 0
225781 0
256422 0
052333 0
068603 0
050847 0
141397 0
001833 2
009142 0
003919 0
124461 0
053234 0
179129 2
023660 0
268961 0
119351 0
179119 2
178922 2
260121 0
068578 0
275071 0
006380 1
135447 0
089356 2
252746 2
036314 0
182480 0
054427 0
041731 0
087652 0
065797 0
003473 0
128623 0
259710 0
133315 0
130161 0
090215 2
050763 0
081943 0
154345 0
151043 0
266273 0
216143 0
169183 0
085028 0
133488 0
115782 1
117757 1
115621 0
028993 2
176832 0
256003 2
065781 0
029023 2
247415 0
120278 0
031324 2
031255 2
003435 2
115761 1
117725 0
179398 0
041211 0
269513 0
113270 0
088789 0
003614 2
176814 0
017104 2
030599 0
017108 2
108535 0
026835 0
163223 0
011409 0
006194 1
003572 1
182551 0
119480 0
119041 0
027015 0
036310 1
065710 1
116236 1
036324 0
036418 0
116182 1
003823 1
003439 0
006419 1
025289 0
041785 0
071622 0
003612 2
275081 0
289771 1
116550 2
003695 1
116307 0
068642 0
289776 0
131063 0
149396 0
192692 0
190852 0
119216 0
124986 0
100907 0
108517 0
003599 1
119221 0
049908 0
004062 1
117922 0
010279 1
030912 0
028912 0
003667 1
275070 0
003672 0
074435 0
128503 0
135551 0
064116 0
003437 0
135461 0
098618 0
062639 0
264921 0
256840 2
244974 0
003756 1
243452 0
003584 2
017673 0
003615 0
045067 0
134439 0
068956 0
002344 2
003363 0
048229 2
048223 2
048230 2
034233 0
048285 0
048308 0
175018 2
175035 2
245012 2
154175 0
065643 0
169685 0
035064 0
003887 1
137154 0
120554 0
259109 2
259113 1
252524 2
241752 1
251147 1
123144 0
241712 1
241710 1
241849 1
241723 1
258102 1
259110 1
241724 1
259114 1
241693 1
241601 1
048340 0
241722 1
241952 1
241753 1
241706 1
241789 1
241725 1
235826 0
164129 0
169184 0
003576 0
254308 0
236241 2
196781 0
141423 0
182554 0
241928 0
002822 0
175090 1
039879 2
040330 0
265074 1
265062 0
040407 2
004065 2
259905 0
058659 0
175112 0
162308 2
065511 0
162306 2
005990 2
088089 2
265399 0
005880 0
004108 1
264363 2
118221 1
050636 0
264318 2
118188 1
058054 0
256304 0
013945 0
003681 0
119547 0
239275 0
019665 1
261938 0
186645 0
040406 0
275638 0
003570 0
003886 0
165280 1
016155 1
016149 1
009470 0
201997 0
104795 0
088119 0
098542 0
123900 2
264243 0
264928 0
281366 0
029847 0
013246 0
066144 0
015677 0
001262 0
133489 0
116309 1
287717 0
191902 0
054207 0
024603 0
036990 0
174989 1
174988 1
174979 0
046387 2
135662 0
046392 0
137385 0
272820 0
134420 0
040862 0
234807 0
003432 0
043403 1
119214 0
235335 0
045362 1
272782 0
045399 0
011906 0
289578 0
129325 0
192836 0
149156 0
050479 0
165257 0
019676 0
115664 1
260972 0
075680 0
016676 2
240547 0
067857 0
033834 0
178687 0
147926 0
141592 0
236795 2
139151 0
164141 0
068375 0
035060 0
270607 0
247029 0
173799 0
230671 0
256020 0
057053 0
123145 0
076701 0
116011 2
023466 0
114210 0
091504 0
002586 2
009999 0
046384 0
004061 0
176057 0
076268 0
025657 2
225764 0
103131 0
114956 0
046481 0
270532 0
279055 0
111941 0
112181 0
153497 0
138532 0
287346 0
067004 1
163189 0
050732 0
009036 0
025683 2
003613 0
109308 0
206357 0
111911 2
111899 2
025696 0
199278 0
234198 0
111905 2
165277 0
227416 0
136771 0
011312 0
098643 0
003648 1
135486 0
124791 0
041561 0
078150 0
144589 0
111940 0
252678 0
169671 0
256272 0
168246 0
123029 0
014920 0
008338 0
264830 0
091427 0
003573 0
153464 0
154829 0
068242 0
109788 0
231026 0
048108 0
065970 0
140424 0
031793 0
268508 0
029037 0
127680 0
066499 0
254864 0
098675 0
052752 0
234978 0
258712 0
007849 1
134748 0
054209 0
164102 0
135464 0
166667 0
036449 0
067124 0
171487 0
028506 0
140322 0
075641 0
005259 0
164354 0
284094 0
275080 0
051012 0
177030 1
177321 1
137994 0
177422 1
180249 0
175936 0
169153 0
165265 0
112229 0
128437 0
180248 0
264235 0
066102 0
139072 0
215184 0
285546 0
167309 0
011236 0
045424 0
088036 0
272783 0
112414 0
067024 0
164147 2
115411 0
134250 0
200613 0
040328 0
112180 0
194269 0
065528 0
253648 0
234818 0
274677 0
079958 0
257384 1
112231 0
258098 0
005018 1
119397 1
006229 0
119352 0
078599 0
272824 0
234829 0
047370 0
164032 1
138680 0
014647 0
273162 0
065390 0
164121 0
257881 0
109622 0
156945 0
034789 0
239295 0
149651 0
119297 0
114848 1
135413 0
114852 1
075686 0
004460 1
049841 0
035375 0
118649 1
069794 2
051001 0
069838 2
102967 2
103011 2
163233 0
254610 0
062076 0
230831 0
057396 0
061722 0
053075 0
008671 0
114946 0
069142 0
028493 0
135448 0
050633 0
050819 0
035043 0
112875 0
164128 0
163746 0
264148 0
166592 0
215187 0
130213 0
191352 0
222720 0
275685 0
127674 0
065133 0
109306 0
163421 0
134980 0
000075 0
270986 0
138254 0
231027 0
031814 0
040453 1
268514 0
019681 0
259904 0
123116 0
051215 0
209756 0
074957 0
044802 0
087657 0
196780 0
134271 0
256320 0
267151 0
112850 0
266755 0
065494 0
162643 0
234994 0
008448 0
003732 0
099396 2
114187 0
107678 0
144318 0
254109 0
234685 0
136936 0
023650 0
138534 0
111843 0
169154 0
097689 0
015671 0
221402 0
220150 0
003625 2
046130 0
196782 0
017522 0
167291 0
136349 0
192835 0
165250 0
266706 0
072279 0
066096 0
123041 0
063812 0
229256 0
108703 0
244585 0
136944 0
141958 0
154176 0
030945 0
237052 0
236023 0
244910 0
255988 0
058317 0
258658 0
067054 0
102315 0
006265 0
182634 0
030666 0
062904 0
138315 0
034273 0
006182 1
114952 0
008742 0
234222 0
098568 0
011710 0
264920 2
264517 1
114937 0
264538 0
066712 0
006421 0
051395 0
066040 0
267262 0
089399 0
027004 0
068095 0
026175 2
031402 2
119426 0
162176 2
162510 0
161926 0
031377 2
041566 0
050270 0
030635 0
055785 0
186317 0
136876 0
084336 0
099278 0
234845 0
139609 0
168504 0
041826 0
023540 0
058638 0
263331 0
004107 0
290077 0
048993 0
192875 0
009294 0
013182 0
064102 0
098634 0
162772 0
260547 0
149647 0
068438 0
247385 0
008615 0
025312 2
065688 0
065539 0
076270 0
112082 0
113261 0
039975 0
255208 0
116930 0
085027 0
015108 0
256277 0
010272 2
066106 0
236835 0
134528 0
101558 0
115410 0
109759 0
020723 1
052463 0
272508 0
034131 0
196576 0
107608 0
053858 0
031393 0
035434 0
287750 0
022838 2
126652 0
020090 2
020089 2
020096 2
069228 0
139066 0
142039 0
075237 0
270987 0
030889 1
017935 0
279408 0
030880 1
222277 2
221928 2
221541 2
220252 2
219909 2
220999 2
219904 2
221012 2
187923 0
015093 0
010252 0
030958 0
