145072 2
149718 1
139511 2
133893 0
139598 0
150011 2
150029 2
150037 2
150031 2
150019 2
150026 2
268368 2
268383 2
266378 0
153100 0
267191 1
267475 0
147702 2
192073 2
177674 2
177735 2
177759 2
145863 2
152884 2
152890 1
152896 1
192069 2
188321 0
165771 2
163379 2
153984 2
153966 1
258702 2
177734 0
265185 2
285262 2
285270 2
285273 2
285278 2
256706 0
226019 2
237588 2
193164 2
237587 0
208884 2
037176 2
034925 2
035139 2
034924 2
037318 2
037251 2
035590 1
272064 0
213033 2
152504 2
149728 2
152075 2
152505 1
151207 2
150563 2
150027 0
168530 1
168527 2
150921 2
261223 2
191736 2
191737 2
152030 2
151035 0
159282 2
099728 1
100768 2
100742 2
287875 2
259343 2
258910 0
285261 2
285269 2
285272 2
285277 2
093247 0
235287 2
174824 0
235248 2
235250 2
235256 2
280878 0
056337 0
041935 2
235328 0
131565 2
148166 0
156837 0
243609 0
259221 2
270198 2
259342 0
083221 0
019912 2
277939 1
277942 2
268794 0
190408 1
233010 2
233026 2
213077 0
147414 1
003080 0
224125 0
014308 0
272091 0
178095 0
041934 0
150934 0
002465 1
177758 0
131578 0
085633 0
165347 0
163186 2
163155 2
163131 0
136834 0
141734 0
151888 0
256705 2
256708 2
136850 0
175467 0
256709 0
242242 0
268619 0
273821 0
263670 1
288132 2
252764 0
028370 0
149100 0
019911 2
263662 1
263694 1
152112 0
137999 1
279910 0
288469 0
029743 0
147353 0
243398 0
002820 0
089771 0
155907 1
266837 2
279548 0
266856 2
279957 2
267189 0
128777 2
018475 2
128774 2
182794 0
170307 0
140293 0
267298 0
038707 2
022728 0
129880 0
043037 1
043080 0
058080 0
195999 0
163134 0
132821 0
043087 0
259326 0
217975 0
267335 0
178045 0
024029 0
175443 0
266380 0
182558 0
227552 0
153204 0
044717 1
044705 1
289391 0
181728 0
169821 0
280341 1
280360 2
280829 0
281190 0
258917 0
002565 0
279711 0
150860 0
017671 0
160579 0
177673 1
279819 2
279824 2
279829 2
286801 0
146925 0
153674 0
241271 0
144295 0
258052 0
235321 0
192108 0
281446 0
164295 0
269771 0
169890 0
242002 0
076564 0
147076 0
263742 0
289958 0
175706 0
140848 0
044859 0
267674 0
132226 0
154941 0
147120 0
099668 0
254216 0
133167 0
065252 0
170362 0
166230 0
170278 0
177124 0
271481 0
198541 0
279554 0
272055 0
238047 0
162523 0
150001 0
139399 0
220819 0
213076 0
006691 0
028140 0
187670 0
256759 0
071659 0
286812 0
228616 0
244528 0
286876 0
160392 0
136359 0
190825 0
