151975 1
151970 1
261429 0
197045 0
207589 0
227899 1
227906 1
131710 1
001618 1
195548 1
264966 1
264978 1
265548 2
265549 2
224581 1
280349 1
004286 1
118117 1
117779 1
117670 1
000921 1
131991 1
000862 1
134292 1
134263 1
134184 1
134010 1
196226 1
196218 1
002787 1
133846 1
133844 1
194911 1
194990 1
195033 1
196390 1
200642 1
008802 1
200641 1
200643 1
139313 1
181986 0
223776 1
008909 1
039553 0
182699 1
182729 1
182764 1
182728 1
069751 1
102924 1
196549 1
195901 1
195907 1
182492 0
081810 0
132649 1
134983 1
134964 1
134871 0
125163 1
070189 0
003963 1
125215 1
272508 0
003477 1
228038 1
125217 1
019052 1
017925 0
153072 1
153304 1
153071 1
117614 1
142411 1
117429 1
117616 1
008286 0
010435 1
196425 1
013603 1
196411 1
179911 1
063480 0
179912 1
179722 1
019049 1
179876 0
159042 1
159114 1
159008 1
158876 1
159010 1
159022 0
081268 1
081210 0
159029 1
012992 1
145908 1
159020 1
159023 1
159026 1
289230 0
158874 1
136337 0
158875 0
289135 1
176005 1
157978 2
157982 2
154560 1
089061 0
175921 1
176264 1
019044 1
153089 1
108531 1
163705 1
153092 1
163719 1
152259 1
267006 1
267083 1
177036 1
177032 0
177040 1
006944 1
120565 1
019060 1
267082 0
156544 2
101432 1
163047 0
011861 1
163710 1
018304 1
128899 1
128998 1
153582 1
153581 1
161395 0
176787 1
176819 1
176820 1
163706 1
176831 1
289368 1
018784 1
011914 1
143096 1
278634 1
143097 1
278635 1
142967 1
143114 1
159025 0
288077 1
176769 1
289617 1
269600 1
269597 1
289654 1
176770 1
176758 1
289627 1
288711 0
040248 0
150616 1
150646 1
289357 1
161283 1
289264 1
133845 1
161271 1
153515 1
161164 1
236702 1
002786 1
155452 1
160905 0
019024 1
153577 1
153513 1
155555 0
153529 1
146633 1
268346 1
054705 2
163921 1
163938 1
054618 1
127382 1
163957 1
127471 1
127472 1
124845 1
202158 2
127607 1
238718 1
163145 1
124789 1
124862 1
186153 1
176638 1
124860 1
001613 1
258385 1
130045 1
128111 1
136186 1
221922 1
136117 1
221910 0
136118 1
240300 1
129974 1
160458 0
258341 1
128133 1
238726 1
014200 1
077040 1
219906 0
242134 1
240286 1
155556 0
000034 0
146881 0
240290 1
240291 1
238727 1
240317 1
240318 1
014196 1
242110 1
124511 1
017805 1
153394 1
242133 1
231767 1
124968 1
269683 1
269467 1
238361 0
238942 1
128616 1
242092 1
242084 1
242111 1
242091 0
242135 1
124970 1
242067 1
069827 1
103000 1
154544 1
154697 1
124971 1
277007 1
276908 1
128475 1
128615 1
129654 1
129616 1
129653 1
017296 1
129598 1
018506 1
123357 1
269578 2
185796 1
136039 1
136041 1
185844 0
269692 1
269705 1
263622 1
156429 1
200973 1
201082 1
011481 1
012665 1
160294 1
160320 1
239536 0
124686 1
123356 1
122749 1
130622 1
263604 1
000416 0
263623 1
269357 1
006069 1
123161 1
263513 1
269316 1
197330 1
141961 1
170304 1
197340 1
209950 1
209387 1
269317 1
019042 1
123422 0
197748 1
197869 1
137998 1
170274 1
009517 1
013266 1
008246 1
197871 1
271872 1
153466 1
031676 1
137940 1
137972 1
131858 1
137971 1
229918 1
131866 1
153504 1
229950 1
007459 1
131869 1
088936 1
271971 1
278898 1
009885 1
009185 0
264450 0
088987 1
176382 1
012616 1
032430 1
128693 1
136037 0
176415 1
131538 1
131478 1
280430 1
131491 1
279937 0
153396 1
032422 1
018629 1
128686 1
153393 0
223477 1
148134 0
202902 1
255747 0
177083 1
226269 0
223420 1
199411 1
199442 1
199499 1
221221 1
076113 1
003266 1
221240 1
272856 0
195872 1
195726 1
195744 2
195728 1
000537 0
146492 0
169002 1
195737 1
195739 1
018585 0
238728 1
195803 1
168804 1
238943 0
069102 1
195806 1
102275 1
195815 1
176934 1
238719 0
195817 1
195830 1
035076 1
091687 1
238824 1
195870 1
195933 1
091688 0
011905 1
044550 0
176822 1
134709 0
191007 1
012256 0
190998 1
035051 1
196481 1
124987 1
160472 1
125005 1
016629 1
018779 0
195939 1
160386 0
000635 1
001449 1
195948 1
196485 1
196503 1
224459 1
258684 1
178146 0
258700 1
191972 1
258706 1
259550 1
170684 1
169131 2
192125 1
021475 1
192126 1
139219 0
169132 2
170724 1
170725 1
170685 1
170686 1
032526 0
169049 1
243655 1
255808 1
161933 1
255767 1
002304 1
255790 1
190565 1
190527 1
255879 1
011192 1
087424 1
013938 1
144789 1
190683 1
199482 1
109086 1
199458 1
199483 1
159028 0
199558 1
199502 1
002859 1
112251 1
167578 0
168333 0
255647 0
011219 1
112250 1
112384 1
112388 1
112391 1
008153 0
144752 1
144806 1
191303 1
159031 0
191227 1
002292 1
090968 1
100509 1
126917 1
155696 1
100420 1
185800 0
111425 1
090619 1
013183 1
127130 1
163213 1
126899 1
256091 1
126986 1
163141 1
002369 1
228051 0
066541 1
256823 1
256831 1
117315 1
276015 0
168875 0
117316 0
275358 1
001271 0
179877 0
253833 0
270927 1
275351 1
070644 1
126900 1
131711 1
103817 1
127028 1
208462 0
070670 1
232048 1
070745 1
126894 1
006335 1
153027 1
011766 1
122735 1
193361 1
103918 1
103843 1
153028 1
010035 1
122835 0
126888 1
153181 1
180126 1
126890 1
153244 1
180128 1
153455 1
122837 1
153180 1
180125 1
153158 1
153169 1
153241 1
153488 1
043957 1
195829 1
126442 1
126482 1
017558 0
117928 1
167842 1
167914 1
071467 0
044058 1
155969 1
169864 0
079720 1
167915 1
157425 1
164470 1
195814 1
060805 0
153157 1
167490 1
195727 1
195932 1
195802 1
195805 1
195725 1
157426 1
204289 1
153168 1
203475 1
068042 1
079728 1
004201 1
204300 1
068068 1
075940 1
167491 1
167486 1
076014 1
110066 0
076100 1
195816 1
195869 1
195736 1
169488 1
169485 1
195738 1
068097 1
007380 1
169492 1
068098 1
169493 1
239548 2
169494 1
154494 1
070522 0
170172 1
170173 1
170171 1
170410 1
242903 1
158122 1
069816 1
102989 1
167126 0
158283 1
170418 1
010370 1
170419 1
042610 0
069602 1
242930 1
153395 0
171375 1
014666 1
011252 1
210559 1
210967 1
171374 1
132521 1
102775 1
132502 1
171373 1
190942 1
018174 1
015206 1
125541 1
188785 0
128981 1
018531 0
037739 0
153243 0
132534 1
170341 1
025466 1
025423 1
170342 1
170340 1
193896 1
193884 1
001598 0
193883 1
191062 1
122874 1
123202 0
193879 1
164802 1
063835 1
018321 1
164944 2
063425 1
196030 0
157948 0
164761 1
011986 1
122877 1
238941 1
238940 1
126281 1
071492 1
126292 1
001466 1
018323 0
061379 1
190903 2
104665 1
023634 0
061381 1
169333 1
003986 0
063850 1
001480 1
169334 1
169265 1
211219 1
076275 1
125141 1
069700 1
063851 1
242905 1
242901 1
102873 1
126797 1
126777 1
169285 1
014868 0
065198 0
126407 1
165254 1
075844 1
100193 1
169343 1
165256 1
017582 1
238089 1
238108 1
238093 1
238103 1
169344 1
081684 1
169315 0
130560 1
242902 0
165264 0
081738 1
081551 1
169123 1
125041 1
169073 1
169074 1
064817 1
181014 1
064820 1
098099 1
098149 1
219606 0
135220 1
066443 2
131951 0
134155 0
285882 1
237242 1
195220 0
231904 0
202908 0
000031 1
131445 1
118945 1
000408 0
182216 0
187504 1
118960 1
182499 0
019616 0
074429 0
236703 1
236330 1
032661 0
187493 1
014825 1
236319 1
169300 0
212211 1
135261 0
131417 1
156575 1
156574 2
156551 1
202975 1
281777 1
204168 1
202976 1
202649 2
203116 1
069367 1
102540 1
018509 1
003141 1
144907 0
126728 0
109962 0
284620 0
107875 0
170793 0
169329 1
082123 1
219454 1
001377 0
169330 1
185666 0
195909 0
195257 0
132641 1
265499 0
190965 1
152908 1
063855 1
098957 1
177871 1
001753 0
143944 1
164167 1
254489 0
116991 1
116797 1
143888 1
175589 0
104640 0
141987 1
125112 0
148190 1
239089 1
205553 1
148191 1
125192 1
191599 1
029324 0
268246 0
125195 1
141966 1
078326 1
148196 1
148197 1
027092 1
148198 1
078254 1
019911 0
185855 1
150546 1
125196 1
185880 1
141969 0
085843 1
242258 1
012612 1
006475 0
284442 1
193983 1
193997 1
193832 1
012613 1
033275 1
193732 1
169376 0
219852 1
123010 1
060302 2
150547 1
150562 1
233728 1
233767 1
033352 1
233768 1
179915 0
043921 1
033344 1
089060 1
238609 1
068343 1
068310 1
179696 1
239059 1
181007 0
160868 1
053688 1
253349 0
138540 1
040622 1
160906 0
158282 0
117945 0
160827 1
113429 0
149049 0
116515 2
159039 1
116960 1
255914 1
026907 1
158944 1
071446 0
147385 1
147384 1
163637 1
255941 1
164704 1
158921 1
163514 1
163495 1
281167 1
255757 1
255850 1
014462 0
239926 1
110105 1
239801 1
255824 1
240106 1
240178 1
255615 0
240193 1
052900 0
123034 0
099124 0
131676 0
062910 0
280750 0
153307 0
143952 0
041084 0
007684 0
060902 0
167883 0
046460 0
153399 1
189675 0
133843 1
160020 1
190842 1
153406 1
133842 1
013747 1
146053 0
002795 1
181444 0
239803 0
234430 1
234791 1
124492 1
050051 0
152962 0
124510 1
275973 0
190564 1
181993 0
100958 1
139217 0
159413 0
193914 0
259010 0
160014 1
004882 0
087382 0
116946 0
180048 1
018578 1
004740 1
179780 1
159981 1
101008 0
272715 0
281698 0
180002 1
141646 1
178591 1
178651 1
253620 0
178625 1
179767 1
186730 1
118969 1
119003 1
008280 1
186729 0
233371 0
117008 0
221951 0
178586 1
194995 0
070853 0
242942 0
239496 1
054462 1
196370 1
180814 0
167069 1
015745 1
169151 1
019724 1
054298 1
169172 1
222793 0
191096 0
170473 1
170474 1
193843 1
019708 1
202344 1
104026 0
170463 1
087885 1
185915 0
087905 1
087906 1
018219 0
141752 0
140608 1
140607 1
160899 1
002499 0
018022 0
017023 0
147495 0
029399 0
020975 1
013185 0
169483 0
017741 0
020948 1
239024 0
007207 0
117018 0
020946 1
010837 1
269462 1
143649 1
191765 1
037806 0
131203 1
269472 1
269471 1
269461 1
154598 0
008544 0
188320 1
269423 1
199775 0
269554 1
191665 1
114588 1
088628 1
269534 1
136428 1
088778 1
220481 1
220479 1
016557 1
136438 1
230775 1
165266 0
238107 0
114563 1
235384 0
087208 0
251813 1
114589 1
251872 1
114593 1
035479 1
008658 0
167149 0
035482 0
080057 0
262747 1
014530 0
146996 1
074592 0
109407 0
108241 0
000947 0
211900 0
185013 0
266088 0
091267 0
247289 0
002699 0
016593 0
185848 0
010918 0
188445 1
099966 0
234620 1
071530 0
241767 1
063375 0
180198 0
200220 0
190720 0
268952 0
126447 1
103695 0
048249 0
026641 0
288654 0
202262 0
035723 1
217696 1
035690 1
035725 1
065220 1
162505 0
169924 0
065211 1
169358 1
157604 0
035726 1
271972 1
035722 1
065277 1
035703 1
019766 1
069015 0
239744 1
162687 1
035693 1
030505 1
144513 0
231435 0
148906 1
239746 1
071412 0
169359 1
051575 0
166787 0
265225 0
271860 1
272283 1
016618 1
203023 0
169377 0
124604 1
167150 0
158976 0
015035 0
148070 1
016586 1
133850 1
060320 0
108135 0
251533 0
012260 0
272306 1
194951 0
090011 1
128950 0
201105 0
050193 1
128714 0
271867 1
184606 0
195886 1
065728 0
013410 1
130961 1
184615 1
273579 0
158200 1
130929 1
270122 1
158207 1
270125 1
156917 1
228416 0
275932 0
230897 0
032654 0
277488 0
113498 0
156941 1
116919 0
146218 1
169925 0
065587 0
194080 1
070304 1
272188 0
167879 0
287670 1
258274 0
225664 0
103477 1
287677 1
143882 0
170398 1
286815 1
207674 1
286836 1
070203 0
286794 1
189891 0
170399 1
185972 1
287892 1
143645 2
231662 1
170375 1
149297 0
231895 0
286711 0
229437 1
128992 0
220910 1
011855 1
231658 2
231660 1
246794 1
286639 0
111417 0
229431 1
242979 1
010857 1
231278 1
143646 1
247365 1
143731 1
185984 1
193266 0
103376 0
248167 1
185981 1
108813 1
087350 0
191220 1
200504 0
180674 0
191146 1
109804 1
216531 0
009288 1
108573 1
121774 0
191976 1
108872 1
289155 0
068140 0
108619 1
108700 1
108786 1
108753 1
108620 1
108844 1
108794 1
128640 1
157943 0
191975 1
266110 1
266094 1
191825 0
128641 1
192134 1
089472 1
191836 1
002687 1
121775 1
028696 0
020739 1
217555 0
020732 1
193844 0
177816 0
146182 0
086478 1
052879 0
162517 0
111312 0
076770 1
136327 0
190952 0
002563 0
202826 1
161302 1
186059 0
076392 1
076393 1
081318 1
233979 0
167038 0
262539 0
161268 1
076345 1
076228 1
152011 1
170239 0
067709 0
219455 1
184616 1
060505 0
110823 1
163472 0
062868 0
272723 0
167039 0
146238 0
252518 0
243663 0
151350 0
190901 1
032632 0
170471 0
264823 1
259022 0
071541 0
271994 0
110752 1
190896 1
011435 0
111393 1
018248 0
110734 1
110757 1
195547 0
111642 1
077186 0
157605 0
267623 0
197303 1
111299 1
111471 1
104703 0
197066 1
197067 1
204312 0
111323 1
110739 1
111476 1
190603 1
267170 0
111647 1
110941 1
110848 1
111473 1
110951 1
111024 1
005288 1
111635 1
111631 1
111634 1
110783 1
110822 1
119734 1
111860 0
111401 1
240191 0
111029 1
111478 0
236265 1
236278 1
133618 1
111415 0
110022 1
196453 0
186062 0
111047 1
129093 0
110984 0
110083 1
116653 0
156204 1
144000 0
185612 1
156276 1
016644 1
001895 0
156283 1
048149 0
171922 1
003786 0
135509 1
182703 0
286712 0
163902 1
188707 0
112253 1
171670 1
112927 0
115636 0
185887 1
075911 2
193448 0
080542 0
075863 1
071410 0
164126 1
114323 0
195542 0
075872 1
111289 1
215009 0
262597 0
124653 0
155580 0
225924 1
225923 1
012018 1
085205 1
286721 0
242904 0
111239 0
124180 1
077034 0
111398 0
269509 0
219886 1
115523 0
267391 0
034379 0
219892 1
288119 0
219907 1
014230 0
009778 0
081811 0
009693 0
002836 0
182896 1
081359 1
081146 1
190302 0
091666 0
081336 1
068688 1
226354 0
020974 1
111240 0
068669 0
162954 0
020945 1
122460 1
122485 1
265829 0
071557 0
253246 1
010179 1
038219 0
089866 0
238843 0
122487 1
012117 0
150395 0
122461 0
240374 0
186048 1
254408 1
175685 1
266075 0
253078 1
195971 0
109299 0
255046 1
253245 1
069402 1
157495 1
157504 1
157505 1
175770 1
157503 1
235163 1
157496 1
008511 1
168597 1
169502 0
102575 1
157341 1
157433 1
281950 0
170293 0
077049 1
110986 0
168656 1
168598 1
168657 1
151186 1
211276 1
154114 0
211278 1
151152 1
179515 0
186999 0
255310 0
056270 0
234051 0
151166 1
211329 0
272301 0
240218 0
151172 1
024030 0
155981 1
156034 1
260781 0
181297 0
071688 1
043435 0
104861 1
159765 1
111000 0
234048 0
081685 0
179471 0
008740 1
153254 0
238968 1
099581 0
162614 0
156760 1
012707 1
151919 1
191540 1
122464 1
187212 0
203169 0
226534 0
278972 1
191515 1
191496 1
007414 0
009020 0
111214 0
278967 1
076662 0
157683 0
167929 0
012184 0
159219 0
181452 1
202084 0
266651 0
036381 0
039349 0
019365 0
255433 0
272983 0
001498 1
152111 1
124706 1
179757 0
124660 1
175622 0
152106 1
018774 1
151550 0
161851 0
231642 0
023736 0
129645 0
157606 0
125013 1
124007 1
124965 1
135680 0
229762 1
285426 0
187912 0
184431 0
180055 0
002385 0
128894 0
091206 0
229852 1
276527 0
040661 1
051113 0
101102 0
005600 0
007718 1
203115 0
247293 0
147481 0
121152 1
164575 0
194441 0
093371 0
213230 0
174672 0
001237 1
089167 1
129059 0
275317 0
254043 0
012377 0
118434 0
132030 1
048293 1
089148 1
032927 0
142097 1
089168 1
048321 1
142068 1
089955 1
108032 0
262308 0
185665 0
089674 1
139361 1
199259 0
201953 0
152981 0
139344 2
104730 0
124957 0
192721 0
132483 1
132496 1
185000 0
058341 1
154147 0
071414 0
172739 0
110412 1
222990 0
111075 0
158286 0
175588 1
133523 0
178234 0
151085 0
262474 0
259981 0
111043 0
154405 0
191677 0
169375 0
152134 0
121466 0
070395 0
132982 0
278742 1
158665 0
278794 1
190105 1
120767 0
189915 1
196199 0
190091 1
266117 0
217910 0
128593 0
063956 0
069468 0
071479 0
183965 0
239854 0
191719 0
074625 0
182326 0
064632 0
163529 0
266239 0
000618 1
176694 1
176692 1
163805 1
264960 1
184132 0
278181 0
155853 1
176690 1
202760 0
176689 1
108756 0
128717 0
039842 0
087348 0
227568 0
233403 1
233448 1
286638 0
137599 0
167560 0
153547 1
067764 0
225084 1
163689 1
163701 1
275182 1
016530 1
183676 0
145705 0
225078 1
232632 0
019392 0
111805 1
275269 1
133517 1
178462 0
126350 0
050801 1
017737 0
233380 0
050824 1
275419 1
232212 1
002611 1
114964 0
012873 0
271871 0
141905 0
232246 1
013947 0
148350 1
167880 0
041495 0
152974 1
077261 0
140409 0
180255 0
266403 0
286722 0
016900 0
038215 0
196633 0
236420 0
141425 0
010527 0
233389 0
144924 0
129750 0
023625 0
190479 0
155324 0
118346 1
080051 0
002566 1
104714 0
126343 0
114950 0
138897 1
003605 0
132755 0
172844 1
188692 0
115053 0
163239 1
149290 0
004365 0
172908 1
138788 1
138847 1
163163 1
138858 1
286551 1
163107 1
006568 1
172841 1
163104 1
149681 0
192205 0
118497 0
241065 0
260208 0
002068 0
256813 1
124036 0
137213 1
255998 0
017791 0
147468 0
253540 0
068011 0
155311 0
151372 0
158838 0
119969 0
196136 0
049314 0
006027 0
181170 0
204446 0
119970 0
164880 0
288636 0
050941 0
239509 0
196288 0
056339 0
062147 0
190515 0
260868 0
157346 0
198888 0
265804 0
124547 0
139905 0
145483 1
036409 1
145486 1
101933 0
145480 1
064343 0
082468 1
092489 0
171862 1
000653 0
123474 0
280589 1
086790 0
185904 0
036367 1
239928 0
177201 0
126272 1
133731 0
179916 0
162862 0
175989 0
148866 0
024025 0
119209 0
042653 0
196801 0
115047 0
116931 0
014944 0
123037 0
014876 0
205983 0
104652 0
072026 0
166112 0
150685 0
012427 0
113629 0
137959 0
039508 0
136572 0
059072 0
196727 0
195885 0
048912 0
278263 0
231373 0
163003 1
273102 0
238804 0
257953 1
160977 1
161033 0
257964 1
164823 1
011047 1
259115 1
119018 0
257969 0
115606 0
115729 0
029341 0
193209 1
259135 1
079964 0
012352 0
259139 1
259162 1
259175 1
099588 0
286726 0
193210 1
259180 1
257378 1
257447 1
260047 1
023607 0
193212 1
200254 0
186072 0
193285 0
027550 0
089471 1
164905 0
127308 1
014770 0
096707 0
164573 0
193580 0
127322 0
161029 0
139939 1
144197 0
289221 0
170932 0
237717 0
262401 0
185799 0
183932 0
185661 1
245019 0
009049 0
119446 0
185659 0
083320 0
186115 0
087369 0
190201 0
107879 1
048264 1
149770 0
127376 0
173653 0
157607 0
149810 0
182045 0
203537 0
281977 0
107984 0
174990 1
112677 0
197501 0
111250 0
174954 1
111238 0
253613 0
027082 0
014143 1
253056 0
009889 0
223106 0
104585 0
188649 0
107959 0
185320 1
151864 1
069263 0
147176 0
185243 1
127355 0
032949 0
115905 0
289672 0
195210 0
167931 0
071485 0
199184 0
139934 0
007556 0
122080 0
169883 1
168543 0
168319 0
143630 0
024340 0
243982 0
163790 1
157060 1
163791 1
004008 0
132782 0
199615 1
199631 1
129644 0
145669 0
038967 0
160319 0
190294 0
233915 0
107948 0
158111 0
091332 0
006740 0
225211 0
157062 1
021376 0
258967 0
141663 0
137146 0
108142 0
064337 0
006981 0
134293 1
097822 0
190163 0
134273 1
185797 0
172269 0
133837 1
289774 0
258596 1
177602 1
124551 0
133833 1
133787 2
258598 1
177601 1
182347 0
258593 1
258678 1
133799 1
262751 0
257978 0
170012 1
109836 0
143031 0
198267 1
258997 1
125147 1
259019 1
258640 1
012296 1
191140 0
087589 1
262837 0
092220 0
108349 0
198436 1
258996 1
259018 1
199048 1
102641 0
129003 0
046422 0
181902 0
060297 0
129785 1
198274 1
201967 0
005887 0
065267 0
029397 0
042420 0
223690 0
280474 0
037741 0
167079 0
016704 0
261645 0
125709 0
266089 0
001727 0
266242 0
290045 0
144244 0
000482 0
282640 0
027696 0
108035 0
166977 0
271934 1
271963 1
007767 0
129006 0
002444 1
124639 0
154115 0
191572 1
173929 0
122100 0
191570 1
143902 0
043436 0
014061 0
115243 0
210936 1
007779 0
258874 0
172094 1
064849 0
104658 0
259415 0
210933 1
000952 0
170472 0
192950 0
167080 0
242113 0
191565 1
192571 0
256895 0
004636 1
207243 0
008083 0
008643 0
201462 0
109577 0
090381 0
141261 0
171991 1
063386 0
016623 0
038175 0
265448 0
144473 0
191799 0
162377 0
230778 1
209817 0
163019 0
100877 0
013741 0
274796 0
254008 0
076397 0
185847 0
240452 1
157029 0
152487 0
155549 0
132910 1
176414 0
208750 0
034336 0
012037 0
199289 0
149484 0
198894 0
150275 0
149307 0
014493 0
200645 0
029147 0
120196 0
188388 0
141033 0
195344 0
159233 0
244003 0
224242 0
008502 1
203175 0
132938 1
151330 1
152987 0
167932 0
202264 0
124690 1
127126 1
000917 0
081147 0
126962 1
218879 0
224035 0
132952 1
132955 1
104619 0
266832 0
076928 0
004755 0
115276 0
196638 0
281105 1
281109 1
159501 1
090031 0
013094 0
255999 0
158528 0
102026 0
137169 0
154178 1
238250 0
154231 1
171480 0
079982 0
286727 0
276413 0
167460 0
034696 0
160293 0
276770 0
262430 0
033315 0
152837 1
152821 1
044622 0
028461 0
269432 1
224511 0
159599 0
013097 0
066956 1
076074 0
017728 0
269725 1
168557 0
197129 1
288719 0
269727 1
046420 0
197144 1
269680 1
269729 1
102200 0
101790 0
202707 1
025526 0
016870 0
152864 1
076819 0
262646 0
009722 1
181392 0
001011 0
125901 0
152863 1
090379 0
275892 0
014213 0
109293 0
067650 0
122122 1
155593 1
207029 0
155224 1
155322 1
155548 1
180573 0
154760 0
170782 0
155219 1
155230 1
155216 1
109522 0
286514 1
018134 0
200292 0
142284 0
244025 0
096690 0
286502 1
170317 0
153884 0
163833 0
012307 0
164701 0
155831 0
104587 0
146415 0
001839 0
006603 0
169760 1
196610 0
181320 1
267351 0
212280 0
144616 0
169761 1
169676 1
290051 0
266530 0
155778 1
190951 0
022311 0
157608 0
013180 0
081664 0
017727 0
103362 0
124002 0
186680 0
022498 0
040858 0
199025 0
239094 0
159009 0
049376 0
162950 0
035270 0
002321 0
152988 0
025097 0
196634 0
128590 0
156999 0
001443 1
250727 0
017642 0
123236 0
258960 0
191104 1
070851 0
178024 0
058793 1
058602 0
121125 0
238231 0
179209 0
038339 0
131992 0
067289 0
149298 0
142197 1
192162 0
027895 0
156518 1
181022 0
157840 0
196264 0
156332 1
262601 0
131720 0
157363 0
102436 0
156307 1
015772 0
139845 1
139776 1
258272 0
231866 0
238808 0
180468 0
041190 0
233190 0
226696 0
139621 0
122866 0
100866 0
191652 0
195601 0
075540 0
141901 1
199882 0
143788 0
120077 0
186494 0
278347 0
154896 0
194955 1
264955 0
139550 0
244005 0
211535 0
162518 0
149874 0
201711 0
240768 1
157597 1
157595 1
062134 0
151504 1
238273 0
196311 0
151527 1
180812 0
104024 0
242224 0
204482 0
092912 0
144063 0
094044 1
161392 0
021953 0
094058 1
075913 0
239982 0
242253 0
012919 1
157399 0
013084 0
178149 0
171852 0
162496 0
127504 0
226264 0
202073 0
145900 0
192855 0
145924 1
182470 0
090574 0
155577 0
192627 0
221956 0
255314 0
259125 1
176381 0
017751 0
128012 0
019363 0
153912 0
030525 0
187956 0
077070 0
029146 0
266576 0
180220 0
140509 0
192131 0
010958 0
147992 0
147353 0
166391 0
095436 0
228813 0
162506 0
133241 0
218483 0
113364 0
125642 0
124429 0
140512 0
136132 0
119027 0
155365 0
004118 0
060949 0
279246 0
127726 0
169137 0
121448 0
254370 0
180259 0
191172 0
227829 0
117966 0
157532 0
140719 0
262367 0
242261 0
193720 0
226345 0
091157 0
008250 0
227586 0
176958 0
163578 0
258597 0
138992 0
179725 0
210422 1
108839 0
101530 0
139740 0
087330 1
192392 0
110631 1
037803 0
115840 0
167299 1
036827 0
225218 0
085876 0
167206 0
110459 0
100256 0
030205 0
027992 0
141959 0
086917 1
198938 0
163560 0
076530 0
009081 0
185689 0
181932 0
016354 0
164713 0
155291 0
222989 0
225217 0
087345 0
176953 0
216596 0
029482 0
239876 1
134071 0
039844 0
255045 0
121363 0
087391 0
157088 0
014863 0
090631 1
166414 0
142362 0
161843 0
012200 0
014760 0
012102 0
090612 1
090620 1
093785 0
017268 0
241382 0
061173 0
006776 0
146328 0
079078 0
168958 0
005998 0
239025 0
241950 0
042126 0
152452 0
125859 0
224181 0
147375 0
070708 0
141108 0
045248 0
159021 0
195790 0
033771 0
075529 0
238946 0
289659 0
116943 0
191824 0
289395 0
024258 0
256780 0
127495 0
190692 0
156155 1
271865 0
138894 0
137634 0
043657 0
015815 0
090074 0
240177 0
235622 1
235651 1
235655 1
235678 1
235965 1
196107 0
254407 0
005479 0
159024 0
197028 0
034385 0
156170 1
080186 0
156171 1
184865 0
202161 0
014673 0
007873 0
085571 1
109894 0
288737 0
090610 0
135096 0
157609 0
132550 0
124776 0
136089 0
070232 0
171505 0
198579 0
158550 0
290009 0
128571 0
007159 0
235621 0
231110 0
140066 0
109797 0
278705 0
199423 0
083975 0
140126 0
189913 1
133798 1
144106 0
219446 0
190166 1
039225 1
075602 0
039230 1
158559 0
004989 0
033747 1
183971 1
251333 0
201514 0
186073 0
271878 0
259837 0
040850 1
040826 1
230007 1
240192 0
131952 0
277169 0
235964 0
220591 0
032957 0
124001 0
213139 0
158026 0
020301 0
031949 0
236460 0
244544 0
259882 0
012872 0
013670 1
227877 0
190831 0
091901 0
019633 0
191180 0
286795 0
256774 0
018218 0
185663 0
002437 0
185982 0
035525 0
149357 0
001799 0
034663 0
195889 0
093081 0
010397 0
090041 0
042616 0
274661 0
180990 0
098427 0
059497 0
028205 0
188625 0
076408 0
138199 0
290099 0
188627 0
001141 0
203350 0
019587 0
034699 0
098617 0
065465 0
180389 0
173041 0
028116 0
101370 0
078726 0
019590 1
071617 0
039019 0
181001 1
198622 0
242491 0
039228 1
170571 0
112699 0
025781 0
034384 0
161857 1
024339 0
081160 0
181120 0
197345 0
161859 1
190674 0
045136 1
010877 0
199991 0
234979 0
042663 0
015323 0
012282 0
255129 0
034453 0
089942 0
273696 0
135245 0
121471 0
185845 0
156038 0
016411 0
104790 0
091240 0
127775 0
000733 0
249127 0
161550 0
171832 0
205704 0
232805 0
152346 1
282360 0
221952 0
111139 0
110881 0
071525 0
137896 0
139788 0
018848 0
065209 0
123212 0
089729 0
224320 0
225632 0
011002 0
158137 0
005497 0
185989 0
189321 0
191974 0
012372 0
026347 0
266384 0
232121 0
258875 0
138331 0
230796 0
142603 0
139137 1
128620 0
157610 0
139139 1
144167 0
111946 0
183722 0
004992 0
153828 0
141112 0
191115 0
143262 0
031946 0
189322 0
012327 0
007629 0
002965 1
195594 0
074670 0
187949 0
134133 1
288774 0
025628 0
262836 0
154441 0
178270 1
030202 0
220403 0
072232 0
183133 0
143000 0
203160 0
157641 0
002961 0
069392 1
102565 1
069340 1
111772 0
102513 1
193418 0
236195 1
081086 0
285276 0
108248 0
163998 0
160304 0
154673 0
180086 0
017553 0
005063 1
236212 1
263373 0
262538 0
090585 0
289971 0
109964 0
125854 0
227090 0
007363 0
254023 0
023741 0
152096 0
143976 0
042779 0
011929 0
086670 0
199995 0
288779 0
192393 0
004351 0
261241 0
239984 0
125889 0
016560 0
089010 0
237676 0
230461 0
112865 0
016405 0
235683 1
033294 0
115516 0
193871 0
268426 0
011714 0
014943 0
285246 0
180175 0
034583 0
122895 0
289979 0
227680 1
128622 0
183742 0
168850 1
153903 0
139140 0
132646 0
161783 0
227794 1
042395 0
197348 0
159072 0
079015 0
168683 1
098928 0
119963 0
193550 1
033104 0
049233 0
094124 0
256814 0
074574 1
201952 0
120724 0
000430 0
074828 1
111281 0
027454 0
180013 0
148523 1
271315 0
108922 0
060401 0
178406 0
287748 1
129294 0
037696 0
109524 0
166595 1
068905 0
145849 0
128665 0
228417 0
201561 0
166772 1
272460 0
166773 1
118602 0
145868 0
040370 0
266225 0
012492 0
108567 0
143796 0
180180 0
038576 0
167859 0
034151 0
117398 0
171187 1
280867 0
122650 0
161349 0
188397 0
131650 0
068178 0
177088 0
099369 0
171180 1
166907 0
131119 0
189745 0
185287 0
099846 0
119358 0
234962 0
189879 0
100831 0
285388 0
166978 0
001298 0
246778 0
284641 0
091540 0
167960 0
205714 0
152342 0
028509 0
275506 0
091639 1
012112 0
180008 0
290007 0
187317 0
039100 0
109798 0
104698 0
077988 0
199013 0
179724 0
098297 0
021353 0
201754 0
140623 0
038280 0
278355 0
138969 0
081125 0
289653 0
242279 0
027263 0
175923 0
027625 0
060586 0
140886 0
149724 0
004990 0
211021 0
193618 0
122931 0
218560 0
090569 0
012822 0
090807 0
081760 0
191481 0
235653 0
141009 0
228044 0
000985 0
239524 0
021307 0
140657 0
281965 0
003251 0
235554 0
222081 0
144409 0
193577 0
207952 0
041877 0
011128 0
241972 0
128653 0
181171 0
159334 0
201132 0
033378 0
176365 0
270642 0
067261 0
265287 0
217882 0
220472 0
267804 0
242013 0
155837 0
271052 1
090549 0
244338 0
159027 0
163887 0
152336 0
195777 0
028697 0
082363 0
098556 0
111363 0
001452 0
071701 0
068618 0
193704 0
169923 0
208996 0
071531 0
182341 0
061612 0
039801 0
008561 1
173188 0
131386 0
289377 0
230598 1
176948 0
008629 0
287003 0
193562 1
146123 1
242232 0
067985 0
193558 1
252664 1
252756 1
040064 0
193566 1
252760 1
186789 0
020300 0
193599 1
230594 0
122174 0
008131 0
083200 0
217654 0
276987 0
183875 0
268967 0
142354 0
199027 0
127509 0
195835 0
195936 1
195539 1
019121 0
033118 0
084068 0
286865 0
226451 0
190624 1
252605 0
192635 1
146832 0
125710 0
116434 0
187304 1
187303 1
192581 1
120078 0
096417 0
111918 0
083274 0
258771 0
128604 0
204830 0
088622 1
159030 0
069093 0
111104 0
064260 0
238953 0
003094 0
151635 0
121223 0
167767 0
028414 0
273700 0
041155 0
015163 0
155108 1
081446 0
155109 1
236323 0
053306 1
103405 0
111886 0
239455 0
241505 0
225210 0
211553 0
017454 0
254570 0
084280 0
183723 0
195647 0
043598 1
100832 0
124406 0
182484 0
238063 1
143969 0
146108 0
031047 0
239264 0
249773 0
267377 0
042207 0
164858 0
239093 0
028025 0
116717 0
098563 0
079428 0
199207 0
010558 0
099649 0
240045 0
112673 0
137880 0
128655 0
144118 0
175716 0
043606 0
133709 0
091633 0
180076 0
163020 0
163668 0
104874 0
233683 0
268007 0
009811 0
085164 0
270941 0
262568 0
117718 0
138953 0
111003 0
252638 0
280778 0
182785 0
127855 0
118552 0
077946 0
086680 1
009378 0
061125 0
034339 0
082068 0
130209 0
195283 0
134952 0
148598 0
179723 0
169138 0
010467 0
193755 0
226705 0
015270 0
190134 0
006128 0
142193 0
225178 1
155854 0
239831 0
043433 0
177858 0
254360 0
160651 0
288646 0
182639 0
010391 0
002975 0
225176 1
168996 0
123462 0
270315 1
286816 0
270334 1
258894 0
270325 1
092559 0
008223 0
152032 0
158408 0
171101 0
110904 0
226390 0
053290 0
255403 0
160654 0
078022 0
157611 0
182612 0
265501 0
228777 0
065941 0
257333 0
164049 0
213516 0
178432 1
069425 0
191385 0
000165 0
178431 1
239530 0
148560 0
133968 0
121588 0
181091 0
118151 0
190136 0
027152 0
042450 0
270333 0
069242 1
144920 0
102415 1
069204 1
102377 1
060535 0
110347 0
285275 0
142302 0
195517 0
191464 0
131581 0
148120 0
265449 0
182473 0
156511 0
143447 0
083421 0
239409 0
209658 0
154230 0
045325 0
113681 0
195966 0
286837 0
015550 0
265727 0
241133 0
057932 0
109120 0
065591 0
259610 0
000935 0
265546 0
114819 0
013005 0
119210 0
195749 0
167161 0
142248 0
264242 0
193359 0
220329 0
157034 0
196363 0
266103 0
046970 0
011167 0
122867 0
156621 0
121587 0
105405 0
225229 0
045558 0
287999 1
288019 1
270490 0
122953 0
064451 0
046417 0
139844 0
028786 0
148499 0
192479 1
129283 0
191834 0
263555 0
138314 0
230561 0
120931 0
159984 0
032910 0
226493 0
188143 0
140606 0
170462 0
020998 0
218546 0
033205 0
166897 0
062356 0
288813 0
278179 0
198573 0
149925 0
258746 0
028169 0
063923 0
158077 0
226156 0
157783 0
147453 0
018661 0
187215 0
265218 0
071953 0
073897 0
190895 0
241979 0
175791 0
218020 0
252840 0
169503 0
157536 0
024376 0
065756 0
119528 0
141149 0
254562 0
158169 0
119359 0
138924 0
285050 1
127884 1
127911 1
064547 0
287671 0
109543 0
259320 0
072258 0
169391 0
158455 0
013897 0
145866 0
274578 0
214078 0
134021 0
048206 0
190292 0
186677 0
113719 0
276877 0
083939 0
168151 0
081262 0
028460 0
016835 0
154805 0
022519 0
242286 0
148798 0
198110 0
164471 0
242207 0
144364 0
131684 0
009740 0
233212 0
240236 0
007716 1
120727 0
289374 0
276886 0
090240 0
285762 1
271901 0
161816 0
081245 0
226543 0
285826 1
206445 0
157206 0
202513 0
095675 0
273009 0
010369 0
131615 0
270040 0
230507 0
258931 0
108630 0
148059 0
004590 1
018414 0
223030 0
285854 0
197804 0
130789 0
268869 0
257294 0
060952 0
080215 0
004477 0
139778 0
105431 0
098700 0
041184 0
021275 0
116932 0
121290 0
038315 0
238621 0
