088377 0
286395 2
286399 2
286386 2
286396 2
286400 2
286382 2
285767 2
285768 2
285815 2
285825 2
285899 2
285887 2
244767 0
130439 0
005506 2
120088 2
120069 2
120068 2
120058 2
203620 0
005772 2
120387 2
005643 2
279973 0
185897 0
093922 2
093953 2
093977 2
093928 2
094023 2
093930 2
090603 1
090592 1
088417 2
088415 2
088397 2
088407 2
088379 2
088385 2
088383 2
089355 1
089341 1
089330 1
088766 1
088750 1
010889 0
074993 2
075013 2
085625 0
093987 0
009419 1
121877 1
131687 2
131709 1
081504 1
007704 0
154796 0
077611 2
075680 0
096701 1
096698 1
090100 2
090190 2
089356 0
009912 2
122256 2
090405 0
095887 0
131213 0
147168 1
072242 0
220439 0
117974 0
017960 0
288803 0
147167 0
053401 0
147413 0
075738 2
080312 0
034684 0
079568 0
052029 0
008054 1
112560 0
007607 0
007247 0
050368 0
057286 0
130870 0
134512 0
185201 0
095877 0
226002 0
096005 0
077174 0
094117 0
071243 0
151800 0
146041 0
218020 0
019394 0
077733 0
071086 0
163454 0
004691 0
254384 0
126596 1
100940 0
197585 0
115383 1
098568 1
098542 1
135034 0
009422 0
101997 0
114974 0
088119 0
032709 0
114976 1
083620 0
048133 0
118899 0
098901 0
134305 0
089488 0
115518 0
127120 0
206271 0
095197 1
137358 0
253706 0
286218 0
138058 1
180663 1
142237 0
058162 0
114878 0
047488 0
223983 1
224168 1
004768 0
192708 0
064937 0
248099 0
116349 1
116392 1
116727 1
121883 0
115344 0
040008 0
055369 0
107749 0
100183 0
069333 0
108724 0
255012 0
275523 0
077133 0
002046 0
125006 0
071589 0
028674 0
004790 0
013253 0
231238 0
116966 0
116033 0
075101 0
052026 0
284253 0
276190 0
065177 0
262120 0
040024 0
184801 0
061180 1
061162 1
041694 0
077591 0
211838 0
185204 0
077460 0
135443 0
062859 0
233923 0
182269 0
044497 0
074805 0
017311 0
114112 0
117973 0
130409 0
247680 0
244768 0
044350 0
111539 0
000916 0
093936 0
117333 0
142436 0
181607 0
261876 2
186956 0
086524 0
060962 0
000328 0
183443 0
077232 0
033229 0
251742 0
088177 0
006390 0
039934 0
105415 0
111749 0
149156 0
288798 0
077750 0
115378 0
071308 0
272888 0
253967 0
176032 0
018972 0
015018 0
255177 0
004910 0
177436 0
211808 0
059778 0
070428 0
077445 0
112817 0
038501 0
062852 0
083621 0
010412 0
009706 0
121897 0
170847 0
113988 0
