286272 1
286284 1
286273 1
286285 1
007096 2
112891 1
283431 0
259908 2
259912 2
261876 1
260139 1
260123 1
125938 2
014790 2
125937 2
186961 2
186956 2
177436 2
271118 1
269835 1
263037 0
173708 1
237814 1
286158 0
178283 1
285938 2
280109 0
027498 1
254227 0
283890 0
191743 1
191730 1
191800 2
191846 2
288012 2
062515 2
210687 0
097341 2
097347 2
099178 2
099213 2
099347 2
288789 2
026003 1
026004 1
286617 2
019356 1
019347 2
053532 1
053149 1
053147 1
050290 1
050400 1
050557 1
050487 1
050515 1
050567 1
028881 1
029086 1
029429 1
046800 1
046890 1
082067 1
053689 1
054314 1
025623 1
053972 1
053928 1
029463 1
029466 1
085069 1
025164 1
053469 1
053300 1
039289 1
039287 1
055051 1
053210 1
053205 1
267034 1
267063 1
053211 1
053180 1
054363 1
054399 0
053779 1
059432 0
048687 1
054303 1
054556 1
050595 1
288788 0
054477 1
054113 1
054952 0
054888 0
088968 1
050674 1
050571 1
050579 1
050586 1
015427 0
042924 0
052689 0
053267 1
053316 0
088863 1
053100 1
058832 0
053123 0
283455 0
054744 0
052142 1
129362 0
108174 0
046386 1
046391 1
035205 1
278751 0
004200 1
008997 0
054229 0
052810 1
053292 1
024451 1
195750 0
024431 1
024468 1
053708 1
053907 1
053213 1
054038 1
053208 1
178930 1
054169 1
064251 0
026832 1
054255 1
026825 0
144131 1
057618 1
144144 1
008592 1
047185 1
047400 1
056786 1
057171 0
285959 0
024911 0
036502 0
023590 0
052862 1
052756 0
131212 0
052846 0
060879 1
124482 0
035091 0
054262 1
050984 0
123257 2
123149 2
014728 2
126368 2
126369 2
186942 1
082922 1
077388 1
077400 1
051830 1
258272 0
274466 2
189150 1
196490 0
053958 0
051312 1
051299 0
288786 0
066174 0
141460 0
048921 0
286124 1
286138 1
023574 0
083557 0
120907 0
082889 1
079832 1
086767 1
086800 0
092399 0
051048 0
028284 0
230911 2
177927 0
000221 0
284274 0
056968 0
010479 2
169115 0
165415 0
259590 0
099552 0
098874 0
139127 0
048739 0
045138 1
044668 0
284479 0
053519 0
054955 0
283512 0
053085 0
178501 0
170354 0
257562 0
009658 2
284287 0
009401 1
057969 1
057972 1
074907 0
125314 0
120848 0
015131 0
176435 0
100975 1
110285 0
257511 0
059365 0
036054 0
053075 0
117885 0
129352 0
278756 0
283631 0
234784 1
234729 1
054048 0
000632 1
050903 0
071465 2
104638 2
065771 0
005146 0
065390 0
121514 0
257788 0
289754 1
026027 0
111402 0
029151 1
028171 2
068580 2
028172 2
083569 0
053199 0
066812 1
260436 0
279832 0
216287 0
196526 0
031183 0
030119 0
092379 0
008526 1
164307 0
114499 0
272004 0
021548 0
243935 0
079313 0
124794 0
070348 2
103521 2
052306 0
058938 0
212001 2
204350 0
004899 0
286132 0
182419 2
279780 2
079010 0
025534 0
279783 0
204358 0
157127 2
157160 0
064781 0
052338 0
079485 0
108274 0
074955 0
052068 0
259980 0
027006 0
093068 0
011507 0
279841 0
079492 0
279836 0
066403 0
288787 0
064252 0
220084 0
080322 0
189433 0
283244 0
023532 0
093120 0
206821 0
233375 0
056009 0
185368 0
095140 0
051801 0
266636 0
111311 0
086579 0
004955 0
004861 0
256646 0
209083 0
055781 0
279708 0
018053 0
050996 1
004127 0
050542 1
054867 0
051016 0
288138 0
131213 0
069495 0
075907 0
101140 0
026991 0
077672 0
164305 0
169116 0
257518 0
242630 0
113654 0
066409 0
065635 0
165353 0
052288 0
196523 0
063568 0
052388 0
285064 0
229046 0
272492 0
189178 0
098252 0
067094 0
069906 0
099099 0
056870 0
099323 0
287065 0
129353 0
263758 0
260026 0
158989 0
236984 0
131268 0
027570 0
036646 0
061422 0
111418 0
285996 0
162790 0
286004 2
024914 0
124506 0
054055 0
220152 0
270691 0
121553 0
209097 0
191030 0
017448 1
282704 0
252243 0
040794 0
173317 0
112749 0
053128 1
074559 1
074560 1
053399 0
236311 0
127443 0
173874 0
189967 0
113603 0
000545 0
022300 0
042386 0
085338 0
057577 0
127784 0
035498 0
130994 0
165274 0
053808 0
229044 0
087762 0
145787 0
213687 0
041693 1
120866 0
067145 0
078713 0
169072 0
274751 0
054110 0
117797 0
086310 0
222229 0
053190 1
220175 0
