256945 0
230335 2
230340 2
230428 2
230355 1
230426 2
206291 1
206280 1
206269 2
230364 2
230363 2
193018 0
223497 2
196063 2
204674 2
204476 2
231924 0
258140 1
275039 0
230344 1
230337 2
198025 1
198244 1
197756 1
197214 1
197205 1
193241 2
192655 2
192663 2
192675 2
192677 2
192678 2
243031 1
184158 2
184192 2
258353 1
273940 1
235789 1
253810 1
234111 1
234068 2
234066 1
234114 1
253813 1
194742 1
194745 1
274541 1
256116 1
237009 1
229488 1
227723 1
275171 1
254519 1
254610 1
237403 1
277428 1
225396 1
225455 1
225391 1
182488 2
225781 1
225764 1
276653 1
280219 1
253648 1
279053 1
234849 1
234835 1
234820 1
170618 2
274684 1
279055 1
190852 1
200051 1
234744 1
273448 1
232476 1
273216 1
279002 1
176308 2
234736 1
235141 1
267334 1
158185 2
202248 2
202805 2
221180 1
018787 1
152397 2
192394 1
192572 1
152394 2
286424 1
012750 2
190644 2
234413 1
157915 2
231898 1
153792 1
286427 1
191185 2
198024 1
211234 1
158186 2
268961 1
226749 1
210727 1
230065 2
197763 1
256582 1
228971 1
253072 1
267160 1
276458 2
191890 1
274755 1
171519 1
244416 1
256447 2
243640 1
243634 1
236111 1
267238 1
287546 1
160331 2
159852 2
256043 1
201220 1
267401 1
255652 1
284974 1
154786 1
255674 1
269307 1
285320 1
198889 1
254994 1
239343 1
240271 1
285304 1
279422 1
154568 1
229438 1
257108 1
268031 1
267933 1
154591 1
154775 1
269168 1
210361 1
163471 0
199042 1
199044 1
184530 2
275049 1
287774 1
199096 1
213213 1
275053 1
199069 1
199068 1
275057 1
275060 1
279064 1
257589 1
275022 1
284985 1
221402 1
184556 2
179398 1
263989 1
162819 2
002815 1
184588 2
164146 0
184555 2
244319 1
244305 1
244397 1
244399 1
154482 1
155031 2
154490 1
154881 0
184518 2
278512 1
196081 1
276906 1
257973 1
187255 2
257974 1
274365 1
271679 1
259841 1
154898 1
274670 1
274764 1
221887 1
274719 1
241490 1
259514 1
018698 1
216295 1
244910 1
164091 1
149142 1
219675 1
259015 1
155576 1
219727 0
276658 1
129926 0
187259 2
002622 2
197039 1
192945 1
282846 1
010786 2
282864 1
258195 1
254248 1
221656 1
282847 1
127117 2
158714 1
221429 1
274779 1
229631 2
274562 2
127264 1
082641 1
274680 1
274662 1
127279 2
274658 1
270939 1
221637 1
270986 1
270958 1
220748 1
222055 1
201672 2
221581 1
158606 1
270993 1
284330 1
138290 1
138253 1
270987 1
165387 1
278243 1
082639 0
192558 1
276843 1
222521 1
271313 1
257361 1
270967 1
257402 1
169647 1
201691 2
173331 2
138289 0
276861 1
255411 1
156647 2
257302 1
277173 1
257307 1
173330 2
153710 1
257370 1
153712 1
154734 0
156642 1
162876 2
244972 1
244964 1
276864 1
244971 1
274678 1
244973 1
162882 2
274996 1
244974 1
275400 1
247029 1
277175 1
274620 1
274625 1
071106 1
104279 1
274786 1
275074 1
158948 2
278702 1
247385 1
139392 1
153085 2
275061 1
247415 1
071104 1
274797 1
255347 0
275062 1
162056 2
276744 1
278785 1
139475 2
253699 1
276971 1
275079 1
269894 1
274685 1
275403 1
153052 1
247028 1
277000 1
152398 2
104277 1
138763 0
275001 1
253793 1
275000 1
274716 1
274772 1
138385 1
274997 1
279051 1
274711 1
151313 1
279059 1
275212 0
275486 1
253822 1
152276 1
274998 1
253853 1
254373 1
151310 1
274713 1
151545 2
279065 1
274736 1
247384 1
274768 1
274706 1
274703 1
275416 1
275395 1
254379 1
275415 1
274783 1
274741 1
275396 1
173202 2
275002 1
254381 1
254383 1
274739 1
275402 1
254391 1
274962 1
276664 1
274579 1
163129 2
173207 2
274841 1
275413 1
276677 1
274746 1
275399 1
274777 1
275125 1
154771 1
253086 0
153556 1
274778 1
275038 1
275414 1
275135 1
274740 1
275260 1
275137 1
151544 1
275163 1
151306 1
163126 2
274737 1
275076 1
274762 1
153558 1
151318 1
201954 2
274709 1
274742 1
274712 1
275401 1
153571 1
156693 2
274724 1
256890 2
153535 1
256888 2
257094 1
274573 1
274836 1
274635 1
275068 1
151305 1
016029 1
276648 1
275275 1
275078 1
274838 1
274757 1
275069 1
148992 1
274733 1
156124 2
275121 1
172929 2
274732 1
274601 1
275178 1
242333 2
274815 1
172878 1
242337 1
150202 1
000106 1
275151 1
274871 1
274873 1
137821 1
137861 1
275030 0
210492 1
275026 2
137833 1
275857 1
137856 1
274595 1
137364 1
202656 1
173213 2
257172 2
137374 1
176466 1
173216 2
274600 0
274820 1
274626 1
257140 1
154427 1
150125 1
274744 1
257110 1
257166 1
269074 1
257313 1
150117 1
269048 1
276844 1
276849 1
274701 1
266772 1
274570 1
276748 0
137316 1
156351 1
154788 2
257324 1
275033 1
274632 1
137293 1
266768 1
268780 1
275664 1
275659 1
274674 1
257320 1
274760 1
137288 2
274749 1
274720 1
274727 1
167223 0
266443 1
275071 2
266072 1
173248 2
275081 2
274566 1
274667 1
173257 2
257321 1
266069 1
266362 1
154789 2
267629 1
266784 1
286426 1
002315 1
268954 1
265315 1
265282 1
173314 2
269614 1
138292 0
268960 1
173318 2
265329 1
265245 1
268611 1
256932 1
267124 1
269611 1
133162 1
275006 1
256880 1
273426 1
278547 1
278615 1
269020 1
256970 1
278684 1
257443 1
268663 1
265224 1
268674 1
274568 1
269465 1
257161 1
276767 1
273451 1
268944 1
257390 1
165747 1
257038 1
161388 1
278640 1
274775 1
268678 1
269602 1
278641 0
267989 1
269036 1
274636 1
257138 1
257499 1
161146 1
274627 1
161847 1
283475 0
257438 1
165837 1
226869 0
276992 1
195894 1
276996 1
257393 1
256867 1
274640 0
165833 1
257503 1
268762 1
273221 1
276002 0
269547 1
257117 1
165875 1
157679 1
286423 1
165716 1
153968 2
154824 1
165743 1
153978 1
014352 1
257937 1
256892 2
157893 2
274807 1
161176 1
173334 1
189917 1
157887 1
166056 1
237434 1
276651 1
173650 1
153738 1
147163 0
256931 2
274801 1
237420 1
172953 2
158036 1
173326 2
274805 1
172954 2
274747 1
173386 1
173411 0
274748 1
173329 2
276357 1
276359 1
173347 2
276338 1
173381 1
160817 0
154826 1
270981 1
161303 1
015890 1
237419 1
016635 1
276380 1
274830 1
237435 1
278532 1
173408 1
276566 1
161356 1
278538 1
270935 1
232463 2
201070 1
270889 1
271032 1
173686 1
119489 0
270881 1
253389 0
271036 1
173898 1
154131 1
276593 1
137220 2
012969 0
201148 1
275430 1
277003 1
012978 0
275283 1
190808 1
190778 1
154126 2
190827 1
231017 0
201060 0
275472 1
275292 1
275280 1
257237 1
141561 2
257234 2
201059 1
201142 1
276749 1
256940 2
283188 1
271059 1
277004 1
271054 1
276668 1
270953 1
187276 1
272303 1
274734 1
117133 1
168132 0
275350 1
279771 1
153458 0
275349 1
274585 1
117120 1
284161 1
154764 1
275509 1
160962 1
099631 0
229348 1
256965 2
154811 1
190777 1
260380 1
275594 1
269246 1
260364 1
256889 2
285653 1
006983 0
276339 1
276358 1
257134 1
257415 1
276678 1
154130 0
270994 1
276848 1
274617 1
276842 1
224069 1
160865 1
156492 1
276360 1
276381 1
156493 1
276567 1
276757 0
274624 1
256987 2
226723 0
175742 0
273961 1
273936 1
179117 0
274016 1
257377 0
276659 1
278540 1
278561 1
221981 1
156486 1
275738 1
275070 1
079258 1
079259 1
244873 2
275080 1
025714 1
275032 1
278606 1
278621 1
265349 0
247387 1
275398 1
275805 1
257374 1
274633 1
278569 1
075049 0
274639 1
077143 1
257365 2
224392 1
224160 1
278611 1
223961 1
225454 1
278383 1
278386 1
271322 1
225395 1
247346 1
274602 1
025296 1
247309 1
273903 1
240284 1
273888 0
173315 2
271540 0
271015 1
155167 0
177565 1
245033 1
177571 1
015744 1
177920 1
253129 0
274574 1
276700 1
162338 2
276689 1
257135 1
173805 1
177971 1
271374 1
273246 1
238482 2
276801 1
173397 2
165398 1
276808 1
173389 2
178083 1
278559 1
047152 0
198157 1
257133 0
201533 0
276379 1
256993 1
253652 0
281038 1
010552 1
007457 0
176421 1
163762 1
257920 1
270892 0
177885 0
194510 0
273262 1
257672 2
278629 0
173042 1
278550 1
278551 1
274605 0
173296 1
126226 1
197992 1
126341 1
198101 1
173561 1
159003 1
198115 1
198118 1
173588 0
225780 1
126217 0
126358 0
015398 0
277968 1
225787 1
272128 2
271304 1
272001 2
197993 1
277974 1
272169 2
198415 1
176220 1
198455 1
272129 1
159004 1
264027 1
264311 1
257121 1
257127 1
271601 1
256893 1
271110 1
275485 1
257678 1
174422 1
176408 1
274754 0
197244 1
277283 0
273250 1
271124 1
275491 1
273305 1
154517 2
018867 0
174650 0
276731 1
154518 2
250460 2
256982 1
238381 0
272403 1
264989 1
271044 1
074738 0
163455 1
176221 1
257420 1
176735 1
261022 0
057706 0
019032 1
154802 2
205411 1
262802 0
154429 1
257426 1
204806 1
273214 1
094328 1
275365 1
254390 0
142258 0
176731 1
176733 1
154790 2
174628 0
161192 0
085621 1
173400 2
275031 0
173409 2
176693 1
257168 1
176695 1
182637 1
176738 2
257167 2
182631 1
276742 1
148555 0
141319 0
148787 1
085631 1
190386 2
148772 2
173308 2
271077 1
001552 1
141958 0
052775 1
172767 2
051194 0
264799 1
264858 1
264860 0
270802 1
173327 2
244169 0
271065 1
278800 0
138236 2
275884 1
276716 1
138237 1
276715 1
172779 1
093474 0
150088 1
270798 1
154763 1
115973 1
116046 0
052637 1
270801 1
154902 1
154749 2
173205 1
264990 0
154843 1
154671 1
173200 2
271508 1
271406 1
004144 1
174407 1
174423 1
118253 1
154672 0
154809 1
154173 1
174734 1
154632 1
188101 2
154633 1
164291 2
154823 1
223899 0
154958 1
025713 0
154068 1
132716 1
154957 2
132795 1
132816 1
174697 1
154067 1
153969 1
174863 1
154793 0
153988 0
154836 1
154845 1
174874 1
278616 1
132796 1
278548 1
276565 1
154481 1
132834 1
158330 0
132873 1
132868 1
157176 1
052751 0
157181 1
221847 1
284924 0
171566 1
154489 0
171555 1
262792 0
287543 0
271391 1
002081 0
130303 0
034166 0
271509 1
017581 0
256411 0
196879 0
061214 1
147090 0
285989 1
117104 0
005083 0
061176 1
285953 1
275363 1
061169 1
264409 0
256886 2
271301 1
168532 1
275362 1
275422 1
238299 0
257145 1
277228 1
154522 1
173412 2
168501 2
275366 1
257157 1
168502 2
277212 1
168489 1
201071 0
097090 0
257502 1
160790 0
232949 0
175361 1
257122 1
286643 1
257128 1
064332 1
173415 2
172912 2
274592 1
286782 1
172886 2
257158 0
286714 1
286809 1
239866 0
175623 0
154524 0
281936 1
257498 0
173307 2
276667 1
162906 0
274609 1
173253 1
148961 0
221903 1
278844 0
196066 0
269428 0
257805 1
181744 1
238226 0
211766 1
270775 1
222898 0
226748 0
010931 0
211767 1
154835 0
016720 1
173362 0
141321 0
173387 2
148718 0
113986 0
211580 1
164369 1
160787 0
257800 1
271076 1
276945 1
201578 0
276939 1
219199 0
173390 2
239602 0
165820 1
263191 1
263187 1
150878 1
271106 1
221693 0
028877 0
259444 0
275397 0
276732 1
152247 0
174625 0
276917 1
063595 0
068716 0
154756 1
133857 1
176426 1
002819 1
047953 0
154813 0
276822 1
286808 1
175605 0
276733 1
276825 1
265147 0
233991 0
286781 1
271591 1
277318 0
278488 0
178763 1
274014 1
176222 2
276891 0
192994 0
027124 0
178769 1
253444 0
178648 1
178787 1
149025 0
136199 1
001232 0
272193 1
004884 0
271116 1
272190 1
063302 0
130492 0
138624 1
138605 0
254378 0
274607 0
150255 0
169185 0
276863 1
276860 1
049176 1
278632 1
004324 0
049168 1
278637 1
160610 2
140539 0
173190 0
041905 1
124268 0
160616 2
156494 0
274854 0
055131 0
047057 0
228611 0
199897 0
263900 0
058336 0
094851 0
270951 1
168383 0
008754 2
162815 1
173413 2
094331 0
285561 0
138735 0
063605 0
113870 0
275048 1
181248 0
159062 0
092046 0
274020 1
275059 1
278798 1
162782 1
164138 0
275056 1
240547 0
278734 1
275052 1
270954 1
162856 1
162860 1
277835 0
173388 1
270977 1
141975 1
142066 0
267885 0
173398 2
015215 0
048718 2
170538 2
074751 0
276649 1
047410 0
130159 0
253812 1
270957 1
165395 0
252220 0
142426 0
270992 1
194719 1
276736 1
172896 2
255673 0
194727 1
170523 2
154503 0
276006 0
152231 0
201147 0
283476 1
278184 0
257174 0
003817 0
272223 0
043658 0
283447 1
047712 0
014208 1
140626 0
201580 0
162351 1
162356 1
276776 0
279408 0
137311 0
187805 1
276642 1
187815 2
082088 0
283448 1
243639 0
283477 1
278005 0
142075 0
194602 1
287717 0
274366 1
275915 0
194590 0
219524 0
256927 1
148724 0
158934 0
277067 1
279296 0
277063 1
151827 0
172888 0
154574 1
265593 0
276997 1
096663 0
276989 1
007158 2
154575 1
117114 0
128527 1
253516 0
278851 1
043746 0
265816 0
154516 0
128671 1
275521 1
018043 0
011698 0
278847 0
013218 0
257218 1
257207 2
141362 0
257181 0
242008 0
128670 0
241750 0
277763 0
173335 1
158453 1
158450 0
237800 0
012069 0
196459 1
276950 0
141878 0
276738 1
148545 0
249539 0
054320 0
194563 0
221354 0
196065 1
273387 1
163111 0
058756 0
162825 0
253753 0
232947 0
276927 1
175629 0
271073 1
278809 0
276735 1
136877 0
017340 0
257401 1
172224 0
251323 0
167973 0
117290 1
275034 0
129556 0
053844 0
173384 0
277516 1
277517 1
153463 0
047262 0
277919 1
154798 0
117478 0
193659 0
149983 1
277900 1
112792 1
275543 1
116876 0
107772 1
193349 0
107759 1
224172 1
224023 1
117377 0
254372 0
236508 0
237595 0
224061 1
275586 0
257455 1
257454 1
264770 0
275676 1
271999 0
276596 0
224300 0
250845 0
283491 0
057616 0
223948 0
026187 0
277209 1
275249 0
047229 0
137300 0
277265 1
265152 0
092089 1
277211 1
256415 0
277227 1
276660 1
007440 0
188439 0
277226 1
260633 0
231070 0
178286 0
097554 0
227973 0
002577 0
276728 1
274604 0
277210 1
137302 1
279054 0
242018 0
140569 0
167974 0
154834 0
225901 1
152236 0
142425 0
225752 1
277786 0
157239 0
158332 0
276782 1
276778 1
193077 0
119892 1
005462 0
251938 0
166305 0
114191 0
009675 1
236368 0
122090 1
287843 0
276727 1
276729 1
028911 1
279304 0
114650 1
119482 0
082015 0
061057 0
028946 1
225946 1
253520 0
074760 0
280693 0
224709 0
234419 0
227734 0
227183 0
226069 1
014603 1
264624 0
126152 1
072073 0
226400 1
004366 0
256042 0
173275 1
206687 1
168289 0
119254 1
267937 0
255922 0
153648 0
100648 1
226475 1
154831 1
014907 1
223701 1
201143 0
278584 1
123072 0
234213 0
278603 1
156262 0
223714 0
005411 1
277326 0
201531 1
053031 0
257139 1
101407 1
134341 0
257023 1
181240 0
097100 1
137365 1
267886 0
056996 0
276725 1
019315 0
010142 0
226612 0
225740 0
276723 1
276741 1
276726 1
276724 1
153725 1
153573 0
097112 1
053248 0
239064 0
250875 0
154120 0
087281 1
176249 0
087259 0
153749 1
125818 1
142245 0
276762 1
083975 0
119192 0
276713 1
087144 0
047359 0
008971 0
153559 1
119492 0
268176 1
260981 0
223665 1
138325 0
146893 1
003870 0
142186 0
154538 1
253359 0
201905 0
091768 1
091878 1
271260 0
054226 0
123348 1
057780 0
188814 0
063304 0
279347 0
013783 0
229810 0
016007 0
276701 0
154504 0
276771 0
087283 1
277008 1
277310 0
252221 0
047197 0
005079 0
153125 0
224452 0
229076 0
097602 0
276661 0
023325 0
271053 1
007147 1
101298 1
162834 0
281456 0
271058 1
274008 0
277030 1
234716 0
047416 0
158321 2
010106 0
265634 0
271627 1
107993 0
054335 0
276765 0
101282 0
219206 0
083336 0
117122 0
276965 1
114545 0
277051 1
275384 0
225829 0
276673 0
006283 0
274753 0
185504 0
253084 0
152846 1
173306 0
019021 1
257131 0
087129 0
016480 0
087282 0
279308 0
251363 0
158972 1
059492 0
171539 0
286783 0
190094 0
023402 1
027108 0
156843 0
091763 0
219643 1
219622 1
281834 0
158933 0
276750 0
159076 1
276739 1
211005 0
223479 1
277689 0
005788 0
256938 2
276672 1
230626 1
219610 0
230616 1
276745 0
110702 0
276663 1
092982 0
100091 0
253517 0
154655 1
007152 0
217221 0
154656 0
259818 0
221755 1
098156 0
198100 0
280079 1
005545 0
057550 0
228168 0
226411 1
226516 1
219126 0
228623 0
145551 0
091376 0
149793 0
202961 0
199489 0
062475 0
047381 0
176386 0
117124 0
253515 0
005082 0
051011 1
280023 0
265153 0
030131 0
229334 0
134088 0
275583 1
253522 0
043294 1
176282 0
028878 0
014176 0
120124 0
239594 1
280542 0
055489 0
153126 0
207079 0
275581 1
276679 0
260615 0
272460 0
261243 0
083958 0
254380 0
162905 0
101056 0
273575 0
091476 0
282013 1
266524 0
084202 0
282011 0
157240 0
160789 0
273374 1
130177 0
255259 0
192948 1
282164 0
280080 0
004428 0
240606 0
162984 0
154842 0
006449 1
277134 1
276926 1
219286 1
277131 1
214390 1
173299 1
173289 0
278839 1
219293 1
238406 0
110203 0
168888 1
278822 0
201069 0
166338 0
278790 0
278714 0
192917 1
275301 0
158430 0
047403 0
181239 0
259436 0
010282 0
193016 1
152037 0
278801 0
192915 1
239370 0
201644 0
154454 0
192924 1
192940 1
192920 1
278917 1
193002 1
280025 1
166830 0
092141 0
280043 1
280084 1
278915 0
152826 0
193706 1
053073 0
268685 1
132570 0
268139 1
137127 0
193971 0
253443 0
280041 0
275329 0
024782 0
173420 1
160785 0
053660 0
048009 0
157634 0
279770 1
164134 0
279031 1
277074 0
201488 0
194521 0
280082 0
278806 0
267161 0
229064 0
226611 0
253386 0
278810 0
239261 0
270948 1
164220 0
239795 0
270979 1
254903 0
210575 0
280543 0
280698 0
145959 0
193258 0
188001 0
277316 1
277312 1
139992 0
281462 0
054449 0
256311 0
215569 0
206278 0
210266 0
158560 1
154095 0
193652 1
187237 0
193660 1
080689 0
272630 0
193662 1
158551 0
193707 1
277684 0
279471 0
259194 0
279126 1
154787 0
158297 0
005480 1
223835 0
120044 1
181228 0
258999 0
277350 0
056261 0
189044 1
254382 0
015055 0
253521 0
189058 1
272580 0
101051 0
045088 0
193651 0
275035 0
216425 0
174897 0
047623 0
075003 0
004695 0
142249 0
226620 0
048617 0
137879 0
194247 0
211511 0
202434 0
180731 0
253380 0
275427 0
253390 0
251331 0
243812 0
175538 0
274144 0
201487 0
019312 0
174482 0
223813 0
206973 0
226726 0
187994 1
178869 0
187995 1
249772 0
235523 0
114233 0
009361 0
278380 0
186070 0
057751 0
187667 1
227895 0
163056 0
075875 0
024957 0
052488 1
139406 0
276910 0
280039 0
052406 1
154572 0
277781 0
007304 0
082089 0
054071 0
043016 0
275913 0
201903 0
276751 0
057095 0
226532 0
038716 0
028947 0
100931 0
187244 0
107854 1
118924 0
107905 1
107906 1
119455 0
091377 0
253698 0
124859 0
253127 0
080414 0
052664 0
141334 0
276737 1
119233 0
225983 1
225982 0
176393 0
276740 1
256866 1
045294 0
193183 0
112527 0
002316 0
113316 0
264859 0
149345 0
187232 1
240647 0
276734 1
009432 0
274307 0
083237 0
197647 0
086230 1
193661 0
086148 0
208136 0
219550 0
276641 1
210439 0
192463 0
092064 0
140812 0
140008 0
278745 0
238372 0
168835 0
161263 0
115463 0
277236 0
058551 1
228793 0
253852 0
224030 0
198407 0
059556 0
272362 0
152230 0
233736 0
116794 1
015200 1
141649 0
276747 0
203135 0
266594 0
192428 0
154457 0
055462 0
114537 0
224015 0
271686 0
153745 0
124394 0
268217 0
278458 0
239986 0
205015 0
062423 0
118467 0
272508 0
030569 0
149335 0
285750 1
277924 0
277359 0
142513 0
057277 0
153950 0
228906 0
256474 0
253792 0
269541 0
263418 0
032122 0
000328 0
083698 0
109253 0
211562 0
114018 0
148796 0
174838 0
275274 0
050317 1
052825 0
277466 1
277413 1
142424 0
239252 0
270974 1
201390 0
271007 1
196998 0
120842 0
253381 0
067501 1
148652 0
201693 0
189471 0
056763 0
245005 0
270952 1
154815 0
154816 0
038100 0
276980 0
026492 0
005040 1
119234 0
030041 0
273133 0
055108 0
052830 0
119292 0
272353 0
092194 0
005154 0
192919 0
168985 0
024744 0
083432 0
228493 0
268508 0
119432 1
002932 0
160776 0
054380 0
259699 0
066978 0
117901 0
052059 0
095360 0
080372 0
175610 0
052368 0
262427 1
272326 0
215425 0
209013 0
053453 0
274256 0
172910 0
186113 0
277745 1
168365 0
084663 0
228848 0
277742 1
005089 0
030850 0
029052 0
101964 0
275921 0
057324 0
259437 0
092813 0
219162 0
006794 0
053614 0
284667 0
180025 0
179953 0
201149 0
259445 0
136835 0
100870 0
141877 0
264518 0
218076 0
220041 0
172893 2
038389 0
172748 1
046581 0
017341 0
245006 0
255353 0
091458 0
188961 1
252311 0
007210 0
276720 0
175397 0
078190 0
121829 0
077421 1
113520 1
008723 0
188957 0
154141 0
250406 0
269897 0
233545 0
274528 0
153081 0
227876 0
189141 0
175457 0
222739 0
153075 0
129555 0
269513 0
029315 0
185856 0
242301 0
255921 0
124095 0
201454 0
095603 0
221437 0
272742 0
168296 0
002177 0
111175 0
134244 0
216123 0
289398 1
289397 0
211649 0
276198 0
201504 0
083953 0
118605 0
121028 0
276699 0
123889 0
004830 1
154079 0
164110 0
263199 0
214740 0
202052 0
137200 0
191077 0
276979 0
167576 0
063536 0
280684 0
166339 0
252331 0
068660 0
278084 0
278385 0
063517 0
080244 0
046935 0
047267 0
273880 0
133417 0
072451 0
271350 0
082651 0
189142 0
167409 1
285118 0
256041 0
167410 1
167407 1
015756 0
037783 0
161226 0
277214 0
278183 0
201579 0
091879 0
095622 0
243206 0
226841 0
272574 0
277760 0
157243 0
128197 0
224871 0
005598 0
163729 0
232295 0
047654 0
173766 0
202517 0
051534 0
119495 0
276714 0
050320 0
052071 0
166063 0
278407 1
009131 0
090616 0
142950 0
193948 0
214881 0
271080 0
263966 0
048397 1
038377 0
173903 2
282863 0
007090 0
159512 0
175104 0
287936 0
152799 1
173088 0
019013 1
179947 0
114440 0
278409 1
034532 0
014499 0
175805 0
174651 0
083288 0
041667 0
139674 0
134247 0
223113 0
178183 0
058537 0
136626 0
090901 0
083697 0
171550 0
169652 0
154569 0
101153 0
149346 0
273750 0
264723 0
215419 0
231824 0
146493 0
267464 0
141973 0
241763 0
258994 0
053109 0
045271 0
029659 0
211545 0
127669 0
095651 0
057064 0
169670 0
272737 0
271071 1
055927 0
280393 1
047542 0
263972 0
218890 0
135638 0
260642 0
046768 0
164133 0
010446 0
280459 0
002521 0
256112 0
284721 0
136565 0
280677 0
121834 0
113812 0
256583 1
278916 1
185489 0
209438 0
256586 1
256326 1
173937 0
054100 0
016261 0
234211 0
280024 1
176306 0
221398 0
280042 0
169653 0
128198 0
280411 0
240966 0
280083 0
242335 0
051740 0
196438 0
277229 1
277208 1
280673 0
169098 0
281406 0
238297 0
236383 0
252444 0
256531 0
084168 0
253445 0
174779 0
154577 0
277947 0
046349 0
277078 0
194917 0
232499 0
057315 0
284411 0
192578 0
268723 0
230347 0
114209 0
076758 1
281688 0
257087 0
167048 0
253518 0
142339 0
221439 0
256585 0
024921 0
085944 0
257983 0
228715 0
012215 0
253821 0
240677 0
040044 0
120686 0
047698 0
083563 0
139112 0
276817 0
051653 0
067747 0
266840 0
201695 0
239074 0
286493 0
272582 0
200561 0
176335 0
055690 0
101970 0
053041 0
285766 1
267262 0
164623 0
229093 0
071031 0
227251 0
158477 0
206099 0
276573 1
053407 0
138652 1
242006 0
031100 0
154729 0
006604 0
066805 0
084287 0
276384 1
009084 0
003649 1
229081 0
152958 0
116143 0
028876 0
005155 0
047161 0
007110 0
089280 0
153245 0
047645 0
042250 0
139325 0
138674 1
278195 0
239614 0
087055 0
000046 0
150328 0
244889 0
118470 0
224254 0
083559 0
256752 0
062166 0
134248 0
134974 0
163593 0
101962 0
276952 0
179840 0
030996 0
003645 0
062285 0
057454 0
176170 0
259710 0
062654 0
121589 0
189144 0
264798 0
120691 0
220816 0
057278 0
259792 0
202980 0
201652 0
278171 1
163614 0
272649 0
285458 1
278170 0
231701 0
016919 0
270058 0
170629 0
280706 0
052750 0
263113 0
026741 0
193007 0
000376 0
285460 1
277388 0
113575 0
276766 0
278146 0
280714 0
009631 0
113826 0
118962 0
276852 0
057389 0
181553 0
221412 0
278382 0
220390 0
172860 0
214939 0
253085 0
232778 0
013205 0
031007 0
285336 0
066707 0
280710 0
136946 1
153633 0
219444 0
242010 0
136997 0
137000 0
137047 0
115363 0
041807 0
016455 0
137109 0
280715 1
190080 0
203207 0
244554 0
282735 0
260403 0
169580 0
280711 0
096723 0
057279 0
054944 0
245130 0
280206 0
163136 0
042723 0
279267 0
194761 0
111177 0
165604 0
203896 0
284251 0
227693 0
044888 0
169785 0
053444 0
275027 0
225769 0
055771 0
156030 0
268164 0
052752 0
156516 0
264857 0
276708 0
010436 0
074943 0
184114 0
288954 0
277757 0
116682 0
083335 0
011283 0
069044 0
281460 1
057406 0
162776 0
188927 0
008719 0
010416 0
277615 1
277681 1
201685 0
175986 0
007541 0
257397 0
236138 0
066894 0
083272 0
174701 0
256007 0
271420 0
075456 0
284804 0
169099 0
141648 0
047851 0
274432 0
155262 0
136659 0
043180 0
253382 0
174153 0
267273 0
010423 0
119291 0
172189 0
166018 0
066231 0
054099 0
202411 0
272328 0
282079 0
044187 0
258826 0
241797 0
229218 0
250482 0
217726 0
263615 0
166951 0
005119 0
083918 0
229830 0
206898 0
142073 1
030519 0
142067 1
278479 0
253128 0
242016 0
260251 0
235519 0
142297 0
167889 0
166330 0
153002 0
162953 0
087012 1
087015 0
120706 0
274793 1
121634 0
027844 0
242340 0
280671 0
274792 0
083444 0
277240 0
055046 0
044538 0
278394 0
167298 0
219172 0
040862 0
120300 0
273639 0
226725 0
051583 0
006886 0
156047 0
239841 0
056718 0
275984 0
114649 0
225610 0
193476 0
057824 0
120193 0
084248 0
262696 0
080306 0
278196 0
288212 0
038130 0
267173 0
268193 0
278818 0
173178 0
158098 0
011084 0
279586 0
139739 0
275050 0
027132 0
234026 0
229575 0
226922 0
185670 0
162789 0
264517 0
275183 0
253387 0
140573 0
154640 0
061455 0
210131 0
242341 1
275987 0
100848 0
165904 0
217975 0
252475 0
046309 0
204347 0
242900 0
189472 0
179575 0
104204 0
275988 0
287515 0
004933 0
277972 0
026185 0
141754 0
121030 0
180716 0
078939 0
196003 0
159405 0
067080 0
243977 0
016458 0
275188 0
229278 0
271834 0
047226 0
046548 0
270990 0
163753 0
176027 0
155760 0
235295 0
219705 0
236415 0
005666 0
266420 0
276656 1
084322 0
149088 0
111187 0
091581 0
271895 0
190127 0
271503 0
214849 0
175506 0
233594 0
268440 0
174139 0
046688 0
289172 0
278928 0
190062 0
119287 0
272341 0
071067 0
143092 0
263327 0
083271 0
166750 0
252385 0
270424 0
196359 0
240999 0
067079 0
010116 0
275063 0
137958 0
160255 0
229486 0
285761 0
266929 0
227039 0
030917 0
234870 0
263930 0
195592 0
226868 0
026215 0
213866 0
260050 0
040051 0
137881 0
104240 0
259050 0
282270 0
042846 0
260807 0
141867 0
063830 0
115426 0
215468 0
246998 0
057867 0
175376 0
042282 0
006960 0
030834 0
177873 0
228852 0
275251 0
167385 0
197862 0
244258 0
017169 1
264996 0
140701 0
017187 0
082915 0
257880 0
253523 0
196877 0
219171 0
091662 0
268408 0
002595 1
153574 0
065025 0
153568 0
016316 0
201499 0
167519 0
055698 0
057378 0
153569 0
252619 0
177887 0
180710 0
095466 0
047691 0
237849 0
274794 0
045085 0
074985 0
006633 0
167445 1
167453 1
227054 0
050954 0
167454 1
118087 0
006084 0
235479 0
027850 0
276318 0
193508 0
165943 0
175396 0
175554 0
078936 0
005905 0
284665 0
007460 0
184139 0
024543 1
288095 0
098150 0
124276 0
203833 0
124372 0
280679 0
240550 0
233388 0
193414 0
062600 0
007423 0
005039 0
004899 0
161045 0
226865 0
136171 1
256187 0
218225 0
265166 0
067088 0
188954 0
186756 0
233148 0
152959 0
163754 0
256485 0
256655 0
179900 0
278094 0
253391 0
252821 0
126212 0
138274 0
136176 0
163109 0
180114 0
278766 0
244185 0
154154 0
229985 0
258805 0
055289 0
018859 0
111583 0
026958 0
120302 0
269387 0
202127 0
215473 0
251347 0
015828 0
