232732 1
232735 1
079430 0
192357 0
239572 0
180519 0
155445 0
232708 1
232707 1
181076 0
232739 1
232738 1
169965 0
232755 1
232721 1
086424 0
232724 1
232722 1
232764 0
232691 1
188537 0
205105 0
232775 1
232773 1
194976 0
264401 0
233750 0
271344 0
077876 0
156724 0
177279 0
078078 1
078073 0
271108 0
086850 1
086683 1
159575 0
254488 0
180026 2
156892 0
139406 0
064906 1
064828 1
154686 1
154668 1
064808 1
188535 0
064597 1
030882 0
064766 1
064483 1
064922 1
064797 1
064688 1
064931 1
160515 1
154395 2
176651 2
176622 2
182927 1
014050 1
155800 1
076977 2
177987 1
145857 1
013083 1
014471 1
064585 0
287922 1
287928 2
287934 2
177160 1
287980 1
182332 2
288692 1
182331 2
288572 1
289957 0
257231 1
257264 1
174773 1
178103 1
155433 1
124017 2
124016 1
018978 1
064913 1
064875 1
069190 2
064905 1
102363 2
182325 1
283802 1
065660 1
065730 2
065599 2
069434 1
102607 1
152386 1
123998 1
064319 1
066356 1
066228 0
075552 0
123993 1
123160 1
124337 1
152261 1
182330 1
182336 1
152479 1
182363 1
152494 2
153025 1
068379 1
198890 0
283766 0
064869 1
123959 1
082827 1
170585 1
170525 1
123579 1
123697 1
176279 1
123983 1
124291 1
123233 1
123067 1
123989 1
123053 1
123999 1
064587 1
287271 0
071542 1
187053 2
104715 1
187072 1
124041 0
078206 1
170154 0
068174 1
064862 1
187164 1
186868 1
101240 1
101239 2
101055 1
101217 1
101234 1
064777 1
064914 1
123137 1
077219 1
232780 1
233102 2
083131 1
066094 1
066091 1
077824 1
284512 2
124260 1
284523 1
082869 1
131752 1
233541 1
284516 2
080444 2
284549 1
284569 1
083034 2
123925 1
065904 1
124248 1
124257 1
133104 2
133098 2
133118 2
164239 1
133129 2
133173 0
152485 1
133159 0
235905 0
064907 1
284662 0
111402 0
076973 1
079032 1
076974 1
124459 1
286968 0
127367 1
187344 0
076961 0
014659 1
153638 1
177251 1
013067 2
126087 1
188071 0
166028 0
064805 1
108750 1
124321 1
074823 1
157056 1
064872 1
064871 1
064857 2
114250 0
075717 0
064443 1
182414 0
123995 1
210624 2
210588 1
015300 1
192395 0
112187 0
099575 1
192397 1
112921 1
230350 0
155656 1
279180 1
171128 1
169674 1
169687 1
065893 1
155621 1
012743 1
260844 1
016988 1
151189 1
082766 1
150737 2
288721 1
288712 1
123391 1
070355 1
288776 0
103528 1
070356 1
103529 1
070389 1
123992 1
103562 1
064814 2
065969 1
263808 0
065968 1
123997 1
202151 0
086196 0
064472 1
267911 2
069248 1
267917 2
152990 1
102421 1
155257 1
082812 1
069203 2
081232 1
152910 1
152871 1
160308 0
193625 1
102376 2
267709 1
067912 1
276135 0
048326 0
064457 1
193636 1
193621 1
169673 1
176990 1
176986 1
176984 1
176981 1
193638 1
176971 1
176972 1
193637 1
193746 1
176980 1
068308 1
076086 0
155665 1
068337 1
156877 1
176780 1
087843 1
156914 2
064499 1
087754 1
064475 1
256381 1
090333 2
183179 1
183584 1
084935 1
183611 1
183557 1
185092 0
087835 2
176827 0
163112 1
077286 1
163117 1
077279 2
174991 2
229773 0
174992 2
174739 1
174742 2
177912 1
065865 1
197451 0
123940 1
065886 1
066088 1
267701 1
267710 2
220041 0
267704 2
099016 1
099025 1
180547 1
114210 1
099033 1
099154 2
114068 1
127510 1
099032 1
005863 0
076916 1
124437 1
076921 1
124420 1
099030 1
099038 1
099027 1
099018 1
152720 1
124341 1
124344 1
064600 1
124181 1
124548 2
071373 1
104546 1
071360 1
124550 1
104533 1
124340 1
124343 1
071351 1
150759 1
104524 1
156888 1
156898 1
067099 1
039348 0
064929 1
064412 0
079186 2
124616 1
079221 1
067093 1
152833 1
066802 1
018716 2
120333 1
152824 1
011048 1
120293 1
144269 1
152851 1
066524 1
098458 1
249427 1
172998 1
160565 1
192796 1
064592 1
015059 1
178332 2
098561 1
178458 2
180230 2
180232 1
178331 2
186853 1
098608 2
039138 0
098601 1
153022 1
098456 1
098457 1
178322 2
187227 1
178464 1
182908 2
191910 2
176632 2
176633 2
176678 2
007261 0
259955 0
192166 1
176686 1
016803 0
176636 1
192392 0
124467 1
192165 2
289368 1
124470 1
007938 1
121351 1
000716 0
238514 0
030649 0
078716 0
176649 1
124627 1
021587 0
018023 0
033571 0
044343 0
066046 1
284548 2
284568 1
184311 1
284522 1
124601 1
263682 0
184304 2
124425 1
068019 1
187358 0
152127 1
173343 1
186852 1
133092 0
260784 0
124617 1
183530 1
210023 1
126540 0
177672 2
064839 1
209843 1
124191 1
016948 0
177696 1
210320 1
124487 1
227269 0
177671 2
151379 2
178122 1
124145 2
175367 1
173419 1
124354 1
178107 2
173496 1
124353 1
173426 1
164120 0
180223 1
151304 2
180159 2
151291 2
202794 0
016859 1
016824 1
124162 1
036195 0
117577 1
014809 0
130846 1
221523 0
182260 2
130885 1
117792 1
123884 0
130899 1
069987 0
117793 2
086107 0
117758 1
191253 1
102125 0
017870 0
182189 2
160074 1
160046 2
115665 2
149428 1
178513 1
009518 2
121979 2
121978 1
107719 1
183372 1
127607 1
148201 1
005454 1
130847 0
120009 1
017231 1
006838 1
171828 0
128669 2
148202 2
201860 2
128525 1
186645 0
192250 0
130886 0
016566 1
067599 1
177070 1
177013 1
100873 0
021798 0
255761 0
109561 2
177039 2
177196 1
167593 1
130839 1
130800 1
177043 1
000415 1
167594 1
018198 2
167584 1
179268 1
130836 1
128439 1
116372 0
155599 1
130808 1
002444 0
011899 0
123091 1
130811 1
000359 1
142926 0
222775 1
222655 2
080191 0
222653 2
000320 1
130835 1
130810 1
009345 1
130739 1
128151 1
130805 1
151090 1
283768 0
130817 1
130831 1
150565 1
000391 1
016972 1
130813 1
130773 1
146663 1
016844 1
000319 1
128430 1
016850 1
168934 1
151170 1
121815 1
016864 1
000302 1
222923 1
164017 0
123536 1
000358 1
222739 1
015769 1
124010 1
000360 1
145836 1
127090 1
151213 1
127879 1
127238 1
124015 1
017691 0
127536 1
133034 1
127825 1
130809 1
123892 1
150624 1
262631 0
222522 0
124117 1
000323 1
130807 1
000327 1
124093 1
016858 1
151137 2
149956 1
124082 1
017179 1
000354 1
151133 2
167641 2
124438 1
151124 1
130799 1
130869 2
000325 1
130837 1
124422 2
167643 1
130852 1
036301 1
000298 1
007842 0
164995 1
156197 2
130816 1
000312 1
130818 1
015580 1
000326 1
016188 1
288719 0
150087 0
000304 1
124466 1
130655 2
130639 1
000390 1
130801 1
000356 1
130672 2
130628 1
213585 0
130802 1
064404 2
154071 1
130806 1
000322 1
064790 1
150303 1
036386 0
130859 1
130833 1
125018 1
130896 1
224441 0
000299 1
130853 2
016987 0
125886 0
130850 2
130843 2
129718 1
000783 1
089470 1
129874 1
130747 1
000353 1
129868 2
130840 1
064523 1
129869 2
133187 0
016841 1
012958 1
064530 1
251938 0
017182 0
160995 1
000594 0
160970 2
009364 1
066269 1
157979 1
168926 1
000431 1
168927 1
017086 1
130544 1
030552 0
098241 0
124428 1
014506 1
150323 1
124186 1
000418 1
008696 0
177605 2
177610 1
150379 1
154974 0
147460 1
124063 1
218734 0
137552 2
124026 1
006290 1
013144 1
137603 2
012680 0
289955 1
289969 1
099605 1
124433 1
068895 0
030620 0
289802 0
124504 1
091236 0
107878 0
128641 1
112146 0
124130 2
144022 0
123736 2
223926 0
123726 1
128640 0
123743 1
124097 1
086198 1
087545 1
124516 1
124135 1
014886 0
182006 2
181990 2
181960 2
066338 0
086199 0
151231 1
124408 1
065215 0
124432 1
082617 1
167408 1
124424 2
000398 1
123778 0
086134 0
011639 0
017336 1
220212 1
016933 1
150908 1
156726 0
200283 0
150720 1
009985 0
218213 1
187317 0
066347 1
182485 2
182486 1
066335 2
152416 0
015317 1
125416 1
087216 1
087185 0
005963 1
123878 1
161596 2
150735 0
066249 0
009862 0
152047 1
182487 1
152057 1
114223 0
164333 0
201558 2
218222 1
067251 1
015790 1
071481 1
104654 1
015597 2
087881 0
150985 1
071514 1
123883 1
104687 1
150658 1
150677 2
147305 1
071482 1
118906 0
150679 1
104655 1
071513 1
104686 1
150681 2
150690 1
124234 1
064414 1
141567 0
151602 1
188295 0
155748 0
149400 2
152713 1
152711 2
146766 2
146769 2
123857 0
064843 1
149398 1
274151 0
276204 1
003641 0
111433 2
084994 0
111434 1
149860 0
111432 2
015122 0
219602 0
027100 0
187816 0
128349 1
151961 1
252856 2
287860 1
186438 0
170863 0
287864 0
123418 1
252843 1
185881 0
143462 1
111388 2
014590 0
173852 1
144431 2
185989 0
124521 0
079404 1
000435 2
079197 1
143300 2
143268 2
143297 2
130838 0
152018 0
187496 0
149316 1
120808 0
153287 0
077132 1
077354 2
188540 0
015726 1
143200 2
010762 1
077709 1
163928 0
143197 2
219338 1
240540 0
219463 1
196270 0
077124 2
283786 1
282202 0
149620 1
107853 0
176882 2
159778 1
131319 0
149794 1
150246 1
150425 1
084024 1
015637 1
149281 1
075042 1
150247 1
150434 1
077187 1
082049 1
147403 0
066166 2
276088 0
133528 0
277469 2
066131 2
148289 1
153171 0
140834 0
287867 0
033495 0
276308 1
156844 0
285209 1
082658 2
086470 0
082597 2
149876 0
285092 1
192224 0
196181 0
224488 0
288636 0
010497 0
123650 1
007186 0
197442 0
133099 0
078480 1
265906 1
265828 1
265853 2
265960 1
130720 1
266057 1
265901 1
265858 1
124392 1
276130 0
149829 1
135148 0
136265 1
085694 0
075854 0
102027 2
070129 0
124142 1
102155 2
078623 0
102115 1
102074 1
099977 1
102113 1
099971 1
102079 1
007414 1
011384 2
124861 0
124615 1
014828 1
120931 1
168076 1
101448 0
125891 1
007401 1
123968 1
077806 0
124397 1
173809 2
124217 1
173808 2
173835 1
124314 0
124220 1
287283 0
018271 1
124371 2
113685 0
128914 1
006658 0
124390 1
124384 1
277454 1
130160 1
124118 0
253111 0
179465 0
064435 1
005236 0
088228 0
087546 0
149852 0
131640 1
128449 0
130683 0
131641 1
131643 1
161173 1
151229 0
131671 1
124216 1
124219 1
130604 0
017867 1
199662 0
129194 1
194441 0
133091 0
200368 0
198885 0
031584 0
252436 1
131900 1
201609 0
112948 1
134626 1
161174 1
064492 1
161182 1
199395 0
276940 0
136167 0
161219 1
112991 1
003174 0
122309 0
189775 0
192276 0
099121 0
168845 0
137577 0
132583 0
064474 1
133642 0
111773 1
221504 1
016546 1
124872 0
221525 1
266056 0
085968 1
283024 0
087175 0
003165 0
143872 0
025268 0
014829 1
074770 0
125888 1
030549 0
133449 0
201768 0
067145 0
124768 1
124770 1
162032 2
162076 1
178101 0
127371 0
125177 0
229847 0
127089 1
221503 0
017495 1
030973 0
129432 1
210679 0
088183 0
189837 2
186569 0
196783 0
120392 0
070882 0
126882 1
143610 0
064821 2
151450 1
011700 0
082974 1
005789 0
269823 0
175542 0
152320 0
189838 2
051328 0
189849 1
136145 0
064495 1
010949 0
086749 0
064487 1
136240 0
157411 0
064822 1
092976 1
100075 0
184341 0
165939 1
167942 1
080089 0
186747 0
156540 0
153010 1
252983 0
099416 0
167884 1
167543 1
282212 0
151233 1
167547 1
167548 1
000918 0
163792 1
176324 1
124737 0
146671 0
188154 1
188132 1
188128 1
064501 1
164016 1
064818 1
064439 2
164101 1
141205 0
221502 0
192469 0
062746 1
284979 0
168088 1
064459 1
064460 1
187695 0
195557 0
064640 1
289259 0
187267 0
066445 1
004041 2
167685 1
143910 1
188064 0
167686 1
030072 0
150013 0
187357 0
163056 0
187666 0
199430 0
257210 0
167805 2
167000 1
252448 0
180994 0
066419 1
133623 1
095135 0
200239 0
130900 0
167788 1
064882 2
075741 1
196153 0
064899 1
162727 1
151395 0
167590 1
103302 0
167591 1
082809 1
141570 0
029472 0
089271 0
083066 0
170425 1
016666 0
082805 2
082210 2
168257 1
143755 1
143214 1
167585 1
133632 0
167592 1
168030 1
170426 1
028860 0
066225 1
170422 1
162512 1
082238 1
004353 0
224475 2
201610 0
060448 0
186866 0
175829 1
039355 0
082233 1
170382 1
082212 1
170385 1
039180 0
082204 0
070621 0
140175 0
167582 1
167602 1
167603 1
284514 0
098558 0
179799 0
010442 0
086192 1
199396 0
232240 0
190688 0
086184 1
087065 0
149955 0
082205 0
167583 1
127369 0
191860 1
167604 1
167605 1
191882 1
166962 1
167886 2
064429 1
189577 1
170337 1
167928 1
064467 1
259120 0
189530 2
187891 1
192545 0
166963 1
166961 1
166872 1
168506 0
082211 0
124455 1
166871 1
136057 0
064893 1
188246 0
094762 0
111418 0
187050 0
180591 0
188309 0
268324 0
152813 2
152806 1
265959 1
233720 0
017249 1
200235 0
152814 1
101872 0
065045 1
184878 0
114249 1
159766 0
129633 1
160586 0
279797 0
252439 0
125425 0
139823 0
034252 0
006698 0
016963 1
150766 0
014815 1
230735 1
230469 0
000297 1
125903 1
175554 0
000318 0
074702 0
044458 0
065695 1
208151 0
064590 1
129537 0
115027 2
078489 1
162391 1
018379 0
078847 1
167525 1
213048 0
167526 1
140777 0
187625 1
125922 0
167509 1
064823 1
013006 2
187262 0
196953 0
192470 0
117379 0
066462 1
082840 1
167615 0
082847 1
187207 0
148999 0
081356 0
155600 1
283262 0
070123 1
152577 0
018989 0
085386 1
103296 1
066656 0
123823 1
162383 1
224670 0
255389 0
138805 0
170877 0
124330 1
044649 0
213668 0
076611 1
151060 0
158216 0
170349 1
170347 1
002683 0
222085 0
017457 0
124614 1
171254 0
141162 2
141194 2
253462 0
082087 1
170354 1
005038 0
184877 2
187197 0
166063 0
170355 1
126504 0
170352 2
098203 0
141224 2
178860 0
000620 0
092310 1
141210 2
071762 0
092305 1
068434 0
224229 0
141234 2
213045 0
047668 0
225367 0
134357 0
150698 0
076915 2
099255 1
123967 0
189184 0
141460 0
198364 0
127225 0
221524 0
202799 1
183971 0
098590 0
284956 0
187379 1
064878 1
076919 1
161169 0
167586 0
192476 1
192475 1
064920 1
076246 1
078168 0
097861 0
064826 1
086542 0
284817 0
252243 0
193025 0
180076 0
124427 1
137957 0
079703 0
125621 0
184988 0
196090 0
187524 0
003896 0
285889 0
009026 0
125941 0
016953 1
017435 0
035014 0
193397 1
193394 1
080223 0
118773 0
145787 0
231045 0
064928 2
024701 0
042401 0
184890 0
187286 0
170384 1
029337 0
170381 1
230414 0
124557 0
015725 1
110524 0
187285 0
230470 0
130079 1
137045 0
252425 0
130074 1
181276 0
037279 0
157245 0
127546 0
127064 0
187949 0
187853 0
116373 0
130073 1
256780 0
119427 0
182434 0
066723 1
030613 0
021103 0
150055 0
167596 1
001323 1
075809 2
167597 1
230067 0
142706 0
155338 1
167579 1
054262 0
076133 1
088180 1
088178 1
109018 0
019973 2
088349 1
288898 0
287866 0
189591 0
172964 0
124957 0
108838 0
266532 0
268762 0
049574 0
143869 0
197811 0
013250 1
040795 0
005816 0
254963 0
164663 0
064409 1
189836 1
017534 0
187334 1
282213 0
230114 0
187328 1
087855 1
179932 0
207436 0
209886 0
135634 0
049352 0
078844 0
227949 0
127072 0
193012 0
081323 0
178296 0
066337 1
066227 0
187508 1
114222 0
126198 0
126981 1
122821 0
047416 0
147027 0
084700 0
275341 0
271346 0
098414 0
127134 0
061477 0
157242 0
183342 0
160147 0
149282 0
144242 0
284567 0
141522 0
257088 0
018213 0
006139 0
100101 0
180986 0
116165 0
069022 0
253926 0
184927 0
170617 1
125934 0
181061 0
185055 0
116882 0
004187 0
001057 0
229313 0
109215 0
192244 0
067031 0
076231 0
127973 0
070104 0
284443 1
140171 0
180644 0
190044 0
167559 1
232370 1
156042 1
003665 0
167576 1
128481 1
189178 0
181077 0
167577 1
049956 0
284756 0
082762 0
187231 0
013933 0
089592 0
007056 0
034327 0
172874 0
128632 2
098418 0
124013 0
226497 0
064850 1
123555 1
064342 0
251351 0
175376 0
037819 0
086510 0
072009 0
100528 0
000075 0
187204 0
006114 1
252407 0
110095 1
219596 0
210842 1
133806 0
210816 1
210827 2
136645 0
269833 0
192539 0
030976 0
187626 0
167599 1
110111 1
002230 0
123278 0
282223 0
209444 0
194709 0
164226 0
167600 1
099789 0
155744 0
167581 1
111105 0
024781 0
252446 1
132823 0
082192 1
133876 0
082197 1
077612 0
174621 0
009463 0
133917 1
133911 1
011314 0
135531 0
185193 0
184594 0
192546 0
215899 0
262596 0
257383 0
126335 0
256964 0
153248 0
187399 1
098544 0
001597 1
094878 0
126522 0
088518 0
077601 0
125069 0
080947 0
194468 0
034372 0
155747 0
180664 0
199360 0
081887 0
127383 0
136119 1
156806 0
122511 0
099724 0
188423 0
124446 0
133163 0
079139 1
135530 1
155854 0
116122 0
079229 1
149283 0
185656 0
117702 0
131774 2
127708 0
199768 0
064599 1
149923 0
227685 0
131770 0
027090 0
231938 0
100708 0
192511 0
187855 0
157249 0
128865 0
075564 1
140133 0
284043 0
004701 0
079176 1
050238 0
226734 0
223066 0
205619 0
244317 0
144872 0
003944 0
064917 1
083163 0
064848 1
133772 1
180588 0
194139 0
121722 0
064470 0
187203 0
154533 0
083384 0
234986 0
004228 0
091865 0
078334 1
197744 1
079581 1
092667 0
067683 0
284200 0
111819 0
117459 0
017150 0
161132 0
033980 0
136637 1
124846 0
147350 0
134772 0
217569 0
197762 0
133360 2
064598 1
176393 0
124931 0
111662 0
113078 0
133350 0
261115 0
136316 0
133363 1
175515 1
118488 0
064924 1
133352 0
161091 0
252443 0
086503 0
017980 0
171255 0
240511 0
118937 0
196280 0
175446 2
157787 0
165110 0
083144 0
175445 1
136149 0
252954 0
175371 1
074935 0
188636 0
164198 0
124489 0
078218 0
005967 0
179803 0
187963 0
108945 0
175614 0
136433 0
085189 0
071706 1
104879 1
016873 0
195688 0
169302 0
138622 0
283233 0
041809 0
192274 0
211548 0
206885 0
071868 0
187384 0
251950 0
175538 0
000011 0
142342 0
090378 0
056609 0
004093 0
100173 0
076232 0
130821 2
187234 0
100849 0
130830 1
112588 0
124255 1
083227 0
046456 0
064841 1
016741 0
123709 1
187935 0
079797 1
000308 0
187653 1
090273 0
079841 0
124205 1
128284 0
130870 0
079773 1
128322 0
079770 1
047161 0
124395 1
197732 0
126948 0
113082 0
096459 0
081610 0
275274 0
099020 0
173060 0
147147 0
111384 0
265205 0
040918 0
152501 0
141778 0
146942 0
257923 0
210130 0
115973 0
228395 0
099328 0
129853 0
087004 1
011068 0
112010 0
200386 0
258324 0
140069 0
260818 0
024745 0
081844 0
065985 1
181548 0
066001 1
003292 1
287863 0
167458 0
134733 1
119691 0
194055 0
130812 1
082999 1
074533 0
128880 0
016954 0
040907 0
145559 0
223730 2
046527 0
184519 0
092081 0
033138 0
126792 0
079415 0
095589 0
112210 1
223680 0
223922 0
112160 0
202148 0
221955 0
155849 0
189259 1
070317 0
000112 0
224476 0
277248 0
130564 0
224440 0
169181 0
150451 0
189194 0
114995 0
108150 0
066950 0
192309 0
144567 0
164154 2
128881 0
180982 0
077374 0
125909 0
158022 0
016951 0
152362 1
244750 0
156810 0
136229 0
004570 0
283734 0
074812 0
185185 0
171515 0
157590 0
088030 0
076316 0
184326 0
017036 0
152364 0
164115 0
004337 0
283239 0
224435 0
070788 0
164157 0
070305 1
103478 1
189258 0
070303 1
103476 1
101695 0
257002 1
017934 0
209414 0
075755 0
186549 0
054313 0
081761 0
155998 0
125984 0
006314 0
068606 0
234952 0
179879 0
152748 0
075405 0
157486 0
284818 0
217312 0
191481 0
075773 0
134091 1
152368 0
161525 0
121782 0
229850 0
118912 0
155845 0
064863 1
128153 0
132133 0
147226 0
061728 0
092697 0
151952 0
082120 0
161537 0
149925 0
034823 0
094895 0
183185 1
183020 1
018804 0
128868 0
064908 1
013466 0
064528 1
242700 0
014899 0
132245 0
006248 0
017976 0
161540 0
147892 0
160890 0
192169 0
173308 0
191202 0
086691 0
131347 0
116874 0
124351 1
285754 1
077174 0
036830 0
220660 0
228883 0
020233 0
124352 1
018639 0
146845 0
285753 1
066238 0
188259 0
082194 0
124141 1
188392 0
004302 0
089196 0
123978 1
160834 0
101429 0
151191 0
117200 0
019699 0
002271 0
160810 0
124149 0
124468 1
226072 0
173327 0
107769 0
111520 0
212447 0
190042 0
223921 0
139588 1
004552 0
157342 0
068459 1
068467 1
227622 0
118328 0
033496 0
081687 0
196518 0
086540 0
037129 0
037098 0
062499 0
152461 0
197624 0
143780 0
165911 0
288443 0
007487 0
190649 0
164182 0
286971 0
088590 0
074949 0
001265 0
009395 0
187382 1
230504 1
110491 0
274008 0
036824 0
188256 0
007766 0
231935 0
095460 0
136179 0
200232 1
065831 0
196275 0
093131 0
126253 0
187696 1
069008 0
069183 0
100214 0
177449 1
192207 0
211499 0
192735 0
064840 1
187707 1
185716 0
228549 0
253038 0
188356 0
133059 0
221445 0
065512 0
127768 0
258392 0
139656 0
064619 1
269602 0
081513 0
178741 1
231048 0
032944 0
059771 0
135049 2
199294 0
147469 0
038558 0
172960 0
003995 0
128815 0
174749 0
000544 0
225133 0
112577 0
123947 0
123986 1
271237 0
141933 0
014379 0
183162 1
275089 0
010693 0
131779 0
004359 0
064485 1
129667 0
130535 0
157343 0
177121 0
221316 1
221290 0
283898 0
130066 0
003935 0
135418 0
089579 0
143334 0
181942 0
064588 1
097918 0
064557 1
161715 0
222956 1
223096 1
154508 2
223002 2
154510 1
191063 0
124349 1
018319 0
004205 0
127002 0
184325 0
110138 0
126591 0
172408 0
219547 0
223878 0
194322 0
014010 0
018739 0
124360 1
088367 0
226162 1
024468 0
003830 0
064468 1
002211 0
064273 1
269710 1
240088 0
064768 1
259583 0
031955 0
136246 0
147421 0
087752 0
288181 0
165290 0
122364 0
221580 0
202294 0
235069 1
222718 1
003894 0
226752 0
129329 0
256403 0
151422 0
222763 1
129192 0
189150 0
136219 0
155031 0
025091 0
163914 0
222529 0
274017 1
128959 0
097060 0
243565 0
114861 0
258264 0
184951 0
274018 1
014953 1
149893 0
067706 0
125782 1
147029 0
182538 0
149583 0
239393 0
195733 0
128446 0
062082 0
128248 0
230529 1
188401 2
050057 0
128302 0
066149 1
017519 0
144162 0
235032 1
010053 0
090789 0
121973 0
266735 1
243548 1
129418 0
184484 0
098142 0
012349 0
263039 0
066153 1
220179 0
212034 0
266738 1
280050 0
118433 0
221377 0
188415 2
271944 0
234025 0
078200 0
183760 0
276685 0
259594 0
066122 1
077216 0
241672 1
241659 1
284515 1
221400 0
270232 0
064427 1
064455 1
002238 0
126933 0
187288 0
221413 0
183066 0
128572 0
180863 0
257220 0
152740 0
143886 0
288711 0
262901 0
099569 0
162583 0
018622 0
219584 0
154664 0
183593 0
254128 0
018429 0
005788 0
128036 0
078293 0
167953 0
202425 0
182780 0
210951 0
049909 0
263418 0
098617 0
232627 0
120812 0
137966 0
138824 0
209816 0
232960 0
258443 0
208913 0
180984 0
000630 0
064458 0
183383 0
156984 0
222139 0
133312 0
055476 0
288990 0
283237 0
243984 0
195683 1
086049 0
066218 1
201951 0
187186 0
195682 0
256345 0
032954 0
270220 0
195623 0
186328 0
130320 0
122096 0
004428 0
283296 0
182516 1
227515 0
141633 0
079993 0
076315 0
024474 0
186807 0
182514 1
108460 0
242364 0
011263 1
102004 0
005757 0
284513 1
122687 1
178842 0
199423 0
003318 0
031524 0
131189 0
169076 0
141955 1
141920 1
162266 0
180990 0
182513 1
135597 0
129464 0
144204 0
223600 0
155729 0
099454 0
004968 0
201517 0
119616 0
185928 0
179956 0
128197 0
117105 0
069194 0
142809 0
117736 0
136158 0
150474 0
049842 0
171262 0
002242 0
205003 0
191464 0
025674 0
192910 0
196507 0
285712 0
289857 0
184893 0
282532 0
151913 0
156723 0
036385 0
128691 0
203959 0
265095 0
270234 0
164474 0
186212 2
262646 0
262991 0
227734 0
173941 0
140089 0
139992 0
121783 0
059384 0
101372 0
199339 1
147688 0
070762 0
188325 0
219146 0
214197 0
188815 1
162852 0
192389 0
223993 0
079268 0
123882 0
134043 0
256022 0
122701 1
011317 1
073120 0
070966 0
190166 0
068765 0
192198 0
007463 0
282244 0
123496 0
133669 0
086614 0
195659 0
136924 0
101076 0
069109 0
051757 0
122702 1
012198 0
049984 0
187802 0
082078 1
167607 1
035259 0
082159 1
167696 2
224461 0
284672 0
161164 0
078264 1
244331 0
252665 0
184328 0
064512 1
141932 0
088048 0
264500 0
121755 0
068433 0
149287 0
144555 0
086867 1
064739 1
283332 0
060114 0
031128 0
280728 0
059758 0
226157 0
070120 0
115496 0
154462 0
142915 0
125983 0
288120 0
189322 0
065344 0
146850 0
115744 0
086368 1
161688 0
258509 0
124266 0
064671 1
157848 0
124812 0
252943 0
098522 0
092085 0
135961 0
162242 0
181367 0
014827 1
252117 0
118774 0
043609 0
166306 0
009580 0
131572 0
082632 0
090778 0
267824 0
223924 0
125890 1
127720 0
065087 0
211784 0
144868 0
006008 0
089247 0
110313 0
283031 0
099206 0
020466 0
122845 1
067483 0
078995 0
095444 0
078628 0
078051 0
227100 0
066388 1
066332 1
095529 0
135975 0
122703 0
066433 0
170675 0
008067 0
150662 0
214103 0
101996 0
144560 0
118016 0
222773 0
134094 0
122847 0
060541 0
094977 0
069229 1
037104 0
064245 0
126671 0
189913 0
005483 0
102402 1
148993 0
265376 0
137130 0
064347 1
093771 0
187882 0
071001 0
081063 0
166018 0
161937 0
178857 0
098279 0
135445 0
122704 0
087605 0
185904 0
135058 0
242755 0
081826 1
175476 0
064436 1
210433 0
176128 0
046119 0
064796 1
067817 0
046145 0
226091 0
126222 0
011799 0
198594 0
120321 0
058587 0
148562 0
191139 0
288742 0
136808 0
154808 0
145931 1
098227 0
010110 1
083235 0
167742 0
264958 0
015200 0
145933 1
199330 0
117140 0
133596 0
089097 0
114128 0
011436 0
068481 0
163077 0
018915 0
104174 0
169508 0
157940 0
135843 0
182565 0
156853 1
065855 1
233579 0
122849 0
161863 0
170671 0
064824 1
026742 0
175694 0
067869 0
004192 0
126815 0
284671 0
257785 0
071432 0
163502 0
078222 0
111539 0
284826 0
167025 0
126943 0
115929 0
181605 0
078669 0
155755 0
184139 1
184114 1
071680 0
175397 0
122706 0
196357 0
002980 0
144241 0
188347 0
047562 0
086825 0
133786 0
186448 0
146231 0
103160 0
168181 0
064390 1
064454 1
064785 2
194570 1
225819 0
064786 1
056666 0
013943 0
135571 0
051886 0
280150 0
126416 0
146354 0
193130 0
147043 0
164428 2
285674 0
164437 1
078317 0
068281 0
230144 0
271784 0
119379 0
234456 0
184021 0
223386 0
092879 0
125978 0
004387 0
042669 0
164454 0
151317 0
282656 0
285498 0
241757 0
268866 0
280168 0
187264 0
187901 0
064860 1
006451 0
111220 0
284787 1
068500 0
163905 0
047359 0
229646 0
253877 0
123777 0
093347 0
164445 0
130077 0
257786 0
188340 0
152594 0
146155 1
146141 0
146317 0
004913 0
009392 1
124359 0
166017 0
170865 0
095967 0
185380 0
284788 0
010078 0
000357 0
108624 0
129880 0
146322 0
077349 0
215627 0
129942 0
180964 0
112831 0
133392 0
147684 0
277522 0
284676 0
071169 1
104342 1
140436 0
166305 0
071012 0
214849 0
090898 0
278169 0
061261 0
146303 0
260713 0
130616 0
126709 0
115232 0
146140 0
280751 0
290007 0
224439 0
164415 0
071231 0
092126 0
123571 1
026469 0
104404 0
252804 0
123582 1
151548 0
152903 0
034333 0
015289 1
194251 0
095510 0
164425 0
000162 0
181393 0
184191 0
177207 0
142319 0
032945 0
146221 0
271942 0
010449 0
049955 0
250361 0
125446 1
064881 1
158450 0
125466 0
125456 0
117210 0
011345 1
146210 0
004750 0
159599 0
064900 1
028520 0
196743 0
006105 0
176722 0
095122 0
197031 0
153892 0
002064 0
025305 0
158399 0
160159 0
164451 0
074442 0
146216 0
183157 0
050471 0
112051 0
199622 0
179332 0
061185 0
029363 0
218746 0
174838 0
164447 0
183359 0
115026 0
155863 0
178865 0
112559 0
148583 0
008555 0
185998 0
283261 0
155096 1
099611 0
059447 0
164458 0
047985 0
164271 0
164270 0
009494 0
036617 0
153365 0
157778 0
087716 0
209570 0
114649 0
133083 0
177206 0
212364 0
018396 0
192544 0
114689 0
151210 0
267564 0
158846 0
146213 0
281168 0
095511 0
011647 0
162787 0
043491 0
077248 0
217193 0
187092 0
011538 0
085772 0
064904 1
110603 0
164464 0
069044 0
284469 0
191652 0
132419 0
145975 0
195353 0
130764 0
289827 0
094085 0
256025 1
099779 0
093112 0
064782 1
048803 0
184131 0
149000 0
271280 0
164022 0
064876 0
009187 0
015279 0
265947 0
007765 0
102367 0
004789 0
139284 0
164876 0
164452 0
005891 0
192651 0
276935 0
134942 0
082365 0
266171 0
052192 0
283331 0
011049 0
007552 0
257387 0
131192 0
065605 0
151403 0
183177 0
152316 0
014418 0
064683 1
259965 0
018209 0
066145 1
088893 0
227456 0
006677 0
093243 0
147149 0
184148 0
127851 0
186613 0
050033 0
164314 0
289832 0
196509 0
287737 0
163782 0
277990 0
155778 0
163362 0
122811 0
169526 0
167975 0
284821 0
006398 0
100025 0
044697 0
180651 0
064520 1
056345 0
157498 0
116307 0
186587 0
255357 0
009660 0
009700 0
124447 1
057069 0
160244 1
005211 0
128544 0
161007 1
138126 0
284608 0
238677 0
155449 0
128348 0
197771 0
040022 0
136491 0
175457 0
118105 0
135145 0
257787 0
059437 0
167767 0
157401 0
047438 0
164894 0
112009 0
013923 0
151903 0
263213 0
143571 0
126415 0
151849 0
091303 0
152027 0
064385 0
006212 0
086387 0
127033 0
003060 0
085655 0
191719 0
192810 0
259265 0
051711 0
003660 0
171264 0
001696 0
142775 0
020078 0
260609 0
005641 0
017349 0
139557 0
047303 0
225422 0
235228 0
109513 0
