015550 2
256745 2
229282 2
237717 1
261985 2
237720 1
265002 1
265000 1
261321 1
261323 1
261316 1
279149 2
279138 2
261665 0
136599 2
136280 2
181705 1
181708 1
181750 1
181748 1
181844 1
211729 1
211747 1
145670 1
224835 1
141250 2
141247 2
141246 2
141136 2
141135 2
142319 1
136730 2
147481 1
163047 1
189986 2
184504 2
189857 1
180000 1
165852 1
151509 2
151525 1
151484 1
149124 1
133573 1
157225 1
135806 1
135692 1
135686 2
003780 2
142237 1
279102 2
279100 1
225696 1
225698 1
225702 1
115260 2
197801 1
197807 1
197766 1
177035 0
182204 2
077162 2
115251 2
070775 2
103948 2
136649 1
070591 2
070852 2
103763 2
104025 2
079924 2
136642 1
070599 2
103772 2
083004 2
083008 2
083022 2
093487 2
095839 2
077177 2
083044 2
092708 2
093036 2
093244 2
097977 2
092705 2
095838 2
097951 2
093238 2
093245 1
067073 1
126685 2
067114 2
067177 2
126648 2
085214 2
085220 1
085215 1
087837 2
084902 1
239891 1
182663 2
013309 1
218031 0
225567 1
008965 2
013738 2
176946 1
176951 1
150104 1
150102 1
150316 1
150344 1
220310 2
002420 1
087737 0
176629 1
176659 1
176596 2
176602 1
154870 1
154742 1
002496 0
141752 1
002983 2
141663 1
179913 1
190344 1
190337 1
190437 1
158305 1
190432 2
190517 1
158299 0
183526 1
222114 1
222425 1
196162 1
195543 2
190623 1
232886 1
016620 2
192637 2
191574 2
173126 1
225614 0
180039 0
016457 2
176758 1
191582 0
196969 2
176769 1
159780 2
095419 0
177153 1
176770 1
176787 1
187631 0
195549 0
176831 0
225556 0
145337 1
156377 1
255471 2
000937 2
255463 1
196967 1
207260 0
014584 2
001528 2
159781 0
152523 1
196838 1
156034 1
153089 2
150080 1
019394 0
153092 1
153042 2
153048 1
264906 2
130184 2
152438 1
148675 1
202462 2
155981 1
162050 1
002421 0
130374 1
155452 1
199539 1
152446 1
199647 1
155555 1
202452 0
150062 0
155556 1
265061 2
155580 0
171394 1
171397 0
163705 2
255391 2
065410 2
197060 1
159219 2
222048 1
142330 1
255290 2
016535 1
142325 1
159233 1
242140 1
153097 1
254551 1
145705 1
189381 1
191464 2
188673 1
221812 0
265218 1
189382 1
158638 1
191481 2
264381 1
188663 1
191652 2
188662 1
191490 1
264471 1
259898 1
153138 2
163719 0
157383 1
222049 1
148134 1
259909 1
153148 0
014177 2
146972 1
191719 0
001111 1
145655 1
155623 2
148120 0
015236 0
265060 2
252112 1
151074 1
190510 1
195538 2
215314 1
002672 1
192639 2
162873 0
170988 2
147385 1
151946 0
013648 2
190511 1
184974 1
147384 1
235767 1
014462 2
288894 1
288946 1
146829 0
014530 1
193141 2
190492 1
157978 1
190416 2
008552 2
183977 2
183565 1
147495 1
199034 1
199005 1
190561 1
190563 0
199007 1
199016 1
157982 1
190482 1
164782 2
190560 2
190562 0
192646 2
018537 0
183987 0
136337 0
195535 2
200812 1
279061 1
153176 2
140620 1
252700 1
157943 1
140179 0
192189 2
192204 0
159744 2
159745 2
159758 2
159920 2
159921 2
160464 2
156624 1
131480 2
160744 2
156613 2
185093 1
160745 2
156610 0
160848 0
141183 0
008506 1
185143 1
157151 1
183937 1
181930 1
183933 1
157104 1
200729 0
155917 0
242264 0
146563 1
153225 0
014058 1
154560 1
149576 0
221966 0
227557 1
224581 1
152259 0
153782 1
174882 1
016699 1
001559 2
153956 0
220096 2
016628 2
014543 2
217698 1
154129 2
220105 2
220711 2
154138 0
217871 2
016710 1
217877 2
220716 2
218693 2
202687 1
202662 1
008659 0
169151 1
185745 1
185746 1
037750 1
002124 1
037660 1
167069 1
232158 1
037650 1
190819 1
013665 2
153570 0
181479 1
169172 0
186747 1
186746 1
186752 0
231467 1
150986 1
248737 0
155534 2
219371 1
154719 0
231685 1
134023 1
232131 1
134013 1
231684 1
155533 0
044638 2
202723 1
134021 1
231765 1
234265 1
192117 0
037507 0
190294 2
164810 0
190302 2
190568 2
190702 2
190911 2
192628 2
155625 0
231614 2
235220 2
004558 1
240349 1
236017 1
235264 1
236268 0
170817 2
234956 0
235505 1
231564 0
288988 1
170835 1
185748 0
179648 2
071035 0
179649 0
288934 1
138310 2
177133 0
160932 0
001565 2
252287 1
228038 1
138242 0
255937 0
000537 1
232036 0
261386 1
261396 2
255433 2
255403 0
231513 0
219342 0
254438 1
169026 0
235729 0
158874 1
195018 1
164374 0
220259 2
159023 2
159008 0
160933 0
234088 0
176184 0
061119 0
177332 2
288019 0
220181 0
223910 1
223909 1
223900 1
159020 0
010435 1
150928 1
142411 1
016926 1
145398 1
244301 1
145400 1
262715 0
150599 0
016593 0
157143 2
265808 1
009758 0
248073 0
158236 1
131249 2
163163 2
156565 1
156553 1
265844 1
258385 2
157137 1
258341 1
013298 0
163104 2
282297 0
227794 1
170247 1
220253 0
254552 0
227680 1
226396 0
260060 0
134263 1
170238 1
134292 1
163107 0
132649 1
165744 0
134184 1
176083 0
134010 1
176765 1
195726 1
131991 0
195728 1
195737 1
242266 0
195739 1
195803 1
155535 0
195806 1
195815 1
195817 1
195830 1
195870 1
195933 1
195583 0
211493 1
210828 1
182699 1
182728 1
182729 1
182764 1
233212 1
182492 0
258895 0
191557 2
168591 0
177343 0
194911 1
194990 1
195033 1
195210 1
195932 0
155931 2
279098 0
144073 1
001560 2
184004 2
185744 0
250421 0
002694 2
156612 2
153040 1
156607 0
200637 1
163239 0
155869 1
101618 0
019042 2
161198 1
195224 1
125163 0
184218 0
195223 1
194309 1
182499 0
194306 1
150223 0
215724 0
200642 0
179127 1
001530 1
045407 0
259495 1
155289 1
130154 1
136353 2
017557 0
136790 1
136794 1
085428 0
136666 0
181986 0
000510 0
234084 0
261328 1
261414 1
196226 0
262725 0
201649 0
175741 1
133139 2
175759 0
147631 2
002194 2
195580 1
195770 1
194394 0
169012 1
002317 0
155542 0
153226 0
165479 0
175738 0
152908 1
161271 1
161164 1
176819 0
161283 0
145387 0
037506 0
163518 1
195548 0
276527 0
136572 0
176264 0
286472 0
202679 1
190235 1
142874 1
016671 0
017153 0
228686 0
260057 0
244978 0
170042 0
194116 0
136518 1
220292 1
123096 0
164360 0
058476 1
058519 1
000952 0
163428 1
237611 0
255354 0
153581 0
247941 0
208227 0
137542 0
157814 0
231566 0
201082 0
179722 0
010491 0
159436 1
220282 0
147630 0
159029 0
202483 2
156954 2
158605 1
011620 0
156953 2
158603 1
164028 1
177032 0
191560 0
085959 0
164217 1
164213 1
143006 1
010650 1
142971 0
159026 0
232890 0
011614 0
160182 0
066656 0
143173 0
202422 0
000143 1
131208 1
143186 0
262646 0
001504 1
093936 0
179331 1
179406 1
141184 0
265548 0
149998 0
053290 0
000921 0
000834 0
127671 0
101156 0
214147 0
144203 0
221960 0
000432 0
017007 0
070189 0
101416 0
198203 0
182703 0
153862 0
152727 0
035577 0
024366 0
015549 0
079594 0
195802 0
263543 2
176806 0
095414 0
157218 0
235753 0
268879 0
198598 1
198608 1
255682 0
061132 0
195547 0
136911 1
219344 1
209950 2
238606 0
227798 2
156333 0
199416 0
227749 0
081210 0
195829 0
203376 1
237246 0
209387 0
234075 0
207402 2
206115 1
203000 0
212809 0
237072 0
142247 1
141832 0
140251 0
176820 0
154542 1
160905 0
013891 0
259247 1
140853 1
179981 1
179986 1
179982 1
259215 0
259214 0
196901 0
023200 0
009625 0
154696 0
133706 0
176214 0
215722 0
262654 0
194818 0
260056 0
133698 0
202999 0
123629 0
030033 0
182112 1
272149 0
182104 1
202750 0
117689 0
220111 1
213516 0
030390 0
212841 0
205653 0
180889 0
252176 1
111703 0
164302 0
127921 0
059205 0
137077 0
156617 2
252177 0
156608 0
200641 0
045464 0
259156 0
132444 1
017727 0
147063 1
147074 1
222205 1
007207 0
234886 0
059224 0
230829 0
141190 1
053447 0
014198 0
002787 0
154376 0
209635 0
014211 0
221767 0
121274 0
239253 0
014213 1
263325 0
011481 0
080312 0
010743 0
238110 0
185672 0
037497 0
007459 0
237386 1
146774 0
157224 0
155185 0
200657 0
176256 1
284521 0
176138 0
033839 0
136436 1
223557 0
136442 1
136444 1
086567 0
114964 0
064701 0
169684 0
019508 0
044642 0
094124 0
268869 0
151308 0
202657 0
246455 0
270101 0
132575 1
191669 2
030145 0
232150 0
265549 0
240380 0
110484 0
145216 0
194161 0
230749 0
231544 0
122801 0
195744 0
079568 0
189014 0
237309 0
000951 0
049272 0
125504 0
156369 0
221696 0
017728 0
136327 0
138824 0
176303 0
002712 0
228654 0
191538 0
160906 0
187720 0
004093 0
142349 0
183487 0
123224 0
195546 0
263908 1
009122 0
263954 1
013266 0
150521 0
286298 0
148019 0
260053 0
017436 0
279099 0
149526 0
144585 0
133402 0
198482 0
194068 0
153828 2
038148 0
002813 2
234242 0
259939 0
028542 0
277224 0
182559 0
228350 0
053443 0
259933 0
153839 0
000862 1
241740 0
192571 0
167312 0
181478 0
190854 0
201952 0
093945 0
139776 0
012550 0
170010 0
289357 0
150568 0
018501 0
123161 0
133532 0
182563 0
004944 0
220320 0
274946 0
235968 0
190615 0
017553 0
122247 0
228714 0
015360 0
194694 0
255308 0
037371 0
168749 1
168800 0
008802 0
128998 0
051284 0
013987 1
227906 0
238709 0
146353 1
179121 0
006334 0
029411 0
196218 0
001419 0
176788 0
263733 0
286169 0
163401 0
153777 0
079611 0
088619 0
153072 0
086181 0
067406 0
097355 0
237407 0
170089 0
140899 0
154455 0
180619 0
120767 0
004286 0
129294 0
156715 0
168803 0
063480 0
221873 0
141934 0
059240 0
126558 0
168757 0
212300 0
159821 0
022756 0
125215 0
044633 0
122830 0
050286 0
019570 0
171994 0
195816 0
015425 0
076914 0
122853 0
096707 0
133844 0
089472 0
179106 0
068129 0
163833 0
225376 0
064250 0
030141 0
118734 0
011773 0
006000 0
018174 0
238065 0
197917 0
133846 0
005924 0
126540 0
155926 0
121886 0
231384 0
128333 0
161441 2
161445 0
122253 0
286470 0
140895 0
156533 0
081318 0
158540 0
231768 0
176967 0
130087 1
125035 0
246472 0
153846 0
064788 0
161446 0
257235 0
155198 0
042371 0
237301 0
009195 0
147811 1
160458 0
123530 0
006723 0
195805 0
150581 0
012460 0
000908 0
262632 0
168957 0
228773 0
146415 0
274907 0
278634 0
190910 0
280349 0
182413 2
196390 0
080562 0
197904 0
227899 0
165480 0
133381 0
242637 0
233788 0
231648 0
224030 0
157054 0
191869 0
157050 0
086635 0
267082 0
168758 0
159624 0
123420 0
050011 0
176808 0
154295 0
195872 0
140222 0
139355 0
219734 2
219733 2
219713 0
060864 0
219709 0
219711 0
253344 0
076918 0
139550 0
118117 0
189018 0
255161 0
145214 0
185972 0
001618 0
269683 0
153136 0
009517 0
152798 0
066613 0
220135 0
233308 0
186796 0
270183 0
200643 0
147975 0
175921 0
199994 0
154241 0
104208 0
195869 0
087179 0
186072 0
230738 0
279963 0
289264 0
183333 0
261176 0
088203 0
139313 0
127262 0
181993 0
132280 0
144959 0
152792 0
179120 0
276413 0
125019 0
159237 0
230739 0
072123 0
198038 0
127607 0
177036 0
010640 0
190674 0
137095 0
053846 0
038498 0
000372 0
191974 0
003786 0
156724 0
158271 0
152993 0
197340 0
194675 0
179911 0
044643 0
069468 0
068096 0
161708 0
179912 0
008909 0
160976 0
161596 0
003550 0
142871 0
151915 0
272148 0
221536 0
154673 0
170143 0
185483 0
000204 1
130153 1
125037 0
001472 1
161429 0
192131 0
012822 0
012665 0
003605 0
