238411 0
233640 0
269056 0
082766 0
266911 2
266308 1
266333 1
266375 0
266378 1
268383 0
264605 0
266377 0
253728 1
253658 1
253750 1
285980 2
286866 0
280878 0
287386 0
260531 0
249339 0
194954 2
196905 1
205360 1
223029 1
223028 1
223031 1
223022 1
223019 1
223023 1
222593 2
222592 2
236366 0
215692 0
221598 0
199784 1
199777 1
199759 1
199803 1
199745 1
199804 1
219128 1
219118 1
231245 1
230436 2
223325 1
242357 0
230409 2
214158 2
214163 2
214144 2
221544 0
231163 1
231159 1
231166 1
230770 0
255934 2
255945 2
255948 2
220112 2
199778 1
196998 0
231857 1
255944 1
255947 1
197226 1
255933 1
199491 2
197225 1
253896 1
284588 0
220423 2
254773 0
220465 2
253886 1
253883 1
220420 2
220483 2
220484 2
271342 0
230946 0
264983 0
195482 1
197822 2
197819 2
221038 0
198339 2
198333 2
198312 0
196091 0
171700 1
171708 1
171674 1
250905 0
171667 1
171709 1
171673 1
182984 0
244696 1
272657 0
201513 2
274968 0
198813 0
256555 2
270247 2
270249 2
170993 1
196670 2
196668 2
196661 2
196655 2
196646 2
198304 0
222313 0
197885 2
229912 0
222160 0
213979 0
254768 0
196602 1
255923 0
199269 1
199268 1
199253 0
199638 2
199604 2
196578 1
275836 0
196355 0
130357 2
130371 2
256926 0
130337 2
197544 1
194100 0
192731 2
101385 0
192783 2
204547 2
204937 2
204651 2
203701 1
218536 2
261139 0
195404 2
195378 2
195349 2
195317 2
195236 2
195228 2
195204 2
213686 0
219595 2
278925 0
202757 0
199239 0
196600 1
196598 0
199839 2
198307 0
196586 0
205351 2
205350 2
246421 0
133169 0
235732 0
196314 0
238303 0
232631 0
196095 2
197365 2
197336 2
192997 1
221880 2
192939 1
193071 2
219124 0
225555 0
193069 2
213024 0
130167 2
130088 2
130092 2
280266 1
152620 0
000755 2
197865 2
130061 2
260672 0
197863 2
006734 2
199203 2
199174 2
153662 0
215475 0
201928 1
139134 1
281452 1
138686 2
140394 2
253060 0
200380 1
241786 0
131565 2
194367 2
132559 1
200375 1
131570 2
193439 2
162879 0
131574 2
131576 2
131575 2
131578 2
133368 2
130243 1
131925 2
196680 2
132554 1
157909 2
129712 2
194183 2
194176 2
144569 2
144582 2
194219 2
241816 0
130244 1
130251 2
130230 2
130253 2
144564 2
130265 2
130257 2
139314 2
144556 2
139396 2
139296 2
144617 2
143182 1
143165 1
139399 2
139765 2
139517 2
142750 2
139727 2
139522 2
138983 2
142751 2
129729 2
140262 2
140220 2
138981 2
129808 2
144128 2
142745 1
140176 2
129807 2
142691 1
140186 2
129834 2
140263 2
129849 2
144271 2
144270 2
129880 2
144100 2
135019 2
143960 1
134997 2
134905 2
134830 2
143927 2
143958 2
132060 2
134895 2
133660 2
133670 2
143938 2
131701 2
010966 2
131700 2
144048 2
143467 2
132044 2
143421 2
131696 2
131713 2
144054 2
143415 1
134837 2
144060 2
144053 2
132779 2
141082 2
132786 2
002682 2
141131 2
141100 2
143420 1
132780 2
129381 1
132821 2
138931 2
141101 2
139211 2
138943 2
129379 1
131790 2
129452 1
138915 2
129378 1
138913 2
131772 2
129374 1
129376 1
131884 2
130952 2
138405 2
131608 2
138867 2
138854 2
134832 1
138803 2
129372 1
129441 1
129456 1
133638 2
129434 1
131609 2
131600 2
002207 1
134896 2
129371 1
129994 2
129937 2
006435 2
131588 1
129375 1
138843 2
017632 1
131587 2
131611 2
133019 2
138810 2
129355 1
129373 1
132693 2
132446 2
129448 1
138816 2
131876 1
144853 2
131763 2
144810 2
129447 1
003607 2
139726 0
132694 2
129934 2
006573 2
138797 2
002264 0
131761 2
132678 2
131748 2
150966 0
132655 2
144952 2
144948 2
133984 2
144954 2
139067 2
144945 2
129987 2
129989 2
144935 2
134064 2
013779 2
002889 2
144968 2
129992 2
129809 2
144956 2
138990 2
133999 2
144724 1
138636 2
002741 2
138632 2
006634 2
133794 2
133980 2
134000 2
130280 2
133779 2
002927 2
133812 2
002765 2
133780 2
139439 1
012079 2
144725 1
131805 2
002890 2
144721 1
202104 0
133755 2
138525 2
131799 2
122892 2
144722 1
138848 1
134989 0
002447 2
144632 1
130116 0
006624 2
139198 0
144183 1
130860 2
144650 1
130864 2
138955 0
130871 2
130877 2
132459 2
134093 2
147406 2
161721 2
147416 2
130909 1
132419 1
134073 2
130898 2
006299 2
006417 2
134068 2
002928 2
006436 2
130844 2
115297 2
008264 2
132543 1
136475 0
143408 2
144164 1
147614 2
147423 2
131685 1
008642 0
139987 2
147609 2
147589 2
138350 1
144175 1
147720 2
132431 1
139977 2
139965 2
131726 2
132555 1
147566 2
131717 0
138769 2
123283 2
147360 0
117370 2
189130 0
131661 0
130487 2
138749 2
138748 2
144135 2
130491 2
140960 0
130495 2
130497 2
133944 2
130511 2
009964 2
123302 2
069628 2
069567 2
102801 2
102740 2
144160 2
069649 2
155611 2
155610 2
102822 2
130522 2
130518 2
138767 2
130696 2
002886 2
155711 0
137392 2
117348 2
130228 0
117144 2
157282 2
238035 0
130704 2
130698 2
130711 2
085633 2
173785 2
157258 2
220654 2
109034 2
173789 2
220660 0
136929 0
117375 2
178351 2
015179 0
138507 1
130477 0
069824 2
178089 0
145928 0
102997 2
141345 2
148166 2
141169 2
141332 0
006388 2
114662 2
138394 2
138390 1
114660 2
177432 2
037084 0
138393 2
139758 2
084119 2
084138 2
137299 2
144134 2
010285 2
122613 2
138575 0
098053 1
132642 2
132639 0
122612 2
097596 0
141986 2
136686 2
139837 0
148775 0
067512 0
136638 2
150037 2
150011 2
006608 0
147850 0
161269 2
150029 2
239901 0
226533 2
151660 0
132384 2
122663 0
226421 2
226463 2
012785 2
150031 2
150026 0
146129 2
150019 2
199376 2
219117 0
129901 0
144590 1
197899 2
275837 2
132644 0
197932 2
129019 2
010163 2
122454 2
275773 0
211720 0
013729 2
194312 2
138503 2
144420 0
194304 2
145015 0
177419 2
194316 2
132166 1
177418 2
177416 2
140369 0
132159 0
138496 2
131028 0
115341 1
129014 2
150967 0
138498 0
167810 0
115349 1
138508 2
147065 0
255577 0
018274 2
177403 1
115354 1
115381 1
128911 2
006369 2
144747 0
101245 2
131580 1
133182 2
133191 2
101241 2
196886 2
225613 0
101246 2
101243 2
177430 0
018195 2
128964 2
101252 0
006472 2
099474 0
129127 0
132152 1
101256 0
135877 0
132147 1
243609 0
158296 2
232400 0
093115 0
130758 1
137072 1
141093 0
138973 2
130454 0
202756 0
132148 1
254778 0
137183 0
132150 1
132146 0
213570 0
143317 0
133308 0
140920 0
151813 0
136933 1
115802 0
115046 0
006064 0
132153 1
238033 0
158022 0
132129 0
138486 0
158363 0
223636 0
264721 0
140972 2
010227 0
140973 2
240145 0
207424 1
206181 1
080274 0
202755 0
220377 0
141342 0
112718 0
140848 0
160164 2
160208 2
190473 0
135453 0
132145 0
131663 2
202653 0
151652 1
210000 0
138576 0
151698 0
243630 0
182760 1
133167 0
152927 0
182776 1
112654 0
196522 2
164470 0
152218 0
151649 1
196366 2
220506 0
115048 1
136168 0
143316 0
237240 0
150915 2
132164 1
151676 1
150934 0
192966 0
137425 0
144328 0
138892 0
131860 1
177244 0
132161 0
130401 1
115051 0
131865 0
114734 0
225970 0
151646 1
196025 0
139763 0
131850 0
003499 0
151658 0
141915 2
108974 0
252539 0
253930 0
152790 0
132160 1
091021 0
141939 2
141912 2
085175 0
199075 2
199079 2
199090 2
198530 2
198537 2
198541 2
002542 2
240617 1
240583 1
137458 0
136931 0
132168 1
076131 2
012198 0
197256 2
002509 0
230688 0
155578 0
114722 0
196621 0
130756 1
130798 1
058557 2
130751 1
018126 0
108166 2
108151 0
167146 2
272729 0
167201 2
130722 1
202071 2
167248 2
008730 0
130824 1
140847 0
167296 2
167297 2
138952 0
168267 0
256635 2
282633 0
256543 2
230090 0
131084 2
256122 0
161993 2
161997 2
202751 0
240261 0
238097 0
182110 1
146746 0
168268 0
213514 0
131013 2
147055 2
162711 2
147086 0
131138 2
156201 0
150514 0
131228 2
131235 2
101352 0
155497 0
132643 0
289329 0
058497 0
190459 2
136078 0
190470 2
153409 0
270248 2
155493 0
270246 2
266877 0
196073 0
255523 0
257879 0
145922 0
152616 0
256109 0
141330 0
102075 0
135993 0
213872 0
009761 0
064209 0
138491 2
268368 0
255912 2
129059 0
186326 0
134012 0
193696 2
139789 0
088588 0
131030 0
250808 0
232406 0
200540 0
253844 2
253827 2
115977 0
150585 0
254287 0
253847 2
142119 0
253856 2
152635 0
197679 2
197674 2
111556 0
037581 0
075967 2
142085 0
258702 2
002498 0
198620 2
198624 2
198626 2
178092 0
258572 0
163811 0
061673 0
130991 0
138422 0
151062 0
140037 0
255441 1
255415 0
017038 2
255359 0
194875 0
256565 1
256706 0
157512 0
256563 1
200687 0
254786 0
258499 0
138739 0
168168 0
256709 0
200962 2
150512 0
079631 1
200950 2
138891 0
130573 0
230276 0
079638 0
189122 0
136077 0
131010 0
094989 0
197366 0
224014 2
263564 0
224029 2
240494 0
202105 0
157805 2
227023 0
195999 0
142111 0
178095 0
214487 0
242242 0
140380 0
222862 0
221444 0
139582 0
226018 0
240136 0
139718 0
155214 0
132447 0
144406 0
163692 2
042086 0
132386 0
210601 1
225583 0
163267 0
211379 0
148311 0
010257 0
194430 0
255186 0
251187 0
005969 0
037829 0
150063 0
101939 0
224628 1
012396 0
010353 0
224620 1
245035 0
224562 1
139456 2
119284 0
256637 0
139454 0
200458 2
152603 0
008865 0
139846 0
131614 1
193164 0
177274 0
131620 1
131612 0
252870 2
131616 0
012900 0
252789 2
233909 0
150662 0
231049 0
260570 0
263645 0
190825 0
132662 0
217202 0
131621 1
131617 0
138656 0
076019 2
094765 0
155508 0
075989 2
075574 2
075502 2
075516 2
075759 2
075838 2
209385 0
075749 2
075837 2
091012 0
075913 2
230263 0
136914 0
186030 1
241647 1
256503 0
241658 1
125566 0
253748 0
007476 0
108494 0
243613 2
256031 0
269062 2
220497 0
151756 0
154874 0
178097 0
268978 2
243649 0
177438 0
135853 0
140826 0
196331 0
250880 0
096893 2
064895 2
263117 2
254783 0
145738 0
060019 0
288441 0
269254 2
269112 0
014308 0
156127 1
196356 0
147404 2
130308 0
115725 0
225907 0
037387 0
064885 0
213550 0
156501 1
256615 0
222299 0
156462 0
259341 0
130309 0
008534 1
157353 0
269219 2
140822 0
269138 1
157465 0
166716 0
273727 0
135216 0
133028 0
269363 2
130351 0
269284 0
115165 0
189772 0
115720 0
156497 0
245034 0
144345 0
136916 0
230097 0
238207 0
197180 2
157466 0
002937 0
018000 0
225621 0
134919 0
140828 0
097216 0
278168 0
202749 0
140814 0
155713 0
269037 1
268985 1
112720 0
286583 0
091943 0
167791 0
099857 0
142214 0
071529 0
011792 0
129109 0
152039 0
162243 1
223369 1
156464 0
058685 2
226019 0
197176 1
162251 1
196941 2
196928 2
090784 0
220383 0
138427 0
194177 0
141583 0
058713 2
162165 0
155222 0
227007 0
191302 2
156463 0
191088 2
018333 0
132453 0
197170 0
201197 0
162183 0
140599 0
167224 0
170734 2
061188 0
170668 2
199408 1
081539 0
180090 0
183510 0
152553 0
150073 0
092694 0
269022 1
230192 0
257506 2
136825 0
006723 0
097212 0
213841 0
201536 2
008862 0
231796 0
198368 0
196728 0
064545 0
199876 0
063084 0
269014 1
276249 0
071913 0
269135 1
269109 1
196211 2
286876 0
196210 2
139408 0
201960 0
121933 0
085274 0
062346 0
182686 0
192302 0
286587 0
085440 0
157352 0
197527 0
233401 0
154184 0
256307 0
197390 0
077514 0
189124 0
260225 0
196058 0
210130 0
131883 2
129686 0
147076 0
269742 0
131880 0
238294 1
105086 0
137462 0
017949 0
278863 0
131029 0
099196 0
160247 2
229021 0
148064 0
255453 0
233638 0
267644 0
199403 1
123893 0
147016 0
222067 1
182440 0
158025 0
239902 0
265046 2
132476 0
182810 0
061074 0
199878 1
017629 0
127014 0
199879 1
152617 0
224569 0
191888 0
138543 0
017540 0
140730 0
146507 0
194783 1
139964 0
199374 0
252486 0
161215 0
201791 2
201566 2
081185 0
201550 2
201707 2
201712 2
161056 0
238312 2
254818 2
238308 1
238319 1
254813 2
192846 1
098361 0
196297 0
269737 0
254812 2
224517 0
221908 0
230101 0
017246 0
156547 0
254751 2
254707 2
254747 2
253604 2
222587 0
096337 0
150077 0
289519 0
111820 0
262132 0
196843 0
143273 0
168938 0
233323 1
231339 0
131468 0
135414 0
208355 0
254774 0
155188 0
160392 0
111333 0
129140 0
243294 0
072255 0
213100 0
137461 0
233293 1
095708 0
254779 0
143407 0
260320 0
279957 0
097639 0
018134 0
031619 0
226924 0
151472 0
269616 1
269604 1
101084 0
197966 1
254619 2
254612 2
197930 0
220011 0
007318 0
115160 0
185071 0
008887 0
238380 0
253573 0
196009 0
218534 0
278862 0
132457 2
146805 0
264952 0
231775 1
224125 0
234469 0
269216 2
274183 0
231774 1
003475 0
230261 0
152878 0
220568 0
130237 0
224126 1
269160 2
223581 0
122559 1
010255 2
122582 2
269034 0
224124 0
122509 0
066088 0
112015 0
050860 0
244393 0
142252 0
220628 0
037135 0
082909 0
018127 0
097146 0
152298 0
235265 0
069164 0
104702 0
093237 2
272264 0
117146 0
138492 0
224094 1
132416 0
133126 0
141400 0
253139 0
086518 0
269235 1
224096 1
096296 0
269234 0
160135 0
176947 0
132503 0
178091 0
250537 2
196579 0
136170 0
233972 0
114813 0
250695 2
235792 1
151726 0
274163 0
154218 0
233670 0
122556 0
225002 0
266709 0
132440 0
237587 0
222490 0
244395 0
255274 2
112623 1
196603 0
252472 0
242976 0
166385 0
112572 0
243735 0
246416 0
232464 0
155358 0
112596 0
194089 0
141091 0
152922 0
238311 0
255087 0
160262 0
249523 0
112570 0
129054 0
233298 0
233026 0
229357 0
006749 0
241272 0
268422 0
144557 0
129124 0
134642 0
199809 2
151039 0
232257 1
199811 2
232727 1
076134 0
232808 1
233090 1
162184 0
232785 0
009987 0
233091 1
232150 0
269041 1
118579 0
268988 1
233351 1
241273 0
262857 2
262855 2
196841 0
194412 2
194849 0
158023 0
233334 0
233326 1
196769 0
198550 1
114830 0
282637 0
198643 1
198691 0
233437 0
198692 0
161371 0
130611 0
230056 0
194616 0
166386 0
150081 0
122308 0
199086 0
250120 0
233419 0
199808 0
194035 0
256449 0
212162 2
143405 0
155565 0
212167 2
197532 0
257309 0
253020 0
163345 0
213183 0
148691 0
211172 1
194642 0
201337 2
201474 2
201475 2
160959 0
203124 1
203131 1
222788 0
129288 0
256079 0
201603 0
222787 1
151048 0
105428 0
230503 0
112737 0
199875 0
199473 2
155703 0
264984 0
146502 0
009726 0
278084 0
233024 1
140237 0
150071 0
182434 0
233000 1
233830 0
137460 0
233622 0
155572 0
004426 0
200686 0
231604 1
097597 0
061141 2
231486 1
231485 0
197384 0
217340 0
233013 0
061179 2
131940 0
061161 0
101097 0
254784 0
169637 0
272724 0
198353 0
061181 0
042733 0
197762 0
011838 0
189223 0
246429 0
196802 2
258822 0
191776 0
212272 0
139341 0
061437 0
255275 0
200919 0
234428 2
074618 0
123638 0
178366 0
258052 0
116466 0
076502 0
211704 0
274565 0
122129 0
215715 0
096295 0
269050 1
062348 0
268981 2
102337 0
152604 0
112234 0
160463 0
255404 0
265893 0
211471 0
151445 0
061270 0
138382 0
027818 0
201586 0
235911 0
277942 0
224564 0
163662 0
256150 1
259581 0
265451 0
233827 0
124726 0
211271 1
122313 0
162395 0
256152 0
129018 0
182623 0
196180 0
233410 1
233399 1
225200 0
232422 0
081217 0
091048 0
256694 0
151065 0
173417 0
227230 0
255418 0
166717 0
262753 0
079861 0
231211 0
240692 0
193276 0
269888 0
244102 0
117436 0
085444 0
125027 0
255389 0
232469 0
064550 0
114066 0
273723 0
256611 2
256618 0
148118 0
114541 0
076670 0
258909 0
142024 0
064559 0
199861 0
162150 0
258885 0
196070 0
090819 0
233828 0
268409 0
194180 0
076124 0
017965 0
226960 0
112228 0
150072 0
027913 0
231264 0
283649 0
140598 0
222009 0
081541 0
129775 0
199985 1
199976 2
154360 0
177283 0
092687 0
288120 0
237651 0
253752 0
144376 0
241097 0
165442 0
196940 0
196309 0
092325 0
271348 0
232686 0
233753 0
148058 0
134742 0
256759 0
182809 0
156077 0
110295 0
240616 0
151041 0
115084 0
076236 0
234955 0
163579 0
097187 0
058898 0
151739 0
272164 0
261128 0
211473 0
101924 0
239906 0
039215 0
139884 0
279711 0
168968 0
024196 0
261590 0
149881 0
215495 0
131734 0
110931 0
004821 0
148903 0
100306 0
027786 0
220630 0
129797 0
007091 0
282819 0
135816 0
255088 0
188780 0
150066 0
129025 0
259404 0
097181 0
082012 0
256004 0
266707 0
118533 0
114043 0
235922 0
070312 0
137855 0
109764 0
111818 0
210884 2
111509 0
210882 2
196192 0
255925 0
233362 0
147982 0
243293 0
179531 0
237588 2
115985 0
215706 0
250658 0
266379 0
153361 0
198346 0
112777 0
081226 0
129126 0
163269 0
134381 0
088528 0
233813 0
230464 0
239253 0
002691 0
221992 0
252463 0
256717 0
252468 0
242713 0
115117 0
286826 0
251616 0
175695 1
259985 0
151035 0
254787 0
139345 0
004534 0
161744 0
133272 0
182815 0
275018 0
158044 0
097695 0
241271 0
219860 0
132903 0
194840 1
099937 0
015053 0
218842 0
071812 0
041998 0
289855 0
120857 0
262656 0
001721 0
215712 0
034610 0
130338 0
155759 0
260423 0
263552 0
006866 0
151047 0
091872 0
225758 0
177080 0
277939 0
258047 2
243648 0
132548 0
253631 0
147946 0
143243 0
220389 0
256314 0
177904 0
196748 0
217405 0
027925 0
287885 0
278923 0
