278758 0
070284 2
103457 2
070151 2
103324 2
070059 2
103232 2
070056 2
103229 2
070061 2
103234 2
070085 2
103258 2
070108 2
103281 2
070010 2
103183 2
112385 2
111963 2
108202 2
097701 0
261760 0
041509 2
099086 0
108802 0
114382 2
114462 2
114384 2
109380 2
109381 0
116573 2
097157 0
093938 2
098366 2
099069 2
093892 2
099342 2
099083 2
099357 0
099192 2
093931 2
093942 2
093941 2
094008 2
094071 2
100245 2
100034 2
099790 0
094699 2
097817 2
098354 0
097815 2
097821 2
097808 2
097857 2
098070 2
098021 2
098059 2
098097 2
098777 2
098629 2
098639 2
098644 2
098784 2
098793 2
099092 2
099104 2
098029 2
098010 2
098028 2
098068 2
097974 2
098104 2
098020 2
097973 2
097830 2
097925 2
097920 2
097949 2
062153 0
020886 0
102061 2
096207 2
094056 2
094074 2
094046 2
094081 2
093948 2
096181 2
096231 2
096201 2
093698 2
099515 2
108817 2
095986 2
095958 2
098797 2
094612 2
094522 2
098781 2
094440 2
112806 2
094558 2
101876 0
094481 2
094550 2
094564 2
145974 2
146000 2
004379 2
096936 2
118512 2
096894 2
096648 2
101226 2
004171 2
112821 2
118279 2
112834 2
094055 2
095978 2
094054 2
094051 0
095413 2
111268 2
101255 0
111269 2
111293 2
112769 2
097345 0
095398 2
112773 0
236927 0
094587 2
125036 2
096043 2
096003 2
096002 2
095882 2
096049 2
092875 0
138970 2
096240 2
095659 2
092971 2
139214 2
090946 0
187021 0
094020 2
093973 2
094019 2
119817 0
096209 2
094068 2
005062 2
119461 2
096206 2
133661 2
133721 2
095032 2
094973 2
094749 2
119260 0
094827 2
094729 2
094698 2
078739 2
078741 2
096236 0
078746 2
078271 2
078772 2
078778 2
098375 2
101189 2
101190 2
067563 2
079580 0
098200 2
067592 2
067615 2
260644 2
097084 0
095399 0
067636 2
067649 2
068254 0
093912 2
113717 0
072263 2
133940 2
105436 2
018460 2
074433 2
107606 2
140247 2
128788 2
135085 0
095937 2
140355 2
140266 2
141970 2
092536 2
095961 2
128871 2
061662 0
096033 2
095638 2
012267 2
126367 1
128870 2
095600 0
128152 2
001330 2
131413 0
128869 2
092554 2
092542 2
092526 0
058019 2
117575 2
065068 2
065101 2
127702 0
100279 2
096418 0
100378 2
100428 2
132568 0
100303 1
131127 2
098499 0
093686 0
100464 0
114151 2
196375 1
141527 2
243192 0
131999 2
131993 2
131996 2
132001 2
001235 0
085145 0
131238 0
063264 2
093940 2
063267 2
093889 2
114205 0
093853 2
063331 0
144933 1
131016 2
131014 1
093794 2
131020 2
097696 0
126999 2
131460 2
131493 2
131482 2
131490 2
131505 2
005817 2
063759 2
131994 0
120432 2
128136 2
120430 2
066294 2
017676 2
001887 2
129322 2
108127 2
132614 0
256266 2
256268 2
256264 2
139721 2
155560 2
256259 2
155568 2
256244 2
017937 0
268459 2
142387 2
202877 2
202878 2
108731 2
108729 2
108710 2
202529 2
140525 0
176680 2
142394 2
199021 2
176683 2
164649 2
164635 2
148908 2
162048 2
258755 2
151732 2
063058 2
194511 2
233721 1
234100 2
011334 2
122716 2
224815 2
224893 2
279290 2
224903 2
122714 2
224901 2
122712 2
179523 2
119264 2
224816 2
193987 2
224894 2
193910 2
064517 2
224748 2
224743 2
224741 2
224759 2
224690 2
152489 2
261063 2
122708 2
219863 0
122690 2
233769 0
281621 2
163927 2
192032 2
112623 0
152457 2
261068 0
153606 0
152492 2
152337 2
133920 2
152334 2
257539 2
157676 2
164228 2
133912 2
164156 2
142421 2
257559 2
133919 2
133773 2
261057 2
257540 2
257534 2
165225 2
060971 2
060968 2
011266 0
275361 2
006972 2
120597 2
142538 2
162985 2
163061 2
162959 2
192455 2
201732 2
190371 0
143423 2
143418 2
149293 2
258741 0
143414 0
163208 2
146800 2
158434 2
152115 2
069740 2
102913 2
117907 2
099295 2
099293 0
159802 2
158390 2
159806 2
117927 2
219542 2
159878 2
000920 1
159879 2
001120 0
159884 1
159886 0
150615 0
083156 0
111530 2
116551 2
144464 2
170092 2
116967 2
169455 2
117163 2
065663 0
001228 0
144447 2
144446 2
017392 2
201334 0
177947 2
129516 2
144519 2
017318 2
129572 2
098045 2
177952 2
007726 0
178726 0
098324 2
001778 2
259772 0
144461 2
098321 2
187313 0
130291 2
130292 2
098300 2
098302 2
130318 2
010349 2
155575 0
130164 0
122671 2
090626 0
164910 2
093802 2
102086 0
144448 2
242819 0
265210 0
112328 2
111511 2
076870 2
111259 2
001997 0
130398 2
077026 2
077029 2
281620 0
000972 1
069170 2
157795 0
102343 2
111257 0
142521 2
163724 2
220609 0
066285 2
266398 2
142511 2
197193 2
260347 0
197197 2
149742 0
197191 2
163725 2
075319 2
109982 0
163730 2
163727 2
002844 1
095524 2
002762 0
099273 0
094752 2
167959 2
131746 2
017314 0
079747 0
094848 2
165988 2
166008 2
131985 0
010474 0
118516 2
146071 2
004419 2
133951 0
119474 0
244452 0
005703 2
009871 2
192647 0
062701 2
101555 2
120323 2
074864 2
177516 2
001203 0
163739 0
079190 2
257529 0
074842 2
122229 2
111735 0
002414 1
075008 2
138528 2
007217 2
079227 2
136132 0
110609 2
101412 2
280215 0
138516 2
090497 2
142106 2
120778 2
120708 1
094178 2
094209 2
120594 2
085261 2
085285 2
125023 2
129155 0
094235 2
159101 2
159093 0
094232 0
130081 0
137329 0
125021 2
006872 2
266984 0
196408 0
076093 2
144985 0
087602 2
120500 2
064258 0
272041 0
129059 0
113262 2
159666 2
181843 0
188852 0
159721 2
098342 0
120924 0
144444 0
159716 2
145059 0
083219 2
065856 2
083222 2
083253 2
083254 2
083279 2
211970 0
065895 2
085206 0
138447 0
243927 0
065912 2
092463 2
160190 0
112496 2
099792 2
236564 0
069174 0
132566 0
280276 0
094229 0
149696 2
183235 2
062156 0
162429 2
052084 0
126897 2
281187 2
090713 0
281036 2
127166 0
152714 2
281012 2
142441 2
017894 0
109421 2
219985 2
099121 0
280920 2
223994 0
280972 2
090825 0
162409 2
177027 0
110351 2
148809 2
132046 0
158158 2
084521 2
098328 0
084692 2
084690 2
126898 2
010774 2
068637 0
189910 2
003267 0
065032 2
189923 2
189892 0
001662 0
084712 2
084711 2
084714 2
084707 2
069762 0
195317 0
148997 0
101868 0
096761 2
177529 0
096656 2
209680 2
166522 0
143222 0
110617 0
086138 0
079079 2
084144 0
009607 2
122050 2
094065 0
136103 0
141550 2
114290 0
133028 0
092794 0
151154 2
141249 2
261062 0
230643 2
151373 2
008402 2
151160 2
010261 0
156303 0
116110 0
123285 0
151168 2
240475 0
092937 2
065986 0
138363 2
001821 0
138306 2
138334 2
138336 2
189109 0
093478 2
100457 0
235939 0
134639 0
007437 2
120948 2
146074 2
004518 2
070582 2
103755 2
118728 2
146043 2
131145 0
097344 0
098179 0
140020 0
236358 2
231476 0
070343 2
139416 0
098362 2
103516 2
153562 0
147441 2
115496 0
238028 0
147422 2
168732 2
070148 2
147443 2
168733 2
098360 0
103321 2
111377 0
147420 2
098280 2
169567 2
146532 0
199448 2
161920 0
131134 0
169549 0
111328 2
199420 2
199462 2
086015 2
071377 2
104550 2
071364 2
104537 2
083323 2
201858 2
083329 0
210042 0
018362 0
162827 2
162829 2
162986 2
133887 2
091338 0
163062 2
026685 0
155289 2
007411 0
116147 0
159722 2
032198 2
100286 2
186742 2
186703 0
076683 2
139541 2
009046 0
237999 0
079654 0
139618 2
139619 2
163741 0
099248 0
065854 2
004198 2
065858 2
188211 0
067847 2
083900 2
228333 0
002281 0
058789 2
056274 2
195952 2
069841 2
088919 0
280365 0
060989 2
060988 2
195950 2
195935 2
064219 2
101087 0
138878 2
060995 2
064203 2
064162 2
103014 2
064198 2
006934 2
120557 2
119916 0
060902 2
133210 0
063851 1
199741 2
197138 0
225544 0
056677 2
063850 2
079743 0
079592 0
169282 0
230390 0
088917 0
075722 2
142003 0
190412 0
048069 2
142636 2
048075 2
228310 0
078325 2
078236 2
066154 0
142650 2
189169 2
064971 0
221273 0
078345 2
093856 0
157032 0
078404 2
078237 2
182823 2
005432 2
181801 0
099271 2
199699 0
032502 2
119989 2
032485 2
031921 2
138444 0
032450 2
032446 2
189164 2
032442 2
189162 2
189161 2
189160 2
114787 0
016714 0
052300 2
086601 2
095804 0
004409 2
076297 0
179751 0
118566 2
052305 0
006933 2
117639 2
120556 2
158238 0
189126 0
033125 0
025131 2
117710 2
093827 0
117703 2
143213 0
237341 2
117708 2
144337 2
141038 2
086283 2
087982 2
064820 0
124355 0
070221 0
140978 2
140980 2
095526 0
117564 2
007070 0
198142 0
117556 2
095225 2
128747 2
095228 0
145064 0
156664 0
002717 2
244681 0
131414 2
283473 2
033130 1
131421 0
283178 2
137110 0
283164 2
088008 2
094344 0
184854 2
031144 2
142622 1
058989 0
031159 2
153527 0
146520 0
184857 0
051632 0
160139 0
087998 2
241136 2
053539 2
138425 2
156661 0
271292 0
087986 0
133861 0
062987 0
266985 0
124914 2
060253 0
069856 2
158750 2
108711 2
138468 2
148104 2
138459 2
114207 2
061345 2
108730 2
061340 2
064317 2
103029 2
260124 0
199217 0
010318 2
122637 2
128226 0
064285 2
168103 2
108732 2
095826 2
122607 0
084945 2
095230 2
168117 0
108624 2
095217 2
180059 0
091584 0
146133 0
126771 0
279608 0
258918 0
088376 0
256976 0
226799 0
190368 0
082421 0
119458 0
091352 0
197082 0
125011 0
259558 0
127149 0
197136 0
139690 2
010253 0
184858 0
069157 0
007756 2
095424 0
121178 2
095303 2
098946 0
032221 2
128216 2
095347 2
161919 0
128167 2
095404 2
079302 0
099761 0
058856 2
044916 0
093409 0
011993 2
146514 0
256056 0
095432 0
093015 0
009409 2
133746 2
004538 2
121867 2
004507 2
032223 2
118714 2
094852 0
004124 2
004565 2
121547 0
032224 2
013745 0
093699 0
121859 2
096137 0
243724 0
103394 0
252922 0
018552 1
132567 0
071453 2
104626 2
068298 0
089087 2
112951 2
181501 0
118235 2
086462 2
128739 1
146719 2
112958 2
109713 0
058286 2
219310 0
268829 0
033595 0
176743 0
039814 0
097690 0
095423 0
244272 0
179214 2
078530 0
085081 0
061265 0
086603 2
275779 2
087632 2
143263 0
085355 2
018477 0
085383 2
085623 2
085591 2
097272 0
142540 0
068434 0
027448 0
061045 2
198555 0
061086 2
120928 0
109676 0
085090 0
061144 0
010265 0
064218 2
101875 1
085103 0
142617 2
083220 2
084041 0
064669 2
088908 0
138037 2
114955 0
252455 0
179551 0
098593 0
066425 0
145317 0
142410 1
102108 0
041234 0
084391 2
116779 0
142637 2
146128 0
086725 0
004838 0
009414 0
067865 0
018112 2
135520 0
129046 2
287256 0
129074 2
129078 2
131423 0
187114 0
176930 0
233730 0
098315 0
132137 0
280229 0
235950 0
122580 0
084237 2
007940 2
099776 0
134077 0
084394 2
004032 0
121353 2
071022 0
243954 0
091286 2
091317 2
096685 2
114208 0
095941 2
093114 0
095965 2
111794 2
132572 0
111762 2
093874 0
137967 2
132366 2
244562 0
225504 2
225505 2
099786 2
225522 0
052093 0
099878 2
098160 0
099834 2
137945 2
137991 2
018169 2
155996 2
128986 2
124350 0
129068 0
066818 0
042454 2
116424 0
101880 0
100227 0
099992 0
134798 0
130653 0
137910 0
065686 2
089198 0
098620 2
006383 0
098529 2
017740 2
086596 2
076285 2
179518 0
129280 2
089463 0
133015 0
280180 0
098633 2
098525 2
265209 0
098508 2
286317 0
086581 2
238700 2
097333 2
157905 0
268175 0
256057 0
086514 2
085204 0
086637 2
086654 2
097335 2
095654 0
095614 0
101633 2
086655 2
101635 2
101669 0
068818 0
128225 0
092615 2
128770 0
086741 0
014406 0
052272 0
084567 2
034084 0
004164 0
083309 2
092601 2
083328 2
131997 0
083226 0
086776 0
201468 0
081142 0
112596 0
096061 2
132135 0
084631 0
077763 0
084568 2
240635 0
083343 2
005859 0
084566 2
084559 2
086487 2
058855 0
084558 2
128183 0
088441 0
007759 2
130134 0
286311 0
121183 2
059455 2
088046 2
098588 0
059452 0
171578 2
011363 0
171511 2
012499 0
099731 2
276334 0
099730 2
083322 0
057700 0
171512 2
171491 2
000329 2
259365 0
101989 0
033664 0
075341 2
075324 2
241537 2
149695 0
111367 0
051651 0
241468 2
241538 2
090613 0
086188 0
141517 0
175594 2
098801 2
098779 2
166482 0
018560 0
249894 0
219441 2
094990 2
063334 0
252852 0
219420 2
058425 2
141318 0
219476 2
116149 0
219372 2
063528 0
131292 2
081487 2
092951 2
093520 0
081480 2
043302 0
092934 2
128476 0
058500 2
108806 0
058381 0
018375 0
159801 0
092837 0
009285 2
094388 2
094380 2
033107 0
129692 0
086157 0
084634 2
149385 0
017936 2
067216 2
097631 0
090835 2
084649 2
093772 2
088478 0
112868 2
123323 0
187119 0
084626 2
112754 0
156660 0
084628 2
101096 0
180061 0
288561 2
129156 2
129223 2
058378 0
071499 0
129224 2
288510 2
003375 0
129222 2
193467 0
006189 0
084629 2
017845 2
129219 2
009233 2
093747 2
121709 2
093645 2
236989 0
288756 2
064516 2
063415 0
114971 2
252749 0
288729 2
095084 0
098056 0
122194 0
061054 2
064244 2
198127 0
008273 0
094346 1
194510 0
145074 0
005707 2
120328 2
129054 0
169287 0
114819 0
239326 0
240630 0
070319 2
094296 0
138445 0
132577 0
257602 0
176756 0
017743 0
083225 0
168306 0
062733 2
103492 2
009818 0
098061 2
189080 0
098335 0
058026 0
070323 2
103496 2
070364 2
134343 0
121677 0
103537 2
070117 2
111632 0
064830 0
070285 2
070100 2
070424 2
123349 0
103458 2
103290 2
090765 0
138287 0
092070 2
003230 0
103597 2
103273 2
070114 2
103287 2
070450 2
070494 2
147909 2
103623 2
103667 2
061832 0
147835 2
155212 0
116148 0
085248 0
137519 0
094385 2
109960 0
094379 2
092249 2
093044 2
123979 2
110452 2
096797 0
094368 2
115026 0
094369 2
260138 0
092942 0
094758 2
114915 2
094377 2
130169 0
220319 0
094244 2
257600 0
112401 2
094378 2
094754 2
094949 1
085165 0
070341 2
103514 2
092399 0
098075 0
102935 0
009267 2
070390 2
103563 2
099647 0
050158 0
083232 0
009147 2
114911 0
121639 2
137323 0
261084 0
032206 2
080319 0
119701 2
009125 0
015013 0
118254 0
032134 2
284367 0
110449 0
061749 0
088977 0
093565 2
242597 0
010705 2
093573 2
093054 2
101209 2
092793 0
119685 2
093035 2
005543 2
120122 2
256207 0
009157 0
093010 2
077315 0
067483 0
094832 2
009919 0
181536 2
142475 0
251427 0
268490 2
004181 0
102009 0
031478 2
132045 2
189118 2
102025 1
100751 2
033115 2
111127 0
100741 2
094390 2
152331 0
140276 0
033131 0
094389 2
094387 0
100758 2
189290 0
031591 2
114863 0
006936 0
063418 0
115150 0
236593 0
177695 0
028838 0
093570 2
097843 0
176745 2
094490 0
249865 0
158710 0
011947 2
031604 0
155213 0
176748 0
094381 0
095448 0
032338 2
095962 2
023277 0
032407 2
176747 0
150863 0
098441 2
288653 0
098505 2
131510 2
177685 0
095005 0
087980 0
090540 0
139884 0
064514 0
131495 2
088978 0
131498 2
131501 2
052117 0
057979 0
098497 0
170138 0
031968 2
012237 0
051779 0
223292 0
098131 0
090502 0
032012 2
123315 0
071710 2
095938 2
071684 2
111656 0
104883 2
072189 2
104857 2
156662 0
105362 2
085184 0
095934 2
220835 2
220821 2
095935 2
095933 2
096083 2
274554 0
060859 2
015251 2
093328 0
093668 2
095932 2
093659 2
098771 2
067953 0
133828 0
098726 2
098848 2
033351 0
005152 0
128250 0
112092 2
102330 0
189196 2
251229 0
071412 0
039752 0
098707 2
035188 0
112096 2
095927 2
052466 0
098411 2
116685 0
096070 2
096032 2
149212 2
149319 2
125486 2
288941 0
110350 0
002688 2
064865 0
252750 0
149318 2
097131 0
090002 0
098575 0
161412 2
161444 2
098850 2
161413 2
161400 0
221869 0
041204 0
096918 0
223192 0
194966 0
287892 0
064582 2
176741 0
098810 2
150439 0
015363 0
284824 0
094228 0
119583 0
098847 2
277403 2
125371 0
015129 2
098751 2
164606 0
125610 2
281456 0
066421 0
011396 0
144990 2
188181 0
032896 0
098443 2
093182 2
098461 0
058301 2
233731 0
256590 0
061186 0
013611 0
093951 0
147714 0
078631 2
068431 2
233770 0
194521 0
058274 2
163440 0
068432 2
123984 0
058014 2
067094 0
086693 0
058096 2
062972 2
062992 2
058050 2
119743 2
058093 2
005284 2
265321 0
009774 0
119139 2
150027 0
128937 0
062946 2
119158 2
119772 2
119753 2
063416 0
113131 0
258492 0
149166 0
066422 0
119213 0
012799 0
158881 0
062970 2
062988 2
114965 0
097077 0
086032 0
149776 0
135475 0
094400 2
062991 2
181966 0
070933 2
104106 2
071135 2
104308 2
126784 0
094353 2
063021 2
044531 0
243955 0
130660 0
094432 2
063001 2
119236 0
094245 2
128920 2
147887 0
064547 2
101440 2
101437 2
095786 2
094525 2
144974 0
097898 0
069647 0
142123 2
142059 2
119559 0
194936 0
081324 2
141978 2
101039 2
099382 0
270839 0
094297 0
086638 0
081330 2
108773 2
081320 2
251259 0
147680 2
147674 2
108847 2
258806 0
147638 2
147651 2
108814 2
034604 0
147627 2
147626 2
110676 2
110582 2
229749 0
092379 0
094355 2
094319 2
132764 0
146709 2
118121 2
118111 2
118112 2
109125 2
226243 0
124676 2
141213 2
182023 0
005176 0
219616 2
011607 2
122547 2
122798 2
124691 2
154698 2
098612 0
141180 2
068448 0
122643 2
122595 2
122561 2
084682 0
134146 0
232847 0
122598 2
010351 2
132000 0
001194 0
122672 2
050079 0
122665 2
195404 0
122654 2
018674 2
099334 0
156622 0
097133 0
089088 0
014186 2
000105 0
023409 0
122794 2
116772 2
132006 0
131833 0
256483 2
122795 2
044724 0
176677 0
046980 2
114999 0
100448 0
046905 2
095745 0
258512 0
230392 2
099233 0
098947 2
127618 0
135685 2
132097 2
110550 2
001307 0
239458 0
098972 2
039424 0
061502 0
098977 2
081343 0
159737 0
020986 0
139437 0
101826 0
119744 2
098873 2
180465 2
180514 2
098824 2
258017 0
121209 0
132602 0
098825 2
001990 2
098409 2
109027 2
109026 0
067998 0
006214 0
127784 0
138900 2
098450 0
138919 2
123281 0
258184 0
119252 0
265484 0
109024 0
070757 0
109025 2
080038 2
095405 0
063090 0
108061 0
234836 0
074788 2
205055 0
109020 0
134713 0
243183 0
041198 0
074562 2
121123 0
263626 0
280216 0
042434 0
096986 0
095626 0
287581 0
275378 0
094310 0
086939 0
012795 2
146110 2
068505 2
162077 0
064982 0
068744 0
180167 2
101791 2
109021 0
102347 0
061219 0
108040 0
063105 0
148269 0
256839 0
017303 0
142466 0
240466 0
006242 0
058264 2
112002 0
035811 0
181123 0
268171 0
089981 0
166326 0
058253 2
016514 0
042243 0
260980 0
096766 0
080165 0
173352 0
128830 0
187577 0
062867 0
081141 0
255519 0
016861 0
098163 0
077599 0
252671 1
013609 0
220815 0
253372 0
011726 0
098229 2
099649 2
274552 0
083357 0
099588 2
088044 2
088043 2
054889 0
099581 2
192808 2
078525 2
098228 2
192823 2
011817 0
098214 2
119577 0
201811 0
052689 0
095086 0
096153 2
033372 2
071716 0
155235 0
138061 0
175188 0
186297 0
180954 0
127549 0
110863 0
197720 2
072090 0
128432 0
229599 0
122195 0
062157 0
234850 0
134919 0
112144 0
020980 0
035984 0
092715 0
184920 0
280274 0
119615 0
110896 0
253255 0
144254 0
092410 0
104889 0
281462 0
129810 0
005404 2
225766 0
274549 0
261782 0
069286 2
119951 2
097603 0
094913 2
280090 2
029478 2
094960 0
251971 2
063091 0
099698 0
096024 2
166231 0
007794 0
096022 2
102459 2
097742 0
050705 2
096071 2
050699 2
140739 0
088909 0
255631 0
061672 2
097625 0
134819 0
015608 2
099713 0
127955 0
261718 0
220653 0
098949 2
098413 2
098446 2
099343 2
114843 0
097807 2
094426 2
085839 0
083434 0
097749 0
094442 2
083083 2
033552 0
029520 2
014329 0
196637 0
132606 0
239459 0
147807 0
181127 0
002384 2
256130 0
096026 2
003265 0
114529 0
099751 0
145149 0
010302 0
211233 0
233277 0
009100 0
047975 0
097738 0
181962 0
035821 0
086934 0
099205 0
093804 0
066376 0
098073 0
064932 0
259788 0
160146 0
224040 0
085812 0
076438 0
097101 2
069214 0
184478 0
130248 0
099718 0
092891 0
096958 0
149893 0
086802 0
051748 0
069653 0
089776 0
097097 2
064145 2
163430 2
130293 0
067893 0
122807 0
123864 0
099398 0
097414 0
155236 0
099614 0
091113 0
112295 0
129585 0
099405 0
214395 0
058094 0
198536 0
014518 0
031202 0
108967 0
262736 0
148998 0
249766 0
030440 0
110735 2
238396 0
110857 0
005187 2
114954 0
116463 2
100571 2
098820 0
100449 2
119545 0
254679 0
100462 2
034795 0
127087 0
119632 2
180160 2
175706 2
138454 0
131654 2
232153 0
001233 0
180178 2
100459 2
019266 0
129759 0
149767 0
063855 2
100570 2
182160 2
078690 0
093460 0
113974 0
271931 0
000809 0
149761 0
095673 0
095006 0
092710 0
150596 0
118529 2
131986 0
048659 0
232570 0
232821 0
042266 0
062298 0
083310 0
170306 0
046239 0
202627 0
146534 2
258090 0
173447 0
254913 0
169139 2
239337 0
099289 0
001054 0
169140 2
113123 0
241508 0
096680 2
162208 0
135036 0
147724 0
221324 0
270840 0
050186 0
118542 2
004400 2
119562 0
118544 2
109691 0
068820 0
134534 0
079336 2
265488 0
012090 2
063391 0
226587 2
226665 2
145310 0
095579 0
162209 0
157347 0
098582 0
085704 2
097481 0
244297 0
139563 0
089089 0
239627 0
181611 0
271961 0
096385 0
162430 0
155191 0
243264 0
033547 0
159729 0
261393 0
079505 0
128011 0
137006 0
035856 0
255632 0
093719 0
062541 0
094075 0
114618 2
036482 0
087943 0
085068 0
278519 0
114596 2
132406 0
114552 2
006630 2
168892 0
141430 0
161410 0
125059 0
198524 0
111371 0
126564 0
116746 0
145118 0
178301 0
000858 0
089215 0
279173 0
099527 2
194115 0
092575 0
100447 0
112095 0
038369 0
012480 2
099401 2
126827 0
121156 0
160358 2
196446 2
127546 0
167198 0
228778 0
145420 0
100556 0
244438 0
099521 2
110457 0
115979 0
260348 2
017448 0
260318 0
122170 0
168684 2
058041 0
039957 0
166483 0
112134 0
097677 2
168685 2
081751 0
170112 0
196450 2
104585 0
210746 0
145099 0
083899 0
147690 0
012582 2
063811 0
123073 0
241520 0
005294 0
260323 2
256278 0
258395 1
287902 0
281518 0
217314 0
044804 0
043249 0
093095 0
283102 0
253373 0
094364 0
135097 0
097759 0
049108 2
137450 0
086062 0
005320 0
014791 2
260311 0
091445 0
102131 0
174704 0
193477 0
276916 0
024488 2
095234 0
132171 2
044246 0
157024 0
132177 2
137413 0
049103 2
280136 0
024485 0
126949 0
144937 0
132176 2
067145 0
131688 0
158627 0
094011 0
009130 0
121212 0
098054 0
023093 0
063717 2
058505 2
168907 0
168553 2
169746 2
169786 2
126718 0
062945 0
169787 2
096983 0
094916 0
035835 0
133208 0
003793 1
104672 0
255270 2
169771 2
102038 2
101978 2
169756 2
260179 0
169754 2
169750 2
169744 2
269445 0
252261 0
220574 0
034135 0
128561 0
152997 0
074443 0
003674 0
059978 2
061960 0
243958 0
121550 2
144525 0
110455 0
009035 2
029085 0
133891 0
162421 0
183892 0
007349 2
120882 2
188782 0
139053 0
030201 0
035820 0
017589 2
129394 2
098381 2
129397 2
012187 0
258138 0
280201 0
032701 0
284063 0
195954 0
053145 2
068022 2
080336 0
051986 0
012615 0
085868 0
189117 0
140005 2
131478 0
170604 0
259075 0
126366 0
010176 0
050088 0
139872 0
168381 0
145372 0
187838 0
100549 0
009689 0
020954 0
161100 0
153239 0
178317 0
051673 2
090355 2
256922 0
109298 0
011143 0
032200 2
032328 2
095989 0
089123 0
144832 0
057024 0
194942 0
241666 0
051658 0
146035 0
023970 0
183446 0
032340 2
098383 0
041466 0
082453 0
149052 0
118203 0
032341 2
034577 2
043519 0
062865 0
138849 0
019200 0
118677 0
231509 0
032401 2
161443 2
091983 0
136538 0
051690 0
030579 0
023272 0
146533 0
006236 0
101187 0
197862 0
170527 0
033108 2
093636 0
086828 0
119825 0
099824 0
058199 0
107616 0
191884 0
098196 0
116483 0
014141 0
070590 0
161411 0
164940 0
259768 0
077894 0
098161 0
097733 0
030246 0
281461 0
051629 0
129982 0
194784 0
156206 0
190027 2
198038 2
034850 0
102820 0
133818 0
064817 0
198007 2
169402 0
115147 0
123732 0
197928 2
240463 0
041810 2
041144 2
197893 2
068816 0
041917 0
018606 0
092973 0
232460 1
108903 0
202611 0
100266 2
100241 2
110336 2
147576 2
041953 0
157023 0
164548 0
094966 0
101867 0
166059 0
096908 0
147559 2
289451 0
041079 2
111909 2
094954 0
147572 2
181808 0
000781 0
009708 2
034221 0
271941 0
129208 2
135484 0
121341 0
181965 0
185401 0
263934 0
149468 0
141444 0
129171 2
133219 0
059005 0
008085 0
153746 0
261688 0
085442 0
017545 0
129147 2
183881 0
034541 2
192494 0
124927 0
063106 0
034533 2
041457 0
034574 2
093156 0
099818 0
035190 0
012485 0
129136 2
062121 0
098948 0
033071 0
129160 0
129139 0
094928 0
029182 2
034626 0
066301 0
129157 0
097415 0
029245 0
083261 0
085082 0
086315 0
089953 0
129158 0
058532 0
096340 0
015979 0
069986 0
121874 0
011923 0
039340 2
039277 0
160151 0
129132 0
272039 0
014317 0
093670 0
116394 0
189195 0
152105 0
098613 0
109616 0
161639 0
277349 0
087668 0
254881 0
209943 0
255861 0
184351 0
031477 0
023098 0
145419 0
061365 2
129316 2
244339 0
149140 0
120178 0
061368 2
061364 2
007025 0
079071 0
032568 0
061383 2
032806 0
071441 0
061385 2
077163 0
180920 0
017702 2
017964 0
129308 2
132020 0
031972 0
001113 0
129129 0
092884 0
156293 0
069209 0
145375 0
022113 0
138244 0
002180 0
131665 0
179171 0
107817 0
122705 2
261303 0
032948 0
011362 2
122728 2
008318 0
098312 0
040627 0
099187 0
014616 0
112280 0
208821 0
041205 0
100400 0
096610 0
158866 0
095528 0
109567 0
121128 0
094937 0
011624 0
197502 2
197498 2
043611 0
235247 0
197476 2
043559 0
197474 2
243194 0
132464 0
197605 2
142986 0
109253 0
091927 0
152685 0
070701 2
012862 0
042341 0
169797 2
266836 0
235048 0
001775 0
148757 0
103874 2
098471 0
169798 2
099460 0
023835 2
169781 2
142966 0
067511 0
190295 0
095231 0
253210 2
019249 0
093716 0
070050 0
023267 0
068916 0
023769 2
195378 0
059447 0
253178 2
007596 0
166779 0
099176 0
118153 0
088291 0
003745 0
148357 0
136763 2
151391 0
149012 0
156028 0
063135 0
107988 0
137556 0
117563 0
092644 0
032591 0
212547 0
257700 0
196067 0
018091 0
267964 0
031995 0
148272 0
149386 0
095473 2
067984 0
170851 0
281458 0
110978 2
117605 2
036876 0
097715 0
181971 0
002340 0
004154 0
130957 0
118233 2
145142 2
095162 0
198285 0
081131 0
185557 2
123873 2
015250 0
265322 0
110915 0
098281 0
270503 0
192123 0
042221 0
098893 2
092858 0
098938 2
098937 2
050207 0
149534 0
033081 0
197503 0
128137 0
277676 0
130325 0
185556 2
016365 0
077184 0
097474 0
149017 0
132126 0
263338 0
205097 0
079370 0
229487 0
219467 0
108341 0
107776 0
089406 0
198589 0
114581 0
087185 0
051455 0
083085 0
093983 0
078388 0
185565 0
181941 0
001861 0
039270 0
278501 0
011275 2
185597 0
145417 0
033570 0
122691 2
149547 0
231577 0
007927 0
057038 0
271476 0
012101 0
051774 0
090940 0
147530 0
058265 0
018265 0
148448 0
175828 0
177521 0
287670 0
019788 0
032036 0
196873 0
099096 0
243041 0
071113 0
201605 0
145156 0
158725 0
152443 0
212419 0
006652 0
092636 0
017664 0
018469 0
170605 0
124658 0
260409 0
111039 0
134956 0
036837 0
120688 0
023406 0
153819 0
123486 0
127443 0
075262 0
137219 0
178544 0
063490 0
192262 0
000184 0
021709 2
090767 0
273394 0
241665 0
041694 0
021697 0
059189 0
021667 0
097369 0
153605 0
157033 0
241516 0
233014 0
089912 0
060493 2
064614 2
064617 2
088638 0
225625 0
135804 0
065908 0
058208 0
165284 0
097453 0
060507 2
157030 0
160602 0
188089 0
115953 0
132765 0
139825 0
064616 2
012662 0
272906 0
262582 0
095394 0
104614 0
182963 0
060505 2
198477 0
279015 0
099089 0
064629 0
131610 0
052131 0
273330 0
273924 0
202678 0
051976 0
252008 0
278694 0
117948 0
034267 0
040739 0
081361 0
124623 0
048409 0
129638 0
007919 0
187548 0
010284 0
090238 0
152913 0
068765 0
099656 0
252109 0
064630 0
149494 0
033675 0
152785 0
170640 0
194968 0
252052 0
039658 0
138838 0
188531 0
255889 0
008009 2
082319 2
018831 0
121822 0
256761 0
139382 0
034269 0
114654 0
041780 0
008779 0
154688 0
100333 0
048248 0
060966 0
032672 0
243699 0
164909 0
102382 0
050103 0
077036 0
093148 0
115916 0
160425 0
053161 0
082982 0
036254 0
168154 0
108053 0
121831 0
019424 0
226152 0
086093 0
145877 0
276911 0
016483 0
145395 0
126591 0
077782 0
182161 0
020955 0
139877 0
085338 0
065538 0
112772 0
036520 0
231762 0
228791 0
143480 0
077802 0
032833 0
267776 0
276313 0
034625 0
121344 0
060799 0
141904 0
131647 0
196861 0
224238 0
097709 0
166341 0
020307 0
148327 0
020304 0
145009 0
140477 0
156827 0
156207 0
051652 0
128133 0
241514 0
122622 0
042861 0
066111 0
063929 0
230954 0
118207 1
239705 0
121410 0
118109 1
015900 0
094027 2
254985 2
185882 0
133138 0
026640 0
037020 0
263376 0
219716 0
059144 0
149218 0
152605 0
067611 0
051682 0
262790 0
129748 0
016666 0
131678 0
254873 0
141351 0
087483 0
032986 0
020357 0
063274 0
117382 0
086607 0
210745 0
047500 0
145165 0
042844 0
009909 0
259094 0
198289 0
015265 0
040672 0
092987 0
042433 0
128704 0
120657 0
187479 0
118533 0
254710 0
225948 0
143920 0
148905 0
157037 0
102130 0
146570 2
181471 0
254082 0
014105 0
093207 0
179710 0
284997 0
149380 0
066300 0
192495 0
014621 0
195664 0
130209 0
012611 0
129334 0
096087 0
182099 0
132025 0
097573 0
093832 0
060974 0
162426 0
221818 0
161869 0
262731 0
091986 2
092104 0
241302 0
099081 2
011868 0
090236 0
099078 0
014351 0
139688 0
092113 0
197676 0
139566 0
086213 0
108216 0
061131 0
114263 2
145242 0
026874 0
059201 0
099064 0
131823 0
096401 0
069625 0
093189 0
114259 2
058055 0
065096 2
099049 0
