088377 0
002679 1
001444 1
065960 0
199789 0
086851 0
182014 0
091798 0
133642 1
133632 1
133668 1
157848 0
157973 0
085755 0
154119 0
137420 0
132050 1
132010 1
132008 1
132135 2
158866 0
141937 0
002777 0
132046 1
133703 2
133702 2
133709 2
133707 2
133774 1
133770 1
133331 2
133302 2
133299 2
133297 2
133119 2
133100 2
133093 2
133088 2
133188 2
133171 2
133729 1
133730 1
133723 1
133612 1
133611 1
133610 2
163967 0
147739 0
133959 0
001458 2
133427 1
131953 2
132136 1
132080 1
147905 0
131954 2
132019 1
132020 1
132017 1
132052 1
133951 2
131605 0
007635 0
140098 0
133365 1
133358 2
132922 0
132039 2
132021 2
109543 0
133664 2
133675 2
133598 1
133684 1
133665 2
133663 2
133649 2
097530 0
001113 0
181962 0
140288 0
133015 0
133746 1
114382 0
133941 2
002855 1
132952 1
132938 1
132955 0
132910 1
131755 0
007436 0
099516 0
134305 0
132865 2
132860 2
127977 0
134001 0
132203 2
132182 2
001459 0
140958 0
181041 0
087717 0
134952 0
261782 0
134003 0
109787 0
132807 1
132825 1
132898 2
132824 1
132803 2
132805 2
009742 1
122139 1
122129 1
122110 1
122059 1
011838 0
133581 2
134076 2
143015 0
009594 0
133735 2
151744 0
179121 0
007046 0
139093 0
123874 0
093071 0
135626 0
100189 0
133432 0
115354 0
133621 2
133585 2
001109 1
142314 0
009735 0
094074 0
005188 0
097809 0
132839 1
132830 1
144541 0
111147 0
132858 1
003340 0
179120 0
007099 0
133582 1
133868 0
137993 0
261991 0
226431 0
241758 0
134005 1
133568 0
134045 0
133899 0
139983 0
181051 0
132407 1
133348 1
258190 0
132751 1
132685 1
132666 2
132670 1
131572 0
133853 2
133871 1
098692 0
133874 2
010253 0
261760 0
133841 1
133829 1
002772 2
004274 0
043358 0
134275 1
135381 0
121098 0
101081 0
130385 0
181910 0
131975 2
131988 2
131970 1
123876 0
117943 0
001919 0
138824 0
017268 1
128571 1
128620 1
128622 1
128653 1
128655 1
128659 1
131729 0
123034 1
137070 0
123037 0
128652 0
193105 0
150008 0
133869 0
156534 0
018134 2
129018 2
129054 2
133376 0
129059 1
134919 0
133268 0
127087 0
130309 0
178071 0
007671 0
139375 1
007044 0
109011 0
146884 0
091686 0
110527 0
003102 0
216825 0
133480 1
135126 0
133312 0
131949 0
144196 0
132646 0
131805 0
108802 0
133283 0
148999 1
149000 0
134024 0
003628 0
132286 0
130320 0
134449 0
133044 0
133559 0
180609 0
139214 0
093802 0
133138 0
142036 0
131613 0
160300 0
188534 0
010357 0
017688 0
129751 0
007492 0
127896 0
018569 2
128720 2
001242 1
125067 0
148508 0
000634 0
001240 1
114749 1
114712 0
001887 0
133200 1
107706 0
133195 1
133586 0
001131 1
006791 0
118398 0
028378 0
133131 0
007447 0
141143 0
134989 0
130412 0
235808 0
194999 0
147564 0
132771 1
131554 0
108036 0
002488 0
133753 0
024065 0
071066 0
134108 0
041786 0
138194 0
141911 0
127799 1
136086 0
132396 0
017246 0
133253 0
194968 0
138468 0
178066 0
130393 0
147639 0
101650 0
140078 0
130248 0
138307 0
134915 0
159702 0
127888 0
102198 0
132951 0
017250 0
159872 0
128654 0
122580 0
097751 0
114824 0
004877 0
133721 1
133661 1
158368 0
087548 0
131319 0
177201 0
131673 0
001445 1
133309 0
117555 0
133424 0
092125 0
140094 0
148993 0
011900 0
112570 0
101782 0
114825 0
134330 0
108586 0
179106 1
145240 0
186587 0
258204 0
262396 0
029646 0
139656 0
001580 1
146481 0
132176 0
002717 0
132088 0
127166 0
137652 0
108996 0
129405 1
017629 1
129429 0
129357 1
131631 0
128658 0
110548 0
100266 0
002894 0
158429 0
112385 0
133339 0
183839 0
133472 0
124121 0
133893 0
144448 0
137433 0
099196 0
127805 0
127889 0
138456 0
133891 0
017965 0
144352 0
111560 0
128869 0
138970 0
271061 0
102019 0
231334 0
097734 0
113106 0
