084219 1
051271 0
084287 2
084125 2
083958 2
083953 2
083965 2
083968 2
081589 2
083943 2
081650 2
084080 2
084202 2
083753 2
067328 0
115400 2
083746 2
083537 1
083530 2
083896 2
083906 2
084248 2
057616 0
051488 2
051379 1
084191 2
084183 2
083135 1
084307 1
079218 2
083999 2
082031 2
092037 1
115253 1
084477 1
075309 2
075311 2
075414 2
080394 2
075418 2
075505 2
075511 2
075513 2
084327 1
075500 2
078188 2
084006 2
078234 2
075517 2
082459 2
082490 2
091397 1
075503 2
083171 2
083173 2
074954 2
074947 2
078164 2
079200 2
051528 2
079172 2
082743 2
082757 2
075415 2
077600 2
075417 2
077606 2
081685 2
051503 2
075159 2
083059 1
075161 2
079288 2
075593 2
079291 2
075051 2
082822 2
083019 1
082829 2
082091 2
078252 2
082884 2
075315 2
082096 1
083111 2
082828 2
079363 2
083179 2
079223 2
079188 2
079364 2
078144 2
078104 2
078080 2
051368 2
075312 0
115355 1
051500 2
078085 2
084416 2
084384 2
078452 2
083119 1
114464 1
114483 1
078440 2
137680 1
078442 2
079145 2
078445 2
083693 2
083698 2
084381 1
084152 2
084155 2
084157 2
079641 2
084090 2
044367 2
043963 2
081027 2
079129 2
081701 2
113836 2
081648 2
044184 2
113800 2
083168 1
051251 2
075608 2
081674 2
082887 1
075906 2
081728 2
051143 2
114640 1
044115 2
051078 2
078098 2
114647 1
078093 2
082615 1
082627 1
050972 2
075501 2
075518 2
081897 2
044100 2
051194 2
078128 2
043889 2
081778 2
074869 2
081721 2
081754 2
084213 2
084336 2
083053 2
084469 1
079325 2
081709 2
084439 1
051074 2
082071 2
082063 2
044080 2
079644 2
043943 2
044072 2
044166 2
044258 2
045040 2
081890 2
084005 1
043991 2
082124 2
044074 2
044028 2
044075 2
044255 2
114413 2
074557 2
043879 2
043927 2
082144 2
044339 2
044832 2
044773 2
044850 2
045120 2
084413 1
045144 2
114603 2
114414 2
045205 2
044221 2
051079 2
084098 2
082077 2
074528 2
114894 2
114932 2
084116 2
082075 2
081229 2
081901 2
083811 2
114972 1
115039 1
115347 1
081922 2
181231 1
083723 2
081903 2
079167 2
115034 1
115445 1
078659 2
078630 2
114989 1
084292 2
079670 2
114873 2
078259 2
181262 1
084031 2
083988 2
078285 2
083563 2
084322 2
083559 2
181139 0
083739 2
114908 2
112097 2
084255 2
084475 2
114436 2
025548 0
083884 2
083786 2
083887 2
051068 2
075472 2
084073 2
055782 0
084317 2
043965 2
084045 2
279827 1
075561 2
043937 2
083479 2
075325 2
044193 2
083497 2
074907 2
114487 2
084110 2
210897 1
210962 1
114467 2
079970 2
084104 2
084335 2
115343 2
084286 2
269649 1
219889 1
211014 1
084216 2
083977 2
043929 2
211015 1
114556 2
277006 1
219891 1
114570 2
269586 1
080019 2
114484 2
084283 2
181198 1
114465 2
115703 1
269658 1
276904 1
115674 1
115497 1
079341 2
084232 2
077703 2
084348 2
080884 2
115394 2
079837 2
223506 1
015108 2
051073 2
084249 2
112139 2
223511 1
045143 2
080867 2
115322 2
083962 2
115446 1
079360 2
051431 2
083700 1
045204 2
115676 1
051187 2
079793 2
051395 2
050832 1
078458 2
114258 1
084472 2
084175 2
084265 2
081720 2
114295 1
051150 2
043864 2
115215 0
270015 1
084231 2
270009 1
270013 1
211776 1
082764 2
081748 2
270014 1
111359 1
084474 2
051069 2
084360 2
083975 2
083444 2
082651 1
082769 2
137440 0
081768 2
081615 2
051107 2
051557 2
083432 2
084383 2
084696 1
044238 2
083207 2
084457 2
051218 2
084096 1
044218 2
081637 2
084017 2
078823 2
220514 1
074721 2
051210 2
083699 2
082080 2
084128 1
082099 2
220004 1
083990 2
084271 2
081794 2
084211 2
082093 2
083955 2
084617 1
084345 2
082073 2
220007 1
084097 2
051412 2
082779 2
081482 2
083071 1
051397 2
115629 1
136059 1
083694 2
062670 2
082577 2
082614 2
082629 1
078043 2
136354 1
075186 2
271840 1
271898 1
080366 2
084775 1
084331 2
078049 2
084583 2
051193 1
084596 2
083957 2
044108 2
084267 2
044023 2
051255 0
271101 1
115918 0
084270 2
084268 2
080236 2
081506 2
084479 2
075191 2
084754 2
084226 2
079642 2
114007 2
083961 2
271153 1
108045 1
084178 2
007106 2
051202 2
075464 2
051207 2
081814 2
120705 2
080424 2
114848 2
114009 2
114852 2
269640 1
075166 2
082029 2
084100 2
084153 2
114003 2
084718 0
120692 2
051198 1
081933 2
075143 2
075137 2
114015 2
084318 2
054411 0
075120 2
051195 1
084117 2
115121 2
115113 2
084154 2
083305 1
114982 2
138478 0
084304 2
051186 1
044194 2
114018 2
084043 2
113986 2
084075 2
115090 2
081907 2
115105 2
051217 2
115435 2
115430 0
043966 2
051215 1
084306 2
115136 2
114710 2
114741 2
084759 2
078303 2
084197 2
080217 2
180323 1
051094 1
082089 0
180277 1
185592 1
084085 2
185585 1
054444 0
084083 2
185588 1
084691 2
081911 2
185578 1
185561 1
114023 1
271689 0
051204 1
081807 2
081963 2
051209 1
113997 2
051213 1
114987 2
082002 2
051059 1
113971 2
051192 1
051206 1
084131 2
051197 1
084038 2
083029 2
084308 2
083027 1
115508 1
083931 2
084377 2
051112 1
083037 2
084365 2
083932 2
154470 0
114990 2
051189 1
051211 1
051166 0
051199 1
180299 1
053844 0
051201 1
277015 1
051200 1
128261 0
114961 2
083039 2
074903 0
051203 1
020190 0
084339 2
044186 2
043964 2
277028 1
084217 2
050849 1
084113 1
051123 1
051216 1
115405 1
051081 1
084106 2
180635 1
179693 1
179703 1
184968 1
084074 1
084111 2
051221 1
081889 2
051223 1
051219 1
179961 1
051092 1
080426 2
084805 2
115292 2
074827 2
081896 2
054226 0
179963 1
179999 1
180033 1
051191 1
186599 1
180626 1
186597 1
272362 0
084147 2
184837 1
180268 1
051208 1
180614 1
180595 1
112514 0
051205 1
184499 1
114648 1
044106 2
051175 1
115466 1
051222 1
180592 1
185562 0
098271 1
051225 1
114115 1
180032 0
083996 1
084387 2
115467 0
083940 2
187031 1
114218 1
114217 1
084011 1
051172 1
084069 2
278007 0
089197 1
071456 0
089249 1
186978 0
089248 1
114673 1
089147 1
089165 1
089290 1
084042 2
114523 1
084052 2
003679 0
084053 2
280412 0
084076 2
081698 2
083969 2
114011 0
115280 2
084206 2
015082 1
115104 1
165904 0
125655 1
115088 1
114511 2
084118 2
003667 0
088340 0
054594 0
078247 2
054110 0
084047 2
084081 2
084062 2
165339 0
084101 2
099679 0
225812 0
081713 2
114530 2
029062 0
084112 2
004884 0
083945 2
045517 0
170883 0
084243 2
114786 1
051465 2
051375 2
059551 0
083614 0
116309 0
180630 1
084109 2
083161 2
083162 2
051511 1
084103 2
136324 0
083578 1
051439 2
034620 0
270897 0
054412 0
083702 2
083164 2
210086 0
083701 2
084091 2
043609 0
083159 2
084250 2
084120 2
280733 0
083005 1
084149 1
115216 0
082964 2
082969 1
084180 1
125148 1
084238 1
227351 0
114342 2
124993 0
079179 1
115129 0
079147 1
115069 2
114639 0
115434 0
114343 2
053519 0
079114 0
115132 2
067417 0
089001 0
083844 2
004588 1
083836 2
083813 2
084225 2
084842 0
082088 0
044538 0
003130 0
201061 0
114703 2
115383 2
114738 2
118962 0
084252 2
280411 0
046747 0
179998 0
083686 2
222924 0
083684 2
124962 0
055131 0
079255 1
079254 1
220041 0
176323 0
083616 0
079183 1
276094 0
276748 0
078147 2
054860 0
146295 0
084222 1
115593 0
137537 0
002361 1
183648 0
265028 1
004718 1
118970 1
162277 0
175308 0
054335 0
084224 2
113964 1
113893 1
010417 1
047765 0
042033 0
280417 0
226776 0
260862 0
061409 0
070972 0
041383 0
269253 0
084442 0
143111 0
055777 0
271183 0
128267 0
221485 0
056148 0
200993 0
084281 2
165383 0
114410 2
071500 2
104629 0
114601 0
051414 0
104673 2
071547 0
112121 1
055462 0
113012 0
050623 0
124527 0
115570 1
115518 2
066222 0
115515 2
115529 0
047359 0
104720 0
271341 0
115525 1
114976 2
035229 0
278006 0
194485 0
114066 0
012906 0
042070 0
041971 0
115736 0
071386 0
119935 0
010893 0
104559 0
047851 0
271910 1
159473 0
079774 0
224865 0
048773 0
055899 0
128276 0
185568 0
139661 0
043860 1
226820 0
138557 0
270284 0
074977 0
124894 0
228158 0
078172 0
269943 0
167965 0
182993 0
269257 0
053041 0
047267 0
174956 0
115625 0
010957 0
118971 0
116196 0
113976 0
041948 0
048050 0
237963 0
005980 0
003440 0
045890 0
016630 0
053660 0
214795 0
139421 0
114707 0
142966 0
005990 0
223649 0
153646 0
007142 0
048832 0
179702 0
114944 0
047747 0
015479 0
116076 1
084821 0
115491 0
053073 0
185555 0
119442 0
005371 0
218053 0
012052 1
041173 0
044810 0
047416 0
180037 0
113064 0
075313 0
020356 0
054356 0
119895 0
000867 0
135092 0
047152 0
281366 0
041079 1
041144 0
256187 0
032401 0
080715 0
114532 2
005221 0
114517 2
114516 0
201494 0
053248 0
227388 0
140635 0
137003 0
116583 0
124899 0
179692 0
124139 0
141238 0
276731 0
062121 0
271238 0
114318 0
267000 0
268931 0
097485 0
114055 0
271087 0
114531 0
053453 0
269126 0
116915 0
276736 0
084392 2
045643 0
115774 0
183721 0
236992 0
229939 0
020762 0
113896 0
177748 0
003831 0
241415 0
063050 0
005968 0
032340 0
056317 0
252303 0
139544 0
069995 0
136198 0
028395 1
115761 0
080748 0
026370 0
113123 0
174909 0
223982 0
047668 0
083697 2
271292 0
083691 2
083667 1
012330 0
074849 0
084646 0
030579 0
054388 0
219440 0
054639 0
099680 0
057277 0
113430 1
113431 0
160155 0
234787 0
032341 0
074985 0
116260 0
156354 0
083914 2
044019 1
083918 2
236986 0
074738 0
044026 0
276732 1
048745 0
276733 0
025235 0
260118 0
241028 0
054099 0
074831 0
062959 0
084851 0
000087 0
067871 0
076597 0
115203 0
252576 0
119844 0
210053 0
272466 1
139813 0
057706 0
056261 0
099067 0
241423 0
119192 0
018491 0
054783 0
054071 0
186366 0
008263 0
229197 0
025722 0
275981 0
047032 0
009535 0
225598 0
054532 0
114988 0
020304 0
119444 0
138190 0
039934 0
079630 0
276728 0
271044 0
264928 0
276891 1
183728 0
175538 0
276950 0
066934 0
056811 0
047105 0
054997 0
045439 0
054613 0
220044 0
254927 0
276673 0
205222 0
000340 0
273597 0
114646 0
114851 0
276720 0
138192 0
221693 0
094386 0
065117 1
179788 0
135006 0
119214 0
005545 0
082020 2
075100 0
000567 0
023328 0
082034 2
124203 0
182855 0
136835 0
272460 0
006283 0
142496 0
254109 0
074739 0
116030 2
114857 0
113967 0
055631 0
115410 0
271686 0
046862 0
151006 0
119567 0
214881 0
141958 0
116057 0
234386 0
003697 0
047410 0
272819 0
115619 0
172992 0
047987 0
225479 0
276661 0
162525 0
226470 0
175455 0
052071 0
114128 0
086921 0
015608 0
084516 1
083750 1
081413 1
081564 1
081369 1
079026 1
076361 0
076642 0
077374 0
135145 0
055620 0
226746 0
127569 1
047372 0
127573 0
009579 0
069586 0
127574 0
228925 0
269596 0
127575 0
113977 0
243426 0
047712 0
057278 0
026434 0
168789 0
176239 0
271476 0
068638 0
141864 0
026451 0
055489 0
080096 0
044053 0
114758 0
020357 0
034577 0
080800 0
016713 0
127576 0
261216 0
228161 0
046251 0
055108 0
231185 0
151043 0
061471 0
179962 0
053739 0
230303 0
227183 0
069397 0
173558 0
089434 1
089454 0
276679 0
089550 0
071743 0
166063 0
026969 0
252311 0
225594 0
236641 0
044892 0
084209 2
010415 0
102570 0
044210 0
083942 2
084078 2
254462 0
090278 0
084179 2
054046 0
084229 2
003946 0
277326 0
045498 0
003460 0
040008 0
034367 0
041822 0
093389 0
127578 0
102759 0
113025 0
006270 0
276738 0
161417 0
045785 0
139787 0
024779 0
112933 0
054576 0
076601 0
034626 0
041932 0
026850 0
018635 0
054374 0
119786 0
219849 0
139853 0
178488 0
120297 0
279304 0
116815 0
099904 0
276725 0
048009 0
084540 1
077138 0
230289 0
104145 0
051945 0
184859 0
271185 0
055546 0
165540 0
003291 0
023656 0
077141 0
054569 0
115664 0
227754 0
177733 0
223835 0
277236 0
142267 0
203430 0
134760 0
148067 0
189119 0
141877 0
003723 0
120229 0
156356 0
220415 0
042453 0
227734 0
054355 0
056371 0
051399 0
097338 0
276750 0
054230 0
077136 0
050504 0
134629 0
113249 0
053109 0
182685 0
005825 0
166115 0
256485 0
075024 0
101955 0
279056 0
066975 0
170207 0
047953 0
077422 0
075003 0
227696 0
075992 0
008272 0
084843 0
159470 0
116143 0
222936 0
054587 0
070284 0
048448 0
112318 0
057045 0
032757 0
115502 0
162224 0
095997 0
005624 0
161418 0
023869 0
139804 0
203793 0
032328 0
224229 0
134934 0
047083 0
002186 0
050288 0
039980 0
134755 0
020358 0
200561 0
039245 0
271511 0
275427 0
147774 0
175254 0
057279 0
003823 0
039387 0
047057 0
264069 0
271374 0
057775 0
215394 0
047705 0
047262 0
032200 0
168482 0
229810 0
115782 0
083425 0
075262 0
226706 0
069010 0
172917 0
047686 0
046677 0
134626 0
040230 0
083846 2
047758 0
084496 1
084497 2
229903 0
084067 2
084501 2
084016 0
203645 0
074737 0
119216 0
130399 0
133748 0
050297 0
275050 0
047246 0
179960 0
276641 0
094068 0
175619 0
063059 0
046566 0
087281 0
025015 0
057623 0
116088 0
139866 0
053008 0
086891 0
271102 0
057064 0
187342 0
116322 0
114942 0
284744 0
194486 0
011163 0
056057 0
188995 0
048830 0
054870 0
033059 0
139992 0
103457 0
047744 0
111626 0
274697 0
054156 0
052409 0
140027 0
074787 0
276927 0
078225 0
170275 0
115458 0
277689 0
047687 0
141166 0
142888 0
225651 0
041457 0
059415 0
047161 0
276741 0
071968 0
277924 0
004863 0
057406 0
030522 0
075256 0
234442 0
262094 0
061042 0
055046 0
023874 0
276735 0
034767 0
117851 0
078790 0
285008 0
166018 0
276737 0
175610 0
070878 0
256169 0
138104 0
278325 0
080694 0
045806 0
175476 0
278334 0
220838 0
004100 0
137236 0
116021 0
083416 0
270485 0
047645 0
090279 0
275034 0
176393 0
055729 0
065520 0
157735 0
095996 0
093452 0
271141 0
074760 0
176306 0
139320 0
049499 0
047884 0
253767 1
174838 0
197852 0
051324 0
128153 0
045888 0
044167 0
084663 0
236978 0
046768 0
122027 0
087134 0
225025 0
095200 0
232010 0
114651 0
053031 0
269601 0
173658 0
023509 0
117103 0
114828 0
003306 0
165919 0
268195 0
162001 0
113162 0
165547 0
047623 0
098771 0
220060 0
041192 0
248212 0
232001 0
246495 0
175387 0
025848 0
114379 0
050442 0
165911 0
252728 0
115075 0
116047 0
250227 0
055203 0
040999 0
115822 0
048000 0
139325 0
039392 0
053407 0
002208 0
139993 0
279308 0
078126 0
246499 0
043833 0
165541 0
118898 0
176335 0
093565 0
276667 0
271530 0
088999 0
010407 0
072284 0
089897 0
168708 0
051912 0
114859 0
014723 0
052547 0
226276 0
120124 0
116495 0
248602 0
015350 0
170478 0
024782 0
159663 0
161489 0
260971 0
228903 0
009265 0
111628 0
057399 0
135001 0
271391 0
159588 0
247679 0
083947 0
066102 0
108428 0
159057 0
040599 0
115419 0
177731 0
053604 0
002477 0
271234 0
057550 0
004728 0
053691 0
228417 0
006698 0
263369 0
016598 0
074780 0
109629 0
241422 0
264098 0
005174 0
083890 0
225476 0
020307 0
268971 0
075341 0
149281 0
109305 0
026175 0
039686 0
137094 0
232285 0
003227 0
262095 0
006826 0
282670 0
055664 0
285411 0
053824 0
