085524 2
010305 1
010298 1
018145 2
115245 2
113573 2
113600 2
080586 0
117089 1
117761 1
124569 1
124564 1
110321 0
114664 0
133014 0
061728 0
005560 1
025309 0
059641 0
111995 2
112019 2
082362 2
131477 2
115942 2
115917 2
108849 0
100839 0
112171 2
112158 2
112176 1
086613 1
086604 1
139705 0
086001 0
131289 1
131379 1
131330 1
131351 1
131350 1
186965 0
009879 2
122234 2
095237 0
131054 0
112283 0
116027 0
138892 0
004900 0
133023 0
032003 0
071261 0
118001 0
131053 0
267674 0
253543 0
117300 0
061033 0
085122 0
081830 2
101924 0
007874 0
037382 0
069257 0
002720 0
108852 0
