229351 1
229356 1
229358 1
234389 2
234388 1
231388 1
234490 1
234119 1
233919 1
227946 2
231229 1
231233 1
231243 1
231230 1
231234 1
231244 1
231228 2
231232 2
231242 2
228972 2
231283 2
231286 2
231313 2
231307 2
231271 2
231255 1
231272 2
231302 2
229194 2
229047 2
229357 2
229359 2
229021 0
231411 1
231409 1
231424 2
231609 1
017844 2
239745 0
229352 2
234390 2
136485 0
136301 1
136512 0
136299 1
136326 1
234086 1
242928 2
242982 1
242922 1
242910 1
242895 2
256312 2
256301 1
229516 2
239253 0
229531 1
229179 2
194720 1
229238 2
194722 1
196314 1
196586 1
196598 1
196600 1
229424 2
229361 2
229310 2
231112 1
221595 2
231119 1
221631 2
221636 2
229241 1
221682 2
142218 0
229439 1
229548 2
229289 0
234012 1
234087 2
234052 2
256031 0
231148 2
231120 1
158734 1
136293 0
155637 0
239329 0
191439 1
191054 1
196315 1
196587 1
196599 1
191448 1
196601 1
207182 0
161987 0
208778 0
229207 2
235780 0
009330 0
169215 0
170559 2
170767 2
170739 2
170776 1
170262 1
170765 2
191053 1
220444 0
229011 2
229423 1
154210 0
099743 0
143643 0
196537 0
221680 2
222154 0
289099 0
239800 0
195958 0
200193 0
028686 0
143220 0
211929 0
235168 0
136208 0
265451 0
222240 1
150115 0
227212 0
221681 2
221594 1
221630 2
221635 2
228533 0
289082 0
197156 0
143601 0
235166 0
093237 0
008674 0
239330 0
196036 0
010247 0
231433 0
272957 0
267532 0
254818 1
254813 0
254786 0
229148 0
236716 0
155631 0
231504 1
192008 0
254812 0
171667 0
254774 0
231431 0
199878 0
254779 0
155615 0
121913 0
269447 0
236007 0
198219 0
228693 0
254783 0
225613 0
233952 1
233944 1
206940 0
190374 0
196536 1
229255 0
220435 0
239323 0
254784 0
238924 0
202410 0
224832 0
196538 0
232912 0
142221 0
254778 0
234297 0
263117 0
161991 0
239739 0
273053 0
269539 0
011869 0
147903 0
289101 0
223560 0
121806 0
190276 0
143206 0
229074 1
193466 0
099712 0
240121 1
024216 0
222163 0
198601 0
155514 0
159994 0
171674 0
265266 0
007800 0
188119 0
232838 0
208779 0
142735 0
224521 0
273998 0
227223 0
234727 1
234782 1
234682 0
234726 0
232126 0
268122 0
158090 0
242821 0
234286 1
239258 0
171709 0
234781 0
231382 0
239322 0
005842 0
235903 0
239566 0
254787 0
254773 0
137326 0
231304 0
230951 0
221998 0
281543 0
171673 0
211931 0
009546 0
096583 0
199784 0
224517 0
224895 0
092690 0
