226419 1
202309 1
199662 1
199768 1
211355 1
201723 1
201733 2
253060 1
207523 2
191960 1
191952 1
192027 1
233435 2
141618 0
199799 1
199800 1
242624 2
240501 2
199644 0
229632 2
225400 2
258244 1
224535 2
196270 2
257917 2
256433 0
262174 0
275040 2
275029 2
275063 2
211988 0
242947 2
229701 2
283475 0
243224 1
250887 2
229964 2
229876 2
243208 1
234372 2
234371 2
287168 2
258502 2
244136 1
244143 1
210978 1
287669 2
243528 0
243497 1
231133 0
243496 1
260884 0
243401 1
256770 2
256767 2
243402 1
243559 1
243862 1
243857 1
243834 1
243558 1
202237 1
243780 1
202384 1
243779 1
243811 1
243818 1
202398 0
243843 1
250339 1
208546 2
250338 1
203074 0
210803 2
210735 2
080223 2
244363 1
257343 1
244341 1
183845 2
257243 1
257272 1
228910 1
228781 1
228782 1
227462 1
227546 0
244732 0
228911 1
243826 0
183853 1
243186 1
206808 1
201638 1
108832 1
256403 0
108880 1
243561 0
108911 1
109176 1
108912 1
253501 2
109198 1
109210 1
253570 2
253575 2
253557 2
253602 2
253600 2
253675 2
255060 1
015242 0
187602 2
253701 2
253425 2
253449 2
253502 2
244471 2
253558 2
253354 2
244451 2
253571 2
253576 2
256022 1
255936 1
256099 1
210965 2
210748 2
201964 1
207193 1
206995 1
205796 2
257421 0
206423 2
206434 2
201963 1
208579 1
201958 1
184706 1
254881 0
202794 1
201756 1
210756 1
025484 0
202963 0
184695 2
202262 1
184747 1
128478 1
128627 1
200003 1
202344 1
115184 0
203070 0
206698 2
206720 2
199967 1
206709 2
208051 1
216167 1
079430 0
254637 1
165336 0
206885 2
203076 2
017574 2
155811 1
019075 1
199226 1
199222 1
203072 2
271664 2
101493 1
265042 1
271663 2
237379 2
199153 1
199154 1
237336 2
199160 1
199156 1
237378 0
258357 2
258373 2
136116 0
064349 1
238027 0
080833 1
256551 1
253926 0
205619 0
067843 1
258430 0
067839 1
067812 1
282164 2
208975 1
080961 1
261392 0
208007 1
197534 1
197450 1
197440 1
274400 0
202633 0
208029 1
208997 1
208018 0
201815 1
201813 1
186283 0
252372 0
209030 1
224398 0
113760 0
030168 0
234290 1
206797 1
234289 0
207204 1
275249 0
256173 0
208986 0
210877 0
202689 1
032000 1
031977 1
180669 0
244426 2
235994 0
244423 1
209712 0
244436 2
244365 1
244261 2
244353 2
244366 1
244367 1
001554 1
244425 2
070171 2
103344 2
146539 2
070147 2
103320 2
070150 2
103323 2
281992 0
243812 0
287867 0
251938 0
226922 1
282970 0
263682 0
145487 0
255270 0
283607 0
152471 0
199236 0
201516 0
123878 0
225422 0
231301 0
244435 0
267467 0
199458 1
199482 1
199483 1
199502 1
199558 1
208414 1
208678 1
244502 1
200471 0
190565 0
224980 0
262867 1
262872 1
202796 0
197170 0
086685 0
229135 0
028839 0
226164 0
194468 0
241117 0
225956 0
261447 0
257428 0
187674 0
153111 0
004761 0
196217 0
240791 0
229269 0
256783 1
256772 0
256803 0
098618 0
233644 0
274359 0
261667 0
264160 0
261671 0
090687 0
160194 0
204245 1
141604 0
281926 0
006558 0
243832 0
253569 0
203057 0
269513 0
256816 0
124467 0
202795 0
226161 1
261575 0
088010 1
094059 0
282863 0
190527 0
127751 0
190683 0
230040 0
215569 0
196161 0
256168 0
229871 1
250646 0
229824 0
224627 0
229820 0
008428 0
241077 0
226560 0
112303 0
275809 0
229250 0
199251 0
282483 0
115627 0
124950 0
258440 0
025463 0
057897 0
285761 0
010964 0
210885 0
261453 0
256345 0
148897 0
176461 0
207754 0
112197 0
226845 0
202470 0
210852 0
048852 0
208760 0
119306 0
263418 0
193521 0
208535 0
197176 0
163167 0
215600 0
264159 0
229279 0
007807 0
261530 0
228727 0
132183 0
276132 0
222775 0
035546 0
253780 0
287271 0
261579 2
252080 0
124470 0
202334 1
202363 2
202623 0
152484 0
215603 0
163117 0
230075 1
195561 0
256434 0
260615 0
252426 0
085706 0
262084 0
030165 0
152740 0
202797 0
152474 0
288572 0
217258 0
234399 0
274418 0
075269 0
263740 0
145492 0
025686 0
005950 0
261287 0
075590 0
153174 0
165298 0
187662 0
261129 0
124617 0
226611 0
258925 0
224486 0
200518 0
283395 0
240836 0
157664 0
029303 0
273880 0
223113 0
198327 0
274505 0
226626 0
025431 0
115447 0
193517 0
023279 0
185881 0
253995 0
068174 0
226867 0
065660 0
254225 1
254165 1
254170 1
254169 1
254186 1
275199 0
215605 0
224976 0
278452 0
242538 0
230201 0
176462 1
176460 0
277268 0
176458 0
192326 0
176447 1
225425 0
076977 0
145488 0
160173 0
118935 0
164224 0
196187 0
168665 0
261580 0
206541 0
226559 0
265927 0
203050 0
288705 0
163765 0
033087 0
253574 1
233652 0
265152 0
275521 0
111790 0
238226 0
276412 0
242472 0
257456 0
263408 0
233928 0
254793 0
256432 0
127390 0
243756 0
052216 0
230551 0
230124 0
240550 0
065960 0
228488 1
257594 0
255103 0
058757 0
268337 0
127563 0
210734 0
288706 0
255115 0
267709 0
270363 0
017160 0
195625 0
262783 0
251950 0
209911 0
