044384 1
044349 1
044314 2
044601 1
044602 2
044616 1
045920 1
045916 2
040949 2
040982 1
044821 1
044698 2
035123 1
035773 1
041639 2
046466 2
036104 1
036111 2
035759 1
035766 1
035748 2
035797 1
035786 2
035757 1
035785 1
035903 2
035981 1
035900 1
035755 1
035906 2
035760 1
035788 1
035872 2
035902 2
035756 1
035806 1
035824 2
037794 2
037793 1
035849 1
035861 2
040929 1
040928 2
035758 1
036308 1
046546 1
036034 1
045324 1
045318 2
035765 1
035908 2
051755 1
041632 2
035832 2
035838 1
035843 1
035792 1
036135 1
036141 1
037314 2
035817 2
035783 1
035873 2
035787 1
037242 1
036275 1
036340 1
036131 2
035867 2
035842 1
041577 2
041594 1
044731 1
035918 1
035919 1
044899 1
040755 1
040898 1
045973 1
044732 2
044737 1
045965 1
045896 1
045511 1
046519 1
046514 2
045435 2
044368 1
044157 2
045358 1
045356 2
045708 1
045014 1
044989 2
036140 2
046049 1
046014 2
036136 1
036142 1
044442 2
044332 1
044408 2
045468 1
044525 1
044524 1
044689 1
044738 2
044638 2
046047 1
044633 2
044746 1
044642 2
044643 2
044634 2
036964 0
218004 1
035675 2
044933 1
035674 1
035676 2
035699 2
046594 2
035904 2
044632 1
046355 1
040792 1
044939 1
044936 1
044780 2
044756 2
044745 1
044775 2
044739 2
044759 2
044762 1
044748 1
044740 1
044733 2
044835 1
044891 1
044882 2
088107 1
045891 1
045889 2
045862 1
044680 1
045854 1
044692 1
044327 1
044001 2
045845 2
044578 2
044585 1
039568 2
040900 1
044593 1
044253 1
044591 2
040751 2
044445 2
044511 1
039995 2
035948 1
046489 2
046476 1
044264 1
036242 1
044582 1
044254 2
044239 1
046293 2
045231 2
044315 2
045234 1
040902 2
044474 1
044323 1
209417 1
044558 1
036702 2
046117 2
046409 2
046411 2
045117 2
045623 2
041536 2
041119 2
045698 2
041480 1
042260 2
040975 2
041388 1
042840 2
036738 2
041394 1
045692 1
035978 2
045624 1
045758 2
042358 2
045727 2
045619 2
044268 2
045489 2
044351 2
045955 1
049892 2
041306 1
050685 2
036160 2
040903 2
041626 1
049889 1
045488 2
045928 1
045954 1
045689 2
040822 2
045177 2
045857 1
040936 1
040915 1
045241 2
045296 1
045307 2
035649 1
045319 1
044098 2
046288 1
044391 2
045024 2
044509 2
044366 2
051325 2
046502 2
035935 2
046509 1
035937 1
040905 1
044503 1
046491 2
046493 2
046459 1
040937 1
044495 2
044743 1
041014 2
045982 2
045998 1
045983 2
043995 2
044278 1
044220 1
044273 1
035831 2
035859 2
035879 2
035777 1
040816 2
035956 1
036098 1
035933 2
045425 2
045536 1
035860 2
035851 1
044579 2
049306 1
049302 1
043895 1
036123 1
044064 1
035846 1
040932 1
035863 2
040752 1
050961 1
035934 1
036372 2
035951 1
035878 2
035776 1
046375 1
036013 1
044736 1
044498 1
044716 1
040892 1
044721 1
035853 1
040901 1
044468 2
044537 1
046379 2
044617 1
035926 2
035925 1
035888 2
044520 1
040793 2
044473 2
209902 1
044561 1
037685 2
035752 2
044291 1
037675 1
045268 2
046462 2
046461 2
040916 1
044678 1
044160 2
044906 1
045999 1
101760 0
035912 2
044307 1
044777 1
037065 1
044781 2
035384 1
035929 2
035304 1
035791 1
040962 1
035286 1
035283 1
037146 2
044162 2
044405 1
035790 1
036907 1
036000 1
044767 1
044419 1
035778 1
264818 1
264847 1
264831 1
035922 2
044577 2
044801 1
035927 1
044584 1
044536 1
046337 1
044755 2
051516 1
045532 2
044032 2
205162 1
054578 1
045443 2
044587 1
044402 2
043765 1
044039 1
044581 2
035841 1
214288 1
044614 1
041026 1
217289 1
044613 1
045501 1
044568 2
044599 1
044589 1
215119 1
044571 1
214463 1
048904 1
264813 0
051339 1
044203 1
043977 1
044387 1
044002 2
044600 1
205166 1
044735 1
035711 2
044626 1
044851 2
044549 1
044955 1
040590 0
036765 2
036748 1
051148 2
044353 1
035885 1
040783 2
045473 2
021527 0
051517 1
045487 1
044223 1
051742 1
035420 0
040819 2
045367 1
045351 2
051338 1
044256 2
044501 1
205151 1
045163 1
044270 1
208357 1
043900 1
043982 1
044685 1
063003 0
044717 1
044730 1
048134 1
043922 1
044741 1
043908 2
040934 1
214961 1
044705 2
051744 1
036325 2
044789 1
207646 1
044734 2
201226 1
216317 0
044703 2
204479 1
044688 1
207658 1
051514 1
045248 1
044552 1
205156 1
045197 0
209846 1
051482 1
205767 1
044636 2
044992 2
043932 1
037447 1
045499 0
044603 2
205164 1
036737 0
205765 1
207060 1
037528 2
040907 1
046361 1
035744 1
044687 1
044559 1
044747 1
036990 2
046198 1
044434 1
044691 1
051333 1
046276 1
048451 1
050892 1
059415 1
044310 1
051064 2
051066 1
059086 1
044375 1
044606 1
044605 1
050886 1
046196 1
044280 2
036978 1
044149 0
209446 1
044357 1
110561 1
044430 1
207124 0
218332 1
036652 1
036085 2
044197 2
045927 0
051468 0
036663 1
044195 2
110530 1
044649 1
043876 1
110569 1
216389 1
044129 1
044677 1
044644 2
036683 1
215467 1
042426 0
037213 1
213276 1
207006 1
051042 1
205282 1
214705 1
212460 1
035708 1
044008 2
062794 0
044592 1
044374 1
036318 1
048419 1
217907 1
258524 1
206535 1
040114 0
045533 1
261823 0
037445 1
215570 1
044272 1
117725 0
046102 2
034661 1
040821 1
036375 2
203894 1
060586 1
048832 1
044631 1
214958 1
214352 1
214960 1
046153 1
212661 1
258468 1
205560 1
215268 1
205173 1
044715 2
044838 1
044720 1
050766 1
140935 0
218408 1
044518 1
046414 1
046418 1
212029 1
060535 1
035735 1
044145 1
044693 1
214783 0
037306 2
042205 0
035923 2
037231 1
040935 1
045801 1
213628 1
035921 1
218949 1
044876 0
070619 0
204592 1
037880 1
219480 1
133501 0
215464 0
035833 2
035789 0
037902 2
037924 2
051605 1
044586 1
205461 1
217387 1
217389 1
044648 1
113250 1
196949 0
036071 1
066382 0
045194 0
218177 1
045005 1
044048 1
045357 1
210107 1
218016 1
218217 1
210290 1
215894 0
045178 1
037106 1
036561 1
208572 1
213889 0
037033 1
044742 1
044770 1
045846 0
037052 1
049256 1
036558 1
035796 2
045021 2
037779 1
051664 1
044163 2
217647 0
041352 1
064150 0
044679 1
048544 0
217334 1
058076 0
081180 1
148724 1
046397 0
019662 0
046570 1
205296 1
216276 1
109397 1
079723 0
203822 1
053538 0
045757 1
065434 0
210344 1
044389 1
044700 2
044702 1
209847 1
217347 0
062819 1
209365 1
209788 1
062813 1
040395 0
210560 1
163893 1
217902 1
045703 1
035920 1
163872 1
163071 0
210762 0
044152 1
035839 1
016007 0
044506 1
209430 1
036267 1
045582 1
216036 0
036268 1
050371 0
036263 1
036490 1
206495 1
035714 2
218888 1
217761 1
036906 1
208545 1
051519 1
217770 1
217784 1
015607 0
037467 1
207665 0
036186 2
045526 2
037634 1
099315 0
022548 0
037639 0
235399 0
203999 1
035916 1
045513 2
044003 2
164572 0
183888 0
075763 1
044358 1
045497 2
051554 2
044004 1
045593 2
044588 1
044580 2
267825 0
040791 2
005425 1
040914 1
078274 0
034997 0
037837 0
044595 1
217238 0
050962 0
109321 0
138040 0
039423 2
051505 1
203633 0
045754 0
021652 0
205445 1
039413 1
035818 2
045817 1
212307 0
051036 0
035784 1
205740 1
203698 0
218368 1
050684 2
044902 0
108253 0
091214 0
215154 1
043124 0
044690 1
203427 1
207230 0
114841 0
045201 1
040802 1
048614 2
040779 1
142988 0
215487 1
045152 1
131314 0
214327 0
037047 1
037067 1
206342 1
044065 2
220826 0
204032 1
040754 1
203956 1
035870 2
035805 1
168396 1
044572 1
045818 1
044570 1
044564 1
218230 0
009930 0
079475 1
208240 1
090865 0
206601 0
044086 0
044563 1
092914 0
029049 0
045310 0
044681 1
082315 0
035866 2
043962 1
215326 0
182937 0
044547 2
051506 2
219502 0
051145 2
281095 0
051409 0
036749 0
163504 0
044020 2
044097 1
044104 1
117903 0
042887 0
078277 0
051381 0
024284 0
036048 1
162643 0
044066 0
044316 0
051515 1
219876 1
051501 0
212353 0
126803 0
051147 1
045420 1
210265 0
034046 0
037564 1
029003 0
091654 0
205506 1
045431 2
045505 1
050921 1
091114 0
021847 0
046273 0
039121 2
038839 1
216344 0
044620 1
044597 1
044630 0
065003 0
201594 0
045038 0
044087 0
050533 0
040585 0
051340 0
036828 0
050359 0
035819 0
051173 1
045964 0
036599 0
068659 0
045816 0
030900 0
201991 1
044147 1
197737 0
045148 1
218082 0
138041 0
045164 1
035599 0
044886 0
043951 2
037695 0
222085 0
007782 1
014207 1
286304 1
024246 0
055703 0
212945 0
044262 1
037310 0
036250 1
082320 0
036270 0
003860 0
044265 0
039647 1
274728 0
195086 0
048244 0
110430 0
284719 0
027253 0
078716 0
069958 0
264833 0
030527 0
209852 0
212092 0
168996 0
050891 1
090436 0
005746 0
222229 0
216470 0
044151 1
044150 0
205753 0
217701 0
015594 0
221875 0
116080 0
075688 1
075683 1
256198 0
044226 1
051330 0
036965 0
091641 0
029226 0
044482 0
090123 1
205207 1
161996 0
116902 0
090141 1
095447 0
023130 0
077418 0
217307 0
242137 0
086368 1
086867 1
075687 0
169219 1
218256 0
115109 0
033759 0
217209 0
013822 0
112155 0
204405 0
057623 0
210353 0
152118 0
086482 1
113801 0
159178 0
086468 1
042546 1
044596 2
036963 0
203660 0
211252 0
204448 0
042568 0
044069 0
045782 0
037836 0
044618 1
044118 1
044007 2
041712 0
210388 0
204324 0
088254 0
014749 0
084332 0
216517 0
212784 1
041937 0
035313 0
101771 0
050608 0
201194 0
214732 0
109427 0
269010 0
212978 1
115688 0
064483 0
213483 0
267801 0
080617 0
066788 0
269717 0
171156 0
045348 0
044650 1
218764 0
029006 0
044672 0
213513 0
001667 0
075679 0
176799 0
206602 0
109554 0
203754 0
117842 0
040039 2
034994 0
043948 0
021726 0
204233 0
215091 0
262524 0
116077 0
174925 0
045180 0
035938 0
219538 0
110417 0
219357 1
167223 0
215392 0
218583 0
219810 0
040259 0
011233 0
044077 0
216848 0
001828 0
208210 0
033364 0
044248 0
036982 0
187827 1
202546 0
096851 0
213544 0
035430 0
048305 0
273746 0
205039 1
049821 0
035517 0
258148 0
209463 0
216252 1
216612 1
217113 1
081149 1
213240 0
216044 0
220829 0
200667 0
215042 0
090577 0
217680 0
216602 1
034643 0
040247 0
213125 0
020010 0
070789 0
156395 0
037389 0
207066 1
045399 0
034949 1
214314 0
217562 1
183281 0
218286 0
204137 1
216118 0
081677 0
120360 0
215816 0
049164 0
218974 0
044726 1
080076 0
044727 0
217438 0
051558 1
208476 0
215106 0
023008 0
110959 0
078995 0
215027 0
090602 0
282675 0
115585 0
216323 0
044047 0
152077 0
043975 0
155692 0
024141 0
268307 0
036301 0
038810 0
077384 0
046408 0
049010 0
044803 0
017188 0
059403 1
037817 0
035556 0
131313 0
244844 0
203272 0
161977 0
164623 0
043972 2
215430 0
114986 1
050918 0
043358 1
029059 0
035244 1
208136 0
108286 0
155624 0
079175 0
044209 0
206500 0
215209 0
046453 0
209037 0
222139 0
116189 0
016144 0
087372 0
035488 0
053773 0
009374 0
023248 0
280088 0
012258 0
218365 0
044948 1
079060 0
212097 0
044082 0
005018 0
217852 0
034971 0
096345 0
145793 0
176095 1
118385 0
077961 0
175199 1
214302 0
039944 0
044085 0
207568 0
213400 0
213085 0
145654 0
217935 0
205191 0
090608 0
011863 0
164412 0
209032 1
287462 0
210486 0
033303 0
040196 0
207116 0
054072 1
028122 0
210051 1
209064 1
209651 1
209663 1
209168 1
209174 1
210099 1
209759 1
210292 1
038683 0
218944 0
217618 0
008262 0
203775 0
090513 0
127095 0
012932 0
044567 1
034920 0
204701 1
272441 0
204594 1
036543 0
055627 0
204952 1
206669 1
283074 0
207796 0
217693 0
033988 0
203283 0
099378 0
041627 0
203704 0
041110 0
281587 0
044788 0
204798 0
000629 1
123007 0
042527 0
006789 1
175845 0
097914 0
274608 0
107994 0
210231 0
203942 0
109039 1
109054 1
121160 0
272766 0
209495 1
028119 0
165911 0
037696 0
208684 0
046441 0
035284 1
218425 0
023179 0
228938 0
035287 1
162117 1
035305 1
035314 1
035385 1
139580 0
035421 0
116950 0
203476 0
212952 0
065958 0
216074 0
208314 0
203881 0
076521 0
217274 0
210139 0
022325 0
060459 0
000444 0
018465 0
046671 0
023213 0
084321 0
092467 0
077374 0
088247 0
044879 0
204302 1
182327 0
032588 0
035165 0
204467 1
089085 0
036760 0
087072 0
049521 0
204522 1
214064 0
062389 0
178745 0
114393 0
020151 0
215061 0
268167 0
056162 0
208365 0
217244 0
021511 0
220885 0
203531 0
035656 0
209519 0
016214 0
151281 0
019342 0
077783 0
038237 0
149927 0
044683 1
087014 0
259672 0
062993 0
001666 0
033689 0
037715 0
117717 0
023136 0
261825 0
023173 0
204910 0
091132 0
044714 0
029646 0
215417 0
037279 0
169623 0
207637 0
035303 0
207725 0
177702 0
216917 0
029268 0
204255 0
044619 0
134910 0
209930 0
051086 1
216691 0
090964 0
268198 0
035285 0
044266 0
018324 0
021297 0
203688 0
216240 0
050681 0
004271 0
243840 0
043821 1
043816 1
043815 1
043805 1
215231 0
205398 0
088248 0
214073 0
203492 0
021997 0
260131 0
203572 0
020284 0
206822 0
030251 0
022278 0
046371 1
043507 0
217498 0
208550 1
128888 0
116908 0
090705 0
028750 0
203643 0
050679 0
043600 0
202735 0
077578 0
214135 0
119086 0
217904 0
046258 0
099508 0
204441 0
074157 0
124442 0
045772 0
183527 0
120355 0
050874 0
203373 0
132533 0
068820 0
038656 1
099801 0
207508 0
035989 0
117183 0
035288 0
160671 0
204378 0
087356 0
015777 0
261822 0
100072 0
212682 0
043939 0
204989 0
039083 0
217379 0
036759 0
215316 0
261736 0
043856 0
218863 0
049403 0
035554 0
044875 0
207785 0
068729 0
081683 0
205134 0
045658 0
025279 0
218960 0
204121 1
142963 0
204176 1
204122 1
204171 1
204172 1
204404 1
204174 1
204175 1
107691 0
209739 0
204294 0
092991 0
059048 0
210581 0
216256 0
269077 0
013187 0
214566 0
215795 0
037122 0
087013 0
119297 0
036827 0
178668 0
078797 0
248979 0
168536 0
021557 0
109441 0
242413 0
035306 0
217085 0
214631 0
019358 0
268161 0
108278 0
117866 0
236578 0
169842 0
066157 0
044500 0
036897 0
266958 0
214137 0
204402 0
224798 0
097559 0
051349 0
009844 0
006465 0
044261 1
004237 0
043992 1
258864 0
085781 0
242531 0
000162 0
202925 0
019122 0
078601 0
205137 0
283061 0
092690 0
069045 0
277986 0
274612 0
036642 0
068578 0
215425 0
008187 0
042565 0
164501 0
044697 0
215568 0
207728 0
135368 0
032358 0
097624 0
107987 0
156684 0
055563 0
219278 0
023678 0
034579 0
163971 0
058548 0
023285 0
258450 0
050238 0
207588 0
218847 0
070256 0
127154 0
022000 0
222336 0
218069 0
213419 0
099427 0
003228 0
080214 0
057367 1
116349 0
056644 1
094411 0
053697 0
131312 0
038185 0
030218 0
063109 0
036643 0
204114 0
268164 0
134419 0
116163 0
027120 0
214904 0
021747 0
045432 0
021583 0
218814 0
008998 0
212588 0
128533 0
058733 0
281326 0
280800 0
037221 0
152436 0
032127 0
062724 0
011371 0
204844 0
077227 0
202559 0
029118 0
209844 0
036276 0
214477 0
119397 0
035315 0
044144 0
177686 0
214194 0
200747 0
054592 0
080017 0
209229 0
056246 0
037718 0
276131 0
023158 0
037742 0
217883 0
082648 0
202254 0
213917 0
060954 0
210555 0
116160 0
005484 0
021165 0
034918 0
203694 0
199559 0
090731 0
223263 0
066553 0
049331 0
221047 0
209996 0
210789 0
087055 0
209197 0
136367 0
046043 0
203246 0
012599 0
220945 0
043538 0
108793 0
032836 0
203518 0
022993 0
200363 0
049226 0
163025 0
204403 0
057965 0
197030 0
079508 0
212636 0
206262 0
220527 0
203842 0
057069 0
203665 0
036540 0
034362 0
204071 0
204786 0
044292 0
118726 0
210256 0
023377 0
269698 0
000395 0
035195 0
128785 0
215033 0
014916 0
209755 0
216656 0
205424 0
205497 0
033910 0
068070 0
163830 0
058759 0
216123 0
289053 0
052748 0
078094 0
175874 0
257948 0
204661 0
209761 0
075035 0
042576 0
044862 0
267770 0
289907 0
056144 0
218148 0
078021 0
214953 1
097746 0
217774 0
113859 0
284632 0
016057 0
218483 0
052304 0
288108 0
042021 0
283914 0
033905 0
046694 0
042194 0
269033 0
149655 0
052583 0
035555 0
084707 0
203953 0
283063 0
152461 0
217756 0
203758 0
204361 0
097507 0
204281 0
212906 0
124321 0
273748 0
169631 0
219100 0
035557 0
035218 0
019129 0
210399 1
289361 0
217089 0
045104 0
281966 0
108674 0
206228 0
207171 0
075755 0
205757 0
216645 0
113997 0
209481 0
038425 0
043773 0
022153 0
004527 0
206769 0
218566 0
162207 0
209616 0
094323 0
215030 0
036686 0
042534 0
218823 0
040680 0
258630 0
216881 0
021182 0
037192 0
214890 0
005184 0
001711 0
211002 0
087388 0
288320 0
033780 0
175423 0
077370 0
012356 0
203392 0
004213 0
116971 0
231532 0
081851 0
204089 0
109513 0
231114 0
251163 0
203838 0
035386 0
259087 0
061810 0
036386 0
216332 0
213217 0
204254 0
218715 0
213009 0
055124 0
068947 0
207722 0
011195 0
039927 0
145792 0
035422 0
063855 0
036870 0
220596 0
035215 0
111411 0
009755 0
219504 0
206977 0
044719 0
217831 0
217463 1
218122 1
216304 0
