194093 2
194101 2
193574 2
193567 2
195747 2
195746 2
195754 2
195760 1
196253 2
196251 2
190783 1
190850 2
202635 2
202637 1
201727 2
202641 2
201737 2
201752 1
264171 0
201781 2
202640 1
199484 1
199460 1
233314 1
233301 1
227400 2
227402 2
202936 0
201734 1
201740 1
201748 1
201792 1
266022 0
199454 0
262765 1
262757 1
262760 1
213890 0
230375 0
196796 2
196798 1
230979 1
262885 0
257093 1
231153 0
257107 1
279949 0
243190 0
202112 2
202122 2
202135 2
202134 1
202375 2
257512 0
196347 0
201929 2
201938 2
202934 1
202931 1
224068 1
207490 1
204850 0
223996 1
223950 0
202157 1
202156 1
232213 0
128556 1
128517 1
128516 2
128559 1
289911 1
018018 0
264963 2
260660 2
264964 2
260653 2
202151 2
202148 2
290095 0
262736 0
066143 0
016925 0
288721 0
196252 2
147134 2
147133 2
192676 0
261747 2
148757 0
140650 0
256364 0
078302 0
207446 1
071204 1
104377 1
071197 1
104370 1
254140 0
136310 0
123732 0
014582 1
131022 1
131019 1
131015 0
131011 1
149438 2
017415 0
149452 2
226412 0
191964 2
192004 2
131026 0
266162 2
266163 2
226469 0
251324 1
196272 2
196282 2
160700 0
193152 0
260828 0
196321 2
196307 2
170268 0
137196 0
205224 2
205235 2
235529 0
187320 0
246616 0
275434 0
195267 0
148288 0
232890 0
205983 1
205950 1
289475 1
202834 0
261665 0
183862 0
028824 0
017919 0
110893 0
197028 0
235516 0
196589 0
264166 0
011758 2
273846 0
219267 1
219274 1
220363 0
196656 0
273546 0
260768 0
262004 1
232233 0
261926 1
280576 1
280605 1
025891 0
243180 0
156655 0
095981 0
013206 0
256452 0
254139 0
257508 0
131023 0
262758 1
262769 1
262771 1
262775 1
262782 1
263238 1
283327 0
257821 0
138807 2
138819 1
264453 0
019308 0
282268 0
278125 0
238410 0
259817 0
130264 0
071434 2
104607 2
071405 1
104578 1
275897 0
074733 0
288594 0
194518 0
160235 0
145521 1
013195 0
005406 0
256560 0
196647 1
213893 0
146512 0
042151 0
200839 0
194545 2
258855 0
014859 0
190688 1
260827 0
079967 0
280577 0
228603 1
228602 1
228601 0
226405 0
170266 0
220018 0
221818 0
265594 0
123843 0
008000 0
260762 0
261499 0
218242 0
265937 0
171315 0
265268 0
004455 0
260661 1
194537 0
008415 0
152530 0
074713 0
260126 1
017265 2
129618 2
238194 0
275727 0
038990 1
140691 0
157981 0
123266 1
123309 0
088744 0
257519 0
191406 0
121962 0
133949 0
127237 0
229177 0
164883 0
275316 0
256837 0
006065 0
239776 0
110494 0
257820 0
078123 0
099830 0
094674 0
187139 0
254686 0
160704 0
220146 0
230150 0
202126 0
144118 0
206742 1
123866 0
262015 0
218144 0
239789 1
239774 0
145553 0
219890 0
188892 0
129904 0
239788 1
239794 1
239792 1
239793 1
239790 1
239797 1
146517 0
239782 0
239946 0
257278 0
239779 0
207290 0
070763 0
239778 0
184418 0
137508 0
088494 0
051813 0
289070 0
226847 0
221720 0
254675 0
132688 0
243514 0
