038793 1
046428 2
002426 1
079635 1
074739 0
044282 0
112106 1
113419 1
199083 1
126332 0
113309 1
113324 1
114502 1
114495 1
131217 0
113123 1
113317 1
113378 1
113369 1
113477 1
113380 1
113374 1
025494 2
045229 2
045228 2
044676 2
045230 2
045236 2
044604 2
044608 2
046039 2
046162 2
038800 1
113693 1
113688 1
113439 1
113441 1
113496 1
113502 1
113708 1
113973 1
113975 1
025505 1
191745 0
078804 0
113942 1
113936 1
113355 1
007875 1
113777 1
113765 1
113485 1
113489 1
113388 1
113311 1
113326 1
207265 0
114938 1
111584 1
113277 1
113702 1
113407 1
113403 1
076244 0
113440 1
113438 1
113778 2
113475 1
113455 1
113769 1
113390 1
113768 1
072187 0
113405 1
116284 0
113527 1
113518 1
113401 1
114260 1
114254 1
041854 0
113444 1
113413 1
113510 1
079668 0
262577 1
114950 0
113505 1
113434 1
113433 1
264157 1
113723 1
113720 1
113470 1
113571 1
113566 1
113480 1
268861 0
259182 1
113782 1
113781 1
127184 0
113399 1
015136 1
113362 1
113359 1
016545 1
113460 1
075430 0
196069 1
043000 0
113504 1
113511 1
075568 0
080076 0
113360 1
274240 0
078685 0
114947 1
114945 2
113030 0
092113 0
015734 0
004351 0
113673 1
111070 0
038024 0
113322 0
069859 0
153363 2
101842 0
173382 1
162893 0
022410 0
170190 0
153365 2
002288 2
277036 0
123139 0
113531 1
162266 0
150078 0
118898 0
085756 2
177252 2
113516 1
113525 1
085776 2
113356 1
247994 0
003000 0
014340 0
114966 0
159937 0
111610 0
199467 0
212679 0
174535 1
174489 0
075643 0
045135 0
043310 0
126659 0
159415 0
022301 0
034679 0
040866 0
113545 1
078926 0
088576 0
078378 0
074829 0
114410 1
123262 0
021994 0
191731 0
114944 0
005788 0
115515 1
115518 0
025404 0
115525 0
127162 0
117246 1
074933 0
076196 0
113430 1
113431 1
193410 0
159563 0
114215 1
114111 1
159534 0
078903 0
126263 2
126271 1
126257 1
126222 1
126253 2
075392 0
101894 0
026544 0
257807 0
075021 0
105359 0
043380 0
222891 1
169408 0
268873 0
158345 0
111541 1
075854 0
116915 1
233055 0
075515 0
114735 0
118899 0
150025 0
175679 0
116260 1
118942 0
007813 0
119032 0
130720 1
199238 0
164314 0
274564 0
109115 0
087285 0
134626 0
114949 0
081333 0
114976 1
017867 0
176581 0
078361 0
090587 0
113526 1
113517 1
075708 0
111819 0
272460 0
202689 0
133748 0
017781 0
075348 0
158107 0
138617 0
212600 0
011184 0
038033 0
052048 0
112148 0
076536 0
275751 0
090867 0
123635 0
022409 0
008787 0
113347 0
003014 0
005121 1
119527 1
122425 0
088582 0
075268 0
079545 0
110638 0
002321 0
101736 0
136220 0
074826 0
212840 0
022395 0
075015 0
078172 0
081165 0
120696 0
117716 0
215600 0
013184 0
171672 0
126811 0
040762 0
114723 0
121229 0
009933 0
274065 0
014659 0
025152 0
132583 0
242658 0
005789 0
118904 0
