158922 2
006786 2
120466 2
005342 2
119850 2
006780 2
120462 2
119846 2
006785 0
006783 2
120463 2
006784 0
026641 2
026347 2
077760 2
077410 2
082642 2
075778 2
075784 2
075820 2
076153 2
002204 2
178752 1
178713 1
178696 1
002461 0
178615 1
178592 1
069102 1
102275 1
224867 1
224875 1
224876 1
079078 2
110114 2
110373 2
075040 1
155971 2
027150 2
232859 1
232864 1
117225 1
076286 2
076304 2
076403 2
273696 0
082151 2
075479 2
029250 0
284679 1
284680 1
141615 0
224226 1
165077 0
207853 1
033090 2
111120 0
158965 0
076898 0
096720 0
206863 0
019066 2
112565 2
112584 2
107948 2
107959 2
108052 2
011047 2
160977 2
161029 2
161033 2
285292 0
011219 2
144752 2
024295 0
144806 2
000428 2
015206 2
125541 2
003986 2
194880 0
120358 0
165086 1
165084 1
153493 2
018228 2
153518 0
128947 2
120465 0
207954 0
230775 2
220481 2
220479 2
217696 0
275892 2
275932 2
258684 0
230832 0
164990 2
165079 2
159895 1
159866 2
159857 2
159880 1
159881 1
165140 2
165121 2
165105 2
159870 2
129828 0
127156 0
206665 0
012774 0
222792 0
190903 0
188714 0
039338 0
052946 2
006603 0
034150 2
109845 0
285286 0
201650 0
120464 0
059197 0
130656 0
224521 0
032484 0
078079 0
178593 0
190449 0
273700 0
255360 0
081075 1
081045 1
081072 1
081109 0
012260 0
028640 0
080788 2
076791 0
233901 0
081090 0
000265 2
139571 0
080660 0
075342 1
230206 0
154598 0
065841 0
064632 0
153530 0
269910 0
001774 0
139818 0
081289 0
059529 1
059686 0
027805 0
289330 0
179334 0
046420 0
190461 0
192909 0
059523 0
014277 0
059651 0
076984 0
067279 0
013171 0
194881 0
146085 0
129711 2
129708 2
131745 2
129675 2
129700 2
129689 2
120592 0
233912 0
033398 0
210485 0
096724 2
267623 1
267620 0
226451 0
247692 0
023054 0
158971 0
025311 0
270146 0
138939 0
130873 0
007800 0
092013 0
120596 0
131901 0
003289 0
220904 0
230104 0
032501 0
155245 0
027779 0
113720 0
058898 0
231390 0
076989 0
107817 0
017022 0
171673 0
015002 0
258700 0
022694 0
021994 2
086802 0
070644 0
130677 0
020381 0
012859 0
155853 1
161933 0
063783 0
230825 0
005745 0
025404 0
287406 0
128142 0
059514 0
229666 0
193616 0
199699 0
011513 0
040633 0
023547 0
069218 0
