111669 2
111692 2
111697 2
111696 2
117387 1
117325 2
117275 2
115900 2
130288 2
130252 2
007624 2
108360 2
117625 2
117582 2
117503 2
116998 2
117338 2
116831 2
124249 2
124256 2
124523 2
124525 2
119791 1
005338 2
119843 2
009484 1
121949 1
121936 1
004902 1
142803 0
143280 0
136026 0
238415 0
165010 1
165006 2
165009 1
165030 2
273746 1
273748 2
116811 0
066037 0
123301 0
186119 0
061140 0
113318 0
139696 0
226011 0
141129 0
265809 0
252476 0
143505 0
129993 0
211460 0
133814 0
276066 0
110559 0
266533 0
126174 0
149446 0
231207 0
087548 0
143536 0
005283 1
119771 1
190421 0
268962 0
147411 0
189685 0
116817 0
140422 0
216956 0
154597 0
003248 0
089308 0
092626 0
120392 0
283755 0
058897 0
061133 0
