088377 0
286395 2
286399 2
285887 2
285767 2
285768 2
285825 2
285815 2
285899 2
286386 2
286396 2
286400 2
286382 2
130439 0
005506 2
120088 2
120069 2
120068 2
120058 2
203620 0
005772 2
120387 2
005643 2
279973 0
093922 2
093953 2
093977 2
093928 2
094023 2
093930 2
090603 1
090592 1
088379 2
088383 2
088417 2
088415 2
088397 2
088407 2
088385 2
089355 1
089341 1
089330 1
088766 1
088750 1
010889 0
074993 2
075013 2
009419 1
121877 1
081504 1
007704 0
131687 2
147926 0
131709 1
093987 0
077611 2
096701 1
096698 1
077750 0
085625 0
075738 2
147168 1
097706 1
097747 1
097632 0
089356 0
080312 0
126596 1
072242 0
244767 0
244661 0
131213 0
111749 0
090100 2
090190 2
288803 0
100940 0
185897 0
185201 0
017960 0
009912 2
122256 2
090405 0
034684 0
273492 0
017346 0
095887 0
115383 1
287162 0
135034 0
147167 0
135139 0
046234 0
095877 0
105415 0
251742 0
197585 0
075101 0
142931 0
077733 0
114976 1
075680 0
048133 0
117973 0
223983 1
224168 1
138058 1
180663 1
004768 0
071308 0
095197 1
047488 0
058162 0
116727 1
116392 1
116349 1
115378 0
019394 0
040024 0
065177 0
121883 0
254384 0
275523 0
192708 0
184801 0
284386 0
135444 0
039804 0
185634 0
085647 0
069189 0
206271 0
013253 0
116033 0
086609 0
121897 0
107749 0
004790 0
096308 0
098568 1
098542 1
183443 0
053401 0
074805 0
094117 0
116196 0
088119 0
079568 0
121449 0
044497 0
244768 0
026875 0
272888 0
004691 0
040008 0
247680 0
142237 0
005075 0
116966 0
133674 0
220439 0
002046 0
052029 0
147412 0
115518 0
231238 0
218020 0
071086 0
255012 0
070428 0
248099 0
060962 0
077133 0
076602 0
126163 0
118899 0
137305 0
168375 0
050074 0
243747 1
064937 0
243744 2
067823 0
112513 0
098901 0
115515 0
211838 0
076777 0
276190 0
146041 0
142968 0
096005 0
021706 0
108724 0
150880 0
077598 0
212163 0
114877 0
066712 0
116287 0
137371 0
187606 0
065464 0
100939 0
164174 0
041564 0
052026 0
060960 0
225099 0
093894 0
094928 0
052463 0
071589 0
028674 0
217975 0
096621 0
100183 0
112560 0
211804 0
284253 0
273498 0
075132 0
135903 0
134512 0
008054 1
114974 0
043260 0
055369 0
095242 0
007607 0
077445 0
115344 0
189509 0
275205 0
023602 0
117386 0
114112 0
114878 0
004910 0
125006 0
009422 0
288798 0
050368 0
011349 0
055514 0
255177 0
144421 0
147413 0
079226 0
007247 0
087683 0
026853 0
046184 0
031737 0
121134 0
062859 0
070404 0
244316 0
127190 1
127193 0
009706 0
127206 0
219308 0
077174 0
117333 0
093762 0
285464 0
226002 0
164166 0
045424 0
180560 0
032980 0
077591 0
072268 0
068759 0
044481 0
142436 0
057286 0
063196 0
075106 0
111539 0
266856 0
211734 0
184802 0
100948 0
163454 0
133924 0
117974 0
004592 0
115525 0
071243 0
083621 0
096813 0
009646 0
040044 0
117334 0
262344 0
118904 0
096129 0
010412 0
137466 0
081378 0
120570 0
069809 0
075340 0
238420 0
089488 0
083618 0
096305 0
085408 0
235583 0
173159 0
104416 0
077460 0
104481 0
181607 0
108270 0
185214 0
072122 0
040051 0
139066 0
185465 0
099395 0
033229 0
271630 0
129552 0
217978 0
114885 0
134305 0
206301 0
283888 0
188734 0
288792 1
097624 0
288795 0
101167 0
244181 0
062852 0
288794 0
133870 0
135654 0
075834 0
000328 0
288805 0
000916 0
026011 0
015438 0
099412 0
017328 0
006216 0
102362 0
063339 0
017311 0
185328 0
140282 0
130409 0
193794 0
259525 0
095996 0
100555 0
075030 0
164067 0
104259 0
051912 0
064754 0
211609 0
087372 0
127422 0
059778 0
222631 0
063555 0
039660 0
098454 0
283955 0
017648 0
211606 0
154345 0
244667 0
211808 0
131052 0
089673 0
083624 0
235731 0
150205 0
101997 0
001243 0
072500 0
078768 0
100612 0
185204 0
083586 0
004425 0
101862 0
032709 0
041694 0
029425 0
121884 0
115400 0
233923 0
253642 0
211796 0
069333 0
130870 0
261876 2
007163 1
076631 0
118721 0
118891 0
075638 0
080781 0
212442 0
118758 0
103601 0
271118 0
113301 0
108759 0
095224 0
069400 0
271620 0
147402 0
271691 0
095891 0
135443 0
266837 0
254450 0
066871 0
034274 0
004681 0
237338 0
005496 0
058058 0
186956 0
127378 0
018972 0
259762 0
077610 0
119635 0
120001 0
270538 0
058089 0
124072 0
164098 0
008202 0
115352 0
126326 0
089845 0
089840 0
225402 0
063730 0
283952 0
156468 0
072803 0
048282 0
101372 0
156723 1
196133 0
136911 0
157709 0
008384 0
177436 0
288067 0
118907 0
250787 2
250772 2
036995 0
138532 0
271160 0
066942 0
105441 0
090597 0
252854 0
055509 0
187615 0
142891 0
252231 0
225360 0
093936 0
138251 0
238040 0
066873 0
000308 0
267779 0
184385 0
083913 0
088036 0
254802 0
079870 0
196252 0
254362 0
049410 0
145926 0
088177 0
262120 0
089588 0
094513 0
062985 0
048265 0
128036 0
269835 0
012640 0
276374 0
132058 0
287170 0
203888 0
204347 0
225442 0
131280 0
147327 0
135626 0
075686 0
115107 0
028324 0
039710 0
075701 0
031393 0
285615 0
276214 0
076160 0
102505 0
077232 0
116601 0
146102 0
071313 0
270009 0
253706 0
068373 1
252232 0
095192 0
065087 0
077622 0
186195 0
082466 0
089425 0
056394 0
211875 0
165597 0
065150 0
135625 0
235778 0
254385 0
251162 0
252248 0
254374 0
093704 0
061629 0
099145 0
149682 0
109913 0
234796 0
191897 0
052462 0
039469 0
244169 0
104486 0
076690 0
231875 0
136220 0
077427 0
196134 0
107853 0
065075 0
039979 0
075109 0
112312 0
102982 0
108799 0
104762 0
211625 0
135190 0
095802 0
082438 0
225357 0
066872 0
248359 0
116107 0
290010 0
094259 0
270191 0
088968 0
238039 0
032591 0
137358 0
115995 0
181312 0
186961 0
059513 0
231175 0
076636 0
085001 0
285564 0
084979 0
112259 0
244332 0
093945 0
042706 0
066829 0
288793 0
109769 0
114159 0
282265 0
066874 0
011485 0
117729 0
020426 0
252346 0
065602 0
035199 0
102573 0
015018 0
051270 0
044377 0
033233 0
095049 0
078770 0
282127 0
040552 0
054252 0
212021 0
088419 0
136652 0
088649 0
133458 0
060546 0
140884 0
176602 0
130287 0
048134 0
252508 0
085723 0
282259 0
061975 0
241928 0
238422 0
288804 0
216680 0
094555 0
048305 0
233958 0
269965 0
260876 0
078207 0
226025 0
127857 0
096741 0
094118 0
136119 0
099983 0
271177 0
096302 0
087691 0
052318 0
103577 0
250984 0
276191 0
253743 0
087386 0
113376 0
097337 0
015236 0
113274 0
284469 0
029070 0
063509 0
046130 0
083356 0
113794 0
184903 0
083620 0
088539 0
092720 0
137201 0
279499 0
065453 0
128053 0
286236 0
285358 0
077154 0
258884 0
145904 0
214920 0
125504 0
099679 0
110916 0
277403 0
070538 0
193807 0
076629 0
043403 0
134095 0
057716 0
009918 0
059519 0
062752 0
103711 0
192617 0
114869 0
028700 0
073066 0
078087 0
069787 0
009195 0
068756 0
016906 0
111654 0
119073 0
113379 0
175958 0
127973 0
065445 0
053145 0
149156 0
235773 0
039934 0
111083 0
067946 0
113520 0
093911 0
114712 0
134547 0
067674 0
260139 0
215830 0
035115 0
055476 0
011656 0
057308 0
095051 0
140040 0
182269 0
028486 0
119935 0
036502 0
007573 0
271874 0
070811 0
139063 0
193204 0
141125 0
242240 0
217215 0
068441 0
253186 0
034988 0
065822 0
226113 0
028646 0
029256 0
091896 0
260121 0
278756 0
062819 0
225100 0
286273 0
186631 0
034510 0
261058 0
126359 0
004562 0
270127 0
084847 0
110029 0
017860 0
094123 0
196387 0
061180 1
061162 1
092214 0
170847 0
136959 0
224284 0
013246 0
275204 0
039939 0
235734 0
080971 0
063972 0
141761 0
210650 0
113088 0
221619 0
115879 0
065710 0
199063 0
019512 0
071651 0
127120 0
271107 0
077487 0
074777 0
224206 0
075336 0
075125 0
080752 0
119261 0
225550 0
198927 0
050633 0
290011 0
064358 0
244485 0
006390 0
101639 0
079542 0
082186 0
278601 0
211741 0
034234 0
084881 0
254789 0
054112 0
074836 0
023887 0
023861 0
093749 0
128413 0
094850 0
255862 0
108913 0
111035 0
244175 1
244174 1
054059 0
244147 0
244148 0
271200 0
276238 0
053489 0
265952 0
266740 0
238086 0
234918 0
029075 0
251192 0
228075 0
005452 0
287266 0
146370 0
285381 0
080456 0
235586 0
137366 0
078125 0
066875 0
075408 0
039750 0
028620 0
281842 0
283916 0
263094 0
131268 0
253967 0
178083 0
145921 0
118898 0
227522 0
087868 0
138082 0
045265 0
177907 0
096830 0
089459 0
039980 0
259078 0
109109 0
229178 0
237531 0
234528 0
032118 0
203896 0
005157 0
087876 0
147731 0
251199 0
079375 0
044908 0
003115 0
189237 0
223675 0
177927 0
040553 0
091425 0
281649 0
017212 0
289909 0
050636 0
085352 0
266024 0
236191 0
284137 0
261164 0
270124 0
281607 0
098453 0
130161 0
008489 0
283433 0
070259 0
043856 0
061572 0
039217 0
001571 0
140226 0
044350 0
281647 0
136268 0
165381 0
281845 0
284766 0
027665 0
113367 0
281602 0
232706 0
039730 0
139072 0
211793 0
200717 0
027007 0
077349 0
112817 0
179293 0
111224 0
122813 0
112809 0
124286 0
181295 0
187669 0
232618 0
009528 0
270645 0
122778 0
261780 0
149759 0
001606 0
062241 0
075110 0
234864 0
186194 0
211822 0
085412 0
141592 0
233375 0
018973 0
217884 0
088345 0
284289 0
238875 0
262927 0
100004 2
144132 0
135145 0
280565 0
096680 0
254825 0
081159 0
137508 0
065457 0
150833 0
116114 0
149669 0
180796 0
275190 0
235927 0
097336 0
033265 0
127379 0
253104 0
238144 0
279972 0
089530 0
085298 0
188746 0
281820 0
102960 0
236722 0
262146 0
236291 0
229287 0
150496 0
156426 0
191234 0
234854 0
171054 0
273827 0
270656 0
176832 0
283224 0
091427 0
259058 0
051916 0
084739 0
081801 0
115325 0
097323 0
098203 0
120787 0
243785 0
092943 0
096309 0
191436 0
138534 0
012544 0
185019 0
095745 0
259008 0
267813 0
062857 0
062743 0
200195 0
043922 0
040050 0
270123 0
260123 0
235892 0
211718 0
086524 0
081152 0
131221 0
288796 0
085027 0
182166 0
103432 0
079555 0
035039 0
186601 0
197405 0
141623 0
185711 0
070683 0
271248 0
082652 0
049173 0
211944 0
062294 0
234846 0
134791 0
159104 0
075692 0
254256 0
142505 0
270015 0
101914 0
085548 0
101583 0
204870 0
095610 0
188151 0
176032 0
143190 0
259908 0
118006 0
029386 0
095909 0
185946 0
073326 0
190481 0
040188 0
082982 0
097306 0
279432 0
062869 0
277821 0
067964 0
203840 0
083919 0
070452 0
151118 0
043908 0
161512 0
189148 0
265994 0
250025 0
258725 0
270026 0
243895 2
243890 2
