286272 1
286284 1
286273 1
286285 1
007096 2
112891 1
076332 0
259908 2
259912 2
283431 0
261876 1
260139 1
260123 1
125938 2
014790 2
125937 2
186961 2
186956 2
177436 2
269835 1
271118 1
263037 0
178283 1
286158 0
173708 1
237814 1
285938 2
283890 0
280109 0
027498 1
254227 0
191743 1
191730 1
288012 2
191800 2
191846 2
288789 2
062515 2
097341 2
097347 2
286617 2
099178 2
099213 2
099347 2
026003 1
026004 1
019356 1
019347 2
278751 0
029151 1
028171 2
028172 2
195750 0
123257 2
123149 2
014728 2
126368 2
126369 2
274466 2
178930 1
288786 0
176435 0
257511 0
267034 1
267063 1
288788 0
058412 0
050400 1
050290 1
028881 1
053149 1
053147 1
050557 1
050487 1
029086 1
050515 1
050567 1
029429 1
054314 1
046800 1
046890 1
053689 1
025164 1
053210 1
029466 1
029463 1
053205 1
053972 1
054477 1
186942 1
053928 1
025623 1
039289 1
053469 1
053300 1
039287 1
085069 1
053211 1
053180 1
054303 1
048687 1
055051 1
004200 1
028284 0
054363 1
054399 0
059432 0
082067 1
053532 1
050595 1
053267 1
210687 0
050674 1
046386 1
050571 1
052689 0
283455 0
046391 1
054955 0
053316 0
008997 0
050586 1
057618 1
050579 1
129362 0
054229 0
024451 1
024431 1
053100 1
024468 1
053123 0
054888 0
052810 1
053292 1
088968 1
088863 1
015427 0
058832 0
052142 1
048739 0
023590 0
048921 0
053907 1
053779 1
054744 0
054113 1
054038 1
054556 1
054169 1
053708 1
054255 1
144131 1
144144 1
053213 1
178501 0
053208 1
042924 0
008592 1
077672 0
108174 0
092379 0
086767 1
086800 0
030119 0
035205 1
083557 0
053958 0
100975 1
110285 0
283512 0
050984 0
286124 1
286138 1
054262 1
036502 0
230911 2
125314 0
284274 0
165415 0
047185 1
047400 1
056786 1
057171 0
018053 0
083569 0
257518 0
071465 2
104638 2
079832 1
064251 0
272004 0
024911 0
120866 0
082889 1
259590 0
079313 0
077400 1
009658 2
077388 1
082922 1
009401 1
010479 2
057969 1
057972 1
284287 0
060879 1
054952 0
070348 2
103521 2
052306 0
182419 2
212001 2
064781 0
204350 0
279783 0
189150 1
068580 2
079492 0
099552 0
066403 0
170354 0
052862 1
052846 0
257562 0
272888 0
108274 0
025534 0
283631 0
066812 1
