256945 0
230335 2
230340 2
230428 2
230355 1
230426 2
206291 1
206280 1
193018 0
206269 2
230364 2
230363 2
223497 2
196063 2
231924 0
258140 1
204674 2
204476 2
230344 1
230337 2
264311 1
275039 0
198025 1
198244 1
193241 2
243031 1
258353 1
192655 2
192663 2
192675 2
192677 2
192678 2
237009 1
184158 2
184192 2
273940 1
235789 1
229488 1
194742 1
194745 1
253810 1
274541 1
192945 1
253813 1
254519 1
256116 1
254610 1
275171 1
277428 1
237403 1
234111 1
190852 1
275049 1
225764 1
263989 1
234068 2
225781 1
280219 1
276653 1
234066 1
234114 1
275053 1
273448 1
275057 1
275060 1
275022 1
182488 2
244319 1
227723 1
225396 1
225455 1
200051 1
225391 1
244416 1
201220 1
244305 1
170618 2
253648 1
279053 1
269307 1
202248 2
244397 1
232476 1
244399 1
273216 1
234849 1
176308 2
279055 1
158185 2
221180 1
157915 2
234835 1
234820 1
012750 2
257589 1
267334 1
018787 1
226749 1
234744 1
202805 2
274684 1
152397 2
268961 1
192394 1
235141 1
184530 2
267160 1
192572 1
274755 1
191185 2
279002 1
153792 1
286424 1
276458 2
286427 1
158186 2
231898 1
228971 1
284974 1
197763 1
211234 1
256582 1
234736 1
184556 2
198024 1
152394 2
234413 1
284985 1
160331 2
230065 2
253072 1
190644 2
191890 1
254994 1
258195 1
159852 2
184555 2
255674 1
184588 2
210727 1
279064 1
184518 2
164146 0
213213 1
241490 1
259841 1
236111 1
257974 1
256043 1
257973 1
285304 1
255652 1
221402 1
171519 1
018698 1
259015 1
259514 1
267933 1
274670 1
210361 1
274764 1
287546 1
256447 2
199042 1
287774 1
199044 1
199096 1
198889 1
162819 2
187255 2
199069 1
285320 1
229438 1
274719 1
243640 1
243634 1
164091 1
267238 1
179398 1
244910 1
199068 1
154482 1
154490 1
267401 1
278512 1
155031 2
162882 2
010786 2
162876 2
274365 1
154957 2
154881 0
276906 1
154775 1
229631 2
240271 1
154568 1
163471 0
196081 1
274779 1
187259 2
154786 1
154591 1
239343 1
279422 1
002815 1
216295 1
268031 1
282846 1
276658 1
002622 2
082641 1
284330 1
282864 1
127117 2
257108 1
127264 1
282847 1
221656 1
158714 1
256932 1
274680 1
274658 1
127279 2
158606 1
221637 1
254248 1
192558 1
165387 1
274562 2
257361 1
173650 1
271679 1
256880 1
269168 1
257094 1
256970 1
257038 1
221581 1
256890 2
257138 1
256888 2
278243 1
220748 1
138290 1
257402 1
257390 1
222055 1
274662 1
274640 0
138253 1
285653 1
154958 1
156647 2
156642 1
071106 1
104279 1
156124 2
116046 0
221429 1
197039 1
222521 1
257443 1
256892 2
151313 1
071104 1
257499 1
151310 1
257503 1
257302 1
257307 1
104277 1
154427 1
256931 2
219675 1
256965 2
154898 1
155576 1
151545 2
149142 1
257415 1
152398 2
163129 2
272303 1
279771 1
163126 2
221887 1
173202 2
197756 1
197214 1
129926 0
153710 1
173207 2
201533 0
255411 1
148555 0
219727 0
156693 2
153712 1
157679 1
154734 0
278702 1
196066 0
270939 1
240284 1
274786 1
173330 2
197205 1
274797 1
275061 1
275135 1
275400 1
162056 2
278785 1
275062 1
158948 2
275000 1
244873 2
233991 0
257370 1
153556 1
152276 1
275163 1
153571 1
275414 1
274678 1
079258 1
173213 2
274996 1
277173 1
270986 1
153558 1
153535 1
244964 1
275403 1
270958 1
274685 1
275074 1
274626 1
274997 1
274772 1
275076 1
270993 1
137220 2
256889 2
277175 1
079259 1
173331 2
117133 1
274836 1
275079 1
201672 2
244972 1
173216 2
075049 0
274838 1
275857 1
274998 1
275001 1
274815 1
117120 1
244971 1
275486 1
270987 1
276843 1
271313 1
155167 0
270967 1
244973 1
269894 1
275416 1
275402 1
276861 1
244974 1
153085 2
257110 1
274632 1
275395 1
274620 1
257313 1
156351 1
274783 1
247029 1
284161 1
274820 1
015890 1
247385 1
274716 1
157893 2
275413 1
274625 1
139392 1
276864 1
275260 1
275078 1
274777 1
257166 1
274778 1
275125 1
274962 1
275038 1
137821 1
257324 1
201691 2
275275 1
137861 1
276971 1
139475 2
137833 1
277000 1
137856 1
242333 2
275415 1
153052 1
204806 1
275396 1
172953 2
242337 1
247415 1
137374 1
137364 1
138385 1
205411 1
172954 2
256940 2
274736 1
150202 1
274713 1
274711 1
275399 1
274635 1
275137 1
153968 2
247028 1
137316 1
275178 1
016635 1
274703 1
274841 1
274706 1
138763 0
151544 1
137288 2
278547 1
274746 1
010931 0
137293 1
210492 1
277003 1
151318 1
278615 1
151306 1
275002 1
274762 1
274768 1
000106 1
274757 1
172929 2
161388 1
276849 1
267629 1
247384 1
275212 0
274712 1
276744 1
151305 1
276844 1
016029 1
154788 2
274742 1
150125 1
195894 1
154789 2
277004 1
278606 1
161146 1
150117 1
154771 1
257374 1
274724 1
161176 1
163762 1
161303 1
274744 1
172878 1
274627 1
138236 2
274733 1
148992 1
279051 1
275071 2
173411 0
138237 1
275081 2
278621 1
271059 1
274737 1
138292 0
274740 1
154824 1
201954 2
271054 1
153458 0
257161 1
274709 1
257365 2
202656 1
176466 1
148787 1
278569 1
276808 1
279059 1
279065 1
274674 1
274701 1
276700 1
274570 1
274830 1
148772 2
274871 1
257134 1
154826 1
257420 1
157887 1
257438 1
276664 1
275068 1
257393 1
256987 2
275033 1
153978 1
189917 1
276668 1
256867 1
257426 1
221981 1
257937 1
165833 1
257117 1
014352 1
274566 1
165837 1
275121 1
257234 2
141561 2
276678 1
154429 1
173248 2
274579 1
276731 1
257172 2
165398 1
276677 1
275401 1
165747 1
275069 1
257320 1
161847 1
276659 1
274600 0
147163 0
270948 1
274595 1
153738 1
274749 1
276748 0
169647 1
270935 1
165716 1
274754 0
270889 1
266772 1
257237 1
173257 2
165743 1
274873 1
275032 1
275398 1
270981 1
276716 1
281038 1
276732 1
266768 1
275030 0
257321 1
257158 0
165875 1
270881 1
270979 1
004428 0
166056 1
275659 1
266069 1
161356 1
275664 1
274739 1
173326 2
198157 1
173386 1
274741 1
270953 1
173329 2
173314 2
276715 1
173318 2
276733 1
198455 1
266443 1
270994 1
268611 1
266362 1
274732 1
271044 1
266072 1
276357 1
198101 1
265282 1
198115 1
275026 2
274573 1
274617 1
275350 1
198118 1
269074 1
276359 1
158036 1
197992 1
197993 1
265245 1
198415 1
269048 1
276338 1
257135 1
265224 1
273426 1
276749 1
256993 1
265315 1
161192 0
265329 1
276380 1
173381 1
268780 1
160817 0
269614 1
275031 0
190778 1
274624 1
237420 1
276566 1
190808 1
232463 2
237419 1
154131 1
274568 1
002315 1
173408 1
278532 1
269611 1
269246 1
190827 1
268663 1
077143 1
276593 1
274601 1
237435 1
268674 1
173686 1
269602 1
253389 0
176421 1
274636 1
201070 1
278538 1
276648 1
275349 1
268944 1
267124 1
257168 1
268678 1
271036 1
154126 2
173898 1
269036 1
141958 0
271032 1
275280 1
257167 2
275472 1
269020 1
275151 1
267989 1
276339 1
268954 1
224069 1
269465 1
283188 1
268960 1
275509 1
237434 1
276358 1
273451 1
266784 1
176408 1
275430 1
274760 1
269547 1
133162 1
274667 1
276360 1
275594 1
273221 1
275283 1
175742 0
176220 1
276381 1
274720 1
276567 1
273961 1
275292 1
276728 1
264989 1
201148 1
276992 1
256893 1
176221 1
268762 1
274727 1
274633 1
012978 0
273936 1
278540 1
274016 1
276727 1
025714 1
201059 1
190777 1
276996 1
159003 1
201142 1
257140 1
160962 1
168132 0
274734 1
190386 2
273262 1
221847 1
163455 1
025296 1
257920 1
276729 1
271304 1
225454 1
273246 1
177565 1
276379 1
247387 1
275070 1
247346 1
275080 1
177571 1
034166 0
225395 1
274585 1
226723 0
245033 1
274639 1
154790 2
187276 1
271374 1
201060 0
271601 1
270892 0
025713 0
154802 2
222898 0
177920 1
177971 1
271110 1
277968 1
178083 1
153463 0
275485 1
247309 1
225787 1
253699 1
253793 1
278383 1
283475 0
276842 1
160865 1
278386 1
274602 1
196879 0
177885 0
275006 1
271322 1
275738 1
018867 0
253822 1
275491 1
253853 1
085621 1
168383 0
254373 1
159004 1
173389 2
085631 1
254379 1
194719 1
225780 1
194727 1
278559 1
173315 2
254381 1
254383 1
173397 2
254391 1
274775 1
224392 1
274747 1
253086 0
197244 1
276848 1
274605 0
274748 1
275805 1
273903 1
273250 1
278550 1
238482 2
224160 1
274807 1
274801 1
278551 1
274805 1
154764 1
158332 0
256982 1
223961 1
156492 1
278684 1
154811 1
154749 2
273888 0
264027 1
277283 0
173042 1
008754 2
162338 2
013205 0
094328 1
276742 1
276002 0
004144 1
176426 1
118253 1
156493 1
229348 1
161263 0
156486 1
278844 0
264409 0
007147 1
176222 2
100648 1
093474 0
260380 1
276738 1
099631 0
154902 1
176731 1
176735 1
223899 0
179117 0
260364 1
221903 1
278641 0
278800 0
176733 1
176695 1
000328 0
082639 0
176693 1
173296 1
182637 1
276736 1
182631 1
173561 1
001552 1
250460 2
176738 2
173588 0
257678 1
270775 1
169185 0
257672 2
254378 0
164369 1
172767 2
047410 0
257133 0
173205 1
277974 1
148545 0
119489 0
150878 1
154835 0
174422 1
019032 1
174407 1
276565 1
173412 2
172779 1
278616 1
257502 1
115973 1
264799 1
275521 1
096663 0
273305 1
260642 0
173415 2
264858 1
002081 0
057616 0
278640 1
253129 0
287543 0
173200 2
264860 0
132816 1
164291 2
053844 0
174423 1
154813 0
278629 0
286423 1
132716 1
274574 1
174734 1
132796 1
272169 2
275365 1
286643 1
286426 1
272128 2
272129 1
174697 1
174625 0
273214 1
272001 2
275363 1
173805 1
015744 1
192994 0
264990 0
257218 1
174863 1
132795 1
132873 1
132868 1
132834 1
064332 1
278548 1
286714 1
286782 1
286809 1
257207 2
238226 0
276651 1
272403 1
174874 1
201150 0
276778 1
283491 0
276767 1
174650 0
256886 2
270802 1
276782 1
270801 1
272193 1
261022 0
147090 0
271077 1
276689 1
252220 0
270798 1
160616 2
272190 1
278184 0
276757 0
264770 0
173308 2
194510 0
271406 1
285989 1
257121 1
271508 1
188101 2
178648 1
173400 2
285953 1
047152 0
178763 1
160610 2
178769 1
178787 1
255347 0
154671 1
154672 0
271301 1
257498 0
281936 1
011698 0
173327 2
160787 0
136199 1
226748 0
052775 1
150088 1
276801 1
007158 2
257127 1
171566 1
052637 1
271015 1
052751 0
270992 1
173409 2
271530 0
260050 0
260633 0
221693 0
276725 1
277318 0
074738 0
162356 1
171555 1
162351 1
275059 1
276667 1
162906 0
137311 0
286808 1
253085 0
270058 0
272508 0
275543 1
174628 0
201578 0
253812 1
257157 1
257145 1
157176 1
141878 0
275056 1
116876 0
276723 1
013218 0
063605 0
276950 0
157181 1
275586 0
286781 1
275048 1
270957 1
275583 1
154518 2
154506 0
140539 0
275581 1
154517 2
250845 0
275249 0
211766 1
276726 1
138325 0
275052 1
279054 0
276724 1
280206 0
276741 1
201071 0
119892 1
223479 1
181058 0
271391 1
271065 1
067739 0
251938 0
041905 1
268176 1
049168 1
219524 0
173347 2
049176 1
117122 0
271509 1
257377 0
005462 0
219643 1
168532 1
276649 1
162825 0
101407 1
211580 1
230626 1
230616 1
168501 2
228168 0
156494 0
211767 1
181240 0
274592 1
219622 1
168502 2
275366 1
168489 1
114233 0
097090 0
243639 0
275422 1
173334 1
221755 1
091768 1
211005 0
026187 0
238381 0
091878 1
229334 0
201580 0
173307 2
173388 1
173398 2
202961 0
239866 0
136149 0
142258 0
061214 1
281456 0
047057 0
154809 1
271999 0
004884 0
275884 1
262792 0
154763 1
154843 1
156843 0
014603 1
028877 0
154173 1
263191 1
087281 1
263187 1
126152 1
154836 1
275676 1
271106 1
004324 0
275397 0
154845 1
274854 0
087259 0
276939 1
276945 1
271073 1
061176 1
267885 0
277786 0
154068 1
270954 1
153988 0
061169 1
278798 1
278734 1
193077 0
005411 1
277517 1
277516 1
154798 0
097100 1
257174 0
097112 1
016720 1
270977 1
139406 0
173190 0
253516 0
187232 1
154823 1
192463 0
214390 1
112792 1
271116 1
047262 0
271076 1
154633 1
276891 0
154632 1
117104 0
228611 0
015215 0
192428 0
094331 0
274609 1
274607 0
255673 0
153075 0
256927 1
154067 1
