015550 2
256745 2
229282 2
237717 1
261321 1
261323 1
261316 1
279149 2
261985 2
279138 2
265002 1
265000 1
237720 1
136599 2
136280 2
181705 1
181708 1
181750 1
181748 1
181844 1
145670 1
211729 1
211747 1
141250 2
141247 2
141246 2
141136 2
141135 2
147481 1
142319 1
136730 2
189986 2
184504 2
189857 1
163047 1
224835 1
165852 1
279102 2
279100 1
151509 2
151525 1
151484 1
135806 1
135692 1
135686 2
003780 2
149124 1
115260 2
177035 0
180000 1
133573 1
157225 1
225696 1
225698 1
225702 1
115251 2
182204 2
077162 2
070591 2
103763 2
070775 2
103948 2
070852 2
079924 2
104025 2
142237 1
083004 2
083008 2
083022 2
197801 1
197807 1
093487 2
070599 2
103772 2
095839 2
092708 2
197766 1
077177 2
093036 2
083044 2
097977 2
093244 2
095838 2
092705 2
126685 2
097951 2
067073 1
093238 2
093245 1
067114 2
067177 2
013309 1
218031 0
239891 1
182663 2
013738 2
153089 2
141752 1
141663 1
136649 1
136642 1
180039 0
225567 1
142330 1
142325 1
220310 2
008965 2
126648 2
016620 2
190344 1
190337 1
190437 1
190432 2
085214 2
085220 1
085215 1
087837 2
084902 1
183526 1
152523 1
159780 2
195549 0
146972 1
159781 0
190517 1
153092 1
150316 1
176758 1
152438 1
176769 1
176770 1
014584 2
232886 1
196162 1
176596 2
179913 1
173126 1
150104 1
150102 1
150344 1
156034 1
151946 0
155981 1
002420 1
152446 1
176602 1
153042 2
176659 1
087737 0
000937 2
176629 1
176787 1
171394 1
255471 2
153048 1
151074 1
154870 1
196969 2
002983 2
207260 0
001528 2
195543 2
190623 1
176946 1
191574 2
176951 1
171397 0
154742 1
192637 2
191582 0
196967 1
196838 1
065410 2
158305 1
163705 2
252112 1
264906 2
158299 0
095419 0
222114 1
222425 1
264471 1
230951 0
264381 1
153097 1
159219 2
002496 0
159233 1
155452 1
155555 1
153138 2
265061 2
155556 1
191464 2
191481 2
016457 2
191652 2
163719 0
191490 1
002421 0
259909 1
014177 2
013648 2
156377 1
255463 1
259898 1
153176 2
199539 1
199647 1
019394 0
008552 2
265060 2
279061 1
159744 2
153148 0
146829 0
176947 0
162873 0
159745 2
159758 2
148675 1
159920 2
159921 2
202462 2
191719 0
160464 2
160744 2
131480 2
188663 1
222048 1
160745 2
160848 0
155580 0
001111 1
189381 1
189382 1
124314 0
255391 2
176820 0
188673 1
255290 2
188662 1
130184 2
158638 1
160932 0
155917 0
130374 1
145337 1
183937 1
157383 1
202452 0
183933 1
016535 1
154129 2
193141 2
170988 2
014058 1
145705 1
190510 1
044638 2
222049 1
146563 1
157943 1
181866 0
192639 2
183977 2
154138 0
262646 0
169151 1
195538 2
184974 1
167069 1
190511 1
288946 1
221812 0
199034 1
199007 1
199005 1
002672 1
147385 1
199016 1
183565 1
288894 1
147384 1
155534 2
252700 1
190482 1
140349 0
183987 0
014462 2
014530 1
235767 1
192646 2
169172 0
155533 0
147495 1
195535 2
145655 1
190416 2
190492 1
200812 1
197060 1
150080 1
140620 1
164782 2
190561 1
155623 2
157978 1
176831 0
190563 0
192189 2
185143 1
004558 1
254551 1
200729 0
140179 0
136337 0
157982 1
192204 0
190560 2
169026 0
190562 0
174882 1
248737 0
016628 2
157151 1
001559 2
002124 1
157104 1
185093 1
155625 0
160933 0
162050 1
164810 0
134023 1
242264 0
190819 1
008659 0
134013 1
150062 0
185746 1
008506 1
265218 1
150986 1
231765 1
242140 1
001560 2
153225 0
227557 1
181479 1
134021 1
181930 1
211493 1
016710 1
288636 0
254552 0
215314 1
185745 1
164374 0
219371 1
016699 1
195018 1
101618 0
148134 1
170817 2
219342 0
231685 1
231684 1
154560 1
170835 1
018537 0
231467 1
234265 1
186747 1
186746 1
244978 0
231614 2
235220 2
179648 2
234956 0
235505 1
231513 0
161271 1
235264 1
176184 0
236017 1
161164 1
186752 0
232158 1
157143 2
156565 1
161283 0
179649 0
156553 1
232131 1
001565 2
177153 1
148120 0
227794 1
037750 1
227680 1
013665 2
157137 1
224581 1
153570 0
232036 0
258385 2
037650 1
037660 1
258341 1
153226 0
158874 1
220181 0
217871 2
240349 1
260060 0
220096 2
236268 0
220105 2
156624 1
217877 2
220711 2
156613 2
220716 2
217698 1
218693 2
132649 1
228038 1
225556 0
165744 0
202723 1
231564 0
159008 0
016593 0
035524 0
255433 2
156610 0
153782 1
185748 0
235729 0
037507 0
255403 0
159023 2
192117 0
255937 0
195548 0
161198 1
155535 0
010435 1
248073 0
142411 1
159020 0
175738 0
261386 1
154719 0
237318 0
220259 2
163163 2
009195 0
261396 2
134292 1
037506 0
220253 0
134263 1
134010 1
147631 2
134184 1
190294 2
251939 0
190302 2
163104 2
163107 0
147630 0
190568 2
265808 1
252287 1
233212 1
190702 2
190911 2
195726 1
192628 2
000537 1
195728 1
015236 0
223909 1
138310 2
195737 1
195739 1
138242 0
195803 1
223910 1
195806 1
024366 0
221966 0
223900 1
195815 1
195817 1
195830 1
195870 1
265844 1
195933 1
226396 0
210828 1
234088 0
161851 0
177332 2
250297 0
177133 0
045407 0
155542 0
131991 0
279099 0
176765 1
220282 0
194911 1
169012 1
195932 0
194990 1
195033 1
244301 1
234084 0
191557 2
061119 0
170247 1
194309 1
158236 1
254438 1
194306 1
156954 2
002694 2
170238 1
