278758 0
070284 2
103457 2
070151 2
103324 2
070059 2
103232 2
070056 2
103229 2
070061 2
103234 2
070085 2
103258 2
070108 2
103281 2
070010 2
103183 2
112385 2
111963 2
108202 2
097701 0
261760 0
041509 2
109380 2
109381 0
099069 2
099083 2
099342 2
099357 0
099086 0
098366 2
099790 0
099192 2
093938 2
114382 2
093941 2
093892 2
094008 2
094071 2
114462 2
114384 2
093931 2
093942 2
038533 0
094699 2
108802 0
116573 2
097157 0
140247 2
097817 2
097815 2
140266 2
097821 2
140355 2
097857 2
097808 2
096207 2
020886 0
098070 2
098021 2
098104 2
098059 2
098097 2
098629 2
098784 2
098793 2
098644 2
099092 2
098777 2
098639 2
099104 2
098029 2
098010 2
098028 2
098068 2
098020 2
097973 2
097974 2
097696 0
097830 2
097925 2
062153 0
138970 2
139214 2
146000 2
094081 2
094074 2
097920 2
094056 2
097949 2
094046 2
145974 2
093948 2
095986 2
125036 2
096181 2
096231 2
099515 2
095958 2
096201 2
108817 2
098797 2
098781 2
131127 2
125023 2
093698 2
096936 2
117575 2
125021 2
138459 2
096894 2
138425 2
138468 2
137329 0
094612 2
004379 2
118512 2
094558 2
094020 2
093973 2
094019 2
101226 2
098200 2
098375 2
119817 0
095399 0
101189 2
004171 2
102061 2
092937 2
124914 2
133661 2
118279 2
093478 2
111293 2
018552 1
101190 2
093114 0
096648 2
126591 0
096043 2
128739 1
134819 0
097345 0
018460 2
111268 2
111269 2
094055 2
101876 0
133721 2
236564 0
128788 2
187021 0
128871 2
094068 2
094054 2
128870 2
096003 2
097084 0
096002 2
095882 2
101255 0
096049 2
128869 2
131994 0
124972 0
094481 2
134989 0
100245 2
094550 2
100034 2
094564 2
094051 0
095978 2
113717 0
096209 2
092794 0
094698 2
096206 2
098354 0
094729 2
094827 2
094749 2
132568 0
003267 0
095032 2
101555 2
094973 2
101412 2
236927 0
093889 2
067592 2
133940 2
101868 0
100464 0
135085 0
093940 2
093853 2
094522 2
093794 2
243722 0
096986 0
067563 2
067615 2
118516 2
067636 2
067649 2
004518 2
118728 2
004419 2
117703 2
004409 2
118566 2
095937 2
068254 0
271292 0
098499 0
095961 2
094440 2
096033 2
108220 0
112806 2
006934 2
120557 2
095638 2
099792 2
095600 0
133951 0
117710 2
117708 2
004124 2
005432 2
119989 2
118235 2
119916 0
007411 0
131986 0
117564 2
012267 2
112821 2
095413 2
095398 2
094587 2
117556 2
112834 2
092536 2
098620 2
092554 2
098529 2
098525 2
102108 0
261084 0
097344 0
092542 2
098633 2
098508 2
092971 2
092526 0
196375 1
123285 0
097333 2
097335 2
108731 2
092875 0
108710 2
093802 2
093912 2
108729 2
187114 0
243659 0
109421 2
128747 2
108711 2
096061 2
108730 2
243192 0
108732 2
005062 2
062130 0
119461 2
119264 2
108127 2
108624 2
119260 0
126999 2
133219 0
205910 0
111377 0
109982 0
095614 0
094178 2
079654 0
094209 2
100428 2
068820 0
078739 2
100303 1
100279 2
095659 2
078741 2
100378 2
098362 2
078746 2
072263 2
098360 0
105436 2
017937 0
092951 2
074433 2
078772 2
096240 2
112769 2
092934 2
107606 2
078778 2
078271 2
095084 0
110452 2
098324 2
099824 0
114151 2
018477 0
093699 0
123281 0
098232 0
004032 0
138037 2
095405 0
098302 2
098321 2
098300 2
095874 0
090540 0
083854 0
133746 2
114971 2
114205 0
004838 0
129155 0
065068 2
065101 2
122607 0
099271 2
085145 0
074842 2
075008 2
074864 2
175188 0
067483 0
079580 0
181801 0
098280 2
109030 0
131134 0
183235 2
061662 0
058019 2
219985 2
100286 2
090835 2
031921 2
127702 0
032446 2
120928 0
032442 2
032450 2
096418 0
092463 2
032502 2
032485 2
209680 2
064517 2
111530 2
009871 2
066285 2
114915 2
122229 2
066294 2
189892 0
005703 2
132001 2
086514 2
120323 2
087982 2
095526 0
131999 2
071499 0
131996 2
139721 2
131993 2
086581 2
086596 2
129258 0
112328 2
001235 0
183881 0
120708 1
017303 0
086637 2
007217 2
109713 0
099731 2
092872 0
099730 2
120778 2
088008 2
086654 2
120594 2
087998 2
087986 0
116147 0
114863 0
091317 2
086655 2
060971 2
076093 2
078237 2
086741 0
091286 2
012499 0
078325 2
078404 2
115150 0
078345 2
060968 2
074443 0
078236 2
110954 0
092070 2
063759 2
092249 2
093856 0
112572 0
260138 0
086776 0
275779 2
071453 2
112295 0
111511 2
076870 2
077029 2
077026 2
069170 2
104626 2
102343 2
068298 0
143414 0
141970 2
131020 2
095965 2
063264 2
091983 0
005817 2
063267 2
120430 2
197193 2
095941 2
120432 2
098342 0
131016 2
063331 0
131014 1
197191 2
197197 2
011334 2
063058 2
131460 2
111259 2
122716 2
010253 0
095217 2
122714 2
131493 2
122712 2
122708 2
122690 2
111735 0
131505 2
131490 2
131482 2
128136 2
155568 2
119474 0
095404 2
155289 2
260644 2
155560 2
101791 2
094235 2
094232 0
256264 2
142622 1
095303 2
268459 2
004198 2
007437 2
120948 2
129585 0
094229 0
132567 0
095826 2
110351 2
142538 2
256266 2
256268 2
256259 2
256244 2
099295 2
279290 2
109960 0
099293 0
095347 2
258755 2
202529 2
142387 2
202877 2
051651 0
202878 2
142394 2
164649 2
095230 2
164635 2
162048 2
148908 2
114911 0
194511 2
133920 2
133919 2
009607 2
122050 2
095423 0
111794 2
164228 2
164156 2
099273 0
133912 2
111762 2
085261 2
085285 2
133773 2
094164 0
176683 2
176680 2
164910 2
238028 0
151732 2
237341 2
131746 2
143418 2
083219 2
152489 2
152457 2
224903 2
083222 2
143423 2
083254 2
083253 2
275361 2
152492 2
087602 2
052084 0
093460 0
094852 0
090825 0
224901 2
224815 2
224816 2
071377 2
199021 2
224894 2
224748 2
085206 0
224743 2
224741 2
104550 2
083279 2
224759 2
193987 2
152337 2
224690 2
163927 2
193910 2
152334 2
002717 2
071364 2
224893 2
189109 0
104537 2
070343 2
084690 2
084521 2
084692 2
103516 2
017676 2
094380 2
065856 2
069740 2
257559 2
129322 2
011266 0
257540 2
257539 2
179523 2
102913 2
084712 2
149293 2
065663 0
084711 2
094388 2
084714 2
084707 2
110609 2
181843 0
070148 2
103321 2
257534 2
102086 0
184854 2
233721 1
071716 0
006972 2
120597 2
066732 0
140525 0
184857 0
128920 2
114787 0
070582 2
099878 2
138528 2
165225 2
002281 0
090504 0
149696 2
075722 2
099834 2
103755 2
120924 0
234100 2
065895 2
138516 2
099786 2
142421 2
039814 0
199448 2
079592 0
065912 2
138878 2
085103 0
157676 2
201732 2
281621 2
101989 0
164548 0
146800 2
219542 2
199420 2
266984 0
220609 0
199462 2
190371 0
083900 2
280276 0
068637 0
086283 2
153562 0
098179 0
142106 2
087980 0
236358 2
098315 0
132566 0
189162 2
079747 0
100266 2
189161 2
189160 2
100241 2
189169 2
196446 2
189164 2
184858 0
138306 2
001887 2
187313 0
199741 2
142511 2
197138 0
196450 2
142521 2
232460 1
086601 2
138363 2
098277 0
101633 2
101669 0
159802 2
159806 2
108806 0
266398 2
095524 2
138334 2
159878 2
281620 0
159879 2
159884 1
101635 2
138336 2
159886 0
139416 0
163208 2
086462 2
146532 0
141038 2
144337 2
258512 0
079190 2
244452 0
140978 2
268490 2
140980 2
071022 0
079227 2
261063 2
086015 2
098160 0
268829 0
199217 0
032198 2
163061 2
126367 1
001778 2
198127 0
261057 2
058789 2
064258 0
261068 0
146514 0
083156 0
143263 0
116747 0
162985 2
162959 2
130291 2
130292 2
010474 0
086603 2
018362 0
122580 0
006872 2
157795 0
041481 0
146520 0
130318 2
131985 0
144461 2
144448 2
120500 2
101875 1
133015 0
138447 0
131413 0
017392 2
258492 0
001997 0
260347 0
114207 2
132602 0
233730 0
152115 2
090497 2
165988 2
142441 2
017318 2
005320 0
093520 0
153606 0
098946 0
090713 0
169567 2
129516 2
135685 2
252455 0
129572 2
169549 0
098801 2
116149 0
166008 2
150615 0
098779 2
065032 2
189923 2
139690 2
159666 2
201858 2
141527 2
189910 2
017314 0
159721 2
094065 0
062701 2
210042 0
144446 2
130398 2
121410 0
144447 2
086725 0
144464 2
144519 2
186742 2
242819 0
093409 0
065686 2
104672 0
159716 2
091584 0
062945 0
168732 2
160190 0
186703 0
192647 0
007726 0
095579 0
192032 2
148809 2
096761 2
261062 0
068434 0
272041 0
146071 2
065986 0
096656 2
146719 2
093573 2
093565 2
085184 0
015251 2
168733 2
160139 0
198555 0
138061 0
235939 0
033372 2
170092 2
182823 2
110617 0
169455 2
163725 2
098045 2
238700 2
086138 0
033125 0
125486 2
163724 2
195952 2
113262 2
241468 2
144985 0
195950 2
190368 0
163730 2
195935 2
163727 2
241537 2
177516 2
094848 2
241538 2
163739 0
190412 0
066154 0
128226 0
014334 0
150439 0
083220 2
159722 2
145317 0
288561 2
288510 2
198142 0
159093 0
100549 0
243927 0
109119 0
083309 2
288756 2
083328 2
142617 2
161920 0
091352 0
094752 2
083343 2
148104 2
288729 2
075324 2
075341 2
032221 2
180167 2
083858 0
099248 0
162429 2
252749 0
117907 2
281036 2
117927 2
138444 0
132135 0
032223 2
032224 2
142637 2
177695 0
117639 2
158158 2
163741 0
280972 2
162409 2
116551 2
142410 1
281187 2
079079 2
060989 2
116967 2
235950 0
283473 2
134798 0
095424 0
263945 0
117163 2
094754 2
281012 2
280920 2
252750 0
251229 0
060988 2
157032 0
162829 2
094758 2
283164 2
283178 2
056274 2
064162 2
064203 2
162827 2
031144 2
064219 2
162986 2
163062 2
009409 2
177529 0
060995 2
062156 0
064198 2
094368 2
189126 0
219441 2
219476 2
094949 1
094244 2
201811 0
243954 0
001228 0
031159 2
167959 2
094377 2
112324 0
093668 2
084391 2
147441 2
094378 2
093659 2
146534 2
121867 2
094369 2
056677 2
002762 0
061345 2
048069 2
084566 2
219420 2
094379 2
219372 2
094385 2
048075 2
084559 2
010261 0
005707 2
084558 2
061340 2
084567 2
231476 0
156660 0
280215 0
084237 2
084568 2
119685 2
149385 0
098061 2
151154 2
084394 2
198038 2
119701 2
198007 2
197928 2
084634 2
007756 2
281456 0
085081 0
147422 2
197893 2
120328 2
064285 2
147443 2
005543 2
120122 2
007940 2
084628 2
121178 2
084649 2
147420 2
064669 2
130134 0
079743 0
121859 2
084626 2
197136 0
084631 0
121353 2
084629 2
064317 2
041234 0
164606 0
017936 2
094188 0
059455 2
144933 1
129223 2
129156 2
061265 0
179214 2
138287 0
122705 2
155575 0
128225 0
252852 0
084945 2
061054 2
044916 0
156662 0
177685 0
151373 2
112754 0
137945 2
011362 2
199699 0
059452 0
122728 2
279608 0
064244 2
139619 2
151160 2
129224 2
129222 2
017845 2
151168 2
098056 0
129219 2
139541 2
139618 2
097843 0
155236 0
220815 0
137910 0
168103 2
132614 0
111127 0
072189 2
071710 2
158434 2
168117 0
270839 0
155212 0
237999 0
071684 2
181966 0
104857 2
105362 2
136132 0
099647 0
257529 0
138445 0
108979 0
104883 2
091338 0
090626 0
225544 0
095086 0
092615 2
137967 2
065858 2
156303 0
249894 0
133208 0
158390 2
137991 2
070319 2
134713 0
145064 0
075588 2
103492 2
092601 2
070323 2
065854 2
067847 2
258918 0
100758 2
103496 2
143222 0
009414 0
100741 2
000920 1
060902 2
075609 0
063851 1
149212 2
145627 0
088441 0
146128 0
100751 2
070364 2
255861 0
103537 2
268175 0
027448 0
070100 2
134639 0
175706 2
152714 2
103273 2
070114 2
131510 2
149318 2
070117 2
103287 2
103290 2
179940 0
070285 2
063850 2
070424 2
089123 0
131498 2
103458 2
103597 2
088046 2
018560 0
035820 0
133028 0
070450 2
070494 2
103667 2
180514 2
103623 2
149319 2
128216 2
112134 0
131501 2
193477 0
131495 2
070341 2
180465 2
103514 2
132366 2
070390 2
010318 2
083300 0
103563 2
122637 2
128167 2
010302 0
079302 0
085839 0
066425 0
011993 2
083226 0
069653 0
169287 0
099614 0
009233 2
239627 0
057700 0
069841 2
000972 1
201468 0
131414 2
142636 2
281461 0
103014 2
144444 0
183654 0
133887 2
161919 0
097690 0
131421 0
076285 2
142650 2
092793 0
071412 0
121709 2
175594 2
181536 2
135520 0
118533 0
009919 0
240635 0
097807 2
171511 2
097749 0
171578 2
086213 0
139877 0
085919 0
155191 0
064514 0
012795 2
228333 0
139053 0
163231 0
058096 2
179518 0
058050 2
084041 0
152784 0
058093 2
058026 0
076683 2
152785 0
146110 2
177947 2
112868 2
058014 2
171512 2
001120 0
060859 2
178726 0
050079 0
076297 0
171491 2
119458 0
128183 0
094353 2
169282 0
094400 2
180059 0
094432 2
114290 0
177952 2
142475 0
000074 0
062733 2
098328 0
147909 2
094389 2
093804 0
001203 0
033351 0
236593 0
094245 2
274554 0
009267 2
071970 0
225368 0
137323 0
085204 0
010265 0
121831 0
244272 0
147835 2
009157 0
094390 2
102009 0
287256 0
140005 2
094387 0
088977 0
001126 0
161444 2
058989 0
122194 0
092837 0
148211 2
067094 0
094381 0
085623 2
139872 0
226587 2
101209 2
226665 2
097738 0
090613 0
129384 0
085591 2
099121 0
010349 2
149617 0
078530 0
097898 0
094490 0
161412 2
256057 0
156661 0
092710 0
098791 0
046980 2
170112 0
208821 0
014186 2
046905 2
112596 0
088917 0
064516 2
084829 2
058856 2
032338 2
130169 0
064830 0
122671 2
028838 0
284367 0
064218 2
009708 2
032896 0
156664 0
035984 0
088908 0
009818 0
166522 0
118233 2
131423 0
064582 2
161413 2
084144 0
061749 0
161400 0
187119 0
153527 0
192455 2
001330 2
052272 0
130164 0
262736 0
112144 0
032407 2
098054 0
188211 0
116148 0
012488 0
126784 0
061144 0
067953 0
061086 2
070757 0
132137 0
075319 2
095006 0
288941 0
155213 0
129078 2
128729 0
095432 0
129074 2
081142 0
124355 0
220574 0
051632 0
123779 0
083322 0
018112 2
129046 2
132045 2
088043 2
088919 0
088044 2
093044 2
129810 0
194936 0
066421 0
172768 0
145372 0
144974 0
061045 2
092942 0
231508 0
137110 0
157347 0
161443 2
067893 0
219310 0
137519 0
226958 0
008273 0
033130 1
281462 0
128770 0
276313 0
001194 0
015129 2
125610 2
062946 2
150863 0
083323 2
134919 0
228310 0
098131 0
098726 2
092715 0
230587 0
161410 0
128476 0
132572 0
161411 0
095234 0
111367 0
110457 0
124350 0
255632 0
150027 0
095101 0
070933 2
062970 2
062988 2
069647 0
111022 0
011222 0
102131 0
033115 2
064971 0
090502 0
096797 0
033131 0
085248 0
094297 0
194521 0
158238 0
098771 2
098848 2
104106 2
063416 0
098707 2
064817 0
071135 2
101942 0
110896 0
114208 0
095938 2
194510 0
095934 2
104308 2
210746 0
233769 0
086487 2
095962 2
287670 0
002688 2
095935 2
094832 2
188852 0
095933 2
034161 0
005152 0
063001 2
013609 0
062991 2
063021 2
095932 2
241136 2
099398 0
095448 0
063091 0
096070 2
085090 0
006383 0
148905 0
259365 0
079014 0
095927 2
098588 0
096083 2
280510 2
033107 0
096032 2
068818 0
063528 0
225504 2
132577 0
098593 0
051748 0
225505 2
225522 0
006933 2
166523 0
196637 0
112496 2
202627 0
032206 2
032134 2
120556 2
136103 0
022995 0
098575 0
031968 2
092987 0
032012 2
166059 0
013611 0
095228 0
280365 0
098443 2
072057 0
108075 0
098220 0
036482 0
069762 0
094525 2
280336 0
096340 0
097895 0
282042 0
094990 2
035821 0
093772 2
271941 0
097133 0
066422 0
094355 2
094319 2
093747 2
101096 0
159737 0
063415 0
271476 0
201334 0
012237 0
098335 0
031478 2
148271 0
001233 0
093645 2
083329 0
031591 2
031604 0
007070 0
141904 0
093015 0
198589 0
110582 2
110676 2
067145 0
212419 0
093095 0
132606 0
088291 0
002844 1
097631 0
240630 0
097131 0
182023 0
017740 2
069757 0
016908 0
068916 0
048341 0
091395 0
158750 2
098947 2
004181 0
137450 0
060253 0
063090 0
179551 0
193467 0
061186 0
129280 2
169797 2
110550 2
007759 2
006652 0
121183 2
089198 0
230392 2
277403 2
169781 2
133861 0
063418 0
095745 0
280242 0
169798 2
141550 2
155996 2
286317 0
188807 2
098824 2
098873 2
007025 0
007002 0
256011 0
220800 0
230390 0
110479 0
005859 0
098825 2
131997 0
057979 0
067865 0
005187 2
141249 2
288653 0
111369 0
143213 0
119632 2
018674 2
083083 2
062683 0
131145 0
033547 0
114999 0
124676 2
119744 2
259558 0
102935 0
053539 2
058024 2
008402 2
220319 0
126771 0
018469 0
144525 0
124691 2
016861 0
063105 0
149840 0
239705 0
192494 0
263934 0
261763 0
258741 0
126897 2
109027 2
109024 0
123979 2
011947 2
097077 0
092891 0
109021 0
147680 2
093951 0
038369 0
098461 0
243955 0
048284 0
098241 0
062987 0
141050 0
147674 2
058505 2
094928 0
147638 2
167713 0
147651 2
058301 2
252671 1
147627 2
147626 2
058274 2
099382 0
132019 0
157024 0
243183 0
005284 2
085165 0
126898 2
099761 0
095786 2
001054 0
142540 0
093874 0
050158 0
083270 0
099187 0
093054 2
109125 2
093035 2
090002 0
223292 0
194968 0
224677 0
013745 0
244562 0
101880 0
093010 2
109026 0
118121 2
142123 2
141978 2
190295 0
142059 2
118112 2
068431 2
134146 0
067216 2
068432 2
099233 0
118111 2
119743 2
084236 0
119753 2
052305 0
119772 2
116694 0
102025 1
110350 0
119158 2
109025 2
119577 0
122643 2
093182 2
097414 0
112096 2
108847 2
010351 2
121550 2
152643 0
101039 2
101440 2
009130 0
119139 2
280180 0
092379 0
176748 0
108814 2
101437 2
108773 2
119213 0
122598 2
119236 0
112092 2
122672 2
122595 2
256278 0
119559 0
052093 0
129397 2
114529 0
157905 0
180954 0
122665 2
122547 2
122654 2
122561 2
234850 0
116772 2
086939 0
017589 2
129394 2
260124 0
052300 2
157023 0
081330 2
181941 0
011607 2
132097 2
052689 0
229487 0
096137 0
083225 0
001307 0
098441 2
098505 2
239459 0
131654 2
062972 2
081324 2
098497 0
081320 2
251259 0
194999 0
109020 0
064547 2
025359 0
085068 0
016714 0
098411 2
141213 2
062992 2
197716 0
126366 0
161639 0
095584 0
256483 2
280216 0
176756 0
064820 0
240111 0
234836 0
098383 0
122798 2
061832 0
255889 0
272933 0
000105 0
095005 0
219616 2
094426 2
087632 2
138919 2
085355 2
122794 2
266985 0
005176 0
122795 2
272194 0
138900 2
180920 0
085383 2
089087 2
096610 0
119615 0
177027 0
099089 0
121209 0
023277 0
061502 0
134077 0
149893 0
121156 0
086157 0
116746 0
113131 0
111371 0
094442 2
011817 0
141180 2
089089 0
149166 0
145149 0
137413 0
093670 0
062298 0
095883 0
018831 0
154698 2
127546 0
114552 2
219863 0
119562 0
085704 2
114618 2
091927 0
080038 2
101064 0
114596 2
123315 0
099992 0
280255 0
019002 0
112095 0
006936 0
034795 0
116685 0
137006 0
159101 2
121128 0
074562 2
010705 2
256590 0
074788 2
112401 2
189118 2
002180 0
130293 0
180035 2
008085 0
127087 0
058855 0
119583 0
083232 0
243264 0
042243 0
090355 2
092399 0
189290 0
170250 0
119825 0
061672 2
147572 2
147576 2
068505 2
170297 0
149679 0
168889 0
109932 0
146709 2
135036 0
007794 0
000858 0
015363 0
147559 2
132201 0
083261 0
089981 0
130325 0
149534 0
061219 0
065104 0
183238 0
140739 0
226243 0
188782 0
035811 0
112951 2
068448 0
189080 0
112958 2
099527 2
115810 0
100345 0
058286 2
015608 2
094228 0
017322 0
184478 0
058253 2
097742 0
052466 0
150945 0
099521 2
