084219 1
051271 0
084287 2
084125 2
083958 2
083953 2
083965 2
083943 2
084080 2
083968 2
081589 2
081650 2
084202 2
083753 2
067319 0
115400 2
083746 2
083537 1
084248 2
083896 2
083906 2
083530 2
051488 2
083999 2
080394 2
051379 1
084096 1
075309 2
075311 2
083432 2
083444 2
051255 0
276731 0
083135 1
084191 2
075414 2
084183 2
075418 2
092037 1
084327 1
084307 1
075513 2
075505 2
075511 2
082031 2
091397 1
075500 2
079218 2
075517 2
115253 1
075503 2
074954 2
074947 2
078188 2
082459 2
079223 2
079188 2
082490 2
078234 2
084128 1
079363 2
079364 2
083171 2
083111 2
083173 2
115355 1
084213 2
077600 2
083179 2
078144 2
077606 2
078104 2
084416 2
083693 2
084477 1
078080 2
075593 2
082884 2
084006 2
082743 2
083698 2
081685 2
082887 1
078085 2
082091 2
075415 2
078442 2
075159 2
082757 2
082096 1
075417 2
084152 2
078164 2
075501 2
079200 2
084090 2
078445 2
084381 1
082822 2
078252 2
075518 2
081027 2
084384 2
084155 2
075161 2
084157 2
051528 2
078452 2
082829 2
078440 2
114464 1
082828 2
083739 2
075315 2
083786 2
082071 2
082063 2
079145 2
079172 2
081701 2
114640 1
084336 2
079167 2
043889 2
081709 2
113836 2
083059 1
083019 1
083811 2
044367 2
078098 2
083723 2
113800 2
114647 1
078128 2
043963 2
082615 1
075312 0
075608 2
044115 2
114483 1
082627 1
043943 2
079641 2
051251 2
079129 2
044166 2
044080 2
044072 2
075906 2
081897 2
081754 2
084469 1
084439 1
081721 2
079288 2
137680 1
084472 2
114932 2
081648 2
081674 2
079291 2
044184 2
083479 2
114894 2
114413 2
083053 2
083497 2
078630 2
075051 2
044258 2
083119 1
074869 2
114603 2
043991 2
051368 2
083168 1
051500 2
043879 2
078659 2
083975 2
044255 2
081890 2
079644 2
044074 2
043927 2
114873 2
079325 2
084335 2
044100 2
051068 2
044221 2
045040 2
081615 2
084232 2
114908 2
084413 1
083697 2
082144 2
084116 2
084098 2
082124 2
044832 2
044339 2
044773 2
083667 1
083691 2
044850 2
044075 2
078093 2
081229 2
078823 2
084271 2
083563 2
083559 2
082075 2
084322 2
045120 2
082077 2
081901 2
084031 2
081903 2
051194 2
083988 2
083884 2
084292 2
081922 2
083887 2
084475 2
045144 2
084175 2
051079 2
051503 2
044028 2
081637 2
115347 1
114972 1
045205 2
081728 2
114414 2
079970 2
115445 1
114436 2
181231 1
084283 2
074528 2
115039 1
084265 2
051143 2
115034 1
084005 1
051078 2
114487 2
075472 2
112097 2
078259 2
181262 1
078285 2
074557 2
079670 2
112139 2
181139 0
114989 1
084216 2
075561 2
084317 2
084017 2
050972 2
083990 2
277006 1
051074 2
055782 0
111359 1
210897 1
279827 1
084110 2
043965 2
269649 1
084231 2
115446 1
084104 2
114467 2
079837 2
043937 2
083977 2
083699 2
084249 2
043929 2
115343 2
181198 1
083962 2
084153 2
081778 2
084045 2
083700 1
084255 2
084073 2
075325 2
210962 1
276904 1
269586 1
219889 1
270009 1
081720 2
084474 2
084360 2
050832 1
044193 2
115918 0
083694 2
079341 2
084085 2
080884 2
079793 2
084083 2
269658 1
075137 2
083957 2
075120 2
223506 1
081748 2
084286 2
084457 2
115703 1
084211 2
025548 0
138478 0
082764 2
083955 2
079360 2
074907 2
082769 2
115674 1
223511 1
075186 2
078458 2
211014 1
084383 2
075191 2
270015 1
115430 0
219891 1
084097 2
115497 1
051187 2
115676 1
211015 1
114556 2
270014 1
051412 2
067328 0
051073 2
082093 2
084154 2
083996 1
043864 2
082779 2
051150 2
051431 2
081963 2
051397 2
077703 2
082099 2
083207 2
051395 2
270013 1
044106 2
081768 2
074721 2
084345 2
083071 1
084304 2
084348 2
271840 1
015108 2
271898 1
080867 2
084696 1
082080 2
083961 2
081794 2
114570 2
080019 2
081814 2
115322 2
084074 1
114465 2
114484 2
136354 1
114258 1
044194 2
084479 2
082002 2
114982 2
114295 1
082073 2
084011 1
084226 2
083931 2
269640 1
084100 2
051069 2
084178 2
083932 2
271689 0
081482 2
084306 2
043966 2
084117 2
051557 2
045204 2
083940 2
114987 2
081506 2
084038 2
078043 2
044108 2
084069 2
051107 2
044023 2
044238 2
044218 2
115394 2
084331 2
045143 2
114848 2
084113 1
108045 1
084043 2
114852 2
115629 1
137440 0
051210 2
084339 2
115508 1
180323 1
082577 2
081907 2
280412 0
084617 1
084197 2
084318 2
034620 0
078049 2
084106 2
082614 2
220004 1
082629 1
079642 2
084052 2
075143 2
220007 1
180277 1
080366 2
084075 2
081911 2
084387 2
084775 1
081889 2
080424 2
220514 1
084053 2
084131 2
084583 2
084147 2
082089 0
083578 1
081807 2
084754 2
185592 1
185585 1
115292 2
075464 2
185588 1
051193 1
084805 2
114003 2
041822 0
084111 2
080426 2
136059 1
114990 2
084596 2
084267 2
083969 2
007106 2
120692 2
084101 2
084112 2
051195 1
115280 2
051202 2
051198 1
081896 2
211776 1
120705 2
114961 2
083029 2
128267 0
083037 2
080236 2
271101 1
051207 2
114007 2
114009 2
057616 0
084718 0
271153 1
185578 1
051218 2
078303 2
185561 1
184968 1
180630 1
082651 1
277015 1
051186 1
051094 1
180299 1
113971 2
053073 0
114018 2
184837 1
081698 2
083027 1
051192 1
083039 2
062670 2
051206 1
180614 1
184499 1
082029 2
115136 2
081933 2
115121 2
185562 0
084118 2
277028 1
083305 1
180635 1
084042 2
113986 2
054444 0
115113 2
051213 1
180268 1
114601 0
051204 1
051059 1
114523 1
051209 1
186599 1
186597 1
080217 2
114015 2
180595 1
179693 1
081713 2
045498 0
115215 0
084759 2
084076 2
084270 2
051197 1
180592 1
179703 1
179961 1
179963 1
179999 1
051081 1
180033 1
084047 2
180626 1
084109 2
051211 1
050849 1
154470 0
114710 2
084268 2
051189 1
051166 0
084691 2
084377 2
051215 1
051217 2
051216 1
114648 1
051221 1
114741 2
051112 1
