226419 1
199662 1
199768 1
211355 1
202309 1
201723 1
201733 2
253060 1
207523 2
191960 1
191952 1
192027 1
233435 2
141618 0
210803 2
210735 2
243224 1
243208 1
243497 1
199799 1
243496 1
199800 1
242624 2
240501 2
196270 2
229632 2
215569 0
225400 2
199644 0
229701 2
243402 1
243401 1
243811 1
243818 1
243559 1
243558 1
244143 1
244136 1
243561 0
243857 1
243843 1
243780 1
250887 2
242947 2
243779 1
257917 2
229964 2
258244 1
229876 2
234372 2
224535 2
234371 2
287168 2
210978 1
287669 2
258502 2
275029 2
275040 2
275063 2
250338 1
256433 0
211988 0
206698 2
223623 0
250339 1
244363 1
206808 1
244341 1
256022 1
201638 1
256099 1
221278 0
255936 1
256770 2
183845 2
256767 2
183853 1
202237 1
206720 2
108832 1
207193 1
202384 1
203074 0
206709 2
202398 0
243834 1
243862 1
187602 2
257272 1
206995 1
257243 1
200003 1
243826 0
205796 2
243186 1
206423 2
257343 1
230075 1
080223 2
184706 1
228910 1
108911 1
108912 1
108880 1
109176 1
228781 1
109198 1
206434 2
208579 1
109210 1
227462 1
184695 2
199967 1
015242 0
227546 0
253449 2
253501 2
208546 2
202794 1
253425 2
253502 2
202262 1
253558 2
253571 2
253576 2
244471 2
253354 2
244451 2
253675 2
228782 1
253701 2
253602 2
253600 2
216167 1
201756 1
253557 2
253570 2
253575 2
210965 2
210756 1
231133 0
256403 0
197534 1
197450 1
165336 0
206885 2
210748 2
255060 1
197440 1
262867 1
202344 1
025484 0
275249 0
184747 1
201963 1
201964 1
253574 1
201958 1
199226 1
201815 1
199222 1
253569 0
199153 1
262872 1
202796 0
199154 1
201813 1
199160 1
128478 1
199156 1
128627 1
203076 2
161523 0
228911 1
271663 2
252372 0
255270 0
265927 0
203072 2
271664 2
203070 0
265042 1
115184 0
256434 0
017574 2
261667 0
208051 1
243528 0
274359 0
205619 0
244423 1
136116 0
262174 0
209030 1
244426 2
254637 1
244436 2
244365 1
244367 1
244261 2
101493 1
244366 1
244353 2
186283 0
244425 2
237379 2
258373 2
257421 0
258357 2
197170 0
281992 0
244435 0
209712 0
251938 0
283607 0
237336 2
237378 0
226161 1
098618 0
226164 0
258430 0
234290 1
234289 0
146539 2
206797 1
207204 1
208975 1
282164 2
080833 1
208007 1
