038793 1
046428 2
002426 1
079635 1
074739 0
112106 1
044282 0
113419 1
114502 1
114495 1
199083 1
131217 0
113309 1
113324 1
113378 1
113369 1
113123 1
113477 1
113380 1
113374 1
113317 1
113496 1
113502 1
025494 2
045228 2
045229 2
044676 2
045230 2
045236 2
044604 2
044608 2
046039 2
046162 2
038800 1
113355 1
113693 1
113688 1
113942 1
113936 1
113399 1
113489 1
113485 1
025505 1
113388 1
113441 1
113439 1
007875 1
113390 1
113765 1
113975 1
113702 1
113440 1
113973 1
113438 1
113777 1
113030 0
113769 1
113708 1
113311 1
126332 0
113277 1
113768 1
113480 1
113470 1
113326 1
115208 0
207265 0
114938 1
113527 1
113518 1
113405 1
113510 1
079668 0
113475 1
113455 1
113401 1
113407 1
114260 1
114254 1
113781 1
113782 1
191745 0
259182 1
113505 1
072187 0
264157 1
113403 1
262577 1
113444 1
041854 0
113571 1
113413 1
113566 1
111584 1
272460 0
016545 1
113723 1
113778 2
113720 1
078804 0
268861 0
113434 1
113511 1
113504 1
113362 1
113359 1
113433 1
015734 0
080076 0
196069 1
015136 1
119032 0
075430 0
076244 0
127184 0
043000 0
159415 0
075568 0
274564 0
113360 1
078361 0
038024 0
153363 2
113673 1
153365 2
002288 2
177252 2
159937 0
112636 0
085756 2
111541 1
113516 1
113525 1
085776 2
022301 0
045135 0
109115 0
074829 0
114735 0
113356 1
