232732 1
232735 1
155445 0
079430 0
192357 0
180519 0
064906 1
030882 0
064828 1
180026 2
064808 1
188535 0
064597 1
064766 1
064797 1
064931 1
064922 1
154395 2
064483 1
064688 1
176622 2
176651 2
182927 1
076977 2
177987 1
177160 1
287922 1
287928 2
287934 2
287980 1
288692 1
160515 1
014050 1
289957 0
014471 1
145857 1
013083 1
155800 1
018978 1
155433 1
064913 1
064875 1
064905 1
124017 2
124016 1
069190 2
102363 2
066228 0
257264 1
257231 1
288572 1
178103 1
152386 1
152261 1
082827 1
174773 1
065730 2
065599 2
152479 1
152494 2
123998 1
182332 2
182331 2
065660 1
075552 0
154686 1
154668 1
064319 1
064862 1
064587 1
123993 1
123160 1
283802 1
066356 1
077824 1
232780 1
233102 2
066269 1
064822 1
284662 0
283766 0
085968 1
064439 2
064501 1
062746 1
188154 1
188132 1
188128 1
064404 2
230350 0
066445 1
064487 1
064495 1
189849 1
189837 2
189838 2
167000 1
189530 2
189577 1
167543 1
167547 1
167548 1
192469 0
167884 1
192395 0
164239 1
167592 1
170382 1
170385 1
168257 1
168030 1
166028 0
187695 0
064920 1
157979 1
189836 1
066225 1
064414 1
064429 1
187357 0
064823 1
064882 2
064821 2
064871 1
064872 1
064857 2
086192 1
086184 1
170381 1
170384 1
064585 0
188540 0
170425 1
170426 1
170422 1
066347 1
066335 2
167602 1
167603 1
167582 1
168088 1
167942 1
175829 1
192511 0
163792 1
164101 1
164016 1
087545 1
162727 1
265828 1
265853 2
265901 1
265960 1
266057 1
265906 1
265858 1
199662 0
187164 1
186868 1
229773 0
176279 1
123959 1
123697 1
123579 1
187399 1
187267 0
101240 1
101239 2
101234 1
101217 1
101055 1
048326 0
123067 1
123053 1
187344 0
167604 1
167605 1
167583 1
166962 1
166963 1
162512 1
166961 1
166872 1
167525 1
167526 1
167509 1
190044 0
152485 1
078206 1
069434 1
102607 1
077219 1
164226 0
170349 1
170347 1
169181 0
013006 2
187891 1
230735 1
230469 0
064826 1
167643 1
167641 2
123983 1
080444 2
179932 0
064869 1
064907 1
123989 1
064777 1
064899 1
252407 0
064443 1
124321 1
124041 0
064814 2
233541 1
071542 1
104715 1
083131 1
284512 2
284523 1
284549 1
284569 1
284516 2
157056 1
170525 1
170585 1
153025 1
066094 1
066091 1
124627 1
009364 1
176827 0
131752 1
064790 1
111402 0
064457 1
123999 1
127510 1
127367 1
064843 1
182325 1
182330 1
064592 1
210588 1
210624 2
192397 1
151189 1
155656 1
155621 1
012743 1
016988 1
260844 1
150737 2
167593 1
167594 1
167584 1
064929 1
289802 0
167579 1
167596 1
167597 1
167559 1
167576 1
167577 1
064848 1
188071 0
123995 1
068379 1
064600 1
068174 1
124181 1
047985 0
064472 1
124617 1
163112 1
163117 1
124601 1
124291 1
064805 1
180547 1
187053 2
187072 1
235905 0
124437 1
124459 1
014829 1
125888 1
177251 1
167581 1
167599 1
167600 1
123233 1
123137 1
014659 1
126087 1
124420 1
124341 1
124344 1
124340 1
124343 1
082766 1
082809 1
082805 2
188423 0
099575 1
065904 1
065969 1
065968 1
112921 1
067912 1
123940 1
180591 0
177672 2
177696 1
177671 2
074823 1
156877 1
156914 2
182336 1
079186 2
079221 1
082812 1
015300 1
287864 0
155257 1
077132 1
069203 2
102376 2
069248 1
102421 1
198890 0
077124 2
167805 2
167788 1
077187 1
013067 2
168076 1
123992 1
196153 0
173060 0
167685 1
167686 1
276130 0
252856 2
252843 1
067599 1
123726 1
123736 2
123743 1
185881 0
178296 0
064409 1
184519 0
086196 0
109561 2
064914 1
064841 1
124162 1
152871 1
152910 1
152990 1
065893 1
160970 2
160995 1
169674 1
169687 1
064435 1
012958 1
287271 0
279180 1
171128 1
123391 1
081232 1
267911 2
267917 2
066046 1
193625 1
193621 1
193636 1
193637 1
193638 1
169673 1
193746 1
174742 2
174739 1
174992 2
174991 2
030649 0
083034 2
082869 1
079032 1
076973 1
076974 1
266056 0
076916 1
076921 1
124130 2
124097 1
124135 1
115027 2
070355 1
103528 1
070356 1
103529 1
070389 1
103562 1
114210 1
114068 1
082658 2
082597 2
002487 0
075854 0
099038 1
099027 1
099018 1
068308 1
064475 1
064492 1
124425 1
124337 1
068337 1
183179 1
015059 1
130839 1
130800 1
123091 1
082087 1
000594 0
066088 1
108750 1
139588 1
263808 0
071373 1
104546 1
071360 1
104533 1
071351 1
104524 1
183584 1
183557 1
183611 1
150565 1
064839 1
177912 1
186852 1
186853 1
153022 1
170337 1
149428 1
223926 0
000415 1
099605 1
018198 2
000359 1
016972 1
130835 1
130810 1
130808 1
130836 1
130817 1
130811 1
000320 1
128439 1
016844 1
128430 1
016864 1
123536 1
151170 1
128151 1
015769 1
146663 1
016850 1
151090 1
222775 1
130805 1
133034 1
130831 1
016188 1
130739 1
130773 1
124010 1
127536 1
127238 1
000391 1
123892 1
168934 1
222653 2
000327 1
151213 1
016858 1
130869 2
222655 2
150624 1
000354 1
130799 1
130809 1
000304 1
148201 1
148202 2
016566 1
127879 1
127825 1
124466 1
124487 1
017182 0
017179 1
149956 1
000323 1
130807 1
130816 1
015597 2
000325 1
145836 1
124438 1
124422 2
000302 1
130837 1
000312 1
130852 1
000298 1
000360 1
150303 1
130655 2
130672 2
130628 1
130639 1
154071 1
130833 1
016987 0
000390 1
156197 2
149316 1
130806 1
000322 1
130859 1
130853 2
130850 2
000299 1
130843 2
130896 1
123997 1
000356 1
014506 1
130801 1
129718 1
000783 1
129868 2
129869 2
129874 1
016841 1
068019 1
222739 1
130802 1
130747 1
130840 1
015580 1
147460 1
000326 1
130818 1
015726 1
222923 1
150087 0
000435 2
003165 0
164995 1
017086 1
150323 1
000431 1
124186 1
013144 1
124616 1
066249 0
112991 1
150379 1
187496 0
196181 0
068895 0
151137 2
151133 2
151124 1
150425 1
150434 1
018716 2
151602 1
016546 1
065886 1
065865 1
124548 2
124550 1
021798 0
288712 1
288721 1
000353 1
288776 0
124026 1
015790 1
003174 0
042401 0
150985 1
150658 1
150677 2
150679 1
150681 2
150690 1
016933 1
150908 1
124427 1
133129 2
133173 0
136265 1
152047 1
152057 1
012680 0
124015 1
276204 1
197811 0
176324 1
168927 1
168926 1
124063 1
152711 2
152713 1
124467 1
124470 1
125425 0
005863 0
182363 1
092976 1
185092 0
251938 0
114249 1
187696 1
187707 1
066131 2
066166 2
200386 0
017336 1
256381 1
183530 1
156726 0
155665 1
124260 1
000297 1
077806 0
192545 0
065695 1
066462 1
076961 0
064530 1
064523 1
170154 0
130812 1
000318 0
152127 1
170863 0
076611 1
007938 1
121351 1
263682 0
150720 1
176686 1
176636 1
176649 1
067099 1
067093 1
176972 1
176981 1
176980 1
176971 1
176984 1
176986 1
176990 1
176780 1
175367 1
030552 0
249427 1
192796 1
152720 1
039138 0
147305 1
144269 1
011048 1
178513 1
184311 1
184304 2
128349 1
066802 1
066524 1
187328 1
187334 1
160046 2
160074 1
021587 0
160565 1
182908 2
176632 2
176633 2
176678 2
178322 2
178332 2
178331 2
182260 2
182189 2
178458 2
178464 1
172998 1
151379 2
151304 2
151291 2
016824 1
016803 0
180230 2
180232 1
016859 1
224475 2
224441 0
183372 1
078716 0
130846 1
130899 1
130885 1
289368 1
102079 1
102115 1
102113 1
102074 1
102027 2
102155 2
007261 0
099971 1
099977 1
120333 1
187227 1
120293 1
177013 1
177070 1
107719 1
155748 0
064455 1
006838 1
011899 0
005454 1
120009 1
117758 1
117793 2
117792 1
192250 0
167590 1
167591 1
167585 1
167886 2
167928 1
168506 0
121978 1
009518 2
121979 2
218734 0
101872 0
173308 0
188295 0
007186 0
150759 1
184877 2
184878 0
199396 0
177196 1
036198 0
146942 0
178122 1
178107 2
209843 1
210023 1
210320 1
180159 2
180223 1
196906 2
196845 1
195702 0
141194 2
141162 2
141224 2
141234 2
141210 2
255761 0
107878 0
067251 1
173419 1
173426 1
173496 1
004302 0
176882 2
179268 1
191253 1
085386 1
180076 0
071514 1
071481 1
104654 1
164120 0
104687 1
071482 1
104655 1
071513 1
104686 1
123878 1
152851 1
081761 0
066723 1
123925 1
124257 1
124248 1
165645 0
124234 1
143610 0
243984 0
064499 1
142926 0
124615 1
152824 1
152833 1
168717 0
154808 0
155599 1
152501 0
284522 1
284568 1
284548 2
128481 1
128632 2
002230 0
049220 0
179479 0
218213 1
267709 1
218222 1
017150 0
019973 2
064928 2
202794 0
089470 1
086107 0
220212 1
087754 1
087843 1
090333 2
084935 1
087835 2
077286 1
077279 2
196783 0
133623 1
124428 1
082974 1
007401 1
127090 1
201768 0
221523 0
118773 0
015637 1
149620 1
188246 0
127103 0
210842 1
210827 2
210816 1
112948 1
173852 1
153638 1
222522 0
201860 2
014809 0
064818 1
124354 1
124353 1
124082 1
124093 1
124117 1
123823 1
167458 0
124145 2
124191 1
004041 2
129853 0
064459 1
064460 1
064893 1
065045 1
187204 0
082840 1
082847 1
227949 0
016953 1
150766 0
224229 0
039180 0
070104 0
276940 0
137603 2
137552 2
006290 1
124768 1
124770 1
125177 0
005236 0
151450 1
151233 1
014590 0
005963 1
077354 2
077709 1
078480 1
078623 0
124614 1
124516 1
006114 1
013466 0
080223 0
162032 2
162076 1
185055 0
064640 1
123650 1
224488 0
091236 0
149852 0
164663 0
191910 2
192165 2
192166 1
005038 0
151231 1
016948 0
187382 1
200283 0
127225 0
001597 1
064588 1
285889 0
076246 1
064474 1
064557 1
157242 0
006698 0
095462 0
182006 2
181990 2
181960 2
201558 2
138805 0
064860 1
070966 0
149398 1
149400 2
170354 1
170355 1
170352 2
145787 0
015317 1
125416 1
101448 0
128248 0
175542 0
186569 0
130847 0
124455 1
287834 0
047668 0
206828 0
064850 1
010497 0
003641 0
064878 1
202799 1
127089 1
126882 1
124408 1
124424 2
124432 1
123883 1
123857 0
123968 1
285092 1
285209 1
173808 2
173809 2
173835 1
001323 1
084024 1
082192 1
082197 1
114223 0
119379 0
064881 1
064900 1
064599 1
099255 1
128449 0
109215 0
019849 0
134091 1
033496 0
252436 1
136219 0
143462 1
124397 1
124392 1
124217 1
124220 1
124371 2
124384 1
124390 1
124216 1
124219 1
088349 1
088178 1
088180 1
015729 2
031584 0
127383 0
016963 1
182324 0
162383 1
252446 1
187508 1
130604 0
124872 0
076316 0
064347 1
268762 0
013250 1
136316 0
141567 0
082120 0
112010 0
014828 1
125891 1
034372 0
130821 2
130830 1
111105 0
161996 0
064908 1
000308 0
143550 0
184890 0
179799 0
123967 0
027100 0
149829 1
151952 0
267710 2
267704 2
267701 1
069987 0
040907 0
180994 0
187317 0
082238 1
082233 1
124255 1
123709 1
124205 1
128322 0
082999 1
130544 1
000418 1
000398 1
000527 1
232240 0
082049 1
014827 1
125890 1
064468 1
098296 0
054313 0
130813 1
000358 1
000319 1
182414 0
064590 1
289955 1
289969 1
017691 0
232708 1
232707 1
158450 0
031955 0
130079 1
130074 1
130073 1
064924 1
049574 0
124330 1
115665 2
009026 0
092305 1
092310 1
086867 1
086368 1
052192 0
154974 0
124395 1
136637 1
067770 1
064863 1
124273 0
284672 0
064782 1
030973 0
259120 0
012257 0
077876 0
083820 0
149794 1
009907 0
150246 1
150247 1
148289 1
131643 1
131671 1
131640 1
131641 1
130160 1
130720 1
134626 1
017867 1
129194 1
018271 1
128914 1
149281 1
133528 0
017495 1
129432 1
137577 0
017249 1
129633 1
139823 0
136240 0
192309 0
014815 1
125903 1
087065 0
208151 0
124142 1
082617 1
244762 0
143300 2
143297 2
143268 2
144431 2
143200 2
143197 2
010762 1
219338 1
219463 1
282202 0
082078 1
082159 1
066388 1
066332 1
284825 0
168181 0
000162 0
189194 0
077612 0
018767 0
066656 0
098457 1
098456 1
098458 1
098561 1
098601 1
098608 2
192475 1
192476 1
288868 0
064485 1
074949 0
279797 0
100873 0
117379 0
151961 1
155338 1
131900 1
064840 1
241672 1
241659 1
111773 1
111433 2
111434 1
111432 2
111388 2
075809 2
076133 1
070882 0
071706 1
104879 1
010949 0
071001 0
033571 0
062499 0
077221 1
163914 0
064598 1
187653 1
087004 1
127371 0
223600 0
193012 0
213351 0
199430 0
187625 1
070305 1
103478 1
070303 1
103476 1
170877 0
187855 0
167527 1
167528 1
167529 1
126815 0
165939 1
192274 0
093431 0
181367 0
064470 0
143910 1
143755 1
143214 1
155854 0
009870 0
023630 0
178101 0
220679 0
192276 0
028681 0
133159 0
124957 0
197999 0
064273 1
081826 1
011384 2
250826 1
136167 0
230114 0
124351 1
124352 1
066337 1
066227 0
117200 0
171254 0
133163 0
221504 1
221525 1
109018 0
024745 0
064448 1
064520 1
142300 0
064796 1
064270 0
064391 1
144572 1
144672 1
206885 0
086749 0
141955 1
141920 1
002444 0
126709 0
182587 2
182596 1
095460 0
189184 0
124812 0
123700 1
195562 2
143586 0
140175 0
068481 0
216128 0
093433 0
065855 1
011700 0
064785 2
064786 1
113089 0
009187 0
064390 1
199294 0
192224 0
155432 1
037104 0
064619 1
275089 0
099016 1
099025 1
099033 1
099032 1
099030 1
099154 2
232755 1
256964 0
202148 0
149893 0
232721 1
039348 0
064427 1
066153 1
066149 1
066122 1
192539 0
230960 0
219040 2
218837 0
124349 1
124360 1
269823 0
009392 1
064467 1
070629 0
064683 1
200235 0
006314 0
252665 0
283768 0
035014 0
271149 0
066145 1
115585 0
147688 0
188537 0
086220 0
134153 0
081171 0
227908 0
061282 0
064512 1
124504 1
183738 0
064739 1
216832 0
187186 0
117449 0
024116 0
187358 0
109814 0
239393 0
192392 0
144453 0
064471 1
120321 0
124442 1
189259 1
189258 0
006451 0
124447 1
188815 1
066338 0
066296 1
037819 0
195688 0
178580 0
065833 1
079404 1
079197 1
064560 1
064561 1
280150 0
135042 1
135060 1
135035 1
135044 1
098558 0
123555 1
102004 0
276088 0
109967 0
060613 0
037129 0
100528 0
058587 0
231938 0
126179 1
126721 1
013825 0
284956 0
123986 1
074668 0
036617 0
124283 1
189591 0
065830 1
124433 1
124013 0
124118 0
064526 1
064521 1
110491 0
253249 0
159766 0
086850 1
086683 1
064768 1
025691 0
167607 1
167696 2
099176 0
124521 0
079993 0
030620 0
018915 0
061852 0
009395 0
124326 1
124333 1
079268 0
011639 0
009891 1
122237 1
187264 0
154635 1
252830 0
257594 0
133104 2
133098 2
133118 2
049909 0
064904 1
050892 0
066137 1
256572 0
214103 0
133187 0
124931 0
098522 0
064376 1
147027 0
202144 0
218147 0
015200 0
155600 1
276006 0
146588 0
085891 0
276308 1
011641 0
005967 0
262596 0
133099 0
217569 0
280170 0
033138 0
086503 0
257002 1
234952 0
192982 0
064671 1
179212 1
077880 0
117577 1
277469 2
017231 1
177039 2
128669 2
128525 1
177043 1
007842 0
127607 1
094878 0
015122 0
127546 0
123418 1
068659 1
195900 0
028764 0
223066 0
099724 0
276135 0
054262 0
263039 0
014953 1
125782 1
