084219 1
051271 0
084287 2
084125 2
083958 2
083953 2
083965 2
083968 2
081589 2
081650 2
083753 2
083746 2
084202 2
083943 2
084080 2
115400 2
083537 1
083530 2
083896 2
083906 2
084248 2
083999 2
051488 2
051379 1
080394 2
083432 2
083444 2
084271 2
276731 0
083135 1
082031 2
084307 1
083739 2
083786 2
075309 2
075311 2
075414 2
075418 2
075505 2
075511 2
075513 2
115253 1
075500 2
075517 2
075503 2
083171 2
083173 2
074954 2
074947 2
084327 1
079218 2
082884 2
084191 2
084183 2
051528 2
083693 2
083698 2
077600 2
077606 2
075159 2
075161 2
114464 1
082091 2
115355 1
075415 2
075417 2
082743 2
082757 2
082459 2
082490 2
078188 2
078234 2
091397 1
083059 1
083019 1
083111 2
092037 1
079363 2
079223 2
079188 2
079364 2
078080 2
078085 2
078144 2
078104 2
083179 2
079200 2
079172 2
082822 2
082829 2
082828 2
078442 2
043963 2
114640 1
079145 2
084152 2
084090 2
084155 2
084157 2
084416 2
078452 2
078440 2
084381 1
081027 2
082096 1
082071 2
082063 2
081701 2
075501 2
075518 2
081721 2
081754 2
083723 2
083811 2
081648 2
081674 2
082887 1
114647 1
114483 1
081685 2
051255 0
084336 2
044367 2
113836 2
113800 2
075608 2
082615 1
075906 2
044115 2
075593 2
044080 2
044072 2
043889 2
043943 2
044166 2
051251 2
081897 2
044074 2
044075 2
074869 2
079288 2
075051 2
079291 2
044100 2
044028 2
137680 1
114894 2
114932 2
114413 2
082627 1
114603 2
083053 2
084469 1
082144 2
082124 2
084439 1
082075 2
082077 2
081901 2
081903 2
081922 2
044258 2
043991 2
043879 2
044255 2
043927 2
045040 2
084413 1
044339 2
044850 2
044832 2
044773 2
045120 2
045144 2
044221 2
114972 1
081229 2
045205 2
051079 2
181231 1
115347 1
115445 1
079325 2
115039 1
115034 1
078630 2
078659 2
081890 2
114989 1
079670 2
084098 2
083119 1
084116 2
083168 1
181262 1
083563 2
084322 2
083559 2
084031 2
083988 2
083884 2
083887 2
051068 2
114873 2
114908 2
075472 2
084292 2
084005 1
084475 2
051503 2
075561 2
051194 2
078259 2
078285 2
084472 2
084317 2
074557 2
074528 2
083479 2
277006 1
276904 1
084216 2
112097 2
083497 2
081615 2
114487 2
114467 2
269649 1
269586 1
269658 1
080884 2
084096 1
075325 2
084045 2
084073 2
080867 2
081720 2
081748 2
210897 1
210962 1
211015 1
211014 1
219889 1
219891 1
083977 2
079970 2
084477 1
181139 0
084104 2
084110 2
083962 2
043937 2
084335 2
043929 2
081637 2
084255 2
084474 2
083975 2
084384 2
051368 2
051500 2
043965 2
044193 2
081482 2
084345 2
081814 2
081506 2
080019 2
025548 0
084457 2
083699 2
084283 2
084232 2
078164 2
078252 2
083694 2
081728 2
081778 2
075315 2
078098 2
078128 2
051412 2
115394 2
115322 2
051150 2
043864 2
079641 2
051397 2
114556 2
114570 2
270009 1
270015 1
270013 1
114465 2
114484 2
084348 2
077703 2
270014 1
114414 2
114436 2
114258 1
114295 1
084226 2
051073 2
051431 2
051395 2
078823 2
079837 2
079793 2
084175 2
074907 2
084113 1
084696 1
115343 2
079341 2
271840 1
084100 2
084117 2
082080 2
082073 2
084479 2
271898 1
015108 2
082764 2
082769 2
051078 2
051143 2
044238 2
044218 2
051074 2
050972 2
051557 2
078458 2
223506 1
223511 1
044108 2
279827 1
078445 2
075186 2
115430 0
079360 2
082099 2
082093 2
136354 1
082779 2
083071 1
082651 1
079167 2
050832 1
079129 2
084097 2
084178 2
136059 1
044194 2
043966 2
051187 2
084617 1
079642 2
075137 2
078093 2
075120 2
084339 2
074721 2
044023 2
115508 1
078043 2
084211 2
084265 2
269640 1
083961 2
083931 2
083932 2
084038 2
081963 2
081709 2
082002 2
081907 2
081911 2
084304 2
084306 2
081807 2
084331 2
044184 2
115629 1
084083 2
084085 2
075191 2
080366 2
084775 1
080424 2
082577 2
082614 2
082629 1
083969 2
084147 2
051218 2
079644 2
115446 1
084153 2
084154 2
108045 1
078049 2
051210 2
114848 2
114852 2
114523 1
084596 2
084583 2
115703 1
115674 1
115497 1
220514 1
115676 1
051069 2
137440 0
007106 2
120705 2
120692 2
084118 2
083578 1
114982 2
044106 2
220004 1
220007 1
084267 2
084131 2
082089 0
280412 0
113971 2
180323 1
180277 1
084360 2
083700 1
084387 2
115136 2
083990 2
211776 1
084017 2
128261 0
084109 2
084318 2
084106 2
084111 2
084197 2
084052 2
084053 2
084149 1
115113 2
115121 2
062670 2
083305 1
084006 2
083027 1
051107 2
084043 2
277015 1
084075 2
277028 1
083955 2
083957 2
154470 0
084249 2
051202 2
051207 2
078303 2
081768 2
081794 2
083029 2
083037 2
084206 2
084213 2
115280 2
114990 2
114961 2
271101 1
271153 1
084074 1
084101 2
084112 2
081698 2
081889 2
084805 2
081896 2
080426 2
084042 2
084076 2
083996 1
084011 1
084231 2
084383 2
186597 1
186599 1
084047 2
084062 2
180635 1
083940 2
084069 2
084103 2
180268 1
114648 1
084128 1
075464 2
075143 2
179693 1
179703 1
179961 1
179963 1
179999 1
180033 1
180626 1
180614 1
180595 1
180592 1
082964 2
089290 1
115435 2
114987 2
114786 1
029062 0
114007 2
114009 2
047416 0
114003 2
165339 0
084718 0
051094 1
051193 1
051195 1
051206 1
051198 1
051192 1
051213 1
051186 1
051204 1
051209 1
051059 1
113997 2
051217 2
051197 1
113986 2
114018 2
114023 1
051166 0
080217 2
084759 2
084691 2
084377 2
084365 2
051199 1
051112 1
051201 1
051200 1
051216 1
051189 1
051221 1
051215 1
051223 1
051219 1
050849 1
114673 1
051203 1
051211 1
051208 1
051092 1
051081 1
051191 1
051123 1
051205 1
080236 2
084754 2
051225 1
187031 1
186978 0
084243 2
051222 1
083039 2
081713 2
089197 1
