051099 2
054407 0
059396 0
054720 2
054675 0
053703 0
056226 0
054715 0
053228 2
053170 0
053013 0
052140 2
052129 2
052537 2
052516 2
048663 2
048456 2
057335 2
057138 0
055463 0
053293 2
053001 0
052269 2
052268 2
052800 2
052755 2
057019 2
056866 0
056808 2
056529 1
054331 2
054251 0
055599 2
054884 2
054811 0
054896 2
055287 2
055087 2
055216 0
053200 2
053015 2
056511 2
056622 2
054761 2
054869 2
062968 2
062870 2
163108 2
163105 2
054895 2
054201 2
054682 2
054821 0
050224 2
050150 2
055486 2
055645 2
057372 2
057128 0
056182 2
055991 2
056492 2
056744 2
056457 0
051031 2
054281 0
055146 2
053243 2
054442 2
056755 2
056516 0
055185 2
055164 0
056700 2
055910 0
198416 2
199195 2
199046 2
199169 2
056486 2
057100 2
056857 0
055478 2
051033 2
051402 2
051359 2
060953 2
056361 2
052932 2
054487 2
052361 2
052354 2
056473 0
052720 2
054097 2
056680 2
050202 2
050143 2
056181 2
059400 0
047658 2
047581 2
055438 2
056741 2
056087 0
057036 2
267459 2
055895 2
054409 2
054357 2
056430 2
046870 2
054202 2
056695 0
055790 0
056615 2
050588 2
055880 2
057334 2
056789 2
055525 2
054471 2
055384 2
054279 2
054808 2
056714 2
055291 2
055488 2
055487 2
056278 2
054727 2
048384 2
053610 2
053597 2
055612 2
048181 2
053314 2
053534 2
053285 2
055200 2
055416 2
057376 0
055190 0
055456 2
056503 0
053271 2
055311 2
202631 2
053423 2
054926 2
052771 2
052724 2
056962 2
053602 2
053665 2
057032 2
052146 2
054531 2
053050 2
054867 2
056227 0
052956 2
052833 2
051869 2
051842 0
057330 2
052954 2
052837 2
055588 2
051005 2
056841 2
049042 1
055308 0
056127 0
056832 2
054095 2
053071 2
053250 2
055245 2
057093 2
053159 2
053000 2
053152 2
053003 2
052965 2
053141 2
059462 0
055445 2
055148 2
055468 2
055154 0
054577 2
056051 0
049683 2
054877 2
054194 2
054127 2
053241 2
055550 0
054488 0
056461 0
054872 2
063658 2
063807 2
061105 2
061014 2
053046 2
053163 2
053011 2
057368 2
054728 2
052806 2
056737 2
236098 2
236038 2
199994 2
052762 2
056467 0
059273 2
055331 2
055174 2
056397 2
056381 0
050137 1
050124 2
049406 2
051087 2
050963 2
056316 0
055270 2
056100 2
055587 0
055162 2
054234 2
053124 0
056742 2
054278 2
055712 2
054076 2
055470 2
054904 2
055871 2
056724 2
048603 2
055391 0
052177 2
052179 2
053687 2
050236 2
055467 2
052776 2
052722 2
056514 0
056346 2
054277 2
051376 2
051486 2
051337 2
051110 2
051102 2
055995 2
057049 2
054908 2
051004 2
054834 2
055908 0
055068 2
055294 2
056061 2
057152 2
050244 2
049698 2
050214 2
054077 2
055471 2
055713 2
050251 2
051582 2
076094 2
056852 1
235068 0
065922 2
059315 2
055541 2
056187 2
059343 0
076879 0
055710 2
052953 2
053111 2
055592 2
054587 2
056738 2
054218 2
054090 2
053408 0
051820 2
051819 2
056186 2
054530 2
054453 0
048583 2
056794 2
054740 2
056851 0
055385 2
055323 0
054968 2
053054 2
051032 2
053650 2
056151 2
055097 0
057328 2
052910 0
055262 2
055982 2
053619 2
052598 2
056843 0
054094 0
053007 2
054899 2
051364 0
054876 2
054871 2
056861 0
054439 2
054901 2
054179 2
056707 2
015803 0
053974 2
056070 2
049065 2
054989 2
053753 2
053686 2
057002 2
050778 2
050670 2
049912 2
055621 0
053107 2
055412 0
054049 2
053040 0
054803 2
054081 2
055089 2
055474 0
055179 2
052838 2
055500 0
053552 2
054544 0
052567 2
052544 2
054117 2
056342 2
054529 2
056716 2
053756 2
052701 2
052686 0
055967 0
054857 2
057353 2
056114 2
051615 2
055292 0
054429 2
046923 2
057079 2
056324 0
050371 0
054801 2
056341 2
056515 0
048434 2
048750 2
048442 2
048531 2
048202 2
052433 2
056210 2
052405 2
055875 0
056498 2
056476 0
054445 2
052744 2
052728 2
053705 2
057311 0
151125 0
052515 2
052495 2
054887 2
054875 2
054283 2
053704 2
050466 2
030859 2
030857 0
052302 2
052301 2
052591 2
052555 2
056821 2
054758 2
059407 2
059422 2
053477 2
053478 2
053479 2
054638 2
052561 2
052520 2
054210 2
056263 2
053878 0
052950 2
052840 0
048557 0
056384 2
053521 2
055723 2
052926 2
052923 2
050426 2
112682 0
052712 0
052939 2
052866 2
052865 2
052938 2
053600 2
054894 2
053009 2
054334 0
054045 2
249697 0
055236 0
056414 2
057317 2
054558 0
054225 0
052741 0
059371 2
052111 2
057140 0
057336 0
271306 2
271408 2
271307 0
053839 2
055738 2
055282 2
055036 0
054365 0
056097 2
057077 2
053272 2
053245 2
052815 0
065246 0
049117 2
052586 2
053158 2
052998 2
056419 0
053375 2
055309 0
052684 2
052678 0
053286 2
054539 2
055490 2
053150 0
052485 0
055301 0
024350 0
056629 2
056627 2
056507 0
056095 2
086428 0
054987 2
053185 2
055091 0
052780 0
053627 0
054515 2
055142 0
054166 2
055516 2
055356 0
031705 0
050118 2
050116 2
056131 2
055706 2
054452 2
054274 0
059298 2
059290 0
163241 2
055145 2
081101 2
081092 2
081060 0
053223 0
055123 0
036170 0
054011 0
056485 2
053485 2
053076 2
053039 0
057338 2
055600 2
056358 2
056968 2
052862 2
052846 2
054983 0
047551 0
054060 2
052896 2
052887 2
061809 0
082759 2
082744 2
082646 2
056820 2
057302 2
056307 2
052364 2
215723 0
053841 2
052748 2
052726 2
053691 2
169098 0
054665 2
080365 2
080280 1
083069 2
082783 2
080427 2
080399 2
200230 2
200626 2
200630 2
200629 2
213258 2
213275 2
220721 2
213616 2
220725 2
220905 1
220966 2
082544 2
082500 2
082692 2
082690 2
082660 2
082598 2
082391 2
082386 2
082594 2
082618 2
080543 0
080772 2
080747 2
080722 2
202193 2
202208 2
202245 2
202386 2
082609 2
082591 2
080791 2
080691 2
082711 2
080782 2
080498 2
080773 2
080736 2
080724 2
080449 2
080682 2
080701 2
080368 2
080397 2
080763 2
080735 2
080784 2
080708 2
080613 2
080611 2
080714 2
080711 2
080753 2
080588 2
080770 2
080602 2
080702 2
080768 2
080597 2
080700 2
080474 2
080471 2
080723 2
080754 2
080718 2
080379 2
080495 2
080694 2
080785 2
080582 2
080360 2
080783 2
080340 2
080635 0
080349 2
080284 0
082521 2
080520 2
080514 2
080657 2
080796 2
080685 2
080357 2
080713 2
080712 2
080584 2
080570 2
082504 2
082383 2
082370 2
100425 2
100426 2
080381 2
084847 2
080720 2
080756 2
082708 2
080571 2
080591 2
080729 2
080398 2
080447 2
080341 2
082803 2
082808 0
080589 2
082300 2
082286 2
080466 2
080469 2
080793 0
110901 2
110933 2
082547 2
080356 2
080309 2
182918 2
182919 2
182934 2
182922 2
181551 2
181537 2
082244 2
022495 2
022411 2
080265 2
080149 2
222456 0
080693 2
080792 2
080740 2
084108 2
084107 2
084127 2
082673 2
082682 2
077667 2
088138 2
088112 2
088131 2
019248 2
080669 2
080764 2
080715 2
049841 2
049908 0
093611 2
093742 2
021770 0
277523 2
277543 2
169436 2
122348 2
122350 2
010046 2
122351 2
004440 2
113705 2
083572 2
083569 2
083557 2
071085 2
071084 2
104257 2
104258 2
135170 2
135172 2
135179 2
135374 0
083910 2
083907 2
022232 0
168464 2
039786 0
219939 0
116411 2
116415 2
090281 2
263346 0
080363 2
081021 2
080978 0
080346 2
222336 0
083518 1
083513 0
070975 2
104148 2
050250 2
082329 2
082562 0
084194 2
084192 2
113721 2
030259 2
289361 1
289050 0
081175 2
080965 2
081121 2
081013 2
080993 2
029888 2
029875 2
003562 2
134309 2
134288 0
050249 2
050331 0
121379 0
082797 0
057131 0
051780 0
158515 0
084584 2
098844 0
226994 2
228639 2
227073 0
285147 1
285181 2
285184 0
089022 2
087324 2
150360 2
033175 1
158525 0
011210 1
132324 0
062341 0
267325 0
056326 0
211196 0
138812 0
083466 0
048906 0
235123 0
056745 2
080171 2
080221 2
144656 2
144615 2
007807 0
054672 2
053867 2
054526 2
166093 0
044050 0
081685 0
055539 0
016305 0
054066 2
054520 2
026099 0
080730 2
095460 0
163448 0
048416 2
051034 2
250556 0
281678 0
010891 2
035784 0
053030 2
052659 2
052657 0
081819 0
044582 0
055447 0
144280 0
056530 1
280512 0
054921 2
055381 0
054540 2
048142 0
055159 0
231240 0
210232 0
053512 2
052220 0
053020 2
053044 2
078186 0
211870 0
228749 0
050213 2
049697 2
049696 0
056506 0
162525 0
054415 2
055613 0
056870 0
055435 0
054732 0
056318 0
072054 1
072432 1
072735 1
072998 1
073258 1
073514 1
073776 1
074033 1
074293 1
105227 1
105605 1
105908 1
106171 1
106431 1
106687 1
106949 1
107206 1
107466 1
052785 2
052764 2
016865 0
064375 0
225135 0
056505 0
054601 2
056723 2
164202 0
051127 2
051160 2
000868 0
056773 2
052542 2
052517 2
056995 0
053094 0
052738 0
118074 0
055951 2
052882 2
050837 2
054707 2
013517 2
013359 0
083465 1
110075 0
080207 1
081427 0
083517 0
058831 0
275185 0
090196 0
055442 2
138675 0
116895 0
056152 2
019406 0
013922 0
056289 0
054954 0
026709 0
048831 2
054714 2
277841 0
052613 2
052585 2
052553 2
049671 2
056863 0
056044 0
056415 0
050164 2
243710 2
054321 2
065884 0
052440 0
006394 0
054800 2
053828 2
056019 2
155603 0
146406 2
012348 0
090645 0
054227 2
056523 0
053745 2
054224 0
055122 2
013811 0
052794 2
052746 0
055720 0
080484 0
271761 0
056254 0
056735 2
054753 2
054966 1
224940 0
257779 0
055888 2
052340 0
140752 0
136171 0
056835 0
056047 0
054088 0
283598 0
018314 0
055784 0
050826 0
054197 0
024533 0
054898 2
019548 0
054387 2
075982 0
050142 2
055992 2
081037 2
052700 2
052685 0
048484 2
057139 0
053070 0
159259 0
009106 0
227093 1
227074 0
153432 0
056448 0
240947 2
118386 0
077808 2
005617 2
080565 0
216906 0
121762 0
052509 2
052491 0
056091 0
002325 0
054971 2
054975 2
053810 0
052427 0
055521 2
054787 0
013486 2
013459 0
126359 0
271310 0
032116 0
050429 2
011997 0
052743 0
078158 0
052742 0
271308 2
056036 0
089683 2
052649 2
052648 0
197395 0
083191 2
083198 1
074727 2
002396 1
133270 1
083639 0
083460 2
056493 2
113508 0
054535 2
046507 0
052610 0
006506 0
013446 0
015742 0
255353 0
056770 2
157744 0
082574 2
030568 0
149736 0
251093 0
052997 0
238921 0
052779 2
052768 2
052521 2
166498 0
263747 2
263741 2
057252 2
057253 2
057254 2
052638 0
055258 2
059890 0
223313 2
223318 2
223288 0
156681 0
056018 2
054962 0
138668 2
138802 0
056780 0
038692 0
054003 0
230776 0
056504 0
279848 0
055877 0
057329 2
055884 0
167046 0
054563 0
047210 0
054773 0
057145 0
230312 0
029849 0
257418 0
227963 0
159804 2
064907 0
227736 0
205675 0
056149 0
013804 0
093584 0
083208 0
080420 0
057310 2
052580 2
