064578 0
086457 0
050307 2
050457 2
080529 2
076262 2
087883 2
066406 2
088975 0
064277 2
182269 0
085893 2
085195 2
085188 2
085127 0
033382 2
085197 2
066837 0
081202 2
081228 2
083085 2
086195 2
086281 2
083126 2
086247 2
080824 2
273302 2
083141 2
080838 2
273538 2
080176 2
066843 0
064073 0
087573 2
273715 0
084146 2
064276 0
085327 2
087863 2
093167 0
075088 2
075260 2
087862 2
085454 0
075542 2
079292 2
092873 0
087861 2
063150 2
042342 2
092787 0
004992 0
089730 1
089741 2
032387 2
087617 0
087912 2
260615 0
032711 0
032418 2
041685 0
108725 0
267262 0
096160 2
049475 2
087960 2
049397 2
096120 2
224166 0
040808 0
243775 0
040941 0
085857 2
089725 1
092177 2
224352 2
224351 2
092784 0
040923 0
164580 0
259301 2
085072 2
041004 0
092043 2
063986 0
097289 2
257215 2
257221 2
087808 2
192366 0
047277 2
092103 2
087470 1
098984 0
256788 0
262917 2
064091 2
144206 2
087812 2
034221 0
087961 2
097807 0
083300 0
083299 0
111811 2
126448 0
040942 0
024555 2
024434 0
259595 2
041680 0
096414 2
040912 0
024498 2
086269 0
087556 2
097366 2
260633 0
023919 0
059012 2
097433 2
257026 0
259586 2
260256 0
098971 0
273177 0
087528 2
198551 0
084880 2
026021 2
098961 0
026130 2
097749 2
144252 2
011051 0
023641 2
260257 1
000370 0
144476 1
047817 1
047799 2
260258 1
050469 2
273551 2
144507 2
023753 2
238114 0
126417 0
132833 0
075350 2
189646 0
025985 2
028055 0
128029 0
101518 0
202079 0
097272 0
265349 0
202064 0
261938 0
273611 0
097738 0
090855 0
101955 0
047347 0
278443 0
161520 0
057057 0
023834 0
009346 0
019754 0
075221 2
238141 0
088253 0
090049 0
024352 0
224105 0
185809 0
042556 0
224077 0
223204 0
265780 1
079851 2
109558 2
098354 0
079856 2
047187 0
074961 2
083324 2
087137 0
074944 2
198725 0
111760 2
074960 2
034694 2
243776 0
195905 0
088299 0
133893 0
025910 2
020205 2
098288 2
121816 0
038222 2
083398 0
098386 0
084755 0
069396 0
024738 2
224167 0
189884 0
047517 0
024736 0
092881 0
038162 2
192053 0
102569 0
024500 2
260392 0
126182 1
126196 0
126414 1
109253 0
087679 0
093780 0
051578 0
091898 0
046023 1
033668 0
040583 0
025882 2
195906 0
025918 2
256985 0
124003 0
018422 0
181446 0
092890 0
024788 0
084670 0
088646 2
187112 0
276170 0
016842 0
267647 0
267686 0
124000 0
128138 0
052126 0
011268 0
008012 0
092809 0
027973 0
038037 0
081520 0
047481 0
046005 0
088668 2
018717 0
009000 0
058765 2
128421 0
084067 0
109347 0
024149 2
050023 2
117107 0
131200 0
060816 2
050070 2
232182 0
224104 0
144989 0
024209 0
089690 0
012779 0
187111 0
050451 2
050455 2
220274 0
047688 0
050534 2
110109 0
151899 0
024794 0
084885 0
087136 0
080249 0
084756 0
050503 2
287805 0
024705 0
038718 0
024251 0
041903 1
208791 0
020220 0
271920 0
089687 0
202393 0
260224 0
067594 2
057588 0
024509 2
112546 0
041907 1
023744 2
024512 2
268169 0
024704 2
097167 0
155671 0
268111 0
020434 0
039992 2
083835 0
117581 0
020981 2
033410 0
067631 2
081529 0
263890 2
262474 0
067658 0
051283 2
282110 0
263841 1
267685 0
023645 0
024777 2
024768 0
024491 0
264107 2
077338 0
155618 0
095604 0
081929 0
082011 0
076554 0
260637 0
091128 0
097141 0
084627 0
024712 0
253758 0
260757 0
224129 0
028849 0
019768 0
000796 0
268151 0
050306 2
195955 0
274557 0
182519 2
226250 2
224143 0
028966 0
077456 0
023926 0
016727 0
019276 2
109243 0
051421 2
027998 0
260236 0
051284 2
020983 0
081286 0
255118 0
078126 0
022433 0
030281 2
056636 0
112499 2
033078 0
109978 0
084920 0
005448 0
019546 2
091754 0
223199 0
260684 0
261716 0
034557 0
188860 0
000136 0
086728 0
128418 0
044095 0
112495 2
205416 0
127006 0
128419 0
024703 0
164945 0
032474 0
102032 2
200139 0
268344 0
081856 0
060360 0
098213 0
048037 0
093441 0
086410 0
033438 0
112815 0
081293 0
076498 0
003740 0
284311 0
258924 0
287402 0
075623 0
021674 0
112205 0
043907 0
224150 0
134252 0
048672 0
095163 0
036187 2
230164 0
268341 0
096643 0
060363 0
058286 0
041173 0
075589 0
159370 0
108652 0
144695 0
090568 0
048853 0
077085 0
069506 1
260387 0
100779 0
051108 0
087206 0
027701 0
211314 0
210371 0
201391 0
081750 0
274546 0
041623 1
100760 0
210656 0
069606 0
024778 2
007054 0
020216 2
102679 1
251918 0
020995 1
258246 0
021024 2
115841 0
024494 0
021027 2
044666 0
024685 0
019378 0
093346 0
041620 0
047489 0
128422 0
287416 0
102779 0
133695 0
109954 0
202606 0
021151 2
289673 0
020217 2
011730 0
062070 0
001072 0
096357 0
271580 0
027039 0
202892 0
089846 2
259932 0
042591 0
198758 0
090289 0
262593 0
133064 0
070531 0
269059 0
152067 0
268096 0
022869 0
091106 0
024463 0
130612 0
103704 0
228864 0
112724 0
090165 0
036297 2
075917 0
050501 0
198743 0
286620 0
022884 0
164930 0
220674 0
188661 0
131673 0
069829 2
057577 0
188832 0
254847 0
111490 0
021550 0
008342 0
189610 0
039814 0
103002 2
145077 0
024906 0
195900 0
076459 0
169595 0
084008 0
284920 0
069800 2
256170 0
048323 0
009494 0
083846 1
069532 2
044865 0
266058 0
043659 0
271862 0
279413 0
110407 0
102973 2
268935 0
069765 2
