034578 0
093157 0
230737 0
239045 2
238784 2
008529 2
128553 2
128582 2
128199 2
128299 2
128673 2
128581 2
128550 2
017254 2
129627 2
061975 2
053422 2
052941 2
048867 0
048972 2
059487 2
062380 0
053315 0
053325 2
053137 1
001183 2
051584 2
235850 1
051604 2
235848 1
051639 2
235853 1
053769 0
175192 1
055393 2
059082 0
235833 1
175308 0
000381 2
094149 0
055618 2
053518 2
171479 1
069160 2
102333 2
194256 1
055887 2
172361 1
172315 1
170975 0
224047 1
172490 1
184255 1
091644 0
175254 0
171763 1
059252 2
054676 0
032646 0
059267 0
170933 0
171206 1
059249 2
085878 0
001625 2
172664 1
055551 2
171899 1
181969 1
060299 2
171764 1
171563 1
185015 1
172064 1
278978 1
171247 1
172515 1
179072 1
254802 0
192121 1
172550 1
175159 1
059445 2
246491 0
054609 2
172045 1
172675 1
278977 1
184319 1
171107 1
172228 1
130766 0
176627 1
172067 1
176628 1
171617 1
171443 1
171260 1
179202 1
170824 1
189822 1
171896 1
172005 1
055201 2
053347 2
094122 0
048973 2
180580 1
224207 1
172642 1
194474 1
171527 1
171446 1
240373 1
193560 1
190682 1
171243 1
172455 1
172084 1
059484 2
171068 1
171915 1
094783 0
175648 1
237815 1
171195 1
171930 1
171705 1
059479 2
053457 2
171502 1
190056 1
171814 1
194491 1
124223 2
177293 1
175647 1
179655 1
059253 0
171554 1
171276 1
223433 1
175255 0
176720 1
240371 1
250348 1
171363 1
171064 1
177294 1
176721 1
171062 1
178162 1
185138 1
171428 1
051640 2
171853 1
124225 2
171923 1
171660 1
178888 1
172418 1
172357 1
177533 1
171434 1
172693 1
179656 1
177295 1
277115 1
178163 1
171939 1
091083 0
172167 1
181481 1
194459 1
065151 2
171934 1
172742 1
172144 1
171826 1
053324 0
172154 1
172031 1
181571 1
237319 1
170956 1
177296 1
171011 1
059464 2
172204 1
171884 1
171281 1
093929 0
177292 1
178994 0
242350 1
179608 1
177534 1
171631 1
172674 1
240262 1
172426 1
185669 1
193201 1
170887 1
171354 1
171753 1
172535 1
190452 1
170978 1
172200 1
091854 0
044488 0
172158 1
177195 1
041815 2
171811 1
172537 1
172097 1
172476 1
030512 0
172137 1
171413 1
237175 1
172606 1
170868 1
172074 1
171582 1
068029 0
186759 1
171765 1
240258 0
172648 1
172405 1
041040 0
172616 1
172475 1
171340 1
225704 1
172412 1
171769 1
177235 1
059414 2
171956 1
175023 1
171237 1
172436 1
171920 1
179440 1
177236 1
171839 1
172163 1
171609 1
171638 1
171950 1
184781 1
171209 1
009442 0
193125 1
211232 0
227614 0
172172 1
183225 1
183209 1
171644 1
171614 1
172104 1
171184 1
171496 1
172644 1
172333 1
172332 1
179632 1
231026 2
176571 1
231027 2
227466 1
040578 0
188804 1
184992 1
171239 1
172482 1
172182 1
171937 1
057708 0
171802 1
226303 1
227543 2
190894 1
172682 1
181480 1
171594 1
171592 1
230458 2
055932 2
053425 2
175053 1
170820 1
182646 1
171411 1
171788 1
230460 2
059365 0
179670 1
171339 1
172676 1
171905 1
171978 1
227569 2
171948 1
227587 2
171945 1
240254 1
172409 1
173000 1
197398 2
172705 1
197718 0
171605 1
172498 1
172022 1
197328 2
170922 1
170879 1
277106 1
226281 1
197352 2
172614 1
239408 1
187630 1
172122 1
174075 1
171983 1
172656 1
171990 1
171941 1
009754 0
171761 1
172617 1
172284 1
172394 1
171965 1
172501 1
223444 1
178058 1
172438 1
171597 1
051585 2
172052 1
171246 1
237923 1
171780 1
179185 1
171890 1
171083 1
051564 2
178533 1
197401 2
172509 1
172355 1
181482 1
172658 1
174320 1
179671 1
171415 1
055641 2
172541 1
172542 1
172146 1
197350 2
197351 2
201512 2
172615 1
172654 1
171157 1
179411 1
171072 1
239413 0
059489 2
171129 1
011594 0
172112 1
171524 1
177539 1
172415 1
179390 1
182258 1
175210 1
172371 1
081380 2
171958 1
172495 1
175309 0
064781 0
171176 1
171154 1
171835 1
170958 1
171715 1
172316 1
177540 1
171836 1
178341 1
171771 1
178342 1
171974 1
170857 1
171585 1
171668 1
172583 1
054119 0
223616 1
172041 1
171379 1
174234 1
172324 1
173608 1
172406 1
172105 1
081713 0
178534 1
178984 1
171574 1
250961 1
189355 1
145620 2
171393 1
170929 1
171619 1
191713 1
081381 2
172725 1
066592 2
171571 1
081511 2
172128 1
145821 2
172686 1
171186 1
201511 0
171536 1
254409 1
179654 1
171694 1
183973 1
171202 1
172111 1
172385 1
172258 1
172417 1
081510 2
171815 1
171864 1
171366 1
172123 1
171577 1
224499 1
172037 1
178031 1
188457 1
189616 0
170950 1
172086 1
271370 1
061011 0
145824 2
179188 1
171904 1
172663 1
171535 1
076934 0
179365 1
171086 1
182250 1
179420 1
172225 1
172669 1
183197 1
279963 0
197678 0
091851 0
223535 1
173332 1
171538 1
179230 1
171470 1
225062 1
172171 1
171147 1
171268 1
172188 1
171427 1
172108 1
171778 1
179673 1
171692 1
171684 1
092157 0
081698 0
068030 2
092156 0
171168 1
240249 1
055149 2
172047 1
192184 1
172300 1
057991 0
224219 1
174252 1
171523 1
172422 1
171455 1
171902 1
055702 2
172093 1
172289 1
174228 1
172637 1
171160 1
172650 1
172723 1
171821 1
172430 1
172302 1
175177 1
171189 1
076386 2
180281 1
178059 1
171729 1
187153 0
178060 1
172464 1
170838 1
283977 0
172346 1
197641 0
184365 1
172667 1
171712 1
171981 1
171783 1
172141 1
171995 1
179327 1
193353 0
171696 1
176514 1
178992 1
172377 1
175534 1
182369 1
171240 1
171275 1
059629 2
172240 1
171338 1
186171 1
170918 1
170854 1
172730 1
171451 1
181338 1
172002 1
172100 1
177078 1
172350 1
172195 1
224776 1
177079 1
055529 2
077232 0
172078 1
179623 1
175638 1
175000 1
170882 1
173595 1
171730 1
172201 1
172447 1
237928 1
178229 1
171285 1
172556 1
171223 1
172118 1
172237 1
240554 1
171624 1
171295 1
172151 1
179213 1
177073 1
171803 1
175100 1
172040 1
172598 1
177001 1
172027 1
172599 1
177074 1
224220 1
172536 1
171300 1
174567 1
192974 1
179418 1
177002 1
171894 1
171776 1
178061 1
172437 1
171518 1
172185 1
189277 1
174995 1
188669 0
146334 0
171871 1
171637 1
172338 1
179344 1
184991 1
172386 1
237839 1
172538 1
174511 1
283975 0
172641 1
172462 1
171727 1
172380 1
171758 1
172603 1
171643 1
172604 1
178453 1
171807 1
172516 1
172587 1
188033 1
179037 1
178230 1
172424 1
171162 1
172024 1
187296 1
179340 1
171658 1
171790 1
178546 1
172034 1
171928 1
178454 1
240567 1
173338 1
224116 1
178032 1
179613 1
170960 1
172605 1
171650 1
170862 1
172340 1
172249 1
171735 1
187947 1
172322 1
040943 0
172563 1
059295 0
172378 1
178507 1
189483 1
088780 0
179306 1
171687 1
076725 2
172003 1
171657 1
172327 1
188095 1
059269 0
172341 1
171144 1
172528 1
202705 0
171093 1
172483 1
171936 1
177662 1
172039 1
171651 1
172007 1
177663 1
172529 1
177938 1
172176 1
178957 1
172212 1
172688 1
172566 1
171805 1
191009 1
016334 0
171529 1
179247 1
171543 1
172639 1
172362 1
175077 1
178403 1
188660 0
171405 1
172155 1
171907 1
172548 1
179604 1
177939 1
171860 1
172720 1
172453 1
237840 1
179195 1
244578 1
172133 1
172268 1
171943 1
172207 1
171449 1
172092 1
172088 1
172557 1
044167 0
172053 1
086864 0
172061 1
171368 1
171551 1
171468 1
177647 1
170967 1
262333 1
179219 1
188169 1
170789 1
175395 1
170914 1
173472 1
172716 1
170916 1
184461 1
171799 1
172586 1
171633 1
173473 1
178492 1
172404 1
178493 1
172594 1
240311 1
172696 1
189442 1
171610 1
092239 0
177656 1
172029 1
178508 1
188159 1
241226 1
172011 1
172431 1
172738 1
179336 1
179256 1
177648 1
188498 1
172514 1
172505 1
179663 1
172703 1
082014 0
223985 1
171151 1
179402 1
177304 1
171773 1
179337 1
172363 1
187196 1
190085 1
172291 1
171794 1
172592 1
184812 1
172130 1
172223 1
172621 1
116393 0
171819 1
172549 1
177657 1
171719 1
178404 1
171869 1
171046 1
171732 1
172569 1
172570 1
178637 1
255139 1
178638 1
060097 0
175150 1
171600 1
170786 1
172690 1
172309 1
223151 0
171892 1
267907 1
172145 1
172270 1
240252 1
172193 1
179477 1
172593 1
184235 1
172564 1
179227 1
240368 1
171475 1
172054 1
171841 1
172328 1
171723 1
179308 1
171816 1
170814 1
171971 1
172266 1
172149 1
184979 1
178420 1
172635 1
179304 1
170890 1
172565 1
172187 1
054380 0
172704 1
172487 1
187079 1
178421 1
171272 1
171478 1
179497 1
171671 1
179844 1
172521 1
172169 1
171439 1
179668 1
174813 1
172217 1
172275 1
171425 1
070306 2
103479 2
227438 0
172522 1
203022 0
172707 1
189613 0
172471 1
171784 1
179444 1
179845 1
172320 1
172197 1
172468 1
176892 1
172401 1
063219 2
171697 1
177305 1
184426 1
171878 1
179377 1
176893 1
184031 1
172229 1
172150 1
171618 1
053412 0
172450 1
172506 1
172254 1
172660 1
224449 1
176589 1
172440 1
172079 1
183775 1
171548 1
237921 1
171767 1
063024 2
171917 1
178803 1
172493 1
182813 1
240244 1
177143 1
177144 1
