230317 0
264419 0
270985 0
194182 0
197669 0
263494 2
263492 0
281830 0
123456 0
263493 0
175104 0
123464 0
273164 0
123445 0
236641 0
087149 0
256415 2
256411 2
197647 0
271698 2
271768 2
225367 0
271350 2
271351 2
271834 2
271355 2
271378 2
270273 2
271895 2
270358 1
271894 2
272000 2
274307 2
256655 0
274509 2
271988 2
271990 2
274519 2
274316 2
274514 2
256485 0
274506 2
282040 0
282041 0
053519 0
270361 1
288700 2
068401 0
152740 0
277343 2
270264 2
282904 0
276113 0
271999 2
274438 0
009526 0
282909 0
107802 0
270423 2
277292 2
277290 2
276990 2
288698 2
271530 2
271394 2
276084 0
284745 2
271540 2
270435 2
271388 2
063701 0
289397 1
251012 0
080104 0
277278 2
270625 2
284744 2
271393 2
270933 2
277364 2
289398 1
289276 0
076995 0
271050 0
286783 2
276146 2
271397 2
276158 2
270922 2
271602 0
278255 0
276209 2
243771 2
288296 2
138799 0
284746 2
271367 2
271392 0
274385 0
271283 2
283138 0
269715 0
270982 2
274254 0
283118 0
272220 2
271542 2
230671 0
274373 0
277146 2
276138 2
274253 0
061901 0
087220 0
271531 2
272224 2
271387 0
270142 2
272219 2
279587 2
271520 2
256419 0
285761 0
272169 2
288265 2
276020 1
279586 2
288310 2
230810 0
272129 2
255783 2
162277 0
283650 1
284823 1
289346 0
272223 2
230890 0
270143 2
281695 0
279601 2
276967 1
272128 2
269944 2
269943 0
283576 1
282032 2
259937 2
270999 0
259941 1
252303 2
288522 2
134015 0
269253 2
272001 2
270572 2
276973 1
270356 2
075085 0
288519 2
272403 0
272782 0
271141 2
269783 0
259710 0
281000 1
283638 1
231185 0
283577 1
288487 2
279962 1
281670 1
281662 0
264968 0
281686 0
271242 2
288513 2
271087 2
266128 0
288485 2
271057 0
269257 2
281708 1
184875 2
288476 2
260984 0
288486 2
268971 2
232390 0
254911 0
268931 2
067444 1
067356 1
270298 2
279002 1
067327 0
269795 2
270299 2
284160 0
231427 0
257612 2
257603 2
265404 0
276836 0
068443 1
056148 2
279053 0
285307 0
244533 2
107758 0
067424 0
255892 0
286424 2
123056 0
275814 0
283637 0
004588 2
269180 2
269801 0
254949 0
230289 0
270472 2
231276 0
256422 0
068420 1
285330 0
286427 2
128524 0
283635 1
265349 0
067338 0
254958 0
230303 0
017639 1
256474 0
289273 0
074588 1
286426 2
283636 1
253648 0
286423 2
262867 0
281688 0
256169 2
186268 0
058091 0
269452 0
164807 0
279055 0
266489 0
011114 0
289344 0
266615 0
229488 0
237036 0
230661 0
285050 0
080113 0
058054 0
277983 0
257604 0
289275 0
264243 0
055964 0
258712 0
275280 0
264148 0
138830 0
115789 0
153174 0
060528 0
236978 2
236986 2
236795 2
256647 0
192599 0
257613 2
233148 0
266411 0
056640 0
269513 0
178613 0
061991 0
195574 0
264257 0
057113 0
055785 0
276835 0
280219 0
033990 0
221180 0
200613 0
018720 0
004718 2
272753 0
262174 0
240865 0
260562 2
265152 0
265028 0
112840 0
273711 0
236992 0
261671 0
200650 0
166675 2
270607 0
289058 0
285816 0
271265 0
118970 2
264256 0
166832 2
251058 0
273448 0
162249 2
162688 0
023705 0
166676 2
196440 0
005513 0
013992 0
252746 2
005624 0
259699 0
264347 0
263327 0
267334 0
268514 0
166674 2
251059 0
107800 0
266408 0
266506 0
040461 0
196780 0
267151 0
272819 0
265034 0
195179 0
250025 0
158098 0
182256 0
040612 0
225764 0
265047 0
164141 0
195061 0
186246 0
223236 0
256003 2
269751 0
144138 0
285341 0
269574 0
107801 0
270533 0
265076 1
139406 0
287482 0
284683 2
249573 0
182634 0
260431 0
107794 0
231912 2
230849 0
040604 0
273903 2
273888 2
264363 2
231908 2
269509 0
265063 0
230859 0
211096 0
279408 0
283475 0
257107 0
053395 0
273162 0
265074 1
107972 0
119233 0
164505 0
231913 2
262871 0
263331 0
275405 0
287798 0
086852 0
265062 0
175936 0
272820 0
231888 2
234978 0
231886 2
080374 0
197151 0
282863 0
264318 2
237052 0
187923 0
285883 0
275686 0
264921 0
271266 0
014212 0
271263 0
182335 0
197155 0
176057 0
264920 2
270532 0
196781 0
251060 0
247415 0
272574 0
161992 0
264930 0
271174 0
196576 0
284843 2
196782 0
082031 0
271199 0
223228 0
164033 0
264069 2
151006 0
251938 0
264928 0
251021 0
262866 0
259702 0
107799 0
265399 0
197118 0
261575 0
225781 0
081238 0
267262 0
202805 0
040451 0
275071 0
264099 2
264098 2
109622 0
276922 0
203044 0
260865 2
255649 0
100340 0
256582 0
250194 0
169403 0
284242 0
212196 0
276956 0
244985 0
143982 0
182360 0
274401 0
285336 0
162155 0
243190 0
264629 0
270282 0
223113 0
238226 0
034040 0
023654 0
218579 0
260906 2
256758 0
242538 0
236883 0
276247 0
068071 0
258098 0
266188 0
286089 0
236835 0
164103 0
284074 0
275638 0
261667 0
151996 0
275070 0
196792 0
269912 0
271079 0
279178 0
190852 0
256304 0
164122 0
287546 0
284241 0
151043 0
264249 0
018426 0
255652 0
211299 0
282270 0
230831 0
169405 0
053259 2
265038 0
196787 0
268961 0
270792 0
164129 0
169404 0
222534 0
257384 1
258658 0
242010 0
253810 0
257881 0
258973 0
273626 0
260493 0
209756 0
275472 0
200823 0
271784 0
276369 0
268565 0
130705 0
178687 0
245012 2
227723 0
196570 0
249913 0
282998 0
128816 0
211855 0
288443 0
149088 0
269735 0
240547 0
154506 0
283607 0
252524 2
022838 2
259110 1
196574 0
280417 0
234818 0
268964 0
235141 0
137420 0
021690 0
275418 0
278159 0
215569 0
254610 0
054553 0
054524 0
179394 2
274611 0
187067 0
283605 0
022464 1
021693 0
020090 2
178151 0
120228 0
109967 0
182602 0
275521 0
260615 0
267173 0
281366 0
236241 2
041895 2
088089 2
142659 0
169406 0
041782 2
237009 0
263418 0
259114 1
230837 0
243812 0
212222 0
020089 2
020096 2
050623 0
048489 0
282908 0
181672 0
241706 1
276720 0
274677 0
256062 0
025657 2
287717 0
056488 0
272824 0
266197 0
168508 0
021389 0
241693 1
240550 0
241601 1
241710 1
020292 1
172940 0
256063 0
179362 2
190564 0
144136 0
256116 0
223229 0
241712 1
199701 0
241752 1
021637 0
273216 0
241723 1
257594 0
264517 1
241849 1
162308 2
268766 0
241724 1
165343 2
265588 0
199644 0
251147 1
256840 2
268508 0
278488 0
146971 0
258102 1
165345 2
269057 0
067375 0
233375 0
241753 1
019907 0
000962 0
179376 2
095153 0
162306 2
241952 1
210094 0
033785 0
282473 0
241722 1
179396 2
133315 0
241789 1
241725 1
272833 0
272508 0
275080 0
266388 0
182609 0
255537 0
260440 0
284985 0
251016 0
241928 0
271175 0
288815 0
288772 0
284974 0
282174 0
234539 0
062271 0
006751 0
111941 0
108078 0
148533 0
275249 0
021702 0
266708 0
264538 0
019438 2
225368 0
019965 0
275388 0
164147 2
230826 0
286985 0
234994 0
277987 0
014635 0
259113 1
276019 0
053288 2
254308 0
187056 0
163746 0
261580 0
285304 0
259109 2
267160 0
193353 0
261746 0
120219 0
133325 0
236111 0
027391 0
164102 0
234829 0
100261 0
048513 0
120095 0
155942 2
112180 0
273261 0
277152 0
192692 0
238381 0
236610 0
211101 0
283270 0
012058 2
282201 0
237864 0
289747 0
242531 0
020669 0
034044 0
235317 0
234845 0
268776 0
261392 0
253569 0
256020 0
111940 0
176308 0
235335 0
276653 0
098675 0
234807 0
237403 0
034458 0
268467 0
192914 0
024408 0
011628 2
274558 0
234853 0
001038 2
141397 0
189080 0
030843 0
241483 0
186830 0
251010 0
141423 0
254309 2
082482 0
070778 0
217904 0
251031 0
017187 0
263261 0
254109 0
026175 2
217390 0
167309 0
186245 0
237595 0
159790 2
255988 0
262880 0
234738 0
164032 1
025936 0
164128 0
270894 2
187048 0
235039 0
262032 0
254457 0
270781 2
239074 0
282597 0
268516 0
200051 0
271353 0
268084 0
234856 0
111899 2
255975 0
133240 0
290077 0
111905 2
013632 0
254462 0
269256 0
268775 0
284161 0
237186 0
130744 2
111911 2
175090 1
033722 0
288364 0
168100 0
276306 0
267290 2
164121 0
235066 0
287843 0
266111 0
254310 0
260121 0
159848 2
017808 0
261560 0
159864 2
161817 0
234828 0
026083 0
161873 0
120229 0
024580 0
000361 2
197838 0
235826 0
287750 0
056450 0
123847 2
122273 2
234858 0
200818 0
266296 0
123795 0
120094 0
020723 1
194269 0
270844 0
193014 0
230197 0
235858 0
151781 0
021388 0
234799 0
060304 0
130945 2
234197 0
151561 0
256434 0
256547 0
070228 2
226611 0
234852 0
086938 0
017935 0
098122 0
254519 0
280411 0
166117 0
130433 2
228488 0
268423 0
186586 0
002586 2
195038 0
068204 0
103401 2
070191 2
264518 0
112964 0
172835 0
258353 0
153574 0
264163 0
101570 0
018787 0
029020 0
010258 2
124412 2
268957 0
165280 1
021387 0
013997 0
289578 0
262872 0
103364 2
077787 0
112414 0
235040 0
118690 0
285955 0
165257 0
239602 0
264248 0
254994 0
261864 0
239491 0
284016 0
070192 2
103365 2
240758 0
140801 0
112082 0
150424 0
255938 0
251511 0
182601 0
276343 0
274606 0
265956 0
235042 0
183066 0
210340 0
264969 0
025312 2
032668 0
021523 0
181679 0
197568 0
232476 0
173799 0
116218 2
048768 0
278757 0
014499 0
111843 0
108703 0
260633 0
129212 0
230073 0
234198 0
167291 0
032617 0
183157 0
257589 0
276229 0
020162 0
260642 0
058386 0
133488 0
260888 0
264250 0
255353 0
098913 0
123051 0
199278 0
112262 0
133489 0
276928 0
157139 2
230904 0
157136 2
033628 0
276635 0
082651 0
223169 0
164224 0
140393 0
024602 0
153788 0
186645 0
112229 0
111957 0
187057 0
186615 0
192835 0
266096 0
216143 0
226749 0
038462 0
243776 0
130868 2
051153 2
163366 0
054555 2
273381 0
028393 0
283053 0
265371 0
271661 2
244974 0
247029 0
280647 0
265211 0
272592 0
043878 2
267273 0
234855 0
020134 0
232960 0
234857 0
270522 0
081943 0
204645 0
234844 0
165265 0
090215 2
020315 0
011409 0
203733 0
075237 0
011829 2
015093 0
274435 0
218056 0
234221 0
273165 0
069958 0
210727 0
264978 0
206278 0
278805 0
254461 0
115620 0
019138 0
021401 0
112056 0
273880 0
001495 2
185706 0
238372 0
275543 0
205891 0
030188 0
239910 0
098057 2
015513 0
275689 0
098058 2
031814 0
286147 0
153236 0
130652 2
165277 0
242624 0
145742 0
025696 0
186624 0
000401 1
185633 0
254460 0
216809 0
268408 0
053483 0
288636 0
275857 0
054427 0
273827 0
201877 0
183015 0
043562 0
067693 0
002344 2
164805 0
124435 2
234222 0
126110 0
182480 0
141312 0
130658 2
254726 0
222717 0
025959 0
029076 0
030891 0
235789 0
275685 0
182674 0
024603 0
168674 0
227927 0
099904 0
265500 0
252233 0
198024 0
050847 0
131850 0
182807 0
182551 0
034176 0
257208 0
130647 2
253813 0
230920 0
284209 0
237434 0
130641 2
109403 0
076091 0
186869 0
130732 2
130908 2
165317 0
192875 0
263482 0
122308 0
257148 0
221641 0
288420 0
181607 0
163016 0
275586 0
194346 0
278684 0
124461 0
146732 0
017169 0
257075 0
263421 0
135703 0
268466 0
194419 0
083678 0
244976 0
057577 0
010320 2
039042 0
205363 0
206412 0
020574 2
244585 0
200810 0
030955 0
030912 0
002967 0
023302 0
289928 0
123454 0
266273 0
151997 0
174979 0
255664 0
027390 0
155849 0
225391 0
103131 0
134980 0
232251 0
199292 0
014885 2
019439 0
035060 0
239064 0
141563 0
289345 0
289317 0
276379 0
005022 2
017137 0
098882 0
011466 2
247385 0
041932 0
069400 2
230065 0
132014 0
019950 0
182554 0
111845 0
102573 2
023303 0
186821 0
269797 0
145135 1
112181 0
138974 0
233857 0
271839 0
000402 2
050419 2
077133 2
262360 0
020802 0
019253 0
241656 0
070404 2
228971 0
269960 0
075617 0
098079 0
029037 0
064837 1
091825 0
083072 0
050321 2
219493 0
131844 0
103577 2
031871 0
130213 0
076767 1
279304 0
019676 0
231008 0
070452 2
234736 0
032914 0
070538 2
193852 0
262820 0
032480 0
133238 0
009538 0
201888 0
273815 0
031324 2
103625 2
239417 0
070479 2
119401 2
139118 0
039879 2
164261 0
046083 0
232245 0
281112 0
009579 0
168504 0
278512 0
021721 0
103711 2
064941 1
112265 0
005669 0
011236 0
288336 0
034131 0
111194 0
103652 2
225396 0
263485 0
239614 0
215844 0
019661 0
070540 2
174989 1
013711 0
255484 0
001172 2
031255 2
015108 0
103713 2
011650 1
223791 0
239613 0
070628 2
207367 0
229820 0
040330 0
269787 0
289757 0
120278 0
058383 0
268334 0
070643 2
062904 0
112040 0
103801 2
130161 0
277428 0
016461 0
287030 0
103816 2
017410 2
266276 0
129499 2
011907 1
088119 0
117525 0
151568 0
201254 0
065082 0
025683 2
273625 0
250808 0
010028 0
192836 0
050144 0
201248 0
264224 0
101997 1
064532 0
186867 0
019618 0
145143 0
262911 0
011719 0
239601 0
181240 0
186255 0
029500 0
114952 0
285320 0
264675 0
259632 0
200366 0
062922 0
146389 0
289095 0
016117 1
286848 0
049821 0
219969 2
050208 0
015464 0
030359 0
012192 1
196208 0
040407 2
230473 0
285810 0
017673 0
031402 2
202248 0
020636 0
068433 1
065390 0
002541 0
087158 0
076458 0
026897 0
040406 0
060703 0
009999 0
196423 0
053599 2
237973 0
044541 0
179052 0
030382 0
229888 0
239992 0
034830 0
040328 0
238406 0
174988 1
036530 1
134420 0
010279 1
068452 2
063170 0
243031 0
061990 0
258826 0
099941 0
282164 0
035064 0
200402 0
067049 1
130104 0
044652 2
280854 0
065849 1
054207 0
140449 0
023437 0
187913 0
044135 2
275676 0
258805 0
168505 0
108346 0
045042 2
052463 0
259297 0
243233 0
000268 2
050479 0
166667 0
026724 0
135705 0
269179 0
137960 0
044653 0
031377 2
021479 0
161877 0
100948 0
056754 2
211209 0
119480 0
267933 0
262199 0
017780 1
129630 0
065710 1
170618 0
149647 0
166592 0
000637 2
044440 0
001225 2
101509 0
076270 0
044010 2
112039 0
114956 0
069011 2
130902 0
035043 0
021716 0
019929 0
056299 0
013945 0
173685 0
266148 0
044507 0
065967 0
052782 2
023798 0
067096 0
180359 0
268678 0
052333 0
049106 0
050703 0
014945 0
278005 0
001189 2
129325 0
289771 1
028993 2
259841 0
128437 0
160308 0
256272 0
088177 0
278885 0
220293 0
042323 0
112122 0
009395 0
194043 0
018698 0
041025 0
103951 0
020666 0
286808 0
234685 0
242654 0
113336 0
071363 0
088036 0
279792 0
081074 2
026835 0
067814 0
262100 0
052957 2
014613 2
237194 0
034525 0
247384 0
137080 0
039975 0
065781 0
175018 2
052705 0
150036 0
112166 0
221308 0
060819 0
243775 0
112231 0
284943 0
285296 0
057287 2
135714 0
288194 0
141061 0
124986 0
123900 2
030599 0
038532 0
052214 0
220390 0
053412 0
234916 0
004239 0
121656 0
223196 0
021554 0
112636 0
112143 0
071695 0
211224 0
068340 1
053488 0
066100 0
075408 2
154045 0
261621 0
030360 0
016162 1
085654 0
053211 0
274505 0
161257 0
068219 0
152267 0
006030 0
065743 0
175035 2
003695 1
016962 1
136964 0
250638 0
015865 0
161950 0
028585 0
050763 0
277036 0
032621 0
057418 0
005259 0
266730 0
111855 0
018168 0
119350 0
001215 2
030947 0
077929 0
153648 0
119547 0
085864 0
263483 0
271173 0
039467 0
224683 0
053077 0
019310 0
186033 0
140210 0
145190 0
211378 0
032825 0
206988 0
123144 0
029838 0
109306 0
240258 0
006243 0
193906 0
036794 0
003755 1
112178 0
001604 0
168726 0
154176 0
164354 0
020165 0
128812 0
053662 0
282208 0
058317 0
014920 0
021858 0
023029 0
224371 0
210832 0
200619 0
139560 0
099254 0
062280 0
064192 0
141647 0
053234 0
009142 0
154175 0
054301 0
108535 0
055781 0
150757 0
113274 0
066050 1
266656 0
069460 2
102633 2
032916 0
046523 0
011901 0
017213 2
112523 0
019681 0
104536 0
030583 0
198232 0
253574 0
019114 0
011906 0
289776 0
276058 0
268470 0
000118 0
130815 0
131063 0
079240 0
169685 0
086011 0
025830 0
053176 0
066139 0
256320 0
013182 0
276052 0
019973 0
104868 0
036923 0
003898 0
083119 0
011710 0
056046 0
159105 0
076268 0
262095 0
191952 0
034233 0
011349 0
017104 2
227690 0
144598 0
067060 0
067124 0
163385 0
260509 0
268327 0
017108 2
187717 0
276230 0
003630 0
281460 0
144400 0
078599 0
109688 0
289309 0
260614 0
016149 1
162922 0
041106 0
058457 0
112021 0
265205 0
007847 0
030945 0
068375 0
049992 0
053858 0
031292 0
163371 0
186317 0
163413 0
050700 0
060558 0
003614 2
046522 0
161926 0
100938 1
109308 0
127674 0
100907 0
067373 0
039804 0
108517 0
188627 0
078150 0
061995 0
186019 0
016155 1
121400 0
057396 0
219655 0
085027 0
141362 0
135461 0
286846 0
009036 0
208585 0
019313 0
256277 0
068642 0
260547 0
003435 2
243452 0
029023 2
154547 0
091779 0
099396 2
124338 2
100230 0
067729 0
257278 0
112022 0
154665 0
262094 0
141793 0
021525 0
287346 0
258509 0
266403 0
194671 0
147926 0
115794 0
264830 0
250127 0
000100 1
255589 0
211971 0
173903 0
079958 0
154345 0
124286 2
183831 0
220053 0
058313 0
124393 0
159148 0
169671 0
142846 0
053413 0
087274 0
065741 0
261090 0
230463 0
193157 0
003720 1
218020 0
206349 0
065100 0
162384 0
173679 0
138532 0
216179 0
004285 0
068780 0
134439 0
203734 0
006244 0
141853 0
007632 0
039581 0
266665 0
194375 0
018764 0
088930 0
142039 0
214261 0
176832 0
001110 0
243315 0
044175 0
243704 0
006194 1
200348 0
135464 0
280119 0
085028 0
214281 0
017212 0
067456 0
189341 0
214000 0
107678 0
128503 0
194696 0
089356 2
054176 0
015544 0
065133 0
044047 0
058751 0
260684 0
087652 0
029847 0
089432 0
260619 0
256342 0
220294 0
128817 0
264846 0
053222 0
144354 0
041564 0
200754 0
163619 0
258542 0
271619 0
065699 0
066743 0
101469 0
098568 0
053180 0
045970 0
289933 0
006380 1
223016 0
191902 0
074435 0
178874 0
288867 2
237975 0
211161 0
279168 0
260931 0
162772 0
128623 0
226869 0
268560 0
171519 0
243454 0
041067 0
068324 0
057552 0
115721 0
252413 0
237758 0
021359 0
065970 0
203633 0
121408 0
048540 0
211234 0
054059 0
254803 0
278360 0
262330 0
237755 0
024949 0
015671 0
192106 0
087112 0
021439 0
199267 0
068719 0
285642 0
116287 0
273266 0
100687 0
021866 0
194515 0
182550 0
141847 0
277326 0
057352 0
191900 0
059265 0
064935 0
007915 2
030942 0
004067 1
031265 0
029075 0
098542 0
001569 0
048600 0
112064 0
098676 0
271631 0
144589 0
264247 0
218554 0
009768 0
136173 0
171320 0
281824 0
287037 0
229396 0
267771 0
108615 0
048229 2
256773 0
032918 0
130761 0
062639 0
259905 0
115785 0
006727 0
134421 0
021733 0
144172 0
042205 0
063747 0
007414 0
010189 0
281403 0
032253 0
004062 1
153055 0
031776 0
085001 0
251950 0
093854 0
041826 0
149160 0
149163 0
019355 0
118091 0
107608 0
099278 0
058757 0
141883 0
032440 0
065643 0
256433 0
112518 0
048230 2
085949 0
255208 0
119426 0
253642 0
071622 0
014400 0
218369 0
028912 0
039406 0
067857 0
278802 0
091427 0
220056 0
026768 0
259904 0
261938 0
011898 0
135413 0
279064 0
075402 0
163355 0
003756 1
289172 0
279788 0
031184 0
003572 1
062927 0
267401 0
236023 0
031777 0
058399 0
269946 0
067036 0
064051 0
222524 0
281827 0
244973 0
003823 1
031288 0
006451 0
006611 0
180003 0
074957 0
036310 1
143078 0
048285 0
114187 0
055814 0
289950 0
266755 0
205249 0
199800 0
121409 0
258234 0
115960 0
122826 0
036324 0
253662 0
271648 0
134250 0
147737 0
009470 0
006319 0
155187 0
019108 0
003239 0
069126 0
190670 0
030993 0
211141 0
134643 0
225455 0
107716 0
257923 0
006330 0
053885 0
283412 0
168727 0
082461 0
104795 0
256043 0
153464 0
288866 2
268095 0
054468 0
003574 1
153497 0
007141 0
011902 0
036418 0
031209 0
244977 0
150224 0
266365 0
278185 0
115479 0
026077 0
215600 0
159852 0
263408 0
009358 0
229391 0
152958 0
036423 0
187976 0
261892 2
066106 0
062076 0
257379 0
078422 0
002815 0
085169 0
192674 0
271927 0
051431 0
048223 2
123402 0
273566 0
008615 0
277429 0
279305 0
014921 0
179590 0
048308 0
048340 0
229142 0
003919 0
236671 0
048633 0
003439 0
048108 0
181732 0
262096 0
136963 0
036314 0
107677 0
097287 0
035808 0
162527 0
003612 2
108698 0
190695 0
228710 0
156945 0
261891 2
139674 0
062737 0
219516 0
234835 0
269628 0
266706 0
003667 1
051558 2
144286 0
077232 0
018017 0
054211 0
112875 0
008019 0
112931 0
022539 0
172903 0
098643 0
232289 0
134748 0
137419 0
066518 0
006419 1
180213 0
188860 0
181394 0
228696 0
112850 0
070523 0
180587 0
070653 0
280785 0
178921 0
080275 0
098618 0
007234 0
279108 0
033898 0
195877 0
024368 0
003573 0
287081 0
087657 0
023930 0
220496 0
130441 0
153178 0
098634 0
256150 0
003672 0
149156 0
121412 0
044394 0
176866 0
279105 0
176841 0
085706 0
043903 0
275171 0
162532 0
159512 0
066835 1
155136 0
077593 0
255113 0
009631 0
021045 0
051188 0
116277 0
130826 0
140424 0
063541 0
007849 1
112662 0
065026 0
036673 0
288954 0
253721 0
184464 0
229416 0
008202 0
068326 0
253725 0
144318 0
218897 0
042890 0
269139 0
222775 0
178922 2
049355 0
034789 0
231175 0
220489 0
260616 0
064116 0
277405 0
239275 0
159112 0
085705 0
254791 0
165250 0
135551 0
143070 0
051890 0
003576 0
052216 0
164247 0
050633 0
241327 0
220324 0
139097 0
268774 0
112080 0
064038 0
120788 0
053033 0
270987 0
179119 2
179129 2
003615 0
053651 0
197755 0
039802 0
003473 0
220476 0
100629 0
169183 0
203641 0
245004 0
175565 0
003613 0
270615 0
275625 0
064102 0
134440 0
012869 0
256585 0
003887 1
018538 0
151397 0
220393 0
004210 0
203502 0
101772 0
042909 0
017253 0
019344 0
162560 0
202780 0
257906 0
034474 0
269633 0
181681 0
137795 0
186350 0
002867 0
045067 0
234772 0
074845 0
257633 0
159103 0
223185 0
138254 0
057053 0
027015 0
088208 0
005528 0
288673 0
147339 0
265160 0
242269 0
003681 0
164280 0
003480 2
137807 0
023708 1
003363 0
008229 0
061722 0
060707 0
068245 0
253926 0
018886 0
157152 0
035072 0
076495 0
025289 0
241996 0
121414 0
138978 0
276765 0
085074 0
070410 0
263592 0
227734 0
050732 0
030958 0
055267 0
107724 0
140322 0
010212 0
054320 0
231942 0
030969 2
134271 0
149651 0
256788 0
032353 0
065321 0
003843 0
036193 0
023811 0
019667 0
099368 0
003201 0
108596 0
176479 0
051194 0
190520 0
008044 0
103826 0
136348 0
067147 2
237749 0
065242 0
081371 0
164091 0
230879 0
116307 0
288412 0
137937 0
263486 0
089400 0
050859 0
046282 0
190305 0
280795 0
231218 0
276368 0
268932 0
030960 0
035120 0
016676 2
135662 0
164314 0
068213 0
003212 0
198745 0
255204 0
190820 0
147879 0
002822 0
138345 0
193872 0
152435 0
281528 0
030925 0
234993 0
067947 0
070711 0
008448 0
049636 0
287774 0
052900 0
005990 2
030889 1
263560 0
038714 0
066144 0
270542 0
030845 0
041676 0
182558 0
003951 0
101167 0
068255 0
170666 0
006229 0
231026 0
160307 0
268008 0
116776 0
256102 0
003599 1
065688 0
138534 0
109759 0
069270 0
101741 0
019980 0
238888 0
063427 0
262197 0
019885 0
124950 0
241785 0
281677 0
110004 0
281272 0
040599 0
113267 0
260617 0
065494 0
103884 0
157113 0
192572 0
001742 0
256447 0
257276 0
228137 0
020280 0
135443 0
035375 0
266306 0
039736 0
225239 0
006182 1
152292 0
112678 0
179398 0
030980 0
183177 0
269730 0
195590 0
003754 0
226531 0
174890 0
151380 0
006381 0
257905 0
048338 0
058638 0
045196 0
066096 0
220454 0
142407 0
254704 0
030886 0
140697 0
017486 0
202107 0
068095 0
137385 0
041408 0
211592 0
161913 0
121440 0
016451 0
116863 0
137056 0
192617 0
002964 0
265455 0
273804 0
097661 0
003833 0
067154 0
009294 0
075410 0
051068 0
032505 0
068632 0
036449 0
007755 0
270958 0
077668 0
235812 0
067152 0
003584 2
