145072 2
149718 1
139511 2
133893 0
166865 0
129110 0
147702 2
192073 2
177674 2
177735 2
177759 2
145863 2
192069 2
188321 0
139598 0
148977 0
139585 0
152884 2
152890 1
208884 2
152896 1
213033 2
258702 2
177734 0
152504 2
177758 0
150011 2
153966 1
152505 1
153984 2
150027 0
056337 0
213077 0
150019 2
134902 0
191736 2
150029 2
150031 2
129035 0
150037 2
238411 0
150026 2
191737 2
213076 0
156841 0
153674 0
152635 0
270246 0
170362 0
287875 2
131673 0
141772 0
165771 2
152083 0
133169 0
149840 0
123283 0
141496 0
268368 2
268383 2
149841 0
266333 0
152030 2
217679 0
150921 2
267191 1
139763 0
002886 0
163186 2
163155 2
163134 0
151035 0
153100 0
193164 2
195378 0
195404 0
163379 2
178859 0
285262 2
266378 0
253750 0
168530 1
141734 0
168527 2
163131 0
129040 0
285270 2
152075 2
192966 0
156780 0
099728 1
181728 0
227563 0
285273 2
212013 0
267475 0
266375 0
285278 2
150563 2
265185 2
151207 2
151888 0
263670 1
289958 0
251441 0
153060 0
226019 2
155630 0
261223 2
139255 0
133167 0
289329 0
152112 0
153061 0
037176 2
237588 2
164541 0
259343 2
159282 2
197762 0
138892 0
149100 0
131647 0
012325 0
177673 1
272055 0
034925 2
210027 0
142459 0
272064 0
133319 0
253728 0
285272 2
015703 0
035139 2
037318 2
161442 0
037251 2
220568 0
161736 0
259342 0
144292 0
266308 0
166230 0
272091 0
138769 0
242002 0
041935 2
139726 0
238047 0
131565 2
267298 0
122951 0
285269 2
253658 0
155907 1
232631 0
285261 2
236366 0
092785 0
151652 0
034924 2
285277 2
264996 0
100768 2
077911 0
133803 0
100742 2
129674 0
256564 0
093247 0
033039 0
035590 1
152604 0
256706 0
190408 1
287876 0
259221 2
174824 0
266380 0
133368 0
256025 0
156837 0
049376 0
237587 0
164347 0
257311 0
260955 0
083221 0
003084 0
095246 0
241015 0
137325 0
041934 0
132678 0
256592 0
279910 0
162192 0
131656 0
058191 0
256709 0
258910 0
258886 0
144713 0
006693 0
153356 0
153201 0
270198 2
149728 2
266377 0
265666 0
157282 0
058216 0
285200 0
110449 0
161453 0
178093 0
058080 0
267335 0
196680 0
267674 0
187388 0
092786 0
211202 0
142263 0
195550 0
221470 0
258917 0
267974 0
190825 0
058144 1
197365 0
058130 0
034512 0
028338 0
156547 0
043037 1
227203 0
184057 0
268794 0
095189 0
019912 2
157512 0
213570 0
238043 0
133379 0
227204 0
095438 0
133573 0
287386 0
138909 0
085596 0
178095 0
128551 0
250488 0
277942 2
264840 0
133182 0
151676 0
264849 0
033045 0
128385 0
202958 0
244393 0
186645 0
116246 0
277939 1
043080 0
142080 0
256587 0
093289 0
233010 2
242428 0
175460 0
233026 2
126211 0
241317 0
141774 0
169637 0
213686 0
043087 0
043090 0
155222 0
146588 0
256788 0
216738 0
279819 2
232469 0
242442 0
043457 0
227186 0
170307 0
227282 0
235287 2
256759 0
175466 0
013992 0
279824 2
279829 2
235248 2
235250 2
286801 0
235256 2
227437 0
084898 0
131570 0
147414 1
146301 0
128557 0
052469 0
272077 0
266837 2
