193625 1
193621 0
193636 1
193637 1
193638 1
193746 2
078716 0
144269 2
187227 1
186500 0
007261 0
011048 2
151379 2
151304 2
151291 2
016824 0
016859 0
220041 0
178322 0
199395 0
018355 0
220100 0
220487 0
016803 0
183372 2
220060 0
121978 0
178331 0
176986 2
176990 2
176984 2
220103 0
222522 0
176971 2
178332 0
139804 0
178458 0
176981 2
176972 2
172998 0
176980 2
249427 1
152720 2
160565 0
169673 1
169978 0
120808 0
184304 2
173419 0
178464 0
000537 0
184311 2
199430 0
191253 2
169687 2
130846 2
130899 2
176780 2
191481 0
169674 2
130885 2
201558 0
080444 1
113685 0
152851 1
171128 2
152824 1
141194 0
107719 2
152833 1
137916 0
256381 2
199396 0
192796 2
180230 0
220212 1
021587 2
139866 0
231048 0
130847 2
220044 0
011899 2
176686 2
123391 2
176636 2
014139 0
153174 0
177449 2
160074 2
138805 0
066802 2
169979 0
102079 1
130886 2
081232 2
218222 1
130900 2
176649 2
279180 2
289368 2
178513 1
218213 2
260462 0
222775 0
290009 0
288077 0
175367 1
194570 0
160046 2
066524 2
195179 0
182578 0
177196 2
177013 2
285761 0
127090 0
077354 0
099971 0
155338 2
267911 0
102113 1
182908 0
152261 0
071706 1
007401 0
124314 0
290007 0
150013 0
187344 0
220495 0
176678 0
184897 0
102155 1
102115 1
104879 1
157787 0
177070 2
222812 0
184951 0
102027 0
199330 2
099977 0
102074 0
176632 0
267917 0
275698 0
177912 1
067093 2
007938 2
121351 2
152990 0
199391 2
191652 0
201860 1
199294 1
222529 0
146210 0
155187 0
089470 2
181076 0
013067 0
031584 0
067099 0
231942 0
140171 0
173852 1
182485 0
191719 0
100101 0
039138 1
107878 0
202815 0
147731 0
221445 0
009518 0
195028 0
127296 0
218758 0
146216 0
025268 0
166871 0
221504 0
011384 2
140175 0
198348 0
077709 0
000010 0
161091 0
154395 0
140133 0
087185 0
191464 0
030649 0
157820 0
157342 0
288719 0
221523 0
202942 0
037391 0
006838 0
184893 0
173343 2
153365 0
082974 2
221525 0
040272 0
221955 0
118773 0
037384 0
123967 2
002770 0
169987 0
221952 0
230067 0
112426 0
287922 0
280329 0
268470 0
011331 0
174992 0
174739 0
181063 0
044242 0
121979 0
187653 0
280380 0
280150 0
019973 2
232739 0
087216 0
039944 0
193671 0
226869 0
169965 0
148562 0
284148 0
088228 0
146140 0
191490 0
242648 0
242782 0
147353 0
114068 0
273437 0
088183 0
176790 0
154347 0
262631 0
164017 0
255996 0
075042 0
159482 0
174742 0
079770 0
068481 0
288711 0
139406 0
161132 0
220048 0
064875 0
124382 0
221093 0
232780 0
057552 0
173496 0
214885 0
162032 0
225462 0
171828 0
150329 0
009851 0
256628 0
175614 0
167950 0
004570 0
035662 0
013292 0
141570 0
220049 0
124017 0
074770 1
018804 0
259898 0
231262 0
225463 0
010644 0
210816 2
210888 0
114210 0
113126 0
164314 0
156025 0
210842 2
112160 0
112210 1
145689 0
179268 1
012019 0
118774 0
176633 0
210827 2
039959 0
190192 0
071432 0
035664 0
164120 0
201768 0
002444 2
180232 0
035651 0
199423 0
023029 0
125886 0
197451 0
269603 0
125494 0
141758 0
173426 0
036737 0
013161 0
016666 0
255989 0
148241 0
221503 0
191910 0
194958 0
035657 0
144453 0
178101 0
275549 0
015390 0
183313 0
064777 0
221502 0
015692 0
264500 0
157837 1
199339 0
259909 0
286243 0
084094 0
167960 0
004393 0
064470 0
104605 0
007186 0
229473 0
019310 0
288906 0
142319 0
005757 0
191711 0
015637 0
181042 0
117577 0
221447 0
123418 0
164182 0
262596 0
030620 0
226514 0
004328 0
136722 0
193394 0
254006 0
016117 0
128669 0
030613 0
288898 0
260784 0
151952 0
194899 0
146054 0
124770 0
221724 0
042064 0
285984 0
210873 0
087355 0
289828 0
159766 0
141224 0
224435 0
152640 0
243930 0
274151 0
168844 0
148993 0
077219 0
041648 0
083360 0
267815 0
139588 0
228395 0
231045 0
064913 0
161169 0
225390 0
011314 1
146671 0
152641 0
232708 0
060448 0
193397 0
181866 0
152577 0
164425 0
083235 0
187508 0
209843 0
225367 0
150061 0
167607 0
152740 0
225819 0
038750 0
042009 0
086503 0
215314 0
239369 0
287928 0
095967 0
244023 0
220082 0
089267 0
168717 0
267709 0
157343 0
128525 0
026228 0
221736 0
086542 0
130582 0
000620 0
210902 0
194441 0
268934 0
176827 0
157073 0
215246 0
177252 0
257303 0
182189 0
146221 0
288636 0
231266 0
129537 0
147737 0
007842 0
221524 0
179479 2
