151975 1
151970 1
261429 0
227899 1
227906 1
131710 1
019024 1
195548 1
224581 1
039553 0
183526 0
195547 0
001618 1
261319 0
264966 1
264978 1
145961 0
265548 2
265549 2
207589 0
280349 1
272508 0
004286 1
261665 0
278388 0
118117 1
207611 0
101432 1
117670 1
117779 1
286189 0
096690 0
040248 0
272574 0
089061 0
145989 0
131991 1
275814 0
243453 0
000921 1
000862 1
081210 0
228038 1
195546 0
171861 0
196226 1
163710 1
163706 1
002787 1
195549 0
196218 1
069751 1
040622 1
014858 0
102924 1
196390 1
200641 1
200643 1
194990 1
134010 1
134184 1
200642 1
279305 0
134263 1
134292 1
233349 0
195033 1
181986 0
018784 1
269600 1
269597 1
226347 0
195557 0
194911 1
223776 1
181993 0
133846 1
157978 2
152259 1
157982 2
286192 0
008802 1
005771 0
260617 0
179876 0
139313 1
195210 0
008909 1
006944 1
208461 0
154560 1
133844 1
176264 1
179877 0
063480 0
169735 0
195551 0
019044 1
081810 0
120565 1
113554 0
182699 1
150777 0
196549 1
019049 1
134288 0
195901 1
195907 1
125217 1
237246 0
017925 0
182728 1
101233 0
070189 0
197045 0
179915 0
163719 1
182729 1
269357 1
284621 0
182764 1
011914 1
152833 0
130622 1
267006 1
223016 0
269316 1
269317 1
179722 1
272506 0
081760 0
269751 0
153304 1
103362 0
179911 1
278360 0
150616 1
276474 0
000416 0
179912 1
018506 1
111062 0
041596 0
070232 0
006024 0
195816 1
197063 0
267083 1
269683 1
182492 0
182499 0
153072 1
171867 0
269467 1
010435 1
182703 0
153071 1
142411 1
161283 1
151172 1
080312 0
150646 1
236702 1
163705 1
002687 1
261812 0
125215 1
146187 0
103405 0
195805 1
125163 1
011861 1
267082 0
201082 1
153092 1
151152 1
151166 1
195727 1
151186 1
270424 0
179916 0
151085 0
069468 0
096707 0
200973 1
089784 0
168656 1
239854 0
196425 1
016900 0
195736 1
238718 1
195224 0
197801 0
168657 1
195725 1
196411 1
195802 1
195738 1
195829 1
191007 1
195869 1
018304 1
081828 0
128899 1
240218 0
102641 0
244977 0
195814 1
195932 1
195726 1
195971 0
240045 0
263750 0
042713 0
023634 0
195948 1
157503 1
157341 1
255403 0
157433 1
128998 1
081811 0
278005 0
289221 0
234791 1
231252 0
019060 1
234430 1
195728 1
289220 0
189882 0
168597 1
168598 1
190998 1
195737 1
157504 1
276816 0
195739 1
157495 1
195593 0
019724 1
264285 0
254706 0
221922 1
179515 0
133618 1
240236 0
153427 0
195553 0
243139 0
157496 1
203115 0
012256 0
156544 2
182228 0
238726 1
133814 0
157505 1
154544 1
202158 2
089060 1
150013 0
242091 0
195803 1
129602 0
161271 1
011481 1
195939 1
122749 1
153089 1
153581 1
176005 1
086530 0
153582 1
179471 0
196485 1
061100 0
195806 1
211276 1
238231 0
081268 1
195815 1
108531 1
003963 1
172269 0
081318 1
195817 1
182238 0
101776 0
196481 1
196503 1
221910 0
137569 0
281543 0
195830 1
276944 0
195966 0
195870 1
196030 0
156724 0
195933 1
195744 2
255045 0
161164 1
253833 0
189883 0
289230 0
160445 0
129644 0
289357 1
211278 1
019042 1
157943 0
112094 0
155118 0
009518 0
195872 1
195223 0
017471 0
264450 0
086659 0
000034 0
175921 1
132649 1
008643 0
163921 1
019708 1
278398 0
188445 1
172739 0
123889 0
076514 0
157683 0
177036 1
261811 0
180126 1
289264 1
239025 0
146633 1
211329 0
135680 0
140409 0
154147 0
255310 0
254408 1
124970 1
176769 1
253078 1
133845 1
117315 1
288119 0
160905 0
098705 0
046417 0
271648 0
234731 0
277007 1
240233 0
002786 1
117614 1
008658 0
014868 0
136041 1
134983 1
136039 1
276908 1
117429 1
117271 0
163047 0
008511 1
109343 0
177040 1
011905 1
227829 0
154114 0
154697 1
242134 1
269462 1
180125 1
159807 0
255046 1
117316 0
090011 1
180128 1
136878 0
163957 1
253245 1
253246 1
192166 0
255314 0
124686 1
195558 0
254911 0
176770 1
139845 1
155452 1
243295 0
185915 0
012224 0
182326 0
250109 0
271402 0
182045 0
176758 1
124971 1
219906 0
254407 0
124968 1
117616 1
240235 0
193223 0
091206 0
251528 0
134964 1
163938 1
204289 1
125710 0
136037 0
054705 2
134871 0
251057 0
242111 1
288325 0
261180 0
254489 0
182347 0
276369 0
080162 0
006126 0
160906 0
144453 0
176787 1
269472 1
134155 0
134709 0
007207 0
211535 0
016704 0
238727 1
015550 0
163518 0
153435 0
002836 0
125709 0
115372 0
238942 1
255044 0
176819 1
120767 0
187912 0
191824 0
151117 0
128111 1
159624 0
018774 1
185904 0
129454 0
157383 0
019052 1
013603 1
162713 0
185612 1
237346 0
146492 0
054618 1
179724 0
020386 0
179755 0
150981 0
153042 0
240520 0
185887 1
176820 1
242135 1
263623 1
288321 0
204300 1
176831 1
263749 0
256745 0
193146 0
203475 1
269471 1
242084 1
275418 0
158875 0
071597 0
139776 1
242067 1
159042 1
255433 0
049376 0
159114 1
152469 0
020975 1
145722 0
269461 1
269534 1
269554 1
278698 0
139621 0
153048 0
288636 0
239094 0
242110 1
242092 1
141604 0
108698 0
012616 1
253275 0
195550 0
285883 0
269423 1
029013 0
009185 0
159009 0
112093 0
158876 1
199499 1
139550 0
216738 0
159010 1
237717 0
113429 0
208020 0
197131 0
159219 0
124845 1
156463 0
152106 1
271872 1
199411 1
152111 1
097599 0
007566 0
159022 0
243655 1
199097 0
217244 0
176810 0
271971 1
167069 1
195647 0
034512 0
159025 0
197146 0
104770 0
199442 1
159028 0
159031 0
008286 0
118960 1
267347 0
239754 0
035076 1
257055 0
091157 0
195790 0
196441 0
159026 1
239536 0
229282 0
159029 1
020946 1
159023 1
081160 0
221221 1
183932 0
153515 1
159021 0
258602 0
013410 1
221240 1
190091 1
190105 1
131650 0
141139 0
181492 0
161596 0
064195 0
159024 0
185844 0
147481 0
263513 1
124789 1
159020 1
175622 0
271625 0
113209 0
263604 1
131676 0
100958 1
081738 1
135894 0
153577 1
190688 0
251065 0
253540 0
201952 0
269692 1
032422 1
159027 0
020948 1
113284 0
153529 1
144959 0
263622 1
066444 0
118945 1
260196 0
193361 1
178085 0
012992 1
061711 0
258385 1
032430 1
159008 1
278635 1
234051 0
161851 0
242133 1
138661 0
001613 1
238804 0
238940 1
087198 0
153513 1
260048 0
081208 0
031676 1
289135 1
186153 1
258684 1
158874 1
259350 0
186731 0
089615 0
270938 0
142967 1
189915 1
039801 0
156429 1
159030 0
176806 0
079078 0
185796 1
159233 0
241363 0
123161 1
258341 1
065335 0
143096 1
233448 1
265287 0
156034 1
051790 0
233403 1
167578 0
192066 0
271781 0
015474 0
169151 1
147385 1
153157 1
177032 0
069827 1
045339 0
128133 1
130045 1
233913 0
005288 1
153394 1
111757 0
124511 1
147384 1
177083 1
219606 0
012665 1
269578 2
125274 0
240526 0
170274 1
123422 0
253613 0
220176 0
199524 0
153396 1
169172 1
046423 0
269705 1
004093 0
110881 0
053735 0
155555 0
018218 0
081684 1
189891 0
188662 0
259160 0
155853 1
099482 0
132089 0
161280 0
146142 0
152903 0
239409 0
103000 1
153883 0
128475 1
089614 0
071933 0
258700 1
087350 0
189677 0
153168 1
112647 0
198482 0
145908 1
258706 1
168875 0
272019 0
233380 0
226264 0
145651 0
017710 0
268426 0
221238 0
153027 1
243163 0
090619 1
259550 1
156204 1
130560 1
153028 1
170304 1
251068 0
280430 1
185984 1
155556 0
212300 0
090968 1
129974 1
237242 1
125112 0
109294 0
155969 1
285134 0
190792 0
153181 1
123357 1
014462 0
285843 0
179765 0
289368 1
123356 1
176135 0
193293 0
169012 0
137896 0
115217 0
101008 0
146415 0
185320 1
136117 1
233389 0
111772 0
271421 0
273435 0
131203 1
227680 1
153180 1
256522 0
154115 0
081551 1
065601 0
184739 0
133828 0
127738 0
221365 0
172908 1
049314 0
011192 1
119734 1
079594 0
169026 0
156276 1
227794 1
153244 1
015122 0
131417 1
153455 1
251534 0
251069 0
094853 0
230469 0
075844 1
276052 0
079611 0
155198 0
017805 1
085480 0
131858 1
003477 1
131869 1
238728 1
172844 1
184107 0
124862 1
236703 1
019931 0
264381 0
153241 1
176694 1
143378 0
176692 1
077040 1
156283 1
137916 0
143114 1
015506 0
153488 1
155981 1
172841 1
223349 0
233258 0
153158 1
070591 0
068494 0
196363 0
160320 1
091044 0
234048 0
197748 1
259134 0
160294 1
219454 1
078761 0
283102 0
239093 0
278634 1
024217 0
143097 1
013094 0
261742 0
128616 1
176690 1
001480 1
153169 1
190294 0
000408 0
183232 0
059816 0
163145 1
238941 1
178078 0
205935 0
197340 1
173929 0
009517 1
131866 1
197204 0
288077 1
197330 1
035051 1
031560 0
083274 0
177088 0
176382 1
289617 1
121979 0
153307 0
234619 0
161394 0
176120 0
153254 0
136186 1
103763 0
126442 1
117505 0
181918 0
286487 0
238943 0
176808 0
238273 0
276413 0
136118 1
241972 0
166391 0
129654 1
169002 1
206643 0
129616 1
176415 1
176822 1
153466 1
153243 0
130582 0
132641 1
244004 0
268425 0
176689 1
017296 1
161933 1
189675 0
126447 1
242975 0
126482 1
223477 1
014530 0
013183 1
191974 0
100509 1
013938 1
219852 1
013266 1
146218 1
169333 1
156574 2
087348 0
243135 0
007459 1
223348 0
185243 1
070599 0
238719 0
150203 0
129598 1
211961 0
144789 1
127607 1
009885 1
153393 0
148134 0
285882 1
128615 1
115264 0
185798 0
046460 0
169864 0
235881 0
005764 0
223420 1
154129 0
164100 0
110105 1
108199 0
130310 0
208462 0
239523 0
114008 0
128949 0
205704 0
156575 1
042676 0
179764 0
136089 0
169334 1
015152 0
129653 1
178149 0
198936 0
008246 1
231767 1
279937 0
201462 0
127428 0
167842 1
155580 0
123258 0
206653 0
169265 1
147975 0
278898 1
134619 0
137971 1
147495 0
007380 1
289627 1
289654 1
185874 0
195556 0
039597 0
170684 1
080235 0
117508 0
276686 0
192950 0
169924 0
186815 0
189382 0
125141 1
209950 1
032957 0
240729 0
158625 0
154598 0
169925 0
176638 1
167914 1
180220 0
204446 0
288711 0
014061 0
156551 1
265349 0
003605 0
197869 1
123034 0
185799 0
006069 1
197871 1
241978 0
205950 0
016837 0
100420 1
153504 1
237102 0
153395 0
158111 0
223347 0
146182 0
128399 0
083571 0
161395 0
064820 1
128669 0
268470 0
156373 0
067245 0
167915 1
014143 1
178146 0
180255 0
275144 0
238949 0
113635 0
135814 0
112668 0
122735 1
254369 0
290009 0
274151 0
169391 0
241979 0
147350 0
067512 0
068098 1
144806 1
168558 0
016623 0
170410 1
003786 0
076100 1
209387 1
006475 0
101150 0
153010 0
274704 0
177302 0
238946 0
166618 0
064817 1
158554 0
270122 1
239548 2
137972 1
169285 1
126728 0
257989 0
264260 0
087381 0
157783 0
242903 1
123212 0
167149 0
144752 1
090379 0
268346 1
087905 1
272396 0
127407 0
187212 0
215958 0
158033 0
242930 1
113498 0
078558 0
117928 1
004201 1
207600 0
065832 0
066412 0
031980 0
185847 0
126900 1
076014 1
011219 1
180057 0
141961 1
229710 0
238107 0
136327 0
137998 1
060507 0
163790 1
185972 1
137940 1
091042 0
103772 0
178090 0
158638 0
185666 0
065917 0
256452 0
069102 1
068042 1
018142 0
170418 1
162614 0
123202 0
217670 0
270125 1
087885 1
163791 1
036413 0
017858 0
242901 1
008081 0
260388 0
199565 0
018139 0
011766 1
285963 0
070429 0
232048 1
120812 0
115675 0
185665 0
190942 1
180675 0
253278 0
192131 0
167150 0
244003 0
131161 0
166700 0
068097 1
124860 1
087906 1
155696 1
071525 0
003266 1
236319 1
207674 1
258600 0
125041 1
089822 0
161650 0
191834 0
151372 0
001895 0
163077 0
162873 0
185659 0
185846 0
195220 0
224004 0
231904 0
023982 0
001753 0
007704 0
201456 0
127109 0
065897 0
273875 0
131478 1
201458 0
130060 0
236330 1
036144 0
191303 1
181930 0
235992 0
163163 1
156760 1
039712 0
075940 1
053688 1
125192 1
235869 0
193755 0
150310 0
068068 1
186048 1
122835 0
168557 0
153399 1
126281 1
238953 0
169315 0
160269 0
016593 0
181007 0
255747 0
163239 1
183565 0
076275 1
068199 0
131445 1
065896 0
053557 0
163107 1
066453 0
063390 0
280867 0
220910 1
131491 1
121890 0
133326 0
276015 0
269721 0
153406 1
169343 1
169344 1
122837 1
007641 0
288719 0
170372 0
168876 0
071541 0
117971 0
039603 0
267377 0
145277 0
138872 0
253349 0
151252 0
272856 0
126899 1
136337 0
163104 1
170724 1
185800 0
137555 0
182785 0
115230 0
002663 0
231895 0
189194 0
157072 0
180788 1
260191 0
163833 0
181444 0
149929 0
090010 0
207834 0
192125 1
277488 0
190527 1
191062 1
168816 0
021475 1
170172 1
170419 1
246827 0
083577 0
136572 0
004989 0
255615 0
167486 1
100907 0
272615 0
006284 0
182783 0
126292 1
010035 1
148120 0
018629 1
149810 0
153364 0
200057 0
217470 0
004992 0
161302 1
238609 1
128686 1
012231 0
190135 0
166885 0
284641 0
192571 0
176765 0
060505 0
083273 0
179968 0
131538 1
169329 1
166414 0
149787 0
126894 1
195552 0
167490 1
157387 0
182777 0
242905 1
181392 0
181902 0
239744 1
012612 1
169330 1
186645 0
001737 0
272455 0
128693 1
121857 0
137324 0
083295 0
153828 0
138286 0
108498 0
239059 1
199699 0
193359 0
194945 0
163414 0
232416 0
241950 0
239089 1
190302 0
277326 0
002563 0
054298 1
170171 1
128717 0
088987 1
284616 0
136773 0
200331 0
188663 0
170725 1
102275 1
169488 1
189381 0
170341 1
126888 1
170173 1
112318 0
253282 0
109293 0
259549 0
164948 0
052861 0
162377 0
115521 0
210559 1
044550 0
216153 0
169485 1
185797 0
205983 0
207688 0
284620 0
016897 0
118975 0
083262 0
148296 1
029472 0
247289 0
033205 0
181106 0
169492 1
161268 1
177332 0
126986 1
273911 0
054462 1
017727 0
089472 1
127130 1
169131 2
167491 1
018022 0
196453 0
190565 1
141987 1
148718 0
125195 1
006034 0
000952 0
128800 0
125196 1
255850 1
267094 0
009122 0
129013 0
276770 0
110133 0
211729 0
169132 2
230894 0
161392 0
215009 0
185663 0
018609 0
202030 0
283689 0
169493 1
190304 0
290007 0
057176 0
270306 0
150662 0
183742 0
196370 1
108768 0
109299 0
269553 0
068272 0
114964 0
089720 0
029398 0
284943 0
284639 0
278263 0
180674 0
272040 0
004186 0
002292 1
019948 0
239496 1
169355 0
278742 1
161349 0
171850 0
111802 0
025280 0
157840 0
273165 0
238996 0
012613 1
191825 0
180459 0
009579 0
018585 0
152908 1
123010 1
167126 0
181748 0
153547 1
199563 0
169611 0
006145 0
014666 1
127504 0
170342 1
117165 0
238808 0
242115 0
276527 0
128714 0
242904 0
185848 0
000031 1
075462 0
066443 2
083291 0
111569 0
210967 1
211219 1
009485 0
109954 0
141646 1
169494 1
169049 1
226269 0
185845 0
216531 0
014213 0
008280 1
170175 0
273266 0
008900 0
160503 0
185981 1
170473 1
192165 0
191799 0
036647 0
238843 0
199658 0
168931 0
126917 1
254796 0
161654 0
126890 1
170340 1
142068 1
123163 0
017558 0
252165 0
190683 1
115237 0
149807 0
014013 0
112797 0
191227 1
076227 0
162549 0
239746 1
088936 1
123037 0
255824 1
228044 0
065918 0
146148 0
232794 0
170398 1
100923 0
260784 0
116316 0
116797 1
170375 1
182778 0
167883 0
157399 0
148598 0
273261 0
127028 1
052848 0
098022 0
258705 0
145669 0
116991 1
033104 0
150566 0
197807 0
169376 0
132230 0
209289 0
183722 0
134268 0
256182 0
115840 0
063387 0
068278 0
228416 0
251872 1
081291 0
238824 1
130002 0
252163 0
158455 0
278794 1
018174 1
136119 0
265608 0
013738 0
163213 1
181708 0
188673 0
155125 0
124653 0
221342 0
221826 0
255914 1
267391 0
142097 1
251813 1
164555 0
163141 1
223106 0
171922 1
170399 1
170463 1
256298 0
175589 0
242902 0
186059 0
266403 0
056531 0
112699 0
012831 0
180150 0
255941 1
133199 0
065220 1
242942 0
266688 0
108609 0
153176 0
018485 0
267170 0
039580 0
094092 0
178388 0
262474 0
164470 1
137391 0
178077 0
229215 0
171670 1
278562 0
253285 0
018661 0
256552 0
184941 0
252380 0
026457 0
079002 0
111254 0
017198 0
113275 0
266239 0
187506 0
167929 0
244757 0
171852 0
254422 0
287578 0
090380 0
112809 0
136769 0
002672 0
170685 1
235813 0
156155 1
170686 1
123517 0
034052 0
266242 0
223015 0
097918 0
101844 0
186062 0
191976 1
140126 0
087355 0
123164 0
253160 0
140332 0
069816 1
277170 0
124690 1
098724 0
065211 1
196693 0
110108 0
170474 1
064461 0
272715 0
181170 0
167448 0
167930 0
119209 0
238361 0
238954 0
231269 0
128981 1
102989 1
259352 0
125621 0
166907 0
169375 0
156941 1
277689 0
156170 1
071620 0
285907 0
244760 0
091513 0
200501 0
240192 0
133322 0
154719 0
010743 0
146996 1
162505 0
261966 0
017737 0
231537 0
136846 0
283069 0
211900 0
186072 0
156917 1
068096 0
069602 1
170462 0
000653 0
125202 0
104714 0
259359 0
155281 0
212299 0
164887 0
123564 0
154138 0
192134 1
149980 0
244005 0
035519 0
255913 0
185013 0
102775 1
272775 0
133282 0
238969 0
044655 0
177214 0
242941 0
147353 0
191972 1
039759 0
156171 1
116157 0
261936 0
281950 0
281135 0
258699 0
144924 0
199458 1
280119 0
191975 1
191836 1
113291 0
234592 0
164782 0
239024 0
167079 0
168333 0
126591 0
158200 1
216251 0
167080 0
242637 0
157440 0
022759 0
019394 0
281195 0
070644 1
133196 0
110498 0
161550 0
256951 0
115053 0
155290 0
124087 0
244947 0
065277 1
111152 0
158207 1
199482 1
050925 0
255757 1
128591 0
266518 0
192126 1
060493 0
015694 0
129093 0
193843 1
009917 0
235267 0
070851 0
157645 0
238850 0
011435 0
242943 0
230796 0
243973 0
128991 0
207622 0
131029 0
186073 0
181844 0
117542 0
167460 0
193844 0
277169 0
178214 0
089977 0
104024 0
278117 0
140623 0
210692 0
037090 0
134110 0
252146 1
181105 0
231126 0
138537 0
083240 0
259548 0
131934 0
018323 0
210289 0
194306 0
158137 0
199502 1
002441 0
050890 0
156462 0
275973 0
199483 1
162517 0
036319 0
199558 1
181651 0
221819 0
160319 0
192991 0
083213 0
178406 0
186115 0
228051 0
147374 0
091687 1
276368 0
167461 0
009666 0
281182 0
157425 1
121951 0
171394 0
194537 0
193213 0
155132 0
038148 0
168804 1
231684 0
231660 1
200471 0
263514 0
108040 0
122929 0
200654 0
116068 0
172869 0
091688 0
085843 1
262539 0
034293 0
066079 0
064451 0
144912 0
243893 0
111771 0
236813 0
003754 0
170471 0
165404 0
083242 0
017582 1
259451 0
288971 0
187710 0
260818 0
278181 0
006785 0
157452 0
278991 0
284813 0
276728 0
191898 0
231278 1
018321 1
103817 1
163902 1
242364 0
192065 0
098203 0
024719 0
235918 0
140801 0
157426 1
070670 1
067709 0
110066 0
007358 0
069015 0
140607 1
262395 0
196373 0
259580 0
200486 0
242113 0
184615 1
166650 0
155534 0
126797 1
159095 0
159237 0
220399 0
258407 0
112253 1
104698 0
208414 0
066541 1
065587 0
029743 0
160688 0
164944 2
140608 1
208678 0
186886 0
139303 0
193550 1
272109 0
202663 0
165409 0
083266 0
040344 0
065733 0
201306 0
050115 0
255940 0
025715 0
103602 0
156369 0
025466 1
164878 0
181276 0
214740 0
289659 0
172372 0
169073 1
141189 0
185850 0
213290 0
185661 1
164713 0
110671 0
133893 0
143788 0
265000 0
164160 0
081214 0
146461 0
087354 0
129703 0
164802 1
153097 0
040730 0
000618 1
265829 0
065728 0
164142 0
120465 0
164761 1
122027 0
074794 0
079964 0
123462 0
170293 0
191572 1
013747 1
155122 0
134309 0
233256 0
231662 1
223821 0
181042 0
195749 0
122921 0
181171 0
071617 0
138540 1
163472 0
187631 0
070745 1
071492 1
197499 0
170472 0
278355 0
112927 0
254820 0
202052 0
243950 0
199294 0
202902 1
258272 0
196691 0
097541 0
005983 0
268952 0
231658 2
126680 0
147075 0
082702 0
238103 1
253800 0
185855 1
242946 0
069093 0
191570 1
063147 0
232804 0
283686 0
006981 0
166649 0
001727 0
185629 0
180895 0
146238 0
150869 0
074780 0
178394 0
265666 0
012822 0
230774 0
129295 0
223013 0
069700 1
220153 0
264412 0
141752 0
103843 1
249577 0
128498 0
238093 1
095895 0
205714 0
152824 0
256157 0
217014 0
287579 0
191565 1
243675 0
238968 1
164126 1
126777 1
195309 0
225924 1
177043 0
000651 0
276987 0
178270 1
193845 0
181110 0
241425 0
247293 0
257850 0
129283 0
217290 0
104665 1
266298 0
225923 1
031904 0
169123 1
258064 0
103918 1
013947 0
030505 1
071467 0
125188 0
260931 0
165949 0
102873 1
095138 0
184500 0
281777 1
240286 1
238089 1
185880 1
286551 1
169286 0
002573 0
110509 0
117868 0
205975 0
190738 0
285050 1
137898 0
155483 0
243645 0
104640 0
238108 1
184616 1
169074 1
071530 0
176934 1
156333 0
170012 1
098928 0
002044 0
254704 0
268164 0
234594 0
126407 1
134013 0
233767 1
187504 1
179696 1
143886 0
229918 1
171373 1
240291 1
187493 1
007178 0
142632 0
173136 0
171374 1
071328 0
265769 0
064618 0
157346 0
011496 0
118602 0
159995 0
143905 0
061333 0
065198 0
275915 0
123141 0
203169 0
071446 0
267161 0
196698 0
050122 0
185000 0
265620 0
195889 0
257505 0
240334 0
143902 0
260331 0
215468 0
171375 1
006896 0
104703 0
157898 0
184431 0
260273 0
081745 0
137919 0
260186 0
070522 0
268247 0
013665 0
178462 0
063835 1
284663 0
119963 0
190903 2
079327 0
115147 0
236335 0
023732 0
167167 0
091158 0
013583 0
196696 0
119358 0
032949 0
019911 0
128391 0
233728 1
170793 0
165256 1
132502 1
048249 0
108597 0
121134 0
114323 0
165254 1
170394 0
103695 0
177035 0
092131 0
163486 0
220881 0
159256 0
170582 0
104619 0
167371 0
167560 0
063425 1
157605 0
178591 1
158325 0
127340 0
053111 0
275094 0
178625 1
234110 0
133281 0
274705 0
227283 0
076420 0
271549 0
064834 0
231642 0
245019 0
179864 0
186866 0
167168 0
061379 1
231685 0
012913 0
035479 1
148518 0
016395 0
157411 0
047416 0
258186 0
218204 0
029324 0
240317 1
194372 0
024716 0
010527 0
162369 0
082123 1
110739 1
133833 1
124492 1
265933 0
147330 0
071485 0
026908 0
156697 0
236671 0
071219 0
084364 0
240105 0
268293 0
190965 1
099926 0
240290 1
234620 1
274526 0
042420 0
071479 0
194088 0
186106 0
006128 0
233768 1
228064 0
229950 1
257595 0
170817 0
166007 0
025423 1
107737 0
223686 0
007705 0
252398 0
280864 0
203160 0
165599 0
052331 0
097142 0
260715 0
130558 0
129044 0
128815 0
142971 0
079720 1
193884 1
109120 0
254814 0
032717 0
061381 1
263058 0
257953 1
158122 1
199430 0
109407 0
167372 0
261898 0
102191 0
104658 0
018967 0
186727 0
124987 1
104652 0
078326 1
196801 0
182341 0
178651 1
209881 0
139575 0
129625 0
238585 0
089729 0
273409 0
240300 1
068949 0
006936 0
117621 0
026446 0
195555 0
002577 0
165264 0
170073 0
227896 0
158283 1
180237 0
250279 0
071463 0
081189 0
178586 1
194309 0
125005 1
149984 0
242258 1
265499 0
136360 0
278650 0
124510 1
108598 0
162507 0
284442 1
264965 0
002369 1
260309 0
231723 0
122263 0
133837 1
122034 0
027377 0
240318 1
009262 0
001449 1
124522 0
035482 0
079728 1
153055 0
257964 1
092156 0
267602 0
210933 1
222886 0
191706 0
167161 0
002609 0
104636 0
017673 0
225112 0
078254 1
240177 0
260303 0
257447 1
177201 0
272457 0
122249 0
026347 0
216221 0
160899 1
013185 0
029969 0
281143 0
234617 0
005887 0
180649 0
116515 2
244502 0
110823 1
177753 0
027092 1
210705 0
015035 0
276147 0
060302 2
281149 0
116960 1
038196 0
257378 1
201958 0
001377 0
020202 0
188260 0
117987 0
109493 0
241505 0
229269 0
226023 0
166892 0
189718 0
082952 0
111425 1
058339 0
256527 0
071531 0
209283 0
081117 0
112673 0
242357 0
236349 0
132521 1
159413 0
274036 0
131386 0
163514 1
127224 0
035690 1
281634 0
068343 1
252400 0
068310 1
033352 1
205273 0
194159 0
157706 0
220973 0
102211 0
130059 0
189708 0
007261 0
133787 2
188320 1
169300 0
001061 0
111251 0
021533 0
012540 0
133799 1
263875 0
158282 0
136698 0
128894 0
259353 0
162746 0
185304 0
148988 0
163495 1
146058 0
117945 0
276877 0
114435 0
269603 0
199260 0
108060 0
263393 0
132534 1
157506 0
289433 0
273102 0
053395 0
096341 0
007788 0
169760 1
109144 0
157822 0
191096 0
259832 0
033344 1
020974 1
212718 0
166774 0
169761 1
165266 0
282854 0
205553 1
139526 0
199423 0
164212 0
165726 0
259115 1
193896 1
033275 1
270927 1
193418 0
158121 0
086833 0
162125 0
129063 0
269769 0
278651 0
026641 0
252440 0
261176 0
014200 1
050408 0
090041 0
195257 0
160390 0
133112 0
259135 1
161869 0
266075 0
259357 0
182188 0
148993 0
269027 0
046420 0
268466 0
068674 0
281645 0
050398 0
129012 0
110752 1
064412 0
210936 1
111393 1
177610 0
070304 1
109396 0
011331 0
111299 1
225095 0
181014 1
127399 0
259982 0
019392 0
261994 0
046422 0
170219 0
288970 0
100189 0
131525 0
103477 1
155126 0
158286 0
043715 0
169377 0
019766 1
104793 0
238570 0
260047 1
193883 1
261321 0
156704 0
252033 0
218879 0
180638 0
091222 0
219138 0
104704 0
195835 0
111323 1
035723 1
266088 0
183133 0
164810 0
281098 0
118024 0
207243 0
082935 0
206401 0
075778 0
170503 0
259139 1
176113 0
170187 0
162442 0
009842 0
204531 0
121215 0
193879 1
038210 0
227783 0
100831 0
259162 1
161799 0
278136 0
172213 0
181021 0
185513 0
162413 0
244745 0
110848 1
017434 0
015508 0
002859 1
285962 0
016672 0
259457 0
026850 0
157549 0
187237 0
160458 0
020945 1
148537 0
282805 0
224000 0
111024 1
111471 1
108139 0
060833 0
021330 0
279260 0
259175 1
203175 0
240158 0
162088 0
269264 0
229279 0
110757 1
214824 0
111476 1
259180 1
275755 0
129442 0
089830 0
098137 0
080474 0
163637 1
063850 1
277906 0
001466 1
110941 1
164151 0
064680 0
145670 0
231374 0
067256 0
232908 0
111635 1
186477 0
108549 0
185080 0
254396 0
181090 0
148339 0
157646 0
000482 0
111473 1
166651 0
157324 0
202073 0
021953 0
170588 0
157948 0
067834 0
169161 0
110756 0
018531 0
004820 0
111631 1
110734 1
144899 0
225460 0
158921 1
179271 0
126508 0
273437 0
275681 0
015651 0
080471 0
111478 0
273080 0
169137 0
079568 0
170552 0
159334 0
128881 0
270844 0
237785 0
180197 0
159039 1
108242 0
274532 0
251333 0
001598 0
111029 1
175716 0
162943 0
070203 0
164704 1
264137 0
111642 1
189914 0
035725 1
264824 0
111401 1
028430 0
016480 0
202760 0
257969 0
195595 0
018838 0
152134 0
251288 0
070853 0
099777 0
000635 1
130988 0
132671 0
042323 0
101664 0
164703 0
111047 1
238250 0
169676 1
131774 0
035722 1
177853 0
166787 0
017728 0
221461 0
103376 0
197969 0
035726 1
110951 1
199509 0
257978 0
030835 0
272753 0
011643 0
111634 1
034379 0
111238 0
027596 0
276886 0
082916 0
104790 0
252086 0
037116 0
139219 0
264444 0
067454 0
087372 0
213133 0
143978 0
082908 0
111647 1
164167 1
070966 0
127208 0
239378 0
235584 0
187020 0
253987 0
154673 0
076770 1
080168 0
231536 0
215601 0
035703 1
193732 1
264242 0
242013 0
098957 1
203172 0
098191 0
111860 0
225392 0
180259 0
229849 0
248607 0
092228 0
110554 0
158944 1
165643 0
180364 0
188257 0
244979 0
175989 0
170932 0
231430 0
050801 1
276792 0
016711 0
219783 0
050824 1
185689 0
158976 0
140938 0
196180 0
017427 0
074624 0
109964 0
039265 0
104139 0
015745 1
098099 1
129003 0
230929 0
239395 0
220161 0
265767 0
027753 0
180198 0
111398 0
099021 0
278469 0
176414 0
110822 1
015645 0
071002 0
153869 0
142336 0
243268 0
111214 0
118071 0
170583 0
226171 0
175685 1
133731 0
203670 0
081184 0
110984 0
260346 0
080051 0
213230 0
212076 0
289110 0
172262 0
266530 0
030428 0
193832 1
118124 0
261609 0
151587 0
238098 0
230770 0
170571 0
251618 0
160718 0
110986 0
111240 0
091908 0
037739 0
021444 0
259636 0
156252 0
091666 0
042422 0
231502 0
032176 0
193983 1
220833 0
259174 0
218000 0
087424 1
011855 1
121739 0
076392 1
183228 0
266350 0
063851 1
193433 0
213580 0
131052 0
218870 0
098149 1
002800 0
240122 0
244909 0
035693 1
180461 0
111415 0
182155 0
122087 0
020739 1
063855 1
008023 0
044645 0
202344 1
006335 1
100193 1
050333 0
058158 0
187244 0
190389 0
178352 0
175483 0
111239 0
147034 0
080201 0
133523 0
186963 0
020732 1
034583 0
172670 0
031355 0
176381 0
154464 0
159765 1
181145 0
110783 1
256091 1
232423 0
195345 0
178239 0
239801 1
225079 0
261495 0
076662 0
019786 0
166445 0
269591 0
104026 0
179735 0
236162 0
219886 1
147338 0
131159 0
256218 0
012325 0
034453 0
122219 0
117233 0
034696 0
260713 0
249530 0
110052 0
177605 0
185889 0
111075 0
111289 1
001242 0
239926 1
170389 0
259837 0
116375 0
182265 0
187502 0
258626 0
266576 0
179763 0
111417 0
225113 0
092091 0
014531 0
116414 0
154722 0
001650 0
111000 0
036972 0
178275 0
016618 1
011462 0
100136 0
067880 0
249956 0
011128 0
198983 0
279083 0
045308 0
013005 0
116946 0
037261 0
250574 0
119002 0
188035 0
148070 1
108142 0
272779 0
195833 0
095143 0
034586 0
266243 0
259882 0
191216 0
151350 0
231390 0
280488 0
170390 0
209817 0
003843 0
097093 0
259120 0
197144 1
146881 0
085205 1
160648 0
167366 0
002470 0
193997 1
111003 0
260711 0
118944 0
183676 0
260358 0
261466 0
175757 0
222826 0
018595 0
037108 0
089346 0
058530 0
111043 0
231257 0
149930 0
172998 0
014477 0
074739 0
136739 0
256823 1
178108 0
071688 1
160511 0
114004 0
271642 0
030916 0
275080 0
239339 0
233165 0
010641 0
128763 0
271655 0
254284 0
016586 1
018134 0
275559 0
067891 0
131751 0
158074 0
079454 0
025097 0
167312 0
192600 0
232831 0
058588 0
113038 0
017473 0
034502 0
218503 0
123454 0
133116 0
142323 0
194499 0
233750 0
157363 0
206166 0
175770 1
002394 0
142744 0
161551 0
231110 0
018228 0
059669 0
122083 0
165644 0
213661 0
208768 0
159599 0
014177 0
037247 0
131897 0
018450 0
181705 0
148809 0
043633 0
182896 1
202084 0
011744 0
118164 0
117579 0
238084 0
067209 0
036196 0
162100 0
234322 0
181436 0
280011 0
034699 0
099369 0
129006 0
054587 0
025854 0
204312 0
017760 0
112677 0
176702 0
180882 0
263555 0
256831 1
129028 1
239431 0
153354 0
194202 0
193266 0
241517 0
193448 0
178690 0
039349 0
032927 0
250426 0
123850 0
232163 0
048412 0
111281 0
219691 0
217188 0
237096 0
190842 1
262601 0
032910 0
240106 1
117425 0
114423 0
242128 0
243822 0
264823 1
076393 1
162000 0
012282 0
069164 0
218207 0
264960 1
001871 0
057559 0
045368 0
162687 1
071154 0
260820 0
111320 0
149297 0
289346 0
038220 0
162516 0
132454 0
240178 1
219892 1
225621 0
104861 1
034871 0
194732 0
015346 0
028115 0
157763 0
189676 0
004882 0
034663 0
260821 0
149979 0
272939 0
006507 0
068449 0
280647 0
235384 0
176365 0
271657 0
157604 0
170317 0
260868 0
157765 0
154794 0
090668 0
080223 0
259624 0
124972 0
279398 0
159357 0
157475 0
131992 0
045558 0
000235 0
080107 0
110000 0
006740 0
156679 0
175617 0
238798 0
226354 0
124814 0
257291 0
163998 0
262401 0
009360 0
028125 0
166977 0
004118 0
124570 0
037110 0
079984 0
225459 0
016832 0
238354 0
080269 0
001908 0
235708 0
261465 0
170376 0
170395 0
126272 1
240193 1
256324 0
148830 0
265225 0
203023 0
248670 0
055954 0
252484 0
259981 0
028336 0
226419 0
016460 0
170447 0
077090 0
262716 0
133850 1
239803 0
027740 0
280577 0
076345 1
237676 0
269335 0
261772 0
086178 0
080973 0
070882 0
112948 0
112637 0
047636 0
149081 0
157800 0
278133 0
259125 1
087179 0
109215 0
193285 0
016455 0
282209 0
168330 0
181732 0
257615 0
133200 0
285100 0
076228 1
000170 0
115729 0
278027 0
097180 0
184620 0
186281 0
150778 0
197129 1
084782 0
132087 0
274661 0
258579 0
149896 0
194080 1
262631 0
275625 0
183332 0
129785 1
278025 0
262853 0
183224 0
219907 1
154195 0
090381 0
004929 1
219455 1
014876 0
158195 0
190133 0
180886 0
017437 0
036049 0
121208 0
180058 0
034595 0
002498 0
157606 0
183142 0
111137 0
216932 0
079982 0
222934 0
058140 0
184786 0
199391 0
186814 0
042663 0
117793 0
166978 0
255767 1
090547 0
004766 0
108280 0
235713 0
199395 0
010370 1
233466 0
007742 0
193206 0
233561 0
177284 0
080057 0
082068 0
000537 0
202797 0
178234 0
239928 0
117786 0
157607 0
188478 0
008188 0
282720 0
279296 0
068129 0
240108 0
098930 0
240180 0
220056 0
130780 0
104326 0
187639 0
289785 0
009332 0
167038 0
094107 0
114588 1
272390 0
220529 0
110107 0
001068 0
255109 0
280750 0
115208 0
197429 0
258274 0
267809 0
115107 0
114563 1
169364 0
136001 0
198881 0
197256 0
199978 0
111356 0
169171 0
149307 0
138445 0
156713 0
180647 0
199191 0
193211 0
280778 0
004537 0
079376 0
255129 0
114589 1
005784 0
232910 0
037741 0
181804 0
122253 0
149178 0
240195 0
011252 1
003794 0
047544 0
180880 0
129032 2
010918 0
089866 0
139206 0
190440 0
074574 1
100075 0
110988 0
149298 0
236323 0
034429 0
201999 0
014196 1
223970 0
064196 0
112698 0
245875 0
099635 0
155622 0
060853 0
001712 0
059717 0
116932 0
153839 0
142652 0
161850 0
197530 0
007718 1
181022 0
160719 0
114593 1
040661 1
177871 1
255790 1
276311 0
283098 0
246291 0
011048 0
285426 0
279079 0
135148 0
155539 1
115774 0
161925 0
063105 0
079963 0
255879 1
179238 0
070961 0
230100 0
146951 0
271647 0
062235 0
187702 0
046421 0
015884 0
251718 0
065990 0
081146 1
120559 0
140116 0
285388 0
109156 0
260616 0
119285 1
166197 0
009889 0
097822 0
199259 0
036414 0
129059 0
199264 0
048321 1
021376 0
239679 0
197649 0
108156 0
158702 0
112478 0
009740 0
025148 0
116943 0
173134 0
133728 0
180550 0
082074 0
228037 0
206188 0
230226 0
239802 0
238363 0
036097 0
111363 0
201964 0
071410 0
130559 0
065756 0
272854 0
217651 0
241340 0
175588 1
049507 0
048293 1
277909 0
167513 0
270490 0
147501 0
180594 0
102266 0
125959 0
211167 0
249841 0
155540 1
123583 1
127100 0
090632 0
142316 0
049427 0
199274 0
092047 0
054291 0
123573 1
205007 0
039593 0
015537 0
134242 0
288761 0
199027 0
040632 0
122874 1
186240 0
154773 0
197303 1
127382 1
192856 0
257847 0
125011 0
092090 0
284045 0
199207 0
149277 0
107769 0
269951 0
219274 0
188270 0
050051 0
115528 0
063331 0
271522 0
009778 0
240006 0
160692 0
168151 0
008825 0
286514 1
169358 1
260271 0
124002 0
275182 1
070788 0
047513 0
158400 0
017057 0
014842 1
255808 1
237249 0
079115 0
002699 0
286794 1
269722 0
089208 0
286296 0
081336 1
121152 1
002304 1
189656 0
224205 0
256188 0
111082 0
243162 0
127034 0
216053 0
114020 0
280090 0
152712 0
233190 0
243470 0
273700 0
116707 0
178393 0
180929 0
044508 0
206365 0
160178 0
286008 0
286836 1
160827 1
263846 0
187987 0
257931 0
141123 0
188954 0
117073 0
104134 0
196656 0
127471 1
133289 0
286815 1
229678 0
191819 0
256442 0
131048 0
018123 1
013059 0
264104 0
261771 0
030145 0
113824 0
178402 0
109477 0
050095 0
161652 0
199184 0
234970 0
286502 1
002559 0
043609 0
170450 0
187026 0
164888 0
181664 0
269509 0
220425 0
017083 0
253176 0
195554 0
287670 1
034868 0
256579 0
126535 0
118262 0
152900 0
152858 0
257644 0
170636 0
275269 1
176022 0
261184 0
154797 0
188649 0
127472 1
197066 1
179771 0
262867 0
116469 0
233488 0
147465 0
126875 1
033747 1
109360 0
163928 0
071557 0
144513 0
195341 0
180315 0
188366 0
169359 1
164379 0
268879 0
074828 1
276915 0
061219 0
116818 0
023202 0
111813 0
180815 0
116919 0
121135 0
062603 0
180176 0
018578 1
186243 0
065685 0
060297 0
070964 0
068747 0
229862 0
024157 0
281857 0
162504 0
091596 0
070439 0
287677 1
224939 0
290081 0
233203 0
220178 0
034447 0
012037 0
274493 0
244736 0
179232 0
193890 0
255647 0
030390 0
107776 0
037253 0
104137 0
157980 0
030141 0
028497 0
175791 0
065973 0
148881 0
112727 0
195834 0
061375 0
144197 0
153856 0
129027 1
155921 0
095213 0
013670 1
170239 0
109124 0
261991 0
069621 0
233172 0
281137 0
061710 0
187129 0
276365 0
127388 0
029341 0
001679 0
001842 0
011921 0
032540 0
146093 0
029482 0
111173 0
259179 0
209345 0
184132 0
040521 0
086771 0
185768 0
162949 0
287892 1
016629 1
063183 0
265804 0
153889 0
099687 0
182789 0
203174 0
016354 0
025862 0
132895 0
235419 0
223386 0
123489 0
280557 0
141958 0
174703 0
081359 1
257448 0
050788 0
197067 1
076113 1
122810 0
182765 0
127657 0
034606 0
149210 0
015323 0
272983 0
158789 0
117009 0
157547 0
059735 0
201489 0
023980 0
001803 0
193534 0
163668 0
174457 0
001535 0
011002 0
200220 0
066983 0
261938 0
275567 0
122060 0
034406 0
011986 1
130174 0
259429 0
113555 0
211948 0
054320 0
244587 0
010467 0
258100 0
097875 0
286711 0
181932 0
256295 0
013530 0
195344 0
060646 0
275611 0
180875 0
242962 0
182711 0
075722 0
156850 0
197016 0
108248 0
276916 0
095896 0
110820 0
080537 0
160868 1
191677 0
238351 0
275419 1
253620 0
267709 0
272460 0
276733 0
016620 0
013303 0
203947 0
180055 0
196727 0
262596 0
168346 0
128525 0
095324 0
221419 0
229765 0
045900 0
229250 0
229135 0
181916 0
183051 0
183935 0
238924 0
007424 0
097989 0
165112 0
199998 0
200030 0
183965 0
202649 2
182560 0
129294 0
239927 0
077070 0
155297 0
216977 0
202975 1
206084 0
000568 0
199289 0
221810 0
194999 0
000025 0
130929 1
035528 0
265897 0
235917 0
063106 0
146790 0
148220 0
122877 1
071412 0
135264 0
023156 0
217868 0
098150 0
158236 0
233911 0
286721 0
034385 0
259676 0
286638 0
130789 0
233900 0
150414 0
115697 0
022602 0
107819 0
128116 0
002499 0
188424 0
190634 0
119446 0
037696 0
272302 0
113269 0
158399 0
266692 0
184832 0
260998 0
139676 0
107875 0
076888 0
257797 0
169365 0
169027 0
169138 0
128121 0
020698 0
116910 0
233228 0
217415 0
234362 0
099379 0
286639 0
182719 0
170637 0
134617 0
281167 1
115331 0
011991 0
095421 0
202472 0
165519 0
007842 0
079660 0
181509 0
057110 0
233646 0
002704 0
179270 0
267820 0
165741 0
070779 0
000321 0
286712 0
183723 0
138323 0
126289 0
137484 0
059720 0
163602 0
071156 0
104329 0
037060 0
270333 0
165727 0
194322 0
001882 0
176449 0
036152 0
071806 0
162768 0
206520 0
176018 0
091419 0
266489 0
196634 0
242301 0
000163 0
207387 0
158019 0
194534 0
186058 0
289935 0
016098 0
126350 0
000269 0
288774 0
098914 0
265760 0
194905 0
175975 0
001637 0
110588 0
157767 0
124359 0
134748 0
002385 0
050903 0
286726 0
179984 0
110001 0
025540 0
264590 0
045967 0
112688 0
215287 0
176990 0
184625 0
177498 0
266527 0
017321 0
220948 0
168152 0
000376 0
157726 0
017791 0
058156 0
107904 0
216167 0
067840 0
087387 0
009985 0
036463 0
280474 0
183449 0
283779 0
064372 0
259426 0
227897 0
154785 0
090344 0
214024 0
113364 0
014501 0
232212 1
168692 0
254370 0
157608 0
194366 0
125947 0
086181 0
097717 0
130370 0
149290 0
166132 0
235237 0
259622 0
180362 0
219722 0
233511 0
266520 0
024339 0
096637 0
190096 0
109563 0
015877 0
060398 0
173105 0
018779 0
234082 0
154651 0
221616 0
122174 0
268141 0
129038 0
158515 0
259161 0
108684 0
136428 1
100725 0
016729 0
167446 0
114262 0
016532 0
014535 0
198894 0
081773 0
266426 0
283138 0
122951 0
202739 0
285083 0
128798 0
270816 0
208996 0
014944 0
251533 0
260101 0
255854 0
227664 0
225072 0
228857 0
140326 0
129568 0
198975 0
236168 0
259637 0
082561 0
043716 0
082195 0
281145 0
224814 0
161239 0
158073 0
256799 0
154782 0
012260 0
249773 0
258729 0
192216 0
138858 1
016803 0
204168 1
121466 0
157799 0
005595 0
229129 0
174920 0
269311 0
177548 0
278718 0
185148 0
286722 0
139217 0
077760 0
260036 0
155291 0
209911 0
110412 1
195581 0
240107 0
006329 0
149881 0
006473 0
071508 0
084602 0
286727 0
158022 0
069367 1
257210 0
062592 0
157034 0
011971 0
038175 0
193190 0
238921 0
157073 0
130961 1
155917 0
200515 0
108240 0
059467 0
100163 0
236716 0
123772 0
148197 1
183571 0
096755 0
169440 0
202976 1
125854 0
279414 0
140393 0
181006 0
085345 0
009741 0
117065 0
005638 0
240335 0
283640 0
108219 0
225562 0
131572 0
232246 1
258561 0
123843 0
255753 0
013741 0
289172 0
139361 1
115047 0
095922 0
259533 0
082468 1
202065 0
286795 0
284505 0
241369 0
158320 0
108216 0
211021 0
162443 0
167879 0
100866 0
155601 0
256589 0
056009 0
109985 0
193209 1
158024 0
074625 0
026898 0
022499 0
094605 0
208923 0
193212 1
229437 1
093785 0
285087 0
016823 0
248249 0
136438 1
201305 0
095589 0
275483 0
277012 0
034159 0
034384 0
175924 0
175920 0
253591 0
231408 0
097624 0
203116 1
210422 1
137479 0
281580 0
228008 0
160755 0
091607 0
160293 0
160472 1
211782 0
283639 0
141886 0
090162 0
263435 0
132283 0
170568 0
217083 0
283359 0
268095 0
179267 0
171873 0
018075 0
196638 0
108349 0
252493 0
188785 0
188267 0
144228 0
183817 0
077186 0
261879 0
281698 0
242279 0
152995 0
134828 0
075291 0
137986 0
262747 1
199553 0
158208 0
178024 0
020468 0
080542 0
189698 0
009800 0
109086 1
036294 0
211561 0
182594 0
048010 0
059292 0
275215 0
099011 0
272782 0
139104 0
180587 0
151919 1
184449 0
209024 0
095377 0
252382 0
233512 0
002345 0
157609 0
182780 0
169367 0
196504 0
140859 0
012492 0
279258 0
138847 1
158010 0
229431 1
102540 1
048866 0
094854 0
260781 0
160386 0
043921 1
138788 1
187881 0
006568 1
220479 1
178464 0
262430 0
158211 0
152863 1
112127 0
180872 0
124639 0
000082 0
118942 0
089148 1
178236 0
050679 0
193210 1
204027 0
150936 0
168322 0
161498 0
127069 0
182752 0
038221 0
146832 0
138897 1
266089 0
275154 0
003141 1
008827 0
184888 0
129325 0
231364 0
250577 0
101686 0
267866 0
108624 0
041272 0
089168 1
154629 0
178241 0
263876 0
148191 1
123470 0
079747 0
174752 0
003547 0
276765 0
027710 0
108195 0
233613 0
107786 0
251998 0
157653 0
256080 0
200218 0
274655 0
198110 0
116911 0
201967 0
199865 0
104730 0
077410 0
286816 0
115905 0
108218 0
034332 0
179913 0
208738 0
159472 0
150568 0
156223 0
121827 0
124092 0
152864 1
220534 0
092785 0
146079 0
199717 0
108529 0
286179 0
066175 0
110432 0
255001 0
275358 1
114791 0
086656 0
018219 0
158020 0
166207 0
049611 0
162808 0
169348 0
182107 0
116931 0
103612 0
079994 0
265340 0
275506 0
278987 0
135509 1
001271 0
038624 0
115352 0
275191 0
268246 0
152740 0
220645 0
121998 0
280470 0
128123 0
110558 0
124001 0
038878 0
232156 0
264719 0
167625 0
048498 0
220481 1
235280 0
084068 0
129018 0
211816 0
089167 1
015815 0
230848 0
098424 0
233979 0
078726 0
157364 0
194215 0
143944 1
048668 0
166112 0
110463 0
264237 0
064000 0
148923 0
141715 0
175811 0
270455 0
254714 0
088518 0
154475 0
233896 0
197798 0
136599 0
168827 0
138824 0
287675 0
089674 1
262725 0
139344 2
165600 0
226172 0
141865 0
091267 0
115243 0
046006 0
190338 0
076877 0
188995 0
033202 0
267837 0
140334 0
157798 0
225156 0
037334 0
098645 0
070813 0
199831 0
168958 0
264958 0
014599 0
182611 0
182586 0
130940 0
147176 0
222397 0
266244 0
230775 1
142926 0
170451 0
178458 0
144007 0
108429 0
014969 0
234975 0
148190 1
206232 0
015648 0
004231 0
130967 0
189193 0
259138 0
196179 0
112825 0
199863 0
283734 0
079369 0
140509 0
002437 0
180366 0
001666 0
085921 0
275351 1
288657 0
182678 0
224239 0
177816 0
197287 0
154369 0
086616 0
087826 0
278347 0
182216 0
132513 0
027182 0
039842 0
164684 0
018144 0
136149 0
198622 0
002566 1
088678 0
146053 0
243134 0
201453 0
180180 0
198893 0
206097 0
206498 0
015772 0
213541 0
266094 1
164880 0
096396 0
218789 0
257590 0
116854 0
230305 0
148196 1
028461 0
139501 0
074569 0
116565 0
240179 0
167488 0
191220 1
019504 0
167880 0
062631 0
201420 0
184624 0
133362 0
154743 0
243646 0
099769 0
262028 0
276766 0
205780 0
259349 0
164905 0
000588 0
184943 0
148198 1
070515 0
266002 0
266728 0
089955 1
195198 0
017751 0
196105 0
180546 0
062275 0
110411 0
068688 1
071546 0
288594 0
150546 1
094015 0
145534 0
108889 0
196301 0
071414 0
144467 0
176920 0
169052 0
048213 0
210946 0
133573 0
238955 0
217696 1
177762 0
123493 0
037124 0
087589 1
201756 0
287672 0
259438 0
039288 0
064084 0
132367 0
161857 1
072233 0
141927 0
098617 0
217444 0
119383 0
124673 0
003486 0
023975 0
154099 0
179323 0
092594 0
072012 0
243663 0
014111 0
182621 0
256241 0
068669 0
243803 0
131333 0
157374 0
259265 0
110347 0
065661 0
104719 0
016980 0
132354 0
150258 0
144917 0
184606 0
223131 0
210113 0
240699 0
206046 0
105406 0
233870 0
130873 0
026909 0
157498 0
109962 0
147036 0
242269 0
087408 0
157388 0
278705 0
223819 0
164471 0
220257 0
157610 0
032654 0
194932 0
189678 0
197028 0
267804 0
162793 0
115690 0
143322 0
230410 0
023672 0
037058 0
286837 0
214015 0
050179 0
011911 0
167039 0
182424 0
135220 1
267623 0
128300 0
238095 0
224518 0
204482 0
113991 0
099289 0
008460 0
225613 0
275777 0
001424 0
130351 0
142760 0
192205 0
201953 0
004302 0
231006 0
161859 1
041190 0
035809 0
141615 0
171351 0
004990 0
258601 0
130115 0
010159 0
116372 0
278720 0
029397 0
160570 0
174033 0
267620 0
261603 0
173051 0
133013 0
183566 0
220887 0
221219 0
079428 0
089049 0
007779 0
011482 0
225064 0
243982 0
110308 0
146156 0
019664 0
137560 0
155457 0
186949 0
219090 0
173734 0
143888 1
037697 0
285199 0
257220 0
181297 0
089354 0
181839 0
139074 0
142736 0
060800 0
034727 0
016040 0
186953 0
125166 1
240242 0
149100 0
288760 0
063717 0
260041 0
118433 0
043957 1
211747 0
011063 0
247325 0
162522 0
186264 0
071507 0
197000 0
094705 0
041084 0
032026 0
186296 0
139919 0
186640 0
196635 0
275428 0
149168 0
281018 0
232364 0
068687 0
162001 0
021447 0
025759 0
273696 0
178859 0
219654 0
235163 1
217563 0
130478 0
019041 0
191531 0
118328 0
109296 0
253215 0
203542 0
050546 0
150547 1
081024 0
214605 0
015099 0
170762 0
147992 0
206064 0
115636 0
142871 0
202481 0
182193 0
170421 0
288654 0
145480 1
117008 0
044058 1
134919 0
206400 0
186847 0
168319 0
098554 0
108182 0
243597 0
034151 0
049588 0
159369 0
245773 0
129199 0
011478 0
010697 0
112130 0
119210 0
067985 0
135689 0
126291 0
143183 0
265122 0
186968 0
153353 0
185287 0
056719 0
062465 0
117940 0
042237 0
018225 0
092674 0
145483 1
195123 0
278943 0
280213 0
145558 0
037123 0
163095 0
131673 0
224687 0
157536 0
180384 0
206579 0
129110 0
094323 0
081718 0
177348 0
140383 0
208313 0
133121 0
101143 0
143555 0
088048 0
259360 0
135368 0
260274 0
268866 0
170345 0
154460 0
162455 0
268295 0
235436 0
090614 0
130072 0
243591 0
128593 0
150115 0
009811 0
117837 0
011947 0
173617 0
042616 0
254864 0
031426 0
191146 1
149578 0
289626 0
064094 0
126438 0
182556 0
158249 0
124528 0
255731 0
008986 0
195650 0
144000 0
170265 0
161499 0
144198 0
128950 0
109182 0
242917 0
128528 0
135647 0
002301 0
260987 0
031280 0
036179 0
151165 0
221203 0
205548 0
266110 1
047471 0
243644 0
006448 0
008734 0
064373 0
176944 0
007263 0
123139 0
113506 0
219267 0
177231 0
213600 0
160574 0
255186 0
128992 0
212708 0
262616 0
169914 0
128471 0
101318 0
193931 0
014825 1
076530 0
148024 0
224971 0
192838 0
030643 0
259351 0
062116 0
134023 0
138416 0
126650 0
284000 0
097858 0
032687 0
150275 0
119359 0
267276 0
181750 0
014191 0
152107 0
031809 0
015525 0
165790 0
184942 0
062525 0
232374 0
280529 0
275799 0
178396 0
277619 0
222401 0
068011 0
288400 0
260100 0
172265 0
162101 0
181306 0
149000 0
232015 0
263887 0
115805 0
082652 0
246752 0
009288 1
259958 0
011198 0
131968 0
280725 0
134925 0
165636 0
234504 0
158518 0
037127 0
089705 0
209278 0
040200 0
180228 0
196615 0
153452 0
193980 0
065240 0
286012 0
132305 0
217910 0
193557 0
260621 0
289095 0
075911 2
157029 0
279691 0
014676 0
129060 0
168153 0
237342 0
239657 0
108858 0
069315 0
218113 0
031421 0
028717 0
268701 0
117637 0
190479 0
124551 0
112486 0
122247 0
158032 0
018686 0
255547 0
197952 0
162730 0
260112 0
225094 0
166294 0
002122 0
121978 0
198373 0
202826 1
111250 0
132609 0
265763 0
180868 0
174072 0
179757 0
032632 0
181861 0
112700 0
268269 0
278213 0
233487 0
087382 0
035270 0
119969 0
195083 0
165705 0
007716 1
064052 0
008181 0
101178 0
065440 0
158218 0
130750 0
241778 0
265795 0
101097 0
198888 0
178743 0
163305 0
125582 0
000908 0
026737 0
080671 0
124650 0
001839 0
184664 0
064632 0
017364 0
175923 0
083320 0
051098 0
087824 0
010376 0
192797 0
178408 0
123490 0
103688 0
229762 1
204345 0
147749 0
262652 0
154760 0
144409 0
125642 0
117577 0
158367 0
263843 0
160308 0
222500 0
278274 0
032006 0
289042 0
222049 0
017553 0
160977 1
260771 0
064200 0
285901 0
100805 0
267599 0
260609 0
029704 0
158920 0
161651 0
220644 0
170595 0
193551 0
120665 0
181161 0
150562 1
074663 0
126332 0
168989 0
274042 0
099444 0
007429 0
273067 0
075872 1
022311 0
252371 0
117474 0
200281 0
275922 0
196152 0
059787 0
094374 0
158215 0
181452 1
013009 0
007578 0
200511 0
257853 0
080194 0
196298 0
064894 0
196818 0
158078 0
002359 0
161740 0
110904 0
042240 0
145486 1
062426 0
064746 0
286844 0
272758 0
167706 0
197353 0
000983 0
196610 0
111312 0
004320 0
242412 0
132755 0
181780 0
082575 0
075863 1
198361 0
261985 0
090028 0
184408 0
127594 0
038157 0
190564 1
146993 0
144217 0
262270 0
100011 0
169076 0
133038 0
121775 1
040110 0
209427 0
196645 0
122931 0
275932 0
265800 0
229852 1
232285 0
095675 0
132833 0
026213 0
085605 0
201147 0
279981 0
014410 0
092234 0
143262 0
121774 0
003589 0
118127 0
227750 0
234614 0
275892 0
134947 0
262013 0
258746 0
088634 0
115393 0
175783 0
007997 0
050028 0
040562 0
131699 0
192451 0
241371 0
001386 0
197047 0
257247 0
287671 0
161507 0
007821 0
254927 0
104681 0
052300 0
130122 0
240194 0
108192 0
150753 0
135964 0
183479 0
184532 0
262646 0
220923 0
064017 0
183847 0
177736 0
153887 0
044136 0
149808 0
161029 0
230304 0
007361 0
161033 0
036317 0
125013 1
175738 0
110968 0
204902 0
071385 0
170756 0
222926 0
129924 0
143372 0
282640 0
095665 0
185081 0
198938 0
275429 0
181387 0
012816 0
191189 0
194044 0
130058 0
074826 0
137487 0
034065 0
235622 1
188349 0
112693 0
037489 0
197995 0
139939 1
111031 0
144196 0
267853 0
238536 0
164148 0
232179 0
162712 0
111547 0
157378 0
090031 0
235651 1
149582 0
278009 0
124965 1
233935 0
038641 0
130039 0
108839 0
270812 0
213500 0
139905 0
194200 0
146801 0
011313 0
225211 0
195601 0
196136 0
148441 0
075784 0
154469 0
065448 0
016653 0
012117 0
131647 0
186754 0
235655 1
228976 0
235678 1
109363 0
154882 0
192721 0
014835 0
269873 0
064529 0
116005 0
101859 0
100170 0
225229 0
008561 1
288024 0
199661 0
063267 0
230316 0
013382 0
155129 0
235965 1
022621 0
004876 0
062999 0
265330 0
250529 0
076397 0
235676 0
179723 0
141034 0
126598 0
277815 0
276278 0
011047 1
158276 0
003094 0
017401 0
204965 0
130422 0
177089 0
004614 0
252007 0
028205 0
151527 1
040246 0
186641 0
137335 0
098710 0
038364 0
238586 0
094602 0
151002 0
176809 0
015206 1
223743 0
250087 0
092579 0
224183 0
148562 0
009724 0
270325 1
005236 0
125541 1
023741 0
250001 0
278470 0
012606 0
225078 1
184560 0
224828 0
269950 0
195404 0
252990 0
251817 0
235653 0
151504 1
228460 0
242213 0
076886 0
157897 0
156937 0
087916 0
225084 1
200634 0
108702 0
209943 0
098400 0
167455 0
131024 0
117765 0
232805 0
102154 0
150504 0
196113 0
150313 0
005413 0
289379 0
021552 0
135261 0
098991 0
162774 0
006603 0
254705 0
142690 0
128479 0
195716 0
251624 0
109623 0
009049 0
140248 0
286087 0
108573 1
235198 0
032453 0
117020 0
068425 0
158886 0
155207 2
168960 0
195001 0
168838 0
155932 0
102488 0
199396 0
006940 0
258267 0
175618 0
109711 0
000074 0
203673 0
264371 0
128590 0
054367 0
003986 0
063956 0
282126 0
191140 0
132120 0
167102 0
109798 0
003785 0
076857 0
226555 0
174599 0
263755 0
109797 0
193151 0
157976 0
190134 0
222083 0
282551 0
091654 0
180389 0
262029 0
116434 0
150206 0
001498 1
232580 0
124036 0
155264 2
184083 0
232795 0
215674 0
196616 0
281151 0
240191 0
175631 0
144695 0
211598 0
140512 0
147375 0
158017 0
158816 0
104585 0
288025 0
235963 0
064933 0
157823 0
289986 0
093819 0
045142 0
218598 0
028445 0
274535 0
198573 0
136966 0
235621 0
012184 0
126944 0
001799 0
093771 0
110435 0
228420 0
018493 0
205692 0
037159 0
162920 0
099381 0
220781 0
108620 1
270614 0
235649 0
175582 0
122309 0
211483 0
270334 1
151326 0
162127 0
025511 0
215314 0
156464 0
275354 0
224459 1
283099 0
278704 0
241784 0
207853 0
155612 0
108619 1
169068 0
080425 0
141905 0
148454 0
181669 0
262206 0
184469 0
035598 0
126951 0
266213 0
243490 0
196909 0
270315 1
172855 0
078483 0
133419 0
270831 0
195592 0
027191 0
201094 0
086324 0
060884 0
199229 0
155305 0
119691 0
158053 0
108052 0
001918 0
265146 0
107948 0
259165 0
072259 0
155533 0
180086 0
273701 0
081685 0
213861 0
132551 0
189825 0
265727 0
128457 0
266325 0
177602 1
184956 0
074800 0
068140 0
108753 1
254793 0
115945 0
281855 0
145785 0
261350 0
111698 0
112565 0
146685 0
264822 0
059410 0
230912 0
198360 0
286725 0
066892 0
289774 0
071701 0
116359 0
115519 0
191086 0
165690 0
239441 0
074592 0
192221 0
180877 0
235137 0
110728 0
167970 0
184922 0
117063 0
164976 0
102337 0
169189 0
111455 0
128628 0
257156 0
143952 0
008131 0
242803 0
003050 0
088021 0
216804 0
004905 0
162013 0
074573 0
161653 0
092786 0
130888 0
117067 0
133849 0
191765 1
277983 0
231045 0
229949 0
158478 0
180084 0
170617 0
139014 0
142295 0
124180 1
239876 1
136688 0
206251 0
182663 0
067215 0
142046 0
039508 0
059963 0
286353 0
012102 0
284687 0
097775 0
242224 0
143735 0
167492 0
289396 0
194686 0
048667 0
182666 0
014768 0
123778 0
001788 0
063264 0
257287 0
235964 0
260307 0
262211 0
195594 0
273478 0
229324 0
217585 0
161844 0
090807 0
124121 0
054153 0
108700 1
117006 0
094288 0
202908 0
265331 0
288026 0
236700 0
142354 0
101470 0
146103 0
093592 0
269432 1
269680 1
149049 0
066711 0
250897 0
197278 0
034686 0
048264 1
155636 0
258101 0
166893 0
007873 0
202428 0
185923 0
195321 0
197707 0
101861 0
269725 1
130580 0
081751 0
178584 0
043582 0
177601 1
027192 0
183840 0
235650 0
016870 0
063479 1
169190 0
268009 0
184722 0
180596 0
180374 0
222793 0
273476 0
132155 0
084834 0
155208 1
289259 0
132055 0
258771 0
170626 0
022881 0
230638 0
049233 0
232803 0
230038 0
164466 0
269727 1
124033 0
230125 0
017454 0
108786 1
210029 0
074505 0
154841 1
270588 0
117018 0
035104 0
135061 0
028104 0
235663 0
249884 0
082929 0
036311 0
269729 1
273507 0
174473 0
191719 0
253937 0
157551 0
258471 0
259116 0
083004 0
179948 0
185234 0
013346 0
202685 0
191079 0
130263 0
087185 0
035531 0
056010 0
155426 0
184351 0
219929 0
052534 0
125017 0
186286 0
152260 0
180018 0
221301 0
261224 0
132413 0
191385 0
002336 0
254435 0
124532 0
155623 0
153361 0
017557 0
018414 0
109731 0
118338 0
193580 0
108794 1
017231 0
136938 0
184955 0
108813 1
108844 1
158287 0
120242 0
230431 0
289648 0
190461 0
158079 0
157568 0
023592 0
158023 0
081299 0
233463 0
148509 0
204115 0
135604 0
199265 0
202598 0
261861 0
100877 0
184653 0
180203 0
186789 0
140867 0
006157 0
162108 0
268728 0
108872 1
040930 0
231664 0
100810 0
006027 0
086604 0
001270 0
188322 0
111529 0
173396 0
157393 0
263953 0
143882 0
059619 0
132662 0
010391 0
051287 0
150980 0
223853 0
033773 1
105432 0
193143 0
100057 0
142564 0
012846 0
264368 0
050622 0
139049 0
154446 0
256558 0
216810 0
273502 0
159438 0
235654 0
253683 0
211528 0
027643 0
114021 0
141966 1
122695 0
040817 0
206863 0
000808 0
197234 0
264675 0
163441 0
055703 0
244134 0
004608 0
238047 0
132843 0
003721 0
037082 0
025781 0
167487 0
154507 0
010542 0
280029 0
160565 0
049468 0
194656 0
176044 0
119674 0
189636 0
124285 0
128640 1
180049 0
193364 0
040633 0
044647 0
262517 0
115332 0
146060 0
117413 0
274005 0
283105 0
036358 0
137895 0
091481 0
113715 0
269726 0
181120 0
081068 0
100212 0
016316 0
035289 0
282437 0
066154 0
039286 0
254444 0
041157 0
231163 0
130145 0
143310 0
006912 0
076898 0
160746 0
187134 0
092533 0
008461 0
230029 0
107959 0
063301 0
041739 0
213516 0
122189 0
121587 0
169368 0
010837 1
270297 0
123496 0
158177 0
287545 0
236408 0
189088 0
183644 0
234336 0
261183 0
086720 0
016572 0
194951 0
117826 0
157595 1
164176 0
266798 0
112801 0
066553 0
205277 0
168918 0
285577 0
064260 0
167498 0
068797 0
281203 0
130282 0
109016 0
205189 0
269724 0
285135 0
185038 0
141969 0
016405 0
048221 0
067259 0
144364 0
241536 0
133843 1
104501 0
185365 0
230227 0
186788 0
117154 0
225218 0
018176 0
270620 0
186113 0
288600 0
003084 0
221277 0
012650 0
181479 0
265332 0
015236 0
196124 0
050283 1
063957 0
051619 0
061782 0
267502 0
289395 0
024030 0
111302 0
233901 0
283442 0
243711 0
007363 0
157597 1
015549 0
050390 1
225632 0
143649 1
110578 0
281582 0
110311 0
219446 0
143031 0
178150 0
049445 0
244954 0
279012 0
163143 0
119970 0
181018 0
228009 0
034243 0
266103 0
235677 0
005745 0
175632 0
130207 0
226345 0
131332 0
063405 1
268001 0
167299 1
280505 0
092424 0
201105 0
100856 0
256412 0
263642 0
110439 0
090550 0
067767 0
119253 0
187773 0
083246 0
157854 0
286005 1
193141 0
116353 0
041792 0
177396 0
063502 0
176166 0
128641 1
260024 0
128604 0
189559 0
110038 0
258423 0
156719 0
104680 0
283541 0
002377 0
112520 0
003284 0
197004 0
015163 0
150102 0
144236 0
111540 0
039122 0
192682 0
155407 0
184581 0
173259 0
216029 0
063491 0
255259 1
126611 0
262715 0
129054 0
036527 0
261654 0
266225 0
058540 0
110536 0
033018 0
168083 0
163701 1
009081 0
071035 0
076876 0
060111 0
101827 0
116413 0
181015 0
182670 0
000576 0
191665 1
162121 0
202161 0
123563 0
109098 0
144907 0
005528 0
094085 0
234628 0
282011 0
186587 0
288023 0
085427 0
161840 0
024025 0
267140 0
032092 0
093318 0
124604 1
109845 0
126343 0
198395 0
110460 0
266246 0
176754 0
115273 0
193952 0
141108 0
142338 0
261292 0
007801 0
006413 0
147906 0
100203 0
212910 0
050014 0
031179 0
199330 0
253916 0
289619 0
153205 0
203218 0
157272 0
133842 1
231765 0
044646 0
036127 0
200231 0
184674 0
131371 0
154100 0
162706 0
022141 0
035948 0
019655 0
182067 0
032653 0
184478 0
149770 0
150917 0
285696 1
002204 0
255626 0
145449 0
188143 0
075242 0
178332 0
140124 0
214380 0
201457 0
278857 0
008491 0
018305 0
233005 0
070708 0
199775 0
271526 0
100946 0
009042 0
097988 0
195317 0
210780 0
133848 0
203228 0
288290 0
228440 0
002795 1
259456 0
131217 0
158154 0
012018 1
226137 0
159984 0
151240 0
176179 0
020486 0
151550 0
108135 0
212914 0
168223 0
282465 0
195923 0
236704 0
281105 1
201905 0
116664 0
050623 0
134257 0
190165 0
008153 0
267993 0
166706 0
084823 0
007167 0
163438 0
167206 0
004584 0
088628 1
220813 0
165340 0
239569 0
110098 0
166886 0
164701 0
158285 0
111788 0
131809 0
000699 0
158719 0
003345 0
283118 0
012707 1
148906 1
244814 0
279246 0
087316 0
006833 0
028475 0
259421 0
270587 0
099877 0
157654 0
179770 0
289652 0
239488 0
214600 0
069224 0
278910 0
108567 0
264403 0
287999 1
024258 0
170446 0
090074 0
089010 0
189229 0
237798 0
187064 0
037375 0
179725 0
011797 0
163689 1
032218 0
011554 0
117153 0
155577 0
132289 0
071679 0
000353 0
124116 0
099569 0
259391 0
098121 0
197855 0
177595 0
269728 0
034800 0
233912 0
260623 0
190603 1
090077 0
168961 0
063512 0
218986 0
090955 0
031290 0
197348 0
189321 0
016183 0
094977 0
130668 0
224953 0
099826 0
160014 1
057650 0
091540 0
280507 0
060279 0
077951 0
131615 0
178712 0
229917 0
158456 0
188707 0
233914 0
130325 0
085037 0
013233 0
229657 0
208750 0
253508 0
224197 0
063516 0
193720 0
240973 0
146690 0
285960 0
210038 0
213315 0
186705 0
133480 0
133239 0
255410 0
066802 0
280536 0
125033 0
121588 0
161843 0
169483 0
142285 0
226985 0
081132 0
108137 0
016170 0
148866 0
166348 0
136665 0
268869 0
007920 0
226988 0
029366 0
114195 0
011853 0
157206 0
207954 0
133057 0
259358 0
028927 0
178331 0
081639 0
065266 0
093235 0
200793 0
162084 0
063798 0
259022 0
188873 0
262284 0
054110 0
137981 0
170352 0
018313 0
111561 0
225664 0
022601 0
211504 0
135436 0
212724 0
182068 0
098875 0
120442 0
225945 0
142275 0
144133 0
067053 0
065267 0
220500 0
040854 0
092943 0
155018 0
217008 0
128629 0
218222 0
154637 0
070430 0
233943 0
108241 0
215155 0
234083 0
196064 0
081298 0
153078 0
180601 0
031029 0
011623 0
258593 1
124529 0
263929 0
165853 0
234361 0
161819 0
251562 0
016557 1
093274 0
151115 0
115235 0
132395 0
260436 0
181591 0
240418 0
253941 0
111724 0
274472 0
262465 0
068801 0
037709 0
050888 0
131741 0
155445 0
034149 0
060210 0
262470 0
265338 0
260382 0
051575 0
051088 0
045011 0
102397 0
147924 0
112977 0
258997 1
259967 0
121740 0
156613 0
188692 0
124990 0
149708 0
150023 0
213226 0
068736 0
062844 0
271582 0
281109 1
288019 1
169349 0
030246 0
075467 0
081305 0
270504 0
021324 0
011654 0
253242 0
157357 0
169103 0
220592 0
099649 0
161658 0
281252 0
183427 0
033127 0
205437 0
095485 0
230571 0
123323 0
157826 0
209411 0
002965 1
233020 0
158922 0
218491 0
160407 0
140981 0
192888 0
150395 0
258596 1
157140 0
195517 0
210756 0
070153 0
078408 0
042768 0
288957 0
238978 0
162482 0
097035 0
091575 0
167305 0
070714 0
180603 0
087955 0
141171 0
143887 0
169566 0
052900 0
269954 0
190559 0
148513 0
094836 0
020301 0
012402 0
253663 0
259019 1
142725 0
136678 0
258598 1
224067 0
283735 0
036640 0
030338 0
134113 0
140877 0
134133 1
258678 1
178021 0
086024 0
227252 0
193391 0
258640 1
279419 0
183141 0
278716 0
035032 0
076819 0
167503 0
259018 1
069307 0
165147 0
112584 0
094566 0
151714 0
134021 0
099581 0
002961 0
103326 0
099019 0
281292 0
158366 0
260272 0
118830 0
143839 0
149998 0
225171 0
100101 0
147928 0
133439 0
123566 0
025628 0
263589 0
199230 0
176136 0
227560 0
169587 0
221309 0
004254 0
063411 0
178698 0
022358 0
258996 1
087775 0
018689 0
077939 0
228036 0
056339 0
166645 0
236189 0
143776 0
125578 0
165290 0
289155 0
190719 0
129645 0
070898 0
157507 0
115524 0
000436 0
110195 0
042610 0
165706 0
112133 0
009949 0
035862 0
142459 0
011936 0
189240 0
042653 0
272483 0
051627 0
024216 0
132500 0
238865 0
198219 0
285681 0
009231 0
187956 0
229696 0
004740 1
254767 0
039521 0
205079 0
176922 0
163569 0
258540 0
028869 0
160339 0
133039 0
069878 0
287048 0
108468 0
201652 0
016992 0
128970 0
154688 0
262956 0
288293 0
257258 0
007800 0
278805 0
188758 0
107952 0
099553 0
091200 0
091974 0
084817 0
289560 0
006440 0
027430 0
246884 0
275475 0
174173 0
258094 0
028894 0
109978 0
157634 0
237436 0
200095 0
180634 0
279734 0
186890 0
170433 0
099333 0
042627 0
221341 0
107984 0
167980 0
201963 0
273953 0
180063 0
030956 0
084532 0
259433 0
198436 1
150265 0
167675 0
071480 0
066956 1
290045 0
000510 0
156534 0
241337 0
233614 0
279029 0
008049 0
174517 0
122853 0
114237 0
169507 0
288655 0
218660 0
088778 1
282013 0
160621 0
174330 0
269417 0
177723 0
271757 0
280883 0
099588 0
142408 0
124334 0
174672 0
138892 0
283101 0
157424 0
166691 0
271482 0
167931 0
052671 0
264584 0
077623 0
124957 0
266023 0
215308 0
216503 0
033033 0
261844 0
122796 0
130123 0
239678 0
189327 0
139598 0
188847 0
199048 1
190899 0
038370 0
018013 0
069276 0
018320 0
062286 0
237465 0
281173 0
224701 0
243694 0
192357 0
109890 1
130266 0
017023 0
255834 0
002868 0
152962 0
281911 0
243936 0
082636 0
252083 0
067288 0
228470 0
155135 0
016760 0
003694 0
127722 0
285586 0
022897 0
236278 1
280726 0
272355 0
080021 0
045737 0
076869 0
266384 0
021307 0
018486 0
141112 0
026907 1
170528 0
155906 0
271972 1
012294 0
081221 0
287818 0
030349 0
119018 0
040689 0
180604 0
219751 0
019121 0
128937 0
165895 0
061947 0
142365 0
111098 0
154352 0
184432 0
112656 0
049246 0
015594 0
109892 1
151070 0
184921 0
015390 0
116687 0
144113 0
124258 0
279362 0
231533 0
120744 0
258597 0
158187 0
289073 0
143571 0
196196 0
186999 0
159981 1
169104 0
085290 0
256761 0
182255 0
282872 0
046905 0
168940 0
194931 0
151612 0
121448 0
244802 0
118178 0
120359 0
153990 0
028378 0
232595 0
180518 0
176945 0
111739 0
194969 0
266884 0
242253 0
181489 0
086027 0
191067 0
025205 0
269403 0
090533 0
097113 0
193610 0
119003 1
003891 0
199959 0
188280 0
146784 0
119153 0
178390 0
132278 0
142294 0
171380 0
187133 0
268867 0
137036 0
203491 0
033994 0
282931 0
195590 0
240849 0
002709 0
126293 0
002951 0
000917 0
171316 0
164064 0
281945 0
076408 0
111482 0
086134 0
186680 0
013092 0
201487 0
151600 0
010558 0
231823 0
122460 1
087208 0
134652 0
011539 0
161841 0
012372 0
110344 0
279657 0
005491 0
162476 0
220403 0
258595 0
118969 1
229221 0
087686 0
150505 0
264885 0
208221 0
136384 0
141090 0
243223 0
201362 0
188774 0
117572 0
000406 0
013819 0
094523 0
009807 0
147985 0
201488 0
113973 0
120358 0
077034 0
188656 0
187130 0
048662 0
005519 0
082061 0
082642 0
122100 0
236265 1
240977 0
146069 0
237545 0
002564 0
155767 0
183334 0
185126 0
015270 0
221572 0
051345 0
260308 0
060541 0
152478 0
215100 0
262341 0
103986 0
120101 0
183466 0
160119 0
088621 0
160020 1
149681 0
156796 0
047960 0
198323 0
272306 1
065873 0
197358 0
011993 0
103051 0
038005 0
150008 0
193704 0
122461 0
283733 0
066546 0
026362 0
216790 0
191065 0
168499 0
062973 0
234073 0
067979 0
261645 0
076249 0
188686 0
264586 0
207801 0
162453 0
169015 0
155934 0
253442 0
082031 0
138574 0
152987 0
123656 0
139252 0
278200 0
112442 0
207390 0
035636 0
161251 0
071582 0
237245 0
167456 0
092618 0
004930 0
148626 0
100090 0
109742 0
099744 0
241489 0
051529 0
186398 0
130535 0
220953 0
256604 0
129061 0
127397 0
168278 0
060047 0
090078 0
045215 0
234431 0
074821 0
279723 0
187831 0
132677 0
165896 0
019335 0
285511 0
284277 0
099009 0
015020 0
224511 0
147002 0
191115 0
052052 0
278143 0
007654 0
012988 0
247692 0
270146 0
132451 0
055715 0
080186 0
124881 0
232550 0
213218 0
033449 0
063490 0
205626 0
194326 0
259277 0
176986 0
237677 0
140137 0
216171 0
224641 0
231657 0
288189 0
219603 0
259169 0
129035 0
259356 0
194535 0
190181 0
092286 0
282812 0
289072 0
277074 0
184550 0
044636 0
130184 0
165878 0
079271 0
101344 0
142319 0
118049 0
135442 0
003319 0
147744 0
224083 0
002711 0
121290 0
098390 0
279754 0
115026 0
253344 0
177746 0
014521 0
278610 0
056371 0
003296 0
145784 0
166563 0
157611 0
087938 0
068569 0
184463 0
241812 0
230647 0
190136 0
194995 0
078822 0
112132 0
116410 0
000454 0
232956 0
141637 0
225567 0
190292 0
220653 0
241767 1
052667 0
242434 0
243075 0
190742 0
068813 0
242383 0
138266 0
040136 0
139139 1
008973 0
268359 0
139137 1
