088377 0
286395 2
286399 2
285887 2
285767 2
285768 2
285464 0
285825 2
285815 2
285899 2
286386 2
286396 2
286400 2
286382 2
089355 1
089341 1
089330 1
088766 1
088750 1
088385 2
088383 2
088379 2
088397 2
088407 2
088415 2
088417 2
090603 1
090592 1
074993 2
075013 2
075738 2
009419 1
121877 1
019394 0
017960 0
130439 0
093977 2
093922 2
093953 2
093928 2
010889 0
094023 2
093930 2
081504 1
093987 0
131687 2
126596 1
131709 1
244768 0
005506 2
095887 0
120088 2
077611 2
244661 0
052029 0
244767 0
120069 2
120068 2
131067 0
004910 0
085647 0
120058 2
005772 2
142891 0
077733 0
120387 2
090100 2
005643 2
112809 0
090190 2
273498 0
100183 0
090688 0
007704 0
087339 0
185201 0
217978 0
095877 0
090405 0
287162 0
077750 0
217975 0
115383 1
206271 0
052026 0
254384 0
009912 2
122256 2
181607 0
203620 0
085001 0
098568 1
098542 1
235734 0
235731 0
271630 0
203840 0
288803 0
008054 1
147168 1
096698 1
114974 0
146149 0
175851 0
046234 0
212163 0
144421 0
096701 1
115280 0
110916 0
215091 0
072242 0
146041 0
244667 0
085412 0
124072 0
117386 0
197585 0
099983 0
203888 0
085625 0
083624 0
115400 0
117973 0
032709 0
071651 0
007607 0
147167 0
016906 0
136119 0
271620 0
235735 0
146102 0
184802 0
034684 0
095873 0
077591 0
185634 0
002046 0
095888 0
251742 0
184801 0
272888 0
114976 1
113336 0
282265 0
286236 0
185214 0
094117 0
185204 0
187606 0
113274 0
287170 0
009706 0
033326 0
253721 0
062927 0
150880 0
243747 1
255862 0
015018 0
203896 0
088119 0
084287 0
010480 0
075680 0
111539 0
243744 2
083618 0
088363 0
211633 0
007247 0
247680 0
098232 0
083586 0
083621 0
085074 0
098901 0
220439 0
096005 0
093894 0
000916 0
087855 0
115518 0
101997 0
104824 0
117974 0
094928 0
108270 0
211609 0
115525 0
134547 0
282138 0
080752 0
121134 0
282259 0
089356 0
083620 0
087274 0
009425 0
056540 0
273492 0
218020 0
173159 0
066942 0
203886 0
113376 0
112312 0
204347 0
115515 0
134512 0
204870 0
186194 0
053401 0
130409 0
011349 0
163454 0
026011 0
255788 0
138058 1
180663 1
075701 0
121883 0
150205 0
119261 0
223983 1
248099 0
224168 1
206301 0
081378 0
047488 0
116392 1
116727 1
040008 0
008067 0
088345 0
175568 0
116349 1
004067 0
231238 0
040024 0
185897 0
075834 0
000308 0
228137 0
121465 0
214155 0
097706 1
092673 0
007852 0
097747 1
040044 0
040051 0
253925 0
097632 0
005075 0
088036 0
161512 0
004790 0
131280 0
190165 0
237531 0
114877 0
130870 0
128036 0
002239 0
004768 0
237793 0
131048 0
276374 0
076777 0
203846 0
087386 0
214156 0
114885 0
048265 0
135034 0
142505 0
148993 0
023602 0
114878 0
283193 0
009422 0
237338 0
147926 0
096308 0
113367 0
116966 0
168614 0
266837 0
076602 0
134501 0
070428 0
091427 0
116114 0
086524 0
086259 0
098454 0
091425 0
046184 0
108848 0
150833 0
088177 0
133870 0
076083 0
095197 1
052462 0
076631 0
077610 0
127378 0
271786 0
094555 0
272602 0
013253 0
222631 0
121897 0
016117 0
017346 0
119935 0
054340 0
116260 0
125707 0
252854 0
005157 0
048282 0
116196 0
094935 0
142931 0
183443 0
271433 0
118898 0
055509 0
065177 0
130323 0
132058 0
078770 0
078768 0
067823 0
279973 0
163785 0
114112 0
112560 0
259216 0
118899 0
288794 0
076636 0
208116 0
077622 0
107749 0
287266 0
017311 0
115147 0
113520 0
011386 0
133924 0
214477 0
001570 0
196133 0
009646 0
203852 0
096302 0
181312 0
114410 0
096305 0
071308 0
128441 0
004691 0
076629 0
192708 0
054252 0
036280 0
064937 0
136730 0
226219 0
088539 0
289776 0
101167 0
275523 0
224268 0
087691 0
180560 0
001243 0
099395 0
079568 0
115378 0
261164 0
085548 0
096309 0
209614 0
253186 0
065075 0
206474 0
271107 0
112259 0
196134 0
127379 0
271603 0
230185 0
076690 0
105415 0
100940 0
006194 0
101372 0
129552 0
077174 0
109913 0
229859 0
007573 0
032548 0
284253 0
056394 0
101411 0
079226 0
032606 0
231875 0
086749 0
191211 0
104481 0
084881 0
277403 0
096859 0
063339 0
075408 0
211734 0
005485 0
095242 0
039979 0
253642 0
072268 0
135139 0
011656 0
085445 0
095604 0
041694 0
005496 0
001606 0
234796 0
120494 0
114159 0
116033 0
112817 0
130287 0
111749 0
121884 0
097336 0
235864 0
075340 0
069400 0
035990 0
070811 0
032980 0
001571 0
075101 0
077598 0
098988 0
108724 0
103984 0
163456 0
116915 0
000328 0
219308 0
284386 0
203923 0
080312 0
226844 0
053145 0
031404 0
112749 0
119073 0
255012 0
094895 0
115995 0
003330 0
004592 0
079605 0
026171 0
113379 0
088175 0
062859 0
075956 0
089530 0
146124 0
044497 0
211796 0
084847 0
235583 0
105441 0
067174 0
271691 0
230862 0
279972 0
085808 0
097306 0
116427 0
081151 0
044481 0
080381 0
017850 0
075638 0
111653 0
004425 0
018959 0
009902 0
077801 0
258884 0
161869 0
031737 0
036302 0
089220 0
088419 0
085605 0
191833 0
186984 0
259226 0
078125 0
154796 0
143886 0
062852 0
164174 0
093791 0
009528 0
033697 0
234528 0
130220 0
147365 0
063113 0
095996 0
111520 0
121271 0
099748 0
176032 0
109349 0
134095 0
059778 0
074808 0
068756 0
131706 0
009036 0
211838 0
075030 0
227961 0
068502 0
075109 0
077349 0
077460 0
137075 0
099412 0
085027 0
253198 0
156723 1
100948 0
157709 0
075106 0
120696 0
032547 0
004178 0
213933 0
181950 0
015432 0
284162 0
126359 0
070683 0
244169 0
096813 0
115344 0
089588 0
121449 0
097323 0
089856 0
118904 0
100939 0
118006 0
115698 0
095192 0
136959 0
253706 0
008384 0
084916 0
032521 0
039939 0
275204 0
035039 0
010532 0
226564 0
135903 0
190163 0
099145 0
203977 0
128062 0
068759 0
070404 0
109410 0
054112 0
018963 0
096630 0
069075 0
083622 0
096066 0
071086 0
276190 0
074782 0
190481 0
217726 0
059550 0
003793 0
075686 0
113431 0
086387 0
067946 0
092214 0
075132 0
085607 0
181394 0
035435 0
029198 0
185465 0
058162 0
039980 0
128053 0
059513 0
142436 0
262792 0
068373 1
225494 0
087683 0
090597 0
131213 0
008801 0
276214 0
064754 0
083623 0
035577 0
279364 0
108676 0
122813 0
098643 0
266856 0
178083 0
110029 0
039934 0
071243 0
027665 0
059561 0
104416 0
068779 0
216996 0
076160 0
098634 0
116307 0
145669 0
148711 0
185297 0
055476 0
238875 0
224272 0
143398 0
122066 0
254789 0
065782 0
068441 0
135654 0
087229 0
288798 0
093748 0
140884 0
213952 0
189509 0
072122 0
284289 0
058317 0
062985 0
081117 0
173128 0
244665 0
099904 0
003115 0
063196 0
062869 0
200935 0
208989 0
075125 0
091804 0
065087 0
275190 0
085028 0
196181 0
084202 0
080232 0
011454 0
007996 0
122778 0
033233 0
230320 0
282127 0
080093 0
010022 0
069428 0
227522 0
005524 0
011849 0
160689 0
069091 0
186317 0
212036 0
041731 0
080781 0
093704 0
097269 0
160119 0
191234 0
097142 0
255380 0
001378 0
098999 0
259155 0
242240 0
097180 0
040173 0
253017 0
285358 0
131081 0
156329 0
096750 0
225440 0
215187 0
004487 0
099005 0
118791 0
066925 0
165381 0
034367 0
271464 0
093764 0
109413 0
029075 0
021706 0
051912 0
095909 0
253104 0
117334 0
131212 0
134305 0
121397 0
200195 0
261876 2
203558 0
255177 0
097337 0
164067 0
065445 0
145424 0
096122 0
042312 0
020632 0
239275 0
181005 0
077232 0
040137 0
039710 0
108195 0
096748 0
058089 0
006843 0
154913 0
108759 0
052318 0
077133 0
126163 0
062974 0
150886 0
284469 0
055514 0
275205 0
270538 0
176841 0
101046 0
089459 0
137044 0
122206 0
033229 0
052463 0
070479 0
069460 0
228650 0
184920 0
190484 0
091504 0
244316 0
153092 0
098476 0
288805 0
080080 0
284227 0
271160 0
252841 0
185899 0
284296 0
238422 0
213960 0
209406 0
127120 0
006469 0
269728 0
023312 0
209410 0
187959 0
104259 0
041561 0
143003 0
087065 0
250787 2
095802 0
286218 0
250772 2
244332 0
131716 0
113088 0
114019 0
283955 0
001399 0
039660 0
079870 0
061732 0
116316 0
137043 0
145671 0
078096 0
147731 0
244485 0
225099 0
066871 0
083619 0
115107 0
069189 0
010089 0
251511 0
076694 0
211718 0
113952 0
085061 0
120053 0
109075 0
040552 0
190512 0
065439 0
286776 0
094118 0
131728 0
174890 0
185946 0
011969 0
062265 0
285822 0
101086 0
268475 0
218034 0
031393 0
059519 0
049410 0
164234 0
097801 0
048108 0
128110 0
050368 0
058313 0
093762 0
174881 0
066873 0
085011 0
044010 0
066872 0
039750 0
285367 0
117333 0
100415 0
224807 0
186956 0
005597 0
070173 0
036686 0
102601 0
165367 0
121399 0
077154 0
185958 0
033675 0
260614 0
080013 0
003206 0
132004 0
102573 0
040450 0
130720 0
279990 0
039730 0
071145 0
135897 0
252231 0
144655 0
042481 0
131770 0
113634 0
157281 0
110111 0
075180 0
279969 0
241205 0
143907 0
072856 0
093749 0
072017 0
066874 0
020615 0
226792 0
118016 0
284272 0
176866 0
123258 0
051916 0
021875 0
196187 0
130473 0
007256 0
226369 0
100030 0
252232 0
208895 0
089354 0
034988 0
110778 0
040553 0
211606 0
088053 0
102633 0
095997 0
230997 0
040043 0
088174 0
137966 0
276748 0
103346 0
258404 0
154676 0
043741 0
065513 0
115749 0
206452 0
252248 0
217154 0
215339 0
108846 0
214921 0
120108 0
226437 0
265349 0
088649 0
128352 0
186961 0
062294 0
280119 0
134582 0
128959 0
143370 0
226591 0
121398 0
062819 0
042715 0
081626 0
120505 0
103577 0
237637 0
079656 0
281689 0
157277 0
053077 0
116861 0
177487 0
154223 0
091085 0
116423 0
102362 0
012640 0
230956 0
153860 0
113150 0
102248 0
111035 0
088763 0
132003 0
244238 0
119741 0
283888 0
192710 0
154866 0
040050 0
229254 0
261120 0
234986 0
244181 0
009918 0
283433 0
018647 0
089432 0
109029 0
020115 0
051682 0
186631 0
070452 0
061180 1
067674 0
006885 0
095891 0
077340 0
061162 1
087648 0
239149 0
273827 0
043193 0
242031 0
182007 0
087133 0
204490 0
022994 0
284316 0
040270 0
110021 0
069960 0
063948 0
043260 0
270662 0
235868 0
095563 0
120787 0
063972 0
290002 0
088089 0
006630 0
097918 0
066829 0
122245 0
164150 0
207848 0
041566 0
051658 0
249904 0
093210 0
017672 0
219227 0
066875 0
177436 0
285357 0
099941 0
209704 0
008408 0
066712 0
141125 0
032591 0
253504 0
072596 0
270026 0
117628 0
113430 0
253967 0
034274 0
159954 0
087126 0
184385 0
112513 0
100004 2
130576 0
210650 0
284255 0
120806 0
226002 0
153955 0
203738 0
063818 0
220714 0
011197 0
284766 0
284931 0
085501 0
104318 0
239145 0
013589 0
217192 0
225415 0
259525 0
127387 0
168819 0
138082 0
279377 0
036530 0
254810 0
056827 0
206800 0
037584 0
062813 0
281960 0
131774 0
253556 0
071493 0
285753 0
052450 0
091867 0
271788 0
186950 0
197405 0
007163 1
180849 0
020384 0
080456 0
289771 0
102264 0
130830 0
243477 0
270645 0
233923 0
126370 0
010180 0
118721 0
228138 0
216777 0
118758 0
285871 0
052460 0
063730 0
187669 0
087935 0
078486 0
120798 0
060980 0
284605 0
271456 0
182269 0
026875 0
117629 0
270656 0
211348 0
278601 0
086779 0
054332 0
104666 0
092544 0
077679 0
099097 0
138251 0
254450 0
218448 0
095224 0
211332 0
211822 0
062241 0
013223 0
116993 0
267813 0
005990 0
100681 0
271118 0
261124 0
113301 0
078087 0
118891 0
258725 0
282708 0
094259 0
284704 0
101862 0
140028 0
270071 0
012580 0
210931 0
201649 0
116931 0
043988 0
163013 0
103625 0
221807 0
029425 0
010344 0
210942 0
199897 0
168375 0
284174 0
093985 0
217048 0
282003 0
065026 0
072217 0
116107 0
202744 0
235593 0
111083 0
112318 0
275203 0
270191 0
162789 0
186948 0
230504 0
261125 0
185425 0
233958 0
111654 0
160027 0
094836 0
185732 0
284270 0
266441 0
115784 0
130821 0
065710 0
234449 0
165597 0
041025 0
094513 0
267779 0
147581 0
004562 0
184687 0
029386 0
186938 0
201844 0
098240 0
055369 0
173079 0
203207 0
108092 0
131268 0
108150 0
211804 0
115356 0
097649 0
270542 0
008312 0
093347 0
041564 0
203640 0
228075 0
260446 0
069195 0
092556 0
213296 0
178125 0
241785 0
063082 0
269835 0
262120 0
053596 0
019852 0
266741 0
060981 0
188158 0
168445 0
163423 0
086665 0
076213 0
029211 0
282622 0
188151 0
096621 0
053395 0
108354 0
009261 0
098235 0
047810 0
110095 0
075831 0
133674 0
223675 0
054573 0
244522 0
141799 0
110578 0
096129 0
095529 0
163457 0
064412 0
266740 0
026894 0
015438 0
286790 0
004681 0
070538 0
231306 0
008874 0
101523 0
010412 0
211741 0
078223 0
049056 0
206603 0
095016 0
211104 0
285381 0
113131 0
285754 0
115999 0
267212 0
087473 0
286273 0
214383 0
212021 0
278602 0
116287 0
235778 0
170847 0
122490 0
047860 0
288792 1
286856 0
118907 0
288795 0
260092 0
082414 0
075307 0
240964 0
248359 0
229731 0
007234 0
142237 0
087933 0
120192 0
039965 0
070259 0
042706 0
075078 0
152520 0
270076 0
215184 0
096741 0
044229 0
239868 0
253743 0
288793 0
260139 0
186972 0
114950 0
069809 0
006390 0
064378 0
109109 0
057630 0
074868 0
004177 0
105769 0
013224 0
215571 0
111666 0
283256 0
214735 0
098239 0
180830 0
096404 0
150825 0
116848 0
032182 0
243785 0
054433 0
137369 0
093536 0
164936 0
133748 0
161690 0
131365 0
241552 0
035434 0
118049 0
198927 0
259762 0
060962 0
159587 0
193904 0
112988 0
089697 0
087868 0
017212 0
226160 0
281607 0
226113 0
067890 0
007455 0
106029 0
103652 0
094465 0
238420 0
080599 0
108115 0
184903 0
087445 0
005452 0
040175 0
127159 0
072500 0
111752 0
141148 0
116540 0
067158 0
103432 0
085301 0
235773 0
040639 0
196387 0
226671 0
216273 0
260876 0
030361 0
263037 0
026023 0
121738 0
085447 0
116601 0
110725 0
177886 0
145416 0
122202 0
108799 0
111960 0
070878 0
146971 0
090215 0
087565 0
134723 0
136940 0
128295 0
159582 0
164166 0
224206 0
199063 0
187964 0
269965 0
139697 0
078069 0
116918 0
036239 0
135145 0
288804 0
004146 0
054236 0
185925 0
057977 0
157582 0
101818 0
244298 0
110030 0
260123 0
271444 0
053483 0
101914 0
214506 0
278625 0
220719 0
093467 0
288796 0
130566 0
185966 0
116583 0
254256 0
101583 0
087984 0
117385 0
108903 0
235069 0
179591 0
053572 0
269586 0
076568 0
288790 0
026853 0
194282 0
135304 0
218524 0
052894 0
269724 0
005121 0
250984 0
185711 0
276191 0
250907 0
178686 0
160441 0
087375 0
054311 0
189140 0
212011 0
086536 0
255132 0
126326 0
103856 0
070038 0
230852 0
113741 0
032184 0
011331 0
270123 0
048133 0
074465 0
160191 0
037595 0
129885 0
278689 0
212442 0
114944 0
032915 1
263979 0
196252 0
032917 1
231805 0
032253 0
089840 0
053544 0
105390 0
032918 0
006380 0
185710 0
129215 0
152648 0
120867 0
262146 0
258888 0
132054 0
044135 0
072395 0
237559 0
103711 0
029037 0
212446 0
020426 0
146627 0
108703 0
121962 0
112781 0
122788 0
055582 0
034510 0
026396 0
241758 0
007230 0
065464 0
115318 0
164512 0
147149 0
109911 0
154670 0
033262 0
076693 0
077445 0
175583 0
108822 0
065911 0
040188 0
067952 0
065150 0
014806 0
254397 0
029070 0
003414 0
063386 0
029076 0
094464 0
029838 0
080095 0
233375 0
098205 0
286285 0
145926 0
137358 0
144703 0
030891 0
139733 0
285614 0
113980 0
183897 0
139303 0
037973 0
147387 0
054207 0
213305 0
261116 0
068850 0
096680 0
115352 0
102982 0
093302 0
231175 0
118001 0
127292 0
177319 0
081074 0
045846 0
125598 0
185924 0
148290 0
054059 0
161800 0
253943 0
017328 0
142171 0
243267 0
136220 0
158961 0
009985 0
137994 0
035524 0
199906 0
186645 0
065933 0
178283 0
107988 0
118771 0
270612 0
075025 0
077596 0
087876 0
100895 0
211689 0
164098 0
120788 0
086777 0
099510 0
018597 0
030912 0
053858 0
270277 0
211793 0
009283 0
284988 0
119205 0
072186 0
202590 0
108192 0
031871 0
091964 0
083958 0
070172 0
098057 0
185713 0
049116 0
076830 0
053489 0
040181 0
097169 0
128087 0
009746 0
006784 0
076457 0
244175 1
153944 0
253660 0
005608 0
006216 0
177030 0
258950 0
075391 0
111703 0
141189 0
271381 0
108193 0
145826 0
185898 0
080006 0
244174 1
083711 0
244148 0
042068 0
120150 0
244147 0
101916 0
289770 0
086092 0
152443 0
115783 0
109640 0
277230 0
276238 0
132764 0
263094 0
077786 0
244977 0
260478 0
084075 0
004911 0
234918 0
108048 0
069796 0
233180 0
286817 0
281954 0
158195 0
287207 0
133680 0
094461 0
070540 0
177927 0
226589 0
052782 0
282291 0
047683 0
211875 0
262927 0
052885 0
116277 0
067163 0
129336 0
227521 0
181961 0
090113 0
262928 0
271319 0
031763 0
236291 0
270110 0
085710 0
254825 0
140930 0
186215 0
284137 0
072803 0
244388 0
122141 0
144859 0
121766 0
250504 0
161689 0
035341 0
211808 0
130565 0
272683 0
201645 0
085151 0
008823 0
254835 0
116972 0
130161 0
072188 0
290010 0
145896 0
021672 0
120211 0
004883 0
041916 0
102969 0
042040 0
177317 0
065077 0
071826 0
181064 0
121062 0
005413 0
077607 0
134347 0
283409 0
119527 0
100780 0
101739 0
233615 0
189335 0
116763 0
057286 0
280565 0
283224 0
209427 0
034525 0
087823 0
048103 0
177907 0
254833 0
122264 0
186195 0
220097 0
075336 0
288673 0
137366 0
088546 0
051008 0
097803 0
250527 0
095506 0
120570 0
116605 0
289909 0
190462 0
054176 0
098058 1
