286272 1
286284 1
286273 1
286285 1
007096 2
112891 1
076332 0
259908 2
259912 2
261876 1
260139 1
260123 1
283455 0
125938 2
014790 2
125937 2
186961 2
186956 2
177436 2
097341 2
097347 2
009658 2
009401 1
271118 1
269835 1
099178 2
099213 2
099347 2
178283 1
286158 0
062515 2
191846 2
178930 1
285381 0
191800 2
263037 0
285938 2
288012 2
276419 1
191203 0
286004 2
280109 0
057949 0
290054 0
071370 0
269559 0
267344 0
191743 1
290056 0
210687 0
191730 1
260614 0
289219 0
274466 2
082889 1
237814 1
173708 1
229731 0
257279 0
280146 0
290097 0
027498 1
265328 0
263776 0
273272 0
195750 0
176435 0
284162 0
026003 1
162645 0
263758 0
279736 0
026004 1
050290 1
050400 1
050557 1
050487 1
284270 0
216627 0
286617 2
230911 2
180820 0
050567 1
288789 2
058707 0
058832 0
050515 1
028881 1
054314 1
286226 0
286229 0
086800 0
029086 1
008696 0
287687 0
278751 0
046800 1
259590 0
279781 0
165415 0
046890 1
284287 0
079832 1
288786 0
177927 0
226022 0
288788 0
053149 1
053147 1
286230 0
029775 0
018703 0
008738 0
050495 0
152113 0
054477 1
279748 0
055051 1
024911 0
226001 0
054229 0
123149 2
054303 1
058412 0
053689 1
029429 1
164418 0
244411 0
009038 0
278756 0
025623 1
257511 0
053210 1
053532 1
289616 0
251511 0
058447 0
283890 0
019347 2
177907 0
123257 2
025164 1
206288 0
019535 0
285959 0
053928 1
018709 0
053972 1
039289 1
053958 0
285995 0
126368 2
054255 1
019356 1
014728 2
029466 1
126369 2
053205 1
029463 1
024914 0
283431 0
054169 1
028284 0
068580 2
282796 0
004200 1
189150 1
039287 1
071465 2
052288 0
023590 0
052330 0
054038 1
288787 0
165353 0
104638 2
053974 0
085069 1
254227 0
108396 0
286124 1
042924 0
059303 0
053907 1
053211 1
048687 1
007801 0
079010 0
059365 0
200887 0
068319 0
283631 0
124482 0
027570 0
124506 0
286138 1
186942 1
278328 0
053469 1
279832 0
272375 0
071619 0
050996 1
053300 1
054363 1
053180 1
036646 0
054399 0
030119 0
050984 0
111910 0
023574 0
008555 0
070348 2
234784 1
230910 0
054952 0
284289 0
104792 0
054744 0
234729 1
025222 0
050542 1
046386 1
003165 0
267063 1
267034 1
046391 1
134357 0
103521 2
234445 0
189184 0
289754 1
015427 0
170847 0
189178 0
099552 0
243935 0
050595 1
082067 1
051016 0
011184 0
060767 0
182419 2
054888 0
050571 1
050674 1
040795 0
081510 0
088968 1
052306 0
266591 0
272288 0
054556 1
283512 0
117986 0
035205 1
268071 0
158574 0
007847 0
077672 0
197087 0
286132 0
052689 0
011056 0
111311 0
139734 0
212001 2
054113 1
053094 0
272411 0
053779 1
261903 0
286153 0
279364 0
036618 0
088863 1
057052 0
054955 0
141460 0
008997 0
066812 1
254226 0
279780 2
053708 1
035109 0
200179 0
067094 0
271023 0
092379 0
016520 0
204350 0
067145 0
048597 0
053267 1
177352 0
057969 1
254781 0
057972 1
257518 0
057058 0
200549 0
279611 0
086767 1
270542 0
204358 0
077214 0
157127 2
198282 0
279783 0
157160 0
086986 0
067454 0
138461 0
066933 0
189967 0
285064 0
035092 0
220084 0
035498 0
070043 0
062720 0
165301 0
028171 2
121514 0
103216 0
052338 0
282619 0
127443 0
052068 0
279836 0
093068 0
053316 0
077243 0
039148 0
257562 0
012335 0
017448 1
280871 0
279841 0
029151 1
053100 1
011507 0
278497 0
093120 0
007605 0
085338 0
077249 0
053213 1
279737 0
062502 0
026832 1
092399 0
285066 0
053783 0
284212 0
279893 0
003228 0
179956 0
279906 0
064885 0
285647 0
008157 0
094433 0
028172 2
206821 0
051801 0
026002 0
209083 0
056786 1
058274 0
211568 0
099674 0
026825 0
053208 1
209097 0
220152 0
064251 0
200135 0
243321 0
086310 0
235903 0
035091 0
087037 0
050586 1
098205 0
170354 0
284273 0
050579 1
057171 0
220175 0
009440 0
151924 0
058301 0
091198 0
005203 0
170182 0
060852 0
129362 0
025936 0
224282 0
053395 0
053919 0
288925 0
221348 0
053123 0
224802 0
144131 1
027679 0
140089 0
104543 0
158580 0
001955 0
040918 0
125314 0
287877 0
158576 0
169115 0
108174 0
284316 0
117797 0
000545 0
077218 0
289613 0
243396 0
054181 0
008592 1
164683 0
144144 1
041799 0
065138 0
265206 0
027006 0
243882 0
003202 0
127784 0
266368 0
268993 0
284174 0
035105 0
243315 0
164307 0
169116 0
120848 0
098232 0
219881 0
044033 0
169072 0
139542 0
052287 0
007332 0
062648 0
079313 0
226096 0
099759 0
012799 0
066409 0
061810 0
280662 0
231765 0
281209 0
236591 0
002239 0
080639 0
127546 0
071397 0
083569 0
283245 0
093856 0
026991 0
279787 0
039184 0
041817 0
086315 0
044157 0
083557 0
113013 0
158634 0
178501 0
010479 2
023532 0
271914 0
207160 0
044988 0
041693 1
071351 0
036502 0
059312 0
222233 0
008526 1
095369 0
187652 0
170355 0
062636 0
269164 0
284479 0
033312 0
129352 0
165274 0
194134 0
196490 0
252764 0
129353 0
083047 0
029687 0
279793 0
008053 0
285996 0
261164 0
034315 0
024451 1
114503 0
024431 1
019843 0
281208 0
279837 0
275518 0
024468 1
