256945 0
230335 2
173411 0
230340 2
230428 2
230355 1
230426 2
206291 1
173315 2
087036 0
206280 1
087041 0
206269 2
230364 2
193018 0
230363 2
275039 0
258140 1
164134 0
267885 0
257920 1
173400 2
198157 1
198115 1
173409 2
274640 0
223497 2
205411 1
198118 1
275090 0
198455 1
196063 2
197992 1
198415 1
204806 1
204674 2
264311 1
198101 1
204476 2
197993 1
277388 0
010931 0
202656 1
210492 1
193241 2
190777 1
222898 0
274838 1
230344 1
234886 0
196066 0
244873 2
226723 0
231924 0
274836 1
234716 0
275079 1
275403 1
172767 2
275074 1
172779 1
256889 2
230337 2
232463 2
156843 0
275035 0
264624 0
153085 2
274998 1
242337 1
242333 2
237435 1
257393 1
275135 1
275163 1
275414 1
257438 1
158948 2
274605 0
256867 1
256932 1
275664 1
275659 1
256982 1
229348 1
274568 1
264989 1
256970 1
172953 2
274678 1
161226 0
275416 1
269048 1
276699 0
257138 1
237420 1
274746 1
275415 1
274797 1
015890 1
156262 0
259444 0
243031 1
274685 1
013205 0
268780 1
254610 1
274996 1
237419 1
275260 1
256893 1
226275 0
257094 1
265329 1
190808 1
274703 1
274639 1
274786 1
275402 1
269074 1
256940 2
226748 0
269611 1
257390 1
274633 1
192945 1
274762 1
274709 1
190778 1
274600 0
265315 1
269614 1
275396 1
275341 0
172954 2
268762 1
275400 1
201070 1
257234 2
256880 1
275076 1
275061 1
257237 1
190386 2
274871 1
274724 1
190827 1
274566 1
257038 1
268960 1
275078 1
274873 1
275059 1
201148 1
275212 0
152037 0
274713 1
266772 1
253381 0
257443 1
274757 1
275000 1
250845 0
274772 1
275062 1
142258 0
201059 1
257499 1
274997 1
201142 1
196878 0
265245 1
274711 1
277318 0
257415 1
226726 0
275033 1
257503 1
267989 1
201060 0
265282 1
012969 0
253389 0
274706 1
274736 1
274680 1
275056 1
274636 1
274712 1
275275 1
274579 1
258353 1
269465 1
254519 1
275171 1
196065 1
257135 1
265147 0
274749 1
201071 0
275399 1
257172 2
275002 1
253444 0
215301 0
275001 1
256892 2
160776 0
257313 1
274742 1
176466 1
256931 2
275052 1
165833 1
124755 0
192677 2
275413 1
201220 1
274779 1
195894 1
276002 0
184192 2
257324 1
274854 0
268678 1
256116 1
165747 1
266768 1
192655 2
269602 1
268944 1
274732 1
268663 1
192663 2
268674 1
192675 2
274727 1
275178 1
164133 0
274701 1
256890 2
274624 1
226725 0
266362 1
275048 1
268611 1
201143 0
266443 1
257110 1
257678 1
266072 1
265224 1
270957 1
237434 1
192678 2
266069 1
243639 0
268954 1
257166 1
274609 1
275395 1
274674 1
274716 1
269020 1
219199 0
269036 1
275026 2
274841 1
256888 2
256993 1
219206 0
274574 1
244319 1
270992 1
184158 2
235789 1
172912 2
244305 1
274617 1
274658 1
274592 1
273940 1
165875 1
276006 0
274733 1
253386 0
258195 1
221429 1
257134 1
279054 0
192558 1
244397 1
275049 1
275401 1
165837 1
253390 0
256965 2
172886 2
194742 1
283475 0
278616 1
253445 0
276651 1
275068 1
137856 1
274662 1
275022 1
275486 1
165716 1
244399 1
257672 2
173347 2
166056 1
137833 1
256987 2
274627 1
269547 1
267124 1
275053 1
266784 1
173190 0
275069 1
229488 1
201149 0
273448 1
278005 0
253812 1
173326 2
194745 1
282096 0
173334 1
275030 0
275057 1
282847 1
278548 1
190457 0
165743 1
173216 2
274595 1
226724 0
277516 1
275031 0
274768 1
275006 1
241490 1
286781 1
257370 1
274635 1
173213 2
287543 0
274764 1
276664 1
277517 1
253443 0
286493 0
259841 1
265153 0
257589 1
244416 1
253517 0
268961 1
274602 1
253518 0
274820 1
156351 1
275060 1
278547 1
257974 1
274734 1
208136 0
137821 1
274541 1
282864 1
278615 1
274744 1
173329 2
275137 1
257181 0
012750 2
274775 1
173397 2
249772 0
229631 2
247309 1
215425 0
151545 2
172888 0
236395 0
276844 1
259015 1
137861 1
234114 1
276359 1
271054 1
257361 1
275430 1
172748 1
215419 0
269307 1
274020 1
276848 1
237009 1
280219 1
137293 1
274739 1
257374 1
275397 0
274805 1
257973 1
194719 1
276849 1
286808 1
282846 1
274601 1
187255 2
274014 1
198025 1
018867 0
173389 2
184530 2
275292 1
158332 0
234111 1
137364 1
207079 0
202248 2
274748 1
250875 0
274760 1
175397 0
211166 0
257302 1
245033 1
151313 1
274737 1
274754 0
257365 2
253810 1
264770 0
160817 0
255673 0
274684 1
219409 0
225764 1
267160 1
277428 1
257307 1
141958 0
238226 0
137374 1
275038 1
274720 1
274747 1
274667 1
277310 0
275032 1
152397 2
137316 1
286643 1
234068 2
158330 0
274783 1
225781 1
277326 0
181240 0
173381 1
271059 1
173330 2
247387 1
173202 2
137288 2
253516 0
161176 1
007440 0
173331 2
240547 0
279053 1
274740 1
184556 2
247346 1
277689 0
275283 1
172893 2
274753 0
253648 1
232476 1
163111 0
253813 1
227761 0
173248 2
275125 1
153710 1
173386 1
173408 1
237403 1
173686 1
257402 1
274755 1
279055 1
176308 2
006449 1
274962 1
276653 1
280677 0
187259 2
152394 2
238482 2
202805 2
274777 1
273216 1
274570 1
274625 1
276744 1
264798 0
286714 1
016029 1
184555 2
274573 1
280684 0
274778 1
173898 1
274670 1
276767 1
227723 1
157915 2
278606 1
274562 2
161303 1
260380 1
245257 0
184518 2
286782 1
184588 2
272508 0
286809 1
012978 0
148718 0
221180 1
194727 1
253522 0
163129 2
010786 2
198244 1
276842 1
260364 1
161388 1
274807 1
213502 0
275121 1
156124 2
235141 1
190852 1
234066 1
257161 1
173362 0
162056 2
257121 1
193651 0
257401 1
136149 0
225396 1
153052 1
148724 0
170618 2
225391 1
160785 0
270948 1
276458 2
210361 1
270892 0
274741 1
274632 1
275398 1
275151 1
010282 0
151310 1
163126 2
253515 0
018787 1
268508 0
173257 2
153712 1
283118 0
277003 1
148992 1
226749 1
225455 1
168383 0
197244 1
200051 1
279064 1
155760 0
274626 1
000106 1
279002 1
257502 1
281456 0
264799 1
206973 0
278621 1
187766 0
277004 1
121895 0
013218 0
264858 1
274801 1
274830 1
201147 0
244974 1
172874 0
263989 1
158185 2
187276 1
153792 1
286424 1
047359 0
153556 1
267334 1
168365 0
274719 1
152398 2
275913 0
286427 1
261665 0
002622 2
161146 1
257140 1
257207 2
154734 0
239795 0
284974 1
276357 1
252444 0
276748 0
234835 1
278532 1
182488 2
153458 0
283188 1
201672 2
270979 1
156693 2
161356 1
257167 2
265816 0
201691 2
225395 1
274620 1
270058 0
158186 2
260633 0
009509 0
276338 1
259445 0
211234 1
276742 1
162338 2
287546 1
197763 1
162882 2
231898 1
284985 1
274587 0
285304 1
274815 1
154131 1
154835 0
158933 0
173207 2
201069 0
275805 1
275071 2
275738 1
253520 0
270967 1
276714 0
148961 0
158036 1
267485 0
228971 1
275857 1
285989 1
276648 1
257168 1
279059 1
225454 1
275081 2
211028 0
197756 1
240606 0
269751 0
160331 2
169323 0
161847 1
016165 0
221656 1
285953 1
168532 1
160787 0
264860 0
006633 0
244910 1
160789 0
159852 2
171519 1
141561 2
139392 1
198100 0
153571 1
164224 0
256582 1
154958 1
169185 0
265152 0
162819 2
173387 2
168489 1
127117 2
244972 1
201954 2
173390 2
153558 1
257218 1
018698 1
128198 0
172224 0
276864 1
278538 1
275080 1
211649 0
002815 1
279051 1
278512 1
257117 1
178869 0
254994 1
196459 1
276658 1
192394 1
156494 0
139475 2
276380 1
276566 1
259514 1
150202 1
244973 1
192572 1
234849 1
274366 1
151544 1
154775 1
154141 0
270939 1
244971 1
287774 1
270986 1
226841 0
154771 1
178183 0
082940 0
233991 0
267933 1
274365 1
145551 0
150125 1
244964 1
168501 2
153535 1
271036 1
173060 0
271124 1
235866 0
127264 1
256886 2
253127 0
257127 1
158714 1
276757 0
154568 1
137220 2
163762 1
260050 0
154126 2
154824 1
154957 2
212597 0
173253 1
002315 1
138290 1
213499 0
273426 1
153968 2
163109 0
279065 1
233025 0
082641 1
200738 0
190644 2
276861 1
280691 0
165387 1
225787 1
221402 1
278916 1
264027 1
276593 1
174701 0
257139 1
134492 0
179398 1
160790 0
276778 1
276379 1
181248 0
270775 1
276565 1
247029 1
198024 1
264990 0
150117 1
127279 2
257157 1
167223 0
276863 1
271007 1
234820 1
154881 0
271032 1
278702 1
168502 2
153463 0
179117 0
278785 1
276939 1
157893 2
252475 0
154130 0
278569 1
254911 0
273451 1
151306 1
154786 1
241376 0
259436 0
216123 0
164132 0
151318 1
158606 1
151305 1
217221 0
282731 0
225780 1
277173 1
158934 0
154763 1
276860 1
276971 1
277466 1
247385 1
195474 0
163100 0
257145 1
133162 1
119489 0
255411 1
257320 1
284924 0
230065 2
191890 1
162876 2
286426 1
278684 1
257023 1
014352 1
196879 0
194247 0
164623 0
016087 0
196438 0
253072 1
252492 0
278640 1
154427 1
164146 0
252501 0
174779 0
157176 1
239343 1
239866 0
238299 0
280024 1
286423 1
157887 1
164091 1
210727 1
026185 0
236368 0
277175 1
276678 1
234736 1
008665 0
173412 2
116046 0
164131 0
236111 1
276749 1
270881 1
256447 2
257498 0
243634 1
264859 0
079258 1
277000 1
234413 1
234744 1
276731 1
257420 1
277413 1
147163 0
149142 1
213213 1
276945 1
267238 1
225610 0
257321 1
177565 1
124268 0
286480 0
157679 1
267401 1
247415 1
234026 0
263191 1
229438 1
256927 1
273262 1
257108 1
284330 1
259437 0
278641 0
253521 0
196081 1
004428 0
278847 0
285320 1
233597 0
200607 0
141877 0
153978 1
271679 1
272574 0
154522 1
270889 1
054071 0
272303 1
256043 1
154591 1
255674 1
196465 0
177571 1
010446 0
254903 0
170538 2
277228 1
273221 1
154826 1
197039 1
155031 2
270981 1
274832 0
219171 0
178083 1
269246 1
002081 0
163471 0
175742 0
154482 1
117104 0
247384 1
255652 1
229808 0
210266 0
235523 0
240271 1
053248 0
257426 1
216295 1
196875 0
055489 0
197214 1
270958 1
013240 0
160865 1
173413 2
263187 1
148796 0
282863 0
221581 1
270935 1
239074 0
138292 0
247028 1
269168 1
173415 2
253086 0
260403 0
221637 1
270974 1
053109 0
243640 1
239252 0
071106 1
199069 1
267886 0
280042 0
260615 0
280083 0
276950 0
082015 0
283447 1
154490 1
276906 1
104279 1
279422 1
257937 1
230320 0
275427 0
278243 1
138253 1
271304 1
079259 1
218076 0
071104 1
198889 1
238372 0
199042 1
232399 0
259194 0
199068 1
201578 0
188101 2
173388 1
199044 1
187815 2
276751 0
242010 0
222055 1
276677 1
219727 0
276661 0
199096 1
278540 1
278851 1
114128 0
015215 0
268031 1
082639 0
007158 2
173384 0
203135 0
227734 0
219675 1
138289 0
240550 0
276782 1
057616 0
254248 1
272460 0
148787 1
242016 0
275070 1
201533 0
279771 1
173650 1
273903 1
154843 1
172929 2
229962 0
163455 1
191185 2
277212 1
285653 1
156642 1
270993 1
281462 0
229285 0
270987 1
276732 1
016635 1
222521 1
154809 1
015744 1
276733 1
242008 0
267629 1
271601 1
197205 1
280080 0
138325 0
242018 0
019032 1
156647 2
176408 1
154173 1
280393 1
219884 0
183333 0
104277 1
075049 0
229283 0
008421 0
276339 1
008639 0
260174 0
229915 0
232949 0
153075 0
280696 0
119482 0
271083 0
267262 0
250460 2
121893 0
276358 1
271110 1
256788 0
176731 1
139406 0
138763 0
227251 0
161192 0
280459 0
057706 0
220748 1
124372 0
161263 0
276673 0
152276 1
172878 1
178286 0
278383 1
187805 1
260642 0
271044 1
221887 1
250025 0
232389 0
173398 2
284161 1
276360 1
004695 0
277745 1
283476 1
218821 0
154898 1
154793 0
254390 0
257633 0
277742 1
276891 0
153081 0
239602 0
283448 1
262453 0
276736 1
157181 1
269894 1
276996 1
154764 1
238381 0
155576 1
271313 1
205780 0
282669 0
168132 0
154789 2
160962 1
154788 2
277227 1
052775 1
132621 0
281038 1
002353 0
056261 0
281406 0
280039 0
154633 1
276843 1
233594 0
177920 1
133291 0
231017 0
160610 2
274256 0
169617 0
077248 0
278629 0
276381 1
117133 1
176693 1
137302 1
275521 1
195008 0
154632 1
118605 0
253699 1
195010 0
129926 0
275280 1
154524 0
231070 0
276567 1
165398 1
271015 1
278559 1
117120 1
174651 0
193349 0
171539 0
253793 1
278386 1
176221 1
253165 0
173420 1
170523 2
001552 1
196877 0
236383 0
154429 1
160616 2
280411 0
181744 1
205782 0
115973 1
169647 1
017976 0
177971 1
281936 1
253822 1
253523 0
175457 0
253853 1
256866 1
150551 0
218225 0
273250 1
276668 1
100983 0
193661 0
224069 1
239064 0
116876 0
239614 0
199171 0
274585 1
101282 0
223899 0
174422 1
194510 0
254373 1
278170 0
156492 1
117114 0
047623 0
139112 0
254379 1
271322 1
085621 1
174625 0
107759 1
276659 1
155167 0
173335 1
276689 1
046309 0
276679 0
172978 0
275472 1
085631 1
150878 1
141167 0
164280 0
275349 1
228028 0
276728 1
165395 0
238297 0
283607 0
148772 2
130159 0
242006 0
016057 0
232344 0
175538 0
013741 0
254381 1
276727 1
013856 0
154068 1
173318 2
276917 1
138385 1
277211 1
240284 1
126149 0
162351 1
276729 1
128298 0
154756 1
174628 0
164291 2
154811 1
153648 0
254383 1
156486 1
254391 1
253129 0
048022 0
253382 0
096663 0
018483 0
148545 0
008754 2
268176 1
201580 0
123072 0
047712 0
277265 1
264811 0
174838 0
162776 0
237595 0
174650 0
156493 1
276992 1
275050 0
283205 0
107772 1
113316 0
282720 0
253084 0
199440 0
162744 0
182495 0
154518 2
283215 0
128314 0
176220 1
154823 1
282735 0
275350 1
221981 1
047410 0
270953 1
137300 0
118924 0
271591 1
173205 1
154067 1
280023 0
057277 0
159003 1
068660 0
267273 0
176735 1
153988 0
253359 0
283477 1
094851 0
273888 0
257455 1
175805 0
173200 2
153969 1
275509 1
049168 1
154749 2
251323 0
275034 0
126321 0
264857 0
154836 1
276825 1
154802 2
147090 0
049176 1
107993 0
198690 0
262899 0
114545 0
173314 2
154481 1
025714 1
284964 0
271077 1
196509 0
175554 0
154845 1
267173 0
136200 0
221693 0
276725 1
251331 0
273214 1
236399 0
276801 1
176421 1
046548 0
277283 0
014208 1
219126 0
271065 1
047229 0
201531 1
056996 0
288228 0
176738 2
177885 0
150088 1
097090 0
030764 0
209054 0
192995 0
278766 0
012215 0
134247 0
276716 1
149025 0
209172 0
153261 0
276738 1
270994 1
187724 0
278551 1
173275 1
276739 1
276822 1
154489 0
183119 0
006604 0
277226 1
273433 0
200925 0
238406 0
189917 1
253380 0
275543 1
148555 0
016007 0
270485 0
154790 2
238269 0
176170 0
138236 2
164369 1
194250 0
187717 0
281750 0
004884 0
119492 0
146736 0
005411 1
152236 0
244233 0
280040 0
048009 0
154517 2
016093 0
286644 0
136483 0
221903 1
279347 0
278632 1
278637 1
273305 1
276723 1
234213 0
287517 0
229947 0
140539 0
276750 0
269513 0
014603 1
053031 0
041905 1
052637 1
256112 0
233545 0
178866 0
277210 1
099631 0
280715 1
005083 0
132716 1
269390 0
154671 1
087283 1
138237 1
023402 1
278550 1
256415 0
241377 0
029659 0
219403 0
224392 1
193652 1
137638 0
061214 1
163136 0
273961 1
181845 0
057691 0
159004 1
253387 0
117290 1
142837 0
275814 0
164261 0
192814 0
154798 0
154506 0
265349 0
162815 1
130303 0
176733 1
283605 0
275594 1
176222 2
253391 0
166305 0
271391 1
137365 1
276700 1
173042 1
278207 0
278917 1
273880 0
277209 1
055341 0
169098 0
181228 0
160379 0
274604 0
202657 0
276667 1
156847 0
270954 1
132796 1
276808 1
257454 1
278488 0
090616 0
276726 1
256938 2
272193 1
221437 0
278145 0
270977 1
154813 0
271509 1
154831 1
154672 0
200602 0
279267 0
273936 1
047645 0
007457 0
112792 1
119892 1
164110 0
149335 0
223479 1
152231 0
275586 0
239613 0
176426 1
219643 1
176695 1
139674 0
109711 0
256135 0
224160 1
272190 1
224300 0
200561 0
253569 0
119192 0
272362 0
278672 0
220115 0
223961 1
211005 0
169286 0
124276 0
255347 0
142297 0
254105 0
047691 0
013769 0
182637 1
221847 1
182631 1
256411 0
279399 0
260251 0
265455 0
157276 0
162356 1
053844 0
221717 0
007152 0
153002 0
228685 0
054306 0
082938 0
174638 0
173805 1
266849 0
241212 0
193659 0
048718 2
193660 1
154516 0
132795 1
271924 0
253446 0
194521 0
002819 1
140626 0
256585 0
158453 1
005089 0
275676 1
004324 0
275365 1
253519 0
181239 0
275485 1
077143 1
