222411 0
015842 0
206534 0
051209 0
139552 0
124761 0
216411 0
162602 0
051194 0
178482 0
221708 1
231729 2
231734 2
200983 1
243426 0
199560 1
201081 1
200969 1
201400 1
201255 1
201258 1
200476 1
219516 1
219493 1
221913 2
221911 2
222073 1
269301 1
197356 1
208638 0
222127 1
243227 0
219182 1
219549 1
263369 1
280647 0
262452 1
201884 0
083067 0
219135 1
219756 1
257785 0
165103 0
219768 1
219763 1
219767 0
019053 0
222234 1
221875 1
217215 1
221770 1
230837 1
264675 0
222235 1
191748 0
260871 1
220010 1
260904 1
045809 0
260973 1
260972 2
173060 0
260971 1
221868 2
275814 0
221861 1
139169 0
225425 0
219942 1
262158 0
288056 0
162992 0
230810 0
025309 0
163736 0
163027 0
220015 2
208102 0
006703 0
276792 0
225421 0
191747 0
022398 0
260990 1
258542 0
278805 0
279792 1
266724 0
220016 2
163880 0
042205 0
109711 0
279788 1
006243 0
219995 2
265165 0
288057 0
219972 1
115286 0
230009 0
225956 0
211241 1
078158 0
261018 1
253914 0
053112 0
230159 0
278802 0
018663 0
039042 0
041325 0
261046 1
221740 1
199752 0
028855 0
169185 0
278307 0
285576 0
218890 0
262159 1
034346 0
271661 0
164492 0
033977 0
260991 0
070350 0
261019 0
009119 0
270873 0
227675 0
243192 1
083166 0
219661 1
033346 0
049741 0
205443 0
212669 0
009389 0
050887 0
208619 0
051742 0
164043 0
044851 0
164504 0
140635 0
195244 0
219510 0
277396 0
027508 0
115527 0
042890 0
178861 0
221693 0
162643 0
217978 0
205446 0
225150 0
243183 0
264409 0
270829 0
261311 1
261047 1
243191 1
198035 0
029261 0
038951 0
242271 0
214477 0
095965 0
136158 0
221411 0
137812 0
220424 0
098222 0
223288 0
077365 0
183930 0
262573 0
261313 1
220394 0
032794 0
270824 0
162425 0
242598 0
264031 0
070603 0
011169 0
276033 0
208686 0
080459 0
154476 0
181765 0
234809 0
095209 0
225762 0
275710 0
275726 0
244513 1
077374 0
279544 1
173606 0
155136 0
083032 0
173617 0
205221 0
225422 0
095941 0
244521 1
006341 0
219487 0
265349 0
245006 0
279097 0
230890 0
279543 0
191360 0
141793 0
000494 0
275735 0
227761 0
116322 0
194441 0
115807 0
205187 0
027511 0
022376 0
219587 0
025214 0
221864 0
275725 0
271910 0
278303 0
156872 0
236826 0
260898 0
215091 0
199182 0
053519 0
039545 0
232609 0
003469 0
028432 0
044955 0
225151 0
206271 0
218098 0
227663 0
220679 0
058019 0
253915 0
059140 0
242606 0
219514 0
216167 0
196650 0
147377 0
065268 0
173521 0
007089 0
041627 0
142145 0
057888 0
163318 0
156550 0
083153 0
101338 0
226497 0
275736 0
221388 0
262574 0
022682 0
186749 0
243353 0
043798 0
237963 0
243351 0
229563 0
225959 0
254939 0
010714 0
186260 0
164413 0
279096 0
228507 0
036074 0
242597 0
218076 0
218869 0
217048 0
269751 0
266726 0
142184 0
026185 0
126530 0
139836 0
140645 0
058202 0
262900 0
196658 0
264035 0
225149 0
275418 0
217934 0
164498 0
126434 0
245456 0
041103 0
215802 0
188475 0
222155 0
134320 0
277670 0
240602 0
243194 0
155137 0
258445 0
221291 0
231673 0
215424 0
025448 0
142200 0
140587 0
197998 0
264038 0
169254 0
140527 0
229607 0
173620 0
256873 0
041346 0
205015 0
214809 0
158570 0
188465 0
016471 0
038948 0
280119 0
229617 0
245005 0
136707 0
149081 0
230166 0
115806 0
235872 1
222280 0
194937 0
226122 0
280794 0
111296 0
220388 0
103776 0
006333 0
043129 0
221191 2
206800 0
212535 0
058775 0
181832 0
232610 0
270602 0
077779 0
269643 0
242196 0
289031 0
225828 0
219394 0
019237 0
270640 0
211870 0
035966 0
250918 0
206474 0
166330 0
280201 0
269769 0
220703 0
036558 0
243352 0
276029 0
202565 0
213765 0
173493 0
013476 0
269117 0
051744 0
047019 0
163233 0
195208 0
147431 0
228883 0
210930 0
243465 0
070873 0
028845 0
055343 0
003374 0
163184 0
115600 0
267234 0
183328 0
053248 0
087522 0
231656 0
028502 0
162921 0
276891 0
285584 0
267637 0
049943 0
280791 0
147577 0
273266 0
285411 0
260897 0
176393 0
056009 0
101673 0
046562 0
218650 0
220593 0
267036 0
268845 0
050004 0
262155 0
025502 0
270554 0
221576 0
006639 0
196436 0
164494 0
195243 0
115269 0
173621 0
203640 0
156548 0
265799 0
043439 0
250911 0
031620 0
086484 0
015065 0
188050 0
242364 0
265862 0
224930 0
221748 0
193228 0
282483 0
175611 0
158866 0
162917 0
217192 0
085574 0
109710 0
231502 0
141742 0
230849 0
263322 0
215182 0
211782 0
103523 0
175610 0
229417 0
047844 0
163612 0
115590 0
224924 0
223889 0
151200 0
271813 0
029611 0
048009 0
040992 0
164693 0
243350 0
275034 0
053109 0
006008 0
082005 0
175616 0
242357 0
082131 0
227677 0
050440 0
265866 0
257787 0
156873 0
288558 0
197213 0
274015 0
004992 0
212442 0
139042 0
188683 0
018313 0
208989 0
036561 0
018065 0
005750 0
230859 0
225309 0
038558 0
231665 0
107707 0
221997 0
255017 0
028611 0
210500 0
048244 0
034356 0
190736 0
201504 0
162750 0
164429 0
100923 0
049748 0
047981 0
212318 0
132235 0
276206 1
270607 0
187909 0
276205 0
260609 0
197252 0
115284 0
039763 0
266656 0
043609 0
186756 0
024576 0
158691 0
172874 0
214368 0
062544 0
197193 0
210998 0
231811 0
082139 0
080734 0
268639 0
201502 0
279476 0
259065 0
174482 0
197827 0
115926 0
205048 0
262576 0
218742 0
218147 0
259966 0
059149 0
101389 0
196873 0
188945 0
243459 0
218201 0
027104 0
217636 0
104046 0
039040 0
262154 0
283924 0
048315 0
259956 0
131798 0
279775 0
236678 0
047839 0
233812 0
004328 0
218225 0
041116 0
222532 0
196861 0
244977 0
226752 0
055729 0
226488 0
268084 0
278516 0
217221 0
116956 0
010846 0
025828 0
263170 0
153920 0
111633 0
236114 0
042528 0
243419 0
176112 0
016003 0
209842 0
214776 0
075156 0
070639 0
044250 0
107704 0
254322 0
284943 0
050936 0
179398 0
259160 0
196951 0
215061 0
215626 0
103812 0
275341 0
223885 0
160482 0
062526 0
063843 0
023183 0
273402 0
026260 0
209557 0
188611 0
266796 0
095885 0
249953 0
266216 0
116324 0
082039 0
155605 0
219014 0
243425 0
188665 0
080292 0
216301 0
055899 0
123798 0
188725 0
219292 0
225944 0
188462 0
263958 0
278360 0
261782 0
280135 0
079721 0
220794 0
278325 0
240607 0
210791 0
201225 0
227949 0
203776 0
214259 0
226811 0
289209 0
000439 0
223313 0
283946 0
237977 0
116317 0
186645 0
243675 0
223679 0
044308 0
219918 1
201685 0
196676 0
050885 0
099487 0
220066 1
