088377 0
002679 1
001444 1
065960 0
199789 0
133642 1
133632 1
133668 1
132050 1
132010 1
132008 1
157848 0
086851 0
158089 0
186587 0
157973 0
181306 0
131319 0
154119 0
085755 0
085753 0
136538 0
182014 0
182032 0
135304 0
091798 0
148993 0
018284 0
091797 0
158866 0
052235 0
133959 0
260616 0
132135 2
199787 0
147739 0
150141 0
273798 0
132567 0
186600 0
202240 0
132614 0
080703 0
133774 1
133770 1
137416 0
133331 2
012502 0
133702 2
154475 0
133703 2
133709 2
133707 2
080769 0
133302 2
182262 0
086698 0
127977 0
141904 0
036949 0
133299 2
169289 0
133297 2
133612 1
001458 2
131953 2
147736 0
133119 2
150094 0
138652 0
137420 0
133669 2
148999 1
133093 2
133100 2
133088 2
149000 0
133480 1
133674 0
133610 2
133611 1
133188 2
148707 0
133171 2
181042 0
161340 0
134268 0
149004 0
142078 0
136807 0
133138 0
133376 0
157854 0
147731 0
089727 0
135710 0
133312 0
163967 0
068974 0
147738 0
001887 0
001109 1
130320 0
134989 0
211232 0
155920 0
007099 0
142926 0
002545 0
139983 0
134919 0
131613 0
148994 0
109543 0
151229 0
135126 0
264496 0
129059 1
140052 0
133044 0
111519 0
157072 0
002777 0
079430 0
131683 0
260617 0
129054 2
018134 2
007046 0
133941 2
133253 0
132136 1
129018 2
110599 0
002855 1
132080 1
117943 0
140094 0
018023 0
011293 0
150577 0
139884 0
009742 1
134952 0
132566 0
140395 0
122139 1
138468 0
122129 1
162939 0
135974 0
133869 0
122110 1
122059 1
131875 0
100189 0
132898 2
132825 1
149001 0
130313 0
131058 0
132824 1
132807 1
132803 2
117555 0
140525 0
141205 0
133028 0
131843 0
133015 0
132805 2
131631 0
132458 0
181574 0
133736 0
137248 0
134001 0
009594 0
092000 0
147895 0
131028 0
100873 0
121487 0
011838 0
132019 1
151768 0
132666 2
097624 0
140078 0
141254 0
148508 0
132396 0
137421 0
131030 0
258326 0
127213 0
140463 0
139093 0
109641 0
134108 0
146133 0
144196 0
268095 0
129705 0
151744 0
131954 2
132685 1
133893 0
130385 0
147905 0
134005 1
132017 1
117766 0
148469 0
132020 1
260671 0
135470 0
101782 0
003102 0
087372 0
132670 1
132751 1
132052 1
216825 0
007436 0
161339 0
007671 0
127211 0
145426 0
147887 0
134275 1
156777 0
130660 0
130309 0
119613 0
007492 0
131615 0
138824 0
178739 0
017629 1
043716 0
150008 0
176882 0
148972 0
129357 1
137219 0
134305 0
141937 0
137111 0
009412 0
152100 0
133737 0
121871 0
143034 0
133362 0
130393 0
134024 0
132592 0
093658 0
002683 0
136300 0
071318 0
182785 0
098657 0
132771 1
123874 0
194987 0
129405 1
131660 0
129429 0
017250 0
130418 0
131642 0
101833 0
087548 0
111595 0
127896 0
129751 0
130356 0
138459 0
110295 0
136475 0
140098 0
180461 0
153287 0
017246 0
001113 0
122973 0
153681 0
142126 0
137403 0
123034 1
123037 0
151485 0
140777 0
258190 0
131605 0
139656 0
110527 0
007476 0
164294 0
132677 0
130695 0
156534 0
204595 0
147564 0
137070 0
134915 0
133730 1
146213 0
133723 1
133729 1
130216 0
101649 0
133664 2
168869 0
131648 0
113106 0
012422 0
133582 1
111453 0
018000 0
146707 0
126366 0
129035 0
140211 0
142739 0
131675 0
108996 0
152540 0
133853 2
140477 0
149232 0
132909 0
192115 0
136078 0
145632 0
012491 0
097943 0
136693 0
210022 0
158140 0
122975 0
011900 0
130582 0
117794 0
003339 0
127799 1
140479 0
122457 0
127831 0
137560 0
261991 0
134902 0
161869 0
127903 0
001580 1
133874 2
109787 0
132046 1
140445 0
139638 0
133871 1
136077 0
091654 0
066546 0
130005 0
130883 0
109530 0
123030 0
012394 0
007447 0
128695 0
122970 0
133675 2
108044 0
068957 0
142314 0
111579 0
283836 0
099888 0
140967 0
010357 0
154653 0
142201 0
230168 0
188415 0
133598 1
108060 0
109451 0
001330 0
100872 0
109011 0
102198 0
158228 0
227829 0
097530 0
180609 0
133427 1
262747 0
091974 0
003340 0
258204 0
092858 0
139721 0
179121 0
017831 1
115341 0
157073 0
158864 0
160322 0
154464 0
133268 0
268464 0
125192 0
153673 0
136559 0
146481 0
130164 0
008534 0
127888 0
017760 0
104491 0
180459 0
194181 0
117970 0
133348 1
093071 0
004534 0
108036 0
147889 0
158664 0
133812 0
177201 0
007635 0
113100 0
123878 0
183295 0
153706 0
225368 0
123953 0
123876 0
004992 0
111352 0
143571 0
131572 0
111224 0
140423 0
116695 0
117184 0
141688 0
132911 0
159711 0
260629 0
138708 0
131849 0
140124 0
152103 0
131145 0
186645 0
145412 0
112228 0
123906 0
109971 0
131669 0
156261 0
134436 0
180622 0
116616 0
097944 0
146401 0
107706 0
108504 0
133841 1
075589 0
127889 0
131805 0
151240 0
131667 0
144352 0
133829 1
130190 0
158418 0
001242 1
002772 2
130248 0
117450 0
128692 0
155853 0
108586 0
286399 0
139627 0
005003 0
137291 0
152400 0
136270 0
009042 0
160300 0
133131 0
006236 0
140112 0
135666 0
185997 0
133568 0
119380 0
124948 0
133684 1
131946 0
138287 0
000716 0
141143 0
108500 0
128869 0
017832 1
133581 2
131987 0
099179 0
147350 0
155412 0
134835 0
009029 0
123834 0
080201 0
133099 0
138674 0
111560 0
132182 2
005483 0
127087 0
019448 0
129124 0
166324 0
133735 2
136273 0
143899 0
085015 0
141889 0
131084 0
109041 0
080022 0
087529 0
020323 0
007221 0
005220 0
121098 0
137131 0
134942 0
092943 0
052063 0
235520 0
112623 0
130750 0
274731 0
009948 0
137309 0
142385 0
137993 0
138536 0
017800 0
115523 0
011862 0
132907 0
132839 1
009346 0
130974 0
099196 0
130002 0
110301 0
283839 0
189636 0
109975 0
155927 0
138859 0
128694 0
133365 1
098719 0
108096 0
101365 0
168223 0
015294 0
143902 0
141756 0
199720 0
170297 0
121816 0
133283 0
158429 0
133753 0
151919 0
127107 0
009047 0
017815 0
129109 0
160230 0
133358 2
008193 0
131623 0
181327 0
028338 0
132952 1
135291 0
180519 0
139214 0
005447 0
181971 0
090789 0
092785 0
114749 1
110272 0
241349 0
097883 0
092081 0
114712 0
144541 0
102019 0
111657 0
092125 0
190381 0
132938 1
001616 0
102060 0
113263 0
007711 0
129725 1
101109 0
011298 0
132910 1
134076 2
130499 0
269809 0
006188 0
109114 0
132678 0
213550 0
108057 0
186315 0
129061 0
133200 1
099181 0
007437 0
140320 0
132955 0
016799 0
012198 0
132922 0
181732 0
135306 0
129730 1
018215 1
129728 1
137507 0
179120 0
132830 1
099453 0
003438 0
098555 0
108054 0
108034 0
100090 0
066553 0
095694 0
132606 0
266361 0
133663 2
133195 1
028378 0
181809 0
144956 0
110310 0
133780 0
010128 0
101647 0
004877 0
260713 0
180984 0
133715 0
181714 0
220768 0
007316 0
133559 0
152530 0
137497 0
275232 0
158368 0
123848 0
148168 0
131554 0
102051 0
043741 0
098654 0
132386 0
133665 2
125735 0
000246 0
118199 0
116466 0
150212 0
001120 0
099415 0
140461 0
018346 0
131798 0
276198 0
133649 2
142036 0
112622 0
139654 0
148718 0
122436 0
133471 0
121539 0
112572 0
132203 2
184695 0
097563 0
101074 0
131792 0
051131 0
133761 0
142871 0
122699 0
181489 0
267829 0
150214 0
278828 0
117663 0
095442 0
092467 0
093686 0
112596 0
142046 0
129802 0
108018 0
135356 0
000825 0
284756 0
099212 0
127230 0
113715 0
129243 0
140142 0
124087 0
156263 0
129110 0
098655 0
001743 0
136241 0
101081 0
001459 0
176920 0
005188 0
133794 0
079190 0
063023 0
091132 0
261994 0
007268 0
131800 0
179106 1
194999 0
151825 0
192512 0
136537 0
119181 0
129612 0
133389 0
139969 0
269804 0
151397 0
140020 0
005885 0
205983 0
138841 0
134826 0
112385 0
140126 0
007044 0
129611 2
135381 0
111090 0
188401 0
129603 0
199721 0
131097 0
129853 0
017301 0
087364 0
131635 0
018623 0
132913 0
127863 0
009808 0
173024 0
120983 0
151111 0
114825 0
089749 0
151117 0
055627 0
160056 0
123725 0
129256 0
131318 0
004274 0
112570 0
134044 0
138881 0
134819 0
012780 0
011422 0
069826 0
134045 0
098692 0
015003 0
068338 0
131673 0
005320 1
097537 0
265776 0
131100 0
135058 0
122031 0
005616 0
140834 0
132436 0
137325 0
109140 0
133061 0
143186 0
205675 0
141687 0
136733 0
141686 0
111115 0
043740 0
118417 0
137456 0
119825 1
276197 0
132457 0
131311 0
174482 0
108514 0
064240 0
107838 0
142085 0
110963 0
122013 0
112595 0
133219 0
129783 0
137394 0
004075 0
128658 0
264907 0
012153 0
129588 0
131225 0
169573 0
161688 0
092690 0
130991 0
152962 0
069075 0
133891 0
283999 0
142177 0
101116 0
119817 0
080409 0
187103 0
114029 0
138526 0
094148 0
009608 0
164978 0
268851 0
140942 0
121962 0
136525 0
089354 0
141129 0
131628 0
010924 0
112601 0
137348 0
178867 0
142096 0
001278 0
145201 0
184659 0
169288 0
185956 0
133208 0
114824 0
135419 0
085323 0
108997 0
143015 0
118533 0
130297 0
131099 0
129127 0
188534 0
136652 0
129780 2
120982 0
286395 0
181910 0
091741 0
146715 0
181575 0
070002 0
097803 0
169407 0
137994 0
085082 0
149220 0
128690 0
002305 0
018589 0
131336 0
093017 0
141189 0
100719 0
129731 0
009844 0
004912 0
122417 0
109970 0
101924 0
001240 1
134057 0
265499 0
138870 0
130282 0
122740 0
110502 0
124951 0
142911 0
108985 0
129126 0
183368 0
151826 0
109211 0
138436 0
096345 0
131981 0
009750 0
266360 0
145734 0
141165 0
138426 0
095211 0
092863 0
017937 0
018328 0
000754 0
243170 0
133865 0
155316 0
136412 0
100075 0
141309 0
133899 0
135694 0
134095 0
110962 0
133779 0
102197 0
121552 0
161808 0
118410 0
036496 0
253534 0
131729 0
230833 0
136823 0
116615 0
140069 0
134596 0
013427 0
055703 0
133803 0
128485 0
117451 0
119668 0
155329 0
123623 0
001454 1
108485 0
192490 0
111147 0
269811 0
131340 0
006883 0
087368 0
288636 0
141156 0
005386 0
108581 0
133347 0
136563 0
091389 0
002526 0
004452 0
122149 0
138309 0
136302 0
098614 0
263322 0
109486 0
151383 0
131423 0
133696 0
243174 0
129226 0
125727 0
159872 0
003674 0
127500 0
009072 0
131982 0
112546 0
001062 1
085290 0
262396 0
122131 0
194968 0
151060 0
223965 0
007881 0
136834 0
131842 0
142181 0
134437 0
024577 0
166779 0
140436 0
117487 0
114573 0
134047 0
013032 0
138460 0
145442 0
140958 0
136332 0
131029 0
147142 0
080354 0
090787 0
117048 0
141906 0
071277 0
131699 1
139628 0
007237 0
133915 0
131793 0
111349 0
112328 0
117452 0
001180 0
130722 0
152401 0
148618 0
136344 0
001248 0
161286 0
132903 0
085259 0
151246 0
176922 0
152279 0
122051 0
135317 0
057380 0
135107 0
169613 0
003323 0
125011 0
142957 0
003799 0
002046 0
097891 0
131690 0
057354 0
128432 0
164389 0
118289 0
082652 0
128773 0
095543 0
151205 0
001919 0
128152 0
092116 0
140117 0
144215 0
135412 0
275187 0
000912 0
120000 0
007874 0
133680 0
036449 0
257685 0
122460 0
122021 0
230836 0
131177 0
101629 0
205179 0
133432 0
089782 0
126165 0
102999 0
146884 0
129732 0
271472 0
039509 0
000723 0
151510 0
101276 0
264905 0
007313 0
131733 0
097638 0
264975 0
133866 0
150576 0
139585 0
130302 0
095373 0
124121 0
182031 0
009735 0
146857 0
140339 0
264402 0
133694 0
150996 0
179699 0
122148 0
132216 0
131639 0
130965 0
109360 0
133512 0
096344 0
098650 0
133075 0
240522 0
231791 0
101374 0
136331 0
108768 0
101640 0
121292 0
117790 0
123014 0
140087 0
167429 0
133828 0
107783 0
148167 0
080406 0
100266 0
000127 0
115381 0
146925 0
093279 0
144954 0
140198 0
142684 0
123638 0
169581 0
097897 0
093561 0
112318 0
130412 0
118286 0
125443 0
093829 0
138370 0
133746 1
131610 0
142887 0
095232 0
041639 0
231334 0
132407 1
125679 0
134059 0
219280 0
018514 0
108519 0
145656 0
014210 0
058140 0
135570 0
088367 0
017268 1
107949 0
169838 0
133951 2
004911 0
122166 0
133760 0
111818 0
001078 0
114915 0
004426 0
135401 0
133790 0
128571 1
200962 0
005312 0
125441 0
143173 0
008091 0
017676 0
181962 0
107846 0
139603 0
200723 0
096341 0
131663 0
135465 0
117447 0
137966 0
093816 0
130653 0
132858 1
131229 0
140038 0
153773 0
128836 0
287007 0
003308 0
092038 0
132629 0
152443 0
135629 0
127261 0
140847 0
085249 0
189117 0
224570 0
017898 0
265349 0
212835 0
006478 0
117776 0
135977 0
278519 0
131413 0
189804 0
133755 0
194554 0
127805 0
102248 0
233624 0
009134 0
132773 0
128620 1
160167 0
263316 0
033402 0
135054 0
134546 0
156205 0
133901 0
128622 1
101066 0
138506 0
156680 0
128654 0
122221 0
129638 0
131662 0
128653 1
024568 0
128655 1
137275 0
128659 1
152079 0
130243 0
190138 0
109232 0
285074 0
126793 0
041509 0
193887 0
188156 0
101272 0
121251 0
110268 0
128652 0
144557 0
178609 0
183172 0
160427 0
133472 0
132691 0
160078 0
145300 0
133560 0
101639 0
036259 0
202838 0
121575 0
018282 0
261760 0
045174 0
012514 0
262382 0
004114 0
087388 0
268406 0
001203 0
116613 0
138429 0
110459 0
097809 0
098458 0
128567 0
135151 0
095874 0
199362 0
115026 0
101396 0
163136 0
239483 0
052469 0
111963 0
231377 0
002691 0
069804 0
131862 0
156683 0
005413 0
146163 0
145240 0
029646 0
110227 1
116808 0
178016 0
138589 0
136740 0
092783 0
135293 0
135324 0
141868 0
093502 0
145192 0
132860 2
189091 0
253528 0
110215 0
160375 0
228013 0
146882 0
092308 0
132854 0
006723 0
142958 0
278501 0
123843 0
170030 0
108975 0
029780 0
132865 2
096568 0
133887 0
005599 0
091357 0
127804 0
136549 0
131625 0
131985 0
159874 0
011923 0
003066 0
018997 0
128621 0
092583 0
084877 0
091380 0
142185 0
082949 0
128214 0
109296 0
112582 0
133252 0
097936 0
190634 0
268175 0
131731 0
100359 0
269775 0
094853 0
009163 0
266318 0
001140 1
151496 0
147725 0
137566 0
110266 0
064357 0
141182 0
181773 0
142982 0
137887 0
243364 0
178013 0
099086 0
228027 0
110987 0
116549 0
129322 0
017739 0
079002 0
133564 0
001720 0
108498 0
017267 0
108565 0
122559 0
117363 0
010815 0
128552 0
142102 0
181791 0
119178 0
002997 0
090584 0
009669 0
113549 0
078307 0
014729 0
181900 0
095372 0
131075 0
182186 0
159847 0
130669 0
140935 0
131008 0
185296 0
092144 0
024090 0
158195 0
133242 0
154467 0
125979 0
180813 0
108907 0
018476 0
035215 0
132018 0
169030 0
239572 0
122217 0
022992 0
273883 0
142110 0
140904 0
112741 0
004106 0
244652 0
226431 0
128619 0
128660 0
200819 0
268856 0
228619 0
114965 0
268157 0
131515 0
179827 0
012640 0
136040 0
134064 0
122685 0
156909 0
068945 0
167739 0
108202 0
004707 0
096009 0
237652 0
142459 0
134274 0
128754 0
121579 0
004146 0
148142 0
131902 0
128771 0
108974 0
137780 0
233242 0
029062 0
110217 0
181808 0
151452 0
140113 0
138970 0
096343 0
021583 0
159577 0
185882 0
262380 0
133906 0
075722 0
180189 0
128402 0
102977 0
050880 0
086833 0
093879 0
174395 0
124372 0
100003 0
133585 2
234370 0
140255 0
080672 0
133981 0
192251 0
137545 0
234687 0
112176 0
129929 0
269802 0
177411 0
091140 0
011435 0
010165 0
101650 0
127149 0
064358 0
231899 0
157304 0
133621 2
068281 0
267882 0
139470 0
122586 0
004527 0
122864 0
176677 0
204256 0
129625 0
178618 0
124027 0
085166 0
181051 0
122132 0
058747 0
130492 0
131010 0
009284 0
270819 0
086198 0
067512 0
150309 0
140420 0
133309 0
252552 0
137432 0
267836 0
131627 0
148128 0
151093 0
009622 0
182049 0
114462 0
132257 0
285089 0
014865 0
156961 0
261782 0
125857 0
127207 0
009842 0
125197 0
011539 0
051940 0
145049 0
091449 0
175818 0
097699 0
137778 0
141911 0
095899 0
137143 0
152045 0
110536 0
143183 0
021650 0
001744 0
289771 0
125195 0
124972 0
209816 0
142441 0
150000 0
017940 0
095925 0
159718 0
086676 0
266826 0
141406 0
084021 0
168847 0
138807 0
163728 0
272991 0
098094 0
129250 0
289005 0
012509 0
141721 0
126697 0
135594 0
171704 0
097751 0
158082 0
010650 0
004532 0
197762 0
265503 0
128570 0
135695 0
096135 0
151489 0
120948 0
097770 0
239754 0
133497 0
258090 0
159702 0
124270 0
006913 0
092786 0
148221 0
032718 0
166731 0
268171 0
188552 0
093014 0
128431 0
284277 0
109596 0
135645 0
148777 0
097612 0
134262 0
159141 0
161123 0
108993 0
000920 0
132833 0
139625 0
153579 0
016666 0
130517 0
147809 0
261881 0
124030 0
141128 0
129680 0
142582 0
104450 0
147313 0
132900 0
131647 0
045774 0
119955 0
143263 0
287305 0
181041 0
163499 0
131664 0
158390 0
235124 0
234369 0
139039 0
100241 0
127502 0
092436 0
116316 0
137969 0
142680 0
129833 0
138311 0
130217 0
138849 0
157747 0
141360 0
243671 0
163716 0
132286 0
009843 1
129040 0
009765 0
021557 0
124916 0
011351 0
132139 0
007494 0
131949 0
125010 0
128757 0
095524 0
109154 0
092229 0
116479 0
112712 0
103175 0
140311 0
137254 0
114658 0
118398 0
205950 0
200950 0
240929 0
133695 0
139441 0
004854 0
144952 0
097111 0
112004 0
107810 0
149537 0
280201 0
216607 0
114791 0
013779 0
005067 0
126550 0
038901 0
125798 0
027660 0
114981 0
115212 0
127157 0
138963 0
100389 0
090519 0
122220 1
115354 0
110311 0
125789 0
120194 0
001600 0
015302 0
268407 0
133479 0
140512 0
195549 0
238461 0
017540 0
136818 0
113641 0
108056 0
131144 0
133868 0
243091 0
098646 0
140568 0
187198 0
139022 0
128827 0
125036 0
107936 0
262311 0
133406 0
087361 0
092085 0
008087 0
003403 0
005408 0
138945 0
192665 0
243189 0
174992 0
150056 0
135315 0
118598 0
148143 0
260670 0
111521 0
210102 0
127704 0
114541 0
271314 0
098601 0
161448 0
085068 0
132168 0
143880 0
256530 0
128138 0
108585 0
231222 0
000526 0
096078 0
154406 0
109156 0
239482 0
144945 0
109764 0
043358 0
101662 0
092455 0
157787 0
147338 0
146840 0
110267 0
133661 1
129815 0
015426 0
136870 0
145733 0
133721 1
