211696 2
211748 2
181304 2
211698 2
126011 1
014706 1
126010 1
138972 2
120130 1
120139 1
120142 1
120140 1
120156 1
005589 2
120180 2
004783 1
119058 1
011488 2
122751 2
004581 1
118783 1
005575 2
120164 2
120154 2
005599 2
120194 2
009042 2
119613 2
118385 2
004271 2
118408 2
005834 2
120455 2
120450 2
120449 2
005309 2
119806 2
004270 2
118407 2
118395 2
118393 2
118392 2
118398 2
118397 2
005371 2
119895 2
119786 2
119844 2
005132 2
012509 0
119543 2
004794 2
007481 1
100189 0
119072 2
036450 0
120969 1
091487 0
120971 1
119116 2
120968 1
156354 0
120963 1
120962 1
120960 1
120959 1
004849 2
014845 2
119131 2
004212 2
125872 2
118312 2
156356 0
091443 0
092744 0
004877 2
125865 2
119071 2
011924 1
119178 2
012305 0
118284 2
119177 0
110806 0
007221 0
014967 2
130855 2
125763 2
090994 0
108466 0
125764 2
119181 2
132770 2
123931 1
004273 1
119132 2
066553 0
001681 2
118709 0
128533 0
095494 0
124948 0
128440 1
128545 0
004875 0
118707 1
116549 0
007942 2
007496 0
082949 0
001766 2
090991 0
118285 2
118647 1
007949 1
132767 2
120987 0
128168 2
004331 2
120980 0
011697 1
017760 0
001586 2
086591 0
121364 1
260955 0
121363 1
131101 2
118452 2
005130 1
004703 1
133397 1
001063 2
118414 1
122760 1
087372 0
011676 1
119963 2
118428 1
007556 1
004323 1
118445 1
119537 1
118940 0
014848 2
004727 2
118941 1
137977 1
121410 0
043716 0
196387 0
125868 2
118298 2
121356 2
118938 1
132778 1
004575 1
005498 1
116163 0
121047 1
133396 1
133391 1
034410 0
004275 2
095515 0
118409 2
132773 1
118418 2
011763 1
018605 0
118273 2
133481 1
133473 1
118932 0
120080 1
066546 0
120040 1
083837 0
005292 0
283475 0
131872 1
118988 2
122761 1
118779 1
100719 0
122764 1
120218 0
011880 0
004532 0
080201 0
131311 0
260615 0
099752 0
116616 0
112732 0
131021 2
131017 1
091132 0
118987 2
118755 1
127268 0
119782 0
114911 0
122769 1
002494 1
131193 0
124919 1
141618 0
119145 2
055627 0
119136 2
125284 0
015050 2
001356 0
098798 0
011550 1
005236 1
010018 0
129062 1
121973 0
122772 1
069472 1
130964 1
120693 0
008004 0
119652 1
003339 0
118105 0
004193 0
125674 2
102645 1
136652 0
069502 0
120830 1
127261 0
150788 0
087388 0
010509 1
090705 0
131009 1
047564 0
032782 0
110311 0
100866 0
004732 1
102675 0
118746 0
098430 0
131008 1
004951 1
142570 1
009150 0
122331 0
090987 0
118049 0
065684 1
011978 0
005250 1
129996 1
124743 1
005736 0
098846 0
118874 2
065690 0
128060 0
018065 0
128370 1
004594 0
118751 1
006457 0
118748 2
124359 0
119691 1
135113 0
123470 1
128246 1
123503 1
119719 1
023250 0
005340 1
087620 0
123496 1
005220 0
051330 0
004422 1
278355 0
123524 1
124031 0
109838 0
097972 0
011862 0
120181 1
005477 1
191764 0
004676 2
119848 1
119576 1
120041 1
120812 0
120169 0
124241 0
118581 1
119305 1
091530 0
097624 0
123493 1
122334 0
163863 1
001067 0
144778 1
153648 0
119651 1
097729 0
111918 0
124087 0
118597 1
121516 0
081959 0
137571 0
182284 0
118896 2
278470 0
277046 0
131435 0
130275 1
126591 0
119572 1
124650 1
111442 0
100075 0
005737 1
130002 0
118589 1
141604 0
109477 0
125283 0
196064 0
127053 1
127093 1
004750 0
120865 1
142011 1
120350 1
119081 1
198421 0
151208 1
191103 0
193345 1
120077 2
065003 0
120326 1
005262 2
011850 1
237275 1
012640 0
009431 0
119032 1
005497 2
121642 0
008003 1
258283 1
125141 0
123848 2
119732 2
124532 1
118948 1
011487 1
011735 0
092603 0
005177 1
004818 1
101695 0
120441 1
124032 0
011740 1
118955 1
009549 1
123563 2
004682 2
118990 1
124629 0
118942 0
119626 1
123564 2
119361 1
118792 0
001030 0
077917 0
018075 0
120078 2
225613 0
124755 1
131743 1
118961 1
119618 1
119302 0
118908 2
265395 1
119649 1
093996 0
147869 1
012517 0
004994 1
108498 0
007227 1
012599 2
005590 1
004531 1
120183 1
125417 1
130474 0
120784 1
123554 1
118743 1
007083 0
088816 0
118976 1
127444 1
005214 1
151196 1
081024 0
144716 1
012104 0
007225 0
012014 0
129625 0
120423 1
123843 0
118983 1
119661 1
011774 0
111062 0
171828 0
005180 1
043740 0
126082 0
121556 1
012310 0
144749 1
120442 1
265415 1
004428 1
112204 0
152776 0
111085 0
184751 1
120443 1
011878 0
009903 1
111946 0
090986 0
018610 0
009334 0
005789 0
001429 1
122246 1
046417 0
009660 0
018451 1
119362 1
120713 1
118797 0
009054 0
004677 2
122079 0
128794 1
240277 1
118965 1
121411 1
220534 0
012355 0
120051 0
129060 0
285468 1
120444 1
135375 0
005831 1
119622 1
190634 0
095742 1
005528 0
091357 0
043595 0
120452 1
163859 1
010276 1
115208 0
123511 0
118605 1
237753 1
240376 1
118967 1
005588 1
118897 2
164623 0
011739 1
015318 1
119096 1
004482 0
118878 2
129329 0
010282 0
265436 1
114207 0
009747 1
125735 0
010221 0
125415 1
063703 0
130005 0
125362 1
238226 0
125348 1
237672 1
148808 0
122143 1
133743 0
011269 1
004725 1
120032 1
121004 0
092943 0
229678 0
055703 0
008762 0
005606 1
144892 1
005467 1
083870 0
186645 0
172766 1
005227 1
118984 1
004187 0
163843 1
004514 1
122541 0
121559 0
120179 1
004572 0
130861 2
118777 0
119678 1
124916 1
134619 0
122605 1
278398 0
130110 0
118292 0
015294 0
134942 0
155361 1
114772 0
141906 0
124969 1
113388 0
016061 0
285461 1
118686 0
097985 0
168029 0
006915 1
141139 0
095617 1
164068 0
120529 1
124881 1
091140 0
046460 0
111224 0
124774 1
120031 1
110728 0
002559 0
155788 1
124964 1
007930 0
120033 1
146608 1
078239 0
015389 1
123778 0
008024 1
064811 1
032783 0
172765 1
167223 0
113390 0
114684 0
265422 0
005261 1
114003 0
064054 0
095645 1
095738 1
094563 0
009324 0
125346 1
122400 0
005570 1
012313 0
180383 0
088303 0
118501 2
032789 0
125345 1
096746 0
140711 1
009780 1
110963 0
114773 0
125441 0
119731 1
124951 0
124237 0
114806 0
089354 0
149740 0
012464 1
007809 0
004349 0
124361 0
122984 1
108054 0
124880 1
124819 1
123965 1
069684 0
126300 1
004607 1
095852 1
125194 1
004865 1
005552 0
126170 1
015180 1
012377 0
120207 1
123401 0
126191 1
125565 1
117903 0
155801 0
001073 0
018383 0
123970 1
118809 1
014657 0
124030 0
118719 1
119157 1
114969 0
108289 1
017897 0
124036 1
127839 0
011512 0
119107 1
116622 0
097596 0
129943 0
126306 1
010698 0
155799 0
124854 1
094566 0
119304 0
058979 0
108046 0
124663 0
005260 1
015003 0
121425 1
242137 0
124749 0
228293 0
120172 1
009668 0
114389 0
028923 0
147217 1
173379 0
112155 0
125443 0
155794 0
145961 0
123972 1
004321 1
095886 1
119730 1
186874 0
123973 1
148818 0
123405 0
225562 0
126915 0
120158 1
130114 1
004707 1
005788 0
169801 1
146401 0
096711 0
287525 0
118950 1
146398 0
126911 0
018608 0
012037 0
041080 0
108913 0
169800 0
167796 1
002238 0
017843 0
140690 1
092467 0
287326 0
057354 0
136891 0
108368 1
121413 0
009601 1
203945 0
124765 0
009808 0
140682 1
238990 1
125281 1
108393 1
123287 1
277342 0
175002 0
179808 1
008542 1
122175 1
124746 0
117794 0
108297 1
137927 0
119414 0
091044 0
132828 0
088621 0
124027 0
124732 0
167457 1
115485 0
098657 0
118799 1
127194 0
005637 1
036456 0
117591 0
108197 0
148954 0
120421 1
011900 0
123525 1
082736 1
283105 0
082703 0
018176 0
110670 0
004500 1
126755 0
118699 1
095466 0
007549 0
168375 0
116189 0
169736 1
118975 0
100852 1
123590 0
124204 1
014483 0
124960 0
004469 0
102857 0
086833 0
169825 0
005818 1
148977 0
167430 1
124726 0
005583 1
116623 1
229221 0
002436 0
091303 0
169733 1
006973 0
005091 0
017188 1
127125 0
100853 1
090001 0
131384 0
004863 2
136001 0
100609 1
018147 0
005790 1
010102 1
004825 0
241983 0
000029 0
205007 0
186886 0
015258 0
012215 0
120694 1
101974 0
148726 0
159376 0
126412 0
102081 0
191371 0
087660 0
204716 0
125477 0
117340 0
121225 0
017208 0
123838 0
007424 0
013275 0
196814 0
239010 1
177564 0
225621 1
160574 0
127953 0
006926 0
167414 2
004387 0
169724 0
128978 0
160570 0
129007 0
087356 0
161093 0
122088 0
287511 0
018033 0
118929 0
007313 0
198482 0
122404 1
197951 0
219799 0
120173 1
181307 1
010452 1
112749 0
124373 0
152880 1
287526 0
087824 0
119154 2
164579 0
119103 0
147087 0
009005 0
006845 1
029646 0
142488 1
118572 1
167141 0
130508 1
115476 0
168218 1
121525 0
064997 0
166552 0
119497 0
161314 0
150117 0
239039 1
120486 1
149927 1
101966 1
002171 0
011894 0
114765 0
117985 0
051843 0
131313 0
128009 0
204965 0
097982 0
121036 0
120422 1
013232 0
009654 0
130313 0
014991 0
238372 0
009505 0
008193 0
120433 1
193015 0
110962 0
081068 0
007511 0
124372 0
029062 0
005764 0
213295 0
132064 0
132807 0
127893 0
115463 0
000571 0
111249 0
123772 0
083841 0
168395 0
121234 0
179748 1
239051 1
018621 0
012272 0
168465 0
110820 0
127851 0
123526 0
146461 0
099743 0
034679 1
128239 0
108356 0
167213 0
004417 1
058993 0
088768 0
108036 0
018256 1
007144 1
131217 0
129063 0
139601 0
079406 0
004552 0
131917 0
286847 0
112735 0
119149 0
179744 1
130158 0
116909 0
079338 0
140437 0
007108 0
006250 0
125727 0
114750 0
123474 0
011854 0
129086 0
007429 1
118574 1
079319 0
118483 0
011979 0
195557 0
009049 1
174543 0
011721 0
009078 1
133039 0
136343 0
269873 0
004468 0
143107 0
131905 0
087679 0
017878 0
110805 0
125041 0
098654 0
137994 0
119193 1
112892 2
118670 0
121586 1
167652 0
129108 0
141122 0
121221 0
132396 0
011922 0
264482 1
011330 0
130780 0
079472 1
239052 1
145989 0
239362 1
120241 1
057925 0
182319 0
120716 1
115163 1
239361 1
007182 0
015235 0
095163 0
121640 0
125487 1
123641 1
122876 0
196822 0
011430 0
133257 0
120750 0
130669 0
221534 1
004720 1
108096 0
006928 1
221535 1
127267 0
123642 1
129343 1
005123 0
129395 1
167148 0
112884 2
118979 1
261985 0
118787 1
129398 1
124222 1
109519 2
168388 0
165751 0
111819 0
118498 0
120132 0
115142 1
064928 0
124261 1
228268 0
001615 0
004896 1
122713 0
122116 0
170867 0
147731 0
168484 0
120942 1
125280 1
116614 0
083871 0
168391 2
111384 0
004601 0
015468 1
140933 0
170197 1
124264 1
117918 0
118443 1
069789 0
124522 0
011709 1
101724 0
126811 1
124900 0
225664 0
147978 1
032178 1
129341 1
278048 1
100482 0
114208 0
128157 0
017434 0
162838 1
122012 0
084600 0
087565 0
011755 0
120542 1
007329 0
091241 0
109526 0
122269 0
012073 0
122827 0
057926 0
099111 0
069682 0
018012 0
075331 0
118412 1
120537 1
112800 0
145247 0
112845 2
034413 0
133946 0
165583 0
112110 0
130188 0
147292 0
231205 0
017309 0
005190 0
048666 0
110138 0
162217 0
110272 0
004495 0
182137 1
223296 0
196819 0
155394 0
117184 0
139112 0
116621 0
126789 1
180382 0
100994 0
220568 0
086859 0
134989 0
009619 0
009001 1
121972 0
099726 0
017892 0
202926 0
082748 0
126659 1
123014 0
176031 0
179968 0
278128 1
169507 0
242273 0
119637 0
121518 1
155830 1
089680 0
096902 0
115253 0
112830 2
118778 1
115001 1
150125 0
124528 0
270812 0
240550 0
227096 0
111064 0
222106 1
014669 0
100484 0
079405 0
102002 0
110212 0
005050 0
005383 1
170017 0
126332 0
127204 1
062059 1
102962 0
131314 1
115141 0
133042 0
266088 0
005251 0
004527 0
131312 0
184918 0
000961 0
128935 1
123635 1
267262 0
108458 0
015264 1
131300 0
118650 0
125716 0
024568 0
011263 0
090264 0
007335 0
109478 0
000149 0
097092 1
047770 0
117131 0
007087 0
124864 0
126071 0
137383 0
196810 0
123654 1
127263 0
174037 0
220186 0
118500 0
074885 0
169090 1
101973 0
004432 1
115481 1
127189 1
233782 0
115478 0
122685 0
002481 0
148136 1
170166 0
069861 0
231842 0
091761 0
123777 0
096651 0
013741 0
016087 0
119202 0
196821 0
122270 0
011991 1
088821 0
016057 0
119073 0
118502 0
227129 0
128703 0
243929 1
012516 0
170011 0
119914 1
018513 0
097816 0
016007 0
000148 0
125279 1
108044 0
161841 0
078806 1
126948 0
112781 0
167586 0
111411 0
006853 0
011941 1
124638 0
098876 0
215556 0
125472 1
033549 0
046273 1
002096 0
125736 0
251045 1
208854 0
118801 0
016653 0
103034 0
133491 0
167740 0
007558 0
169936 0
119231 1
120535 0
128701 0
120748 1
111721 1
128721 0
018264 1
005771 0
222652 1
112572 0
167221 0
127195 0
120747 1
091654 0
020374 0
011949 0
127188 1
233785 0
110616 0
195556 0
174784 0
119668 0
004907 0
128830 0
098859 0
094630 0
007794 0
132458 0
151165 0
133389 0
167222 0
131555 0
008536 0
146451 1
100257 0
015578 0
186807 1
122075 0
220529 0
087316 0
008045 0
007145 0
112623 0
111226 1
168887 0
263173 0
086274 0
176788 0
075244 0
124873 0
004992 0
149542 0
115832 0
041639 0
230946 0
157937 1
158320 0
260616 0
260713 0
219831 1
119229 0
158607 0
231647 0
074622 1
058929 0
015111 0
220160 1
124310 1
166445 0
114994 1
061219 0
014963 0
125480 0
158993 0
004605 0
118986 0
208095 0
011552 0
127178 1
121044 0
005285 0
125479 0
118612 1
102855 0
086687 0
100227 0
144379 0
070440 0
126365 1
120717 0
223272 1
004982 0
008067 0
157849 0
037378 0
120946 1
062099 1
128433 0
112596 0
131288 0
233648 0
126348 1
007289 0
115219 0
115399 0
130341 1
128927 1
157411 0
112198 1
009134 0
064357 0
004811 0
120325 0
059928 0
123656 1
046043 1
086588 0
165340 0
129783 0
121340 1
121123 0
122026 0
128485 0
202181 0
126459 0
117171 1
111302 0
155403 0
013988 1
145054 0
151403 0
120949 1
124553 0
025170 0
219845 0
111824 1
111541 0
189698 0
158455 0
014785 1
012270 0
144221 0
228013 0
115409 0
012197 0
123037 0
018191 0
080076 0
120488 0
243923 0
258125 0
164555 0
089860 0
096341 0
222886 0
148435 0
046042 1
130408 0
121339 1
101480 0
099114 0
135559 0
135556 0
140959 1
150882 0
122471 0
124853 0
141483 0
268048 0
014020 1
219869 1
004471 0
004812 0
195553 1
178663 0
009561 1
011436 0
264478 1
004592 0
118533 0
101524 0
075950 0
149585 1
119206 0
130463 0
130990 0
119722 0
125125 1
011936 0
118669 0
225555 0
136256 0
126077 0
145851 1
124560 0
149654 1
101776 0
004897 1
159574 0
054426 1
174501 0
023732 1
012778 0
140956 1
127799 0
220592 0
119217 1
087526 0
157562 1
165647 0
111720 1
109460 0
276702 0
220546 0
112724 0
123490 0
129602 0
102006 0
012274 0
098512 0
115474 0
029412 0
151366 1
111712 1
062097 0
140289 1
114749 0
189095 0
120598 0
170018 0
145726 1
118206 0
121317 1
009342 1
096682 0
069680 0
015012 0
186801 0
227440 0
146471 1
007353 1
064725 0
120888 1
086549 0
099669 0
114945 0
122710 0
082585 1
000720 0
115408 0
191172 1
131301 0
111932 0
111619 0
101519 0
222331 1
095779 0
014952 0
115609 0
125202 0
120703 1
124611 1
130282 0
174487 0
119232 1
151317 0
098459 1
176844 0
012069 0
121049 0
119255 0
121887 0
251044 1
082581 0
115078 1
147989 1
202184 0
149471 1
130095 1
109397 0
222433 1
146476 1
017471 0
149390 1
157966 1
184988 0
147994 1
157935 0
115079 1
165790 0
231760 0
009050 1
018221 0
134704 0
112153 0
119343 0
166169 0
155294 0
222510 0
120680 1
111800 0
128959 0
140948 1
147054 0
000513 0
018715 0
231123 1
009612 1
121314 1
051596 0
069681 0
147494 1
166581 0
108060 0
121555 1
140722 0
123073 0
148588 1
157994 1
004912 0
090936 0
115818 0
131028 0
007079 0
056144 1
135964 0
158400 0
135264 0
084917 0
130940 0
107888 0
080073 0
131064 0
155288 0
007358 0
180380 0
253486 1
098027 0
145892 1
173022 1
123906 0
124034 1
125798 0
014879 0
004991 1
146509 1
117112 0
064275 0
128841 0
054476 0
135200 1
260628 0
008980 0
194999 0
018803 1
125478 0
196400 0
146774 1
018434 0
125703 0
122853 1
080074 0
133008 0
230925 0
122052 1
148632 0
011649 0
017831 0
213207 0
009242 1
222988 1
162392 0
145865 1
219867 1
123540 0
062102 0
259580 0
011718 0
012438 0
125944 1
196790 0
173028 1
037466 0
240547 0
228166 0
110439 0
190348 0
090393 0
121812 1
004859 1
266075 0
114881 0
220507 0
282074 0
056058 1
169408 0
114734 0
136542 0
122979 1
115487 0
150887 0
204865 0
116795 0
018619 0
015404 1
007534 0
119150 1
157279 1
010714 1
253585 1
115026 0
000493 0
097160 0
146493 0
006978 0
175217 1
118290 0
239074 0
176028 0
041919 0
121808 0
124875 0
062878 0
112730 0
096892 0
233919 0
153370 0
157280 1
173008 1
011804 0
031825 0
191522 0
043614 0
191771 0
122828 0
101415 0
253238 1
155286 0
161546 1
099712 0
116080 0
120399 1
064553 1
124182 1
127221 0
095543 0
149706 1
118978 0
004858 1
012333 0
121554 1
120470 0
011505 0
190996 0
007503 1
198745 0
289914 1
032125 1
134024 0
005829 0
089296 0
277287 1
136521 0
131755 1
157253 0
002172 0
142623 0
079898 0
133009 0
100214 0
229305 0
119148 1
152221 1
126100 0
119529 0
129099 0
023592 0
119312 0
283671 0
175355 1
199074 0
145912 0
120445 0
101647 0
055155 0
017779 0
089745 0
135324 0
102854 0
241932 0
175679 0
160214 0
084988 0
007661 1
006807 1
175627 0
196811 0
158608 0
030303 0
228422 1
120993 1
137545 0
186805 0
010191 0
157867 0
131376 0
082118 1
015426 0
012472 0
177570 0
009072 1
120869 0
186279 1
161255 0
252924 1
144627 0
125335 1
120472 0
122753 0
076111 0
116513 0
097488 0
015291 0
161549 1
213537 0
120795 0
130838 0
131750 1
017670 0
086276 0
129537 0
071472 0
000620 0
015594 1
065953 0
001886 0
189676 0
120447 0
140902 1
009838 1
101464 0
127226 0
015388 1
195554 1
007081 1
123224 0
173007 1
131276 0
168040 0
118898 1
079409 0
002075 0
181825 0
123282 1
195549 0
137514 0
123242 1
163532 0
010039 0
126742 0
161522 1
234121 0
098778 0
268059 0
221226 0
120958 1
131474 0
231082 1
136704 0
120268 0
136536 0
242244 0
142096 0
201569 0
231124 0
122505 0
195551 0
007042 0
125444 0
008922 0
154507 0
134242 0
153313 0
121524 1
084931 1
123878 0
194613 0
121579 1
276696 1
253266 1
221224 0
081437 1
112570 0
119133 1
128247 0
125126 1
268072 0
018630 0
121575 1
220503 0
101403 0
175259 1
110911 0
109220 0
092584 0
076056 0
101314 0
285287 1
146834 0
065030 1
131740 1
128562 0
101238 0
101689 0
175334 1
082191 0
122010 1
011845 1
011343 1
008629 0
120677 1
285294 0
077923 0
204297 0
200101 0
015254 0
062292 0
186866 0
124739 0
141927 0
098928 0
098860 0
018346 0
114979 0
081188 1
170498 0
098746 0
202439 1
012102 1
120336 0
129250 0
077918 0
152222 1
123315 0
009204 1
109208 0
031426 0
175297 0
057891 1
076958 0
165653 0
108103 0
140759 0
168228 0
001780 0
210584 0
034682 0
193466 1
253239 0
087826 0
120214 0
280013 1
278098 0
117467 0
144652 0
120438 0
283607 0
123308 0
175676 0
231376 0
146697 1
138001 0
128685 0
081161 0
122895 1
253451 1
079402 0
142931 0
094934 1
121115 1
236867 1
009161 0
015612 1
147205 0
023591 1
118555 0
005299 1
024176 0
123585 1
123399 0
240088 0
187788 0
145651 0
119357 1
109167 1
107843 0
110301 0
278406 1
149657 1
264901 0
160221 0
144645 0
006323 0
122340 0
062917 0
194236 1
057380 0
032127 1
129327 0
065037 0
100196 0
125104 1
007990 1
120485 0
125789 0
010926 0
199073 0
177811 0
117058 0
094602 0
109218 0
182867 1
115512 0
109429 0
181732 0
079400 0
109493 0
138977 0
055171 0
012521 0
133091 0
121718 1
115882 0
135328 0
197538 1
000405 0
147146 1
002064 0
127249 0
111198 0
278579 0
127388 0
176982 0
263141 0
191796 0
285207 1
136310 0
096941 0
136938 0
000233 0
160309 0
111666 0
154119 0
027344 1
014237 0
285288 0
276334 1
130558 0
169886 0
123599 1
189088 0
110308 0
131097 0
276311 1
119792 1
035597 0
022606 0
017874 0
124121 0
018660 0
191523 0
110638 1
120892 0
253434 1
231076 0
118899 1
124867 0
276313 1
263303 1
121441 0
118904 1
244982 0
147615 0
230951 0
021041 0
285303 0
099408 0
017412 0
133200 0
037179 0
276258 1
086161 1
124403 1
285313 0
109132 1
197375 1
225650 0
138000 0
265255 0
221277 0
147153 1
145772 0
132917 0
125315 0
098533 0
252925 0
037088 1
259688 1
123323 0
110704 0
272818 0
280581 1
062150 1
159424 0
034562 1
088519 0
099525 1
109081 1
120446 0
108698 0
004370 1
145513 0
120988 0
282047 0
149655 0
145455 0
034736 0
195555 0
009849 0
011233 0
143800 0
197368 1
018531 0
119203 0
015577 1
188355 0
068756 0
220346 0
189082 0
007771 0
151702 0
135546 0
095365 0
140935 0
196815 0
017250 0
148993 0
154722 1
011701 1
115712 0
085976 1
144816 0
220313 1
141734 0
174799 0
110533 0
011914 0
128725 0
119935 2
034737 0
109032 1
121396 1
141285 0
168221 0
017435 0
059888 0
196820 0
082583 1
130284 1
148724 0
095545 0
145406 0
112733 0
122215 1
112106 0
188766 0
145646 1
189678 0
098963 0
108946 0
177805 0
116893 0
015607 0
116466 0
161840 0
111814 0
114585 0
004186 0
149750 1
035815 1
216309 0
029780 0
129454 0
042840 0
024001 0
005616 0
151864 1
130353 0
102853 0
147687 0
004433 0
034543 1
090647 0
007894 1
159256 0
116013 0
109186 1
200804 1
121128 0
145085 0
062185 0
131492 0
108303 0
020169 1
012128 1
158558 0
121305 1
097420 0
128697 0
123883 0
017881 0
011091 0
280020 1
008329 0
151718 0
014851 0
184689 1
062195 0
109310 0
260642 0
062221 0
177856 0
109221 1
012616 0
136621 1
066573 0
076074 0
123264 1
149656 0
132032 0
015314 0
169409 0
280004 0
081770 0
260343 0
141360 0
007447 0
014670 0
200799 1
062227 0
130320 0
093279 0
200319 0
126933 0
002816 0
131486 0
133903 0
212274 0
140998 0
145633 0
035215 0
094929 0
122115 0
089471 0
086788 0
116014 0
110295 0
255483 1
054546 0
270928 1
241593 0
123034 0
005644 0
129003 0
124712 0
175646 0
005794 1
009845 0
121493 0
092229 0
086186 1
225614 0
131904 0
144625 0
009010 1
123262 1
098655 0
006893 1
144327 0
126070 0
129180 0
012816 0
037087 0
225970 0
093071 0
096639 0
120220 0
101049 0
007274 0
177806 0
221547 0
164292 0
022617 0
279104 0
121383 1
150078 0
134919 0
139441 0
038806 1
007980 0
001879 0
077957 1
169252 0
147017 1
243979 0
278587 0
060036 0
196958 1
124478 0
147658 0
109225 1
040689 0
012887 0
145765 1
035837 1
134106 1
279672 0
002950 0
122224 0
108180 0
121318 1
114580 0
020171 1
053397 0
260445 0
110195 0
152284 0
130034 0
132728 0
065947 0
136567 1
150215 1
117920 0
200085 0
046423 0
284603 1
200231 0
117441 0
000103 0
242263 0
189656 0
150202 0
220747 1
118008 0
158077 1
111222 0
059437 1
146475 0
147530 0
028963 0
119764 0
004411 0
059672 0
020193 1
165386 0
185814 0
130121 0
009613 0
123146 1
175010 0
139549 0
158987 0
134035 0
045655 0
032110 1
185207 0
009437 0
069674 0
120404 1
070759 0
032115 1
120696 0
189449 1
231308 0
102847 0
243801 0
220581 0
077954 1
164864 0
158367 0
011964 1
118569 0
133900 0
097380 1
170190 0
011502 0
278081 0
108460 0
285376 0
053105 0
147081 0
089368 0
224571 0
136612 1
114626 0
097284 0
223249 0
177861 0
197952 0
264900 0
042260 0
122559 0
220753 0
123036 1
125845 0
006792 0
136562 0
012163 0
121530 1
069678 0
163142 0
120249 0
218461 0
280411 0
127594 0
174848 2
108333 0
167545 0
112381 0
218841 0
139089 0
090298 0
006604 0
154774 1
097079 0
165621 0
163384 0
122222 0
011775 0
009584 0
045689 0
036470 1
122747 0
012813 0
116316 0
077940 1
243791 1
137936 0
013412 0
038807 0
124485 1
123889 0
043676 0
276790 0
028378 0
195593 0
084596 0
225590 0
132199 0
007287 0
151307 0
142556 1
109207 0
232235 0
112722 0
219674 0
146669 0
139068 0
078186 0
079938 0
120867 0
124109 0
224647 0
208136 0
175615 0
116260 0
161095 0
193861 0
238823 0
102034 0
082582 0
141300 0
174836 1
200727 1
120831 0
153585 1
129183 0
214777 0
119759 0
004116 0
232577 0
237293 0
036468 1
058008 0
268777 0
252893 1
046110 0
100090 0
176149 0
065041 0
006410 0
157075 0
222449 0
010012 1
007032 1
069679 0
011491 0
015332 1
189492 1
115150 0
093766 0
164661 1
090665 0
016632 0
075650 1
142915 0
085778 0
004503 1
113880 0
140114 0
119205 0
158777 0
028417 0
280002 0
135675 0
111813 0
134113 0
086222 1
014996 0
125405 1
164593 0
005135 0
134577 0
124226 0
141424 0
196512 0
199905 1
128860 0
121384 0
038501 0
260617 0
123150 1
160401 0
161096 0
133594 1
147616 0
154743 1
017688 0
269077 0
014575 0
124433 0
194205 0
181846 0
002732 0
159481 0
005271 0
120815 0
101640 0
006940 0
200082 0
003738 1
100317 0
077652 1
134253 0
126008 0
096263 0
059705 0
101203 0
058097 1
004909 1
198173 0
122295 1
176839 1
150223 1
284102 0
163569 0
160125 0
284604 1
165703 0
196823 0
099428 1
109224 1
195246 1
179323 0
233308 0
189373 1
243132 1
269780 0
223832 0
102192 0
109233 0
171707 0
112357 0
004542 0
108446 0
233536 0
044071 0
199898 1
146501 0
045726 0
026766 0
147028 0
009714 0
165130 1
101894 0
186800 0
256665 0
160697 0
144800 1
129815 0
148079 1
134138 0
227239 1
164565 0
039509 0
144374 0
144192 0
271526 0
131873 1
165129 1
182848 1
086361 1
075977 0
270272 0
109837 0
080009 0
150375 0
198147 0
196777 0
045667 0
212914 1
004401 0
123440 0
009099 0
146540 0
005015 0
086672 1
029410 0
101674 0
014738 0
016613 1
154779 1
119491 1
223426 1
118702 1
275724 0
197808 0
186265 1
195202 1
007008 0
139470 0
004905 0
143821 1
125969 0
058346 0
114819 0
114712 0
121095 0
135701 0
086248 1
118291 0
176837 1
202729 0
008323 0
231149 0
129125 0
097735 0
142562 1
018819 0
010255 0
022885 0
058120 1
046103 0
099147 0
117130 0
128808 0
096417 1
039077 1
135359 0
032042 0
098002 0
242843 0
119259 1
182768 1
159204 0
221996 0
112400 0
061881 0
120199 0
119253 0
260633 0
122687 0
007813 1
286100 0
108818 0
060021 0
164482 0
018029 0
168229 0
226026 0
077661 1
254593 0
119394 0
186587 0
026544 0
090061 1
009012 1
131526 0
195552 0
114722 0
126005 0
168947 0
145330 0
122509 0
086129 1
260658 0
130630 0
255910 0
095165 0
222792 0
079459 1
228027 0
241596 0
090210 1
087364 0
259168 0
118526 1
116615 0
127846 0
115468 0
007815 0
011289 0
144780 1
028651 0
109568 1
222888 0
262051 0
121885 1
007031 1
097976 0
257807 1
141586 0
171456 0
130403 0
165750 0
164852 0
145286 1
080017 0
041106 0
011477 0
092218 0
160126 0
124724 0
153414 0
168627 0
128696 0
009417 0
079681 1
133347 0
177398 0
109462 1
133559 0
137638 0
115730 0
114995 0
231303 0
079401 0
128977 0
194667 0
278215 0
079458 0
122475 0
213218 0
113506 0
244983 0
099660 0
136454 0
004785 0
121533 1
229696 0
263302 1
113603 0
087173 0
139688 0
160586 0
121019 0
114095 0
208788 0
182710 1
042182 0
102852 0
235759 1
009562 1
258671 0
151888 0
005868 0
269538 0
119339 1
101629 0
079438 0
129039 0
086550 0
270371 0
145220 1
278787 0
044031 0
007512 0
031986 0
007387 0
109774 1
115194 0
139064 0
122011 1
150662 0
089772 0
119309 1
097563 0
108793 1
064246 0
133010 0
118001 0
170191 0
079686 0
125414 1
200342 1
170878 1
147034 0
271344 0
285350 0
044037 0
119196 0
069348 0
171403 0
159576 1
115406 0
100924 0
181762 0
080015 0
141195 0
124477 0
284585 0
108448 1
242036 0
013018 0
169950 0
195592 0
081165 1
289258 0
015335 1
001036 1
121229 1
119340 1
139187 0
230451 1
243604 1
181950 0
122560 0
175520 1
098930 0
164341 0
186790 1
058291 0
126855 0
136539 0
125403 1
221886 0
169486 0
114965 0
139575 0
075708 0
125505 0
027300 0
110267 0
199249 0
141288 0
135330 0
289915 1
179181 0
283132 0
115450 0
008039 1
014412 0
084621 0
151404 1
121433 1
124727 0
070597 0
052134 0
120910 0
122032 0
112074 0
027545 1
176823 0
004966 1
144341 0
045995 0
009030 0
278408 0
010053 0
285945 0
087605 0
155729 0
175008 0
027546 1
120621 0
212835 0
164866 0
095442 0
019630 0
122113 0
123489 0
197969 0
051410 0
109740 1
195547 0
189731 0
100003 0
219655 0
142603 0
001543 0
125402 1
171032 0
077333 0
011958 1
091042 0
130274 0
078332 0
027296 1
121016 0
077479 0
043358 0
177723 0
143409 1
007817 1
001219 0
118021 0
058303 0
016042 0
225815 1
139516 0
120525 1
108462 1
116844 0
183095 0
122873 1
208865 0
086303 1
230100 0
157590 0
001158 0
048614 0
109711 0
001857 0
173827 0
264833 0
064351 0
181294 0
004146 0
110435 0
118698 1
009071 0
088408 0
142881 0
014340 0
202675 0
129691 0
109599 0
244969 0
133695 0
148455 1
097567 0
065180 1
010379 1
120059 0
053412 0
081744 0
117829 0
054417 0
183150 0
140309 0
011169 0
149381 0
030700 0
015319 1
028044 0
205243 0
170497 0
007419 0
026464 0
170104 0
195940 1
148263 0
076299 0
125413 1
119750 0
011346 1
014219 0
085291 1
008369 1
108253 1
129928 0
227560 1
061833 0
161149 0
121578 0
228912 0
007348 1
178588 0
129980 0
174920 0
102851 0
225856 1
112519 0
061929 0
033980 0
166004 0
070263 0
119329 1
191654 1
095991 0
009451 0
186833 0
099365 0
093017 0
161985 0
141363 0
201299 1
150163 0
135638 0
195133 1
166614 0
088502 1
116331 0
001427 0
111665 1
227775 0
132981 0
208766 0
177842 0
227120 1
025951 0
152112 0
163417 0
234162 0
077942 1
030748 0
142078 0
092041 0
132629 0
009251 0
086770 0
011838 0
152881 0
118106 0
007497 0
132304 0
000234 0
028580 1
186823 0
122977 0
235639 1
118926 0
034649 0
119646 1
127224 0
165628 0
090229 0
004525 1
090242 0
107854 0
004898 0
225876 0
049415 0
120989 0
087304 0
139093 0
140115 0
120606 0
123815 0
190601 0
000113 0
125799 0
148923 0
123801 1
228728 0
168155 1
007969 0
155767 0
092690 0
272905 0
155482 1
066157 1
028965 0
120526 1
089640 0
120635 1
012508 1
142036 0
151370 0
013208 0
018258 0
081256 0
109108 1
108286 1
168596 0
087318 1
120636 1
009884 0
120881 1
129731 0
015412 1
032344 0
006892 0
085898 1
193025 0
186669 0
150474 0
149046 0
123552 0
035232 0
018071 0
191010 0
195633 0
096565 0
005147 0
154041 0
170638 0
088477 1
118657 1
090384 0
068467 0
258631 0
108402 1
148655 0
018178 0
223427 1
117836 0
077576 0
155486 1
064833 0
007347 0
116523 0
019458 0
128755 0
121577 0
146033 0
007486 0
137260 0
046491 0
014788 0
227441 1
010226 0
137954 0
096205 0
134446 0
167587 0
212215 0
260995 0
136554 1
001000 0
113641 0
095134 0
102521 0
163330 0
243981 0
237218 0
099999 0
111141 0
076099 1
197702 0
188582 0
004942 1
115991 0
120880 0
014782 1
124143 0
009011 1
004131 0
114735 0
035994 0
093183 0
018240 0
034641 1
123764 0
109506 0
184915 0
083834 0
119714 0
131566 0
072092 0
160237 0
083865 0
009579 0
227773 0
117716 0
278738 0
257817 1
112458 0
058369 1
125326 1
203148 0
180613 1
159599 0
052048 1
255343 0
097801 1
125950 1
018290 0
097793 0
244963 0
036442 0
129494 0
100415 1
234409 0
058463 1
223267 1
120809 0
095490 0
147650 1
085622 0
079397 0
155675 0
119542 0
135086 0
062335 0
029491 1
010274 0
278405 0
163186 0
120613 0
210483 0
123232 2
119544 1
075781 0
134239 0
155393 0
268861 0
127312 1
238173 0
095095 0
174450 1
066854 0
231761 0
147021 0
119548 0
116133 0
023054 0
179433 0
194401 0
201399 0
259690 1
079758 0
217219 0
080130 0
064004 1
159472 1
066890 0
223238 0
019655 0
225708 0
259373 0
213554 0
205432 0
030002 1
086690 0
151407 1
124228 0
122356 0
118035 0
157980 1
125948 1
168948 0
264813 0
279094 0
125693 0
195121 1
026133 1
181553 0
082742 0
015158 0
277291 0
233464 0
048454 0
188924 1
142605 0
124233 0
012794 0
259692 1
037795 0
121531 1
071035 0
120562 0
177548 0
146161 0
244017 0
133085 1
017994 0
261994 0
165230 1
121026 0
142128 0
152029 0
010175 0
115091 0
251972 0
010733 0
196477 0
282092 0
040253 0
159634 1
058140 0
227250 0
130901 0
164948 0
093944 0
107783 0
086490 1
077934 1
176774 1
005011 0
071488 0
272775 0
170176 0
227561 1
027362 1
205248 0
128976 0
160400 0
096260 0
117383 0
081254 0
025712 0
015166 1
014650 0
231129 0
006084 0
225705 0
034581 1
186142 1
288975 0
116842 0
185752 0
200446 0
064358 0
014143 1
136653 0
104208 0
000065 1
110240 0
076059 1
243562 1
228531 1
068792 0
011726 0
159474 0
181531 0
051646 0
074632 0
108341 0
121233 1
219124 0
262750 0
082454 0
114771 0
034681 0
058416 1
121150 1
139189 0
118735 1
141340 0
017286 0
265083 0
215258 0
141287 0
009839 0
288704 0
147924 0
278647 0
083864 0
091306 0
002306 1
086022 0
171717 0
038504 1
238615 1
005704 0
165283 0
109619 0
108329 1
140608 0
242872 1
058387 1
188581 0
014287 0
135304 0
093779 1
159353 1
243518 1
097936 0
159480 0
010179 0
175965 0
013259 0
122549 0
259677 1
180013 0
069924 0
022694 0
000010 1
000008 1
087987 0
151363 0
256788 0
210745 0
150153 0
238679 1
118964 0
111258 0
087695 0
122992 0
139678 0
125483 0
227829 0
088472 1
173851 0
129116 0
122206 0
289259 0
147314 0
017495 1
194821 0
077914 1
183965 0
254571 1
078308 0
007792 1
174197 0
121756 0
108960 0
177608 0
142414 0
124904 0
228592 1
095963 0
242741 0
141772 0
028603 0
034171 1
188121 0
226009 1
173828 0
005650 0
153013 1
118199 0
101911 1
186041 1
262123 0
111135 0
084532 0
123438 0
176638 0
039463 0
254565 1
088433 0
075353 1
101451 0
146985 0
170607 1
140520 0
253878 0
119385 0
011389 0
046421 0
075338 1
067866 0
099671 0
120825 0
205258 0
155320 0
155402 0
025295 0
115489 0
231151 0
120977 0
141245 0
089654 1
253858 0
067406 0
239387 1
051850 0
119631 0
088688 1
161520 0
084170 0
155826 1
011751 0
045044 0
125901 1
058740 1
160295 0
196391 0
093933 0
198955 1
007342 0
081286 0
182748 0
115484 0
141790 1
034810 1
007782 0
011940 0
134516 0
031225 0
152754 1
075959 0
004199 0
096345 0
024475 0
078787 0
004748 0
080035 0
141986 0
000713 0
226015 1
098911 0
034781 1
076009 1
065161 1
084280 0
152937 0
050234 0
223478 1
223487 1
150335 0
135331 0
152938 0
114966 0
099208 0
119633 1
122582 0
187017 0
088687 0
025092 1
184927 0
228536 0
180472 1
119090 0
254653 0
218897 0
002028 0
045660 0
181776 0
130559 0
095190 0
120897 0
208821 0
265349 0
164918 0
010149 0
040863 0
110501 0
259671 1
233213 0
074752 0
128611 1
036544 0
118057 0
180478 1
165220 1
123824 1
128465 0
176176 0
157571 0
005415 1
046453 1
126847 0
046804 0
198958 1
011442 0
166751 0
083863 0
125507 0
101066 0
272930 0
227249 0
157072 0
278646 0
124771 1
148066 0
078830 1
260184 0
110406 0
160639 0
118055 0
224549 0
235343 0
240783 0
065734 0
082810 0
155834 1
088436 1
121763 0
150134 0
006653 1
124002 0
075902 0
061862 0
230511 0
004624 1
200206 0
195550 0
104645 0
127914 0
080321 0
001184 1
123711 1
240821 0
088677 0
099664 0
114128 0
000843 0
046594 0
118816 0
046441 0
091321 0
128610 1
080625 0
143571 0
133309 0
012611 0
150244 0
174648 0
151703 0
121465 0
124736 0
264818 0
007218 0
199111 0
129432 1
037944 1
130006 0
083835 0
214371 0
085414 0
135353 0
231117 1
150334 0
260173 0
088369 1
119376 0
075962 1
082652 0
036226 0
064064 0
003284 0
115305 1
219297 0
009243 1
079075 0
220856 0
180933 0
199928 1
113308 0
088424 1
119212 0
115884 0
121159 0
195294 0
131586 0
285408 0
009432 0
249502 1
108328 0
157970 0
210649 0
244968 0
120075 1
093847 0
085093 0
141844 1
058472 1
114805 0
120979 0
034264 1
004426 0
142563 0
083758 0
128494 0
124060 0
088442 1
231053 0
123624 0
163149 0
273805 0
037997 0
216360 0
139018 1
015500 1
017531 1
277814 0
101698 0
222309 0
227556 0
141785 1
205373 0
006577 0
099663 0
088225 1
130720 0
253925 0
145839 0
118178 0
155789 1
123724 1
212060 0
234067 1
203840 0
040905 0
145045 0
177604 1
041268 0
125889 1
133827 0
262129 0
136552 0
037797 0
032938 1
005596 0
117863 0
018242 0
152934 0
061143 0
155790 1
151288 0
264078 0
091320 0
037269 0
005200 1
094151 0
069526 0
152763 1
094892 0
187111 0
278213 0
096939 1
119961 1
139351 0
119648 1
103097 0
158375 0
007005 1
187639 0
221889 0
096643 0
209610 0
017783 0
140996 0
265455 0
110024 1
188854 0
003327 0
166362 0
007341 1
013131 0
051989 1
220746 0
118826 1
180487 1
017220 0
069149 0
080813 1
090129 0
249592 1
163567 0
005320 0
148580 0
007694 0
115780 0
017366 1
175920 0
131643 0
285259 0
152096 0
108791 0
113692 0
100212 0
017818 1
171672 1
008713 0
157634 0
085323 0
119972 1
137443 1
174751 0
074626 0
259673 1
181866 0
128469 1
036085 0
028065 0
241813 0
154833 1
181031 0
139548 0
114015 0
158110 0
154859 1
119971 1
148222 0
032345 0
012536 0
182824 0
203888 0
007085 0
005499 1
208366 0
179273 0
004138 0
182121 1
125011 0
188929 0
013012 0
017698 0
109602 0
140913 0
258552 0
113936 1
007175 0
032130 0
162355 1
123397 0
231648 0
285714 0
015328 0
216021 0
186723 0
113554 0
122357 0
124745 1
151705 0
018398 0
196788 0
223104 0
225993 0
140898 0
137264 0
004511 0
162170 1
079982 0
116635 0
120739 0
079225 0
154637 0
127988 0
119346 0
140895 1
153813 0
113555 0
018372 0
139024 0
035231 0
231641 0
007339 1
014061 0
134045 0
096914 1
042733 0
120978 0
150312 0
120874 1
099897 0
258985 0
286309 0
119347 0
177962 0
244997 0
142993 0
158211 1
198953 0
242550 0
216032 0
009206 1
135107 0
009761 0
165248 0
148131 0
054367 1
254039 1
048239 0
135263 0
060633 0
004869 0
229909 1
017526 0
109140 0
117956 0
118059 0
121719 1
111510 1
004498 0
065194 0
215356 0
037798 0
176062 0
007285 0
171351 0
152107 0
102699 0
052304 0
186289 0
226008 0
084156 0
005416 0
140899 1
120081 1
122202 0
078849 1
082100 0
074604 0
216229 0
124693 1
181240 0
113741 0
102141 0
169391 0
108372 0
044351 0
113942 1
101639 0
257570 1
190125 0
236837 0
184449 0
191355 0
262808 1
229190 0
176155 0
208168 0
278626 0
200662 0
009083 1
143916 0
219222 0
165292 0
122795 0
062455 1
191099 0
107824 0
145835 1
112316 0
180843 1
051485 1
182247 1
123636 0
178662 0
198961 0
197334 1
244210 1
119235 0
149800 0
243372 1
079318 0
091919 0
180586 0
145837 0
019038 1
095983 0
161648 0
120876 1
018013 1
257558 1
079134 0
133697 0
124767 1
034169 0
020323 0
010385 1
215672 0
018520 1
237915 1
036942 0
270814 0
280119 0
150656 0
162452 1
017720 0
160332 0
100584 0
079726 1
196735 0
017912 1
044391 0
195546 0
092342 0
117940 0
153365 0
233294 1
005092 1
257555 1
008509 0
018081 1
266253 0
238501 0
163848 0
137444 0
138909 0
144541 0
131671 0
153584 0
185807 1
257524 0
121930 0
100432 0
138537 0
152833 0
006793 0
007798 0
118360 0
125297 1
149410 1
135283 1
018603 1
124979 1
219142 0
008113 0
017051 0
134454 0
148979 0
018382 0
005219 1
066960 1
154167 0
095487 0
094743 0
182746 0
243379 1
260842 0
260304 0
155312 0
219408 0
120324 0
138370 0
271954 1
225556 0
120877 0
162456 1
118175 1
018224 0
124885 0
114797 0
237901 1
182221 1
221208 0
262807 1
212613 1
139020 1
089628 1
009618 0
014208 0
196779 0
140412 0
147847 1
195537 1
202394 0
118696 0
134109 0
145832 0
127640 0
005306 0
137113 1
220533 0
129185 0
142256 0
000115 0
029201 0
004546 0
041866 0
125579 0
185706 0
009956 0
197296 1
019642 0
007224 1
139104 0
078664 0
120065 1
122417 0
112600 0
103770 0
260456 0
131297 0
071496 0
087317 0
145800 0
012925 0
051966 0
012148 0
180841 1
077632 0
180888 1
046634 0
004462 0
119293 1
153337 0
041660 1
015472 0
082137 0
075393 1
037996 0
125001 0
036035 0
198393 0
187786 0
206675 0
197385 0
131296 0
137241 0
076779 0
078987 0
125595 0
135298 1
058340 0
075571 0
009742 0
096363 0
242712 0
110959 0
127977 0
254025 1
170420 0
089677 0
075015 0
017867 0
022410 1
133172 0
194679 0
000016 0
199360 0
197524 0
127805 0
177155 1
089567 0
094966 0
112318 0
134596 0
180683 1
028627 0
180678 1
089343 0
016093 0
126612 1
118734 0
010358 1
128900 0
163321 0
011904 1
131381 0
124975 0
222118 1
237907 1
229910 0
163861 0
051987 0
001903 1
113123 0
031599 0
164241 0
235120 0
125112 0
244220 1
187815 0
262796 1
176119 1
125255 1
037700 0
194019 1
124045 1
192007 0
017148 0
116657 1
002136 0
127656 1
018314 0
089362 0
059042 0
129067 0
017540 0
119973 0
164541 0
114808 0
147736 0
153575 0
237916 1
148150 0
011869 0
118365 0
017378 0
040829 0
181228 0
099142 1
109511 0
197154 0
034651 1
069993 0
135409 0
264395 0
120829 0
198033 0
089130 0
280999 0
007266 1
012291 0
143000 1
151348 0
284152 0
139559 1
116654 1
145846 0
228677 0
014840 0
005188 0
004037 0
100588 0
015465 1
129529 0
176169 0
163385 1
163420 1
012294 0
103166 0
262969 1
257571 1
176165 1
068809 0
167938 1
163979 0
194282 0
010428 0
091104 0
119962 0
126749 0
059037 0
159074 0
037796 0
213422 0
074672 0
205189 0
012423 0
155293 0
194417 0
269084 0
239082 0
226027 0
059653 0
157848 0
196671 0
263904 1
239386 0
229468 0
133261 0
101650 0
198485 1
048262 0
158218 1
121000 0
146989 1
114845 0
044443 0
028018 0
244183 1
115803 0
011643 0
004264 0
153345 0
007344 0
001011 0
014381 0
227248 0
100941 0
051988 1
088302 1
092749 0
170202 0
157130 1
099113 1
000426 0
124633 0
144605 0
012916 0
085290 0
125282 1
183443 0
111557 0
122810 0
014901 0
140687 0
123814 0
158208 1
031664 1
007818 0
134268 0
143085 0
192720 0
114784 0
250088 0
093429 0
133813 0
137097 1
125975 0
081293 0
004625 0
287853 0
203878 0
143762 0
130523 1
282863 0
077859 0
187112 0
135321 1
017429 1
258977 0
007703 0
121209 0
220434 1
161581 0
226311 0
034783 0
214146 0
089782 0
144885 1
092743 0
132507 0
125072 1
161499 1
094139 0
045177 0
145268 0
280192 0
258005 1
261576 0
118808 0
169531 0
148072 0
018250 1
112094 0
146231 0
272779 0
134669 0
127652 1
140890 0
063207 0
112434 0
117856 0
124126 0
136328 1
117077 0
112546 0
164127 1
012160 0
128413 0
038854 0
121899 0
181492 0
258929 0
275808 0
009303 0
157247 0
066632 0
123483 0
242528 0
135637 1
164505 0
124079 0
128706 1
116894 0
116302 1
089805 0
179097 0
093115 0
014320 0
017369 0
131506 0
197578 0
186860 0
063537 0
194012 1
089371 0
176157 0
089366 0
051805 1
215860 0
132861 1
125942 0
010185 0
124529 0
255873 0
159754 1
114064 0
147012 1
131971 0
120811 1
263999 0
141018 1
140914 0
089768 0
116329 0
141013 1
183328 0
183201 0
041239 0
262856 1
179101 1
135649 1
272955 0
102322 0
011816 0
283277 0
118115 1
269221 0
136200 0
000873 1
123721 0
065084 0
110068 0
131774 0
275393 0
060098 0
145947 1
079191 0
195465 0
157799 0
127298 0
012542 0
192712 0
136346 1
145780 1
220531 0
143395 0
203881 0
150275 0
122354 0
162657 0
129412 0
009148 1
040180 0
122861 1
111273 0
175005 0
079536 1
007041 0
157800 0
123553 0
082079 0
164067 0
101649 0
004696 1
025090 0
286741 1
128017 1
163789 0
146159 0
053413 0
114868 0
093743 0
081579 0
124639 0
129658 0
145954 0
182698 1
011310 1
257522 0
232364 0
167878 1
231118 0
168192 0
137865 1
088520 0
196732 0
210777 0
051326 0
181770 0
240809 0
271953 1
164027 1
159814 1
198483 0
164255 0
257946 1
161485 0
140958 0
261619 0
092417 0
136338 1
133696 0
181614 0
148800 0
188925 0
161498 1
045687 0
067321 0
085549 0
132412 0
261938 0
100870 0
098650 0
268792 0
135159 0
123605 0
033680 0
008046 0
195955 0
220757 1
139561 1
096346 0
108153 0
153060 0
275722 0
257930 0
120257 0
149423 0
022616 0
093338 0
009748 0
159863 1
058292 0
108327 0
001018 0
010828 0
176838 1
239754 0
257444 1
176848 0
100059 1
078685 0
258002 1
139540 1
145951 0
275758 0
264445 0
031677 0
257387 1
281966 0
152943 1
001645 0
131205 0
128854 0
099665 0
150337 0
202690 0
000578 1
005014 0
191503 0
118579 0
110988 0
137108 0
265806 0
164064 0
103932 0
287300 0
139617 1
256774 0
042208 1
118723 0
272951 0
008472 1
001198 0
120961 0
005832 1
289288 1
052046 1
022409 0
199035 0
082379 0
066958 1
283439 0
007132 1
125002 1
230088 0
239662 0
084968 0
188930 0
188876 0
091349 0
138836 0
008520 0
127120 0
159591 0
174850 0
118133 0
130464 0
108943 0
228165 0
083838 0
092766 0
065958 0
154598 0
096344 0
161816 0
130117 1
123586 0
290080 0
093758 0
077978 0
209667 0
098388 1
123494 0
071071 0
060615 0
049898 0
122157 0
116915 0
179105 1
195548 0
263878 0
119060 0
219775 0
078652 0
159937 1
164023 1
158020 0
098350 1
113520 0
111507 0
014859 0
124122 0
230415 0
100831 0
094105 0
004182 0
113528 0
045934 0
052276 1
128595 0
012235 0
005157 0
067483 0
196773 0
004533 0
077593 0
051949 1
002933 0
034370 0
004930 0
036026 0
194540 0
180934 0
240936 0
194441 0
118016 0
155761 0
231130 0
233722 0
122216 0
140891 0
268813 0
259711 1
168987 0
126615 0
257298 0
100377 0
231150 0
108884 0
017542 0
211423 0
090778 0
146640 0
126856 0
132116 1
024458 0
086621 0
078797 0
114783 0
124251 0
228867 0
174489 0
042334 1
066968 1
185919 0
133698 1
113539 0
015307 1
120712 1
078695 0
116328 0
145444 0
228787 0
120695 1
007080 1
113355 0
162275 0
176967 0
147903 0
038903 0
168372 0
002007 0
036415 0
150020 1
007434 1
140282 0
188926 0
120514 0
187105 0
133753 0
078764 0
099673 0
032213 0
289326 1
077877 0
124734 0
075639 0
132862 1
115255 0
132864 1
145475 0
083041 0
052041 0
253800 0
137069 0
146975 1
182147 1
001422 0
180490 0
094391 0
091108 0
282068 0
118651 0
144940 0
125426 1
187125 0
120878 0
000575 1
002004 1
095393 0
078082 1
144242 0
181489 0
125427 1
059686 0
079264 0
203886 0
182733 0
222535 0
221167 0
082068 0
120676 1
162062 0
218365 0
124314 0
107776 0
124924 0
012387 0
219176 0
122645 1
124903 0
134066 0
094989 0
012548 0
070299 0
120425 0
231152 0
042477 0
122679 1
041718 0
083839 0
114723 0
161161 0
079754 0
119390 0
115065 0
220485 1
097780 0
051802 1
125275 0
257445 1
089044 0
121212 0
002015 1
115217 0
147362 0
123722 0
051806 1
129775 0
112894 0
098699 0
011398 0
185920 0
182786 0
152985 0
114803 0
227343 0
019557 0
242063 0
164139 0
037059 0
174441 0
112521 0
082648 0
271956 1
124252 0
015132 0
109165 0
015128 1
052060 0
159016 0
145439 0
124046 0
004281 0
244814 0
078101 0
164144 0
028632 0
116474 1
146873 0
176901 0
123294 0
165183 0
181615 0
085824 1
018750 0
258556 0
219686 0
164021 1
024094 1
111219 0
140892 0
051360 0
147126 0
260823 1
140894 0
122473 0
166669 1
164124 1
117218 0
158297 0
242222 0
259464 0
016445 0
264503 0
288037 1
120639 0
220801 1
195558 0
152712 0
126304 0
124408 0
133260 1
090231 0
220752 0
155594 0
157763 0
052043 1
014454 0
196683 0
001199 0
009472 0
146889 0
067168 0
141196 0
121933 0
132492 0
037711 0
079668 0
289306 1
199359 0
067675 1
209230 0
160362 0
120453 1
120216 0
035929 0
275714 0
111503 0
289110 0
126598 0
179300 0
017970 1
051828 1
079126 0
078676 0
076917 1
011925 0
187159 0
044530 0
179432 0
166677 1
146588 0
099516 0
285472 0
108465 0
122995 0
119391 0
123945 0
005826 0
137045 0
015156 0
131504 0
110168 0
276254 0
191680 0
133258 0
290082 0
218246 0
258285 0
051353 0
117546 0
010157 0
180169 0
035473 0
126228 0
166451 0
132825 0
139272 0
034412 0
118243 0
137966 0
096671 0
095631 1
170203 0
120439 0
161550 0
060447 1
175988 0
226014 0
160348 0
004913 0
285409 0
037710 0
008022 0
180942 0
039059 0
254194 1
132196 0
187337 0
001537 0
288492 1
002212 0
150568 0
139626 0
011357 0
007195 0
211726 0
032591 0
010313 0
182762 0
017289 0
132535 0
007337 1
133205 0
016166 0
279296 0
142287 1
139039 0
223253 1
122144 0
113519 0
060372 0
153780 0
120872 1
220756 1
081388 0
001087 1
147319 0
100907 0
014294 0
124165 0
089749 0
230912 1
007544 0
065178 1
137112 0
034587 0
123839 0
110877 0
140119 0
014040 0
000076 1
178069 0
232066 0
124444 0
002009 0
136344 0
273061 1
278945 0
162001 0
007336 0
200385 0
122024 0
287253 1
129413 0
181613 0
133155 0
069637 0
044768 0
028099 0
046174 1
276457 1
016989 0
167939 1
119601 0
115317 0
128572 0
118827 0
146976 1
055728 0
266089 0
016192 0
064946 0
107853 0
204347 0
088747 0
124782 0
186815 0
060443 1
188606 0
011827 0
080016 0
126180 0
164410 0
124443 0
078765 0
125611 1
031407 0
123508 0
142166 1
046916 0
122487 0
191565 1
229053 0
011973 0
111251 0
137798 1
034321 0
232358 0
066382 0
076240 0
161551 0
128910 0
197947 0
289290 1
133099 0
125620 0
147677 0
148264 0
133204 0
176267 0
121161 0
146990 1
194615 0
016623 0
114757 0
145611 0
118305 0
034414 0
089397 0
028399 0
005815 1
113513 0
007585 1
012307 0
203896 0
150343 0
243133 0
260895 1
123593 0
146909 0
005186 0
188313 0
257332 0
030197 0
127097 0
060341 1
012966 0
233373 0
170196 0
095895 0
070071 1
114062 0
120431 1
140946 0
005983 0
083056 0
267273 0
015225 0
005245 0
237125 0
172251 1
125063 0
273065 0
000130 0
146732 0
013382 0
259362 0
266181 0
031982 0
112148 1
110725 0
189093 0
126096 0
145678 1
180659 0
130528 1
177629 0
009783 1
232356 0
286744 1
117874 0
029645 0
219657 0
101202 0
272768 0
216687 0
140864 0
068482 0
034234 0
114541 0
194680 1
121652 0
227885 1
223322 0
147714 0
051798 0
186409 0
163860 0
042543 0
218625 0
095080 0
116432 0
078837 0
225696 0
123890 0
288462 1
204996 0
120871 0
006364 0
160302 0
285671 0
264031 0
015866 0
101924 0
199019 0
044500 0
100541 0
061897 0
215816 0
112527 0
085956 1
006347 0
002063 0
004516 0
219742 0
157767 0
170195 0
179110 1
180391 0
288491 1
108041 0
115495 0
152621 0
155979 0
233783 0
170806 0
211228 0
176656 0
002442 0
075328 0
139336 0
060395 0
186101 0
133383 0
289305 1
139693 0
101192 0
227893 1
125519 0
188932 0
157726 0
017106 0
108726 0
132732 1
112289 0
083842 0
058609 0
243589 0
110477 0
203707 0
065051 0
005833 0
215425 0
053212 0
099571 0
001493 0
149056 0
233804 0
125209 0
007431 0
050196 0
194890 0
159274 0
141017 1
135127 0
075783 0
285761 0
076244 0
075104 0
166913 1
017299 0
190590 0
112698 0
031551 0
102163 0
122139 0
074992 0
006338 1
124889 0
184996 0
098845 0
191570 1
006083 1
203829 1
230961 0
034650 0
285050 0
120870 0
235482 0
240013 0
059788 0
157017 0
121422 0
048544 0
169430 1
165173 0
042558 0
223756 0
053122 0
132210 1
111215 0
231315 0
257945 0
123741 0
080727 0
000850 0
097208 1
219459 0
108840 0
132226 1
178437 0
121069 1
125613 0
046107 1
169934 0
031308 0
221062 0
150171 0
047662 0
064784 0
084219 0
017079 0
018123 0
051772 0
032329 0
129352 0
220541 0
125876 0
200644 0
145583 1
102167 0
227221 1
159684 1
076273 1
012584 0
224948 1
006102 1
097008 0
111808 1
230378 0
117714 0
259658 0
196693 0
153425 0
215442 0
240285 0
130038 0
116370 0
101665 0
037666 0
063188 0
223941 0
150432 0
012198 0
125085 0
128070 0
010890 0
005017 0
200015 0
169264 0
060945 1
116199 0
133178 0
034371 0
120781 0
273243 0
036798 1
181686 0
205416 0
113209 0
180027 1
082735 0
150241 0
257383 0
091098 0
222556 0
058895 0
080671 0
064380 1
111964 0
005121 0
164794 0
131769 0
198314 0
224870 0
155314 1
023253 0
018111 0
131436 0
152217 0
119396 0
130582 0
288039 1
202452 0
137560 0
087539 0
124907 0
200033 0
207902 0
215334 0
068459 0
215427 0
204137 0
223978 0
074739 0
181799 0
009786 1
163166 0
195797 0
010217 0
031918 0
224907 1
256875 0
016375 1
007560 0
250109 0
015123 0
113356 0
142273 0
158968 0
031826 0
169029 0
264459 0
006307 0
241037 0
127687 0
079012 0
052445 0
119069 0
185018 0
014042 0
094148 0
008983 0
230921 1
288192 0
223763 0
227213 1
271346 0
012117 0
080945 0
126542 0
160986 0
157585 0
166068 1
123687 0
120071 0
148563 1
129798 0
001141 1
004106 0
111926 0
048546 0
260459 0
277072 0
233786 0
008159 1
130546 0
190050 1
103613 0
016345 1
125482 0
175004 0
203940 0
008444 0
142690 0
012053 0
109894 0
148795 1
142240 0
024217 0
267525 0
042492 1
233763 0
068338 0
146994 0
260537 0
153631 0
234754 0
011702 0
097128 1
004609 0
113485 0
146027 0
088321 0
132306 0
190039 1
259964 1
231983 0
145971 0
120822 0
059319 1
