084219 1
051271 0
084287 2
075414 2
051255 0
075418 2
044768 0
075309 2
075311 2
083135 1
083958 2
092037 1
091397 1
075513 2
075505 2
075511 2
115253 1
083953 2
075313 0
084202 2
083896 2
084125 2
115355 1
115400 2
078164 2
083753 2
079200 2
083965 2
078252 2
083746 2
083943 2
081589 2
075312 0
079172 2
083537 1
078188 2
081650 2
083968 2
080394 2
083530 2
084307 1
078234 2
075415 2
075500 2
084327 1
067328 0
081685 2
075315 2
079218 2
075517 2
075417 2
082459 2
079363 2
075503 2
084248 2
075593 2
083914 2
083918 2
083119 1
082490 2
085326 0
082031 2
276731 0
083999 2
079223 2
079188 2
075137 2
227734 0
051488 2
051528 2
051379 1
084191 2
083168 1
084183 2
083497 2
083906 2
083171 2
082884 2
076601 0
083173 2
057706 0
084080 2
000567 0
076597 0
044106 2
051143 2
083059 1
079364 2
080299 0
083111 2
078144 2
074947 2
084336 2
074954 2
083479 2
082091 2
082757 2
276748 0
075159 2
077600 2
085358 0
084842 0
057616 0
077606 2
043963 2
051503 2
083019 1
141877 0
082743 2
075120 2
056261 0
141477 0
051078 2
085322 0
083444 2
051068 2
050972 2
084213 2
082822 2
114464 1
083179 2
075161 2
082887 1
083693 2
043889 2
051500 2
084153 2
053248 0
084381 1
044184 2
044080 2
078442 2
277236 0
084154 2
051074 2
051251 2
141479 0
078080 2
078085 2
051368 2
115446 1
083698 2
079288 2
075501 2
078445 2
075518 2
078104 2
082071 2
114483 1
079145 2
078098 2
084052 2
084384 2
042070 0
114640 1
079641 2
079129 2
067319 0
041106 0
081027 2
081701 2
084416 2
137680 1
078128 2
075608 2
082063 2
078630 2
085381 0
078093 2
043943 2
043965 2
082627 1
083697 2
083071 1
053395 0
081897 2
083811 2
082779 2
056009 0
055782 0
074827 2
276732 1
080671 0
083667 1
083691 2
082828 2
044367 2
079644 2
082096 1
276733 0
082615 1
079325 2
078452 2
083723 2
082829 2
050832 1
044193 2
141511 0
053844 0
082191 0
051194 2
084271 2
078440 2
044115 2
083563 2
084116 2
075906 2
084851 0
079167 2
083739 2
083786 2
055489 0
043937 2
084292 2
051187 2
083559 2
084152 2
226473 0
081754 2
081615 2
079837 2
272362 0
044072 2
081637 2
083432 2
079291 2
115918 0
084096 1
113836 2
051206 1
051094 1
220134 0
051193 1
113800 2
114647 1
084477 1
075186 2
051195 1
051197 1
079793 2
084157 2
081721 2
051204 1
051213 1
086486 0
051059 1
276950 0
051198 1
051107 2
075051 2
078659 2
081648 2
271840 1
115508 1
051186 1
078259 2
084053 2
165919 0
043929 2
051218 2
078285 2
154470 0
044074 2
113012 0
051192 1
051209 1
083975 2
084155 2
084098 2
219440 0
051211 1
271898 1
044258 2
084469 1
043991 2
084322 2
276736 0
084439 1
134336 0
115039 1
025548 0
084286 2
084090 2
114982 2
084005 1
050849 1
081890 2
079341 2
115034 1
214881 0
114932 2
083996 1
114987 2
084011 1
276728 0
084006 2
084335 2
083884 2
047410 0
083887 2
012330 0
114487 2
174173 0
226401 0
084413 1
084131 2
044166 2
051166 0
051557 2
276891 1
051215 1
074528 2
153646 0
079670 2
276673 0
222898 0
051189 1
084074 1
084031 2
276725 0
084103 2
051081 1
074721 2
074739 0
083053 2
051092 1
051221 1
084017 2
166330 0
115343 2
081720 2
051205 1
053444 0
051112 1
085357 0
241422 0
084109 2
084175 2
044100 2
044075 2
088644 0
137537 0
051465 2
083990 2
084045 2
207313 0
081674 2
051144 0
084317 2
083988 2
084085 2
084104 2
084101 2
051225 1
074557 2
086264 0
075472 2
051223 1
051210 2
084472 2
080130 0
075561 2
075191 2
084232 2
043879 2
044028 2
084083 2
051217 2
165904 0
051222 1
074869 2
078823 2
077374 0
044339 2
113997 2
114467 2
114873 2
114648 1
051201 1
084283 2
115347 1
114413 2
084474 2
270009 1
084110 2
043927 2
051216 1
081963 2
082073 2
181231 1
012321 0
051202 2
084255 2
083961 2
115394 2
084128 1
082144 2
051219 1
051199 1
084112 2
122949 0
083955 2
051123 1
053412 0
051191 1
055919 0
081728 2
081748 2
044255 2
020190 0
054226 0
044221 2
271689 0
084580 0
113925 0
262676 0
084249 2
081778 2
084265 2
054562 0
055794 0
083940 2
166063 0
044194 2
088682 0
083957 2
084043 2
277006 1
074907 2
082002 2
078458 2
083699 2
051200 1
114673 1
070972 0
043966 2
257687 0
083700 1
241453 0
051207 2
047623 0
114023 1
081229 2
047686 0
051208 1
270014 1
114007 2
056614 0
004884 0
273033 0
047267 0
084075 2
180268 1
271763 0
114894 2
114908 2
051079 2
081903 2
079970 2
084231 2
084475 2
125885 0
044850 2
141958 0
275034 0
269649 1
084106 2
084617 1
051203 1
104145 0
082124 2
082077 2
082075 2
084696 1
084073 2
056427 0
080217 2
114009 2
271686 0
075325 2
115280 2
220514 1
081768 2
084069 2
045040 2
054594 0
080884 2
044773 2
115322 2
084377 2
084360 2
084383 2
114972 1
045120 2
051073 2
084583 2
084318 2
084042 2
047695 0
066176 0
084596 2
081901 2
275090 0
081482 2
044832 2
082080 2
080867 2
276904 1
122943 0
220004 1
081506 2
084111 2
045144 2
045205 2
081922 2
138360 0
081794 2
044108 2
084365 2
271101 1
114603 2
181262 1
084226 2
211776 1
061384 0
113986 2
090279 0
115445 1
084759 2
271153 1
051375 2
083694 2
045143 2
206945 0
114018 2
114011 0
170478 0
084178 2
079360 2
280412 0
270015 1
159329 0
181139 0
115292 2
084076 2
084118 2
002361 1
270013 1
006826 0
084216 2
010029 0
152037 0
082651 1
020762 0
061461 0
181198 1
275814 0
083977 2
084691 2
220007 1
084348 2
114989 1
081709 2
084304 2
252576 0
078043 2
015108 2
090307 0
082029 2
210897 1
180323 1
043725 0
115430 0
288959 0
269658 1
063050 0
082769 2
081907 2
023656 0
091007 0
051431 2
051395 2
278388 0
084113 1
188669 0
077703 2
083931 2
110478 0
051175 1
210962 1
048009 0
084197 2
084100 2
188660 0
084117 2
186599 1
180630 1
269586 1
113976 0
083962 2
119192 0
083932 2
276993 0
096599 0
277015 1
114414 2
114258 1
279827 1
269640 1
186597 1
257686 0
051150 2
113025 0
276927 0
275427 0
080715 0
083945 2
114436 2
084038 2
114295 1
096611 0
003460 0
278005 0
114556 2
084047 2
066743 0
047416 0
044238 2
219891 1
211015 1
062670 2
234585 0
054532 0
084457 2
180277 1
112097 2
005900 0
141341 0
081814 2
043864 2
138478 0
115113 2
114570 2
044023 2
044218 2
115629 1
012052 1
183721 0
078303 2
045204 2
115216 0
279408 0
211014 1
084345 2
050623 0
137440 0
083578 1
081911 2
186978 0
225812 0
219889 1
002046 0
180635 1
115208 0
138557 0
204344 0
081889 2
223506 1
183728 0
223511 1
047184 0
031006 0
114465 2
084097 2
051511 1
080019 2
053651 0
054230 0
116322 0
084331 2
084211 2
047359 0
205222 0
115104 1
115435 2
113971 2
166305 0
128261 0
114217 1
084091 2
084267 2
128267 0
063790 0
083969 2
115215 0
079255 1
084120 2
084081 2
061409 0
115703 1
277028 1
081807 2
067454 0
142267 0
051412 2
041822 0
084479 2
082614 2
180614 1
115121 2
054071 0
114003 2
005825 0
079642 2
115497 1
082629 1
066744 0
114015 2
080236 2
079254 1
051397 2
114484 2
083702 2
057623 0
053739 0
082577 2
067417 0
137220 0
082764 2
084754 2
089197 1
026434 0
084308 2
061386 0
082964 2
084062 2
201061 0
109607 0
043016 0
081698 2
083037 2
136354 1
114115 1
136059 1
084250 2
115405 1
115466 1
081896 2
115204 0
079183 1
115674 1
084843 0
045498 0
074738 0
179693 1
047262 0
114218 1
082099 2
026427 0
079179 1
051069 2
082093 2
056006 0
054388 0
003679 0
276995 0
057277 0
108045 1
114523 1
114342 2
