180438 0
180440 0
180405 0
121792 0
032808 0
194320 2
194373 2
194324 2
141566 0
223288 0
097462 0
088454 0
224294 0
032669 2
032612 2
180417 0
088475 0
111629 0
224849 0
263072 2
039775 0
141452 0
224925 0
251295 2
252517 2
096769 0
141451 0
252219 2
250674 2
251360 2
250587 2
250561 2
012879 0
097472 0
220517 2
220613 2
014279 0
039771 0
003353 0
224930 0
120807 0
136255 0
212228 0
230405 0
145457 0
022051 0
086341 0
145994 0
032807 0
029586 0
011813 0
065935 0
050711 0
009321 0
032852 0
057228 0
223445 0
097074 0
145995 0
220696 0
224873 0
031783 0
147037 0
080958 0
121801 0
060307 0
185910 0
118150 0
025234 0
224868 0
011425 0
185929 0
013262 0
190526 0
185921 0
224997 0
157115 0
042348 0
087423 0
086326 0
126770 2
