229351 1
229356 1
229358 1
234490 1
231388 1
234119 1
233919 1
227946 2
234388 1
234389 2
231229 1
231233 1
231243 1
231230 1
231234 1
231244 1
231228 2
231232 2
231242 2
228972 2
229194 2
229047 2
229357 2
229359 2
229021 0
229352 2
229011 2
231283 2
231286 2
231609 1
231313 2
231411 1
231409 1
231424 2
231307 2
017844 2
234086 1
234390 2
242982 1
242928 2
242922 1
242910 1
242895 2
221595 2
221631 2
190276 0
221636 2
221682 2
239745 0
239800 0
256312 2
229361 2
231271 2
229424 2
239253 0
256301 1
239739 0
229310 2
231272 2
231255 1
231302 2
231112 1
231119 1
142218 0
229516 2
229531 1
234052 2
136512 0
007800 0
234087 2
231120 1
234012 1
229548 2
196314 1
229439 1
231148 2
196586 1
196598 1
230951 0
196600 1
136301 1
222240 1
196537 0
231504 1
136485 0
224521 0
194720 1
230946 0
136299 1
194722 1
136326 1
198601 0
233659 2
235166 0
147924 0
136293 0
231433 0
229179 2
224832 0
233996 0
208778 0
239329 0
269539 0
229238 2
272957 0
284034 0
224895 0
239330 0
233648 2
010916 0
224840 0
142221 0
136208 0
135207 0
199878 0
229423 1
239323 0
231431 0
158734 1
273053 0
234727 1
200193 0
269447 0
196064 0
225613 0
232891 0
137326 0
232777 0
229207 2
005842 0
260651 0
202410 0
228533 0
221630 2
236007 0
230961 0
197156 0
169215 0
221681 2
234782 1
229241 1
234297 0
231382 0
221594 1
221635 2
195958 0
155615 0
232126 0
234682 0
231376 0
161987 0
170993 0
208779 0
196036 0
196536 1
