226419 1
211355 1
199662 1
199768 1
202309 1
201723 1
201733 2
253060 1
191960 1
191952 1
192027 1
207523 2
233435 2
141618 0
210803 2
210735 2
243224 1
243208 1
243497 1
223623 0
243496 1
258244 1
257917 2
199799 1
242624 2
224535 2
243402 1
199800 1
243401 1
225400 2
243811 1
229632 2
244143 1
262867 1
243818 1
262872 1
244136 1
243561 0
240501 2
262174 0
210978 1
023670 0
199644 0
243862 1
250339 1
242947 2
261530 0
243857 1
258357 2
250338 1
287168 2
225742 0
261667 0
153174 0
258373 2
216167 1
243843 1
288465 0
215569 0
243812 0
229701 2
152740 0
243528 0
258502 2
139406 0
287669 2
243780 1
237741 0
243834 1
243559 1
115189 0
215600 0
243779 1
267467 0
250887 2
251938 0
261671 0
275029 2
256551 1
268516 0
243826 0
234372 2
226611 0
206541 0
243558 1
115184 0
275040 2
243186 1
164314 0
023512 0
243832 0
255936 1
195764 0
244363 1
225367 0
261575 0
256022 1
206808 1
234371 2
261580 0
275063 2
004906 0
159937 0
244341 1
207193 1
206698 2
183845 2
019075 1
196270 2
258430 0
211971 0
155811 1
199251 0
080223 2
229964 2
222449 0
215603 0
261392 0
237595 0
255691 0
256403 0
256099 1
183853 1
184706 1
209030 1
206720 2
229876 2
274528 0
206709 2
206995 1
211988 0
108832 1
202237 1
049593 0
253926 0
252331 0
184695 2
108911 1
201638 1
255892 0
108284 0
202384 1
256433 0
223113 0
092712 0
275543 0
187602 2
220390 0
197534 1
253995 0
256434 0
109176 1
269513 0
203074 0
242357 0
108912 1
115188 0
109198 1
253501 2
238027 0
128478 1
269452 0
197450 1
108880 1
205780 0
244732 0
202344 1
128627 1
182262 0
197440 1
132183 0
264160 0
199528 0
264159 0
067843 1
067839 1
206434 2
202398 0
067812 1
242538 0
109210 1
258440 0
015242 0
141604 0
208324 0
274359 0
231133 0
225013 0
256402 0
216580 0
075590 0
199226 1
077317 0
229871 1
230075 1
070094 0
222739 0
269783 0
261302 0
001554 1
256432 0
223121 0
205796 2
208579 1
280324 0
229820 0
240258 0
220150 0
257823 0
256770 2
115447 0
275249 0
117143 0
070171 2
242531 0
206423 2
229824 0
103267 0
242010 0
257243 1
230706 0
202963 0
263740 0
202794 1
199222 1
221278 0
210748 2
256767 2
258925 0
103344 2
210965 2
157820 0
169286 0
231208 0
226867 0
070107 0
200871 0
202262 1
164505 0
208546 2
254637 1
070147 2
103320 2
098618 0
057897 0
070150 2
257343 1
199160 1
103280 0
255060 1
103323 2
244451 2
202470 0
227462 1
263418 0
255270 0
008757 0
196100 0
066359 0
260615 0
207127 0
232036 0
197838 0
252311 0
206885 2
257272 1
013035 0
090687 0
226311 0
255299 0
199154 1
199156 1
199153 1
253557 2
124458 0
025484 0
256168 0
163736 0
201756 1
202951 0
270407 0
253502 2
282164 2
283607 0
120297 0
065960 0
253570 2
227546 0
204245 1
244471 2
162148 0
153353 0
228782 1
145487 0
183328 0
253354 2
222775 0
203057 0
085806 0
182014 0
283157 0
228781 1
285336 0
022116 0
205782 0
243261 0
210756 1
206016 0
271239 0
258988 0
047347 0
203050 0
282863 0
253425 2
064349 1
213775 0
253449 2
202616 0
228911 1
253575 2
253558 2
287843 0
202633 0
228910 1
212292 0
241757 0
025347 0
244423 1
117206 0
225368 0
253571 2
271664 2
031977 1
253576 2
224398 0
253600 2
185476 0
164410 0
241038 0
032000 1
063014 0
153142 0
271663 2
017574 2
115627 0
265042 1
210439 0
256535 0
225373 0
203072 2
252372 0
252426 0
253602 2
253675 2
201815 1
197647 0
030168 0
180669 0
224486 0
025463 0
127751 0
209911 0
271969 0
119306 0
251950 0
271775 0
253701 2
203076 2
238626 0
127390 0
254881 0
001622 0
101493 1
226317 0
096084 0
197170 0
086685 0
117218 0
176170 0
241140 0
241289 0
234451 0
261453 0
204716 0
234461 0
201852 0
197176 0
123993 0
256173 0
164503 0
269735 0
184747 1
157837 0
233928 0
244367 1
139674 0
264992 0
225650 0
146539 2
220816 0
202689 1
079430 0
235252 0
162354 0
259945 0
215608 1
274418 0
200003 1
277268 0
176712 0
029303 0
261938 0
253574 1
159863 0
256440 0
265927 0
263581 0
271803 0
137042 0
201958 1
201813 1
