051099 2
054407 0
019248 2
222456 0
052712 0
277543 2
277523 2
022495 2
022411 2
026099 0
135172 2
135170 2
135374 0
135179 2
007987 2
121394 2
121379 0
088138 2
088131 2
134309 2
088112 2
134288 0
263747 2
124314 0
003562 2
157072 0
263387 2
136448 0
054715 0
057019 2
056866 0
263741 2
122348 2
056361 2
050963 2
263346 0
122350 2
010046 2
122351 2
056316 0
268607 0
144656 2
144615 2
223313 2
051087 2
057368 2
223318 2
223288 0
198245 0
083069 2
054728 2
156681 0
224849 0
080427 2
057131 0
099446 0
048557 0
056127 0
031978 0
224892 2
082783 2
224924 1
267709 0
004440 2
071084 2
104258 2
054694 0
053703 0
224925 2
224930 0
120807 0
120823 0
080399 2
213616 2
213258 2
116411 2
116415 2
223445 0
226491 0
071085 2
143571 0
097074 0
224588 2
052269 2
077667 2
146748 0
104257 2
213275 2
224512 0
052268 2
226488 0
086732 0
212228 0
051033 2
225913 0
097472 0
240251 0
080280 1
220721 2
225906 0
220725 2
056205 0
036768 0
082500 2
055523 0
087352 0
052800 2
025835 0
200626 2
141183 0
057093 2
082744 2
168464 2
129779 0
200630 2
200629 2
113705 2
052755 2
096769 0
122560 0
089683 2
200230 2
238702 0
082609 2
056341 2
056327 0
220905 1
054720 2
053228 2
059396 0
157073 0
082544 2
091186 0
055463 0
220966 2
082759 2
049117 2
052696 0
081175 2
087423 0
224292 0
054563 0
049180 0
082591 2
202386 2
054675 0
082391 2
055047 0
082386 2
036779 0
113721 2
202193 2
224294 0
241577 0
056859 0
202208 2
081013 2
056857 0
087460 0
052537 2
161806 2
052516 2
141410 0
049057 2
081121 2
080993 2
111645 2
202245 2
082692 2
082244 2
230159 0
057100 2
082646 2
259285 0
053170 0
036065 0
226866 0
184863 0
056342 2
194320 0
184864 0
082594 2
080965 2
138865 0
053013 0
238736 2
089966 0
054761 2
141566 0
082618 2
267459 2
111680 0
149736 0
056326 0
084108 2
056226 0
080543 0
082547 2
048384 2
164684 0
048181 2
084107 2
096756 0
007294 0
080365 2
124218 0
042542 0
082690 2
029875 2
236038 2
082598 2
084127 2
285184 0
084192 2
084194 2
053476 1
123405 0
056149 0
053322 0
054932 0
054983 0
080747 2
090281 2
137501 0
124215 0
082660 2
200730 0
056200 0
056714 2
194373 0
080722 2
056503 0
225890 0
054981 0
080356 2
082286 2
029888 2
173777 0
055418 0
070702 0
080763 2
082521 2
053200 2
138812 0
199994 2
088475 0
167148 0
053015 2
054962 0
139242 0
236098 2
199046 2
056498 2
080782 2
056476 0
199195 2
053285 2
199169 2
080309 2
085303 0
080520 2
153315 0
082300 2
080565 0
056707 2
141452 0
173755 0
053281 2
080772 2
198416 2
121155 0
084546 0
080713 2
054272 0
056051 0
056505 0
097462 0
150704 0
089022 2
137496 0
055087 2
100214 0
158662 0
146406 2
080514 2
053561 2
080720 2
136290 0
055486 2
082285 0
055467 2
056808 2
052650 0
080712 2
057372 2
036061 0
120835 0
082299 0
056529 1
182919 2
271199 0
053627 0
082803 2
080724 2
055391 0
054577 2
054869 2
054682 2
055599 2
048663 2
080398 2
080773 2
055405 0
055287 2
082370 2
055020 0
182918 2
055216 0
054914 0
080691 2
056486 2
088454 0
082797 0
053111 2
271131 0
056744 2
054587 2
070975 2
080735 2
182934 2
051359 2
048456 2
082808 0
087324 2
080756 2
104148 2
054921 2
053034 2
082791 0
056457 0
054895 2
082504 2
053381 0
057128 0
053687 2
091284 0
080682 2
080753 2
080791 2
080397 2
089278 0
055645 2
199194 0
054497 0
099435 0
056852 1
051740 0
082708 2
080736 2
056473 0
271111 0
080602 2
080447 2
122796 0
055308 0
056371 0
052517 2
057152 2
182922 2
055587 0
053564 0
080449 2
117218 0
129501 0
053391 0
103875 0
055729 0
113509 0
080723 2
052542 2
054785 0
030259 2
111438 0
054821 0
055329 0
201538 2
128544 0
052129 2
019406 0
194324 0
053027 0
115026 0
049912 2
053319 0
080192 0
049843 2
054281 0
179286 0
052953 2
186433 0
278056 0
064643 0
080708 2
163108 2
054488 0
080588 2
080784 2
254620 0
080582 2
080357 2
163105 2
090196 0
082711 2
080571 2
080368 2
053008 0
054279 2
181551 2
054442 2
056084 0
080711 2
059400 0
052140 2
051402 2
243710 2
055200 2
054274 0
053265 0
181537 2
055289 0
181866 0
082503 0
049065 2
110901 2
240255 0
056087 0
049841 2
051780 0
059879 0
186718 0
080694 2
054569 0
054201 2
054138 0
056511 2
022232 0
080701 2
009433 0
089985 0
080611 2
057335 2
080498 2
052838 2
112685 0
055363 0
005617 2
254911 0
080714 2
057138 0
056863 0
053665 2
175807 0
080783 2
138813 0
055831 0
049204 0
070788 0
055291 2
080597 2
271306 2
056463 0
202631 2
055967 0
052720 2
025983 0
080143 0
080785 2
093584 0
054884 2
054811 0
054926 2
089142 0
055473 0
163241 2
080613 2
055541 2
234324 0
121892 0
080570 2
049908 0
053116 0
055276 0
053124 0
080495 2
055258 2
110933 2
053583 0
051031 2
179295 0
136215 0
080471 2
056097 2
052857 0
055159 0
053002 0
137402 0
086560 0
080584 2
083514 0
010458 0
051733 0
242357 0
052935 0
080702 2
056622 2
054147 0
113508 0
047018 0
159804 2
054916 0
082673 2
097448 0
110447 0
054097 2
054359 0
095359 0
082682 2
080700 2
043582 0
080341 2
080589 2
280160 0
042550 0
055402 0
080685 2
080718 2
080466 2
055179 2
080770 2
264596 0
080729 2
055222 0
054197 0
053485 2
080591 2
080474 2
137916 0
056695 0
219939 0
080360 2
039339 0
080265 2
053033 0
053534 2
053619 2
052361 2
003769 0
053012 0
055470 2
091185 0
271608 0
080768 2
080657 2
056794 2
055185 2
048940 2
198012 0
080340 2
053271 2
053293 2
059890 0
210232 0
055148 2
053512 2
100425 2
170793 0
080379 2
055311 2
100426 2
053386 2
054539 2
271408 2
136255 0
039786 0
053026 2
240947 2
056182 2
080796 2
182558 0
052954 2
187504 0
053574 0
048826 0
108995 0
112661 0
088569 0
080754 2
080469 2
068821 0
055612 2
082301 0
121762 0
156119 0
050202 2
055323 0
055097 0
175538 0
272782 0
080793 0
055875 0
056397 2
062968 2
050143 2
240946 0
056381 0
055154 0
059343 0
054471 2
082383 2
136291 0
055592 2
052146 2
138668 2
054202 2
063691 0
055170 0
136264 0
057311 0
055712 2
062870 2
121752 0
271307 0
046870 2
048719 0
055074 0
053506 0
053164 0
054095 2
055339 0
151713 0
052955 2
055844 0
080284 0
137467 0
054198 2
056227 0
055190 0
080669 2
129480 0
080149 2
093742 2
054003 0
138802 0
239105 0
174784 0
053001 0
170073 0
211870 0
082446 0
052851 0
096376 0
051005 2
280512 0
055292 0
080635 0
057032 2
084547 0
166184 0
080692 2
084847 2
056509 0
055164 0
260617 0
054365 0
052695 0
097069 0
262052 0
082272 0
053057 0
090129 0
053705 2
165871 0
170187 0
053610 2
053974 2
054383 0
055588 2
054808 2
055357 0
271308 2
174250 0
198220 0
054503 0
054543 0
052724 2
053586 2
050224 2
006580 2
081058 0
205675 0
235068 0
080381 2
052930 2
053031 0
053575 0
053593 2
054487 2
054002 0
085271 0
054834 2
054697 0
054530 2
054140 2
083709 0
085811 0
055419 2
055456 2
166087 0
054076 2
080349 2
053559 0
055095 0
178462 0
091006 0
070216 0
054954 0
055174 2
056095 2
044582 0
055426 0
055123 0
038615 0
056483 0
083517 0
054558 0
054679 0
056492 2
028329 0
080480 0
170219 0
086221 0
093596 0
056741 2
167167 0
141451 0
052498 0
056461 0
273883 0
139002 0
052910 0
265122 0
080170 0
046766 2
082422 2
016281 0
231656 0
055118 0
088521 0
056525 0
065997 0
096677 0
286556 0
056181 2
009293 0
167168 0
220267 0
055877 0
083909 0
052806 2
056186 2
083466 0
205474 0
054439 2
056240 2
150886 0
052489 0
056218 2
227761 0
055345 0
055550 0
053602 2
054480 0
052837 2
050150 2
187493 0
206084 0
078434 0
055873 0
052771 2
055303 0
152803 0
056234 0
055235 0
053704 2
080715 2
080207 1
022110 0
053591 2
052918 0
047210 0
080363 2
052915 2
093611 2
056470 0
083465 1
052870 0
169436 2
103961 0
080740 2
048476 0
052762 2
048048 0
053243 2
083518 1
162871 0
231665 0
162870 0
056737 2
083629 0
275814 0
056287 2
056191 0
056358 2
121780 0
056215 0
056716 2
055935 0
083513 0
009107 0
059462 0
051582 2
052934 0
056502 0
053834 0
055781 0
146006 0
047686 0
048741 0
056318 0
056044 0
053159 2
054820 0
054896 2
080958 0
053560 0
113514 0
053519 0
056643 0
056773 2
054049 2
049189 0
285147 1
052613 2
056033 0
056738 2
054094 0
084851 0
162492 0
285181 2
082562 0
053734 0
055146 2
054520 2
272185 0
053009 2
168031 0
009289 0
055416 2
060512 2
054519 2
053759 0
054429 2
066743 0
186722 0
050137 1
054499 0
054194 2
035866 0
080693 2
052364 2
056460 0
055381 0
152811 2
052610 0
048764 0
049696 0
080957 0
053000 2
226752 0
054654 0
100173 0
186416 0
055245 2
054127 2
054883 0
055385 2
047483 0
031841 0
055801 0
078171 0
142929 0
084550 0
054331 2
121398 0
055384 2
047930 0
056278 2
057353 2
054251 0
053635 0
089324 0
162668 0
080823 0
056822 0
054126 0
242808 0
111979 0
059371 2
254661 0
055438 2
138569 0
050124 2
059315 2
054877 2
056467 0
268470 0
057002 2
054326 0
085150 0
083625 0
052788 0
053094 0
060953 2
048906 0
263145 0
049042 1
052567 2
053314 2
161848 0
091177 0
053152 2
053278 2
076601 0
159743 0
057146 2
055621 0
053223 0
265097 0
080792 2
081021 2
055488 2
080764 2
052544 2
056867 0
055390 0
216033 0
129822 0
275662 2
052111 2
055858 0
054393 0
056520 0
053272 2
053597 2
158893 0
153631 0
236513 0
054927 0
056735 2
054489 0
054989 2
058128 0
054629 0
121776 0
051032 2
200486 0
054660 0
050466 2
140435 0
054136 0
055310 0
055180 0
098595 0
053011 2
056134 0
054867 2
052354 2
056019 2
055410 0
050429 2
055991 2
046417 0
083910 2
048603 2
162842 0
051006 0
240463 0
158107 0
053999 0
056442 0
055910 0
056031 2
053079 2
054732 0
056755 2
240467 0
055813 0
118359 0
182500 0
054876 2
054798 0
080171 2
054727 2
056254 0
051929 2
081492 0
056515 0
192965 0
263777 0
054665 2
224212 0
053044 2
053036 2
051615 2
192709 0
178644 0
054532 2
054226 0
084030 0
056516 0
024011 0
051160 2
056724 2
054230 0
059273 2
052931 2
054224 0
052998 2
054968 2
082329 2
053003 2
053141 2
052855 2
055500 0
063658 2
053423 2
083208 0
114409 0
055309 0
056610 0
052965 2
157584 0
053158 2
139248 0
080221 2
053878 0
053822 0
020116 0
055478 2
080978 0
030859 2
053014 0
053054 2
004253 0
052745 0
114074 0
054870 0
053163 2
053241 2
194608 0
053756 2
288636 0
055973 0
083639 0
020101 0
037179 0
054117 2
126449 0
054922 0
053250 2
057440 0
055748 0
054975 2
053375 2
055160 0
138559 0
054210 2
052901 0
056497 0
084610 0
054531 2
056680 2
056070 2
086750 0
055445 2
055457 0
055398 0
054006 0
118364 0
053017 0
109956 0
053162 0
053595 2
286558 0
053007 2
054662 2
053736 2
049683 2
056464 0
057036 2
053173 0
228213 0
127058 0
083646 0
055487 2
048793 0
234231 0
050164 2
080484 0
054796 0
009477 0
053171 0
054763 0
051127 2
049406 2
055187 0
055828 0
099518 0
059290 0
202565 0
230009 0
151125 0
056496 0
002396 1
082381 0
056018 2
055412 0
056615 2
054218 2
039718 0
052802 0
054901 2
262191 0
055270 2
053578 0
052519 0
130123 0
056216 0
054144 0
168966 0
054529 2
054638 2
283207 0
054516 0
006318 0
056841 2
050947 0
268332 0
052706 0
055525 2
054656 0
054787 0
067247 0
056745 2
086657 0
052744 2
050251 2
264975 0
050956 0
054908 2
043016 0
050236 2
067668 0
089292 0
042919 0
167161 0
052630 0
056346 2
052561 2
054277 2
175610 0
046827 0
056742 2
281078 0
055982 2
056507 0
055263 0
054457 0
057132 0
250108 0
051509 0
055101 0
053853 0
055434 0
090346 0
060233 0
056856 0
055356 0
052649 2
056835 0
056414 2
240476 0
214859 0
056100 2
063807 2
121940 0
054967 0
054234 2
280161 0
208773 0
220768 0
054515 2
056324 0
054278 2
052648 0
053751 0
054875 2
055845 0
083895 0
056513 0
056700 2
057077 2
219164 0
259079 0
056514 0
054509 0
050931 0
056071 0
052956 2
162872 0
045535 0
053995 0
017451 0
150360 2
055162 2
054934 0
061105 2
052515 2
055141 0
061014 2
284965 0
083198 1
084842 0
139267 0
050936 0
052862 2
187062 0
016813 0
285102 0
050902 0
053050 2
054506 0
055072 0
054306 0
053046 2
015769 0
078582 0
054890 0
098574 0
030857 0
228207 0
053650 2
226497 0
055110 0
050142 2
129471 0
057330 2
053408 0
191407 0
055168 0
052756 0
076597 0
048785 0
053753 2
054940 0
049671 2
055710 2
053554 0
049507 0
057334 2
054823 0
054871 2
162841 0
054456 0
052852 0
053738 2
053076 2
053039 0
048416 2
056430 2
252030 0
273697 0
010725 0
138607 0
055468 2
053958 0
182414 0
047658 2
054518 0
052866 2
055392 0
138625 0
056862 0
054273 2
056466 0
052495 2
114423 0
056459 0
056962 2
047581 2
056386 0
050244 2
055918 0
056504 0
056263 2
014134 0
054320 0
162059 0
090081 0
053660 0
054445 2
054088 0
054387 2
048488 2
052607 0
057075 0
052932 2
055282 2
082458 0
054803 2
076094 2
002298 0
161673 0
054160 0
054453 0
052728 2
052684 2
048197 2
055951 2
054631 0
091007 0
056458 0
054882 0
162525 0
114080 0
078687 0
053041 0
054389 0
055971 0
074727 2
053248 0
055236 0
055404 0
153995 0
054903 0
162508 0
269199 0
226912 0
049427 0
055966 0
053377 0
084504 0
055461 2
053670 2
047809 0
055023 0
023656 0
055421 0
098454 0
054971 2
227736 0
054692 0
083191 2
052865 2
083907 2
240645 0
272775 0
053148 0
055273 0
126508 0
275663 0
272758 0
001789 0
055947 0
052433 2
055958 0
263169 0
006253 0
080268 2
055895 2
053071 2
052938 2
053841 2
056870 0
055890 0
052939 2
024014 0
053521 2
052776 2
054899 2
275186 0
249338 0
056493 2
076777 0
057139 0
056789 2
133270 1
055029 0
051364 0
056734 0
057140 0
055839 0
086760 0
052846 2
055617 0
053723 0
054794 0
275914 0
052849 0
047551 0
056965 2
226712 0
056523 0
268934 0
055229 0
242855 0
055880 2
056843 0
050588 2
054817 0
271174 0
053570 0
052887 2
056029 0
054239 0
054714 2
276236 0
080671 0
053040 0
056832 2
048491 2
112682 0
118131 0
174021 0
054790 0
057329 2
057072 0
053748 0
275341 0
056384 2
054928 0
187141 0
117422 0
057049 2
054090 2
033281 0
017432 0
084561 0
056968 2
055068 2
055655 0
052678 0
054800 2
115590 0
165746 0
263759 0
150013 0
055516 2
082191 0
086428 0
230166 0
052702 2
080148 2
074739 0
052629 0
055854 0
054409 2
186477 0
052833 2
055871 2
221745 0
168968 0
121149 0
013644 0
046923 2
241995 0
055840 0
055269 0
056770 2
055031 0
059821 2
166125 0
162775 0
055024 0
133877 0
099380 0
054105 0
087457 0
110283 0
168440 0
055277 0
056522 0
046744 2
055790 0
052826 0
052727 0
075047 0
052598 2
056023 0
054133 0
054011 0
054872 2
056187 2
049698 2
162949 0
066967 0
164011 0
051869 2
089321 0
055597 0
000930 0
052405 2
055788 0
052722 2
055876 0
060965 0
087919 0
055403 0
148220 0
122545 0
055995 2
052892 0
051842 0
053833 0
057079 2
052779 2
055474 0
052177 2
066744 0
049580 2
286383 0
283305 0
054677 0
108704 0
053024 0
082031 0
054545 2
056012 0
004601 0
031152 0
053143 0
240274 0
081500 0
234276 0
052859 0
052883 0
084002 0
271173 0
056861 0
162881 0
080152 0
056343 0
052520 2
084507 0
087463 0
080267 0
057328 2
055908 0
048142 0
138386 0
053006 0
052691 0
005091 0
056530 1
000608 0
056774 2
060796 0
057125 0
050214 2
053600 2
248336 0
211314 0
265890 0
053032 0
054801 2
054357 2
050778 2
055251 0
083483 0
057336 0
050670 2
055070 0
055691 0
054077 2
087458 0
055992 2
054881 0
054496 0
266216 0
081427 0
087440 0
056836 0
055383 0
050483 0
055336 0
084129 0
208014 0
054275 2
052711 0
101307 0
055909 0
054528 0
056419 0
226086 0
050788 0
057142 0
055600 2
052313 0
055089 2
063178 0
054674 0
271116 0
053150 0
053030 2
189889 0
045607 0
055493 0
206221 0
048583 2
053745 2
054680 0
053028 0
056046 0
083542 0
053107 2
056521 0
062188 0
083460 2
048436 0
098359 0
126758 0
055489 0
051337 2
175894 0
053553 0
285915 0
126540 0
053996 0
040632 0
051376 2
020343 0
054345 0
057141 0
055366 0
055471 2
084843 0
077096 0
076602 0
053505 0
054540 2
054887 2
151722 0
070882 0
055483 0
096906 0
053592 2
055796 0
144606 0
265452 0
076879 0
242648 0
048434 2
053280 0
051486 2
031425 0
056021 0
055231 0
054810 0
055713 2
052747 0
059595 0
243359 0
152721 0
047758 0
009882 0
084131 0
053691 2
067072 0
053010 0
055469 0
055322 0
052726 2
052647 0
055446 0
083539 0
262748 0
031645 0
086262 0
051004 2
052768 2
127057 0
110595 0
054244 0
021129 0
053035 0
067252 0
006051 0
052876 0
026682 0
275418 0
083550 0
033476 0
053563 0
056851 0
056315 0
000567 0
219673 0
052868 0
055692 0
051110 2
057376 0
052608 0
240275 0
056374 2
048831 2
168287 0
273287 0
053405 0
052718 2
161204 0
027625 0
048129 0
272779 0
011421 0
049076 0
055723 2
055810 0
054789 0
054857 2
090144 0
243273 0
184918 0
055506 0
130138 0
057370 0
267543 0
055166 0
056057 0
055539 0
055326 0
056389 0
052586 2
055659 0
117196 0
109362 0
010332 0
054672 2
056485 2
051102 2
041475 0
063004 0
049697 2
088527 0
052748 2
018173 0
050213 2
056114 2
052574 0
056165 0
170478 0
055342 0
052896 2
052804 0
140371 0
037287 0
107740 0
056431 0
055331 2
255473 0
220503 0
024445 0
052839 0
083541 0
057244 0
216906 0
078158 0
052179 2
083330 0
055784 0
079439 0
050116 2
052435 0
206020 0
053556 0
053977 0
052700 2
048883 0
052950 2
192904 0
057135 0
056532 0
015323 0
081037 2
055010 0
012645 0
036612 0
052834 0
052766 2
242072 0
052427 0
054512 0
048484 2
054904 2
242878 0
078770 0
055942 0
055243 0
056314 0
266697 0
126996 0
053867 2
114435 0
064645 0
114515 0
057080 0
226410 0
054283 2
115436 0
146005 0
118494 0
053919 0
053963 0
040658 0
052840 0
003126 0
052640 0
169123 0
085632 0
052900 0
035841 0
080730 2
065922 2
224539 0
054505 0
005111 0
062192 0
056210 2
055850 0
054268 0
048258 0
055262 2
054452 2
083799 0
054700 0
055933 0
040745 0
054166 2
129670 0
087351 0
175974 0
054375 0
032203 0
054987 2
052685 0
055214 0
276198 0
087380 0
054773 0
039514 0
055219 0
057317 2
054190 0
056448 0
056192 0
059298 2
198195 0
054005 0
080822 0
139510 0
052836 0
054535 2
242364 0
052521 2
238400 0
054371 0
054270 0
052882 2
054163 0
054753 2
054595 0
054897 0
162788 0
054466 0
039674 0
124405 0
052687 0
055301 0
053073 0
050249 2
054513 2
056292 0
055789 0
055014 0
054740 2
059457 2
053815 0
042831 0
053568 0
052659 2
093599 0
042070 0
084570 0
077344 0
049133 0
138321 0
083538 0
044240 0
053901 0
056472 0
265683 2
048031 0
048202 2
054684 0
020016 0
265654 0
052581 0
005868 0
055142 0
048792 2
107787 0
053458 0
077374 0
062965 0
039462 0
054758 2
132747 0
034815 0
025538 0
043609 0
041465 0
265395 0
084210 0
054081 2
083989 0
024895 0
055104 0
022091 0
047410 0
004005 0
053477 2
054942 0
201335 0
055968 0
054075 0
053372 0
113729 0
053279 0
050118 2
110451 0
254851 0
054170 0
203643 0
011623 0
054066 2
054991 0
138824 0
055549 0
116257 0
048750 2
275045 0
052440 0
048260 0
267565 0
055774 0
174838 0
050241 2
057145 0
269345 0
053245 2
053023 0
051279 0
054492 0
285408 0
017716 0
055145 2
181492 0
269202 0
054673 0
207951 0
055341 0
050250 2
050242 2
080256 0
053828 2
083461 0
052027 2
051261 0
053937 0
048442 2
048287 0
161082 0
054227 2
052997 0
033175 1
055248 1
055037 0
056061 2
048290 0
056076 2
022132 0
084001 0
052760 2
226091 0
010653 0
083544 0
053294 0
220065 0
053992 0
081060 0
053478 2
237401 0
052864 0
055643 0
055690 0
052803 0
055102 0
281079 0
017209 0
048531 2
052280 0
055724 0
048312 0
162676 0
048441 0
284872 0
053724 2
052738 0
003838 2
203418 0
054559 0
209577 0
270612 0
055007 0
265657 0
049142 0
055827 0
052780 0
053587 0
055542 0
032733 0
265659 0
054652 0
050426 2
257723 0
055233 0
120625 0
051025 0
056681 0
044038 2
056849 0
056865 0
000792 0
138675 0
126420 0
083528 0
056053 0
054937 0
017601 0
035251 0
079404 0
055046 0
044050 0
054523 2
043065 0
025746 0
055280 0
052429 2
269850 0
202253 0
056415 0
052911 0
159834 0
056294 0
054154 0
014426 0
054526 2
052815 0
056237 0
055447 0
056233 0
129392 0
052701 2
055264 0
052657 0
024411 0
178306 0
054159 0
045857 0
196703 0
053479 2
087649 0
054951 0
053928 0
050326 2
026278 0
056743 0
045002 0
053382 2
002449 0
053068 0
137395 0
070439 0
080432 0
052220 0
267397 2
047112 0
050263 0
054986 0
056387 0
206937 0
185758 0
172766 0
055598 0
247822 0
115506 0
049141 0
052869 0
055884 0
081092 2
081101 2
