194093 2
194101 2
193574 2
193567 2
195747 2
195746 2
195754 2
195760 1
196253 2
196251 2
190783 1
190850 2
202635 2
202637 1
202641 2
201727 2
201737 2
201752 1
264171 0
202640 1
233314 1
233301 1
196796 2
202936 0
196798 1
196272 2
264166 0
230375 0
196321 2
199484 1
196307 2
201781 2
199460 1
071197 1
202834 0
201734 1
224068 1
223996 1
201748 1
223950 0
201740 1
158024 0
104370 1
071204 1
235516 0
201792 1
232233 0
257093 1
251324 1
104377 1
221720 0
196347 0
227400 2
235529 0
199454 0
279949 0
254686 0
266022 0
260768 0
213890 0
262760 1
227402 2
229177 0
232213 0
038903 0
090146 0
149438 2
193152 0
257528 0
262757 1
149452 2
221780 0
226412 0
263608 0
196282 2
187320 0
191964 2
262765 1
136310 0
192004 2
257107 1
213893 0
286418 0
202112 2
232206 0
008415 0
213803 0
262885 0
128556 1
263238 1
228603 1
265937 0
196589 0
186899 0
260828 0
128517 1
243514 0
225085 0
042151 0
257519 0
128516 2
170268 0
243180 0
254675 0
228602 1
228601 0
265998 0
202122 2
202135 2
280487 0
255822 0
221641 0
128559 1
192674 0
018018 0
170266 0
202312 0
195267 0
162489 0
199587 0
156655 0
017415 0
206313 0
202375 2
257512 0
289565 0
184685 0
226469 0
288827 0
243190 0
284570 0
257072 0
260767 0
192676 0
260755 0
260827 0
260762 0
213849 0
110893 0
195592 0
171315 0
187673 0
095300 0
201929 2
257040 0
225540 0
171319 0
266162 2
230150 0
014582 1
200551 0
229825 0
254555 0
261747 2
094280 0
183862 0
024586 0
219526 0
287469 0
192671 0
199931 0
220018 0
094674 0
013206 0
230979 1
257508 0
259817 0
259793 0
213956 0
253953 0
213912 0
280577 0
196252 2
000888 0
283327 0
202934 1
229822 0
265175 0
264963 2
160704 0
181985 0
100888 0
207446 1
158926 0
218144 0
202931 1
256837 0
224984 0
269736 0
001958 0
266163 2
147133 2
246616 0
043903 0
109948 0
257042 0
157080 0
224962 0
014859 0
283399 0
202151 2
264964 2
265141 0
095410 0
147134 2
201938 2
195266 0
265594 0
202157 1
207490 1
204850 0
219890 0
014663 0
181958 0
112709 0
199916 0
205224 2
260108 0
006791 0
202148 2
137508 0
157083 0
013195 0
262736 0
000810 0
260660 2
202156 1
145553 0
289911 1
205235 2
017142 0
257821 0
220363 0
014581 0
088047 0
284576 0
262790 0
290095 0
094269 0
280606 0
116466 0
260653 2
141681 0
078302 0
017265 2
245978 0
262928 0
221818 0
257820 0
218242 0
273846 0
157084 0
275316 0
202126 0
261499 0
254507 0
194518 0
123732 0
168679 0
275727 0
232446 0
221788 0
145521 1
265268 0
017919 0
122084 0
288721 0
157073 0
149100 0
129618 2
192707 0
199830 0
148757 0
086398 0
235552 0
127700 0
120580 0
100818 0
219445 0
280576 1
140691 0
187636 0
019308 0
244345 0
157092 0
275434 0
199359 0
237246 0
256560 0
275897 0
231153 0
192488 0
161106 0
097958 0
198160 0
265591 0
232890 0
232744 0
017540 0
254685 0
222933 0
192716 0
289070 0
011758 2
137504 0
187417 0
224993 0
183858 0
092840 0
066143 0
258732 0
261665 0
148029 0
012743 0
195883 0
241656 0
275445 0
263266 0
166031 0
220319 0
270677 0
283402 0
193919 0
194545 2
262990 0
169851 0
121962 0
025891 0
260348 0
206324 0
239789 1
015958 0
150863 0
285582 0
194704 0
109997 0
273546 0
093399 0
194700 0
090905 0
148708 0
257507 0
260318 0
008000 0
247888 0
100258 0
275750 0
286807 0
239788 1
122061 0
278125 0
260109 0
099830 0
260110 0
182161 0
273543 0
009955 0
160700 0
018783 0
269845 0
264453 0
150109 0
160235 0
058868 0
180946 0
287306 0
142946 0
256841 0
239782 0
264387 0
161862 0
036067 0
213599 0
257383 0
127701 0
155656 0
271000 0
209918 0
009622 0
187139 0
256836 0
260323 0
181997 0
148924 0
137966 0
187414 0
141424 0
239774 0
239946 0
190688 1
262927 0
257016 0
197939 0
122056 0
027032 0
253807 0
222129 0
192669 0
280844 0
239790 1
239794 1
288712 0
280605 1
034880 0
285583 0
132252 0
162149 0
239792 1
129413 0
243838 0
194516 0
181916 0
239793 1
239797 1
197884 0
127863 0
207371 0
270695 0
202134 1
259965 0
239779 0
154460 0
131706 0
223561 0
210624 0
250830 0
115833 0
239778 0
155685 0
282325 0
278846 0
147923 0
262995 0
162144 0
239776 0
196986 0
242287 0
147957 0
205983 1
251011 0
269848 0
259975 0
233136 0
133949 0
199917 0
282992 0
285409 0
095981 0
198687 1
009041 0
168802 0
205950 1
192064 0
196990 0
285415 0
131022 1
270186 0
257030 0
223525 0
227559 0
238911 0
171316 0
278837 0
142966 0
075930 0
281543 0
155621 0
241235 0
260311 0
244558 0
125130 0
100270 0
131019 1
219539 0
285259 0
060845 0
256364 0
242276 0
285408 0
168946 0
250119 0
117729 0
273988 0
133389 0
192965 0
282636 0
267304 0
151144 0
279608 0
280843 0
230922 0
161933 0
267350 0
131015 0
242233 0
131011 1
