256187 2
256429 1
256509 0
256204 2
256283 0
256341 2
256184 2
256342 2
256353 2
256398 2
256194 0
256157 0
256765 0
278461 0
256402 0
263018 0
286739 0
227148 0
023741 0
223918 0
087766 2
083568 1
080266 2
083230 2
084150 2
043632 1
078291 2
082624 2
046342 2
045776 1
041485 1
040149 1
044154 1
040906 1
080022 2
080450 2
029387 2
029074 2
034760 1
033626 1
030856 1
100013 2
085081 1
046055 2
004595 1
009038 2
057889 2
057882 2
111869 1
111870 2
286668 1
286704 2
162230 2
162298 0
269285 0
036212 2
007605 2
012441 2
151682 1
022532 2
258017 2
088011 1
066998 1
067524 0
034692 2
003013 2
134229 2
244411 0
131642 2
131648 2
131675 0
232637 2
232639 2
232604 0
111352 1
087542 1
087661 1
084929 2
084888 2
087559 1
087666 2
087725 2
051434 2
046637 1
057711 1
259246 0
140353 0
063289 0
233217 2
233238 2
233237 2
233255 2
010348 0
002094 2
265210 2
265322 2
260000 0
079578 2
083668 1
229648 0
085082 1
085068 2
050537 1
043624 1
059257 2
065952 2
077613 2
057700 2
030050 0
067241 1
067255 1
064442 1
064444 0
129692 1
155000 2
154998 2
012582 2
075722 1
079747 0
000329 1
232880 2
261227 2
001143 0
281877 1
257527 2
258330 2
033174 2
033297 0
263337 0
265676 1
012352 2
091902 0
263570 2
263571 2
087719 0
267192 0
115278 2
116006 2
009523 2
121982 2
111570 1
111582 0
265662 0
028289 2
085269 1
085253 2
170306 0
052593 0
164644 2
233710 2
099581 0
009522 2
121981 2
009521 2
121980 2
260840 0
124325 0
057024 0
008726 2
084391 2
084394 0
288779 2
288780 2
158262 0
219498 2
245106 2
189482 0
200549 0
067489 1
095524 0
268459 2
100452 0
116786 0
282665 2
282685 2
045100 0
289576 0
219696 2
223119 2
223135 2
128163 0
279290 0
009401 0
260212 0
094243 1
094472 2
094539 1
045183 0
110996 0
228791 2
228913 2
026892 0
141536 2
008431 2
141305 2
141326 0
142105 2
008359 2
243901 2
243883 2
243900 2
062104 1
231928 2
231975 0
090596 1
090622 2
067746 0
131667 2
131669 0
196288 2
196289 2
257621 2
257021 0
090743 0
034377 0
148193 0
110449 2
110479 0
279127 2
279130 0
018482 2
128764 2
043603 0
155661 2
204642 0
084237 2
024397 2
024385 2
024283 2
054993 1
007443 2
022335 0
287814 0
132017 0
233790 2
233808 1
233802 2
233806 2
241865 2
233820 2
242056 2
242065 2
238505 2
239076 2
244454 2
244461 2
273090 0
194782 2
194784 0
232586 2
232620 2
232592 2
232591 2
233791 0
233803 2
233807 0
233809 0
233821 0
288446 2
288557 2
288447 2
241866 2
194785 2
194805 0
242057 0
194814 2
148809 0
078405 0
242066 0
266988 2
266991 2
267186 2
267193 2
267195 2
267198 2
284669 2
284681 2
284693 2
286657 2
286735 2
236157 2
236253 2
238506 2
239077 2
244455 2
244462 2
200762 2
197921 2
197909 2
200721 2
244453 2
244460 2
197910 2
197922 2
200722 2
200763 2
144692 2
286734 0
155203 2
155029 0
281685 0
169931 1
169983 0
188749 2
099323 0
262608 2
262613 1
262625 1
262667 0
256627 0
264512 0
024280 2
005390 2
009596 2
093883 2
095588 2
129930 2
287092 0
046221 1
046173 2
046040 2
034554 2
034546 2
259435 0
000477 2
006169 2
000300 2
008443 0
010034 0
192001 0
193830 0
014299 0
067243 0
044935 2
008057 0
235967 0
027994 1
086454 2
086412 2
086411 0
243674 0
070798 0
233805 0
226071 0
111470 2
111481 2
022258 2
065766 2
131591 2
131592 0
001159 2
029255 0
067987 0
000972 0
065983 0
042079 1
088523 2
088844 2
088725 2
092902 1
092912 2
230869 1
063791 0
023460 0
230390 0
085198 0
140767 0
064174 2
064168 0
000912 2
131639 0
022390 0
227632 2
227652 0
135572 1
045373 0
284855 0
154615 0
236112 2
236135 0
190201 2
209943 2
043771 0
242470 0
216287 0
071138 0
267194 0
093659 0
284999 2
285014 2
285016 2
147844 0
152134 0
243925 0
153500 0
260012 2
137946 0
000020 0
021844 0
166819 2
093898 2
230855 0
010042 0
100404 2
109983 0
095472 0
035810 0
000869 0
193705 2
193785 2
193792 0
193790 0
109969 0
098621 1
094222 0
030651 2
034179 1
192519 2
279242 2
279244 2
279292 2
279713 0
281192 0
224519 2
224572 0
224677 0
168553 0
259959 2
165053 0
131742 0
269445 0
273664 0
062844 0
131054 0
064453 0
273959 0
230868 0
022938 0
075064 0
168883 0
224731 0
064056 0
280498 0
286473 0
064508 0
200313 0
227669 0
267487 0
011743 2
094776 0
277932 0
162229 2
162228 0
154684 0
268789 2
260082 0
152473 2
152502 0
152488 0
244882 0
159720 0
148344 0
259504 0
228604 0
282759 0
202826 2
224736 0
201420 0
103972 0
262717 2
262687 2
286368 2
039431 0
169984 0
269364 0
169883 0
084918 0
263008 1
170311 0
131683 0
008626 2
111865 0
002774 0
050611 2
050346 0
273392 0
146709 0
094049 0
112328 0
001858 2
126997 0
227661 0
039559 1
039498 1
039522 0
058856 0
286901 0
152491 0
146336 2
287303 0
262710 2
262712 2
263338 1
263377 1
262731 2
262732 2
258329 2
257526 2
244739 2
252654 0
285088 2
289809 0
264317 0
054600 1
233667 0
017255 0
283164 1
283178 2
283473 0
286927 0
179523 0
145988 0
137951 0
279913 2
279717 0
263575 0
260507 0
263376 2
064613 0
202323 2
202272 2
202266 2
202305 0
256858 0
223118 0
032431 2
032367 2
219402 0
194086 0
279372 0
013994 0
058531 0
071412 0
112037 2
170277 0
044807 0
260913 0
224583 0
192485 0
235219 0
132487 0
269350 2
269351 2
029064 0
211739 0
017746 2
129277 2
107840 2
107901 2
269733 2
227826 0
281861 0
226799 0
187116 0
156019 2
114566 2
114627 2
114652 0
119574 0
039473 0
182755 0
088179 1
087543 0
160382 0
146479 0
264621 0
088552 1
124631 0
280852 0
179244 0
078280 1
038777 0
154578 2
154549 0
003997 2
013191 0
122553 0
060265 2
066039 0
079652 1
233317 2
233307 2
131559 2
192247 2
258728 0
080336 0
076835 1
076423 2
061998 1
233390 0
269373 0
131560 2
131561 2
131563 2
131562 2
269376 2
260081 0
262679 0
076887 1
269400 0
244568 0
000829 0
131555 0
066306 1
123030 0
269297 0
000895 2
064614 0
100581 2
235389 2
235407 0
235504 2
235539 2
201097 2
235193 0
233460 0
064783 0
066984 0
000870 2
091574 0
028010 0
121257 0
131605 0
122851 0
130878 0
284692 1
279270 2
267196 0
020313 0
280454 0
280633 0
253496 2
253562 2
257104 2
257188 1
259993 2
261191 0
224696 0
027001 0
066627 0
045549 2
045545 0
256598 0
261909 0
253636 2
253718 2
202304 0
186292 0
267990 2
082415 0
022317 2
087680 0
035351 2
035296 2
035419 0
033781 2
022342 0
044793 0
074607 0
270786 0
027217 1
081599 0
257027 0
036412 0
052620 0
044661 0
033401 0
035820 1
050824 0
176884 0
148211 0
081267 0
012042 0
017398 0
259576 0
055623 0
285006 0
273144 0
234223 0
037473 0
001303 0
067752 0
011547 0
233499 0
182198 0
260920 0
022338 2
121921 0
126731 2
101871 0
279277 0
066158 0
035132 2
022321 0
035811 0
022331 2
091075 0
044904 0
122708 0
061340 0
008591 0
255681 2
255622 0
255687 2
255698 2
255666 2
111867 1
129931 2
133095 2
261131 0
066242 0
040977 2
046497 0
131665 2
048604 0
100461 0
285667 0
282800 0
284492 0
200740 2
150439 2
045575 1
045573 0
045574 0
060825 0
071174 0
099248 0
099588 0
128289 2
126942 0
000971 0
024102 1
024101 1
023709 1
024044 1
178145 2
177979 0
178140 0
146683 0
101751 0
177821 0
244592 0
094752 1
094848 0
126397 0
121450 2
121451 2
121452 2
008058 0
121457 0
143487 0
227160 0
199797 2
148026 0
193590 0
198402 2
198462 2
034432 2
265700 0
169947 1
081070 0
000813 2
127637 0
195839 2
067614 2
067611 2
034433 0
018094 0
133078 0
108834 0
010350 0
094307 1
094341 2
267197 0
061005 2
227837 0
113974 0
070565 1
103738 1
089703 0
063075 0
138728 0
196008 0
262702 0
131679 0
270839 0
228733 0
001004 0
066351 0
064077 0
255719 0
255716 0
067652 0
111785 0
182210 0
155850 0
161190 0
131647 0
069638 1
102811 1
098871 0
069732 0
183337 2
186473 2
023821 2
259332 2
183892 0
112291 0
007043 0
222554 2
222533 2
224666 0
285015 0
180188 0
175828 0
051254 2
051133 0
210617 0
133065 0
053746 2
121454 0
109985 0
035779 0
178147 0
143373 2
256597 0
095881 0
147440 1
079715 0
198093 0
058508 2
138487 0
199225 0
065227 0
255722 0
175713 0
126175 2
129623 0
090237 1
008060 2
121460 2
008034 2
121430 2
007982 2
093810 0
071125 1
104298 1
071102 0
104275 0
071024 1
104197 1
071019 0
104192 0
071022 1
104195 1
158414 0
170182 2
156876 2
109187 0
161099 0
181966 0
195635 1
005404 0
170026 2
159719 2
159703 0
159686 1
143413 0
137592 0
277296 0
226691 0
056799 0
232861 0
067774 0
039458 1
164536 2
164534 2
164532 0
157376 0
051520 0
242026 0
175410 0
098353 0
182649 0
029908 0
062785 0
018392 0
272932 0
024870 0
160877 2
121386 2
160784 0
121372 2
023719 0
160011 0
010775 2
186454 0
174560 0
285499 0
183607 0
131712 0
035394 0
067081 0
122669 0
057573 0
075320 0
118865 0
220008 0
257533 0
287698 0
076481 0
132131 0
154956 0
138596 2
138597 2
138757 0
138863 2
142378 0
040018 0
267185 0
016895 0
029722 0
075116 0
260019 0
170468 0
164929 0
140830 2
124048 0
141032 0
064632 0
244306 2
244318 2
133206 0
159247 0
039544 2
060220 2
227079 0
078776 1
188919 0
097738 0
139944 0
264514 2
264541 2
066081 0
087761 0
160373 0
084884 0
130209 0
157262 0
244561 0
090745 0
050085 1
050081 2
061187 0
024135 0
021842 0
174676 0
035856 0
027982 0
139369 0
283619 0
107995 0
066677 2
066694 1
070910 1
104083 1
263829 0
161097 0
117691 0
014253 0
146426 0
267321 0
161074 0
048545 0
083184 0
121453 0
000833 0
283798 0
258784 0
154589 2
183599 0
094954 0
064677 0
041537 0
141318 0
151197 0
000822 0
130416 0
242960 0
260482 0
066758 2
066650 2
066790 2
066857 2
154582 0
154579 1
153373 2
243678 0
191191 0
029034 0
024137 2
024132 2
061795 0
023953 0
024105 2
024042 2
027035 2
027034 0
024392 0
023996 2
023988 0
009073 2
121580 2
096568 0
057724 0
023956 0
224042 0
193242 0
052557 1
160150 0
055517 0
122740 0
137627 0
010902 0
257810 0
265208 0
128548 0
167951 0
032506 0
260830 2
260934 0
260960 0
102082 0
101621 0
099649 0
131577 0
198529 0
069671 0
045406 0
132112 0
199855 0
111861 2
112003 0
002430 0
031850 0
169128 0
167404 0
110746 1
012244 0
269298 2
110749 0
199091 0
030383 0
223134 0
170250 0
022372 0
018897 0
266208 0
005201 0
048600 0
083566 2
083565 2
