286272 1
286284 1
286273 1
286285 1
007096 2
112891 1
259908 2
259912 2
283431 0
261876 1
260139 1
260123 1
125938 2
014790 2
125937 2
186961 2
186956 2
177436 2
269835 1
271118 1
263037 0
178283 1
173708 1
286158 0
237814 1
285938 2
283890 0
288012 2
191743 1
191730 1
191800 2
191846 2
062515 2
097341 2
097347 2
288789 2
286617 2
027498 1
099178 2
099213 2
099347 2
026003 1
026004 1
019356 1
019347 2
278756 0
195750 0
123257 2
123149 2
014728 2
126368 2
126369 2
274466 2
288786 0
079832 1
053149 1
053147 1
050400 1
050290 1
050557 1
050487 1
050515 1
050567 1
028881 1
029086 1
029429 1
046800 1
046890 1
053532 1
054314 1
053689 1
053972 1
053928 1
025623 1
029463 1
029466 1
025164 1
085069 1
039289 1
039287 1
053469 1
053300 1
055051 1
088968 1
088863 1
004200 1
267034 1
267063 1
082067 1
054363 1
054399 0
054303 1
048687 1
050595 1
050674 1
050571 1
283455 0
053211 1
053180 1
053210 1
054477 1
046386 1
046391 1
053205 1
210687 0
144131 1
144144 1
015427 0
129362 0
053100 1
053123 0
053267 1
053316 0
052810 1
053292 1
059432 0
054955 0
053907 1
054169 1
054038 1
054255 1
052142 1
008592 1
058832 0
050586 1
050579 1
035205 1
054556 1
054888 0
053213 1
053208 1
024451 1
024431 1
024468 1
036502 0
057618 1
053779 1
054113 1
054744 0
257511 0
086767 1
086800 0
165415 0
047185 1
047400 1
108174 0
077388 1
082922 1
077400 1
230911 2
284274 0
054229 0
054262 1
056786 1
057171 0
284479 0
026832 1
026825 0
066403 0
008997 0
052862 1
052846 0
050984 0
053708 1
028171 2
028172 2
029151 1
131268 0
023590 0
030119 0
051830 1
120907 0
082889 1
015131 0
010479 2
178501 0
260436 0
286124 1
286138 1
259590 0
057969 1
057972 1
071465 2
104638 2
009658 2
051048 0
189150 1
173317 0
100975 1
110285 0
068580 2
000632 1
060879 1
099552 0
000221 0
196526 0
178930 1
071064 0
066812 1
256646 0
083557 0
079313 0
056343 0
005146 0
075651 0
036054 0
088496 1
234784 1
234729 1
