256945 0
230335 2
230340 2
230428 2
230355 1
230426 2
206291 1
206280 1
193018 0
206269 2
230364 2
230363 2
223497 2
196063 2
258140 1
230344 1
230337 2
204674 2
204476 2
198157 1
198455 1
198415 1
198115 1
198118 1
197992 1
197993 1
198101 1
264311 1
257920 1
193241 2
198025 1
198244 1
243031 1
274836 1
274838 1
275039 0
274998 1
192655 2
192663 2
192675 2
192677 2
192678 2
184158 2
184192 2
258353 1
192945 1
275171 1
254519 1
277428 1
256116 1
235789 1
253810 1
254610 1
253813 1
229488 1
237009 1
201220 1
182488 2
190852 1
225396 1
225455 1
225391 1
225781 1
225764 1
237403 1
276653 1
227723 1
280219 1
269307 1
200051 1
170618 2
273216 1
279002 1
273448 1
268961 1
274684 1
274755 1
273940 1
202248 2
275049 1
275053 1
275057 1
275060 1
275022 1
267160 1
285304 1
234111 1
234068 2
234066 1
234114 1
194742 1
194745 1
274779 1
274541 1
162882 2
158185 2
263989 1
157915 2
226749 1
192394 1
232476 1
279053 1
253648 1
267334 1
279055 1
234835 1
234849 1
234820 1
176308 2
012750 2
202805 2
235141 1
018787 1
152397 2
286424 1
286427 1
221180 1
284974 1
256582 1
231898 1
257589 1
197763 1
228971 1
192572 1
211234 1
158186 2
153792 1
152394 2
284985 1
276458 2
287774 1
234744 1
234736 1
256447 2
198024 1
274764 1
018698 1
191890 1
190644 2
234413 1
230065 2
287546 1
267933 1
274670 1
171519 1
210727 1
210361 1
274719 1
274365 1
253072 1
285320 1
159852 2
278512 1
254994 1
160331 2
243640 1
236111 1
243634 1
268031 1
163471 0
257974 1
257973 1
259841 1
279064 1
244910 1
259015 1
162819 2
255674 1
256043 1
255652 1
213213 1
179398 1
184530 2
184556 2
184588 2
184555 2
184518 2
221402 1
244319 1
244305 1
244397 1
244399 1
258195 1
276906 1
279422 1
259514 1
267238 1
267401 1
244416 1
154786 1
154568 1
082641 1
154482 1
155031 2
154490 1
239343 1
229438 1
154591 1
154775 1
154881 0
257108 1
198889 1
199042 1
199044 1
199096 1
240271 1
282846 1
282864 1
282847 1
164146 0
010786 2
241490 1
284330 1
216295 1
196081 1
127117 2
164091 1
199069 1
271679 1
162876 2
002622 2
221656 1
002815 1
276658 1
269168 1
274562 2
197039 1
221637 1
221581 1
187255 2
187259 2
254248 1
191185 2
192558 1
127264 1
127279 2
229631 2
199068 1
165387 1
158714 1
156647 2
156642 1
173202 2
220748 1
173650 1
219675 1
152398 2
219727 0
158606 1
256890 2
256888 2
256932 1
256880 1
256970 1
257390 1
257443 1
257038 1
257138 1
278243 1
221429 1
256892 2
257499 1
257503 1
222521 1
270939 1
154427 1
270986 1
138253 1
138290 1
222055 1
270958 1
270993 1
257094 1
274786 1
071106 1
104279 1
071104 1
104277 1
284161 1
257361 1
274996 1
274797 1
272303 1
256931 2
285653 1
079258 1
079259 1
244972 1
244964 1
271313 1
274678 1
173207 2
255411 1
278606 1
278621 1
278569 1
277173 1
277175 1
075049 0
279771 1
278702 1
278785 1
201533 0
274685 1
275400 1
275061 1
274680 1
275062 1
275403 1
275402 1
274772 1
274736 1
275001 1
275000 1
275486 1
274997 1
275414 1
275135 1
274703 1
275416 1
275395 1
275399 1
274713 1
274711 1
274706 1
275415 1
275396 1
275413 1
274746 1
274716 1
274762 1
275002 1
274768 1
274757 1
274709 1
274742 1
274733 1
275076 1
274732 1
274640 0
016635 1
139392 1
139475 2
138763 0
274744 1
275857 1
173213 2
275401 1
221887 1
162056 2
157679 1
173216 2
274783 1
275163 1
257313 1
256965 2
257415 1
197756 1
202656 1
137220 2
257370 1
274749 1
195894 1
156351 1
117133 1
169647 1
274727 1
156693 2
152276 1
274734 1
256889 2
172953 2
172954 2
274777 1
274962 1
274778 1
275038 1
153556 1
137821 1
137861 1
137833 1
137856 1
156124 2
153571 1
276861 1
154824 1
153968 2
154771 1
137364 1
153558 1
137374 1
175742 0
153535 1
138385 1
151313 1
274620 1
137316 1
257110 1
275125 1
154788 2
154789 2
173330 2
153710 1
153738 1
151310 1
150202 1
257393 1
257438 1
151544 1
151306 1
151318 1
151305 1
256867 1
153085 2
163129 2
163126 2
151545 2
000106 1
173314 2
015890 1
173318 2
201672 2
201691 2
173200 2
274815 1
157893 2
275071 2
275081 2
242333 2
242337 1
154126 2
158948 2
270987 1
276843 1
270967 1
177565 1
177571 1
173326 2
173248 2
173411 0
172929 2
172878 1
257937 1
257324 1
244974 1
244973 1
244971 1
247029 1
247385 1
247415 1
154764 1
189917 1
154131 1
014352 1
147163 0
274625 1
276664 1
275078 1
210492 1
275074 1
154734 0
275430 1
275079 1
269894 1
274820 1
275137 1
275006 1
257365 2
257374 1
274658 1
197214 1
247028 1
247384 1
197205 1
201954 2
154790 2
274760 1
257320 1
257321 1
274830 1
275283 1
274662 1
275292 1
274871 1
270935 1
270981 1
270881 1
270889 1
257172 2
274841 1
274712 1
154802 2
266772 1
269074 1
266768 1
269048 1
275026 2
274873 1
268780 1
275659 1
266443 1
266362 1
266069 1
266072 1
268611 1
265282 1
265224 1
265245 1
265315 1
265329 1
275664 1
268960 1
274626 1
274775 1
269611 1
269614 1
274566 1
275033 1
268663 1
268674 1
268678 1
257166 1
274724 1
268944 1
268954 1
269036 1
267124 1
269465 1
266784 1
269020 1
257307 1
257302 1
268762 1
269602 1
274635 1
257161 1
257117 1
276700 1
269547 1
276808 1
154429 1
267629 1
204806 1
205411 1
257234 2
257237 1
238482 2
257134 1
247387 1
247346 1
117120 1
264989 1
275260 1
244873 2
267989 1
274568 1
257135 1
274579 1
256993 1
256987 2
257402 1
247309 1
245033 1
153712 1
256940 2
025714 1
025296 1
034166 0
275275 1
281038 1
173331 2
274674 1
276864 1
176466 1
177920 1
274737 1
274740 1
154517 2
219199 0
257168 1
019032 1
153978 1
257167 2
157887 1
275212 0
016029 1
274754 0
161388 1
274570 1
275068 1
148992 1
141561 2
173042 1
137293 1
137288 2
283188 1
275032 1
275398 1
099631 0
276971 1
277000 1
154826 1
264027 1
275738 1
273426 1
275069 1
274741 1
274739 1
257140 1
154811 1
274667 1
275121 1
154518 2
269246 1
161847 1
161176 1
276677 1
274701 1
275280 1
275472 1
221981 1
149142 1
163762 1
154898 1
264409 0
276668 1
224069 1
077143 1
085621 1
085631 1
155576 1
165398 1
161146 1
129926 0
173205 1
119892 1
116046 0
005462 0
274601 1
257678 1
257672 2
274720 1
182631 1
176693 1
176731 1
182637 1
176733 1
176695 1
176735 1
176738 2
154749 2
154902 1
177971 1
154522 1
154756 1
179117 0
270953 1
197244 1
240284 1
154671 1
155167 0
154672 0
173561 1
173296 1
193971 0
276842 1
276848 1
176421 1
176408 1
274600 0
275031 0
168132 0
163455 1
275350 1
275349 1
275509 1
275594 1
002315 1
273961 1
273936 1
274016 1
133162 1
256893 1
160962 1
154813 0
190808 1
190827 1
190778 1
201070 1
201148 1
201059 1
201142 1
190386 2
237434 1
237420 1
232463 2
237419 1
237435 1
276357 1
276359 1
276338 1
270892 0
153052 1
165747 1
276593 1
161263 0
273262 1
150878 1
138236 2
138237 1
274595 1
178648 1
178763 1
178769 1
178787 1
173588 0
148787 1
275178 1
119254 1
276380 1
276566 1
018867 0
174422 1
190777 1
150088 1
094328 1
285989 1
285953 1
174407 1
174423 1
271304 1
271601 1
229348 1
174625 0
271110 1
004144 1
118253 1
160865 1
275485 1
275491 1
165833 1
165837 1
165716 1
165743 1
165875 1
173386 1
173381 1
188101 2
196879 0
156492 1
156493 1
156486 1
276678 1
225454 1
225395 1
176220 1
270994 1
276992 1
276996 1
273221 1
273451 1
276744 1
271059 1
271054 1
278540 1
279059 1
279051 1
211766 1
273250 1
279065 1
276659 1
276844 1
273214 1
276849 1
276749 1
276716 1
276715 1
278616 1
278548 1
187276 1
223899 0
275365 1
276002 0
157176 1
157181 1
278547 1
158036 1
278532 1
278538 1
271036 1
271032 1
173257 2
132816 1
132716 1
132796 1
132795 1
132834 1
132873 1
132868 1
273305 1
173408 1
166056 1
173686 1
278615 1
276748 0
173315 2
173898 1
260380 1
173329 2
226748 0
274632 1
161303 1
052775 1
052637 1
263191 1
263187 1
225787 1
250460 2
010552 1
178083 1
275805 1
177885 0
261022 0
173412 2
068716 0
257158 0
260364 1
158560 1
158551 0
156494 0
271044 1
274627 1
001552 1
008754 2
164291 2
006983 0
278386 1
278383 1
271322 1
224392 1
223961 1
224160 1
281936 1
049168 1
049176 1
041905 1
173805 1
271406 1
271508 1
154524 0
270802 1
270801 1
270798 1
275070 1
257377 0
275080 1
005083 0
221847 1
225780 1
278798 1
278734 1
257420 1
257426 1
161356 1
254390 0
162338 2
136199 1
274605 0
148772 2
082639 0
171566 1
171555 1
276379 1
271591 1
211580 1
211767 1
277283 0
154503 0
256886 2
162351 1
162356 1
278550 1
278559 1
271301 1
276339 1
276358 1
276360 1
276381 1
276567 1
278800 0
271077 1
257157 1
257145 1
273246 1
164138 0
262792 0
272169 2
272128 2
272129 1
272001 2
272403 1
276742 1
257805 1
257800 1
256982 1
271391 1
271509 1
147090 0
176221 1
048718 2
276565 1
221903 1
063605 0
278551 1
286426 1
286423 1
138624 1
138605 0
173308 2
173335 1
093474 0
278684 1
283475 0
272223 0
176426 1
111499 1
110352 1
278640 1
175361 1
175605 0
015744 1
119489 0
043746 0
163593 0
274633 1
201060 0
274639 1
153725 1
153749 1
154516 0
172779 1
271015 1
274573 1
160817 0
172767 2
128527 1
128671 1
128670 0
271374 1
047410 0
188814 0
087281 1
087259 0
286643 1
286714 1
286782 1
286809 1
140626 0
264799 1
264858 1
264860 0
028877 0
276757 0
275151 1
148555 0
017581 0
274607 0
161192 0
277835 0
262802 0
116876 0
271540 0
192994 0
196066 0
276939 1
276822 1
252220 0
141975 1
142066 0
272190 1
272193 1
114018 0
274585 1
154763 1
154843 1
154632 1
154809 1
154173 1
154836 1
154823 1
153969 1
154067 1
154481 1
154845 1
168532 1
168501 2
168502 2
154793 0
276667 1
162815 1
154068 1
153988 0
154633 1
168489 1
278629 0
154489 0
162825 0
173327 2
153458 0
277003 1
271076 1
271065 1
173307 2
273903 1
273888 0
276689 1
154538 1
154574 1
154575 1
276825 1
158972 1
159062 0
154957 2
092046 0
063302 0
274617 1
278184 0
154958 1
274624 1
274636 1
174697 1
174734 1
174863 1
174874 1
173384 0
052751 0
027844 0
117114 0
190080 0
271124 1
004324 0
271116 1
270951 1
173347 2
142075 0
173389 2
173397 2
276731 1
274602 1
126217 0
047152 0
277781 0
173253 1
173409 2
280080 0
158453 1
173415 2
264990 0
114650 1
275366 1
137300 0
000328 0
181744 1
168888 1
173275 1
253389 0
173398 2
256927 1
275363 1
053031 0
258327 0
271106 1
154454 0
276596 0
113812 0
043658 0
278637 1
278632 1
257218 1
257207 2
164369 1
276642 1
160616 2
160610 2
016720 1
229064 0
165820 1
162782 1
162856 1
152231 0
255347 0
074760 0
257455 1
257454 1
194719 1
194727 1
158321 2
194510 0
211511 0
276917 1
162860 1
173334 1
275422 1
173388 1
227973 0
165395 0
274807 1
274801 1
274805 1
276713 1
014603 1
126152 1
276762 1
173400 2
176724 0
277516 1
005411 1
234213 0
277004 1
275884 1
276945 1
276651 1
276801 1
025713 0
277228 1
277212 1
257502 1
136877 0
274574 1
257121 1
257127 1
286808 1
286781 1
277227 1
277211 1
172896 2
277209 1
277063 1
277067 1
276660 1
158332 0
074751 0
107772 1
107759 1
150125 1
150117 1
253812 1
014208 1
275048 1
275059 1
275056 1
054380 0
138292 0
230626 1
230616 1
275583 1
275581 1
223479 1
219643 1
219622 1
221755 1
211005 0
229334 0
282013 1
282011 0
154787 0
275362 1
094851 0
283476 1
283447 1
