232732 1
232735 1
155445 0
192357 0
064906 1
064828 1
180026 2
188535 0
064808 1
064597 1
064766 1
064797 1
064931 1
064922 1
154395 2
064688 1
176622 2
176651 2
182927 1
076977 2
177987 1
160515 1
014050 1
014471 1
145857 1
013083 1
287922 1
287928 2
287934 2
287980 1
288692 1
289957 0
155800 1
257264 1
257231 1
018978 1
155433 1
124017 2
124016 1
064483 1
064587 1
064585 0
174773 1
154686 1
154668 1
152261 1
082827 1
077824 1
066356 1
123959 1
123579 1
123697 1
164239 1
066269 1
085968 1
188154 1
188132 1
188128 1
192395 0
123993 1
123160 1
123983 1
124041 0
064920 1
167547 1
167548 1
187267 0
164101 1
164016 1
163792 1
265828 1
265853 2
265901 1
265960 1
266057 1
265906 1
265858 1
064826 1
123067 1
123053 1
124321 1
065969 1
065968 1
064443 1
064871 1
064857 2
064492 1
064472 1
064457 1
048326 0
064777 1
170585 1
170525 1
078206 1
188540 0
267911 2
267917 2
068379 1
169674 1
169687 1
167543 1
177160 1
232780 1
233102 2
123998 1
064875 1
064913 1
064822 1
152494 2
152479 1
178103 1
152386 1
187344 0
167884 1
064905 1
168257 1
168030 1
170382 1
170385 1
166028 0
064872 1
230350 0
064439 2
064501 1
066228 0
182332 2
182331 2
288572 1
062746 1
176279 1
123989 1
075552 0
167592 1
066347 1
066335 2
284662 0
064404 2
064487 1
064495 1
283802 1
187164 1
186868 1
157979 1
124291 1
087545 1
192511 0
152485 1
065730 2
065599 2
283766 0
069190 2
102363 2
065660 1
064319 1
064862 1
077219 1
189849 1
189837 2
189838 2
284512 2
284523 1
284549 1
284569 1
284516 2
071542 1
104715 1
187357 0
080444 2
157056 1
169181 0
153025 1
180547 1
101240 1
101239 2
101234 1
101217 1
101055 1
252439 0
069434 1
102607 1
066091 1
066094 1
064907 1
064869 1
064814 2
064882 2
279180 1
068174 1
013067 2
184519 0
065904 1
233541 1
124459 1
162727 1
066445 1
064414 1
066225 1
168088 1
167942 1
182325 1
182330 1
229847 0
064821 2
177251 1
064600 1
124627 1
064790 1
124617 1
124601 1
064843 1
123999 1
064805 1
180591 0
099038 1
099027 1
099018 1
199662 0
127510 1
187695 0
064592 1
064929 1
099575 1
164226 0
127367 1
123233 1
123137 1
192397 1
210588 1
210624 2
155656 1
016988 1
012743 1
155621 1
260844 1
151189 1
235905 0
150737 2
156877 1
156914 2
198890 0
170425 1
170426 1
170422 1
167602 1
167603 1
167582 1
064823 1
170381 1
170384 1
014829 1
125888 1
014659 1
126087 1
067912 1
124181 1
064435 1
112921 1
289802 0
123995 1
111402 0
163112 1
163117 1
171128 1
123391 1
081232 1
176827 0
188071 0
187053 2
187072 1
124437 1
124420 1
124341 1
124344 1
124343 1
124340 1
123940 1
065893 1
167593 1
167594 1
167584 1
064914 1
082812 1
123992 1
177672 2
177696 1
177671 2
079186 2
079221 1
155257 1
152990 1
152910 1
152871 1
066046 1
064475 1
064841 1
067599 1
167583 1
167604 1
167605 1
124162 1
179932 0
082809 1
082805 2
068308 1
068337 1
124425 1
160970 2
160995 1
263682 0
013006 2
015300 1
287864 0
082766 1
086196 0
083131 1
169673 1
069248 1
102421 1
069203 2
102376 2
193636 1
193625 1
193621 1
193638 1
193637 1
193746 1
167596 1
167597 1
167579 1
167525 1
167526 1
167509 1
167559 1
167576 1
167577 1
177912 1
170349 1
170347 1
174742 2
174739 1
174992 2
174991 2
178296 0
175829 1
276130 0
131752 1
076916 1
076921 1
187855 0
124130 2
124097 1
124135 1
099605 1
167643 1
167641 2
012958 1
176780 1
176636 1
176686 1
176649 1
030649 0
009364 1
064848 1
176990 1
176986 1
176984 1
176981 1
176971 1
176972 1
176980 1
186852 1
186853 1
183179 1
074823 1
109561 2
185092 0
076973 1
076974 1
083034 2
082869 1
079032 1
070355 1
103528 1
070356 1
103529 1
070389 1
103562 1
087843 1
087754 1
090333 2
084935 1
087835 2
082658 2
082597 2
139588 1
077286 1
077279 2
263808 0
071373 1
104546 1
071360 1
104533 1
071351 1
104524 1
153022 1
077806 0
183584 1
183557 1
183611 1
005863 0
150759 1
124616 1
155665 1
066088 1
149428 1
150565 1
170337 1
223926 0
130839 1
130800 1
000415 1
000359 1
130808 1
130836 1
123091 1
016972 1
130817 1
151090 1
017179 1
149956 1
130810 1
130835 1
016844 1
128439 1
123536 1
148201 1
148202 2
016566 1
128430 1
068895 0
016864 1
000304 1
222775 1
124487 1
124548 2
124550 1
149316 1
000298 1
150624 1
016188 1
123997 1
016987 0
015597 2
197451 0
124337 1
064839 1
256381 1
187696 1
187707 1
066131 2
066166 2
152711 2
152713 1
287271 0
015726 1
166962 1
166963 1
166961 1
166872 1
124427 1
167581 1
167599 1
167600 1
066723 1
162512 1
187496 0
187334 1
187328 1
117459 0
168927 1
168926 1
249427 1
007938 1
121351 1
039138 0
013466 0
170154 0
188246 0
118328 0
086192 1
086184 1
064409 1
092976 1
167886 2
167928 1
168506 0
123736 2
123726 1
123743 1
021798 0
018198 2
130805 1
151170 1
222653 2
222655 2
015769 1
016850 1
128151 1
130831 1
130852 1
146663 1
130811 1
000320 1
127536 1
130739 1
124010 1
130773 1
000391 1
133034 1
000302 1
127879 1
127825 1
127238 1
000354 1
130799 1
130869 2
123892 1
151213 1
016858 1
000327 1
130809 1
168934 1
145836 1
124466 1
156197 2
154071 1
222739 1
017182 0
130837 1
130816 1
000325 1
124438 1
124422 2
000323 1
130807 1
130806 1
000322 1
130655 2
130672 2
130639 1
130628 1
130801 1
130833 1
164995 1
222923 1
130859 1
130853 2
000299 1
130850 2
130843 2
000312 1
000390 1
130896 1
129718 1
000783 1
129869 2
129868 2
129874 1
130747 1
016841 1
000360 1
150303 1
015580 1
000356 1
151137 2
151133 2
124015 1
014506 1
000431 1
003165 0
147460 1
000326 1
130818 1
124186 1
000353 1
108750 1
016933 1
150908 1
068019 1
016546 1
066249 0
017086 1
150323 1
182336 1
005236 0
288776 0
015790 1
150379 1
076961 0
173060 0
130840 1
130802 1
151124 1
000297 1
150720 1
150985 1
150658 1
150677 2
150679 1
150681 2
150690 1
013144 1
150087 0
151602 1
085386 1
124467 1
124470 1
000594 0
124026 1
000435 2
124428 1
077132 1
152047 1
152057 1
077124 2
077187 1
167805 2
167788 1
276204 1
167685 1
167686 1
196181 0
136265 1
012680 0
082087 1
095460 0
064899 1
149398 1
149400 2
101872 0
266056 0
064893 1
155748 0
064474 1
184877 2
184878 0
003641 0
064499 1
065886 1
065865 1
064429 1
114210 1
114068 1
114249 1
187891 1
064878 1
112991 1
076611 1
152720 1
150425 1
150434 1
182363 1
156726 0
030552 0
065045 1
152127 1
192545 0
128248 0
192796 1
144269 1
011048 1
125425 0
184311 1
184304 2
124234 1
175367 1
066802 1
066524 1
067093 1
067099 1
130885 1
130846 1
130899 1
183372 1
187227 1
078716 0
160074 1
021587 0
120333 1
120293 1
128481 1
128632 2
124260 1
002230 0
196153 0
177013 1
177070 1
015059 1
284522 1
284568 1
160046 2
284548 2
160565 1
151379 2
151304 2
151291 2
016824 1
016859 1
182908 2
176632 2
176633 2
176678 2
178322 2
178331 2
178332 2
178458 2
178464 1
182260 2
182189 2
172998 1
180230 2
180232 1
102079 1
102115 1
102113 1
102074 1
102027 2
102155 2
007261 0
289368 1
107719 1
064455 1
014590 0
224475 2
224441 0
177196 1
011899 0
218734 0
018716 2
121978 1
009518 2
121979 2
006838 1
086107 0
133129 2
133118 2
133173 0
199800 0
128349 1
000318 0
152824 1
152833 1
082974 1
151231 1
015637 1
149620 1
179268 1
178513 1
180159 2
180223 1
036198 0
209843 1
210023 1
210320 1
178122 1
178107 2
152851 1
221523 0
167590 1
167591 1
167585 1
191253 1
164120 0
127591 0
123925 1
124248 1
124257 1
188295 0
016948 0
179799 0
227949 0
189577 1
189530 2
187317 0
141194 2
141162 2
141224 2
141210 2
141234 2
017226 0
173419 1
173426 1
179479 0
076246 1
143610 0
003174 0
124354 1
124353 1
047668 0
183530 1
099971 1
099977 1
016803 0
173496 1
201860 2
255761 0
107878 0
199396 0
218213 1
243984 0
218222 1
267709 1
192469 0
181990 2
181960 2
182006 2
224488 0
076086 0
010497 0
173852 1
052192 0
201768 0
125922 0
000716 0
286264 0
064818 1
066462 1
065695 1
124191 1
124145 2
155599 1
115027 2
176324 1
175542 0
267710 2
267704 2
267701 1
288712 1
288721 1
064599 1
064459 1
064460 1
006451 0
064273 1
185881 0
017934 0
101448 0
004041 2
019973 2
075854 0
082840 1
082847 1
124615 1
042401 0
276940 0
007401 1
127090 1
191910 2
192165 2
285092 1
285209 1
162032 2
162076 1
070966 0
126709 0
005454 1
120009 1
147305 1
017150 0
082999 1
091236 0
016963 1
117758 1
117793 2
117792 1
007186 0
210842 1
210827 2
210816 1
220212 1
130847 0
222522 0
151450 1
187204 0
151233 1
039180 0
137552 2
006290 1
137603 2
005963 1
196906 2
196845 1
195702 0
150766 0
124770 1
124768 1
125177 0
133623 1
064598 1
196783 0
192166 1
067251 1
071481 1
104654 1
071514 1
104687 1
071482 1
104655 1
071513 1
104686 1
077709 1
077354 2
080223 0
109215 0
201558 2
167000 1
017336 1
064850 1
124063 1
200283 0
285889 0
099255 1
192250 0
064908 1
081761 0
064928 2
089470 1
127225 0
064640 1
138805 0
284672 0
069987 0
124516 1
064588 1
157242 0
006698 0
078480 1
112948 1
124082 1
124117 1
124093 1
124614 1
187382 1
013250 1
224229 0
130544 1
000418 1
118773 0
185055 0
143462 1
084314 0
170877 0
136316 0
064523 1
064530 1
082192 1
082197 1
015317 1
125416 1
164663 0
206828 0
065833 1
289955 1
289969 1
202799 1
064785 2
064786 1
173308 0
037104 0
070104 0
123650 1
112010 0
263039 0
033571 0
134091 1
111105 0
153638 1
202794 0
133104 2
190044 0
064860 1
133098 2
287834 0
133159 0
064881 1
064900 1
224476 0
064347 1
065855 1
082238 1
082233 1
064557 1
128449 0
064796 1
173343 1
154808 0
155338 1
025691 0
001597 1
142926 0
005038 0
184890 0
124408 1
124424 2
088349 1
088178 1
088180 1
123883 1
114223 0
123967 0
135156 0
127089 1
165636 0
126882 1
186569 0
145787 0
192309 0
067907 0
040907 0
037819 0
015729 2
130604 0
151952 0
123878 1
006114 1
112682 0
149852 0
181367 0
009187 0
066388 1
066332 1
241672 1
241659 1
206885 0
252446 1
019849 0
133091 0
150246 1
150247 1
149794 1
148289 1
134626 1
131640 1
131641 1
017867 1
129194 1
130160 1
182514 1
182516 1
182513 1
180076 0
137577 0
124812 0
034372 0
143550 0
147688 0
014815 1
125903 1
197999 0
124395 1
181942 0
136219 0
152501 0
092305 1
092310 1
000398 1
000527 1
188423 0
082078 1
071706 1
104879 1
124351 1
124352 1
123700 1
079268 0
000358 1
130813 1
000319 1
130079 1
130074 1
130830 1
130821 2
030973 0
193012 0
064924 1
054313 0
178580 0
070305 1
103478 1
070303 1
103476 1
098558 0
155432 1
149829 1
124349 1
000162 0
064390 1
126179 1
126721 1
124255 1
131643 1
131671 1
130073 1
124432 1
130720 1
018271 1
128914 1
149281 1
082159 1
123857 0
124360 1
133876 0
131900 1
151961 1
133163 0
155854 0
123709 1
124205 1
128322 0
000308 0
017691 0
213351 0
124957 0
087881 0
017249 1
129633 1
017495 1
129432 1
011700 0
170863 0
187508 1
124931 0
124397 1
124392 1
124217 1
124220 1
124371 2
014828 1
125891 1
123823 1
127371 0
086867 1
086368 1
064782 1
208151 0
064863 1
099024 0
124283 1
124455 1
014827 1
125890 1
183738 0
064391 1
194709 0
134153 0
187653 1
086239 0
269869 0
192224 0
064590 1
220679 0
251938 0
071001 0
167458 0
221504 1
221525 1
009345 1
121815 1
109018 0
002444 0
081826 1
066656 0
231938 0
154974 0
143586 0
146231 0
095462 0
136637 1
223066 0
124447 1
189194 0
244780 0
230114 0
165939 1
082617 1
279797 0
093431 0
033496 0
199430 0
284956 0
123968 1
064520 1
189259 1
189258 0
098457 1
098456 1
098458 1
098601 1
098561 1
202148 0
098608 2
124384 1
124390 1
100873 0
078623 0
075164 0
116165 0
252856 2
252843 1
223600 0
111433 2
111434 1
111432 2
111388 2
111773 1
029337 0
064270 0
282202 0
082049 1
064470 0
178741 1
168076 1
001323 1
178101 0
268762 0
133528 0
064840 1
192276 0
124326 1
192091 0
200239 0
199622 0
140175 0
075809 2
076133 1
028681 0
124442 1
050892 0
093433 0
218092 0
004192 0
087004 1
027090 0
028764 0
069017 1
124142 1
109967 0
124330 1
006314 0
024781 0
151413 0
077612 0
192475 1
192476 1
068481 0
187625 1
011384 2
079404 1
099016 1
099025 1
283768 0
071048 0
087065 0
187358 0
066419 1
064468 1
110491 0
062499 0
276088 0
264611 0
086614 0
064485 1
259120 0
162383 1
064526 1
064521 1
124521 0
192392 0
287737 0
187399 1
192539 0
176882 2
100528 0
199294 0
077221 1
064683 1
076316 0
024116 0
182324 0
031584 0
000075 0
067770 1
141955 1
141920 1
250826 1
187264 0
020797 0
098675 0
258324 0
182587 2
099033 1
099032 1
099030 1
099154 2
079197 1
182596 1
124333 1
035014 0
232755 1
039348 0
099176 0
092656 0
160244 1
232708 1
232707 1
161007 1
195562 2
077876 0
049909 0
064467 1
064448 1
123555 1
144572 1
144672 1
064619 1
256964 0
197811 0
066153 1
066149 1
066122 1
064427 1
219040 2
009392 1
066145 1
061852 0
038818 0
081171 0
252830 0
129501 0
009870 0
074949 0
065755 0
085891 0
167607 1
064471 1
126815 0
015200 0
143910 1
143214 1
143755 1
239393 0
134772 0
064512 1
148562 0
002485 0
218147 0
230735 1
058587 0
068659 1
070629 0
124861 0
067657 0
117449 0
075564 1
284825 0
132823 0
079993 0
177121 0
082120 0
133187 0
036824 0
276308 1
124504 1
187186 0
252407 0
277469 2
189591 0
152461 0
180994 0
143300 2
143297 2
143268 2
144431 2
143200 2
169302 0
036145 0
066338 0
142300 0
067817 0
054262 0
280150 0
017231 1
177039 2
117577 1
123418 1
127607 1
115665 2
094878 0
005967 0
140754 0
143197 2
010762 1
219338 1
219463 1
177043 1
128669 2
128525 1
007842 0
167696 2
218837 0
015122 0
177610 1
177605 2
153010 1
252665 0
219602 0
257210 0
151165 0
059384 0
125018 1
128641 1
128640 0
123048 0
188815 1
149893 0
161596 2
141570 0
285311 0
066137 1
014953 1
125782 1
012257 0
192198 0
030620 0
188537 0
288868 0
257002 1
234952 0
124216 1
124219 1
124273 0
036617 0
063675 0
067145 0
146859 0
182414 0
009767 0
214103 0
120321 0
069421 0
116372 0
159766 0
126981 1
011639 0
146480 0
232721 1
112831 0
146942 0
158450 0
010442 0
102048 0
188064 0
044649 0
155600 1
086850 1
001857 0
232739 1
232724 1
054173 0
144453 0
064917 1
262596 0
170354 1
170355 1
170352 2
037030 0
098241 0
078078 1
256572 0
098296 0
126351 0
033138 0
124773 0
173808 2
025305 0
202144 0
278167 0
115715 0
230960 0
227685 0
147029 0
086749 0
023630 0
064904 1
013765 0
128623 0
120808 0
064824 1
123986 1
124433 1
232722 1
232738 1
173809 2
173835 1
