238411 0
233640 0
269056 0
082766 0
266911 2
266308 1
264605 0
236366 0
231857 1
196905 1
194954 2
205360 1
223029 1
223028 1
223031 1
223022 1
223023 1
223019 1
222593 2
222592 2
230770 0
220112 2
255934 2
255945 2
255948 2
199777 1
223325 1
199778 1
254773 0
220465 2
220420 2
220484 2
220483 2
220423 2
214158 2
214144 2
195482 1
197226 1
197225 1
219124 0
197822 2
197819 2
280266 1
270248 2
270246 2
200380 1
200375 1
226018 0
218536 2
203701 1
204547 2
204937 2
204651 2
197885 2
196095 2
270247 2
270249 2
253886 1
253883 1
201513 2
196602 1
196578 1
196355 0
252870 2
252789 2
256555 2
199839 2
275836 0
233997 0
235792 1
211720 0
263564 0
278925 0
259341 0
170993 1
281452 1
245034 0
181061 0
253856 2
253844 2
253847 2
253827 2
173785 2
173789 2
018195 2
128964 2
138350 1
150514 0
131696 2
131713 2
131700 2
131701 2
131685 1
006608 0
131578 2
131570 2
131575 2
131574 2
131576 2
131925 2
199803 1
199804 1
199759 1
199784 1
199491 2
253896 1
214163 2
219128 1
219118 1
199745 1
131790 2
131772 2
131884 2
131876 1
213686 0
131608 2
131609 2
131611 2
131588 1
131600 2
131587 2
131763 2
131761 2
002207 1
133019 2
131661 0
131748 2
215692 0
182984 0
133368 2
133308 0
244696 1
271342 0
255947 1
255944 1
255933 1
231245 1
192783 2
192731 2
129880 2
129849 2
129808 2
129807 2
129834 2
129729 2
129712 2
130243 1
130244 1
130251 2
130253 2
130230 2
130265 2
130257 2
129937 2
129989 2
129987 2
129934 2
129809 2
129992 2
129994 2
132694 2
132693 2
132655 2
132678 2
132786 2
132821 2
132780 2
132779 2
130116 0
135019 2
134997 2
134905 2
134895 2
134830 2
134837 2
133670 2
133660 2
002682 2
133638 2
134832 1
133812 2
002765 2
134896 2
133984 2
134000 2
002889 2
138913 2
138915 2
138867 2
138943 2
139211 2
138931 2
138803 2
138816 2
138854 2
138843 2
138405 2
139765 2
139727 2
139396 2
138810 2
006573 2
139314 2
138797 2
139522 2
139517 2
139399 2
139296 2
140262 2
140220 2
140176 2
138983 2
144128 2
144271 2
144270 2
144100 2
143960 1
143927 2
143938 2
143958 2
140186 2
143182 1
143165 1
142750 2
142751 2
142745 1
143467 2
143421 2
143420 1
143415 1
138981 2
142691 1
134064 2
002927 2
003607 2
139067 2
138767 2
132446 2
132459 2
133980 2
133999 2
002890 2
137392 2
123283 2
123302 2
139726 0
006634 2
138990 2
144582 2
144952 2
144954 2
144948 2
144956 2
144945 2
013779 2
144968 2
144935 2
133780 2
133794 2
133779 2
138848 1
133755 2
131805 2
144617 2
144569 2
144564 2
144556 2
144853 2
144810 2
134068 2
002928 2
134093 2
134073 2
144724 1
144725 1
144721 1
144722 1
144650 1
144632 1
145922 0
130280 2
132060 2
140263 2
132044 2
002741 2
132554 1
144164 1
144183 1
144175 1
006734 2
138636 2
138632 2
138525 2
136686 2
136638 2
115297 2
136916 0
012079 2
122892 2
132419 1
002886 2
133944 2
141131 2
141101 2
144060 2
144053 2
144054 2
144048 2
010966 2
141100 2
141082 2
002447 2
130487 2
130491 2
130495 2
130511 2
130497 2
132431 1
140369 0
140394 2
130952 2
138769 2
138749 2
069628 2
102801 2
069567 2
069649 2
102740 2
102822 2
114660 2
009964 2
114662 2
130518 2
130522 2
130704 2
130696 2
130698 2
130711 2
161721 2
138748 2
144590 1
139134 1
137299 2
144160 2
144135 2
132642 2
130167 2
130092 2
130088 2
132644 0
132384 2
130860 2
130871 2
130877 2
130864 2
130898 2
138394 2
138973 2
138393 2
138955 0
147614 2
147406 2
147416 2
147423 2
147609 2
138390 1
140960 0
006299 2
150966 0
131799 2
130909 1
130401 1
130454 0
131726 2
139198 0
178351 2
136475 0
178089 0
130337 2
130357 2
130371 2
131565 2
130228 0
132543 1
131717 0
147720 2
147589 2
220654 2
220660 0
069824 2
102997 2
144134 2
006417 2
085633 2
006435 2
006624 2
006436 2
008264 2
275837 2
275773 0
141169 2
139987 2
139977 2
139965 2
202757 0
109034 2
141345 2
141332 0
139758 2
139837 0
143408 2
138686 2
117370 2
117348 2
117144 2
117375 2
147566 2
196670 2
196668 2
196661 2
132559 1
250880 0
130844 2
205350 2
205351 2
012785 2
146129 2
196655 2
196646 2
147086 0
148166 2
135993 0
131663 2
129371 1
129372 1
017632 1
129355 1
129379 1
129375 1
129378 1
129376 1
129373 1
129374 1
129381 1
129447 1
129452 1
129441 1
129456 1
129434 1
129448 1
232406 0
115802 0
138576 0
002264 0
238035 0
010285 2
122613 2
122612 2
196886 2
239901 0
015179 0
152927 0
177432 2
131580 1
197365 2
197336 2
226533 2
226463 2
226421 2
061141 2
061179 2
061161 0
132129 0
132555 1
197932 2
197899 2
199376 2
194304 2
194312 2
194316 2
255577 0
199203 2
199174 2
243609 0
115046 0
221880 2
141986 2
147404 2
171709 1
171700 1
171708 1
171674 1
171667 1
171673 1
093115 0
258822 0
058557 2
151698 0
197865 2
197863 2
147065 0
195236 2
195228 2
195404 2
195378 2
195349 2
195317 2
195204 2
137072 1
006369 2
197256 2
158296 2
192997 1
192939 1
138503 2
138508 2
138498 0
080274 0
199638 2
199604 2
152790 0
222313 0
201928 1
136933 1
167296 2
167297 2
167248 2
167201 2
167146 2
168168 0
006064 0
076131 2
194412 2
138507 1
133182 2
133191 2
133169 0
006388 2
155610 2
155611 2
115341 1
115349 1
115354 1
115381 1
230436 2
230409 2
101241 2
101245 2
101246 2
101243 2
101252 0
136170 0
198813 0
129014 2
129019 2
018274 2
128911 2
099474 0
198530 2
199075 2
199079 2
199090 2
198537 2
198541 2
160164 2
160208 2
240261 0
196680 2
194367 2
162879 0
198339 2
198333 2
198312 0
037084 0
140920 0
210601 1
213872 0
264721 0
217202 0
141915 2
141939 2
141912 2
210000 0
147360 0
255441 1
255415 0
161269 2
177430 0
282633 0
260672 0
157909 2
129901 0
132147 1
132148 1
132150 1
132166 1
132159 0
220506 0
137183 0
231159 1
231163 1
231166 1
075502 2
075516 2
075574 2
075759 2
075749 2
075838 2
075913 2
075837 2
058898 0
147946 0
196091 0
013729 2
145015 0
280878 0
084119 2
084138 2
261139 0
132168 1
132164 1
132161 0
147055 2
131860 1
131865 0
150026 0
272657 0
141342 0
139456 2
139454 0
132146 0
157805 2
231796 0
189130 0
130061 2
000755 2
202105 0
202071 2
193696 2
201536 2
255923 0
162711 2
266333 1
240145 0
130756 1
130751 1
130722 1
130798 1
130824 1
131084 2
131013 2
131138 2
131228 2
131028 0
257879 0
076019 2
075989 2
112570 0
266378 1
266375 0
158363 0
163269 0
092325 0
144420 0
075967 2
233904 0
235732 0
196802 2
099857 0
130758 1
060019 0
097596 0
140730 0
196998 0
196769 0
194176 2
194183 2
194219 2
150585 0
018000 0
132152 1
132153 1
165442 0
132160 1
138496 2
192846 1
190459 2
190470 2
196073 0
137458 0
148775 0
143317 0
197544 1
253930 0
108974 0
213979 0
190473 0
006472 2
240617 1
240583 1
131235 2
138486 0
096893 2
278168 0
140826 0
008887 0
196211 2
196210 2
196522 2
196366 2
255359 0
155497 0
140973 2
140972 2
095708 0
132639 0
130351 0
230503 0
220383 0
005969 0
130477 0
199269 1
199268 1
214487 0
151646 1
091021 0
158169 0
201960 0
167791 0
150077 0
266709 0
129054 0
140848 0
198624 2
198626 2
198620 2
213841 0
256031 0
157282 2
157258 2
156127 1
153662 0
197180 2
155508 0
256109 0
289519 0
194130 0
152616 0
010353 0
206181 1
207424 1
131614 1
131620 1
131616 0
240494 0
143273 0
131612 0
195268 0
284588 0
131850 0
144328 0
200686 0
114734 0
191302 2
191088 2
170734 2
170668 2
152553 0
166385 0
161997 2
161993 2
002542 2
002509 0
138952 0
201197 0
139439 1
058497 0
135216 0
194616 0
225970 0
131621 1
131617 0
132145 0
193071 2
193069 2
222862 0
134012 0
031619 0
079631 1
202756 0
200458 2
101256 0
238097 0
131010 0
192966 0
224126 1
224094 1
224096 1
224124 0
018126 0
225583 0
269062 2
268978 2
269254 2
269112 0
220497 0
197532 0
008865 0
241271 0
199408 1
198307 0
150967 0
152922 0
114043 0
251187 0
217340 0
197679 2
197674 2
225694 0
151726 0
256926 0
119284 0
194089 0
200540 0
182760 1
182776 1
182110 1
243294 0
197176 1
197170 0
238303 0
225555 0
061181 0
255453 0
226019 0
197366 0
085440 0
163267 0
263117 2
138656 0
079861 0
289329 0
153696 0
253060 0
067512 0
199253 0
163692 2
140599 0
211379 0
155358 0
255912 2
229021 0
037581 0
139763 0
278863 0
237240 0
178092 0
112718 0
157352 0
256004 0
130570 0
194849 0
101352 0
133677 0
144747 0
063084 0
134642 0
008642 0
262132 0
006302 0
265046 2
142085 0
012900 0
155214 0
129686 0
254747 2
254751 2
254707 2
256637 0
224628 1
224620 1
224562 1
209385 0
177416 2
177403 1
177418 2
177419 2
202751 0
191888 0
213514 0
195956 0
196941 2
196928 2
139346 0
087548 0
213183 0
266877 0
182687 0
072255 0
230755 0
253604 2
177244 0
224125 0
061437 0
225907 0
198346 0
121933 0
227023 0
042733 0
241272 0
143407 0
258499 0
138427 0
139789 0
258702 2
256706 0
199809 2
199811 2
186030 1
221598 0
199086 0
201791 2
201566 2
224029 2
224014 2
224569 0
168677 2
168736 0
168740 0
258909 0
238207 0
262857 2
262855 2
255087 0
199876 0
259404 0
131883 2
131880 0
201545 0
183510 0
273727 0
142111 0
256079 0
041998 0
253139 0
272164 0
178091 0
222067 1
152635 0
010163 2
