088377 0
002679 1
001444 1
086851 0
086698 0
091798 0
133642 1
133632 1
133668 1
133774 1
133770 1
133703 2
133702 2
133709 2
133707 2
132050 1
132010 1
132008 1
133331 2
133299 2
133302 2
133297 2
133119 2
133100 2
133093 2
133088 2
133612 1
133610 2
133611 1
133959 0
133729 1
133730 1
133723 1
132046 1
133868 0
001458 2
133941 2
002855 1
163967 0
133427 1
134305 0
134952 0
173061 0
133951 2
169288 0
132136 1
134343 0
183839 0
132839 1
132830 1
133869 0
002777 0
134001 0
132037 0
003102 0
157658 0
258326 0
114837 0
226431 0
001445 1
002845 0
131640 0
043123 0
066977 0
001024 0
143263 0
112327 0
003207 0
268095 0
130517 0
092448 0
131862 0
159142 0
145792 0
284346 0
052235 0
133898 0
133866 0
031768 0
134330 0
002592 0
012355 0
126796 0
284756 0
150141 0
079272 0
091686 0
017962 0
002770 0
091636 0
135696 0
209986 0
095443 0
002218 0
270239 0
194966 0
260756 0
084442 0
014210 0
116986 0
133188 2
133171 2
133669 2
157848 0
182014 0
131953 2
132080 1
147739 0
140098 0
132020 1
132019 1
132017 1
131954 2
132135 2
132052 1
158368 0
131683 0
133737 0
133365 1
133358 2
133664 2
133675 2
133598 1
133684 1
132922 0
133480 1
133312 0
131613 0
141143 0
110527 0
132952 1
132938 1
132910 1
132955 0
130313 0
132203 2
132182 2
005320 1
119825 1
119817 0
133219 0
142036 0
133891 0
132396 0
132865 2
112622 0
133015 0
181041 0
261782 0
148999 1
149000 0
158866 0
131319 0
001109 1
007046 0
007436 0
138824 0
001580 1
007099 0
131605 0
109787 0
164294 0
147564 0
108996 0
158089 0
141756 0
130320 0
159141 0
133721 1
134449 0
139214 0
137420 0
100189 0
188534 0
131975 2
131988 2
131970 1
117555 0
180609 0
002488 0
142046 0
130164 0
133746 1
138037 0
129638 0
132677 0
131631 0
129815 0
097530 0
127977 0
111519 0
143015 0
133376 0
093071 0
123725 0
017268 1
128571 1
128620 1
128622 1
128653 1
128655 1
128659 1
133661 1
132860 2
128652 0
133665 2
133663 2
133649 2
001459 0
002717 0
133253 0
011942 0
132858 1
094074 0
134047 0
132039 2
132021 2
133138 0
099516 0
100266 0
131633 1
133555 1
133556 1
133552 1
017688 0
133252 0
178066 0
134003 0
133865 0
133989 0
145734 0
144352 0
181971 0
148183 0
191891 0
115341 0
134005 1
125010 0
133853 2
133874 2
133871 1
132670 1
132685 1
132751 1
132666 2
156534 0
123874 0
134076 2
109011 0
133581 2
133735 2
133621 2
135126 0
179120 0
005188 0
142314 0
258190 0
133841 1
133829 1
002772 2
109530 0
150008 0
132898 2
132825 1
132807 1
009742 1
122139 1
122129 1
122110 1
122059 1
134275 1
117943 0
137993 0
139093 0
017629 1
129357 1
129405 1
127896 0
132457 0
102019 0
007044 0
010357 0
099196 0
141911 0
138307 0
009735 0
132018 0
111595 0
261991 0
132606 0
107706 0
132844 0
134307 0
253311 0
160375 0
133389 0
001131 1
002894 0
114749 1
114712 0
132824 1
132805 2
132803 2
129429 0
133585 2
009594 0
137070 0
133200 1
133195 1
043358 0
127107 0
108036 0
133415 0
097750 0
011838 0
129673 0
133131 0
133339 0
130385 0
193105 0
101081 0
116616 0
010253 0
131675 0
154653 0
017250 0
133586 0
133283 0
110963 0
133674 0
001278 0
001135 0
141868 0
087548 0
133560 0
133348 1
133582 1
134915 0
007671 0
123034 1
123037 0
001242 1
133044 0
161824 0
132071 0
001887 0
121575 0
001062 1
080409 0
127805 0
001744 0
001240 1
111224 0
006188 0
082652 0
136791 0
071418 0
145300 0
092125 0
157771 0
134108 0
274731 0
128654 0
017831 1
108044 0
098692 0
043716 0
160235 0
007447 0
187114 0
137780 0
111521 0
131956 0
101365 0
118398 0
112385 0
003628 0
123876 0
127799 1
133915 0
159872 0
092764 0
108586 0
017246 0
161339 0
152045 0
004877 0
133753 0
114824 0
133543 0
151419 0
003340 0
133309 0
017759 0
111985 0
014865 0
186587 0
139656 0
132431 0
122021 0
028378 0
132771 1
146481 0
179121 0
017815 0
008087 0
134278 0
071066 0
231334 0
092467 0
131729 0
001919 0
003066 0
141182 0
132108 0
132176 0
138298 0
138468 0
000634 0
010369 0
113106 0
012491 0
133472 0
124919 0
112546 0
097699 0
157854 0
140094 0
002364 0
133108 0
138970 0
038854 0
181402 0
136444 0
133835 0
178071 0
002283 0
159718 0
125443 0
094454 0
080201 0
130393 0
127759 0
128658 0
112595 0
111147 0
181051 0
179177 0
131946 0
127888 0
131615 0
134596 0
007268 0
148508 0
009029 0
111664 0
179106 1
148907 0
231377 0
108975 0
234370 0
133344 0
001140 1
102035 0
129725 1
129728 1
109641 0
270369 0
109211 0
108060 0
115381 0
136332 0
126165 0
132854 0
146884 0
152962 0
110599 0
085249 0
111560 0
005386 0
132407 1
134024 0
160427 0
134317 0
029646 0
131755 0
138779 0
123913 0
001600 0
007221 0
132743 0
101650 0
123953 0
004886 0
127903 0
157686 0
156310 0
137170 0
131014 0
180329 0
129730 1
264907 0
131097 0
125197 0
167739 0
095373 0
129704 0
110268 0
140477 0
141889 0
137254 0
005003 0
134448 0
133347 0
132088 0
007492 0
110962 0
131628 0
119181 0
018215 1
018589 0
133715 0
139375 1
