211696 2
211748 2
181304 2
211698 2
126011 1
014706 1
126010 1
138972 2
120130 1
120139 1
120142 1
120140 1
120156 1
005589 2
120180 2
004783 1
119058 1
011488 2
122751 2
004581 1
118783 1
005575 2
120164 2
120154 2
005599 2
120194 2
009042 2
119613 2
118385 2
004271 2
118408 2
014845 2
125872 2
005834 2
120455 2
120450 2
120449 2
005309 2
119806 2
119786 2
005371 2
119895 2
119844 2
118395 2
118398 2
118397 2
004270 2
118407 2
118393 2
118392 2
005132 2
119543 2
004794 2
119072 2
119071 2
004273 1
118414 1
118428 1
004323 1
118445 1
119178 2
004877 2
119181 2
119177 0
014967 2
125763 2
125764 2
118751 1
118755 1
118748 2
004727 2
118988 2
118987 2
004212 2
118312 2
015050 2
125674 2
007481 1
120971 1
120963 1
120969 1
120968 1
120962 1
120960 1
120959 1
123931 1
005130 1
119537 1
118273 2
118707 1
118709 0
004575 1
118779 1
122760 1
122761 1
122764 1
122769 1
011550 1
122772 1
130964 1
012509 0
131017 1
131009 1
131008 1
120040 1
007949 1
121364 1
121363 1
007942 2
121356 2
119652 1
119651 1
005250 1
119719 1
005340 1
119848 1
129062 1
011697 1
133397 1
133396 1
133481 1
133473 1
133391 1
002494 1
129996 1
011676 1
011763 1
011924 1
137977 1
010509 1
142570 1
011774 0
128440 1
118105 0
118285 2
118284 2
118298 2
004676 2
118896 2
118874 2
004682 2
118908 2
258283 1
119963 2
005227 1
119678 1
147869 1
144778 1
144749 1
144716 1
144892 1
172766 1
172765 1
009549 1
147217 1
240277 1
240376 1
237275 1
237753 1
142011 1
163863 1
163859 1
005177 1
119618 1
285468 1
285461 1
124969 1
124964 1
119145 2
119136 2
004732 1
118990 1
010276 1
122605 1
004863 2
119154 2
004677 2
118897 2
118878 2
130275 1
124241 0
005498 1
120080 1
005467 1
120033 1
120032 1
120031 1
118597 1
118589 1
120830 1
120865 1
119081 1
119032 1
004818 1
119096 1
004422 1
118581 1
004321 1
118443 1
118412 1
163843 1
118940 0
005262 2
119732 2
015180 1
125565 1
155799 0
005588 1
120179 1
004531 1
118743 1
120172 1
005583 1
120173 1
011850 1
098859 0
237672 1
001030 0
119193 1
119361 1
004994 1
119362 1
118932 0
069684 0
005214 1
119661 1
119649 1
119626 1
005180 1
119622 1
011958 1
122873 1
004909 1
119259 1
065684 1
065690 0
176028 0
179748 1
179744 1
179808 1
120949 1
120946 1
007353 1
120888 1
007894 1
121318 1
121305 1
119414 0
222331 1
222433 1
123232 2
004897 1
119232 1
012508 1
004417 1
118574 1
118572 1
118502 0
007556 1
121047 1
123554 1
120077 2
005497 2
120078 2
011739 1
007227 1
120784 1
011740 1
009747 1
122143 1
118976 1
004500 1
118699 1
118501 2
004725 1
118984 1
118965 1
118967 1
112892 2
112884 2
112845 2
112830 2
008024 1
121425 1
009054 0
118899 1
118898 1
118904 1
101966 1
004896 1
119231 1
009601 1
011487 1
100853 1
100852 1
100609 1
101974 0
009668 0
006928 1
120542 1
120537 1
151208 1
151196 1
124755 1
118955 1
118948 1
118983 1
118961 1
005477 1
120041 1
118735 1
118778 1
118787 1
005570 1
120158 1
004865 1
119157 1
119107 1
118698 1
004525 1
018451 1
128794 1
115485 0
001429 1
009342 1
121812 1
005499 1
120081 1
120075 1
120065 1
012313 0
004503 1
118702 1
118526 1
109519 2
120051 0
004707 1
118950 1
126306 1
126300 1
127093 1
012464 1
122984 1
125194 1
011894 0
018264 1
128927 1
135556 0
009903 1
122246 1
005606 1
120207 1
007503 1
120993 1
120958 1
007081 1
120677 1
120703 1
005790 1
120399 1
120336 0
123525 1
123526 0
005261 1
119731 1
005260 1
119730 1
118657 1
119935 2
271954 1
271956 1
271953 1
174037 0
011941 1
007182 0
004752 1
119024 1
119019 1
100257 0
005832 1
120453 1
005815 1
120431 1
012128 1
251045 1
251044 1
111721 1
111720 1
111712 1
111226 1
126789 1
119576 1
119572 1
124222 1
005637 1
120241 1
127053 1
149927 1
017188 1
011845 1
124310 1
124264 1
147994 1
147978 1
149471 1
147989 1
149585 1
147494 1
011830 1
117131 0
121808 0
140690 1
140711 1
140682 1
008542 1
036470 1
120326 1
005737 1
120350 1
004428 1
118605 1
123524 1
123503 1
116623 1
116622 0
004982 0
017366 1
010303 1
133008 0
119217 1
004991 1
119357 1
134106 1
120181 1
005590 1
120183 1
124182 1
124034 1
086588 0
148818 0
145726 1
259688 1
000863 1
000812 1
115409 0
009654 0
028651 0
101238 0
285303 0
123654 1
123656 1
145435 0
131376 0
124743 1
124919 1
124036 1
011978 0
123970 1
123965 1
123972 1
123973 1
146774 1
015404 1
125335 1
015388 1
144652 0
005818 1
120433 1
120422 1
006845 1
120486 1
120421 1
120443 1
120444 1
005831 1
120452 1
120442 1
120441 1
109774 1
109740 1
109108 1
108793 1
108402 1
108286 1
108253 1
010221 0
007337 1
120872 1
012163 0
009011 1
121531 1
009012 1
121533 1
124611 1
012438 0
124237 0
162452 1
162456 1
068467 0
086129 1
120423 1
126811 1
127893 0
126659 1
126348 1
126365 1
001184 1
001903 1
152937 0
015166 1
079472 1
149654 1
123282 1
123242 1
009204 1
009242 1
121718 1
006807 1
007661 1
121115 1
131873 1
001036 1
062059 1
062097 0
015594 1
149706 1
149750 1
015577 1
149657 1
015612 1
149656 0
014782 1
125948 1
125950 1
015264 1
125472 1
125487 1
015111 0
128157 0
140933 0
080017 0
007344 0
264482 1
264478 1
009612 1
122052 1
124403 1
124478 0
017892 0
119491 1
243132 1
243791 1
159353 1
159634 1
159576 1
159472 1
159474 0
123470 1
123496 1
123493 1
005236 1
119691 1
124359 0
123635 1
123642 1
123641 1
113360 1
004432 1
118612 1
147587 1
147607 1
259690 1
259692 1
259677 1
259671 1
259673 1
227239 1
264813 0
118175 1
118115 1
133260 1
128125 1
127627 1
127626 0
121900 1
121909 1
121896 1
009780 1
122175 1
140289 1
192007 0
121234 0
010012 1
165129 1
165130 1
141013 1
008472 1
141017 1
141018 1
028580 1
028603 0
143821 1
142251 1
009010 1
121530 1
015607 0
087316 0
223272 1
252924 1
253238 1
253266 1
253239 0
005383 1
119914 1
011985 1
175297 0
135391 0
121340 1
121339 1
008003 1
121411 1
009561 1
122010 1
191172 1
147687 0
011916 0
193345 1
114806 0
111062 0
004951 1
119305 1
243979 0
000713 0
118797 0
004816 1
119095 1
013988 1
146471 1
146476 1
146451 1
014020 1
189373 1
189449 1
171456 0
183274 1
183280 0
014987 1
125741 1
009005 0
124532 1
141483 0
125041 0
094934 1
094929 0
124226 0
036468 1
123224 0
222988 1
101415 0
167213 0
007990 1
121396 1
227207 1
227221 1
227213 1
227224 1
222713 1
194236 1
137264 0
180487 1
180472 1
180478 1
180843 1
180841 1
180888 1
221167 0
097488 0
289288 1
289290 1
289305 1
289306 1
289326 1
130684 1
000342 1
124027 0
130284 1
231149 0
169408 0
011709 1
191565 1
191570 1
191572 1
012516 0
011751 0
135200 1
253434 1
253451 1
062099 1
239051 1
239052 1
180678 1
180683 1
239039 1
239010 1
239361 1
239362 1
238990 1
121383 1
121317 1
121314 1
186142 1
278213 0
130353 0
253585 1
253486 1
174487 0
223832 0
121095 0
034679 1
182137 1
260343 0
144800 1
144780 1
145651 0
125193 0
069526 0
011293 0
004942 1
119293 1
127204 1
127189 1
127188 1
125280 1
015468 1
125279 1
125281 1
258977 0
127178 1
027344 1
184751 1
131296 0
012521 0
128793 0
221534 1
221535 1
220529 0
010385 1
058346 0
011974 1
011477 0
289914 1
108297 1
108393 1
108368 1
108289 1
284603 1
284604 1
071433 1
104606 1
071428 1
104601 1
070528 0
018499 1
000752 0
260616 0
059788 0
123599 1
123585 1
128370 1
128246 1
011904 1
122861 1
066960 1
066958 1
066968 1
000065 1
000008 1
125072 1
124745 1
124767 1
124771 1
125901 1
124975 0
018250 1
000113 0
098963 0
255910 0
012273 1
011893 0
170607 1
130819 0
096939 1
096914 1
197538 1
197375 1
197368 1
170190 0
078797 0
157130 1
175615 0
125889 1
041036 0
012160 0
004514 1
118719 1
133261 0
009001 1
121518 1
198483 0
007813 1
121229 1
018256 1
128935 1
123708 1
120268 0
121554 1
009050 1
121555 1
121524 1
004859 1
119150 1
119149 0
230245 1
230204 1
008941 1
009083 1
100212 0
195940 1
194012 1
194019 1
195537 1
162355 1
162170 1
163861 0
148263 0
089654 1
089628 1
000076 1
230446 1
007342 0
190039 1
190050 1
027443 0
035232 0
224948 1
224907 1
224908 1
225169 1
225166 1
006915 1
120529 1
233308 0
123264 1
123262 1
135127 0
039077 1
038806 1
038807 0
109568 1
109462 1
128247 0
048970 0
124204 1
120472 0
078186 0
136554 1
133085 1
124916 1
124881 1
124880 1
123020 0
186279 1
234067 1
143409 1
242420 0
009660 0
243012 0
056144 1
056058 1
004469 0
211560 1
211532 0
286169 0
141230 0
244210 1
244220 1
244183 1
257570 1
257571 1
263904 1
257387 1
257444 1
257445 1
257558 1
257555 1
254593 0
046441 0
265436 1
199928 1
177843 1
224870 0
230447 1
230435 0
257332 0
177845 1
124854 1
177541 0
124819 1
263999 0
089567 0
124261 1
055155 0
179101 1
179105 1
179110 1
191274 0
131474 0
230773 0
194205 0
111932 0
010102 1
122404 1
122400 0
184793 1
133698 1
133706 1
187131 0
004331 2
118452 2
178175 1
178442 1
118409 2
004275 2
118418 2
119013 1
119008 1
150020 1
116466 0
123483 0
187639 0
124995 1
125187 1
125175 1
124994 0
075781 0
145247 0
265395 1
265415 1
004594 0
145611 0
082079 0
145583 1
145679 1
191654 1
164027 1
164021 1
164023 1
191680 0
191099 0
145678 1
117171 1
007429 1
120942 1
007558 0
080015 0
182867 1
186807 1
109221 1
109081 1
108946 0
186801 0
086672 1
086361 1
086303 1
182710 1
182768 1
154628 1
154647 1
154694 1
177604 1
177608 0
015500 1
125255 1
189492 1
235759 1
235639 1
142932 0
201259 0
015269 1
125469 1
132210 1
132116 1
132226 1
088225 1
088369 1
088424 1
088436 1
088442 1
204137 0
115001 1
152764 1
114994 1
115142 1
115163 1
116614 0
155489 0
182848 1
140566 0
004720 1
118979 1
241298 1
241155 1
046042 1
046043 1
046273 1
158218 1
161499 1
161498 1
158211 1
158208 1
043676 0
009049 1
004617 1
118818 1
118730 1
192942 0
126612 1
126598 0
199477 0
280013 1
280020 1
280004 0
011991 1
141300 0
110024 1
123754 0
005469 1
120037 1
090298 0
124663 0
182121 1
122012 0
009562 1
122011 1
177155 1
000873 1
260444 1
260381 1
260412 1
125693 0
126005 0
225994 0
288492 1
288462 1
186176 0
126591 0
118647 1
009078 1
128477 0
121586 1
076099 1
076059 1
076009 1
190064 1
190113 1
125180 1
126881 1
288037 1
288039 1
278964 1
256383 0
123711 1
123801 1
123824 1
035934 0
123890 0
097016 1
096498 0
090393 0
167141 0
112198 1
112153 0
027545 1
132862 1
132864 1
132861 1
002004 1
002015 1
142287 1
142166 1
195553 1
195554 1
084931 1
087526 0
145045 0
122475 0
223253 1
037088 1
034543 1
027889 0
183053 1
183055 1
183056 1
182989 1
190112 1
183045 1
157800 0
288491 1
034562 1
027546 1
260198 1
260153 0
120036 0
005415 1
119972 1
119971 1
007339 1
120874 1
119961 1
009161 0
222106 1
222652 1
000010 1
052067 0
024094 1
004624 1
118826 1
118816 0
005014 0
064380 1
211455 0
260713 0
122295 1
234020 0
011343 1
262796 1
262808 1
262807 1
262969 1
257807 1
257817 1
108329 1
067123 1
067142 1
006525 1
002007 0
230912 1
230921 1
134664 1
130110 0
152880 1
151864 1
074539 1
074531 0
015332 1
125405 1
015335 1
125402 1
125403 1
125414 1
148795 1
081437 1
023054 0
017378 0
002992 1
144221 0
289915 1
066395 0
194680 1
278048 1
278128 1
255483 1
277439 0
007005 1
111541 0
095852 1
095886 1
095738 1
095742 1
095645 1
095617 1
276696 1
125125 1
125104 1
125126 1
026464 0
276457 1
125063 0
204214 0
147122 0
176788 0
135206 1
134894 1
055254 1
029491 1
030002 1
007289 0
169936 0
062173 1
062183 0
015319 1
125413 1
077917 0
064811 1
025957 1
025942 1
000420 1
222371 1
193903 0
166068 1
166167 1
166256 1
032127 1
032125 1
119601 0
081120 0
116474 1
116657 1
116654 1
116328 0
024458 0
111197 0
250251 0
137865 1
137798 1
006338 1
258005 1
258002 1
139018 1
006653 1
139020 1
208366 0
037087 0
287253 1
258671 0
242843 0
149390 1
064406 0
011269 1
011939 0
228422 1
082137 0
007980 0
170197 1
162838 1
165230 1
165220 1
165292 0
111510 1
127312 1
152936 1
146834 0
158077 1
017220 0
152346 0
198485 1
173379 0
227248 0
125002 1
088302 1
223487 1
223478 1
116329 0
097801 1
100415 1
095190 0
167878 1
167938 1
167939 1
170195 0
223426 1
223427 1
223267 1
223476 1
223458 1
067908 1
185794 0
054367 1
153013 1
155826 1
155834 1
015412 1
125326 1
126191 1
126170 1
015318 1
125415 1
125348 1
125362 1
125417 1
015389 1
125345 1
125346 1
000029 0
004385 1
118522 1
085976 1
085898 1
034781 1
034810 1
122853 1
009965 1
122296 1
009452 0
127629 0
034641 1
218897 0
238615 1
238679 1
239387 1
125001 0
115079 1
115078 1
060447 1
142562 1
142556 1
095285 0
176774 1
011964 1
257946 1
257945 0
011768 1
034587 0
163417 0
111027 0
200804 1
200799 1
200727 1
199905 1
199898 1
148079 1
016613 1
004930 0
202439 1
219867 1
219869 1
219831 1
220160 1
219845 0
219799 0
146985 0
140899 1
140895 1
130820 0
186041 1
090210 1
090061 1
020169 1
020171 1
020193 1
119254 0
005092 1
220747 1
220753 0
012548 0
010235 0
126915 0
008039 1
121433 1
007085 0
153585 1
027296 1
146509 1
145765 1
147017 1
145835 1
145839 0
253308 0
136567 1
136621 1
136612 1
131024 0
012102 1
122895 1
175768 0
166913 1
197426 0
151307 0
064833 0
134516 0
155795 1
177778 1
177693 1
177525 1
177509 1
177515 1
031225 0
276258 1
276334 1
276311 1
276313 1
018520 1
018081 1
017818 1
000115 0
001197 0
240783 0
115305 1
075650 1
075977 0
147616 0
007792 1
007817 1
121233 1
179849 1
131594 0
017728 0
036798 1
135675 0
146161 0
008471 0
074799 1
074735 0
285856 0
157763 0
051805 1
051806 1
051828 1
018174 1
128981 1
037432 1
011310 1
010358 1
122679 1
122645 1
004572 0
023299 0
194282 0
077321 0
153584 0
016434 0
071035 0
133837 1
133833 1
133799 1
133787 1
133594 1
096417 1
117441 0
018434 0
258985 0
145947 1
145954 0
014143 1
064004 1
108164 0
179433 0
190348 0
005299 1
119792 1
018013 1
078934 0
097186 1
097185 1
015128 1
125611 1
109132 1
109167 1
118386 1
004263 1
118399 1
042208 1
041660 1
042334 1
052276 1
195246 1
195202 1
015305 1
125429 1
125430 1
010379 1
127595 0
015225 0
142207 1
142199 1
008159 1
113942 1
113936 1
124060 0
065180 1
065161 1
137113 1
137097 1
136346 1
136338 1
136328 1
135649 1
135637 1
148008 0
227249 0
195541 1
192636 1
195934 1
000134 0
128070 0
012037 0
264476 1
264465 1
264602 1
264600 1
135298 1
135283 1
135321 1
264194 1
264182 0
119764 0
265558 1
265833 1
266816 0
042558 0
004349 0
085622 0
067675 1
002306 1
286744 1
286741 1
164124 1
164127 1
060443 1
060341 1
002755 1
002600 1
002593 1
080518 1
080510 0
280581 1
031274 0
099113 1
099142 1
145646 1
125703 0
144645 0
091265 1
201952 0
058008 0
118500 0
077233 1
266253 0
012014 0
064110 0
031664 1
031677 0
249502 1
249592 1
285671 0
150003 0
157562 1
076273 1
076917 1
076913 1
076800 0
140898 0
118942 0
034581 1
185338 1
185411 1
185414 1
009072 1
121579 1
121575 1
064984 0
163563 0
197387 0
032178 1
017582 0
090438 0
200342 1
060702 1
060697 1
032115 1
032110 1
109032 1
109186 1
102002 0
197334 1
197296 1
009838 1
122215 1
182221 1
182247 1
086490 1
001087 1
152754 1
152763 1
137443 1
124904 0
134270 0
155349 0
159480 0
046174 1
046107 1
095442 0
079441 0
153087 0
121556 1
121559 0
019682 0
010217 0
016433 1
004339 0
077257 1
161522 1
161546 1
161549 1
157279 1
157280 1
197154 0
060753 0
231842 0
025951 0
169090 1
064500 0
017531 1
137428 0
079328 0
012148 0
112106 0
212914 1
017897 0
121527 0
124485 1
005091 0
120668 0
131743 1
070164 1
103337 1
122979 1
045660 0
130095 1
004858 1
119148 1
231123 1
231082 1
162689 0
171676 0
163321 0
194676 1
075874 0
074426 1
107599 1
072277 1
105450 1
036450 0
036160 0
159754 1
124693 1
193466 1
155314 1
075353 1
075338 1
128721 0
064553 1
188153 0
153363 1
224647 0
125620 0
140722 0
244983 0
004462 0
171403 0
155830 1
079758 0
197681 0
194679 0
244933 0
168987 0
018619 0
150078 0
100716 0
168155 1
075571 0
146027 0
052279 1
186859 0
021994 0
033906 0
200783 0
133172 0
175635 1
212613 1
242725 0
260304 0
095319 0
080618 0
145832 0
011552 0
134051 0
148808 0
063325 0
133572 0
139561 1
139559 1
139617 1
139540 1
152768 0
256713 0
120713 1
269007 0
112148 1
017912 1
120694 1
159814 1
159863 1
159937 1
166677 1
166669 1
151494 1
186790 1
186800 0
141336 0
119133 1
031426 0
222449 0
140152 0
001231 1
196958 1
220313 1
176654 1
111273 0
164948 0
122710 0
148588 1
027685 0
098388 1
098350 1
254039 1
254025 1
229909 1
231117 1
004433 0
264395 0
288765 1
288783 1
257524 0
148593 0
124740 1
012656 1
241646 0
033110 0
006926 0
052043 1
052048 1
051989 1
050198 0
065178 1
060896 1
060940 1
051802 1
268813 0
040689 0
079754 0
120878 0
144043 1
144037 0
077654 1
174848 2
174836 1
041866 0
168040 0
127398 0
002288 1
145223 1
145246 1
142765 1
143038 0
091576 0
221711 1
026133 1
260122 0
221996 0
148350 0
005219 1
069502 0
060619 0
148220 0
139016 1
138961 1
139019 0
115476 0
018413 0
075393 1
113405 0
108555 0
139601 0
037944 1
037997 0
007285 0
241303 0
182698 1
182666 1
147153 1
147146 1
225856 1
225815 1
226009 1
226015 1
228382 0
007224 1
201299 1
174501 0
060945 1
225708 0
182670 1
182700 0
051798 0
273061 1
273065 0
100059 1
007585 1
121069 1
051987 0
182733 0
116174 0
011501 1
000675 1
130046 1
062093 0
155789 1
155790 1
095631 1
116621 0
010568 0
026754 1
120877 0
227228 0
059466 1
145268 0
185853 1
169409 0
149189 0
009786 1
060289 0
290080 0
005199 0
004216 0
147615 0
143976 1
038504 1
040325 1
004703 1
118941 1
113190 0
120567 0
124774 1
124765 0
126201 0
028011 0
168219 1
077942 1
077914 1
077934 1
080076 0
119132 2
150223 1
150215 1
175646 0
053290 0
160401 0
243929 1
004431 0
088688 1
088687 0
122088 0
121150 1
055534 0
227560 1
227441 1
243518 1
243604 1
121906 0
007266 1
120811 1
007132 1
120712 1
120695 1
221842 0
274954 0
174437 0
243379 1
243372 1
067168 0
168388 0
139059 0
121221 0
071969 0
027047 0
147955 0
119343 0
259964 1
259971 1
108462 1
108448 1
005833 0
168809 0
111665 1
000411 1
161550 0
152221 1
152222 1
018803 1
007080 1
120676 1
005826 0
243562 1
227561 1
120439 0
004634 1
118839 1
118836 1
078830 1
078849 1
078787 0
199964 1
199955 1
084170 0
063109 0
017753 1
243396 0
129395 1
129398 1
129341 1
129343 1
142488 1
010452 1
066157 1
148730 1
148709 0
119497 0
118498 0
014669 0
076007 0
009243 1
121719 1
009206 1
005200 1
119648 1
119633 1
119646 1
067434 0
164144 0
116302 1
009890 0
231124 0
062102 0
011181 0
125145 0
185745 0
118442 0
096659 0
148632 0
253225 0
080813 1
008329 0
007145 0
174450 1
124560 0
234409 0
283439 0
273117 1
182147 1
200050 1
131478 0
006583 0
001427 0
000582 1
130186 0
231129 0
171672 1
289481 0
127226 0
220078 1
219949 0
227155 0
124361 0
151403 0
153083 1
054426 1
275796 0
070071 1
103244 1
199111 0
113692 0
221790 0
238899 0
155801 0
141844 1
141785 1
141790 1
100313 0
100914 0
147650 1
017218 1
129659 1
134232 0
078764 0
026544 0
145865 1
145851 1
170191 0
161783 0
118819 1
118741 0
145892 1
155482 1
155486 1
174543 0
054476 0
140956 1
140959 1
140948 1
151366 1
203148 0
130070 1
130076 1
130078 1
195666 0
130114 1
154722 1
154743 1
150144 0
148136 1
000910 1
157980 1
170166 0
155675 0
109225 1
109224 1
064351 0
009959 1
001564 1
000522 1
125229 0
111946 0
148726 0
256682 0
018165 1
155679 0
018088 0
178600 0
164145 0
152938 0
192947 0
124864 0
123548 1
123547 1
089884 0
195133 1
195121 1
005077 0
286936 1
286954 1
143085 0
241813 0
016375 1
016345 1
148604 1
149949 1
150010 1
150048 1
150069 1
150086 1
148563 1
018735 1
053122 0
006307 0
007178 1
120744 1
007061 0
045499 0
126805 0
120659 0
159860 1
159869 1
159911 0
000578 1
130523 1
000575 1
159914 0
220589 0
000843 0
152106 1
152111 1
018774 1
192010 0
159684 1
163385 1
163420 1
036456 0
009603 0
038636 1
136552 0
162025 0
060984 0
225621 1
157365 0
023900 0
017924 1
017997 1
011888 0
121176 0
130528 1
130117 1
225613 0
154774 1
154779 1
140902 1
071136 0
212835 0
270928 1
199322 1
199325 1
191703 0
009244 0
009941 0
285294 0
043446 0
147375 0
262129 0
062582 0
008645 0
001926 0
081188 1
272768 0
013133 0
244017 0
075014 0
084156 0
111808 1
111100 0
082462 0
012517 0
088557 0
117130 0
124749 0
131288 0
148229 0
111315 0
184689 1
057926 0
191533 0
277287 1
090647 0
157994 1
157937 1
157966 1
120214 0
176119 1
176165 1
176176 0
185807 1
138450 0
170878 1
150085 0
082582 0
101066 0
227250 0
194401 0
176838 1
081744 0
288975 0
285574 1
285563 1
287586 0
243847 0
242872 1
157017 0
126362 0
147502 0
174920 0
157075 0
128610 1
231560 0
124979 1
078872 1
147362 0
241652 1
006577 0
125716 0
230415 0
111824 1
111800 0
014738 0
160869 0
006083 1
006102 1
195557 0
145286 1
024475 0
225705 0
163384 0
278406 1
278408 0
044400 0
037797 0
129344 0
027360 0
029979 1
030197 0
260184 0
143507 1
