085524 2
010305 1
010298 1
018145 2
115245 2
113573 2
113600 2
117089 1
117761 1
082362 2
005560 1
131477 2
111995 2
112019 2
115942 2
115917 2
112171 2
112158 2
112176 1
009879 2
122234 2
081830 2
152278 0
025309 0
089564 0
132334 0
111675 0
164457 0
131875 0
062170 0
174844 0
042326 0
065268 0
221096 0
193731 0
099723 0
201258 0
132336 0
020081 0
113643 0
043640 0
188475 0
085495 0
021747 0
135618 0
132537 0
147403 0
180752 0
182113 0
062111 0
152311 0
047560 0
132268 0
156872 0
223786 0
164875 0
115757 0
158691 0
002358 0
080625 0
188437 0
133256 0
164455 0
132332 0
138560 0
244262 0
145490 0
262452 0
174839 0
152298 0
085563 0
137288 0
076822 0
131798 0
164686 0
266540 0
013081 0
169352 0
281550 0
031633 0
109522 0
243372 0
013161 0
177722 0
132523 0
197891 0
164842 0
042319 0
188752 0
278218 0
007881 0
216401 0
282576 0
015065 0
090045 0
052830 0
114393 0
166273 0
156873 0
244339 0
080586 0
124564 1
124569 1
