226419 1
211355 1
199662 1
199768 1
202309 1
201723 1
201733 2
253060 1
207523 2
191960 1
191952 1
192027 1
233435 2
141618 0
210803 2
210735 2
258244 1
242624 2
199799 1
199800 1
240501 2
229632 2
225400 2
196270 2
224535 2
216167 1
242947 2
257917 2
253449 2
253502 2
253558 2
253571 2
253576 2
253425 2
253354 2
253675 2
253701 2
253600 2
253602 2
244451 2
244471 2
253557 2
253570 2
253575 2
253501 2
211988 0
197534 1
197450 1
197440 1
243224 1
229701 2
250887 2
229964 2
229876 2
234372 2
234371 2
287168 2
287669 2
258502 2
256022 1
256099 1
255936 1
210965 2
210748 2
203076 2
203072 2
203074 0
207193 1
206995 1
275029 2
275040 2
275063 2
275249 0
234290 1
234289 0
080223 2
257343 1
257243 1
257272 1
228781 1
228910 1
227462 1
227546 0
243208 1
265042 1
202237 1
202384 1
202398 0
187602 2
183845 2
183853 1
108832 1
108911 1
108912 1
109176 1
109198 1
109210 1
108880 1
184706 1
184695 2
258373 2
258357 2
262867 1
262872 1
199644 0
230075 1
015242 0
152740 0
025484 0
201756 1
206808 1
201815 1
201813 1
184747 1
210756 1
256767 2
256770 2
205796 2
206423 2
206434 2
208579 1
202794 1
210978 1
206698 2
206720 2
206709 2
243857 1
243843 1
243497 1
243496 1
243559 1
243558 1
243401 1
243402 1
243811 1
243818 1
243780 1
243779 1
243561 0
244363 1
244341 1
243862 1
243834 1
250338 1
250339 1
244136 1
244143 1
208546 2
200003 1
202344 1
201964 1
201963 1
201958 1
208051 1
201638 1
202262 1
199967 1
199226 1
199222 1
255060 1
199153 1
199154 1
199160 1
199156 1
255270 0
244423 1
244426 2
244436 2
244365 1
244367 1
244353 2
244366 1
244261 2
237379 2
237336 2
237378 0
101493 1
271664 2
271663 2
254637 1
017574 2
274400 0
257428 0
136116 0
208975 1
208007 1
208029 1
208997 1
208018 0
209712 0
115184 0
128478 1
128627 1
244425 2
262174 0
256551 1
251938 0
206797 1
207204 1
244732 0
282970 0
258430 0
205619 0
199458 1
199482 1
199483 1
199558 1
199502 1
208414 1
208678 1
