044384 1
044349 1
044314 2
044601 1
044602 2
044616 1
209902 1
045920 1
045916 2
040949 2
040982 1
044821 1
044698 2
035123 1
035773 1
041639 2
046466 2
045973 1
040755 1
040898 1
046546 1
045965 1
036104 1
036111 2
044368 1
035759 1
044157 2
035766 1
035748 2
035797 1
035786 2
035757 1
035785 1
035903 2
035981 1
035900 1
035755 1
035788 1
035872 2
035906 2
035760 1
035902 2
035756 1
035806 1
035824 2
037794 2
037793 1
035765 1
035849 1
035861 2
036308 1
035908 2
045324 1
045318 2
040929 1
040928 2
051755 1
041632 2
045511 1
036034 1
035832 2
035838 1
035843 1
035792 1
037314 2
035758 1
036275 1
036340 1
036135 1
036141 1
044732 2
044737 1
035817 2
035783 1
044731 1
035918 1
035867 2
035842 1
044899 1
035919 1
041577 2
041594 1
046519 1
046514 2
045435 2
035873 2
035787 1
037242 1
045896 1
045708 1
036131 2
046014 2
046049 1
045358 1
045356 2
045014 1
044989 2
036140 2
036136 1
036142 1
044442 2
044408 2
044332 1
044638 2
044738 2
044633 2
044746 1
218004 1
044642 2
044689 1
044643 2
044634 2
035675 2
035674 1
035676 2
035699 2
045468 1
044525 1
044524 1
088107 1
044939 1
044936 1
044780 2
044756 2
044745 1
044775 2
044739 2
044759 2
044762 1
044748 1
044740 1
044733 2
044835 1
044891 1
044882 2
045845 2
044327 1
044001 2
046594 2
045891 1
045889 2
045862 1
045854 1
039568 2
040900 1
044632 1
039995 2
035948 1
035935 2
044680 1
041014 2
035937 1
044445 2
044511 1
044582 1
044578 2
044585 1
044558 1
044593 1
044591 2
036242 1
035904 2
044253 1
044474 1
040792 1
046355 1
040822 2
040936 1
046117 2
046489 2
046476 1
209417 1
044264 1
040751 2
045857 1
044933 1
046493 2
046459 1
040937 1
045231 2
046293 2
044503 1
045234 1
035859 2
044315 2
046502 2
046509 1
044743 1
035879 2
035777 1
035860 2
035851 1
044254 2
044239 1
045982 2
036702 2
035846 1
035863 2
046409 2
046411 2
040902 2
041119 2
041480 1
041536 2
045623 2
045117 2
045698 2
042260 2
036738 2
040975 2
042840 2
042358 2
045692 1
045624 1
041394 1
045727 2
045758 2
041388 1
044268 2
035978 2
041626 1
041306 1
045928 1
045489 2
050685 2
045619 2
045241 2
040903 2
044351 2
036160 2
035831 2
045296 1
045307 2
045319 1
045955 1
049892 2
040905 1
046491 2
045425 2
036372 2
045536 1
045983 2
044064 1
036013 1
050961 1
043995 2
035951 1
035878 2
035776 1
036098 1
035956 1
035933 2
036123 1
035926 2
035925 1
035888 2
046375 1
044278 1
044736 1
037685 2
040752 1
044716 1
044721 1
044520 1
044579 2
043895 1
035752 2
044468 2
044537 1
044323 1
044617 1
044473 2
044220 1
044273 1
040816 2
040932 1
037675 1
044906 1
044498 1
046379 2
044160 2
040793 2
044291 1
040901 1
045268 2
044678 1
101760 0
049889 1
051325 2
046462 2
046461 2
214288 1
045488 2
035912 2
044561 1
040915 1
035790 1
040962 1
044777 1
036000 1
045999 1
049302 1
049306 1
035791 1
044162 2
044405 1
035649 1
044307 1
036907 1
044032 2
035778 1
035922 2
044568 2
044767 1
037146 2
217289 1
035384 1
035304 1
035286 1
035283 1
051516 1
044692 1
035929 2
044002 2
045443 2
264818 1
264847 1
264831 1
040783 2
037065 1
043765 1
215119 1
214463 1
054578 1
044577 2
205162 1
046047 1
046288 1
044419 1
044599 1
045998 1
044581 2
044098 2
044755 2
044387 1
036765 2
045532 2
035934 1
045954 1
044614 1
044584 1
045487 1
045473 2
044039 1
044613 1
044600 1
208357 1
214961 1
044536 1
041026 1
044549 1
051148 2
044203 1
043977 1
043900 1
051339 1
048904 1
048134 1
040819 2
045501 1
040916 1
035841 1
044781 2
036748 1
044223 1
044747 1
044735 1
046198 1
046337 1
044851 2
051742 1
207060 1
045367 1
045351 2
045163 1
035744 1
207646 1
204479 1
043922 1
043908 2
044587 1
044603 2
044571 1
209846 1
059415 1
059086 1
209446 1
044992 2
044789 1
044703 2
044730 1
044685 1
044357 1
044688 1
044375 1
044606 1
201226 1
044636 2
035927 1
036325 2
043932 1
216389 1
044256 2
044741 1
051517 1
051064 2
044717 1
044705 2
044149 0
044955 1
051482 1
044677 1
044644 2
040907 1
207658 1
051333 1
037447 1
035853 1
036990 2
036978 1
110530 1
045248 1
205156 1
205767 1
205166 1
044589 1
213276 1
217907 1
040821 1
044310 1
044280 2
218332 1
214705 1
050892 1
050886 1
043982 1
044734 2
207006 1
044592 1
205151 1
212460 1
205282 1
205164 1
205765 1
051338 1
215467 1
040935 1
110561 1
206535 1
035711 2
205560 1
040892 1
218408 1
051744 1
212029 1
203894 1
045024 2
045689 2
044649 1
044366 2
044509 2
215570 1
045177 2
044391 2
044626 1
044402 2
140935 0
044495 2
037528 2
040934 1
036652 1
036663 1
036683 1
044605 1
044518 1
037445 1
045533 1
217387 1
214958 1
214960 1
215268 1
203822 1
044552 1
044374 1
051042 1
213628 1
214352 1
045178 1
044434 1
044430 1
044195 2
044197 2
212661 1
044129 1
044008 2
044559 1
110569 1
218949 1
037033 1
037052 1
036375 2
035833 2
035789 0
205461 1
037779 1
037213 1
037106 1
044631 1
044648 1
044272 1
051519 1
044353 1
037880 1
037902 2
037924 2
050766 1
210344 1
044801 1
209847 1
217334 1
216276 1
217902 1
218016 1
218217 1
218177 1
219480 1
204592 1
217389 1
208240 1
209365 1
209788 1
210560 1
081180 1
205173 1
208572 1
044838 1
035923 2
209430 1
044586 1
037306 2
037231 1
148724 1
210107 1
210290 1
109397 1
215154 1
045801 1
203427 1
206495 1
044693 1
203999 1
205207 1
206342 1
065434 0
046196 1
051664 1
051605 1
163893 1
163872 1
163071 0
206456 0
208545 1
044506 1
046276 1
048451 1
046361 1
051066 1
046102 2
046153 1
036048 1
046414 1
044742 1
060586 1
039423 2
044691 1
051514 1
062819 1
062813 1
036561 1
034661 1
044048 1
036558 1
044163 2
044389 1
036085 2
035921 1
060535 1
045526 2
036186 2
079475 1
045005 1
037467 1
035735 1
258468 1
258524 1
035839 1
216044 0
205296 1
045593 2
045582 1
044770 1
044262 1
035916 1
019662 0
138040 0
045818 1
044588 1
044580 2
113250 1
051515 1
044687 1
213889 0
045164 1
045148 1
045703 1
051147 1
212784 1
164572 0
201991 1
044003 2
051554 2
044358 1
044004 1
214371 0
043876 1
045817 1
046418 1
044118 1
203956 1
044007 2
007782 1
044595 1
