194093 2
194101 2
193574 2
193567 2
195747 2
195746 2
195754 2
195760 1
196253 2
196251 2
190783 1
190850 2
202635 2
202637 1
202641 2
201727 2
201737 2
201752 1
202640 1
199484 1
199460 1
224068 1
223996 1
223950 0
227400 2
227402 2
199454 0
201734 1
201740 1
128556 1
128517 1
128559 1
128516 2
013195 0
071204 1
104377 1
071197 1
104370 1
279949 0
196252 2
196798 1
196796 2
196347 0
201938 2
201929 2
202122 2
202112 2
202375 2
202135 2
207446 1
202151 2
202148 2
202157 1
202156 1
264963 2
264964 2
149438 2
149452 2
191964 2
192004 2
266163 2
266162 2
260660 2
260653 2
202934 1
202931 1
207490 1
261747 2
140650 0
202134 1
257093 1
066143 0
014582 1
196272 2
196282 2
196321 2
196307 2
170268 0
239788 1
239779 0
239782 0
263608 0
280576 1
280605 1
194545 2
071434 2
104607 2
071405 1
104578 1
123732 0
190688 1
246616 0
239776 0
005406 0
202842 1
251324 1
220363 0
130264 0
198687 1
191406 0
201781 2
201748 1
202936 0
257107 1
147134 2
147133 2
204850 0
232213 0
008415 0
233314 1
233301 1
264171 0
289911 1
262760 1
262757 1
262765 1
259817 0
201792 1
266022 0
203431 0
257508 0
262004 1
261926 1
256364 0
004455 0
239789 1
239790 1
239792 1
239794 1
239793 1
239797 1
018018 0
016925 0
239946 0
260768 0
078302 0
263238 1
262885 0
280577 0
257821 0
260828 0
239778 0
258855 0
230375 0
014859 0
232890 0
017919 0
254140 0
243190 0
226469 0
239774 0
137196 0
279821 0
264166 0
262758 1
262769 1
262771 1
262775 1
205224 2
205235 2
273546 0
289475 1
