256945 0
230335 2
230340 2
230428 2
230355 1
230426 2
206291 1
206280 1
193018 0
206269 2
230364 2
230363 2
223497 2
196063 2
258140 1
230344 1
230337 2
204674 2
204476 2
198157 1
198455 1
198415 1
198115 1
198118 1
197992 1
197993 1
198101 1
264311 1
257920 1
205411 1
204806 1
275039 0
231924 0
193241 2
210492 1
274836 1
274838 1
274998 1
275403 1
274678 1
275402 1
275416 1
274996 1
274746 1
275415 1
274703 1
274685 1
274713 1
275400 1
275396 1
274736 1
275000 1
274709 1
274762 1
274772 1
275001 1
275399 1
275414 1
275395 1
275413 1
274757 1
274711 1
274997 1
274680 1
274779 1
274706 1
275002 1
274733 1
275486 1
274742 1
274749 1
274727 1
274716 1
274768 1
274744 1
274732 1
275006 1
274734 1
274775 1
243031 1
274797 1
274786 1
257094 1
275076 1
275078 1
192945 1
258353 1
184158 2
184192 2
275171 1
274764 1
192655 2
192663 2
192675 2
192677 2
192678 2
254519 1
201220 1
235789 1
256116 1
277428 1
274684 1
274755 1
254610 1
269307 1
275049 1
275053 1
275057 1
275060 1
275022 1
253810 1
194742 1
194745 1
273940 1
198025 1
229488 1
237009 1
253813 1
276653 1
190852 1
280219 1
182488 2
237403 1
232476 1
225396 1
225455 1
225391 1
225781 1
274541 1
225764 1
273448 1
267334 1
279002 1
170618 2
227723 1
276458 2
253648 1
279053 1
273216 1
279055 1
200051 1
268961 1
267160 1
234111 1
234068 2
234066 1
234114 1
263989 1
234820 1
234835 1
234849 1
286424 1
286427 1
256582 1
284974 1
285304 1
284985 1
202805 2
221180 1
235141 1
274562 2
226749 1
228971 1
018787 1
202248 2
176308 2
158185 2
152397 2
257589 1
287774 1
231898 1
197763 1
211234 1
192394 1
158186 2
153792 1
152394 2
018698 1
157915 2
210361 1
257974 1
012750 2
257973 1
267933 1
259015 1
192572 1
191890 1
259841 1
160331 2
244910 1
159852 2
278512 1
274670 1
274719 1
244319 1
244305 1
244397 1
244399 1
198024 1
258195 1
259514 1
184530 2
184556 2
184555 2
184518 2
184588 2
162819 2
171519 1
234413 1
287546 1
198244 1
190644 2
234744 1
279064 1
234736 1
230065 2
256447 2
210727 1
274365 1
213213 1
254994 1
241490 1
255674 1
256043 1
255652 1
221402 1
010786 2
164091 1
236111 1
162882 2
179398 1
243640 1
127117 2
243634 1
229438 1
253072 1
155031 2
154482 1
154490 1
154881 0
244416 1
163471 0
282846 1
282864 1
282847 1
267238 1
002815 1
267401 1
268031 1
276906 1
154568 1
284330 1
082641 1
154786 1
154775 1
154591 1
285320 1
276658 1
239343 1
198889 1
199042 1
199044 1
199096 1
240271 1
279422 1
127264 1
271679 1
257108 1
269168 1
197039 1
127279 2
002622 2
164146 0
216295 1
187255 2
187259 2
196081 1
257361 1
199069 1
229631 2
256890 2
162876 2
256888 2
199068 1
192558 1
158714 1
254248 1
221656 1
221637 1
221581 1
274640 0
191185 2
165387 1
256880 1
256932 1
257443 1
257390 1
256970 1
257038 1
257138 1
221429 1
173202 2
173650 1
257499 1
257503 1
256892 2
158606 1
278243 1
156647 2
156642 1
220748 1
219675 1
219727 0
275061 1
071106 1
104279 1
071104 1
104277 1
275062 1
256931 2
222055 1
079258 1
079259 1
255411 1
272303 1
075049 0
275135 1
154427 1
138253 1
138290 1
284161 1
222521 1
139392 1
139475 2
138763 0
256965 2
257415 1
275163 1
162056 2
244972 1
244964 1
274783 1
285653 1
157679 1
275401 1
275857 1
016635 1
195894 1
173207 2
173213 2
242333 2
242337 1
173216 2
257313 1
257370 1
257110 1
117133 1
274777 1
274962 1
274778 1
275125 1
275038 1
257393 1
257438 1
256867 1
201672 2
201691 2
274620 1
256889 2
244873 2
275074 1
156351 1
153556 1
169647 1
156693 2
270939 1
270986 1
270958 1
270993 1
277173 1
257324 1
153571 1
202656 1
275079 1
278702 1
278785 1
138385 1
197756 1
156124 2
172953 2
172954 2
153558 1
137821 1
137861 1
137833 1
137856 1
153535 1
275137 1
137220 2
154788 2
154789 2
221887 1
153968 2
152398 2
175742 0
154771 1
257365 2
257374 1
271313 1
000106 1
275071 2
275081 2
274815 1
153085 2
151313 1
276861 1
269894 1
275033 1
151544 1
151306 1
151318 1
151305 1
158948 2
152276 1
137364 1
137374 1
137316 1
173314 2
176466 1
150202 1
173318 2
153710 1
173330 2
154824 1
153738 1
151310 1
173200 2
157893 2
172929 2
172878 1
151545 2
274625 1
257937 1
257166 1
276843 1
270987 1
154429 1
276864 1
270967 1
117120 1
163126 2
163129 2
173326 2
173331 2
277175 1
201954 2
244971 1
244974 1
244973 1
247029 1
247385 1
247415 1
154126 2
154131 1
173248 2
154734 0
274820 1
153712 1
267629 1
173205 1
173411 0
274841 1
189917 1
275430 1
274830 1
257307 1
257302 1
274658 1
201578 0
274635 1
275283 1
274712 1
274724 1
274871 1
275292 1
274579 1
275212 0
266772 1
269074 1
269048 1
266768 1
266443 1
266362 1
266072 1
266069 1
265282 1
265245 1
265315 1
265329 1
265224 1
275026 2
275659 1
268780 1
274873 1
275664 1
268611 1
268960 1
269611 1
269614 1
268944 1
269036 1
268954 1
270981 1
270935 1
270881 1
270889 1
274566 1
266784 1
267124 1
269465 1
257172 2
269020 1
276664 1
269602 1
257321 1
257320 1
257161 1
257117 1
274662 1
274626 1
257134 1
197214 1
247028 1
247387 1
247346 1
264989 1
197205 1
268663 1
268674 1
268678 1
247384 1
268762 1
247309 1
245033 1
269547 1
275260 1
276700 1
276808 1
274760 1
257135 1
256993 1
257237 1
257234 2
256987 2
275275 1
238482 2
257402 1
274568 1
274570 1
034166 0
274754 0
154790 2
154802 2
256940 2
279771 1
157887 1
137293 1
137288 2
148992 1
016029 1
274737 1
274740 1
161388 1
002315 1
141561 2
275068 1
014352 1
147163 0
025714 1
025296 1
264027 1
276971 1
099631 0
277000 1
274674 1
274741 1
274739 1
153978 1
154764 1
275032 1
275398 1
275069 1
173042 1
273426 1
154517 2
257140 1
275738 1
154826 1
019032 1
154518 2
154811 1
274601 1
275121 1
274667 1
278569 1
278606 1
278621 1
161847 1
281038 1
257168 1
161176 1
276677 1
257167 2
269246 1
168132 0
276668 1
221981 1
149142 1
163762 1
154898 1
257678 1
257672 2
155576 1
085621 1
085631 1
161146 1
165398 1
250460 2
129926 0
264409 0
077143 1
274720 1
275280 1
275472 1
155167 0
177565 1
177571 1
177920 1
267989 1
173561 1
182631 1
176731 1
176693 1
182637 1
176735 1
176695 1
176733 1
176738 2
173296 1
274701 1
256893 1
116046 0
224069 1
270953 1
197244 1
274600 0
154749 2
193971 0
154902 1
237434 1
177971 1
179117 0
133162 1
190808 1
190778 1
190827 1
201070 1
201148 1
201059 1
201142 1
237420 1
232463 2
237419 1
237435 1
276357 1
276359 1
190386 2
276338 1
270892 0
160962 1
154522 1
276593 1
153052 1
283188 1
154756 1
154671 1
154672 0
163455 1
275350 1
275349 1
275509 1
275594 1
015890 1
275031 0
154813 0
150878 1
273262 1
150088 1
165747 1
148787 1
119892 1
005462 0
178648 1
178763 1
178769 1
178787 1
274595 1
173588 0
276380 1
276566 1
176421 1
176408 1
276842 1
276848 1
275178 1
174422 1
285989 1
190777 1
229348 1
161263 0
285953 1
196879 0
174407 1
174423 1
094328 1
160865 1
156494 0
018867 0
176220 1
174625 0
165833 1
165837 1
165716 1
165743 1
165875 1
166056 1
273961 1
273936 1
274016 1
173386 1
173381 1
173408 1
173686 1
158036 1
276992 1
276996 1
273221 1
173898 1
273451 1
271304 1
271601 1
271110 1
275485 1
275491 1
225454 1
225395 1
270994 1
276678 1
271054 1
271059 1
276659 1
138236 2
138237 1
223899 0
273250 1
187276 1
276744 1
211766 1
276002 0
275805 1
173329 2
279059 1
279051 1
279065 1
276749 1
278540 1
156492 1
156493 1
156486 1
173257 2
278532 1
278538 1
271032 1
271036 1
276844 1
276849 1
271044 1
278547 1
278615 1
271374 1
173315 2
161303 1
132816 1
132716 1
132796 1
132795 1
132834 1
132873 1
132868 1
278548 1
278616 1
276748 0
178083 1
177885 0
068716 0
173412 2
240284 1
052775 1
052637 1
263187 1
263191 1
164291 2
273214 1
275365 1
188101 2
157176 1
157181 1
004144 1
118253 1
225787 1
154524 0
119254 1
261022 0
273305 1
278386 1
278383 1
001552 1
271322 1
224392 1
223961 1
224160 1
270801 1
270798 1
270802 1
049168 1
049176 1
041905 1
274632 1
173805 1
226748 0
010552 1
278800 0
281936 1
271508 1
271406 1
171566 1
171555 1
275070 1
225780 1
275080 1
272169 2
272128 2
272001 2
272129 1
006983 0
272403 1
005083 0
257158 0
221847 1
274605 0
008754 2
162338 2
257377 0
262792 0
277283 0
211580 1
211767 1
271301 1
271077 1
276716 1
276715 1
111499 1
110352 1
271591 1
154503 0
164138 0
162356 1
162351 1
257420 1
257426 1
136199 1
161356 1
148555 0
274627 1
147090 0
256886 2
221903 1
257145 1
257157 1
153725 1
048718 2
153749 1
260380 1
260364 1
148772 2
257805 1
257800 1
273246 1
276742 1
271391 1
271509 1
176221 1
175361 1
175605 0
273903 1
154516 0
063605 0
273888 0
017581 0
093474 0
201060 0
082639 0
278550 1
278559 1
276339 1
276358 1
276360 1
276381 1
276567 1
276379 1
276565 1
119489 0
286426 1
286423 1
256982 1
047410 0
278798 1
278734 1
160817 0
173308 2
262802 0
158560 1
158551 0
278684 1
283475 0
173327 2
126341 1
126217 0
274633 1
274639 1
163593 0
140626 0
278640 1
278641 0
278551 1
274573 1
015744 1
138624 1
138605 0
181744 1
176426 1
092046 0
188814 0
271015 1
264799 1
264858 1
264860 0
254390 0
271540 0
278184 0
153458 0
252220 0
274607 0
275151 1
277003 1
276667 1
043658 0
028877 0
063302 0
276642 1
141975 1
142066 0
172779 1
172767 2
286643 1
286714 1
286782 1
286809 1
192994 0
272190 1
272193 1
196066 0
192578 0
190080 0
162815 1
174697 1
174734 1
174863 1
174874 1
162906 0
274585 1
276822 1
276771 0
276825 1
276939 1
154793 0
173347 2
154957 2
276689 1
087281 1
087259 0
154958 1
161192 0
274617 1
277835 0
274636 1
271116 1
271076 1
271065 1
116876 0
057339 0
009675 1
122090 1
255347 0
274624 1
227973 0
154538 1
173384 0
168532 1
168501 2
168502 2
168489 1
154763 1
154843 1
154809 1
154173 1
154836 1
154632 1
153969 1
154067 1
154068 1
153988 0
154823 1
154845 1
154633 1
154481 1
154489 0
117104 0
154574 1
154575 1
000328 0
271124 1
173307 2
112792 1
173334 1
004324 0
158972 1
159062 0
173389 2
173397 2
173335 1
114018 0
141878 0
114650 1
016720 1
168888 1
253389 0
276596 0
173409 2
158453 1
114946 0
173253 1
256927 1
173398 2
272223 0
230626 1
230616 1
223479 1
275583 1
275581 1
219643 1
219622 1
221755 1
211005 0
229334 0
280080 0
282013 1
282011 0
257218 1
257207 2
173415 2
173388 1
173275 1
137311 0
173400 2
275366 1
275363 1
219199 0
027844 0
194719 1
194727 1
275422 1
257502 1
130177 0
271106 1
257455 1
257454 1
053248 0
277004 1
275884 1
160616 2
160610 2
158321 2
113812 0
276945 1
165395 0
211511 0
276801 1
270951 1
164369 1
087283 1
114738 0
154454 0
264990 0
176724 0
283476 1
283447 1
194510 0
052751 0
286808 1
286781 1
257121 1
257127 1
025713 0
238226 0
278637 1
278632 1
023325 0
004668 0
165820 1
162782 1
162856 1
162860 1
152231 0
148961 0
276713 1
276762 1
014603 1
126152 1
005411 1
091768 1
091878 1
101407 1
100648 1
097112 1
097100 1
097090 0
101298 1
011698 0
004366 0
277228 1
277212 1
010142 0
276917 1
274366 1
276651 1
146893 1
094851 0
277516 1
277517 1
277227 1
277211 1
277209 1
277316 1
277312 1
277063 1
277067 1
277900 1
277919 1
114233 0
277265 1
229064 0
274602 1
158332 0
278844 0
274807 1
274801 1
274805 1
275521 1
188439 0
154787 0
274574 1
074751 0
274592 1
007158 2
061214 1
061176 1
061169 1
276660 1
275059 1
275056 1
275048 1
275052 1
253812 1
150125 1
150117 1
107772 1
107759 1
138292 0
014208 1
167223 0
187805 1
187815 2
274609 1
002932 0
117290 1
117377 0
256411 0
017340 0
172896 2
140573 0
283448 1
283477 1
270954 1
270977 1
276649 1
257174 0
225946 1
226069 1
267885 0
270992 1
270957 1
255673 0
276731 1
047152 0
234213 0
176222 2
148724 0
276778 1
276782 1
173387 2
173390 2
228611 0
277786 0
083336 0
224172 1
224023 1
224061 1
226475 1
226400 1
225752 1
225901 1
166338 0
226723 0
057095 0
223701 1
223714 0
159003 1
159004 1
130303 0
094331 0
030131 0
276732 1
276733 1
276736 1
276738 1
277226 1
277210 1
154831 1
278561 1
278611 1
154834 0
154835 0
074738 0
064332 1
137302 1
135608 0
263113 0
058756 0
149983 1
054380 0
196459 1
133857 1
002819 1
059492 0
199489 0
008971 0
265593 0
271053 1
271058 1
276720 0
019315 0
136877 0
278851 1
278847 0
153559 1
153573 0
276997 1
276989 1
152846 1
019021 1
013783 0
275362 1
152826 0
009361 0
238299 0
172886 2
172912 2
278629 0
257122 1
257128 1
253086 0
003817 0
276735 1
277008 1
277030 1
121893 0
141958 0
280542 0
276728 1
276727 1
276729 1
276767 1
015215 0
047197 0
271073 1
274020 1
274014 1
234026 0
276910 0
026187 0
097554 0
149793 0
167973 0
276741 1
276725 1
276723 1
276726 1
271627 1
170538 2
276724 1
056996 0
202961 0
276927 1
275397 0
193349 0
044538 0
004884 0
138745 0
137365 1
253753 0
005079 0
173413 2
223665 1
278584 1
278603 1
258327 0
117478 0
181248 0
001232 0
276648 1
239866 0
276672 1
276663 1
239370 0
276739 1
273374 1
153745 0
075379 0
061057 0
083432 0
273387 1
178286 0
152236 0
047953 0
219286 1
219293 1
272630 0
137127 0
040862 0
038716 0
274464 0
107993 0
194602 1
194590 0
276926 1
270948 1
270979 1
276734 1
276737 1
276740 1
229810 0
277229 1
277208 1
276745 0
278407 1
278409 1
271080 0
288212 0
173420 1
054335 0
280079 1
278917 1
280025 1
280043 1
280084 1
278915 0
173190 0
280023 0
276656 1
123072 0
201504 0
075003 0
227183 0
276863 1
276860 1
274973 0
057550 0
226726 0
257139 1
257023 1
138735 0
012969 0
142425 0
028911 1
279770 1
279031 1
279471 0
269624 0
258999 0
278488 0
272353 0
277318 0
170523 2
277974 1
277968 1
228168 0
024782 0
174628 0
274854 0
219524 0
153126 0
201533 0
214390 1
227693 0
256938 2
279304 0
255259 0
098156 0
259194 0
137300 0
185504 0
268176 1
154655 1
158450 0
092982 0
169098 0
243639 0
007147 1
096663 0
268685 1
268139 1
154656 0
007457 0
157370 0
267161 0
115973 1
271071 1
192463 0
279937 0
024957 0
047154 0
287717 0
014907 1
125818 1
043746 0
267886 0
156516 0
222898 0
138289 0
123348 1
225740 0
037046 0
277134 1
277131 1
167409 1
167410 1
167407 1
277466 1
270974 1
277413 1
271007 1
276661 0
173289 0
280698 0
083953 0
276384 1
276573 1
257498 0
005545 0
054071 0
282079 0
276950 0
120469 0
253443 0
269428 0
266532 0
082015 0
126226 1
126358 0
241327 0
257131 0
047542 0
277688 0
240547 0
047381 0
253359 0
227066 0
275030 0
107854 1
107905 1
107906 1
082915 0
008723 0
000520 0
100931 0
148545 0
277679 0
275676 1
275543 1
275586 0
275249 0
282164 0
242335 0
047009 0
219610 0
257181 0
079630 0
005082 0
172888 0
005788 0
180025 0
277684 0
132570 0
055462 0
028636 1
028621 1
082088 0
226620 0
072073 0
270775 1
154569 0
058551 1
270058 0
175623 0
276641 1
272737 0
100091 0
254372 0
141319 0
057406 0
193016 1
192917 1
192924 1
192940 1
188001 0
180066 0
201579 0
278929 0
154842 0
192920 1
193002 1
192915 1
193077 0
193706 1
287936 0
280041 0
225982 0
173362 0
119192 0
147968 0
189044 1
189058 1
052368 0
185712 0
120686 0
221354 0
062180 0
253699 1
253793 1
253822 1
253853 1
254373 1
254379 1
254381 1
254383 1
254391 1
253129 0
101282 0
027132 0
010106 0
091377 0
276757 0
053031 0
264770 0
168383 0
024543 1
029315 0
280671 0
150255 0
259710 0
277078 0
224300 0
117114 0
239594 1
275764 1
275704 1
239252 0
272341 0
187994 1
187667 1
187995 1
276650 1
276817 0
210575 0
173291 0
276198 0
052825 0
272326 0
269891 0
174650 0
279943 0
116486 0
092089 1
117802 0
136626 0
260633 0
255922 0
142258 0
139674 0
030850 0
116196 0
087144 0
280082 0
002316 0
133417 0
166830 0
053073 0
084956 0
118962 0
162825 0
050320 0
251323 0
010423 0
227895 0
050317 1
173243 1
051011 1
153463 0
226524 0
173254 1
137052 0
015398 0
276006 0
141648 0
137537 0
188961 1
188957 0
140539 0
154130 0
172628 0
074760 0
005480 1
120044 1
007152 0
042846 0
255353 0
019499 0
004428 0
138325 0
045294 0
063595 0
159076 1
173299 1
117284 0
275301 0
025027 0
229076 0
028946 1
281834 0
055690 0
038377 0
265147 0
201400 0
141973 0
173903 2
083438 0
154798 0
190549 0
235527 0
234419 0
168693 0
265456 0
140966 0
015756 0
201390 0
277315 1
116794 1
276671 1
203949 0
277314 1
276662 1
159512 0
230325 0
201580 0
041667 0
049741 0
254378 0
272021 0
056666 1
041956 1
069044 0
277681 1
277615 1
083918 0
277133 1
076758 1
057706 0
208147 0
042250 0
277132 1
287543 0
164492 0
002081 0
001081 0
101970 0
077500 0
052488 1
052406 1
230347 0
192919 0
227876 0
277947 0
278809 0
154504 0
289398 1
289397 0
274604 0
276673 0
242008 0
223813 0
067501 1
273575 0
152247 0
269070 0
176027 0
053844 0
256042 0
193659 0
194563 0
226411 1
226516 1
285118 0
141867 0
277717 0
084116 0
238381 0
260981 0
097602 0
142075 0
153125 0
013218 0
048564 0
012069 0
201071 0
015200 1
266840 0
113316 0
132115 0
010436 0
033049 0
210734 0
277364 0
231827 0
071371 0
057064 0
278916 1
280024 1
280042 0
280083 0
007440 0
189144 0
115274 0
228793 0
289988 0
154095 0
276891 0
134341 0
012425 0
028542 0
005154 0
056052 0
004139 0
142289 0
230716 0
259444 0
095360 0
223948 0
187237 0
128527 1
128671 1
128670 0
018043 0
129556 0
141362 0
141321 0
281456 0
021779 0
254380 0
101056 0
137786 0
138674 1
138652 1
118467 0
091763 0
165939 0
267937 0
257133 0
157634 0
227908 0
277051 1
276965 1
062475 0
275384 0
176386 0
007475 2
111583 0
224710 0
086230 1
086148 0
014176 0
139932 0
158934 0
179590 0
254903 0
276750 0
091879 0
091662 0
051324 0
164220 0
114084 0
239064 0
154758 0
270676 0
027850 0
167298 0
027100 0
052664 0
130492 0
237800 0
028878 0
278380 0
201531 1
149345 0
233594 0
116144 0
199407 0
092064 0
017169 1
017187 0
153574 0
153568 0
174139 0
271895 0
256583 1
256586 1
256326 1
273750 0
277074 0
189471 0
154729 0
067747 0
167453 1
167454 1
167445 1
153569 0
172224 0
119455 0
140701 0
267042 0
275496 0
245130 0
047057 0
250845 0
285750 1
137200 0
054226 0
226612 0
201644 0
206687 1
221855 0
005700 0
006794 0
083975 0
234210 0
027124 0
229486 0
142426 0
117122 0
275492 0
278106 1
278119 0
014248 0
265634 0
273639 0
120124 0
214562 0
091376 0
272362 0
227060 0
057752 0
277993 0
242018 0
114191 0
193183 0
277745 1
130946 0
276300 0
211545 0
130159 0
277742 1
265152 0
010931 0
229061 0
263900 0
189939 0
154457 0
175629 0
087129 0
181240 0
179953 0
101965 0
097452 0
256474 0
038100 0
057616 0
004046 0
141334 0
039219 0
275034 0
219079 0
277350 0
252221 0
193948 0
257401 1
045088 0
118605 0
148652 0
026300 0
253516 0
114013 0
174897 0
230670 0
134088 0
202434 0
244533 1
265028 0
001165 0
043180 0
121829 0
213927 0
254382 0
274975 0
219126 0
277781 0
030569 0
057378 0
275719 1
256311 0
019312 0
087055 0
165800 0
101051 0
259699 0
092487 0
253084 0
023402 1
030041 0
003649 1
002595 1
163614 0
028615 0
016919 0
040044 0
276158 0
263832 0
141807 0
278084 0
075010 0
169590 0
270125 0
145270 0
164110 0
178183 0
253444 0
286493 0
150888 0
119233 0
192948 1
276747 0
274205 0
221693 0
276751 0
279054 0
169652 0
222964 0
216832 0
140318 0
141323 0
083911 0
231701 0
256585 0
175805 0
084292 0
084646 0
244299 0
074985 0
285458 1
285460 1
262427 1
280706 0
279308 0
280714 0
268164 0
113986 0
272580 0
266594 0
280711 0
063112 0
222653 0
203833 0
069752 0
225829 0
054449 0
229055 0
270952 1
277972 0
154815 0
193652 1
193660 1
193662 1
193707 1
180731 0
160279 0
128197 0
063830 0
158297 0
047654 0
026740 0
048875 0
140492 0
280543 0
091324 0
201143 0
036686 0
278182 0
224964 0
048397 1
053614 0
066894 0
193476 0
171539 0
124162 0
036981 0
233148 0
162834 0
239261 0
199666 0
006449 1
271420 0
168289 0
142186 0
283491 0
043294 1
111175 0
154816 0
256446 0
057324 0
024921 0
277913 0
177479 0
057764 0
225983 1
224030 0
041491 0
055131 0
259436 0
278790 0
236978 0
164510 0
224015 0
234072 0
080250 0
032122 0
203972 0
064887 0
280715 1
280710 0
042723 0
280206 0
253517 0
227206 0
190094 0
057780 0
056480 0
272328 0
063536 0
057255 0
173358 0
152230 0
261243 0
078939 0
185404 0
187697 0
279119 0
158430 0
196065 1
265166 0
272582 0
142249 0
056718 0
075766 0
074555 0
215468 0
083958 0
066621 0
201147 0
280693 0
166339 0
068660 0
011084 0
141624 0
119482 0
186556 0
224709 0
124323 0
160790 0
189145 0
152799 1
284251 0
028947 0
171828 0
019013 1
114440 0
066345 0
163415 0
277813 0
172164 0
224293 0
125264 0
168395 1
168484 0
168465 0
168388 0
047262 0
227734 0
168391 0
047321 0
091581 0
117124 0
275107 0
279126 1
223835 0
253521 0
271706 1
139112 0
276679 0
271260 0
165583 0
277924 0
056890 0
187232 1
192428 0
187244 0
285766 1
277689 0
202411 0
201499 0
227285 0
091476 0
142424 0
056261 0
282043 0
284411 0
054067 0
156262 0
139992 0
183291 0
101964 0
137163 0
001873 0
005992 0
278462 1
278480 1
278489 1
159656 0
274463 1
274460 0
274473 0
274432 0
274469 0
260849 0
274449 0
278479 0
160081 0
262155 0
242341 1
242340 0
255783 0
169099 0
274994 0
053496 0
120317 0
066707 0
237849 0
009631 0
260642 0
185670 0
234485 0
253852 0
254514 0
140554 0
275822 0
260851 0
048617 0
276952 0
220041 0
114545 0
002521 0
083923 0
162905 0
077421 1
051534 0
113520 1
066978 0
228848 0
057773 0
055015 0
136715 0
141649 0
169580 0
006960 0
011283 0
238372 0
165798 0
037783 0
072451 0
084168 0
173766 0
006923 0
185131 0
179837 0
231824 0
191139 0
204347 0
290043 0
180572 0
256667 0
152361 1
152252 1
019473 0
230272 0
257397 0
074737 0
104544 0
157809 0
185060 0
139739 0
136363 0
145959 0
116143 0
218690 0
025504 0
054100 0
256415 0
164087 0
141710 0
285067 0
083563 0
284721 0
014154 0
278766 0
136946 1
136997 0
137000 0
137047 0
253522 0
278195 0
263331 0
149805 0
137109 0
244185 0
240647 0
010203 0
083149 0
257875 0
154572 0
052115 0
112527 0
118470 0
178124 0
059251 0
189472 0
007427 0
172963 0
134692 0
005040 1
119234 0
119292 0
119432 1
007110 0
153750 0
158330 0
188793 0
071652 0
004830 1
266929 0
193258 0
080414 0
176249 0
152037 0
201577 0
090901 0
224716 0
026702 0
075875 0
047712 0
288095 0
250875 0
157239 0
083697 0
026492 0
095603 0
140543 0
142067 1
142073 1
277310 0
120300 0
153452 0
044187 0
256506 0
272742 0
214882 0
005866 0
235533 0
253698 0
025681 0
157575 0
168365 0
052752 0
278839 1
278822 0
278458 0
278801 0
198100 0
043016 0
087012 1
087015 0
083237 0
286329 0
080372 0
062285 0
055489 0
278810 0
110702 0
168296 0
117869 0
052830 0
278806 0
277666 0
059556 0
134244 0
082089 0
084202 0
057850 0
057867 0
259437 0
038491 0
166831 0
016007 0
035001 0
277888 0
150346 0
141962 0
179189 0
226532 0
265641 0
219372 0
012215 0
231886 0
057553 0
278825 0
179947 0
082082 0
172893 2
238406 0
271811 0
070398 0
080893 0
057751 0
172748 1
271503 0
233736 0
277359 0
253515 0
176716 0
053109 0
256187 0
031100 0
007090 0
275274 0
251322 0
219162 0
154120 0
007316 0
277240 0
054046 0
276388 0
276852 0
005611 0
164504 0
186070 0
158933 0
113870 0
169717 0
179900 0
029659 0
159423 0
277914 0
057134 0
017523 0
185885 0
213216 0
277760 0
091094 0
154588 0
054997 0
253792 0
241750 0
087282 0
227039 0
121834 0
084536 0
137242 0
063304 0
114258 0
033323 0
061455 0
201149 0
269253 0
277348 0
245005 0
114085 0
168985 0
122213 0
175610 0
211562 0
024744 0
134528 0
280857 0
274307 0
186756 0
173306 0
140569 0
049748 0
253127 0
095622 0
056619 0
201488 0
177701 0
181239 0
276776 0
056231 0
110172 0
034115 0
099599 0
120706 0
116913 0
054770 0
012978 0
160220 0
010446 0
176047 0
189477 0
284740 0
228715 0
050954 0
091764 1
072161 0
263615 0
090616 0
258242 0
119291 0
269897 0
193591 0
092141 0
017382 0
253386 0
161226 0
222864 0
228504 0
010282 0
064254 0
003964 0
047222 0
278089 0
080526 0
240999 0
173391 1
138274 0
173393 2
156047 0
082906 0
057389 0
173770 0
266603 0
029052 0
165943 0
142339 0
005119 0
252619 0
039302 0
119492 0
228130 0
118930 0
270025 0
260853 0
137599 0
230085 0
149346 0
064241 0
117901 0
276760 0
062166 0
259445 0
226868 0
172910 0
092517 0
227054 0
167519 0
237877 0
277264 0
194521 0
055771 0
211557 0
283221 0
236986 0
022462 0
230826 0
046688 0
057689 0
265153 0
278171 1
278928 0
154157 0
097104 0
136957 0
258897 0
127674 0
083444 0
278170 0
256960 0
280774 0
253821 0
229274 0
054326 0
228365 0
153648 0
005905 0
057769 0
274747 1
274748 1
257113 0
278032 0
201693 0
051653 0
234211 0
278085 0
057397 0
272649 0
167385 0
277518 0
007460 0
289532 0
257876 0
273032 0
276766 0
117902 0
165604 0
010547 0
140008 0
166028 0
281460 1
280393 1
280459 0
287405 0
136565 0
281406 0
282731 0
209291 0
238297 0
025683 0
280485 0
224084 0
117178 0
264624 0
046768 0
017341 0
040051 0
192594 0
275483 0
263196 0
252092 0
276578 0
185130 0
084858 0
181531 0
226593 0
134135 1
139492 0
018380 0
263966 0
271507 0
069119 0
056154 0
008879 0
083965 0
057245 0
170626 0
121895 0
277685 0
113826 0
013028 0
173937 0
263643 0
066321 0
193508 0
229830 0
022987 0
030834 0
232499 0
154768 0
228623 0
089280 0
279603 0
257880 0
217221 0
113522 0
005089 0
185552 0
157660 0
030588 0
114447 0
203590 0
165632 0
223827 0
275427 0
156498 0
034532 0
026442 0
278745 0
280240 0
225631 0
184686 0
138072 0
114937 0
224406 0
043401 0
174708 0
196648 0
055108 0
119851 0
256866 1
272410 0
038389 0
274793 1
278860 0
260681 0
263110 0
235475 0
275984 0
276654 1
057436 0
136171 1
173694 0
048603 0
142950 0
276982 1
276980 0
276979 0
136176 0
219857 0
164623 0
116837 0
251938 0
096285 0
053875 0
134247 0
050297 0
203896 0
179465 0
067080 0
037384 0
216857 0
253520 0
270522 0
277214 0
080244 0
091957 0
278707 0
253380 0
225836 0
097736 0
198407 0
260463 0
055980 0
262159 0
115761 0
277236 0
054058 0
054374 0
005767 1
120384 1
215966 0
120026 0
120002 0
126676 0
120035 0
150879 0
018466 0
274256 0
275975 0
262149 0
149335 0
142703 0
226724 0
223776 0
169591 0
005116 0
280461 0
160776 0
278733 0
084045 0
047403 0
239074 0
225984 0
079690 0
134087 0
252821 0
166141 0
056363 0
000053 0
091458 0
280039 0
240966 0
176306 0
114649 0
275188 0
278196 0
220942 0
166606 0
159299 0
041067 0
233991 0
225403 0
281462 0
160785 0
235525 0
054965 0
227141 0
196877 0
178346 0
145551 0
229093 0
228953 0
229081 0
078968 0
288954 0
174586 0
079926 0
117756 0
200600 0
163880 0
062423 0
206278 0
174269 0
001945 0
275329 0
048009 0
053287 0
157361 0
258994 0
009432 0
004695 0
282096 0
256752 0
054320 0
276555 0
163754 0
193414 0
276981 0
080794 0
101962 0
118887 0
032766 0
005582 0
280690 0
078190 0
282863 0
169653 0
201069 0
057419 0
149025 0
084043 0
174153 0
243704 0
083288 0
126982 0
058370 0
115169 0
193985 0
084663 0
221398 0
275166 1
113696 0
225769 0
