222411 0
015842 0
206534 0
051209 0
139552 0
162602 0
124761 0
051194 0
216411 0
231729 2
231734 2
221708 1
200983 1
199560 1
201081 1
200969 1
201400 1
201255 1
200476 1
221913 2
221911 2
201258 1
219516 1
219493 1
222073 1
222127 1
219549 1
219182 1
219135 1
222234 1
222235 1
197356 1
230837 1
191748 0
217215 1
220010 1
220015 2
220016 2
219768 1
219756 1
219995 2
219972 1
208102 0
077374 0
243426 0
211241 1
218890 0
276206 1
269301 1
262159 1
265165 0
142145 0
162992 0
173060 0
243227 0
222155 0
244513 1
244521 1
115527 0
165103 0
022376 0
260871 1
260904 1
263369 1
260971 1
260972 2
260973 1
261018 1
261046 1
260990 1
270873 0
260991 0
029261 0
262452 1
083067 0
219942 1
019053 0
221868 2
221861 1
164504 0
221740 1
022682 0
243183 0
279544 1
032794 0
139836 0
225149 0
163233 0
040992 0
053112 0
219661 1
205443 0
059140 0
243351 0
230849 0
223679 0
179398 0
219918 1
220065 1
220066 1
220067 0
211870 0
270915 0
279308 0
018663 0
163203 0
221191 2
219394 0
175610 0
192317 0
221748 0
117103 0
151200 0
131798 0
281366 0
162525 0
019237 0
225282 0
268084 0
058295 0
219510 0
116849 0
226247 0
217492 0
225941 0
045809 0
191747 0
261019 0
288057 0
188465 0
220679 0
204341 0
221875 1
221770 1
219763 1
279792 1
279788 1
278307 0
116103 0
083018 0
280647 0
039042 0
006243 0
258542 0
278802 0
032836 0
219767 0
115807 0
279543 0
269643 0
042205 0
028855 0
264675 0
138333 0
115926 0
275418 0
147377 0
042868 0
220424 0
041103 0
243465 0
221387 1
221409 1
144427 0
221864 0
028611 0
269070 0
026185 0
277997 0
022244 0
086484 0
220267 0
052860 0
044851 0
045890 0
116178 0
188475 0
028432 0
265799 0
142184 0
056361 0
022401 0
079326 0
269304 0
163027 0
275726 0
