232732 1
232735 1
155445 0
192357 0
064906 1
064828 1
180026 2
188535 0
064808 1
064597 1
064766 1
064797 1
064931 1
064922 1
154395 2
064688 1
176622 2
176651 2
182927 1
076977 2
177987 1
177160 1
014050 1
160515 1
014471 1
287922 1
287928 2
287934 2
287980 1
289957 0
145857 1
013083 1
155800 1
018978 1
155433 1
064913 1
064875 1
064905 1
288692 1
124017 2
124016 1
288572 1
069190 2
102363 2
066228 0
257264 1
257231 1
178103 1
152386 1
082827 1
152261 1
065730 2
065599 2
064319 1
065660 1
123998 1
182332 2
182331 2
152479 1
152494 2
075552 0
174773 1
123993 1
123160 1
064862 1
283802 1
077824 1
283766 0
064587 1
066356 1
232780 1
233102 2
066269 1
064822 1
284662 0
187164 1
186868 1
123959 1
123579 1
123697 1
230350 0
085968 1
176279 1
066347 1
066335 2
064483 1
064439 2
064501 1
064404 2
062746 1
188154 1
188132 1
188128 1
064487 1
064495 1
066445 1
189849 1
189837 2
189838 2
167884 1
167543 1
167547 1
167548 1
189530 2
189577 1
167000 1
167592 1
192395 0
164239 1
170382 1
170385 1
168257 1
168030 1
166028 0
187695 0
064920 1
192469 0
157979 1
189836 1
187357 0
064414 1
066225 1
064882 2
064871 1
064872 1
064857 2
064429 1
199662 0
064823 1
064821 2
170381 1
170384 1
086192 1
086184 1
192511 0
188540 0
087545 1
064585 0
170425 1
170426 1
170422 1
167602 1
167603 1
167582 1
168088 1
167942 1
163792 1
164101 1
164016 1
175829 1
162727 1
265828 1
265960 1
266057 1
265901 1
265906 1
265853 2
265858 1
187399 1
229773 0
190044 0
080444 2
048326 0
187267 0
154686 1
154668 1
187344 0
167604 1
167605 1
167583 1
166962 1
166963 1
166961 1
166872 1
162512 1
167525 1
167526 1
167509 1
169181 0
013006 2
164226 0
152485 1
230735 1
230469 0
064899 1
167643 1
167641 2
064826 1
101240 1
101239 2
101234 1
101217 1
101055 1
123067 1
123053 1
069434 1
102607 1
078206 1
077219 1
123983 1
124041 0
187891 1
123989 1
064869 1
064907 1
179932 0
170349 1
170347 1
064443 1
064777 1
252407 0
071542 1
104715 1
064814 2
170525 1
170585 1
284512 2
284523 1
284549 1
284569 1
284516 2
153025 1
157056 1
066094 1
066091 1
180547 1
127510 1
123999 1
182325 1
182330 1
124321 1
124627 1
068174 1
167593 1
167594 1
167584 1
210588 1
210624 2
192397 1
155656 1
151189 1
012743 1
155621 1
016988 1
260844 1
150737 2
187053 2
187072 1
064457 1
064472 1
064592 1
068379 1
167579 1
167596 1
167597 1
167559 1
167576 1
167577 1
064600 1
127367 1
064929 1
064843 1
064848 1
111402 0
123995 1
163112 1
163117 1
235905 0
124181 1
289802 0
067912 1
233541 1
124617 1
047985 0
124601 1
064805 1
124291 1
124437 1
188071 0
177251 1
014829 1
125888 1
123233 1
124459 1
123137 1
083131 1
167581 1
167599 1
167600 1
124420 1
124341 1
124344 1
124340 1
124343 1
009364 1
014659 1
126087 1
112921 1
065904 1
082809 1
082805 2
082766 1
131752 1
156877 1
156914 2
123940 1
099575 1
065969 1
065968 1
124337 1
287864 0
065893 1
123992 1
064790 1
177672 2
177696 1
177671 2
079186 2
079221 1
082812 1
182336 1
155257 1
167805 2
167788 1
069203 2
102376 2
069248 1
102421 1
077132 1
077124 2
077187 1
198890 0
013067 2
123726 1
123736 2
123743 1
176827 0
168076 1
196153 0
276130 0
180591 0
074823 1
167685 1
167686 1
252856 2
252843 1
086196 0
067599 1
185881 0
173060 0
184519 0
064435 1
178296 0
064409 1
152871 1
152910 1
152990 1
109561 2
064841 1
188423 0
124162 1
064914 1
124130 2
124097 1
124135 1
012958 1
169674 1
169687 1
066046 1
083034 2
082869 1
079032 1
076973 1
076974 1
108750 1
070355 1
103528 1
070356 1
103529 1
070389 1
103562 1
064475 1
068308 1
076916 1
076921 1
099038 1
099027 1
099018 1
076961 0
068337 1
064492 1
082658 2
082597 2
124425 1
279180 1
266056 0
171128 1
123391 1
081232 1
015059 1
257002 1
193625 1
193636 1
193621 1
193638 1
193637 1
193746 1
267911 2
267917 2
263808 0
169673 1
174742 2
174739 1
174992 2
174991 2
082087 1
177912 1
066088 1
115027 2
101872 0
005863 0
030649 0
018716 2
183179 1
099605 1
077286 1
077279 2
087843 1
087754 1
090333 2
084935 1
087835 2
068895 0
075854 0
071373 1
104546 1
071360 1
104533 1
071351 1
104524 1
200386 0
066131 2
066166 2
015300 1
183584 1
183557 1
183611 1
000594 0
186852 1
186853 1
153022 1
170337 1
223926 0
182363 1
287271 0
064839 1
065695 1
185092 0
160970 2
160995 1
112991 1
187496 0
021798 0
092976 1
077806 0
064499 1
288776 0
066723 1
150759 1
155665 1
112948 1
197451 0
170154 0
000415 1
130839 1
130800 1
123091 1
117459 0
130835 1
130810 1
150565 1
130808 1
130836 1
000359 1
018198 2
149428 1
130817 1
016844 1
016972 1
130811 1
000320 1
128439 1
016864 1
151170 1
133034 1
222775 1
146663 1
015769 1
016850 1
128151 1
128430 1
130805 1
130831 1
127238 1
123892 1
127536 1
130739 1
130773 1
124010 1
123536 1
000391 1
016188 1
130869 2
150624 1
151090 1
151213 1
016858 1
017179 1
149956 1
168934 1
222653 2
222655 2
127879 1
127825 1
130809 1
000327 1
000354 1
130799 1
124487 1
000325 1
017182 0
124466 1
130837 1
124438 1
124422 2
145836 1
148201 1
148202 2
016566 1
149316 1
000302 1
000323 1
130807 1
130816 1
000304 1
015726 1
123997 1
130852 1
000298 1
130833 1
156197 2
154071 1
000360 1
000390 1
130806 1
000322 1
016987 0
130896 1
130801 1
014506 1
129718 1
000783 1
129869 2
129868 2
129874 1
222739 1
130655 2
130672 2
130628 1
130639 1
130802 1
000356 1
130747 1
130840 1
016841 1
130859 1
130853 2
130850 2
000299 1
130843 2
015580 1
015597 2
000312 1
003165 0
150303 1
222923 1
000326 1
130818 1
147460 1
068019 1
164995 1
151137 2
151133 2
151124 1
168927 1
168926 1
124186 1
066249 0
017086 1
150323 1
016546 1
000431 1
150379 1
152711 2
152713 1
147305 1
000435 2
150087 0
150425 1
150434 1
124015 1
013144 1
124616 1
151602 1
124427 1
016933 1
150908 1
003174 0
150720 1
150985 1
150658 1
150677 2
150679 1
150681 2
150690 1
196181 0
133104 2
133098 2
133118 2
133173 0
124026 1
187334 1
187328 1
065886 1
065865 1
124550 1
124548 2
000353 1
015790 1
152047 1
152057 1
064893 1
012680 0
276204 1
125425 0
124260 1
184877 2
184878 0
095460 0
263682 0
130812 1
000318 0
128349 1
066462 1
149398 1
149400 2
156726 0
000297 1
128248 0
180076 0
124467 1
124470 1
176686 1
176636 1
176649 1
187204 0
175515 1
175446 2
175445 1
175371 1
151413 0
136265 1
085386 1
256381 1
170863 0
176972 1
176980 1
176981 1
176971 1
176984 1
176986 1
176990 1
007938 1
121351 1
176780 1
152720 1
249427 1
178513 1
175367 1
067093 1
067099 1
192796 1
039138 0
167886 2
167928 1
168506 0
184311 1
184304 2
144269 1
078716 0
011048 1
160046 2
160074 1
066802 1
066524 1
289368 1
139588 1
155748 0
114068 1
114210 1
160565 1
114249 1
151379 2
151304 2
151291 2
016824 1
016859 1
182908 2
176632 2
176633 2
176678 2
178332 2
178322 2
178331 2
178458 2
178464 1
016803 0
182260 2
182189 2
172998 1
180230 2
180232 1
183372 1
224475 2
224441 0
130885 1
130899 1
130846 1
007261 0
021587 0
183530 1
187227 1
177013 1
177070 1
006838 1
030552 0
064455 1
120333 1
120293 1
121978 1
009518 2
121979 2
167590 1
167591 1
167585 1
107719 1
173419 1
188295 0
047668 0
173426 1
173496 1
209843 1
210023 1
210320 1
117793 2
117758 1
117792 1
005454 1
120009 1
127607 1
178122 1
178107 2
117577 1
086107 0
192250 0
137552 2
137603 2
006290 1
150766 0
011899 0
000716 0
180159 2
180223 1
152851 1
042401 0
002444 0
164017 0
082974 1
199396 0
152824 1
152833 1
004302 0
179268 1
176324 1
218734 0
218213 1
177196 1
218222 1
124428 1
141194 2
141162 2
141224 2
141234 2
141210 2
284568 1
284548 2
284522 1
221523 0
191253 1
255761 0
200283 0
251938 0
102079 1
102113 1
102115 1
102155 2
102074 1
102027 2
007186 0
152127 1
099971 1
099977 1
125922 0
127591 0
067251 1
071481 1
104654 1
071514 1
104687 1
071482 1
104655 1
071513 1
104686 1
179479 0
155599 1
267709 1
081761 0
288712 1
288721 1
187935 0
064460 1
064459 1
076611 1
210842 1
210827 2
210816 1
000620 0
130847 0
220212 1
015637 1
149620 1
065045 1
019973 2
007401 1
089470 1
124063 1
017336 1
153638 1
080223 0
133129 2
010497 0
118773 0
276940 0
133159 0
070966 0
124615 1
064640 1
173308 0
064878 1
111105 0
124234 1
191910 2
192165 2
017150 0
284672 0
196906 2
196845 1
195702 0
107878 0
243984 0
192166 1
222522 0
052192 0
133623 1
227949 0
123925 1
124248 1
124257 1
064598 1
206885 0
005038 0
064273 1
005963 1
128481 1
128632 2
002230 0
039180 0
138805 0
062499 0
064818 1
187382 1
014590 0
154808 0
031584 0
115665 2
179799 0
162032 2
162076 1
076086 0
151231 1
201768 0
173852 1
182006 2
181990 2
181960 2
201860 2
224488 0
064850 1
285889 0
143610 0
285092 1
285209 1
076316 0
201558 2
192545 0
196783 0
151450 1
151233 1
175542 0
064928 2
124082 1
124117 1
124093 1
134091 1
146942 0
124354 1
124353 1
001323 1
004041 2
124191 1
124145 2
124516 1
124614 1
101448 0
123986 1
078480 1
185055 0
149852 0
123650 1
128446 0
082840 1
082847 1
070104 0
140754 0
037819 0
223730 2
224476 0
046988 0
064599 1
066419 1
082999 1
016948 0
133091 0
263039 0
192309 0
064419 0
087065 0
152501 0
123823 1
064881 1
064900 1
006114 1
066388 1
066332 1
064523 1
064530 1
001597 1
126709 0
065855 1
170877 0
252436 1
009187 0
130821 2
130830 1
069987 0
151952 0
099176 0
184890 0
006451 0
267710 2
267704 2
267701 1
015317 1
125416 1
064785 2
064786 1
127225 0
099255 1
064860 1
176882 2
123878 1
202799 1
202794 0
006698 0
134153 0
142926 0
033571 0
130079 1
130074 1
019849 0
130073 1
064474 1
143462 1
034372 0
154974 0
187508 1
064796 1
182324 0
050892 0
009907 0
206828 0
082238 1
082233 1
289955 1
289969 1
187317 0
065833 1
064908 1
148562 0
123967 0
012257 0
064588 1
064557 1
064590 1
076246 1
147684 0
236491 0
064782 1
173808 2
173809 2
173835 1
279797 0
145787 0
077354 2
077709 1
066656 0
005967 0
124408 1
123968 1
064840 1
124424 2
124432 1
075809 2
076133 1
084024 1
109215 0
124013 0
201610 0
124768 1
124770 1
125177 0
014827 1
125890 1
088349 1
088178 1
088180 1
127090 1
123883 1
123857 0
089271 0
015729 2
130604 0
054313 0
135156 0
064512 1
186569 0
082192 1
011639 0
112682 0
192224 0
082197 1
124395 1
181367 0
040907 0
013250 1
067907 0
287834 0
136219 0
014828 1
125891 1
124255 1
123709 1
124205 1
128322 0
064924 1
114223 0
164663 0
092305 1
092310 1
171254 0
093431 0
124397 1
124392 1
111433 2
111434 1
111432 2
111388 2
111773 1
070882 0
149829 1
124217 1
124220 1
124371 2
124390 1
124384 1
282202 0
252446 1
028681 0
123555 1
124872 0
127089 1
126882 1
071001 0
182414 0
231938 0
124283 1
086867 1
086368 1
232708 1
232707 1
064347 1
082049 1
136316 0
003641 0
044649 0
178101 0
124504 1
196357 0
208151 0
000308 0
155338 1
223600 0
124351 1
124352 1
030973 0
167458 0
146859 0
149794 1
150246 1
150247 1
148289 1
149281 1
134626 1
130160 1
131643 1
131640 1
131641 1
131671 1
017867 1
129194 1
018271 1
128914 1
130720 1
133163 0
017249 1
129633 1
017495 1
129432 1
136240 0
137577 0
151961 1
285754 1
224229 0
139823 0
143586 0
014815 1
125903 1
234952 0
130544 1
000418 1
188246 0
017934 0
091236 0
276308 1
037104 0
033496 0
079268 0
064863 1
000398 1
027100 0
017231 1
128669 2
128525 1
007842 0
151649 0
177039 2
064520 1
123418 1
269823 0
098558 0
177043 1
098456 1
098561 1
098601 1
098458 1
098457 1
098608 2
009345 1
121815 1
268762 0
018023 0
011700 0
064270 0
087216 1
101140 0
000075 0
094878 0
000358 1
130813 1
000319 1
017691 0
087185 0
087004 1
275089 0
124455 1
064619 1
079404 1
079197 1
082617 1
259120 0
127371 0
178741 1
155854 0
124957 0
124330 1
269869 0
221504 1
221525 1
136637 1
025691 0
006314 0
235627 0
081826 1
092040 0
077612 0
024781 0
064468 1
140175 0
192276 0
187855 0
167527 1
167528 1
167529 1
082078 1
082159 1
165939 1
167858 0
093433 0
182516 1
182514 1
182513 1
181942 0
189194 0
000527 1
124349 1
124360 1
131900 1
232370 1
232240 0
197999 0
123700 1
066835 0
189591 0
099024 0
223066 0
124812 0
071706 1
104879 1
153010 1
187625 1
110491 0
257220 0
284956 0
086749 0
241672 1
241659 1
193012 0
064427 1
066153 1
066149 1
066122 1
009392 1
064391 1
221503 0
187186 0
262596 0
126179 1
126721 1
159766 0
257642 0
218147 0
064390 1
064470 0
277469 2
199294 0
015122 0
070305 1
103478 1
070303 1
103476 1
124326 1
287737 0
078078 1
078073 0
077876 0
082918 0
028764 0
230067 0
082120 0
064467 1
124333 1
066137 1
098296 0
192539 0
157242 0
257226 0
066145 1
133528 0
124931 0
219040 2
277206 0
218259 0
126815 0
151165 0
124118 0
038818 0
085891 0
143910 1
162383 1
177605 2
177610 1
143755 1
143214 1
219596 0
133187 0
064768 1
074668 0
192475 1
192476 1
167400 0
074949 0
187358 0
143550 0
030613 0
155432 1
223680 0
182587 2
182596 1
220679 0
058587 0
009870 0
195562 2
189259 1
064526 1
064521 1
178580 0
244762 0
283768 0
124142 1
064917 1
189258 0
001057 0
086850 1
115715 0
235228 0
049909 0
128641 1
128640 0
180994 0
061852 0
086683 1
017980 0
144572 1
144672 1
064485 1
024701 0
232724 1
232722 1
059384 0
100528 0
232764 0
132823 0
177121 0
218837 0
193042 0
077221 1
064683 1
239393 0
232691 1
029469 0
255998 0
011384 2
169302 0
099016 1
099025 1
099032 1
232755 1
064471 1
023630 0
151568 0
099033 1
099030 1
099154 2
035014 0
232721 1
039348 0
124442 1
216711 0
142300 0
229847 0
158450 0
208326 0
036824 0
127546 0
070629 0
124447 1
015200 0
202144 0
068659 1
027179 0
067657 0
257088 0
011263 1
122687 1
124433 1
011314 0
152461 0
063675 0
083144 0
126981 1
051886 0
009891 1
122237 1
147226 0
141955 1
141920 1
126948 0
197811 0
014953 1
125782 1
068459 1
068467 1
064458 0
079993 0
067770 1
120321 0
064904 1
146588 0
109967 0
066338 0
256572 0
124273 0
192392 0
200239 0
061282 0
285753 1
034333 0
250826 1
230504 1
234986 0
009767 0
009395 0
192274 0
064385 0
188537 0
221911 0
112831 0
214197 0
066296 1
065850 1
065907 1
284043 0
054262 0
252243 0
068765 0
188815 1
009974 0
065770 1
013490 0
064671 1
256964 0
122206 0
064560 1
064561 1
097236 0
021677 0
064739 1
117449 0
252830 0
136057 0
099020 0
179212 1
287620 0
135060 1
135042 1
135035 1
135044 1
001265 0
257563 1
075564 1
064879 1
090524 0
122701 1
011317 1
122702 1
010053 0
168396 0
064363 1
064364 1
288898 0
066192 1
098371 0
192169 0
009109 0
010110 1
010078 0
285159 0
192091 0
187696 1
187707 1
227685 0
187653 1
074702 0
024116 0
252665 0
195857 0
064824 1
092126 0
285585 0
099156 0
287866 0
129537 0
016963 1
153567 0
276135 0
170354 1
170355 1
170352 2
189184 0
037129 0
037030 0
064376 1
120269 0
185445 0
002528 1
188064 0
118010 0
276088 0
161596 2
078623 0
102004 0
163928 0
141567 0
230960 0
017807 1
129251 1
064687 1
018429 0
098241 0
038782 0
192651 0
014525 0
143300 2
143268 2
143297 2
144431 2
143200 2
143197 2
219338 1
219463 1
010762 1
187264 0
025305 0
138126 0
149893 0
014418 0
069549 0
004192 0
124216 1
124219 1
065830 1
284825 0
124521 0
000162 0
065868 0
111584 0
124446 0
017828 0
117200 0
107835 0
233012 0
276006 0
253422 0
209570 0
175614 0
257383 0
286968 0
232739 1
232738 1
011345 1
173343 1
010064 0
223108 0
185928 0
113386 1
113389 1
080810 0
031955 0
126351 0
228395 0
154635 1
196090 0
123947 0
100025 0
136167 0
180644 0
098522 0
100336 0
013765 0
092838 0
197744 1
195688 0
027568 0
099724 0
064723 1
018637 0
230470 0
003660 0
069229 1
102402 1
144161 0
155600 1
033138 0
187286 0
124773 0
054173 0
275143 0
120808 0
123987 0
160244 1
161007 1
194570 1
000169 0
065755 0
002485 0
271149 0
157418 0
116372 0
017126 0
116106 0
000882 0
011641 0
033883 0
264611 0
269833 0
185380 0
130022 0
175698 0
224440 0
147027 0
146480 0
066466 1
077880 0
252439 0
127383 0
111418 0
227855 0
117736 0
124141 1
257594 0
161169 0
081171 0
181548 0
125018 1
190192 0
036195 0
159566 0
129480 0
030549 0
000630 0
065655 1
155372 0
128554 0
058516 0
122378 0
025037 0
087881 0
180984 0
029524 0
018016 0
086198 1
217569 0
198885 0
069194 0
127033 0
086134 0
058056 0
079703 0
188612 0
167607 1
167696 2
185989 0
126335 0
030165 0
133806 0
218092 0
201395 0
187524 0
187853 0
004552 0
084304 0
064744 1
060406 0
233088 0
133099 0
069421 0
286608 0
187816 0
155096 1
069017 1
179488 0
108469 0
187262 0
184484 0
157486 0
042567 0
150013 0
052132 0
168181 0
290024 0
167742 0
219928 0
289941 0
135843 0
064448 1
010442 0
036617 0
109018 0
193672 0
127424 0
123048 0
068481 0
227285 0
030212 0
030664 0
256521 0
017870 0
126933 0
003995 0
230529 1
016873 0
024456 0
134357 0
002242 0
092240 0
018915 0
090390 0
090378 0
258509 0
084475 0
188467 0
171314 0
199215 0
280170 0
029526 0
065288 1
002142 0
269602 0
283417 0
119427 0
002365 1
158865 0
164120 0
101076 0
081323 0
223096 1
222956 1
223002 2
258323 0
038014 0
235069 1
222763 1
222718 1
018739 0
226162 1
221377 0
269710 1
274017 1
243565 0
002211 0
274018 1
266735 1
266738 1
243548 1
259583 0
254128 0
225133 0
221400 0
090597 0
183162 1
091919 0
235032 1
285712 0
055476 0
200368 0
181276 0
169618 0
187207 0
199430 0
128449 0
151399 0
123661 1
014809 0
059438 0
112010 0
126929 0
161846 0
126127 0
187379 1
082802 1
082798 1
047562 0
005236 0
074770 0
154575 0
062082 0
187231 0
018989 0
210130 0
015289 1
125446 1
125456 0
125466 0
011647 0
212906 0
137646 0
193250 0
238876 0
187963 0
165636 0
001738 1
204211 0
187666 0
142809 0
285311 0
284979 0
128635 0
203156 1
130886 0
081605 0
199622 0
084994 0
019845 0
259594 0
056307 0
282212 0
210748 0
126198 0
179803 0
018526 0
110524 0
284443 1
087855 1
131189 0
134772 0
042669 0
086470 0
142606 0
118433 0
015362 1
125372 1
287860 1
287867 0
058447 0
014522 0
236547 0
117379 0
253111 0
167953 0
128062 0
126419 0
004701 0
280150 0
064245 0
014096 0
136210 0
021643 0
129515 0
265959 1
209461 1
036728 0
009269 0
161856 0
183524 0
127601 0
124861 0
088893 0
191860 1
191882 1
196509 0
006661 0
227908 0
230114 0
104174 0
152577 0
127917 0
161937 0
123086 2
123088 2
130535 0
018767 0
199768 0
055962 0
284469 0
221524 0
136139 0
189178 0
126467 0
071169 1
104342 1
071231 0
289772 0
288181 0
145160 0
066223 1
126222 0
124839 0
216128 0
154503 0
068031 1
067995 1
104404 0
159791 0
033111 0
049675 0
252448 0
088228 0
068908 0
123057 0
065715 1
066565 1
008458 0
184594 0
230414 0
064465 1
064463 1
069044 0
011698 0
172408 0
042107 0
254440 0
093771 0
191464 0
075164 0
223922 0
149876 0
252770 0
161996 0
082210 2
066580 1
082212 1
069983 1
103156 1
082204 0
288454 0
081273 0
013219 0
202007 0
079445 0
100708 0
192546 0
061261 0
162794 0
015592 0
017332 0
208913 0
077792 0
087175 0
124453 0
085100 0
100075 0
222582 0
150756 0
006105 0
123352 0
127210 0
082211 0
124501 0
270736 0
147029 0
005634 0
069031 0
126483 0
149955 0
278825 0
082762 0
193115 0
029337 0
026469 0
202319 0
016953 1
111143 0
213014 0
156898 1
156888 1
010949 0
161174 1
161219 1
161182 1
126756 0
161173 1
098203 0
166871 1
159778 1
232775 1
194976 0
281168 0
130764 0
124345 0
164756 0
232773 1
167408 1
182487 1
182486 1
156042 1
213048 0
144120 0
187288 0
135445 0
064481 1
182485 2
277454 1
192470 0
189775 0
283786 1
284514 0
271344 0
130043 0
203973 0
168266 0
173327 0
101429 0
049739 0
156853 1
231045 0
258324 0
268969 0
172964 0
024478 0
219602 0
095462 0
154133 0
132125 0
060677 0
071762 0
150541 0
196859 0
165459 0
149583 0
262631 0
180611 0
187342 0
157342 0
220761 0
171828 0
013292 0
008741 1
234025 0
121631 0
041628 0
255752 0
257210 0
123625 0
218509 0
257785 0
221413 0
058645 0
127134 0
193844 0
085772 0
001456 0
235872 0
139414 0
156806 0
243225 0
275274 0
287283 0
137034 0
119683 0
065826 0
126662 0
051757 0
039583 0
135418 0
066337 1
004570 0
056666 0
160023 0
073379 0
187384 0
066227 0
146631 0
233720 0
064447 2
197442 0
146231 0
180773 0
030976 0
268871 0
149925 0
280050 0
092907 0
065831 0
034390 0
098414 0
180990 0
173043 0
014886 0
067412 0
082138 0
156265 1
015665 0
100265 0
079690 0
086456 0
102119 0
000357 0
017036 0
284787 1
113387 0
033801 0
078264 1
078293 0
187197 0
011338 0
028377 0
115585 0
210679 0
211124 0
127708 0
252425 0
187882 0
222812 0
086220 0
185193 0
226828 0
188636 0
099604 0
030620 0
122096 0
285538 0
277973 0
154508 2
231902 1
123978 1
192544 0
078847 1
078489 1
070123 1
103296 1
231893 0
154510 1
274008 0
075042 1
050033 0
190641 0
133238 0
013466 0
130900 0
226520 0
265028 0
099981 0
135114 0
086503 0
069351 0
016666 0
190042 0
110732 0
099979 0
131944 0
233979 0
064615 1
031173 0
057069 0
263213 0
227752 0
113645 0
078023 0
213148 0
006212 0
077930 0
198448 0
119691 0
270881 0
102116 0
056562 0
186448 0
152362 1
152364 0
152368 0
122357 0
076915 2
076919 1
289169 0
000331 1
130814 1
207788 0
224439 0
049956 0
289827 0
287863 0
011893 0
036830 0
127369 0
133449 0
049842 0
236487 0
156068 0
086799 0
192810 0
123796 0
286971 0
009297 1
077144 0
038640 0
068606 0
229985 0
086199 0
035248 0
197749 0
024902 0
009985 0
094085 0
180986 0
078051 0
081606 0
199395 0
086049 0
096574 0
018911 0
197732 0
196270 0
012028 0
037300 0
037098 0
034252 0
179472 1
180588 0
130870 0
081305 0
026107 0
125934 0
164115 0
007552 0
128153 0
214103 0
005754 0
121669 0
201609 0
192207 0
104139 0
077601 0
225187 0
034929 0
092572 0
126416 0
051680 0
194441 0
216832 0
202148 0
126504 0
153153 0
214717 0
239974 0
124102 0
223372 0
078317 0
123582 1
076411 0
132992 0
123571 1
231935 0
155729 0
024745 0
075741 1
114995 0
161091 0
040110 0
152054 0
086510 0
271642 0
123882 0
188392 0
209738 0
020466 0
193394 1
099603 0
162781 1
162747 0
027307 0
193397 1
092282 0
262316 0
187605 1
228549 0
121783 0
200232 1
161863 0
101457 0
079797 1
079770 1
079773 1
079841 0
129853 0
190649 0
024468 0
002980 0
133092 0
082292 0
112210 1
112160 0
049220 0
142414 0
200235 0
276232 0
033495 0
188047 0
071048 0
227944 0
100961 0
000544 0
282155 0
123491 0
199397 0
033502 0
082114 0
274601 0
077699 0
039410 0
098675 0
034327 0
183020 1
183185 1
043791 0
024782 0
108954 0
132133 0
157245 0
197031 0
080794 0
091430 0
086831 0
258780 0
184139 1
184114 1
099206 0
187285 0
286264 0
117160 0
090180 0
097839 0
192910 0
093367 0
222529 0
016200 0
091710 0
147469 0
227622 0
163914 0
187908 0
037810 0
184341 0
059297 0
285166 0
007487 0
187061 0
064827 1
101854 0
285864 1
045181 0
066238 0
242700 0
100173 0
186212 2
124557 0
242755 0
255357 0
182356 0
118328 0
112824 0
267252 0
155381 0
141570 0
219435 0
288453 0
088183 0
187203 0
190725 0
193845 0
241198 0
152416 0
223456 0
218247 0
092656 0
186549 0
021186 0
158216 0
016951 0
151334 0
103160 0
179398 0
177206 0
259235 0
064436 1
064454 1
156810 0
203392 0
003896 0
222142 1
222187 2
221860 0
122811 0
222139 0
210433 0
127847 0
142342 0
120392 0
149860 0
012198 0
130564 0
252244 0
071007 0
217322 0
071350 0
192198 0
237893 0
176278 1
199256 0
049352 0
207326 0
288443 0
170153 0
210121 0
178141 0
066150 1
066146 0
028829 0
075313 0
132121 0
125621 0
066082 0
081659 0
283657 0
138197 0
191202 0
140171 0
157497 0
178475 0
067817 0
082205 0
223258 0
046119 0
018351 0
015082 2
125655 1
032943 0
151317 0
009560 0
236572 0
252983 0
038568 0
049967 0
030778 0
017534 0
081687 0
192389 0
064441 0
157412 0
155778 0
030753 0
201650 0
151422 0
118881 0
064876 0
244780 0
098279 0
086733 0
157267 0
136307 0
064476 1
098234 0
279871 0
130841 1
135961 0
225962 0
078995 0
013352 0
021103 0
269025 0
065876 1
187234 0
158671 0
076483 0
010087 0
197624 0
110899 0
147892 0
187802 0
123884 0
005660 0
007055 1
009026 0
064479 1
102048 0
254143 0
014039 0
098056 0
212447 0
014863 0
257787 0
268869 0
136145 0
023957 0
101258 0
149923 0
119379 0
195152 0
124468 1
061728 0
131774 2
131770 0
100682 0
093131 0
000112 0
144872 0
288961 0
217551 0
282223 0
113082 0
238514 0
230144 0
251351 0
153892 0
222085 0
036198 0
155725 0
070120 0
068984 0
011985 0
147688 0
018603 0
065988 1
223706 0
058550 0
264082 0
113020 0
065891 1
026789 0
090243 0
125909 0
068352 0
102722 0
081873 0
030391 0
162497 0
004968 0
118937 0
221903 0
017457 0
257711 0
181605 0
070169 0
128302 0
137488 0
078435 0
155438 0
064887 1
185185 0
192982 0
126253 0
267865 0
285498 0
162904 0
126614 0
269660 0
242503 0
071498 0
041616 0
121537 0
110095 1
110111 1
133911 1
133917 1
135531 0
079581 1
079139 1
079229 1
122845 1
122847 0
122703 0
079176 1
083163 0
078334 1
136119 1
067683 0
133772 1
133360 2
133350 0
134733 1
133363 1
133352 0
113078 0
135530 1
111662 0
128865 0
137130 0
091976 0
112588 0
128959 0
118906 0
122704 0
082487 0
011799 0
003665 0
090623 0
117467 0
147075 0
130717 0
091865 0
098418 0
144567 0
153512 0
100214 0
136179 0
140834 0
271237 0
152436 0
015725 1
154873 0
219584 0
014507 0
098590 0
162391 1
152813 2
090273 0
149282 0
037062 0
138824 0
124306 0
149106 0
152806 1
152814 1
170617 1
196518 0
196280 0
226734 0
158022 0
177199 0
157249 0
044032 0
289434 0
209414 0
117210 0
167615 0
129880 0
250361 0
086571 0
205619 0
063441 0
130591 0
152333 0
192543 0
116874 0
098227 0
101746 0
183971 0
182565 0
083066 0
027090 0
218746 0
076396 0
197762 0
258392 0
195900 0
067267 0
240584 0
023729 0
268780 0
117845 1
075405 0
152748 0
041653 0
226497 0
183591 0
146397 0
058625 0
112577 0
001445 0
034055 0
004093 0
143746 0
003292 1
256025 1
065640 0
046456 0
040397 0
143612 0
289024 0
123389 0
288873 0
135049 2
233410 0
011538 0
147137 0
066083 1
066048 0
168493 0
066076 0
245013 0
014379 0
122849 0
151210 0
004750 0
240540 0
173728 0
042809 0
017762 0
282213 0
221260 0
228397 0
083384 0
152164 0
226072 0
020797 0
067740 0
124715 0
002731 0
231048 0
217193 0
007765 0
111520 0
157343 0
101890 0
262794 0
018562 0
005891 0
285312 0
142915 0
071012 0
015119 0
132583 0
253878 0
229850 0
163011 0
036903 0
080239 0
098142 0
243291 0
288879 0
287586 0
126349 0
251950 0
088521 0
162242 0
041956 0
276685 0
155863 0
122821 0
122364 0
277248 0
002666 0
268329 0
065821 0
126747 0
192101 0
044687 0
124166 0
005789 0
066140 0
052164 0
233387 0
117105 0
208546 0
253877 0
220654 0
100876 0
255409 0
079776 0
118774 0
003762 0
074442 0
191481 0
018622 0
054598 0
078444 0
128815 0
164198 0
095807 0
194709 0
146944 0
120319 0
283237 0
209018 0
202425 0
079874 0
060118 0
289051 0
259501 0
077666 0
011068 0
019554 0
168930 0
099611 0
209444 0
213076 0
253112 0
086542 0
155998 0
066926 0
175773 0
042038 0
002238 0
006365 0
177706 0
224670 0
036301 1
171031 0
066218 1
131256 0
032022 0
079334 0
102125 0
183066 0
066231 1
066345 1
061419 0
099121 0
199339 1
253249 0
192712 0
108968 0
093006 0
288719 0
065985 1
270061 0
154462 0
152583 0
283734 0
025788 0
100927 0
066001 1
178412 0
064528 1
019699 0
196275 0
126544 0
061309 0
203908 0
082194 0
034549 0
129802 0
018319 0
280168 0
036497 0
087336 0
195021 0
099777 0
163518 0
125941 0
018804 0
241757 0
278836 0
124610 0
021802 0
153249 0
115929 0
070080 0
049713 0
263838 0
208522 0
139296 0
006248 0
117028 0
020233 0
004095 0
098923 0
144398 0
184191 0
129096 0
197466 0
149283 0
043666 0
168446 0
271346 0
170006 0
131487 0
064216 0
077375 0
051696 0
121037 0
187902 0
256022 0
092413 0
218369 0
133937 0
152554 0
180982 0
040514 0
225189 0
016540 0
031524 0
195733 0
075717 0
196187 1
196217 1
196133 1
197585 0
162968 0
284817 0
221502 0
196134 1
250887 0
170214 1
228226 0
095511 0
270171 0
087546 0
288990 0
178860 0
030641 0
172960 0
146766 2
146769 2
018124 0
075773 0
154459 0
008869 0
109512 0
052189 0
202143 0
188259 0
181464 0
131779 0
154762 0
099170 0
164154 2
164157 0
155845 0
161537 0
189573 0
