211696 2
211748 2
181304 2
211698 2
126011 1
014706 1
126010 1
138972 2
120130 1
120139 1
120142 1
120140 1
120156 1
005589 2
120180 2
004783 1
119058 1
011488 2
122751 2
004581 1
118783 1
005575 2
120164 2
120154 2
005599 2
120194 2
009042 2
119613 2
118385 2
004271 2
118408 2
014845 2
125872 2
005834 2
120455 2
120450 2
120449 2
005309 2
119806 2
119786 2
005371 2
119895 2
119844 2
118395 2
118398 2
118397 2
004270 2
118407 2
118393 2
118392 2
005132 2
119543 2
004794 2
119072 2
119071 2
125865 2
130855 2
012509 0
014967 2
125763 2
125764 2
119178 2
119177 0
004273 1
118414 1
118428 1
004323 1
118445 1
087372 0
132770 2
001681 2
001586 2
014848 2
125868 2
001766 2
132773 1
132778 1
001063 2
128168 2
116549 0
131101 2
131021 2
015050 2
125674 2
128545 0
004212 2
118312 2
118709 0
132767 2
118755 1
118751 1
118748 2
118273 2
004727 2
118988 2
118987 2
007481 1
120971 1
120963 1
120968 1
120969 1
120962 1
120960 1
120959 1
123931 1
005130 1
119537 1
004331 2
118452 2
004275 2
118418 2
118409 2
004532 0
118105 0
100189 0
007949 1
121364 1
121363 1
007942 2
121356 2
118284 2
118285 2
118298 2
122760 1
122761 1
122764 1
122769 1
011550 1
122772 1
004676 2
118896 2
118874 2
004682 2
118908 2
130964 1
131017 1
131009 1
131008 1
004575 1
118779 1
137977 1
133397 1
133396 1
133391 1
133481 1
133473 1
002494 1
129996 1
011676 1
011697 1
011763 1
011924 1
129062 1
142570 1
010509 1
119652 1
119651 1
005250 1
119719 1
005340 1
119848 1
119963 2
147869 1
144749 1
144778 1
144716 1
144892 1
119145 2
119136 2
119081 1
119032 1
120040 1
124969 1
124964 1
128440 1
147217 1
004818 1
119096 1
258283 1
172765 1
172766 1
240277 1
240376 1
237275 1
237753 1
163863 1
163859 1
163843 1
155799 0
142011 1
285468 1
285461 1
009549 1
005227 1
119678 1
005177 1
119618 1
010276 1
122605 1
004732 1
118990 1
124241 0
004677 2
118897 2
118878 2
065684 1
065690 0
011850 1
004321 1
118443 1
118412 1
005498 1
120080 1
004531 1
118743 1
004863 2
119154 2
130275 1
118597 1
118589 1
120830 1
120865 1
004422 1
118581 1
005262 2
119732 2
005588 1
120179 1
005497 2
120078 2
120077 2
120172 1
005583 1
120173 1
015180 1
125565 1
120031 1
005467 1
120033 1
120032 1
011740 1
007503 1
120993 1
120958 1
120703 1
007081 1
120677 1
120336 0
001030 0
007227 1
120784 1
011739 1
009747 1
122143 1
118976 1
012464 1
122984 1
125194 1
009903 1
122246 1
009668 0
004725 1
118984 1
118965 1
118967 1
004500 1
118699 1
010221 0
123554 1
118501 2
123525 1
123526 0
006928 1
120542 1
120537 1
005214 1
119661 1
119649 1
119626 1
005180 1
119622 1
011487 1
007556 1
121047 1
118955 1
118948 1
118983 1
118961 1
118898 1
118899 1
118904 1
005477 1
120041 1
069684 0
005570 1
120158 1
118778 1
118787 1
018451 1
128794 1
009342 1
121812 1
005261 1
119731 1
005260 1
119730 1
179748 1
179744 1
179808 1
119107 1
004865 1
119157 1
115485 0
011941 1
118940 0
124036 1
118735 1
118698 1
004525 1
008024 1
121425 1
008003 1
121411 1
001429 1
126306 1
126300 1
112892 2
112884 2
112845 2
112830 2
009054 0
151208 1
151196 1
004909 1
119259 1
005606 1
120207 1
101966 1
018264 1
128927 1
146774 1
004417 1
118574 1
118572 1
118502 0
009601 1
120051 0
123654 1
174037 0
123656 1
119414 0
124743 1
124919 1
124755 1
118932 0
012521 0
123524 1
123503 1
005637 1
120241 1
100853 1
100852 1
100609 1
101974 0
011978 0
123965 1
123970 1
123972 1
123973 1
004514 1
118719 1
009005 0
012508 1
135556 0
124359 0
118657 1
111721 1
111720 1
111712 1
111226 1
271954 1
271953 1
271956 1
124222 1
124310 1
124264 1
005499 1
120081 1
120075 1
120065 1
012128 1
120181 1
004428 1
118605 1
005590 1
120183 1
126789 1
119361 1
004994 1
119362 1
012313 0
120326 1
004896 1
119231 1
005737 1
120350 1
004752 1
119024 1
119019 1
116623 1
116622 0
004991 1
119357 1
119217 1
000863 1
000812 1
017366 1
124182 1
124034 1
004982 0
133008 0
086550 0
121234 0
098859 0
145726 1
007894 1
121318 1
121305 1
004503 1
118702 1
118526 1
011774 0
005832 1
120453 1
005815 1
120431 1
119935 2
068467 0
119193 1
011830 1
100257 0
259688 1
192942 0
237672 1
004897 1
119232 1
124403 1
124478 0
012037 0
114806 0
127093 1
004951 1
119305 1
004707 1
118950 1
131743 1
148818 0
011958 1
122873 1
120949 1
120946 1
007353 1
120888 1
121808 0
011845 1
285303 0
222331 1
222433 1
123232 2
131376 0
131872 1
251045 1
251044 1
005383 1
119914 1
007182 0
121900 1
121909 1
121896 1
011894 0
162456 1
162452 1
015404 1
125335 1
015388 1
007087 0
009012 1
121533 1
009011 1
121531 1
017188 1
149927 1
117131 0
109740 1
109774 1
109108 1
108793 1
108402 1
108286 1
108253 1
086129 1
077917 0
001903 1
005790 1
120399 1
147994 1
147989 1
149471 1
147494 1
147978 1
149585 1
015166 1
252924 1
253238 1
253266 1
253239 0
007337 1
120872 1
159353 1
159634 1
159576 1
159472 1
159474 0
128157 0
123708 1
145646 1
124237 0
118797 0
144652 0
127851 0
117171 1
147587 1
147607 1
264478 1
264482 1
140289 1
119572 1
119576 1
168155 1
134106 1
141018 1
141017 1
141013 1
008472 1
124611 1
012438 0
005818 1
120433 1
120422 1
006845 1
120486 1
120421 1
123224 0
145651 0
010303 1
109519 2
011904 1
122861 1
028580 1
028603 0
259690 1
259692 1
259677 1
259671 1
259673 1
142251 1
223272 1
192007 0
212613 1
152937 0
141906 0
011916 0
101238 0
123635 1
123642 1
123641 1
007153 1
120721 1
120704 1
109568 1
109462 1
253486 1
253585 1
010012 1
006915 1
120529 1
009010 1
121530 1
001184 1
004432 1
118612 1
115409 0
101464 0
067908 1
009959 1
170607 1
222988 1
264813 0
087316 0
176774 1
157130 1
111510 1
054367 1
147687 0
122475 0
117441 0
128060 0
289914 1
090298 0
095442 0
124864 0
009612 1
122052 1
149654 1
175297 0
027344 1
258929 0
123282 1
123242 1
141483 0
122400 0
131873 1
001036 1
079472 1
004816 1
119095 1
075781 0
004720 1
118979 1
059788 0
253434 1
253451 1
201259 0
012014 0
194236 1
032127 1
032125 1
243979 0
039077 1
038806 1
038807 0
062059 1
125280 1
015468 1
125279 1
125281 1
146476 1
146471 1
000713 0
013988 1
146451 1
014020 1
224948 1
224907 1
224908 1
224870 0
126659 1
126811 1
126348 1
126365 1
133260 1
133261 0
125487 1
015264 1
125472 1
136554 1
006807 1
009204 1
009242 1
007661 1
121115 1
227207 1
121718 1
227221 1
227213 1
227224 1
222713 1
243132 1
243791 1
062097 0
189373 1
189449 1
189492 1
171456 0
254593 0
149706 1
015594 1
149750 1
015577 1
149657 1
015612 1
149656 0
015607 0
177604 1
177608 0
150020 1
166046 0
014782 1
125948 1
125950 1
165129 1
165130 1
191565 1
191570 1
191572 1
184751 1
183274 1
289290 1
289288 1
289305 1
289306 1
289326 1
174487 0
135391 0
183280 0
119491 1
278213 0
015111 0
118816 0
064811 1
123599 1
123585 1
113360 1
244210 1
244220 1
244183 1
097488 0
239051 1
239052 1
239039 1
239010 1
239361 1
239362 1
238990 1
194205 0
046042 1
046043 1
046273 1
193345 1
066960 1
066958 1
066968 1
015500 1
125255 1
004942 1
119293 1
000010 1
007344 0
127053 1
128793 0
235759 1
235639 1
125193 0
123754 0
069526 0
012273 1
012468 1
000065 1
000008 1
124745 1
124767 1
124771 1
124975 0
012160 0
071433 1
104606 1
071428 1
104601 1
070528 0
011893 0
052279 1
085622 0
168987 0
122645 1
010358 1
122679 1
011310 1
147077 0
098963 0
096939 1
096914 1
231149 0
204137 0
198485 1
203829 1
122295 1
288492 1
288462 1
288491 1
260343 0
058346 0
123496 1
123470 1
123493 1
005236 1
119691 1
023054 0
007429 1
120942 1
009050 1
121555 1
121554 1
121524 1
125141 0
005831 1
120452 1
120444 1
120443 1
120442 1
120441 1
120423 1
111062 0
141286 0
011751 0
041036 0
053397 0
078797 0
148263 0
221534 1
221535 1
158218 1
161499 1
161498 1
158211 1
158208 1
223253 1
119149 0
257570 1
257571 1
263904 1
157799 0
263999 0
186142 1
182137 1
260616 0
044037 0
094934 1
094929 0
222652 1
222106 1
191172 1
220529 0
143821 1
130284 1
130353 0
166913 1
123711 1
123824 1
123801 1
006926 0
119013 1
119008 1
215450 0
223941 0
223832 0
197538 1
197375 1
197368 1
132861 1
132864 1
002004 1
002015 1
142287 1
142166 1
231082 1
231123 1
132862 1
085898 1
085976 1
121340 1
121339 1
121317 1
121314 1
007990 1
121396 1
121383 1
126005 0
152936 1
052067 0
199477 0
151864 1
149390 1
286169 0
144800 1
144780 1
135200 1
131296 0
140933 0
173379 0
162170 1
162355 1
163861 0
137264 0
120268 0
095319 0
193466 1
017892 0
145583 1
145679 1
145678 1
036470 1
191654 1
164021 1
164027 1
164023 1
191680 0
191099 0
234067 1
243012 0
218897 0
088225 1
088369 1
088424 1
088436 1
088442 1
012516 0
004572 0
233308 0
012163 0
002007 0
225169 1
225166 1
240809 0
195537 1
194019 1
194012 1
195940 1
190039 1
190050 1
124995 1
125187 1
125175 1
124994 0
227239 1
036468 1
011477 0
008941 1
175738 0
019688 0
147122 0
284603 1
284604 1
056144 1
056058 1
055155 0
011991 1
179101 1
179105 1
179110 1
208366 0
077321 0
062099 1
177155 1
140690 1
140711 1
140682 1
008542 1
167652 0
198483 0
009561 1
122010 1
191274 0
175615 0
043676 0
002306 1
257558 1
257555 1
133698 1
133706 1
004617 1
118818 1
118730 1
145286 1
145247 0
143409 1
009049 1
227248 0
153585 1
278081 0
176837 1
176839 1
176844 0
157763 0
199928 1
009083 1
187131 0
257807 1
257817 1
031426 0
128370 1
128246 1
125125 1
125104 1
125126 1
124060 0
144221 0
011985 1
009562 1
122011 1
130110 0
030303 0
262796 1
262808 1
262807 1
262969 1
125693 0
034810 1
034781 1
000752 0
124226 0
265436 1
265395 1
265415 1
048544 0
242843 0
257387 1
257444 1
257445 1
257332 0
184793 1
204214 0
190064 1
190113 1
183055 1
183053 1
190112 1
183056 1
182989 1
183045 1
064380 1
167878 1
167938 1
167939 1
211455 0
009001 1
121518 1
076099 1
076059 1
076009 1
230912 1
230921 1
170195 0
128247 0
075650 1
018071 0
170190 0
029491 1
030002 1
024094 1
010385 1
124904 0
193903 0
230245 1
230204 1
046441 0
088302 1
089654 1
089628 1
007342 0
276696 1
089567 0
130684 1
000342 1
036450 0
169408 0
075977 0
011974 1
127312 1
119365 0
127204 1
127189 1
127188 1
127178 1
115305 1
011709 1
260444 1
260381 1
260412 1
009660 0
118386 1
004263 1
118399 1
260198 1
260153 0
118175 1
118115 1
256383 0
176788 0
124663 0
170197 1
155826 1
155834 1
153013 1
223426 1
223427 1
223267 1
255910 0
015305 1
125429 1
125430 1
162838 1
026464 0
122853 1
175768 0
018256 1
128935 1
009071 0
018619 0
007434 1
120947 1
120934 1
097801 1
100415 1
095631 1
095190 0
127629 0
140899 1
140895 1
225993 0
121044 0
009942 0
111946 0
131474 0
146161 0
017220 0
283688 0
009780 1
122175 1
235017 0
064406 0
182867 1
121095 0
231842 0
186805 0
148588 1
118707 1
000873 1
110024 1
221167 0
007285 0
238615 1
238679 1
239387 1
222371 1
255483 1
080015 0
195202 1
195246 1
075874 0
197334 1
197296 1
197154 0
007005 1
108329 1
194680 1
243518 1
243604 1
243562 1
060447 1
011964 1
095630 0
031225 0
211560 1
211532 0
142562 1
142556 1
095285 0
005092 1
220747 1
220753 0
018250 1
230447 1
230446 1
230435 0
212914 1
258710 0
186859 0
166068 1
166167 1
166256 1
167141 0
118647 1
130820 0
000113 0
227560 1
227441 1
227561 1
227249 0
182121 1
287253 1
135127 0
126612 1
126598 0
010235 0
187639 0
137428 0
011269 1
133837 1
133833 1
133799 1
133787 1
011343 1
116474 1
116657 1
116654 1
116328 0
111315 0
278048 1
278128 1
259964 1
259971 1
108164 0
005415 1
119972 1
007339 1
120874 1
119971 1
119961 1
134664 1
137865 1
137798 1
006338 1
289915 1
154628 1
154647 1
154694 1
136567 1
136621 1
136612 1
155795 1
152764 1
155489 0
135206 1
134894 1
135675 0
139018 1
006653 1
139020 1
145450 0
145045 0
228422 1
006525 1
027545 1
027546 1
001087 1
002992 1
252893 1
236867 1
199249 0
139561 1
139559 1
139617 1
139540 1
081437 1
020169 1
020171 1
020193 1
090210 1
090061 1
004433 0
257946 1
257945 0
095886 1
095852 1
095738 1
095742 1
095617 1
095645 1
266253 0
148008 0
008471 0
053960 0
176654 1
015332 1
125405 1
015335 1
125402 1
125403 1
125414 1
146834 0
015319 1
125413 1
004469 0
115001 1
114994 1
111273 0
148079 1
016613 1
147616 0
031664 1
031677 0
276258 1
276311 1
276334 1
276313 1
178175 1
178442 1
015412 1
125326 1
004385 1
118522 1
034641 1
182710 1
182768 1
182848 1
032178 1
027296 1
034587 0
152880 1
025951 0
034679 1
115079 1
115078 1
153083 1
097016 1
096659 0
037088 1
034543 1
034562 1
086490 1
078934 0
060702 1
060697 1
123264 1
123262 1
145835 1
145839 0
169886 0
082137 0
037087 0
060753 0
017218 1
129659 1
223476 1
223458 1
111541 0
133085 1
017728 0
142932 0
258985 0
227155 0
223478 1
223487 1
010379 1
042208 1
041660 1
042334 1
027047 0
096417 1
113942 1
113936 1
124693 1
014143 1
179433 0
118500 0
150078 0
024458 0
015318 1
125415 1
125417 1
125348 1
125362 1
015389 1
125345 1
125346 1
126191 1
126170 1
000029 0
015225 0
148795 1
285671 0
197426 0
036798 1
017897 0
209602 0
009838 1
122215 1
177843 1
177845 1
177541 0
182221 1
182247 1
064833 0
009864 1
115142 1
115163 1
116621 0
075328 0
060443 1
060341 1
007980 0
028651 0
007813 1
121229 1
005794 1
120404 1
011939 0
119254 0
005200 1
119648 1
119633 1
007085 0
241298 1
241155 1
142207 1
142199 1
008159 1
163417 0
008039 1
121433 1
016434 0
009206 1
119646 1
009243 1
121719 1
134516 0
116329 0
201952 0
153087 0
042558 0
007224 1
057891 1
058008 0
118760 0
051646 0
140898 0
127627 1
128125 1
127595 0
000420 1
086672 1
086361 1
086303 1
152754 1
152763 1
076273 1
076917 1
076913 1
122710 0
082068 0
119707 0
062173 1
062183 0
128070 0
185338 1
185411 1
185414 1
146985 0
005299 1
119792 1
119764 0
169090 1
060984 0
035934 0
077654 1
158077 1
155349 0
121527 0
079441 0
124027 0
004339 0
200804 1
200799 1
200727 1
199905 1
004930 0
064984 0
012548 0
151307 0
010217 0
199898 1
264476 1
264465 1
264602 1
264600 1
264194 1
264182 0
265558 1
265833 1
080017 0
266816 0
010890 0
130627 1
045667 0
132867 1
132818 1
001011 0
009072 1
121579 1
121575 1
260713 0
164124 1
164127 1
064004 1
121559 0
286744 1
286741 1
012102 1
122895 1
014987 1
125741 1
177693 1
177509 1
177778 1
177515 1
177525 1
058929 0
199111 0
186279 1
132116 1
132210 1
132226 1
015269 1
125469 1
070164 1
103337 1
165230 1
165220 1
002755 1
002600 1
002593 1
220078 1
219949 0
126915 0
186041 1
185853 1
149189 0
000910 1
001197 0
202439 1
200342 1
219867 1
219869 1
220160 1
219831 1
219845 0
175635 1
276457 1
219799 0
080349 0
011768 1
285856 0
009965 1
122296 1
128721 0
000076 1
125063 0
102002 0
070071 1
103244 1
017582 0
075353 1
075338 1
005091 0
164948 0
038504 1
037944 1
037997 0
230978 0
146509 1
011181 0
109132 1
109167 1
074799 1
074735 0
001926 0
109032 1
109186 1
017912 1
265064 0
009150 0
171676 0
075962 1
075959 0
067675 1
157562 1
077233 1
280581 1
059466 1
034581 1
077257 1
161522 1
161546 1
161549 1
157279 1
157280 1
111932 0
088433 0
111027 0
146027 0
145223 1
142765 1
143038 0
269007 0
221996 0
096498 0
114208 0
180843 1
180841 1
180888 1
180487 1
180472 1
180478 1
180678 1
180683 1
145246 1
119747 0
124485 1
067168 0
032115 1
032110 1
071969 0
171403 0
001806 0
120169 0
286936 1
286954 1
256713 0
108297 1
108393 1
108289 1
108368 1
195553 1
195554 1
195541 1
192636 1
186807 1
145947 1
145954 0
127626 0
124204 1
124261 1
195934 1
195557 0
109221 1
109081 1
009078 1
121586 1
011552 0
243929 1
108946 0
133594 1
121906 0
065180 1
065161 1
037432 1
139926 0
010568 0
234409 0
018081 1
134270 0
017818 1
000115 0
260122 0
153584 0
133172 0
133572 0
074426 1
107599 1
072277 1
105450 1
018520 1
063325 0
007792 1
007817 1
121233 1
075571 0
122979 1
027889 0
192947 0
162025 0
137113 1
137097 1
136346 1
136338 1
135649 1
136328 1
135637 1
135321 1
163288 1
135298 1
135283 1
163321 0
231124 0
048970 0
159480 0
140722 0
115476 0
163382 0
018499 1
097186 1
097185 1
018013 1
134232 0
182666 1
182670 1
125072 1
111808 1
111100 0
176119 1
182700 0
176165 1
176176 0
052276 1
125703 0
188153 0
066419 0
041866 0
120668 0
163563 0
144645 0
130095 1
162689 0
063109 0
017753 1
018165 1
145611 0
148808 0
242712 0
155830 1
290080 0
272768 0
190348 0
033110 0
124880 1
124916 1
124881 1
124819 1
124854 1
011293 0
064110 0
148220 0
004877 2
119181 2
112106 0
067142 1
067123 1
280203 0
120878 0
244982 0
148229 0
258005 1
168040 0
132802 1
132732 1
132746 1
260304 0
011346 1
016433 1
001493 0
258002 1
280013 1
280020 1
148730 1
148709 0
174501 0
154832 0
017429 1
017378 0
010102 1
280004 0
122404 1
152221 1
152222 1
018803 1
029979 1
241646 0
126077 0
182147 1
062582 0
001231 1
147615 0
000411 1
012294 0
112148 1
121221 0
051805 1
051806 1
051828 1
200783 0
158314 0
001427 0
005219 1
126201 0
064553 1
055254 1
134051 0
119132 2
090438 0
205383 0
040689 0
000521 0
120713 1
120694 1
060619 0
025957 1
025942 1
220589 0
242420 0
243379 1
243372 1
186790 1
186800 0
152768 0
169409 0
018174 1
128981 1
081120 0
116614 0
128477 0
243396 0
125901 1
125889 1
125002 1
015128 1
125611 1
128610 1
032527 0
278964 1
288037 1
288039 1
125001 0
125613 0
240013 0
128469 1
128611 1
000134 0
129395 1
129341 1
129398 1
129343 1
123020 0
203943 0
123890 0
141844 1
141785 1
141790 1
040325 1
174920 0
253225 0
069502 0
155482 1
155486 1
161783 0
100716 0
145851 1
145865 1
145892 1
007266 1
120811 1
007132 1
120712 1
120695 1
007080 1
120676 1
005826 0
120439 0
174437 0
078872 1
131024 0
111665 1
071035 0
012148 0
035231 0
118942 0
137443 1
018178 0
174848 2
174836 1
128860 0
203148 0
179849 1
244933 0
109225 1
109224 1
124532 1
139016 1
138961 1
139019 0
238899 0
116302 1
007145 0
199964 1
199955 1
283439 0
031274 0
119497 0
112198 1
112153 0
169724 0
241813 0
118498 0
064356 0
288376 0
141340 0
119343 0
005833 0
183627 0
195666 0
016375 1
016345 1
148604 1
149949 1
150010 1
150048 1
150069 1
150086 1
018735 1
148563 1
164145 0
079754 0
126591 0
122088 0
125145 0
171187 0
009452 0
227250 0
121176 0
091265 1
168809 0
256682 0
021994 0
111197 0
157800 0
196958 1
220313 1
221711 1
121150 1
222309 0
079758 0
155314 1
159754 1
154722 1
154743 1
143084 0
194679 0
197681 0
153363 1
151494 1
155789 1
155790 1
154774 1
154779 1
159863 1
159814 1
159937 1
166677 1
166669 1
141336 0
176028 0
136552 0
222449 0
002288 1
147017 1
145765 1
113405 0
257524 0
155801 0
036160 0
148593 0
150003 0
241303 0
017380 0
028011 0
147362 0
145832 0
026754 1
225856 1
225815 1
226009 1
226015 1
225708 0
109429 0
148136 1
147153 1
147146 1
000582 1
160401 0
130186 0
147955 0
148632 0
140956 1
140959 1
140948 1
156485 0
004703 1
118941 1
018120 1
129031 1
017932 1
145220 1
155679 0
141363 0
140902 1
046174 1
046107 1
152938 0
004431 0
231129 0
001564 1
201805 0
058097 1
058120 1
091576 0
100914 0
145268 0
285574 1
285563 1
168219 1
124774 1
124765 0
059437 1
224647 0
127398 0
275985 0
124361 0
178600 0
126332 0
151403 0
077942 1
077934 1
077914 1
078849 1
078830 1
078787 0
084170 0
000522 1
004634 1
118839 1
118836 1
118819 1
118741 0
003753 1
221842 0
123548 1
123547 1
007672 0
005469 1
120037 1
003670 0
120036 0
194676 1
262123 0
052043 1
116174 0
098388 1
050198 0
288783 1
288765 1
007512 0
098350 1
052048 1
051989 1
060940 1
060896 1
060945 1
026133 1
144043 1
144037 0
011501 1
000675 1
130046 1
051987 0
120877 0
066157 1
100059 1
080076 0
142488 1
010452 1
065178 1
273061 1
273065 0
060289 0
007585 1
121069 1
164139 0
157075 0
139601 0
005572 0
088688 1
088687 0
008645 0
099113 1
099142 1
143976 1
182698 1
090393 0
226232 0
108462 1
108448 1
194471 0
015235 0
007983 0
159860 1
159869 1
159911 0
159914 0
182733 0
149800 0
000578 1
130523 1
000575 1
130528 1
130117 1
000843 0
038636 1
055534 0
006307 0
009858 0
097645 0
006083 1
006102 1
121556 1
129030 1
018119 1
139059 0
163385 1
163420 1
159684 1
084156 0
212835 0
008329 0
289481 0
001449 0
278215 0
053122 0
273117 1
250251 0
165583 0
131478 0
175646 0
026544 0
165183 0
109556 0
160869 0
008369 1
124749 0
014901 0
184689 1
170191 0
101665 0
147054 0
062102 0
066890 0
124553 0
151366 1
082736 1
082703 0
150215 1
150223 1
168218 1
157937 1
157994 1
157966 1
169507 0
081593 0
147375 0
120425 0
144362 0
013133 0
081667 1
090645 0
185807 1
285313 0
004859 1
119150 1
138474 0
155675 0
165248 0
005135 0
004858 1
119148 1
081603 1
081742 1
221790 0
126362 0
124724 0
148726 0
150887 0
076420 0
119133 1
086675 1
086362 1
086337 1
035258 0
219947 1
004462 0
014923 0
130114 1
157980 1
037797 0
075014 0
136521 0
195133 1
195121 1
066644 0
152346 0
117130 0
005077 0
254039 1
254025 1
229909 1
231117 1
014738 0
275796 0
124979 1
108555 0
130341 1
004624 1
118826 1
009786 1
279104 0
009603 0
017924 1
017997 1
255378 1
255383 1
255384 1
255385 1
256784 1
257575 1
255331 0
255327 0
255332 0
028099 0
100313 0
255288 0
176838 1
176848 0
080813 1
015465 1
125282 1
125297 1
081188 1
082582 0
152106 1
152111 1
018774 1
144627 0
113692 0
071136 0
121004 0
200050 1
199322 1
199325 1
023900 0
127656 1
127652 1
015307 1
125426 1
125427 1
277287 1
074919 0
191703 0
009431 0
150143 1
150096 1
070655 0
242872 1
085484 1
085528 1
085485 1
085615 1
085598 1
085745 1
085781 0
085861 1
085872 0
230415 0
231560 0
024475 0
125620 0
186917 0
070261 0
138975 0
111824 1
111800 0
064500 0
084931 1
087526 0
288975 0
007178 1
120744 1
007061 0
120659 0
278406 1
278408 0
118442 0
186801 0
087311 0
036456 0
028965 0
064745 0
008536 0
225621 1
225613 0
169029 0
017862 0
125716 0
032542 0
131755 1
131750 1
131740 1
162713 0
102034 0
254571 1
254565 1
011888 0
006577 0
127226 0
244017 0
065638 1
020462 0
170166 0
017531 1
074672 0
231315 0
232876 0
131288 0
225705 0
131217 0
170878 1
157017 0
091542 0
170806 0
143507 1
090372 0
017413 0
101081 0
008934 0
163384 0
201299 1
069678 0
228382 0
174450 1
157935 0
174543 0
119601 0
183095 0
120693 0
067971 0
040307 0
145703 0
287586 0
147205 0
150085 0
185745 0
169252 0
109762 0
095479 1
094183 0
171672 1
161550 0
050196 0
129658 0
160870 0
083151 0
221435 0
018496 0
142414 0
082462 0
045499 0
124740 1
012656 1
007678 0
097420 0
043446 0
075393 1
065194 0
102675 0
076007 0
175627 0
257934 1
147650 1
270928 1
154833 1
154859 1
257298 0
000260 0
027360 0
058369 1
009941 0
257930 0
030839 0
180380 0
089884 0
233294 1
145085 0
168465 0
250310 0
151317 0
237505 0
241652 1
082079 0
231987 0
150191 0
058387 1
087539 0
204353 0
018603 1
128706 1
058416 1
058463 1
241736 0
112140 0
101066 0
076742 0
123724 1
178576 1
151026 0
078186 0
007289 0
030197 0
143000 1
142603 0
069528 0
180250 0
125519 0
131312 0
014575 0
127470 0
243847 0
260184 0
085029 0
122012 0
004482 0
004696 1
007335 0
098876 0
161841 0
182586 0
079225 0
027685 0
145837 0
122992 0
151981 0
097092 1
082118 1
018585 0
009048 0
135559 0
005199 0
078764 0
009872 0
136308 1
136236 1
136508 0
285294 0
004601 0
169936 0
120750 0
050794 0
088677 0
114585 0
191533 0
244983 0
006553 0
086147 0
016221 0
280886 0
094121 0
011340 0
095660 0
086504 0
069988 1
103161 1
136938 0
076038 0
178042 0
045660 0
152943 1
010264 0
240783 0
152934 0
284585 0
228531 1
228592 1
228536 0
148977 0
130819 0
140116 1
140066 1
140067 1
008705 1
101840 0
202452 0
130274 0
089860 0
023592 0
108557 1
108333 0
140437 0
114945 0
076800 0
015158 0
079428 0
114765 0
006583 0
081148 0
152986 0
132807 0
170196 0
155806 0
060615 0
122079 0
257522 0
122206 0
275235 0
140759 0
007341 1
120876 1
007031 1
120635 1
120525 1
007347 0
120880 0
036465 0
081579 0
237907 1
239386 0
237916 1
237901 1
237915 1
121384 0
161485 0
012694 1
014313 1
080518 1
080510 0
120472 0
169430 1
169449 0
052046 1
051988 1
108153 0
262129 0
051802 1
051798 0
176638 0
101911 1
051949 1
161551 0
227831 0
005014 0
018088 0
179181 0
275937 0
144341 0
282401 0
202022 0
010218 1
018033 0
194401 0
156526 0
004370 1
264395 0
001018 0
096618 0
130070 1
130076 1
130078 1
033334 0
220801 1
220485 1
220434 1
220757 1
220756 1
110820 0
017885 0
249502 1
249592 1
062093 0
155967 1
155959 1
155928 1
156004 1
156008 1
155953 0
155929 0
019682 0
123977 0
143439 0
285360 0
025092 1
156735 0
227141 0
127535 0
027362 1
006892 0
171009 0
193445 0
103701 0
231151 0
034651 1
032938 1
074622 1
111026 0
078806 1
035994 0
111918 0
163566 1
268813 0
077678 0
163634 0
164794 0
133244 0
128703 0
202226 0
077976 1
086161 1
086186 1
090647 0
060372 0
086222 1
002870 0
087318 1
150167 0
011804 0
050374 0
064915 1
065078 1
065085 1
065158 1
064909 1
064795 0
065173 0
086248 1
064695 1
118777 0
130463 0
085824 1
085956 1
140894 0
065172 0
196660 1
196667 1
164793 1
164144 0
158737 0
088557 0
057926 0
099593 0
067434 0
077918 0
074539 1
074531 0
065041 0
049898 0
192010 0
006803 0
006893 1
007032 1
007348 1
120526 1
120636 1
120881 1
118795 0
078472 0
146691 1
146849 0
216634 0
124251 0
146743 0
046453 1
089596 0
259168 0
160529 0
097799 0
059042 0
030142 0
129529 0
068792 0
152168 0
050478 0
009161 0
120214 0
035815 1
035837 1
125230 0
124378 1
124287 1
279672 0
125180 1
126881 1
129664 0
258631 0
130121 0
014824 1
125892 1
125920 1
277439 0
043744 0
123869 0
180613 1
163215 0
234049 0
025482 0
203862 0
175520 1
117112 0
080237 0
172251 1
000611 1
090264 0
120717 0
085925 0
080618 0
243981 0
131384 0
155794 0
109942 0
141231 0
170176 0
135323 0
227265 0
000306 0
124746 0
097208 1
097128 1
097207 1
156311 0
078165 0
145619 0
158348 0
143369 0
232577 0
119391 0
066784 0
037860 1
037906 1
037821 1
037802 1
037801 1
037888 1
037928 0
037815 1
038925 1
061881 0
149655 0
127444 1
152621 0
180659 0
118929 0
042213 1
009009 0
127893 0
001141 1
131586 0
146608 1
072347 0
179432 0
069632 0
017495 1
129432 1
017867 0
096605 1
122872 0
253833 0
095515 0
015387 0
096436 0
123590 0
102851 0
009873 0
011755 0
154598 0
054426 1
025295 0
157434 0
152881 0
032833 0
125969 0
011701 1
054476 0
079483 0
011655 0
129294 0
145780 1
075858 0
244997 0
155495 0
146916 0
009849 0
123440 0
007744 0
001158 0
132728 0
144327 0
253083 0
041480 0
222828 0
004966 1
119329 1
119548 0
119542 0
147502 0
009451 0
150403 0
125579 0
012517 0
051444 1
289511 1
289517 1
286758 1
028065 0
097380 1
014904 1
125821 1
017507 1
129423 1
129424 1
129435 1
227893 1
227885 1
290059 1
018095 0
155689 1
199911 0
004633 0
119286 0
227975 0
052085 0
074626 0
221268 0
188412 0
141851 0
283750 0
141300 0
157767 0
122541 0
004349 0
027892 0
227228 0
110268 0
259723 1
259724 1
126805 0
128756 0
119312 0
129750 0
118801 0
130241 0
213295 0
209349 0
068151 0
096553 0
160980 0
261576 0
230645 0
167740 0
026070 0
113434 0
130828 1
018437 0
256379 0
131314 1
194282 0
068459 0
150022 0
009683 0
063307 0
216604 0
240821 0
042543 0
280002 0
051329 0
276833 0
129344 0
131301 0
101415 0
144352 0
000283 0
285288 0
037378 0
011878 0
128239 0
088395 0
231569 0
042516 0
100317 0
109082 0
142563 0
137533 0
044608 1
044604 1
149959 0
077923 0
113355 0
166552 0
085291 1
045228 0
045229 0
179097 0
130403 0
047415 0
078390 0
187912 0
148001 0
044079 0
134251 0
143977 0
027443 0
028632 0
168228 0
010179 0
240938 1
205379 0
119393 0
193015 0
186778 0
009845 0
124045 1
124079 0
216381 0
120043 1
038535 0
288546 0
125521 0
147337 0
012178 0
005479 1
028963 0
005079 0
058740 1
124126 0
176219 0
124236 0
060713 0
146899 0
102699 0
016486 0
170670 0
109346 0
286330 1
286476 1
228764 0
146159 0
108228 0
143085 0
044676 0
173007 1
173008 1
173022 1
173028 1
058472 1
124873 0
051843 0
167414 2
167430 1
167457 1
168484 0
125505 0
285601 0
186860 0
288900 0
125092 0
272825 0
288704 0
174535 0
120535 0
215202 1
215199 0
041955 1
041926 1
041891 1
018413 0
034478 0
182911 0
124540 0
135059 0
212060 0
193848 0
000789 1
198998 1
197600 1
199002 1
199008 0
125595 0
127712 0
186866 0
041521 0
268617 0
066533 0
107858 0
141927 0
070178 1
103351 1
070344 1
103517 1
070302 1
103475 1
070265 1
103438 1
071049 0
071050 0
216787 0
104223 0
009839 0
071168 0
005220 0
069173 0
153439 0
155428 0
262965 0
079726 1
126501 0
064361 1
041219 0
009783 1
226177 0
178132 0
075268 1
060633 0
007558 0
202021 0
007737 0
031760 1
038931 0
081165 1
131610 0
110638 1
144379 0
263302 1
225994 0
263303 1
005015 0
133010 0
037996 0
061839 0
281242 0
168388 0
005650 0
022410 1
135331 0
110859 0
088472 1
088502 1
088477 1
224327 0
066832 0
278405 0
113401 0
258849 0
215358 0
191355 0
118469 0
129527 0
250921 0
075783 0
264818 0
071042 0
137095 0
069527 0
151725 1
009890 0
103828 0
122537 0
256380 0
089745 0
069674 0
078082 1
151705 0
080740 0
150173 0
082074 0
200802 0
134361 0
139575 0
130861 2
090665 0
138537 0
129691 0
160918 0
067134 0
075059 0
177805 0
040858 0
010149 0
131300 0
261478 0
188955 0
169920 0
146697 1
114580 0
131594 0
169733 1
169736 1
169800 0
169801 1
180027 1
169825 0
180034 0
134240 1
134193 0
261719 0
007474 0
129194 0
014042 0
019557 0
136536 0
173881 0
005813 0
155640 0
155664 0
163553 0
018111 0
153691 1
153718 1
153645 1
079536 1
004625 0
115478 0
006712 0
019430 0
195315 0
194469 0
113190 0
083865 0
078987 0
175334 1
175355 1
175259 1
175217 1
188924 1
188929 0
188925 0
149795 0
037148 0
272755 0
081744 0
176031 0
120454 0
069992 0
124030 0
175679 0
086588 0
162026 0
088303 0
079028 0
115395 0
005460 0
090384 0
230451 1
043489 0
180049 0
170104 0
020374 0
131491 0
139068 0
185794 0
155788 1
130967 0
166248 0
010175 0
148264 0
168029 0
153953 1
153986 0
118650 0
151404 1
151407 1
016545 0
014785 1
125944 1
146821 0
007431 0
148580 0
234710 0
155984 0
000524 0
011649 0
023732 1
023591 1
015304 0
147847 1
151688 0
196244 0
032114 0
009735 0
062199 1
061358 0
238909 0
182786 0
227120 1
151370 0
242725 0
178426 0
130187 0
010934 0
128697 0
274954 0
127434 0
004594 0
039273 0
159481 0
121000 0
126008 0
059888 0
180070 0
007144 1
120716 1
145846 0
168229 0
005683 0
011959 0
011134 0
059324 1
059319 1
011330 0
104341 0
051762 0
051908 1
051901 0
051848 0
051815 0
072650 0
258711 0
162682 0
034278 0
075936 0
154180 0
036217 1
036352 1
058037 1
057900 1
058234 0
062665 0
075394 0
194377 0
256692 0
075015 0
170420 0
074551 0
115814 0
288192 0
119479 0
004837 0
183932 0
122053 0
051824 1
010461 0
030395 0
163041 0
077944 0
177410 0
099525 1
099428 1
097793 0
253248 0
063000 0
064095 0
127953 0
258630 0
155761 0
243078 0
061264 0
184770 0
043487 0
143803 0
146475 0
223254 1
150144 0
230778 0
126911 0
116014 0
158322 0
192720 0
168996 0
011989 0
075021 0
261921 0
194352 0
101894 0
152284 0
168391 2
168395 0
058278 0
062455 1
069682 0
052621 0
081113 0
177548 0
059873 0
185752 0
196779 0
012704 0
198958 1
198955 1
234020 0
282068 0
198961 0
198953 0
222535 0
101808 0
093907 0
139595 0
102346 0
038659 0
140913 0
186101 0
104215 0
118658 0
045230 0
012652 0
264155 0
108800 0
116736 0
050051 0
161816 0
031515 0
124560 0
029788 0
180383 0
070474 0
233916 0
159269 0
140892 0
051485 1
090719 0
220610 0
044530 0
082701 0
009244 0
028213 0
118938 1
087701 0
104309 0
007336 0
124250 0
231308 0
117058 0
050234 0
025874 0
125457 0
007387 0
287406 0
203881 0
111233 0
093779 1
150134 0
038132 0
145227 0
003738 1
222648 0
132227 0
028720 0
127914 0
221782 0
164341 0
116171 0
121642 0
098430 0
195797 0
096423 0
115317 0
268793 0
037796 0
198393 0
078878 0
002559 0
164241 0
220746 0
204364 0
147767 0
069472 1
102645 1
230268 0
104208 0
128494 0
287360 0
023547 0
001543 0
122725 0
018502 1
044302 0
028648 0
063960 0
018621 0
086275 0
012980 1
051772 0
120257 0
021147 0
146582 0
138450 0
110932 1
110927 1
260173 0
151341 0
182594 0
110815 0
111183 0
078645 0
110858 0
007694 0
064351 0
157726 0
103434 0
287620 0
143498 1
143456 1
086090 0
065181 0
240914 0
215787 0
042544 1
042530 1
042492 1
042460 1
042468 1
042475 1
019079 0
010714 1
228150 0
175676 0
163142 0
016041 0
124046 0
111191 0
167213 0
125229 0
103646 0
124741 0
045686 0
018128 0
226144 0
063327 0
282535 0
075058 0
138804 0
113527 0
289258 0
222336 0
140115 0
129086 0
144625 0
258552 0
063703 0
121887 0
016166 0
122570 0
111192 0
053290 0
147677 0
102847 0
016587 0
186265 1
286539 0
004411 0
019217 0
186289 0
076696 0
000046 0
019820 0
001002 0
110061 0
018513 0
118611 0
133882 0
185151 0
018434 0
227334 0
195670 0
069636 0
044443 0
147126 0
234754 0
160827 0
150882 0
065030 1
188331 0
193000 0
017970 1
061596 0
101733 0
147941 0
001140 0
144942 0
255873 0
090229 0
017289 0
255205 0
010826 0
286356 0
067406 0
282612 0
124867 0
254653 0
084948 0
051850 0
039225 0
108217 0
108060 0
094566 0
128714 0
254196 1
252410 1
132485 0
116331 0
261777 0
087314 0
288695 0
163342 0
102701 0
082583 1
077940 1
258285 0
037059 0
124736 0
285287 1
077954 1
077957 1
285207 1
079459 1
079681 1
079686 0
079458 0
077652 1
077661 1
077576 0
079438 0
266257 0
104222 0
147048 1
147070 1
163388 0
082923 0
200385 0
072913 0
131297 0
128009 0
027300 0
102081 0
035232 0
125218 0
129346 0
120748 1
120747 1
146309 0
141695 0
195305 0
065084 0
146945 0
159016 0
144885 1
126313 0
001807 0
144374 0
222307 0
282092 0
271594 0
200206 0
176901 0
085818 0
203159 0
035933 0
172894 1
031859 0
229910 0
122713 0
126100 0
124580 0
012104 0
150343 0
090513 0
134459 0
102855 0
144196 0
235500 0
216021 0
122876 0
149918 0
028627 0
125975 0
120160 0
275986 0
177999 0
069993 0
139104 0
225381 0
161985 0
109451 0
101816 0
121122 0
151922 0
120680 1
120470 0
009008 0
124906 0
006487 1
007079 0
155502 0
140890 0
018630 0
027688 0
074992 0
061227 0
167221 0
010294 0
036299 0
131486 0
071687 0
157344 0
171720 1
004216 0
099571 0
288344 0
177166 0
125523 1
125522 1
171677 0
125532 1
244969 0
115408 0
268792 0
007139 0
037138 0
275238 0
005326 0
123035 0
124252 0
171180 0
014966 0
135511 0
000404 0
111266 0
000949 0
258977 0
215993 0
145435 0
121168 0
084648 0
285467 0
090203 0
199713 0
145706 0
275784 0
005663 0
242222 0
197387 0
155665 0
039143 0
139470 0
067353 0
077044 0
125041 0
080895 0
015331 0
234121 0
147012 1
146989 1
146975 1
146976 1
146990 1
147013 1
146890 1
153782 0
005829 0
135330 0
165280 0
146874 1
146889 0
146870 0
100910 0
158375 0
150171 0
145455 0
156349 0
151792 0
009586 0
098459 1
165292 0
148455 1
261428 0
184264 1
184301 1
184273 1
184269 1
184228 1
078235 0
008045 0
010313 0
167222 0
123146 1
123150 1
123036 1
157785 0
064718 0
086549 0
169000 0
009884 0
060395 0
118483 0
147034 0
089471 0
134669 0
201645 0
007930 0
191636 0
275859 0
041166 0
129024 0
237586 0
011446 0
148435 0
132014 0
094463 0
181732 0
142227 0
253019 1
044988 0
186176 0
241743 0
079953 0
196671 0
128017 1
260823 1
143391 0
128626 0
052186 0
034317 0
123718 0
268644 0
122224 0
033549 0
057925 0
277814 0
011091 0
111064 0
035264 0
217076 0
012281 1
024176 0
048427 0
089044 0
007633 0
197183 0
244395 0
135409 0
035597 0
012349 1
122956 1
135096 0
111222 0
155594 0
139074 0
219483 0
078527 0
150545 0
111767 0
108079 0
028499 0
019644 0
126650 0
037798 0
173158 0
220557 0
181307 1
138530 0
014723 0
180382 0
128489 0
133009 0
201399 0
132743 0
256689 0
243801 0
200805 0
005251 0
151987 0
117159 0
127903 0
231983 0
128976 0
017143 0
133025 0
217851 0
258491 0
006759 0
234027 0
076255 0
075643 0
272606 0
046437 0
052069 0
205342 0
225650 0
164255 0
132199 0
045031 0
012377 0
076958 0
119544 1
121049 0
011862 0
120445 0
124233 0
009485 0
002568 1
071091 0
002548 1
024095 0
119647 0
128755 0
118434 0
036035 0
232885 0
004825 0
005017 0
146973 0
198417 0
146401 0
000339 0
145971 0
121403 0
122473 0
040134 0
090561 0
079863 0
125823 0
179449 0
101736 0
090515 0
061087 0
261722 0
141287 0
197280 0
077479 0
118838 0
034410 0
148222 0
012698 0
060789 0
182472 0
074529 0
123494 0
018271 0
018610 0
271635 0
012057 0
017309 0
046162 0
087382 0
118569 0
010157 0
009654 0
220752 0
075115 0
141285 0
283749 0
115463 0
115167 0
002136 0
129531 0
120199 0
114755 0
102857 0
178750 0
009148 1
205346 0
243589 0
244963 0
032736 0
075104 0
009928 0
159002 0
259719 0
226178 0
231561 0
019554 0
121899 0
030256 0
059037 0
256384 0
009620 0
264831 0
168596 0
073173 0
074613 0
240010 0
120831 0
163071 0
102014 0
155729 0
043183 0
040166 0
121516 0
125431 0
007818 0
143957 0
071496 0
059752 0
254194 1
215442 0
130546 0
081109 0
028304 0
188064 0
121652 0
110742 0
078676 0
283752 0
125254 0
230925 0
253277 0
001780 0
122487 0
264459 0
017727 0
079725 0
133155 0
101099 0
012284 0
202462 0
124031 0
148800 0
040146 0
096639 0
102805 0
120869 0
044290 0
003055 0
258671 0
170202 0
018998 0
232097 0
262856 1
131000 0
118686 0
156477 0
214488 0
238884 0
244968 0
090231 0
149962 0
123420 0
146077 0
032925 0
075373 0
259711 1
142096 0
111272 0
166858 0
009098 0
075436 0
040850 0
120274 0
146752 0
108321 0
124734 0
055728 0
014065 0
160552 0
203873 0
109920 0
187786 0
017079 0
169304 0
016632 0
075864 0
122059 0
090151 0
140542 0
093743 0
128644 0
009439 0
155682 0
155011 0
224331 0
120446 0
269446 0
002295 0
000162 0
119114 0
129980 0
162070 0
252948 0
064910 0
034908 0
076697 0
250276 0
017698 0
174489 0
177806 0
115481 1
070945 0
017525 0
123843 0
099408 0
086878 0
124244 0
189998 0
226975 0
123483 0
130492 0
025912 0
149821 0
121885 1
196069 0
079548 0
082846 0
230748 0
127338 0
115991 0
231523 0
112894 0
004264 0
176256 0
091546 0
134192 0
078565 0
021770 0
064407 0
009550 0
135328 0
069680 0
153390 0
170203 0
149973 0
165111 0
125207 0
195294 0
129200 0
120332 0
119396 0
102006 0
120473 0
128808 0
218388 0
090323 0
184988 0
142890 0
227058 0
231053 0
138979 0
288737 0
122724 0
227797 0
161984 0
123021 0
202019 0
109329 0
118670 0
079532 0
037466 0
088558 0
287757 0
012822 0
134446 0
174092 0
090636 0
024030 0
120910 0
231303 0
046039 0
081233 0
103166 0
118792 0
222556 0
141586 0
168372 0
010038 0
144816 0
073429 0
172832 0
129047 0
272988 0
042486 0
228912 0
119073 0
127372 0
276092 0
187337 0
231467 0
072216 0
180933 0
011499 0
070395 0
118974 0
205364 0
147081 0
017449 0
131214 0
196683 0
029682 0
145800 0
142828 0
197333 0
211444 0
036098 0
126497 0
003447 0
029112 0
131492 0
079191 0
116015 0
095736 0
079289 0
217311 0
122075 0
018398 0
042665 0
122222 0
008022 0
119600 0
007378 0
143432 0
147293 0
155319 0
146208 0
119340 1
119339 1
133631 0
078909 0
062583 0
217676 0
069679 0
121529 0
097566 0
118316 0
119309 1
198219 0
005190 0
004556 0
065037 0
123875 0
243760 0
084641 1
084642 1
084683 1
084704 0
083705 0
084669 1
084697 0
084698 0
241022 0
078850 0
028618 0
127686 0
006364 0
272832 0
066395 0
102700 0
140914 0
030204 0
007854 0
119390 0
124056 0
121723 0
163567 0
012369 0
145406 0
132981 0
024005 0
021371 0
119394 0
136855 0
064725 0
199531 0
108279 0
188335 0
102852 0
119668 0
078455 0
261434 0
127846 0
081035 0
018221 0
276617 0
224623 0
181043 0
231118 0
034643 0
209230 0
126206 0
015463 0
