084219 1
051271 0
084287 2
084125 2
083958 2
083953 2
083965 2
083968 2
081589 2
081650 2
083753 2
083746 2
084202 2
083943 2
084080 2
115400 2
083537 1
083530 2
083896 2
083906 2
084248 2
083999 2
051488 2
051379 1
080394 2
083432 2
083444 2
084271 2
276731 0
083135 1
082031 2
084307 1
083739 2
083786 2
075309 2
075311 2
075414 2
075418 2
075505 2
075511 2
075513 2
115253 1
075500 2
075517 2
075503 2
083171 2
083173 2
074954 2
074947 2
084327 1
079218 2
082884 2
084191 2
084183 2
051528 2
083693 2
083698 2
077600 2
077606 2
075159 2
075161 2
114464 1
082091 2
115355 1
075415 2
075417 2
082743 2
082757 2
082459 2
082490 2
078188 2
078234 2
091397 1
083059 1
083019 1
083111 2
092037 1
079363 2
079223 2
079188 2
079364 2
078080 2
078085 2
078144 2
078104 2
083179 2
079200 2
079172 2
082822 2
082829 2
082828 2
078442 2
043963 2
114640 1
079145 2
084152 2
084090 2
084155 2
084157 2
084416 2
078452 2
078440 2
084381 1
081027 2
082096 1
082071 2
082063 2
081701 2
075501 2
075518 2
081721 2
081754 2
083723 2
083811 2
081648 2
081674 2
082887 1
114647 1
114483 1
081685 2
051255 0
084336 2
044367 2
113836 2
113800 2
075608 2
082615 1
075906 2
044115 2
075593 2
044080 2
044072 2
043889 2
043943 2
044166 2
051251 2
081897 2
044074 2
044075 2
074869 2
079288 2
075051 2
079291 2
044100 2
044028 2
137680 1
114894 2
114932 2
114413 2
082627 1
114603 2
083053 2
084469 1
082144 2
082124 2
084439 1
082075 2
082077 2
081901 2
081903 2
081922 2
044258 2
043991 2
043879 2
044255 2
043927 2
045040 2
084413 1
044339 2
044850 2
044832 2
044773 2
045120 2
045144 2
044221 2
114972 1
081229 2
045205 2
051079 2
181231 1
115347 1
115445 1
079325 2
115039 1
115034 1
078630 2
078659 2
081890 2
114989 1
079670 2
084098 2
083119 1
084116 2
083168 1
181262 1
083563 2
084322 2
083559 2
084031 2
083988 2
083884 2
083887 2
051068 2
114873 2
114908 2
075472 2
084292 2
084005 1
084475 2
051503 2
075561 2
051194 2
078259 2
078285 2
084472 2
084317 2
074557 2
074528 2
083479 2
277006 1
276904 1
084216 2
112097 2
083497 2
081615 2
114487 2
114467 2
269649 1
269586 1
269658 1
080884 2
084096 1
075325 2
084045 2
084073 2
080867 2
081720 2
081748 2
210897 1
210962 1
211015 1
211014 1
219889 1
219891 1
083977 2
079970 2
084477 1
181139 0
084104 2
084110 2
083962 2
043937 2
084335 2
043929 2
081637 2
084255 2
084474 2
083975 2
084384 2
051368 2
051500 2
043965 2
044193 2
081482 2
084345 2
081814 2
081506 2
080019 2
025548 0
084457 2
083699 2
084283 2
084232 2
078164 2
078252 2
083694 2
081728 2
081778 2
075315 2
078098 2
078128 2
051412 2
115394 2
115322 2
051150 2
043864 2
079641 2
051397 2
114556 2
114570 2
270009 1
270015 1
270013 1
114465 2
114484 2
084348 2
077703 2
270014 1
114414 2
114436 2
114258 1
114295 1
084226 2
051073 2
051431 2
051395 2
078823 2
079837 2
079793 2
084175 2
074907 2
084113 1
084696 1
115343 2
079341 2
271840 1
084100 2
084117 2
082080 2
082073 2
084479 2
271898 1
015108 2
082764 2
082769 2
051078 2
051143 2
044238 2
044218 2
051074 2
050972 2
051557 2
078458 2
223506 1
223511 1
044108 2
279827 1
078445 2
075186 2
115430 0
079360 2
082099 2
082093 2
136354 1
082779 2
083071 1
082651 1
079167 2
050832 1
079129 2
084097 2
084178 2
136059 1
044194 2
043966 2
051187 2
084617 1
079642 2
075137 2
078093 2
075120 2
084339 2
074721 2
044023 2
115508 1
078043 2
084211 2
084265 2
269640 1
083961 2
083931 2
083932 2
084038 2
081963 2
081709 2
082002 2
081907 2
081911 2
084304 2
084306 2
081807 2
084331 2
044184 2
115629 1
084083 2
084085 2
075191 2
080366 2
084775 1
080424 2
082577 2
082614 2
082629 1
083969 2
084147 2
051218 2
079644 2
115446 1
084153 2
084154 2
108045 1
078049 2
051210 2
114848 2
114852 2
114523 1
084596 2
084583 2
115703 1
115674 1
115497 1
220514 1
115676 1
051069 2
137440 0
007106 2
120705 2
120692 2
084118 2
083578 1
114982 2
044106 2
220004 1
220007 1
084267 2
084131 2
082089 0
280412 0
113971 2
180323 1
180277 1
084360 2
083700 1
084387 2
115136 2
083990 2
211776 1
084017 2
128261 0
084109 2
084318 2
084106 2
084111 2
084197 2
084052 2
084053 2
084149 1
115113 2
115121 2
062670 2
083305 1
084006 2
083027 1
051107 2
084043 2
277015 1
084075 2
277028 1
083955 2
083957 2
154470 0
084249 2
051202 2
051207 2
078303 2
081768 2
081794 2
083029 2
083037 2
084206 2
084213 2
115280 2
114990 2
114961 2
271101 1
271153 1
084074 1
084101 2
084112 2
081698 2
081889 2
084805 2
081896 2
080426 2
084042 2
084076 2
083996 1
084011 1
084231 2
084383 2
186597 1
186599 1
084047 2
084062 2
180635 1
083940 2
084069 2
084103 2
180268 1
114648 1
084128 1
075464 2
075143 2
179693 1
179703 1
179961 1
179963 1
179999 1
180033 1
180626 1
180614 1
180595 1
180592 1
082964 2
089290 1
115435 2
114987 2
114786 1
029062 0
114007 2
114009 2
047416 0
114003 2
165339 0
084718 0
051094 1
051193 1
051195 1
051206 1
051198 1
051192 1
051213 1
051186 1
051204 1
051209 1
051059 1
113997 2
051217 2
051197 1
113986 2
114018 2
114023 1
051166 0
080217 2
084759 2
084691 2
084377 2
084365 2
051199 1
051112 1
051201 1
051200 1
051216 1
051189 1
051221 1
051215 1
051223 1
051219 1
050849 1
114673 1
051203 1
051211 1
051208 1
051092 1
051081 1
051191 1
051123 1
051205 1
080236 2
084754 2
051225 1
187031 1
186978 0
084243 2
051222 1
083039 2
081713 2
089197 1
089147 1
089249 1
089248 1
089165 1
051175 1
083161 2
083162 2
115104 1
114011 0
088340 0
045204 2
045143 2
051439 2
084217 2
044186 2
043964 2
083844 2
084091 2
084120 2
115088 1
115069 2
115132 2
078247 2
083836 2
084308 2
083813 2
083207 2
083164 2
083159 2
083702 2
083701 2
082029 2
081933 2
084081 2
083945 2
280411 0
083686 2
083684 2
185592 1
185588 1
185585 1
185578 1
185561 1
180299 1
184968 1
184837 1
184499 1
084250 2
114342 2
079774 0
276891 1
185562 0
055782 0
082969 1
098271 1
270284 0
225812 0
002361 1
084252 2
084270 2
084268 2
053248 0
115434 0
138478 0
115129 0
114343 2
280733 0
227351 0
114511 2
114530 2
051465 2
051375 2
084281 2
054110 0
083005 1
113964 1
113893 1
180032 0
143111 0
221485 0
045517 0
114703 2
114738 2
125655 1
015082 1
004588 1
115518 2
115515 2
115525 1
114410 2
079179 1
079147 1
079114 0
200993 0
114976 2
271910 1
084225 2
115383 2
183648 0
276748 0
181198 1
112139 2
125148 1
124993 0
084222 1
099679 0
146295 0
026702 0
210086 0
114710 2
055462 0
084238 1
084180 1
084442 0
054639 0
271686 0
265028 1
111359 1
114015 2
075166 2
074985 0
159473 0
071500 2
104673 2
071456 0
114741 2
115090 2
115105 2
115593 0
004718 1
118970 1
236641 0
084286 2
071547 0
180630 1
042033 0
116309 0
112121 1
115918 0
115529 0
128276 0
053041 0
005371 0
079255 1
079254 1
079183 1
078147 2
045890 0
035229 0
241423 0
083614 0
048832 0
260862 0
276720 0
041079 1
041144 0
139804 0
271087 0
047712 0
201061 0
010957 0
005221 0
084516 1
083750 1
081413 1
081369 1
081564 1
079026 1
180037 0
115736 0
020356 0
043860 1
076361 0
115405 1
115466 1
115467 0
080800 0
114115 1
114218 1
114217 1
003130 0
224865 0
054335 0
162525 0
114601 0
104629 0
084851 0
182993 0
177748 0
139544 0
076642 0
124527 0
084540 1
041971 0
048773 0
223649 0
186366 0
005990 0
004884 0
128267 0
082088 0
226776 0
116196 0
032401 0
166257 0
084392 2
114517 2
114532 2
044810 0
047674 0
252303 0
010417 1
114516 0
136324 0
223835 0
053519 0
003697 0
104720 0
276950 0
051414 0
065117 1
134924 0
278007 0
023328 0
254109 0
114946 0
114046 0
083425 0
051172 1
138557 0
124962 0
116057 0
051511 1
268931 0
118962 0
003831 0
228417 0
071386 0
044019 1
115761 0
089434 1
089454 0
271292 0
044026 0
127569 1
127573 0
127574 0
114758 0
276736 0
026969 0
165547 0
048875 0
223982 0
005980 0
271341 0
012052 1
195515 0
079630 0
080203 0
000340 0
010630 0
028395 1
114531 0
067871 0
044401 0
054374 0
075262 0
114857 0
236992 0
276094 0
269126 0
007142 0
056148 0
165383 0
119895 0
040230 0
054783 0
090278 0
054412 0
127575 0
167965 0
104559 0
243426 0
047152 0
039980 0
045933 0
228799 0
057775 0
185555 0
086921 0
089550 0
212474 0
119214 0
174499 0
269943 0
124894 0
117025 0
170629 0
276732 1
276733 0
275981 0
139932 0
047262 0
084224 2
047747 0
097485 0
051324 0
084821 0
084646 0
074977 0
053844 0
173558 0
076601 0
272466 1
276661 0
176323 0
126568 0
271591 0
075341 0
026370 0
140635 0
229197 0
042453 0
137537 0
141238 0
135092 0
075048 0
055131 0
115292 2
113430 1
113431 0
116915 0
054046 0
048050 0
274789 0
162772 0
118971 0
139315 0
227388 0
083688 2
083690 2
099680 0
084324 2
056503 0
271044 0
025722 0
057616 0
224404 0
113064 0
040999 0
188995 0
271511 0
124899 0
109305 0
044422 0
114707 0
182855 0
015193 0
056811 0
229939 0
070284 0
050623 0
034640 0
281366 0
120219 0
084247 1
026175 0
224710 0
055631 0
276927 0
047765 0
225594 0
119844 0
061042 0
179702 0
083697 2
083691 2
083667 1
055777 0
047987 0
148067 0
053073 0
219440 0
075003 0
225049 0
047267 0
226706 0
084179 2
083942 2
084078 2
084209 2
003291 0
084229 2
003460 0
135135 0
116030 2
209105 0
139787 0
276741 0
026962 0
054115 0
226746 0
115410 0
134934 0
084269 2
165540 0
117851 0
003679 0
227039 0
057277 0
046309 0
083914 2
083918 2
083890 0
046251 0
074738 0
083283 0
066934 0
276735 0
083947 0
115315 0
010893 0
044892 0
276650 0
276728 0
032340 0
119192 0
053419 0
255632 0
083986 2
006270 0
053757 0
084033 2
083970 2
042070 0
227183 0
026451 0
057717 0
214882 0
052967 0
276737 0
115215 0
169969 0
057764 0
127576 0
027960 0
151006 0
142496 0
278989 0
124203 0
229810 0
083616 0
056772 0
115570 1
047758 0
220044 0
278006 0
074787 0
053977 0
013391 0
119935 0
140183 0
115491 0
277146 0
048745 0
047951 0
276673 0
183721 0
276667 0
069586 0
020358 0
039387 0
084767 0
045807 0
053691 0
025236 0
109884 0
115064 0
156354 0
010407 0
049990 0
181027 0
169639 0
097779 0
252311 0
173658 0
074903 0
053453 0
054232 0
004066 0
024782 0
225946 0
047372 0
006698 0
002208 0
225598 0
134629 0
030579 0
057278 0
079043 0
271476 0
057706 0
182156 0
271116 0
076597 0
074737 0
067047 0
173231 0
050288 0
171250 0
047953 0
050445 0
277689 0
034367 0
003440 0
008263 0
084764 0
280417 0
221799 0
279056 0
026850 0
179998 0
019255 0
045963 0
006283 0
006131 0
140082 0
287164 0
070009 0
165662 0
165891 0
127578 0
176306 0
054997 0
055108 0
115274 0
189119 0
276750 0
054613 0
075023 0
252746 0
045439 0
036560 0
113967 0
284744 0
057279 0
134564 0
114988 0
139739 0
079920 0
187342 0
116143 0
116260 0
228450 0
177733 0
265399 0
256187 0
005825 0
228925 0
033059 0
054099 0
015423 0
057732 0
008272 0
057425 0
225025 0
140645 0
203793 0
041192 0
048990 0
227151 0
006045 0
160155 0
273597 0
054067 0
241415 0
138890 0
161726 0
194485 0
030463 0
084842 0
232285 0
094068 0
276689 0
079491 0
176239 0
134626 0
005545 0
276725 0
124139 0
047668 0
055562 0
276939 0
253767 1
109629 0
020304 0
162224 0
139552 0
038873 0
034767 0
168729 0
032341 0
030734 0
140097 0
013320 0
023804 0
264915 0
226276 0
159470 0
080096 0
278184 0
057045 0
042375 0
054587 0
136765 0
270951 0
041822 0
219849 0
226433 0
273961 0
254462 0
092852 0
056731 0
041932 0
227078 0
171233 0
047083 0
231185 0
003823 0
178869 0
115683 0
047687 0
119786 0
047851 0
139358 0
139853 0
074827 2
057111 0
057424 0
165904 0
054058 0
260562 0
211129 0
095883 0
278547 0
276738 0
138104 0
141864 0
274697 0
069397 0
115721 1
003723 0
084497 2
084501 2
084496 1
083846 2
084067 2
048448 0
116601 0
112762 1
113168 0
116047 0
084016 0
111626 0
111628 0
139993 0
228892 0
025848 0
271110 0
268971 0
117885 0
070878 0
044210 0
115458 0
084705 0
116062 0
078158 0
196637 0
142267 0
264069 0
227060 0
136835 0
045888 0
263369 0
088544 0
004619 0
075324 0
113896 0
201494 0
233014 0
084663 0
043833 0
008641 0
139421 0
116021 0
054071 0
057777 0
064677 0
277212 0
047169 0
050297 0
228793 0
078790 0
040862 0
116076 1
023599 0
043827 0
184777 0
057406 0
074849 0
222322 0
066038 0
057339 0
137003 0
277413 0
234528 0
039392 0
056697 0
276445 0
055536 0
161417 0
276213 0
116381 0
052573 0
116144 0
053824 0
278842 0
083315 0
056261 0
004863 0
271183 0
231427 0
080686 0
210053 0
068748 0
030522 0
134710 0
166387 0
117799 0
276641 0
103457 0
047359 0
115819 0
116088 0
137577 0
027019 0
114952 0
048005 0
102570 0
271931 0
245609 0
047296 0
079482 0
272819 0
020357 0
139866 0
262084 0
053875 0
195613 0
263548 0
261216 0
057704 0
075100 0
075833 0
055620 0
205222 0
055546 0
076646 0
179692 0
117244 0
243267 0
162743 0
276121 0
023509 0
059415 0
168708 0
099067 0
111627 0
159663 0
276681 0
175680 0
095997 0
159588 0
047057 0
156356 0
114991 0
230303 0
170630 0
054455 0
054944 0
055489 0
230965 0
041616 0
075024 0
116815 0
274699 0
090425 0
264928 0
067895 0
057663 0
006178 0
116054 0
005624 0
005794 0
054226 0
079769 0
165850 0
176018 0
046566 0
175910 0
148078 0
093009 0
260971 0
115419 0
051912 0
116049 0
057074 0
228651 0
062783 0
277427 0
139994 0
047572 0
271141 0
052577 0
025692 0
159057 0
074760 0
159299 0
075065 0
229064 0
000087 0
077138 0
090306 0
056620 0
003935 0
134755 0
057756 0
138254 0
045806 0
082120 0
269596 0
276727 0
056864 0
054100 0
120124 0
111641 1
111670 0
111649 1
111717 0
111715 0
115256 0
114942 0
114161 0
224160 0
112933 0
141902 0
023874 0
023869 0
196147 1
068638 0
002941 0
097338 0
025235 0
079668 0
117857 0
010415 0
142245 0
115625 0
084379 0
138190 0
278334 0
270600 0
056105 0
125552 0
276649 0
034577 0
229888 0
114948 0
007694 0
140798 0
088780 0
228832 0
006703 0
104051 0
183728 0
224084 0
175891 0
117725 0
075463 0
164128 0
228924 0
017285 0
276172 0
276739 0
271391 0
014243 0
115822 0
236978 0
283288 0
047032 0
006426 0
103182 0
179962 0
089154 0
272362 0
002464 0
201206 0
053153 0
175455 0
115973 0
141877 0
078172 0
006226 0
184859 0
177731 0
271530 0
039934 0
046768 0
185568 0
224877 0
168143 0
084880 0
057848 0
084845 0
003879 0
230456 0
175823 0
174408 0
211997 0
004620 0
226759 0
270953 0
276663 0
045498 0
219431 0
113162 0
256169 0
044167 0
052368 0
006569 0
215590 0
057550 0
172938 0
150201 0
084710 0
211060 0
114973 0
079485 0
277236 0
003667 0
113123 0
179590 0
117720 0
053031 0
046862 0
220041 0
162508 0
271185 0
056133 0
225043 0
047377 0
276801 0
102759 0
036575 0
026766 0
109728 0
066839 0
051504 0
116146 0
