085524 2
010305 1
010298 1
018145 2
115245 2
113573 2
113600 2
117089 1
117761 1
082362 2
080586 0
124569 1
124564 1
133023 0
059641 0
110321 0
005560 1
111995 2
112019 2
131477 2
108852 0
112171 2
112158 2
112176 1
115942 2
115917 2
086613 1
086604 1
100839 0
139705 0
095237 0
131289 1
131379 1
131330 1
131351 1
131350 1
186965 0
009879 2
122234 2
071261 0
086001 0
116027 0
253543 0
081830 2
004900 0
114664 0
069257 0
007874 0
112277 0
101924 0
131053 0
284390 0
025309 0
032003 0
152278 0
117300 0
037382 0
067761 0
067512 0
002720 0
076649 0
014571 0
100855 0
110578 0
228686 0
