198719 1
198743 0
198677 0
198852 1
198856 1
198733 0
198776 1
198801 1
198707 1
198711 1
198663 1
198667 1
198705 1
198933 1
198769 1
198710 1
198966 1
199190 1
198765 1
198704 1
198721 1
198738 1
198730 1
198751 1
198786 1
198874 1
198742 1
198726 1
198844 1
198835 1
198771 1
198668 1
198976 1
198732 1
198768 1
198945 1
198660 1
198793 1
198789 1
199493 1
198669 1
198739 1
200604 1
198783 1
199496 1
198754 1
198896 1
199159 1
198968 1
198814 1
198845 1
198666 1
198816 1
200605 1
198791 1
198784 1
210839 1
198823 1
200570 1
198756 1
200569 1
198683 1
200574 1
198973 1
199161 1
198794 1
198688 1
198782 1
198712 1
198686 1
198822 1
200573 1
198939 1
198795 1
198713 1
198944 1
198689 1
198731 1
200514 1
200601 1
200516 1
199183 1
200608 1
199166 1
199200 1
198706 1
198757 1
198837 1
198761 1
198728 1
198762 1
198892 1
198902 1
198718 1
200753 1
200815 1
198770 1
198790 1
198781 1
198796 1
202147 1
199459 1
199471 1
202176 1
199517 1
199529 1
198780 1
198797 1
198674 1
198682 1
198722 1
198760 1
198700 1
198729 1
206918 1
198785 1
198792 1
199384 1
199387 1
199750 1
199755 1
198716 1
252126 1
228092 1
227990 1
198725 1
198701 1
199367 1
199369 1
199363 1
198827 1
198799 1
162642 0
074804 1
065796 1
065794 2
065792 1
015646 1
149512 1
149515 2
147618 2
147617 2
147606 1
147619 2
147588 1
152566 1
152579 1
149596 1
149597 1
243522 1
165031 1
165021 1
049954 1
049866 1
049818 1
057016 1
049348 1
049514 1
256989 1
241507 1
241515 1
255353 1
078546 1
159218 2
159230 1
202185 1
202212 1
149860 2
149876 1
149852 1
150681 1
150677 1
150679 1
150658 1
150985 1
150690 1
278854 2
200249 1
165418 1
200289 1
200290 1
082239 1
082331 0
149600 1
028902 0
074962 1
074945 1
220642 1
074522 1
074591 1
039964 1
065672 1
046248 1
069040 1
075495 1
075528 1
091169 1
049860 2
223669 1
046252 2
046247 1
082062 1
082060 1
080088 1
077469 1
074917 1
074854 2
074853 1
082705 1
082601 1
075559 1
075269 1
108254 0
043983 1
051331 1
043986 2
043998 1
052221 1
082435 1
149938 1
149937 1
045899 2
045909 1
075117 2
086516 1
082763 0
220375 1
050055 1
198504 1
198506 1
016625 0
065582 1
078602 1
078063 2
083394 0
042551 1
056643 1
052116 1
052126 1
164824 1
056583 0
150111 1
039946 1
039926 1
162241 1
077635 1
077586 1
098370 1
075477 1
075554 1
153322 1
145570 1
015582 2
149540 1
221164 1
057296 1
224243 0
148148 0
160306 2
160355 1
025719 1
039513 0
272453 1
272462 1
015658 1
149523 2
015639 2
149553 2
161083 1
161048 2
161042 1
161046 1
153874 1
200231 1
065764 1
199770 1
199850 1
091881 1
091844 2
272105 1
275872 0
176786 0
011450 1
065828 0
075697 1
057843 1
046624 1
223496 1
158664 1
009983 1
045815 1
068155 1
035579 1
225005 0
039503 2
199163 1
024710 0
198369 0
096368 1
096172 1
046394 2
198111 1
198044 1
165001 1
267773 1
267862 2
277408 1
277452 0
218106 1
203736 1
203752 1
205181 1
160378 1
199365 1
199362 1
205179 1
199358 1
239837 1
065974 0
163815 1
163831 1
240568 0
272415 1
272539 2
039713 1
058863 1
271668 1
272024 2
271981 1
149349 0
050899 2
050900 1
277394 1
277398 2
277409 2
266942 2
266890 1
126814 1
045119 1
044663 2
046279 1
046277 2
039779 0
161689 1
161690 1
152443 1
068938 1
068966 1
068954 1
068942 1
065227 1
065239 1
065243 1
065258 1
065270 1
062808 1
062805 2
062772 1
062814 1
271851 1
271909 1
272106 1
082265 1
046354 1
046316 1
064953 0
067594 1
141690 0
067631 1
067658 0
087470 1
244264 0
276250 1
276302 1
082203 1
282375 0
045701 1
045673 1
045628 1
079292 1
050919 0
068816 1
198295 0
102032 1
099317 0
270306 1
085197 1
134025 0
086281 1
086247 1
086195 1
085893 1
085195 1
085188 1
085127 1
084146 1
081228 1
081202 1
085857 0
049397 0
051393 0
022326 1
028660 1
023069 1
023070 2
023071 1
023097 1
023096 1
107927 0
001457 0
100779 1
100760 0
092873 0
051318 1
051308 0
021070 0
000796 1
050451 1
050455 1
050306 1
100175 0
046181 2
046167 1
046164 1
046163 2
046241 1
045979 1
045936 2
046168 1
046104 1
222239 1
222245 2
163458 0
050873 2
050812 2
242332 0
099700 1
273017 1
272023 1
022318 0
158919 1
050237 1
158891 0
086204 2
086202 2
086201 2
085698 0
191632 0
220680 0
075744 0
098003 1
050801 0
161346 0
022353 1
022349 2
092908 0
046427 1
167918 0
023377 0
182577 0
099409 1
098690 1
098526 1
099701 1
094573 0
149643 0
089928 2
089897 1
084018 0
045278 0
015831 0
199849 1
039749 0
047439 0
199251 0
163657 1
099041 0
277120 1
067765 0
160573 0
202237 0
024794 0
201559 1
220003 0
189195 1
263992 0
223329 0
015677 0
012776 0
049706 0
189117 0
057023 0
031121 0
023086 0
014212 0
041481 1
101991 0
057266 0
079435 1
156230 0
162065 0
259791 0
100459 0
024051 0
087883 1
076262 1
066406 1
080529 1
064277 1
050307 0
088975 0
250289 0
080176 0
064578 0
116446 0
023183 1
225423 0
108864 0
149266 0
213492 1
213495 1
213821 1
213310 1
226569 1
116051 0
133175 0
239620 0
219938 0
092043 0
023633 0
136198 0
027356 0
180737 0
221855 0
135219 0
162339 0
284322 0
004883 0
083306 0
116031 0
165964 0
134625 0
034274 0
024423 0
053275 0
085327 0
188383 0
093951 0
045384 0
263175 0
271241 0
260154 1
260156 2
260159 2
260162 1
260152 2
260155 2
260157 2
260160 2
260163 2
260158 1
260161 1
270222 0
238563 0
276626 0
278376 0
025396 0
074725 1
047799 0
017300 0
088091 0
267055 0
037275 0
276625 0
059414 0
015508 0
046101 1
046268 1
091351 0
058095 0
017545 0
221177 0
264932 0
128476 0
130467 0
038202 0
020936 0
025634 0
024766 0
028944 0
240398 0
012080 0
127161 0
187479 0
219986 0
046225 0
098949 0
189524 0
240835 0
003876 0
226128 0
077305 0
165265 0
226152 0
149342 0
264704 0
277416 1
078313 0
007052 0
095225 0
273302 0
077780 2
124429 0
210756 0
081489 0
040390 0
278375 0
153312 0
075135 0
144981 0
277534 0
056705 0
223555 0
044401 0
224059 1
045137 0
112112 0
078132 0
282205 0
286793 0
021389 0
004039 0
098177 0
199202 0
266315 0
014473 0
076927 0
240097 0
123488 0
083326 0
089741 0
065159 0
115684 0
113727 0
078184 1
078180 1
078177 0
049389 0
045085 0
089312 0
064073 0
266635 0
049475 0
228520 0
078142 0
047277 0
046263 0
108534 0
130589 0
227463 0
016245 0
236514 0
084617 0
252776 0
136788 0
149602 0
284685 0
048847 0
098892 0
267143 0
092787 0
068946 0
179025 0
269275 0
142957 0
026775 0
049009 0
197776 0
235852 0
077785 0
045478 0
155942 0
129639 0
079051 0
095984 0
276529 0
272315 0
222207 0
039751 0
244286 0
260392 0
189459 0
019080 0
278371 0
272265 0
194813 0
242533 0
028055 0
085072 0
197761 0
085695 1
244273 0
140034 0
242292 0
243572 0
159961 0
070002 0
046849 0
190878 0
280923 0
004105 0
149375 0
155748 0
112748 0
218489 0
047495 0
126445 0
201560 0
016469 0
025897 0
262854 0
226418 0
224998 0
092961 0
148045 0
155989 0
039885 0
164808 0
093167 0
020723 0
045806 0
075569 0
023143 0
024770 0
040866 0
115822 0
193926 0
063150 0
083261 0
052582 0
016373 0
277118 1
046699 0
025188 0
129410 0
161628 0
050457 0
023834 0
170069 0
266892 0
269014 0
083407 0
089725 0
201146 0
130439 0
267088 0
021084 0
180948 0
180745 0
038148 0
136996 0
175986 0
078297 0
151260 0
188144 0
238767 0
051426 0
276414 0
120998 0
015721 0
041763 0
162594 0
025744 0
022139 0
108515 0
171805 0
182598 0
099343 0
203074 0
003874 0
145162 0
189118 0
024695 0
056989 0
084643 0
050824 0
270397 0
045514 0
220661 0
144847 0
278374 0
236641 0
115116 0
092099 0
075852 0
146158 0
219306 0
127751 0
050885 2
050887 1
078158 0
271374 0
033078 0
164066 0
141334 0
094592 0
079998 0
049932 0
050116 0
039079 0
044146 0
143573 0
051214 0
178238 0
039708 0
162162 0
288234 0
024371 0
085582 0
156228 0
287112 0
222822 0
281694 0
086269 0
244271 0
273538 0
007396 0
150245 0
022309 0
096160 0
112303 0
076297 0
067443 0
100449 0
024723 0
124585 0
035351 0
141848 0
045809 0
066837 0
043603 0
019929 0
177107 1
177096 0
279363 0
219923 0
198310 0
275999 0
029215 0
149358 0
116408 0
168145 0
243578 0
099288 0
262044 0
229017 0
099051 0
004708 0
132948 0
190480 0
042067 0
083205 0
083085 0
036796 0
011165 0
146534 0
078295 0
012899 0
051251 0
168977 0
036376 0
226181 0
194835 0
092177 0
222877 0
159904 0
045791 0
128757 0
128542 0
006948 0
083310 0
243510 0
284926 0
092306 0
063946 0
288615 0
053898 0
167919 0
239585 0
146092 0
068443 0
060360 0
164518 0
156909 0
138653 0
035639 0
196074 0
050091 0
146224 0
092784 0
080771 0
270770 0
044101 0
274168 0
042709 0
276528 0
227606 0
155392 0
025219 0
010627 0
024836 0
239586 0
083204 0
160271 0
120647 0
003502 0
038338 0
259819 0
114563 0
271065 0
165726 0
129415 0
224941 0
219968 1
176785 0
164208 0
020341 0
273051 0
202352 0
018479 0
109321 0
085454 0
059304 0
134662 0
047817 0
264828 0
148709 0
018026 0
048199 0
255811 0
022142 0
219148 0
064276 0
101580 0
268971 0
267077 0
116072 0
038144 0
111732 0
283004 0
228504 0
177699 0
110928 0
270635 0
044167 0
160550 0
242314 0
024738 0
141685 0
022829 0
050717 0
057267 0
050948 0
074724 1
210848 0
041563 0
262917 0
077328 0
076868 0
096993 0
098708 0
098549 0
169307 0
026770 0
