193625 1
193621 0
193636 1
193638 1
193637 1
193746 2
201558 0
187227 1
186500 0
144269 2
011048 2
178458 0
183372 2
173852 1
130846 2
130899 2
130885 2
173419 0
249427 1
152720 2
231048 0
176990 2
176986 2
176984 2
176981 2
176971 2
176972 2
176980 2
184311 2
184304 2
191253 2
107719 2
152851 1
256381 2
152833 1
152824 1
192796 2
171128 2
080444 1
176686 2
176636 2
176649 2
123391 2
081232 2
021587 2
175367 1
160046 2
160074 2
279180 2
066802 2
007938 2
066524 2
169673 1
121351 2
169687 2
169674 2
178513 1
137916 0
176780 2
177013 2
177070 2
267911 0
177912 1
030649 0
130847 2
130886 2
130900 2
289368 2
067093 2
067099 0
071706 1
104879 1
199294 1
011899 2
199330 2
199391 2
007401 0
089470 2
039138 1
121978 0
187344 0
152990 0
039944 0
220212 1
155338 2
222522 0
202942 0
177449 2
182578 0
025268 0
218213 2
218222 1
155187 0
157787 0
190192 0
242648 0
288077 0
011314 1
075042 0
127090 0
169978 0
177196 2
255080 1
255056 2
255021 0
191910 0
210842 2
254963 0
210827 2
242700 0
210816 2
114210 0
179268 1
221504 0
173343 2
177160 0
184897 0
232739 0
152261 0
060448 0
012616 0
220056 0
175614 0
166871 0
176827 0
082974 2
087216 0
102113 1
102079 1
102027 0
019973 2
178101 0
102155 1
099971 0
102115 1
102074 0
118773 0
007261 0
151379 2
151304 2
151291 2
016859 0
099977 0
160565 0
016824 0
267917 0
148562 0
174749 0
167607 0
228395 0
157837 1
222529 0
142319 0
157820 0
218910 0
152225 0
009518 0
178322 0
120808 0
000882 2
039959 0
149620 0
156724 0
124770 0
123967 2
153638 0
173426 0
201860 1
224488 0
107878 0
243930 0
255761 0
030620 0
146210 0
018562 0
141194 0
221523 0
075809 2
185114 0
076133 0
120293 0
140175 0
011384 2
