151975 1
151970 1
261429 0
197045 0
207589 0
227899 1
227906 1
195548 1
195547 0
264966 1
264978 1
265549 2
265548 2
224581 1
280349 1
004286 1
118117 1
117779 1
117670 1
039553 0
000921 1
131991 1
272508 0
152259 1
000862 1
134292 1
134263 1
134184 1
134010 1
153072 1
153071 1
153304 1
228038 1
142411 1
010435 1
002787 1
194911 1
194990 1
195033 1
196390 1
200641 1
200643 1
200642 1
181986 0
133844 1
133846 1
223776 1
008802 1
139313 1
008909 1
157978 2
157982 2
196226 1
196218 1
267006 1
267083 1
196549 1
195901 1
195907 1
081810 0
195210 0
063480 0
156544 2
154560 1
019044 1
176264 1
069751 1
102924 1
019060 1
131710 1
182699 1
182728 1
182729 1
182764 1
289135 1
182492 0
269683 1
269467 1
018304 1
001618 1
081268 1
128899 1
081210 0
128998 1
040248 0
003963 1
096690 0
017925 0
108531 1
278634 1
179911 1
179912 1
134964 1
134983 1
179722 1
134871 0
179876 0
258385 1
258341 1
136337 0
163710 1
019049 1
163706 1
018784 1
006944 1
120565 1
125163 1
125215 1
132649 1
200973 1
201082 1
125217 1
011861 1
278635 1
269600 1
150616 1
269597 1
136039 1
019724 1
011914 1
019708 1
150646 1
146633 1
264450 0
136041 1
277007 1
276908 1
204300 1
204289 1
203475 1
289654 1
238718 1
236702 1
289627 1
238727 1
160294 1
221922 1
289617 1
238942 1
135680 0
143114 1
163938 1
160320 1
163957 1
124970 1
143096 1
124971 1
124968 1
156429 1
221910 0
133845 1
002786 1
143097 1
142967 1
288719 0
219906 0
269578 2
269692 1
269705 1
242134 1
202158 2
136118 1
136117 1
136186 1
054705 2
161392 0
069827 1
103000 1
153515 1
242110 1
153577 1
242133 1
054618 1
153513 1
141961 1
153529 1
008246 1
238726 1
154697 1
176638 1
154544 1
018506 1
124789 1
127607 1
124845 1
185796 1
001613 1
124862 1
124511 1
185844 0
124860 1
006069 1
126917 1
128616 1
128475 1
128615 1
242092 1
129654 1
017296 1
129653 1
129616 1
129598 1
242111 1
077040 1
163719 1
242135 1
163705 1
032430 1
242084 1
242067 1
032422 1
168875 0
186153 1
258700 1
238940 1
193361 1
258684 1
258706 1
130622 1
000416 0
259550 1
163921 1
124686 1
122735 1
184431 0
013183 1
000034 0
239536 0
242091 0
011766 1
122835 0
089061 0
269357 1
269316 1
128693 1
223477 1
010035 1
269317 1
161271 1
131538 1
088936 1
122837 1
161283 1
177083 1
018629 1
128686 1
161164 1
088987 1
180675 0
131478 1
128133 1
128111 1
223420 1
160905 0
131491 1
170724 1
170725 1
280430 1
001449 1
170684 1
131858 1
264823 1
170685 1
131869 1
131866 1
017805 1
176005 1
279937 0
069468 0
170686 1
175921 1
014143 1
238941 1
012037 0
176822 1
169002 1
016623 0
168333 0
255850 1
127109 0
168804 1
009185 0
043957 1
255914 1
255941 1
255824 1
263623 1
044058 1
031676 1
176934 1
263604 1
128717 0
090968 1
263513 1
177036 1
180125 1
180128 1
177040 1
180126 1
232048 1
231767 1
137998 1
135220 1
285882 1
272856 0
000635 1
137940 1
125005 1
219606 0
135261 0
137972 1
124987 1
263622 1
270927 1
284620 0
137971 1
202902 1
069102 1
161933 1
003266 1
102275 1
209024 0
077070 0
239548 2
271872 1
091687 1
066541 1
255747 0
070644 1
087424 1
240286 1
271971 1
103817 1
029398 0
240290 1
070745 1
240291 1
240318 1
070670 1
103918 1
103843 1
240300 1
240317 1
133837 1
169131 2
185800 0
075940 1
111425 1
169132 2
288077 1
071467 0
133833 1
133787 2
169049 1
185799 0
133799 1
238728 1
238943 0
238719 0
159029 1
064817 1
159026 1
175589 0
064820 1
177032 0
098957 1
002699 0
159020 1
159023 1
159008 1
101432 1
158874 1
018321 1
148134 0
076100 1
158876 1
196411 1
076014 1
126899 1
123161 1
196425 1
090619 1
211219 1
126900 1
231252 0
159010 1
126888 1
159114 1
159042 1
117429 1
117614 1
117616 1
159022 0
126894 1
060805 0
156575 1
130560 1
156574 2
127028 1
195939 1
117315 1
069816 1
156551 1
117316 0
102989 1
237242 1
126890 1
197748 1
197869 1
197871 1
195948 1
013603 1
220161 0
069602 1
253833 0
195727 1
195814 1
195829 1
118960 1
102775 1
195805 1
195816 1
195802 1
195725 1
195736 1
196503 1
010370 1
118945 1
195869 1
195738 1
195932 1
196481 1
196485 1
011252 1
164470 1
154494 1
109396 0
157948 0
242903 1
153396 1
242930 1
011192 1
195744 2
012992 1
195872 1
145908 1
242901 1
195726 1
115840 0
195728 1
195737 1
195739 1
195803 1
242905 1
195806 1
195815 1
195817 1
195830 1
069700 1
195870 1
102873 1
195933 1
013938 1
242902 0
144789 1
184615 1
181014 1
013410 1
001271 0
090011 1
070522 0
082123 1
139361 1
109293 0
281777 1
139344 2
071492 1
160906 0
126986 1
127130 1
104665 1
078726 0
219852 1
178077 0
002687 1
133618 1
289659 0
002369 1
179696 1
006335 1
196370 1
153394 1
210559 1
255767 1
210967 1
132641 1
255790 1
255879 1
255808 1
003141 1
195909 0
025466 1
014200 1
189891 0
025423 1
066443 2
014196 1
053688 1
159025 0
159028 0
146881 0
139905 0
164167 1
001480 1
234620 1
126292 1
100958 1
191972 1
126281 1
020739 1
192126 1
192125 1
255647 0
020732 1
163902 1
164126 1
011219 1
266239 0
163213 1
175588 1
289357 1
238824 1
289264 1
131386 0
163141 1
159031 0
007767 0
236703 1
190903 2
236319 1
231642 0
153393 0
236330 1
144752 1
190565 1
068042 1
068068 1
001753 0
236265 1
002304 1
144806 1
018219 0
065198 0
190527 1
190683 1
023634 0
199458 1
199482 1
199483 1
199558 1
287670 1
199502 1
236278 1
280867 0
101008 0
117928 1
068097 1
068098 1
004201 1
253349 0
163145 1
238089 1
191540 1
286815 1
020974 1
020945 1
170341 1
126442 1
126482 1
286794 1
100509 1
100420 1
238108 1
191515 1
170342 1
170340 1
191496 1
238093 1
035076 1
286836 1
287677 1
238103 1
289368 1
153027 1
035051 1
186680 0
153028 1
287892 1
242258 1
153181 1
153157 1
153180 1
153244 1
280864 0
153455 1
176758 1
153241 1
153158 1
286711 0
153169 1
153488 1
007380 1
167842 1
153168 1
170172 1
169492 1
170173 1
169493 1
167914 1
155969 1
167915 1
169864 0
170171 1
176769 1
176770 1
169485 1
169494 1
169488 1
131203 1
239024 0
167486 1
167490 1
002859 1
132502 1
193896 1
001466 1
001908 0
193884 1
193883 1
167491 1
193879 1
153089 1
132521 1
170410 1
132534 1
153092 1
014666 1
170418 1
170419 1
169333 1
147385 1
169334 1
190942 1
204312 0
147384 1
176787 1
169265 1
176819 1
176831 1
014462 0
169285 1
176820 1
191062 1
170463 1
169343 1
169344 1
153581 1
170473 1
157425 1
170474 1
153243 0
167448 0
157426 1
251872 1
169137 0
063835 1
002563 0
170471 0
182499 0
018174 1
251813 1
153582 1
128981 1
014825 1
018022 0
025518 0
169329 1
160319 0
158122 1
239496 1
063425 1
158283 1
017582 1
169330 1
183965 0
085843 1
126797 1
126777 1
126407 1
014868 0
021475 1
113429 0
141987 1
207674 1
208462 0
160899 1
012184 0
286639 0
178591 1
164944 2
164802 1
164761 1
182216 0
147495 0
178625 1
165254 1
152908 1
178651 1
131417 1
158074 0
171375 1
143031 0
178586 1
153307 0
165256 1
063850 1
193732 1
171374 1
171373 1
193983 1
063851 1
193832 1
169073 1
169123 1
169074 1
018531 0
193997 1
070853 0
012665 1
061379 1
079720 1
040622 1
064632 0
015745 1
156034 1
155981 1
044550 0
129093 0
061381 1
255757 1
255615 0
030145 0
187504 1
116946 0
161851 0
079728 1
187493 1
188320 1
153399 1
153406 1
123357 1
234051 0
202975 1
155452 1
123356 1
204168 1
219455 1
170073 0
202976 1
144907 0
209950 1
209387 1
169300 0
167038 0
155555 0
239059 1
238609 1
239089 1
008658 0
197330 1
153042 0
225924 1
225923 1
165266 0
197340 1
268346 1
203116 1
202649 2
170304 1
202826 1
266094 1
284641 0
071446 0
266110 1
002292 1
035479 1
170274 1
104640 0
013266 1
009517 1
035482 0
255403 0
007459 1
185915 0
002499 0
035690 1
278898 1
170398 1
179915 0
019024 1
170399 1
065686 0
043921 1
153466 1
234430 1
167126 0
153504 1
234791 1
198622 0
176382 1
009885 1
067650 0
124551 0
193755 0
000408 0
177871 1
089060 1
127382 1
176415 1
286721 0
127471 1
127472 1
170375 1
110105 1
239112 0
194159 0
219454 1
167578 0
122874 1
035723 1
170793 0
011986 1
122877 1
238107 0
221819 0
190842 1
167069 1
076113 1
035725 1
169151 1
205553 1
152134 0
169172 1
035726 1
124492 1
077034 0
155556 0
124510 1
013094 0
152962 0
098099 1
035722 1
220481 1
035703 1
098149 1
035693 1
160827 1
220479 1
181993 0
112251 1
100193 1
112250 1
230775 1
017558 0
112384 1
160020 1
281182 0
160868 1
009049 0
112388 1
191976 1
112391 1
239801 1
114588 1
159981 1
191975 1
114563 1
239926 1
240106 1
240178 1
192134 1
240193 1
191303 1
183722 0
114589 1
191825 0
037739 0
191227 1
194901 0
187212 0
160014 1
175791 0
114593 1
231278 1
030505 1
260186 0
081738 1
020975 1
268023 0
020946 1
020948 1
081684 1
046422 0
169375 0
014530 0
116797 1
259981 0
081551 1
264242 0
075844 1
015206 1
125541 1
202760 0
158033 0
103695 0
076275 1
116991 1
082061 0
190965 1
134155 0
222793 0
109493 0
025854 0
199259 0
217696 1
169924 0
191836 1
244003 0
034384 0
063855 1
003986 0
158921 1
131650 0
016629 1
018779 0
159039 1
191765 1
201952 0
164704 1
220910 1
158944 1
163637 1
163514 1
162517 0
159413 0
042610 0
163495 1
231373 0
148190 1
159765 1
199411 1
140607 1
224459 1
140608 1
148191 1
155111 0
199442 1
183742 0
148196 1
148197 1
148198 1
199499 1
280474 0
221221 1
150546 1
221240 1
228051 0
231895 0
141663 0
272723 0
235554 0
109086 1
012260 0
097822 0
091666 0
131711 1
150547 1
150562 1
167149 0
125041 1
191665 1
108573 1
231660 1
125141 1
108619 1
108620 1
108753 1
108700 1
160472 1
231658 2
108786 1
231662 1
108794 1
160386 0
108813 1
108844 1
108872 1
012282 0
125192 1
125195 1
125196 1
012612 1
239803 0
170239 0
266075 0
012613 1
123010 1
012616 1
134709 0
019052 1
242942 0
239744 1
242904 0
180198 0
005288 1
239746 1
017023 0
269462 1
162505 0
195886 1
178024 0
242253 0
269472 1
016557 1
158665 0
270122 1
270125 1
269471 1
269423 1
032949 0
269534 1
001598 0
286712 0
119734 1
269554 1
275973 0
238843 0
269461 1
149049 0
080057 0
152981 0
027092 1
226269 0
065220 1
087885 1
229918 1
158207 1
078326 1
007684 0
158976 0
078254 1
229950 1
087905 1
221956 0
013747 1
006475 0
267170 0
158200 1
131445 1
087906 1
175685 1
033275 1
000031 1
229437 1
156917 1
065211 1
016644 1
175770 1
265499 0
156941 1
063490 0
081318 1
139217 0
033352 1
281167 1
188445 1
065277 1
033344 1
229431 1
019392 0
060302 2
241972 0
065728 0
068310 1
068343 1
253941 0
088628 1
191007 1
190998 1
281698 0
091267 0
271972 1
088778 1
027550 0
087381 0
054462 1
054298 1
271860 1
202344 1
048249 0
272283 1
081811 0
018578 1
272306 1
083571 0
024030 0
271867 1
273579 0
122460 1
152346 1
182896 1
146492 0
076819 0
011855 1
122461 0
116960 1
110823 1
109299 0
275358 1
018323 0
064451 0
191180 0
110752 1
116515 2
201305 0
185880 1
111393 1
002116 0
111299 1
138540 1
110739 1
233728 1
111323 1
111024 1
233767 1
275351 1
185855 1
110848 1
129003 0
111642 1
071530 0
060952 0
111635 1
233768 1
111634 1
111631 1
111647 1
111471 1
110734 1
111476 1
010837 1
111473 1
289073 0
110757 1
143649 1
111478 0
111860 0
065587 0
110822 1
110941 1
110783 1
124007 1
111401 1
284442 1
007383 1
111029 1
191599 1
110951 1
271994 0
111047 1
111398 0
169052 0
110984 0
069015 0
111289 1
185612 1
155696 1
275932 0
034385 0
153395 0
165264 0
185887 1
146996 1
185666 0
183932 0
185848 0
235384 0
021953 0
122485 1
185972 1
185984 1
010179 1
019766 1
111240 0
016593 0
190603 1
111214 0
122487 1
018509 1
075911 2
131173 0
112253 1
012377 0
075863 1
122464 1
104703 0
112927 0
075872 1
007718 1
185981 1
114323 0
121152 1
000537 0
141646 1
109804 1
008280 1
190105 1
256091 1
256823 1
189915 1
108248 0
069367 1
010918 0
102540 1
148906 1
147468 0
190091 1
157605 0
198888 0
256831 1
067709 0
268246 0
111415 0
167150 0
167039 0
104026 0
040661 1
113498 0
186048 1
128894 0
017587 0
186059 0
012256 0
231904 0
071688 1
178234 0
176694 1
041084 0
268425 0
190901 1
176692 1
154794 0
190896 1
176690 1
119018 0
069402 1
176689 1
102575 1
110022 1
110083 1
286551 1
000618 1
002044 0
286726 0
077049 1
104861 1
167560 0
001498 1
182228 0
110986 0
146238 0
233403 1
233448 1
010527 0
091755 0
116653 0
124604 1
151919 1
008740 1
034379 0
163790 1
066956 1
148523 1
233389 0
163791 1
028927 0
219886 1
233466 0
194080 1
032643 0
219892 1
219907 1
186062 0
163689 1
161302 1
068688 1
163701 1
289220 0
155580 0
083485 0
233380 0
270325 1
270334 1
161268 1
142068 1
193843 1
142097 1
270315 1
029147 0
111075 0
194088 0
276987 0
185013 0
171922 1
171670 1
016530 1
068669 0
199260 0
079982 0
050801 1
272983 0
262539 0
148350 1
130961 1
028461 0
111043 0
130929 1
256745 0
050824 1
239523 0
270333 0
262474 0
182703 0
144197 0
125112 0
032003 0
215009 0
288774 0
110459 0
124706 1
052900 0
169315 0
124660 1
003605 0
076074 0
126447 1
163805 1
170187 0
247289 0
246794 1
018848 0
074592 0
247365 1
248167 1
125013 1
199631 1
107984 0
179916 0
199615 1
143645 2
143646 1
010857 1
143731 1
185904 0
262751 0
124965 1
238273 0
097735 0
058341 1
070203 0
076662 0
273102 0
022311 0
128640 1
188785 0
154760 0
156155 1
238968 1
128641 1
136037 0
019363 0
241767 1
003477 1
156204 1
086478 1
156170 1
156276 1
156283 1
099021 0
136327 0
154598 0
156171 1
277488 0
026907 1
038219 0
166907 0
069263 0
009693 0
193844 0
000985 0
014213 0
240191 0
139939 1
111000 0
158286 0
232212 1
232246 1
281965 0
149681 0
126350 0
169925 0
272188 0
278972 1
262837 0
017791 0
090612 1
019042 1
050051 0
071410 0
090620 1
145480 1
090631 1
042616 0
278967 1
145483 1
195220 0
145486 1
035270 0
015035 0
152011 1
207243 0
162614 0
160304 0
011435 0
158838 0
011905 1
253246 1
085205 1
030525 0
019590 1
254408 1
081685 0
146218 1
255046 1
265448 0
099124 0
151152 1
151172 1
151166 1
253245 1
253078 1
151186 1
157503 1
156760 1
157504 1
157433 1
157341 1
157505 1
157495 1
157496 1
192571 0
002068 0
098617 0
079964 0
008511 1
168597 1
168598 1
168656 1
168657 1
090610 0
211276 1
167883 0
082468 1
154147 0
158137 0
267082 0
071541 0
152342 0
239876 1
151085 0
275892 0
184616 1
211278 1
080542 0
188692 0
110904 0
157606 0
245019 0
211329 0
126272 1
138033 0
109407 0
141966 1
092489 0
196801 0
124528 0
136428 1
141969 0
070395 0
056339 0
276366 0
255310 0
167929 0
138897 1
138847 1
173158 0
138858 1
136438 1
138788 1
002566 1
164573 0
006568 1
164880 0
005887 0
129006 0
152974 1
258274 0
127208 0
115729 0
179877 0
185000 0
239928 0
255314 0
039842 0
018585 0
269509 0
039349 0
076770 1
179471 0
153254 0
141905 0
191220 1
076393 1
016900 0
060320 0
232632 0
076392 1
191146 1
142372 0
265338 0
133843 1
023625 0
133842 1
118434 0
134273 1
152111 1
152106 1
134293 1
018774 1
233979 0
191824 0
128950 0
076228 1
076345 1
137213 1
016618 1
138969 0
002795 1
026641 0
255045 0
286638 0
238231 0
018248 0
143944 1
025117 0
148070 1
007641 0
016586 1
001237 1
154114 0
157641 0
132030 1
143888 1
011481 1
257969 0
136494 0
132496 1
132483 1
109522 0
265727 0
071412 0
122749 1
089471 1
089167 1
172739 0
123202 0
089148 1
048912 0
006027 0
089168 1
089674 1
161395 0
089955 1
064250 0
145011 0
285050 1
089472 1
155853 1
149307 0
127126 1
179515 0
149357 0
126962 1
138894 0
001377 0
258874 0
178239 0
280589 1
012018 1
034699 0
038215 0
254407 0
167460 0
133731 0
124180 1
014770 0
032661 0
183723 0
193580 0
190294 0
262747 1
136001 0
164905 0
284521 0
128992 0
162687 1
111308 0
258967 0
064343 0
039508 0
210936 1
180055 0
210933 1
061100 0
113629 0
185665 0
104585 0
159599 0
111239 0
153547 1
048321 1
157346 0
104583 0
242113 0
103376 0
195885 0
048293 1
205983 0
231435 0
027082 0
071525 0
111238 0
090569 0
143952 0
190564 1
041343 0
158381 0
157943 0
271934 1
234048 0
287003 0
123034 0
241505 0
235163 1
271963 1
111312 0
013741 0
145865 0
273696 0
187912 0
149770 0
186072 0
197501 0
229762 1
229852 1
236420 0
029397 0
122100 0
225084 1
027696 0
225078 1
194995 0
281977 0
003786 0
167930 0
185847 0
006981 0
272301 0
014760 0
041559 0
007424 0
012822 0
195616 0
169376 0
130045 1
129974 1
093785 0
144513 0
167879 0
160293 0
230897 0
279479 0
135095 0
108349 0
188649 0
062910 0
180255 0
108469 0
124957 0
157088 0
129645 0
112677 0
152096 0
226534 0
014673 0
029341 0
004118 0
052879 0
289221 0
150685 0
034052 0
012372 0
178146 0
024025 0
220593 0
163003 1
071479 0
164823 1
141752 0
191172 0
071557 0
185659 0
192205 0
166772 1
012707 1
175716 0
199699 0
128714 0
133850 1
006740 0
034696 0
257953 1
001839 0
166773 1
125854 0
257378 1
257447 1
259115 1
257964 1
259135 1
166595 1
098563 0
259139 1
217910 0
259162 1
259175 1
259180 1
148866 0
260047 1
016870 0
013947 0
198267 1
203023 0
181452 1
198274 1
154896 0
257978 0
243655 1
087208 0
162950 0
167880 0
262401 0
186677 0
051691 1
174990 1
152987 0
012117 0
276770 0
174954 1
152988 0
004636 1
218546 0
002836 0
226696 0
121890 0
125147 1
012296 1
107879 1
082305 0
222989 0
034453 0
242979 1
172841 1
005600 0
129785 1
081359 1
259165 0
080215 0
063411 0
265829 0
081336 1
006776 0
076397 0
172908 1
172844 1
081146 1
197303 1
167079 0
099394 0
099966 0
182045 0
224242 0
209817 0
197066 1
197067 1
051113 0
041860 0
204446 0
079984 0
179725 0
164575 0
136986 0
110066 0
171862 1
028532 0
115276 0
259022 0
024835 0
191104 1
267391 0
169883 1
150395 0
276527 0
155324 0
012251 0
190302 0
140509 0
108369 0
137896 0
079369 0
013180 0
238808 0
000935 0
102641 0
009889 0
163833 0
117621 0
201967 0
161857 1
201514 0
286993 0
172269 0
138228 0
080051 0
242232 0
199289 0
161859 1
247293 0
013185 0
288711 0
171991 1
286722 0
009081 0
158111 0
272715 0
172094 1
140409 0
210113 0
001727 0
283102 0
074828 1
074574 1
049376 0
170472 0
002444 1
068618 0
286727 0
145669 0
188267 0
016354 0
124547 0
212211 1
256813 1
111417 0
004990 0
121278 0
068140 0
169377 0
272059 0
221602 0
196453 0
181006 0
155806 0
253540 0
262601 0
181297 0
158875 0
060902 0
137919 0
124754 0
276877 0
240452 1
109524 0
111805 1
119209 0
162549 0
045434 0
255998 0
176365 0
021376 0
190951 0
119210 0
027263 0
168319 0
152863 1
241065 0
151504 1
017737 0
152864 1
104652 0
151527 1
159501 1
235622 1
001011 0
129750 0
017642 0
037696 0
182668 0
050193 1
237246 0
111003 0
235651 1
235655 1
141108 0
007779 0
235678 1
235965 1
254043 0
014230 0
049314 0
010330 0
039016 0
008544 0
182326 0
059072 0
178235 0
133523 0
188707 0
281950 0
182347 0
268426 0
144917 0
194951 0
258960 0
025862 0
063956 0
262302 0
019365 0
157597 1
157595 1
278347 0
144000 0
193285 0
081147 0
195542 0
108839 0
186073 0
127308 1
228813 0
088622 1
186999 0
198436 1
115970 0
046420 0
199048 1
195601 0
113554 0
103568 0
127322 0
039225 1
060297 0
127355 0
157604 0
104714 0
272604 0
181170 0
000917 0
282640 0
070813 0
039230 1
149297 0
018661 0
040850 1
127376 0
040826 1
177816 0
260781 0
007414 0
173188 0
258596 1
258593 1
288654 0
119963 0
258598 1
284621 0
258997 1
259019 1
258640 1
