088377 0
286395 2
286399 2
286386 2
286396 2
286400 2
286382 2
285767 2
285768 2
285815 2
285825 2
285899 2
285887 2
244768 0
130439 0
271630 0
005506 2
120088 2
120069 2
120068 2
120058 2
203620 0
005772 2
120387 2
005643 2
279973 0
185897 0
185634 0
096698 1
096701 1
093922 2
093953 2
093977 2
093928 2
094023 2
093930 2
090603 1
090592 1
088417 2
088415 2
088397 2
088407 2
088379 2
088385 2
088383 2
089355 1
089341 1
089330 1
088766 1
088750 1
010889 0
074993 2
075013 2
089356 0
009419 1
121877 1
057286 0
007704 0
093987 0
081504 1
085625 0
131687 2
131709 1
077611 2
075738 2
000308 0
017960 0
090100 2
090190 2
095887 0
077733 0
090405 0
126596 1
147168 1
034684 0
197585 0
050368 0
075680 0
147167 0
009912 2
122256 2
111539 0
288803 0
071243 0
072268 0
150880 0
110778 0
017346 0
080312 0
115383 1
117973 0
114976 1
135443 0
004691 0
118899 0
115400 0
185214 0
095197 1
107749 0
065464 0
017311 0
115518 0
135034 0
072242 0
093894 0
053401 0
138058 1
184801 0
180663 1
047488 0
223983 1
224168 1
116392 1
116727 1
116349 1
008054 1
064937 0
040008 0
121883 0
117386 0
007607 0
192708 0
111749 0
231238 0
114877 0
115378 0
261876 2
023602 0
044497 0
013253 0
114974 0
092214 0
077598 0
244661 0
098568 1
098542 1
098901 0
168375 0
186961 0
088119 0
019394 0
134512 0
247680 0
055369 0
004768 0
108724 0
121897 0
052029 0
087868 0
116033 0
211838 0
097706 1
097747 1
097632 0
189509 0
100948 0
254384 0
033229 0
255012 0
220439 0
076631 0
075101 0
071308 0
077750 0
088363 0
084881 0
035266 0
000328 0
010412 0
273498 0
095242 0
002046 0
040024 0
077133 0
276190 0
004790 0
075834 0
026853 0
184920 0
095996 0
243744 2
243747 1
058162 0
067823 0
115515 0
009422 0
115344 0
217975 0
219308 0
096813 0
075078 0
116966 0
079226 0
060962 0
096621 0
045424 0
206271 0
142436 0
011349 0
117334 0
076690 0
287162 0
088036 0
284253 0
015438 0
121449 0
063339 0
251742 0
104416 0
040044 0
099941 0
282127 0
218020 0
104481 0
075336 0
046234 0
070428 0
050636 0
150205 0
135139 0
031737 0
004910 0
062859 0
186956 0
029425 0
147413 0
007247 0
114878 0
005075 0
244767 0
290010 0
142931 0
055514 0
007163 1
118721 0
118758 0
095224 0
098454 0
052026 0
124072 0
008202 0
069189 0
151118 0
004425 0
113301 0
077174 0
100183 0
184802 0
147402 0
233923 0
212163 0
288798 0
231875 0
058089 0
254385 0
044481 0
096005 0
225099 0
116114 0
127190 1
127193 0
127206 0
070404 0
036995 0
048282 0
235586 0
096129 0
146041 0
211804 0
009706 0
238040 0
149682 0
226002 0
075638 0
252508 0
089425 0
046184 0
065075 0
114112 0
248099 0
093945 0
108759 0
118891 0
095049 0
211734 0
188734 0
085647 0
113274 0
164174 0
118904 0
080781 0
079568 0
059778 0
133674 0
059205 0
275523 0
235583 0
105415 0
108799 0
077460 0
185201 0
028324 0
112809 0
253706 0
094513 0
072122 0
113520 0
255177 0
043260 0
137075 0
077445 0
051912 0
026875 0
135903 0
083624 0
165381 0
085027 0
134797 0
068759 0
285615 0
028674 0
069333 0
111083 0
071086 0
069400 0
146569 0
089845 0
076777 0
115352 0
026011 0
283955 0
283888 0
100939 0
058058 0
032980 0
260123 0
100940 0
288794 0
004592 0
048133 0
137371 0
211808 0
284162 0
052252 0
180415 0
143398 0
222631 0
183443 0
096305 0
184903 0
217978 0
111531 0
021706 0
032709 0
121134 0
135190 0
142237 0
117974 0
041694 0
063555 0
147412 0
077610 0
102362 0
130409 0
087274 0
095891 0
066871 0
187606 0
104259 0
076602 0
121884 0
116196 0
088863 0
057716 0
063730 0
130870 0
156723 1
157709 0
216680 0
008965 0
225402 0
065445 0
085001 0
084979 0
271691 0
065177 0
211625 0
072500 0
271620 0
078768 0
038501 0
032591 0
012772 0
085412 0
090597 0
087691 0
017648 0
126163 0
131081 0
193794 0
080456 0
040051 0
231306 0
288805 0
269754 0
200935 0
020426 0
138532 0
284386 0
063196 0
008384 0
267779 0
211609 0
089588 0
100555 0
041710 0
271177 0
269835 0
161512 0
083621 0
066873 0
000916 0
075686 0
083618 0
140282 0
069175 0
176866 0
114885 0
075701 0
077154 0
210650 0
087372 0
077591 0
103601 0
087657 0
116601 0
244181 0
163785 0
270009 0
279972 0
051313 0
062852 0
074777 0
101862 0
072803 0
105441 0
054059 0
086387 0
034473 0
250772 2
250787 2
085003 0
181607 0
252231 0
119261 0
110916 0
112560 0
254362 0
283990 0
238420 0
117333 0
094117 0
270191 0
275205 0
262120 0
251162 0
253743 0
009227 0
056394 0
001243 0
031393 0
164067 0
004681 0
252232 0
062743 0
115280 0
039660 0
127589 0
285464 0
254374 0
079870 0
007256 0
107853 0
281602 0
150833 0
078770 0
076636 0
108270 0
254450 0
076160 0
176602 0
269643 0
177436 0
127857 0
225360 0
068373 1
033233 0
058503 0
248359 0
088071 0
075527 0
082438 0
089840 0
273492 0
039979 0
057619 0
099395 0
040552 0
133870 0
059513 0
266856 0
093936 0
049410 0
239000 0
165597 0
128036 0
127234 0
076629 0
217215 0
055509 0
098453 0
008823 0
095877 0
081159 0
039939 0
118907 0
252248 0
176841 0
115525 0
066829 0
135145 0
065150 0
034988 0
093704 0
183593 0
096741 0
227522 0
186631 0
052462 0
046130 0
069947 0
275718 0
071313 0
059519 0
211606 0
088539 0
060960 0
075132 0
095192 0
146102 0
035199 0
097624 0
164166 0
144421 0
113367 0
027207 0
040553 0
286236 0
113794 0
104486 0
233958 0
129342 0
133458 0
114159 0
235778 0
252516 0
254789 0
269965 0
066925 0
225442 0
087386 0
112609 0
226024 0
276374 0
083620 0
116107 0
270015 0
238039 0
180560 0
140226 0
109109 0
259525 0
011969 0
147792 0
014210 0
094259 0
065513 0
084847 0
111224 0
042706 0
244667 0
099145 0
102573 0
052318 0
039934 0
076694 0
258725 0
081378 0
029256 0
100612 0
211796 0
118898 0
279837 0
130249 0
168445 0
130022 0
065087 0
145016 0
077787 0
283433 0
034510 0
009195 0
069809 0
039804 0
288067 0
101997 0
062752 0
139072 0
034274 0
266837 0
101167 0
063509 0
035115 0
239149 0
156777 0
244169 0
211875 0
284469 0
174890 0
099412 0
192617 0
165987 0
244175 1
004911 0
244174 1
244147 0
276238 0
244148 0
249738 0
285564 0
272888 0
137358 0
260478 0
233375 0
253186 0
243785 0
234918 0
097337 0
230824 0
284137 0
112513 0
003115 0
009646 0
135897 0
287170 0
270127 0
150886 0
077596 0
239868 0
062241 0
048265 0
005496 0
093749 0
131280 0
083586 0
280565 0
066387 0
027007 0
032548 0
128053 0
061180 1
061162 1
182269 0
075408 0
199063 0
283916 0
066872 0
039710 0
224206 0
046889 0
231175 0
234528 0
004898 0
212021 0
234864 0
285381 0
232618 0
043922 0
265952 0
149156 0
236191 0
099679 0
077622 0
284289 0
263094 0
009902 0
253967 0
096308 0
097803 0
085034 0
235927 0
289909 0
139081 0
254825 0
283952 0
006843 0
288792 1
067952 0
288795 0
260139 0
198927 0
017328 0
069787 0
074869 0
039980 0
061572 0
088742 0
035039 0
066874 0
082652 0
137366 0
281649 0
122778 0
082466 0
281647 0
236291 0
259058 0
236248 0
244316 0
110029 0
235895 0
147731 0
111035 0
067946 0
070259 0
071589 0
171054 0
186601 0
252346 0
235773 0
087876 0
112259 0
186023 0
087648 0
009918 0
204347 0
270123 0
094123 0
170847 0
029386 0
275190 0
071651 0
008600 0
185732 0
001571 0
259078 0
063972 0
101914 0
130576 0
054112 0
210942 0
051916 0
075106 0
131221 0
180796 0
136268 0
070038 0
127973 0
282003 0
066875 0
023887 0
050733 0
158693 0
088649 0
112312 0
057308 0
104762 0
130287 0
094850 0
177927 0
238144 0
040137 0
262927 0
077349 0
127025 0
096302 0
288793 0
126326 0
040617 0
245087 0
075956 0
144132 0
276191 0
009528 0
184385 0
179293 0
281842 0
093762 0
115879 0
082186 0
275204 0
102960 0
079555 0
258884 0
196387 0
039730 0
191436 0
177030 0
134095 0
028486 0
088177 0
281820 0
075125 0
241928 0
185019 0
134547 0
097751 0
196133 0
090688 0
081637 0
050395 0
140885 0
265992 0
104824 0
128062 0
049173 0
180723 0
283224 0
182743 0
178083 0
113376 0
163454 0
061629 0
093748 0
027665 0
187615 0
093911 0
004562 0
015671 0
137305 0
006390 0
085548 0
193807 0
181312 0
046093 0
215830 0
094124 0
081366 0
253198 0
264583 0
034367 0
070954 0
073066 0
063948 0
039750 0
229254 0
053145 0
284094 0
271200 0
094555 0
178283 0
029075 0
040181 0
238057 0
188151 0
156426 0
075109 0
054252 0
276214 0
052900 0
120001 0
030678 0
089673 0
034234 0
237531 0
040270 0
159104 0
081708 0
146370 0
262146 0
153955 0
081278 0
253094 0
229178 0
211718 0
048305 0
259762 0
273827 0
190481 0
281845 0
149669 0
101916 0
288804 0
228075 0
103577 0
226025 0
281683 0
211605 0
079542 0
269926 0
193205 0
140884 0
288796 0
120696 0
088175 0
085209 0
258950 0
062294 0
114749 0
214312 0
018972 0
001505 0
094928 0
286389 0
236722 0
140040 0
199906 0
053489 0
117628 0
266740 0
148576 0
122066 0
088089 0
150801 0
053596 0
044908 0
271248 0
234796 0
013224 0
190462 0
086524 0
070811 0
082982 0
089459 0
130566 0
054236 0
052450 0
244332 0
114019 0
055476 0
138680 0
173488 0
119635 0
145904 0
036280 0
259008 0
260121 0
258888 0
267224 0
186194 0
126359 0
175958 0
043908 0
130323 0
065822 0
122245 0
100004 2
197405 0
044135 0
190512 0
076693 0
115325 0
062985 0
260876 0
085759 0
255380 0
107852 0
242240 0
068441 0
022116 0
021875 0
048108 0
024985 0
098843 0
211822 0
288769 0
073326 0
145921 0
093764 0
285871 0
119935 0
059561 0
060980 0
174704 0
050633 0
279432 0
070610 1
103783 1
