256945 0
230335 2
230340 2
230428 2
230355 1
230426 2
206291 1
206280 1
206269 2
230364 2
230363 2
223497 2
196063 2
193018 0
231924 0
204674 2
204476 2
230344 1
230337 2
258140 1
258353 1
243031 1
198157 1
198115 1
198118 1
198455 1
198415 1
197992 1
197993 1
198101 1
254519 1
184158 2
184192 2
192945 1
194742 1
194745 1
274640 0
235789 1
253810 1
253813 1
256116 1
192678 2
192677 2
192675 2
192663 2
192655 2
229488 1
254610 1
237009 1
225781 1
225764 1
280219 1
225396 1
225455 1
225391 1
237403 1
227723 1
202248 2
277428 1
253648 1
279053 1
182488 2
276653 1
192572 1
176308 2
232476 1
279055 1
235141 1
275171 1
200051 1
190852 1
273216 1
234111 1
279002 1
231898 1
273448 1
267334 1
234068 2
234114 1
221180 1
268961 1
267160 1
286424 1
202805 2
286427 1
279064 1
192394 1
197763 1
234066 1
211234 1
234835 1
234820 1
158185 2
157915 2
228971 1
226749 1
234849 1
201220 1
269307 1
198024 1
234744 1
256582 1
018787 1
234736 1
170618 2
234413 1
230065 2
285320 1
190644 2
256447 2
285304 1
210727 1
284974 1
243640 1
253072 1
152397 2
152394 2
012750 2
243634 1
171519 1
236111 1
287546 1
163471 0
284985 1
287774 1
158186 2
198025 1
274684 1
268031 1
278512 1
267933 1
198244 1
257589 1
257974 1
274365 1
196081 1
274755 1
257973 1
154786 1
274670 1
154591 1
254248 1
259015 1
275049 1
275053 1
274719 1
153792 1
154568 1
255674 1
154775 1
254994 1
259841 1
256043 1
018698 1
191890 1
263989 1
159852 2
255652 1
275057 1
244910 1
258195 1
275060 1
276906 1
276458 2
213213 1
274764 1
160331 2
275022 1
154881 0
198889 1
191185 2
257108 1
199042 1
179398 1
164146 0
216295 1
240271 1
221402 1
239343 1
244416 1
241490 1
229438 1
199044 1
259514 1
199096 1
210361 1
184530 2
184556 2
184555 2
184588 2
184518 2
267238 1
279422 1
002622 2
199069 1
199068 1
274562 2
162819 2
269168 1
197039 1
244319 1
244305 1
244397 1
164091 1
082641 1
284330 1
271679 1
244399 1
267401 1
272303 1
273940 1
283188 1
002815 1
279771 1
082639 0
274541 1
010786 2
192558 1
274779 1
276658 1
221656 1
165387 1
173650 1
156642 1
278243 1
282846 1
270939 1
127117 2
222521 1
156647 2
221637 1
282864 1
282847 1
229631 2
221581 1
219675 1
158714 1
127264 1
127279 2
154427 1
158606 1
220748 1
255411 1
187255 2
270986 1
221887 1
222055 1
270958 1
187259 2
257402 1
269894 1
221429 1
257361 1
219727 0
270993 1
271313 1
138290 1
138253 1
157679 1
138763 0
276843 1
285653 1
270987 1
257302 1
270967 1
257307 1
244972 1
162056 2
244964 1
173202 2
244971 1
071106 1
244973 1
104279 1
071104 1
169647 1
233991 0
173207 2
284161 1
277173 1
104277 1
162882 2
244974 1
247029 1
162876 2
274680 1
247385 1
152398 2
247415 1
154734 0
257370 1
277175 1
016635 1
267629 1
193241 2
156351 1
276861 1
278702 1
152276 1
256880 1
156124 2
274658 1
247384 1
278785 1
257313 1
276971 1
274620 1
274625 1
276864 1
247028 1
277000 1
153710 1
274678 1
257324 1
275486 1
173216 2
257443 1
274662 1
257390 1
256932 1
173213 2
117133 1
275395 1
153712 1
275000 1
274772 1
277004 1
274739 1
275001 1
277003 1
274783 1
274741 1
256970 1
173331 2
274685 1
274777 1
151313 1
275414 1
274786 1
274778 1
274962 1
275135 1
257499 1
151310 1
257138 1
274996 1
275038 1
138292 0
257110 1
275163 1
257166 1
153556 1
257038 1
256892 2
275125 1
274997 1
274797 1
257503 1
275413 1
275137 1
151545 2
275400 1
153571 1
151544 1
274815 1
274820 1
276744 1
172953 2
151306 1
173330 2
172954 2
275061 1
278615 1
278547 1
153968 2
151318 1
279051 1
276844 1
151305 1
276849 1
153978 1
275062 1
153558 1
274998 1
275403 1
271015 1
153535 1
154788 2
139392 1
137821 1
275396 1
275074 1
276689 1
274836 1
015744 1
274713 1
165398 1
197756 1
154789 2
173411 0
276801 1
274736 1
161176 1
149142 1
274838 1
154898 1
279059 1
155576 1
274746 1
153738 1
275079 1
197205 1
279065 1
274711 1
275212 0
117120 1
274716 1
129926 0
274703 1
276748 0
257172 2
274706 1
161303 1
275399 1
197214 1
099631 0
275416 1
139475 2
161388 1
137861 1
275402 1
275260 1
274627 1
138385 1
161146 1
016029 1
137833 1
275076 1
161847 1
275078 1
274709 1
276664 1
156693 2
256931 2
275002 1
137856 1
137374 1
274841 1
154482 1
137364 1
275401 1
137316 1
154490 1
155031 2
275275 1
154824 1
275415 1
154826 1
173248 2
014352 1
275068 1
274768 1
275178 1
154771 1
201954 2
153052 1
148992 1
154749 2
274762 1
275069 1
137293 1
000106 1
274757 1
161356 1
221981 1
257094 1
274636 1
137288 2
257161 1
274579 1
274712 1
274742 1
275030 0
274724 1
154902 1
147163 0
274737 1
274740 1
274744 1
256889 2
172929 2
256890 2
274674 1
172878 1
173257 2
257117 1
189917 1
256888 2
274635 1
148555 0
275033 1
274573 1
274701 1
274733 1
153085 2
179117 0
173314 2
154764 1
274754 0
276749 1
154811 1
141561 2
173318 2
274626 1
154429 1
275071 2
275121 1
276767 1
274632 1
274570 1
257937 1
206973 0
210492 1
274775 1
154131 1
275081 2
257320 1
270935 1
275151 1
150202 1
154126 2
138236 2
242333 2
257321 1
276700 1
175742 0
274617 1
025714 1
274624 1
276677 1
276648 1
274595 1
276716 1
257365 2
270981 1
257374 1
138237 1
025296 1
270889 1
150125 1
150117 1
270881 1
153458 0
270953 1
242337 1
276715 1
274747 1
158948 2
274748 1
276357 1
176421 1
007457 0
176220 1
176408 1
276668 1
049168 1
256965 2
018867 0
276678 1
270994 1
276808 1
281038 1
276359 1
201672 2
278532 1
201691 2
276338 1
276380 1
176466 1
049176 1
276566 1
257158 0
269246 1
202656 1
274727 1
195894 1
275857 1
116046 0
276593 1
041905 1
250845 0
278538 1
271032 1
165833 1
276339 1
276358 1
276360 1
271036 1
165837 1
165747 1
257415 1
266772 1
276381 1
276567 1
165716 1
274600 0
275350 1
165875 1
165743 1
077143 1
163762 1
275472 1
166056 1
275349 1
275280 1
274871 1
158036 1
276651 1
257393 1
274830 1
275509 1
012969 0
275659 1
275594 1
257438 1
273961 1
160817 0
266768 1
256867 1
277283 0
271059 1
268611 1
273936 1
274732 1
275026 2
271054 1
276659 1
176221 1
274601 1
275664 1
269074 1
174422 1
174628 0
274016 1
268780 1
273246 1
276002 0
268663 1
269048 1
266069 1
269614 1
048718 2
266443 1
268674 1
173042 1
268678 1
269611 1
274873 1
274568 1
266072 1
266362 1
274749 1
268762 1
278540 1
265329 1
173296 1
269020 1
137220 2
160962 1
269602 1
267124 1
265315 1
278383 1
278386 1
173326 2
265224 1
265282 1
154130 0
267989 1
265245 1
266784 1
275006 1
271322 1
268954 1
173329 2
286426 1
268960 1
224392 1
256940 2
025713 0
160865 1
224160 1
269036 1
247387 1
274734 1
268944 1
269465 1
286423 1
176426 1
010552 1
247346 1
257420 1
269547 1
237434 1
257134 1
274760 1
223961 1
173561 1
034166 0
245033 1
273426 1
272508 0
173588 0
273451 1
278550 1
176222 2
257426 1
257237 1
274807 1
274801 1
247309 1
173386 1
274805 1
256987 2
275080 1
273221 1
138624 1
237420 1
138605 0
278559 1
274566 1
275070 1
278551 1
173381 1
238226 0
257234 2
237419 1
275032 1
275398 1
237435 1
190808 1
190778 1
190827 1
173347 2
174407 1
173408 1
276848 1
201070 1
173686 1
201148 1
274605 0
274667 1
173805 1
173334 1
174423 1
187276 1
274720 1
224069 1
173898 1
276992 1
276996 1
128527 1
174734 1
201142 1
201059 1
174697 1
264989 1
270802 1
221847 1
274585 1
276842 1
244873 2
128670 0
257135 1
256993 1
012978 0
270798 1
270801 1
174863 1
174874 1
273262 1
229348 1
148787 1
271540 0
273903 1
271304 1
273888 0
271601 1
225780 1
148772 2
201060 0
260364 1
232463 2
278800 0
275485 1
225454 1
225395 1
275491 1
271110 1
274633 1
276757 0
264027 1
257920 1
079258 1
197244 1
260380 1
177565 1
177571 1
264311 1
238482 2
225787 1
275430 1
190777 1
190386 2
161192 0
274639 1
273214 1
177920 1
275039 0
226748 0
177971 1
079259 1
075049 0
278561 1
275283 1
275292 1
257133 0
221903 1
178083 1
177885 0
156492 1
173315 2
119489 0
157893 2
278184 0
278611 1
157887 1
250460 2
162338 2
154957 2
192994 0
156493 1
154823 1
205411 1
156486 1
256893 1
271077 1
257140 1
204806 1
254372 0
173389 2
173397 2
154958 1
154790 2
259445 0
128671 1
163455 1
138735 0
278569 1
278798 1
094328 1
278606 1
154802 2
154763 1
154809 1
154843 1
130303 0
154173 1
278621 1
155167 0
006983 0
154632 1
273250 1
201071 0
223899 0
154633 1
274602 1
153969 1
154068 1
264799 1
264858 1
154067 1
264860 0
275738 1
154836 1
275365 1
278734 1
154845 1
154481 1
153988 0
277228 1
150878 1
154489 0
126341 1
074738 0
176693 1
275805 1
173200 2
173205 1
277212 1
094331 0
154756 1
163126 2
281456 0
173308 2
154835 0
173327 2
264990 0
176735 1
176733 1
163129 2
154813 0
176731 1
174625 0
015890 1
176695 1
275031 0
257678 1
168532 1
182637 1
159003 1
182631 1
173412 2
176738 2
188101 2
141319 0
159004 1
173415 2
150088 1
256982 1
168501 2
168502 2
211766 1
257672 2
126358 0
168489 1
196879 0
171566 1
164291 2
171555 1
162825 0
008754 2
270892 0
047229 0
158332 0
156494 0
211580 1
126217 0
178763 1
272169 2
178769 1
004144 1
017340 0
260981 0
286643 1
169185 0
178648 1
211767 1
118253 1
178787 1
286782 1
287543 0
272128 2
028877 0
278616 1
272001 2
272129 1
272403 1
257168 1
222898 0
257167 2
002315 1
172767 2
136149 0
018043 0
001552 1
172779 1
168132 0
278548 1
201578 0
154798 0
154671 1
276379 1
154672 0
151781 0
286714 1
220868 0
133162 1
153075 0
286809 1
273305 1
173400 2
283475 0
173409 2
256886 2
239866 0
271301 1
257145 1
278629 0
115973 1
085621 1
274574 1
257157 1
276742 1
085631 1
271044 1
257805 1
271374 1
226723 0
196066 0
164369 1
257800 1
154503 0
277968 1
189471 0
288095 0
277350 0
121893 0
276939 1
257502 1
271124 1
276945 1
148961 0
276731 1
257498 0
285989 1
277974 1
240606 0
285953 1
181744 1
054320 0
253389 0
019032 1
157176 1
227285 0
276732 1
276733 1
047152 0
271508 1
271406 1
148724 0
132795 1
276736 1
055489 0
173190 0
271116 1
286808 1
264409 0
004884 0
157181 1
172888 0
254390 0
286781 1
260633 0
052775 1
219199 0
126226 1
270957 1
096663 0
270992 1
275249 0
052637 1
063605 0
010931 0
271076 1
271065 1
132716 1
132816 1
132796 1
132834 1
132873 1
132868 1
276738 1
252220 0
173387 2
262792 0
162782 1
276565 1
275059 1
172224 0
275056 1
275048 1
173390 2
173362 0
165820 1
040862 0
274014 1
201147 0
193077 0
274020 1
271391 1
162856 1
162860 1
137365 1
275052 1
240547 0
173388 1
283476 1
154522 1
271509 1
173398 2
001232 0
147090 0
154524 0
283448 1
141958 0
278684 1
283477 1
283447 1
061214 1
257181 0
004324 0
164138 0
275366 1
281936 1
275422 1
279054 0
257121 1
276917 1
140539 0
276006 0
093474 0
257127 1
061176 1
276667 1
278640 1
275397 0
152231 0
138289 0
238381 0
061169 1
238299 0
282079 0
172896 2
000328 0
240284 1
007158 2
167223 0
253812 1
278641 0
173413 2
142245 0
271591 1
275363 1
175361 1
047410 0
120392 0
158972 1
173307 2
159062 0
201533 0
136199 1
276825 1
116876 0
276822 1
175623 0
271106 1
275884 1
162815 1
043658 0
243639 0
013218 0
052751 0
007440 0
275362 1
015398 0
224172 1
129556 0
064332 1
160610 2
224023 1
160616 2
224061 1
159076 1
274592 1
276728 1
276727 1
275521 1
274609 1
263191 1
276729 1
217221 0
189472 0
257218 1
277008 1
274854 0
153125 0
270948 1
204510 0
270979 1
263187 1
257207 2
267885 0
272190 1
263900 0
256411 0
272193 1
278637 1
119192 0
153463 0
277030 1
092046 0
276776 0
097602 0
251323 0
152247 0
047197 0
278632 1
278844 0
058551 1
278488 0
058336 0
277227 1
277211 1
277265 1
059492 0
277209 1
173253 1
227734 0
181240 0
150255 0
232949 0
283491 0
055131 0
276950 0
278809 0
265152 0
221693 0
101282 0
162906 0
194719 1
