238411 0
233640 0
269056 0
082766 0
266911 2
266308 1
266333 1
266375 0
266378 1
264605 0
266377 0
268383 0
253728 1
253658 1
253750 1
254619 2
254612 2
260528 0
249140 0
255441 1
255415 0
230163 0
253060 0
272264 0
231857 1
231245 1
231159 1
231163 1
231166 1
231211 0
197226 1
197225 1
238924 0
196091 0
236366 0
256565 1
256563 1
255934 2
255945 2
255948 2
255947 1
255944 1
255933 1
284588 0
233670 0
237246 0
255830 0
254778 0
220423 2
220465 2
220420 2
220483 2
220484 2
230770 0
196905 1
214158 2
214163 2
214144 2
158025 0
215719 0
171700 1
171709 1
171708 1
171674 1
171667 1
171673 1
254768 0
225614 0
195482 1
176947 0
199784 1
199759 1
199777 1
199803 1
199804 1
199745 1
199491 2
223029 1
223028 1
223031 1
223019 1
220112 2
223022 1
199778 1
223023 1
205360 1
219128 1
253896 1
222593 2
219118 1
253886 1
253883 1
222592 2
196301 0
224828 0
272657 0
213979 0
204547 2
203701 1
218536 2
204937 2
204651 2
250905 0
201513 2
220383 0
219595 2
196998 0
246421 0
244696 1
223325 1
230436 2
230409 2
221598 0
256618 0
219117 0
200380 1
200375 1
192997 1
197885 2
192939 1
170993 1
270247 2
270249 2
233293 1
281452 1
233323 1
280266 1
256926 0
252789 2
252870 2
213686 0
235732 0
256555 2
278925 0
275836 0
201928 1
196602 1
192846 1
255359 0
196578 1
196355 0
199086 0
221880 2
229912 0
264983 0
215475 0
138350 1
271342 0
018195 2
128964 2
182984 0
150514 0
193071 2
193069 2
237515 2
151726 0
196886 2
199839 2
279720 0
197365 2
197336 2
224126 1
224124 0
213872 0
245035 0
197822 2
197819 2
173785 2
115046 0
250880 0
224094 1
180090 0
139289 0
173789 2
197728 0
224096 1
199811 2
196095 2
199809 2
192783 2
192731 2
131685 1
253020 0
277942 0
211720 0
196802 2
263117 2
202756 0
250120 0
275837 2
275773 0
256058 0
177419 2
177418 2
194089 0
177416 2
177403 1
214487 0
199253 0
177432 2
281372 0
207424 1
206181 1
153213 0
270248 2
199808 0
232598 0
270246 2
151660 0
196073 0
202653 0
273727 0
258702 2
258909 0
139789 0
219124 0
131696 2
254751 2
131700 2
254707 2
253604 2
254747 2
131713 2
131701 2
002207 1
133368 2
131609 2
131611 2
131608 2
131600 2
131587 2
131588 1
131790 2
131772 2
131884 2
133019 2
131876 1
133308 0
143182 1
131661 0
143165 1
131578 2
131575 2
131570 2
131574 2
131576 2
142750 2
130952 2
142751 2
142745 1
144128 2
144270 2
142691 1
130088 2
144271 2
131763 2
130092 2
144100 2
264721 0
130167 2
143960 1
143927 2
143938 2
131761 2
143958 2
143467 2
143415 1
143421 2
131748 2
143420 1
140262 2
129729 2
140220 2
129807 2
139765 2
138983 2
129808 2
129880 2
140176 2
140186 2
130860 2
129834 2
129849 2
139727 2
139522 2
139396 2
130871 2
139517 2
139399 2
129712 2
139314 2
141101 2
138405 2
139296 2
138981 2
194954 2
130864 2
141131 2
139211 2
132060 2
141100 2
144582 2
141082 2
138915 2
130877 2
138931 2
130898 2
138943 2
138913 2
132044 2
138867 2
138803 2
135019 2
134997 2
134905 2
130844 2
138816 2
133670 2
133812 2
138854 2
002927 2
144569 2
133660 2
138843 2
002886 2
132821 2
138810 2
002765 2
144617 2
132786 2
132780 2
144564 2
133638 2
002682 2
132779 2
006573 2
134093 2
134068 2
138797 2
134830 2
134895 2
144556 2
134064 2
002928 2
134073 2
133984 2
144810 2
003607 2
134837 2
132693 2
133944 2
138973 2
132694 2
002889 2
134000 2
134832 1
131925 2
133999 2
132446 2
130243 1
140263 2
130244 1
133980 2
138848 1
002890 2
134896 2
132655 2
136686 2
132678 2
130230 2
132459 2
144853 2
130251 2
130253 2
130257 2
137392 2
002741 2
136638 2
144954 2
138767 2
132419 1
144956 2
130280 2
006734 2
144650 1
139726 0
140394 2
130265 2
144948 2
139067 2
145922 0
144060 2
002264 0
144724 1
144952 2
144945 2
010966 2
133780 2
144048 2
115297 2
144054 2
144935 2
144053 2
132431 1
069824 2
133779 2
144722 1
006634 2
144721 1
102997 2
123283 2
133794 2
144632 1
144725 1
132642 2
013779 2
133755 2
132644 0
144968 2
136931 0
178351 2
136475 0
002447 2
114660 2
141345 2
138632 2
114662 2
138990 2
178089 0
123302 2
138636 2
069567 2
102740 2
141332 0
138525 2
138955 0
069628 2
102801 2
069649 2
102822 2
194176 2
144590 1
144164 1
143317 0
129994 2
129014 2
006435 2
132639 0
238035 0
130487 2
018274 2
129937 2
129987 2
129934 2
129809 2
137299 2
129989 2
128911 2
129019 2
129992 2
006417 2
130491 2
132554 1
130116 0
144183 1
194219 2
194183 2
006624 2
137183 0
130497 2
131805 2
012079 2
130909 1
144175 1
131799 2
138769 2
122892 2
130495 2
130511 2
130518 2
147423 2
147416 2
109034 2
147406 2
132386 0
138749 2
006436 2
138394 2
139758 2
138686 2
161721 2
130522 2
130704 2
158169 0
130696 2
138508 2
144135 2
139134 1
009964 2
130698 2
138390 1
130711 2
138393 2
141169 2
147609 2
139763 0
138503 2
138748 2
006299 2
140972 2
006608 0
147614 2
138498 0
138575 0
140960 0
147589 2
138507 1
139198 0
143408 2
008264 2
085633 2
112720 0
150966 0
132559 1
015179 0
139987 2
147720 2
147566 2
006472 2
205351 2
205350 2
138496 2
037084 0
140973 2
130454 0
131565 2
099474 0
161269 2
139977 2
148166 2
139965 2
147360 0
131726 2
012785 2
146129 2
017632 1
129379 1
129452 1
131717 0
129355 1
132384 2
129372 1
129371 1
129375 1
129376 1
129447 1
129378 1
129373 1
129374 1
129381 1
129441 1
129456 1
129434 1
144160 2
129448 1
195404 2
232406 0
195378 2
144134 2
195349 2
195236 2
195228 2
131580 1
195317 2
006388 2
117348 2
226533 2
130228 0
117144 2
117375 2
117370 2
138486 0
226463 2
260672 0
226421 2
195204 2
133182 2
151698 0
115341 1
133191 2
133169 0
137072 1
157909 2
115349 1
115354 1
136933 1
115381 1
101245 2
135993 0
254773 0
101241 2
006064 0
101246 2
101243 2
101252 0
177430 0
196009 0
140920 0
006369 2
239901 0
132555 1
132543 1
132166 1
136168 0
132147 1
132159 0
220654 2
133167 0
196680 2
220660 0
155611 2
147404 2
132152 1
139846 0
189130 0
155610 2
255577 0
140848 0
093115 0
129127 0
141939 2
132150 1
131883 2
132153 1
202751 0
132148 1
131880 0
202104 0
152635 0
132146 0
150585 0
141915 2
010285 2
141912 2
139439 1
132643 0
150081 0
132145 0
122613 2
196522 2
196366 2
122612 2
196211 2
140369 0
132168 1
155759 0
141583 0
196210 2
097596 0
280878 0
243609 0
202757 0
258572 0
199203 2
132164 1
233638 0
134989 0
199174 2
000755 2
014308 0
132161 0
130061 2
194367 2
132160 1
101256 0
119284 0
211782 0
129901 0
150029 2
150011 2
150037 2
150026 0
167201 2
213570 0
150031 2
150019 2
167296 2
167297 2
167248 2
167146 2
232400 0
131663 2
150967 0
168168 0
013729 2
225970 0
067512 0
240617 1
240583 1
076131 2
145015 0
268368 0
080274 0
177438 0
125566 0
130337 2
217202 0
152790 0
130357 2
144747 0
130371 2
220506 0
130401 1
130477 0
129124 0
240145 0
112761 0
230097 0
091021 0
075967 2
144328 0
147065 0
199638 2
240616 0
137425 0
199604 2
131620 1
006302 0
114734 0
131612 0
222313 0
131614 1
141330 0
108974 0
130756 1
131621 1
158023 0
238303 0
131617 0
238097 0
133028 0
199876 0
131616 0
152927 0
138543 0
148064 0
158296 2
144420 0
130751 1
130722 1
166207 0
240136 0
115048 1
130824 1
130798 1
196670 2
197256 2
092325 0
198626 2
196668 2
198624 2
196661 2
196655 2
115051 0
198620 2
196646 2
240261 0
158363 0
196621 0
155578 0
198541 2
198537 2
136929 0
199075 2
199079 2
199090 2
198530 2
238207 0
160164 2
233904 0
064895 2
064885 0
058557 2
130758 1
018126 0
160208 2
162879 0
115802 0
135853 0
238033 0
138576 0
213024 0
007476 0
085175 0
147850 0
255186 0
010257 0
202071 2
131865 0
260570 0
138891 0
111820 0
144345 0
200687 0
131084 2
008642 0
131138 2
131228 2
131013 2
168267 0
163692 2
131235 2
141986 2
222862 0
018134 0
017540 0
072255 0
200540 0
143316 0
197544 1
101352 0
140037 0
155222 0
190459 2
257879 0
147086 0
250808 0
190473 0
152620 0
147982 0
190470 2
132503 0
202105 0
202755 0
131028 0
092694 0
139718 0
148775 0
161997 2
095708 0
161993 2
261139 0
197679 2
008865 0
135877 0
037387 0
243735 0
150915 2
157805 2
137458 0
197674 2
150077 0
255923 0
194412 2
194616 0
239906 0
256503 0
198333 2
134642 0
222299 0
198339 2
198312 0
147055 2
215692 0
130570 0
018127 0
150934 0
253856 2
253827 2
253844 2
194642 0
253847 2
227023 0
155497 0
178091 0
198307 0
117436 0
099857 0
193696 2
225555 0
241271 0
140380 0
010255 2
241647 1
241658 1
122582 2
122559 1
122509 0
115985 0
241816 0
101385 0
145928 0
130237 0
017038 2
289519 0
133677 0
079631 1
201197 0
135216 0
079638 0
102075 0
165442 0
129054 0
157512 0
138952 0
191888 0
199269 1
196331 0
138656 0
196025 0
150512 0
199268 1
124819 0
223369 1
071812 0
197863 2
197865 2
133015 0
193164 0
256122 0
076670 0
200458 2
258499 0
138427 0
005969 0
199239 0
148903 0
002542 2
158022 0
002509 0
198304 0
196941 2
196928 2
132457 2
084138 2
084119 2
195999 0
149728 0
139837 0
240494 0
195433 0
222160 0
129686 0
159833 0
124726 0
077514 0
136916 0
232777 0
155508 0
210601 1
008887 0
288441 0
012900 0
010353 0
143407 0
075574 2
091012 0
162711 2
075759 2
075516 2
263564 0
075838 2
075502 2
075749 2
075913 2
075837 2
167810 0
130351 0
163811 0
225583 0
115977 0
253930 0
131010 0
198353 0
178092 0
196356 0
133126 0
037581 0
242242 0
266709 0
157353 0
081539 0
059213 0
213514 0
193439 2
082920 0
168268 0
136825 0
198482 0
135215 0
058497 0
139341 0
255523 0
011792 0
148691 0
138491 2
077478 0
027818 0
238380 0
091099 0
183510 0
253631 0
133629 0
139456 2
139454 0
138422 0
138484 0
131860 1
131850 0
252539 0
138492 0
114722 0
269062 2
253573 0
268978 2
278863 0
161056 0
140814 0
269254 2
152878 0
269112 0
151652 1
269219 2
151649 1
008534 1
269138 1
222490 0
232150 0
151676 1
132129 0
112623 1
136170 0
269284 0
255274 2
112572 0
112596 0
140847 0
205250 0
151658 0
140822 0
202749 0
225613 0
197366 0
076019 2
161573 0
150073 0
189122 0
075989 2
105428 0
112570 0
140828 0
130309 0
137462 0
269037 1
018000 0
062967 0
159764 0
136914 0
138892 0
156127 1
268985 1
