085524 1
010305 0
018145 2
115245 2
113573 2
113600 2
131477 0
080586 0
010298 2
082362 0
117089 0
112019 0
065268 2
025309 2
156872 2
156873 2
188475 0
156669 0
201258 0
043640 0
022398 0
256080 0
002358 1
002952 1
135618 1
131812 2
131791 2
131798 2
131875 2
134989 0
134318 2
014596 0
012210 0
002393 0
266540 2
266582 2
047560 2
188305 0
027104 0
266697 0
261665 0
132166 0
192317 0
010561 0
203776 2
005560 0
019053 0
131028 0
041627 2
028855 2
028845 2
033670 2
031620 1
148592 0
147577 2
147431 2
147377 2
188438 1
188465 0
275726 2
275736 2
275710 2
270824 0
188756 1
188752 1
188724 1
188725 0
269301 0
188437 0
202336 0
041609 1
015065 2
125665 2
242301 0
169352 1
169256 1
013161 0
262452 2
087337 2
165103 2
243426 1
163233 2
178675 2
135992 0
046562 1
042736 1
059149 1
059140 1
043439 0
044250 1
083067 1
181541 2
181534 2
181522 2
196436 1
200983 2
161509 0
221708 2
231734 2
231729 2
201081 1
200969 2
086871 1
199560 2
276206 1
201400 0
288056 0
243192 2
133238 0
243183 2
243191 2
230009 0
288085 0
188462 0
032811 1
086117 1
199440 0
054450 2
054425 2
030282 1
279544 1
041103 1
041116 1
019237 0
098222 1
025413 1
025448 0
085563 2
032133 2
023147 0
008667 0
188679 0
082131 2
082139 2
034268 0
164504 2
164492 1
163880 1
080734 0
058295 1
164498 1
270873 0
164494 1
061796 1
062473 1
040992 1
051265 0
263369 0
101316 1
101389 0
088248 0
260990 1
261018 1
261046 1
028390 0
162927 0
024026 0
101338 0
086484 1
081660 0
045271 0
065001 0
101230 0
211557 0
214878 0
276653 0
028432 0
115806 1
201255 0
035966 0
160721 0
218213 0
042016 0
232047 0
219756 2
027960 1
010190 0
098950 0
219768 2
198311 0
025214 0
024576 0
007089 0
289343 1
289268 1
270829 0
243459 0
223166 1
022376 0
115807 1
276750 0
052743 1
052729 0
058159 2
198224 0
067419 0
097780 0
279543 0
029261 0
032651 0
126329 0
233688 0
051490 0
025257 0
190438 0
243227 1
288057 0
144703 0
095567 0
034675 0
242605 0
023063 0
045809 0
286572 0
031458 0
221740 0
163027 0
144655 0
018757 0
095209 1
188643 0
024439 1
027825 1
007153 0
254322 1
023183 1
237246 0
133985 0
032836 1
024807 0
266717 0
010216 0
088255 0
022682 1
023135 0
043798 0
137335 0
029049 0
032794 1
209842 0
078968 0
028611 0
025583 0
117300 0
243465 1
254321 1
254757 1
254681 1
253905 1
253816 1
129054 0
031742 0
260614 0
221162 0
162917 0
064233 0
045985 1
046004 1
211122 0
260991 1
261019 1
261047 1
261311 0
221981 0
155605 0
261313 0
161176 0
275725 0
219847 2
023068 1
023065 1
023007 1
133812 0
023503 0
277771 0
273790 1
273798 0
162921 0
032358 0
188472 0
151200 1
019780 0
161845 0
161512 0
180752 1
260871 0
198291 0
126331 0
180750 0
236363 0
266101 0
270635 1
243427 1
222411 0
243406 1
243411 1
272252 0
135486 0
243416 1
243419 1
243425 1
224622 0
225149 1
225150 0
162992 0
169185 0
225151 0
041121 1
277907 0
134919 0
286574 0
098951 0
269555 1
209054 0
269508 0
204982 0
229563 0
229607 0
262573 0
014045 0
270602 0
109765 0
041247 1
190322 2
229617 0
188611 0
019779 0
045812 0
041088 1
041091 1
041086 1
041074 1
005750 0
025614 1
045596 1
045551 1
025762 0
046128 0
269556 0
188288 0
031741 0
253914 0
269934 0
077365 0
193123 0
045416 0
044567 0
260971 0
144875 0
002892 0
028610 0
037046 0
038130 0
192328 0
279742 0
149965 1
149966 1
025589 0
040778 2
040803 2
035001 0
082138 0
093404 0
116317 0
037066 0
097921 0
180748 0
009426 1
080459 0
242597 0
192264 0
230327 0
082130 0
040913 0
188602 0
197998 1
158086 0
198035 1
278838 0
155532 1
155639 0
028366 0
117761 0
101960 0
109993 0
155626 0
115590 0
041325 1
041346 1
024577 0
164458 0
279171 0
219540 0
058926 1
058294 0
045810 1
205048 0
046003 0
139042 0
187725 1
187728 1
270821 1
270930 1
270940 1
270969 1
270971 1
188665 0
025677 0
286997 1
022405 0
287006 1
286763 1
286775 1
283190 1
283192 1
283220 1
283191 1
283223 1
264031 0
288149 0
273435 0
274038 0
045984 0
088254 0
129059 0
009626 0
159309 0
160649 0
288194 0
281366 0
113800 0
271065 0
223513 1
198226 0
223504 1
063843 0
049365 0
078408 0
275793 0
008711 0
038268 0
283130 0
018663 1
041276 0
188726 0
083166 0
041690 0
230228 0
025258 0
259632 0
275735 1
151864 0
165911 0
126330 0
228027 0
231559 1
241834 0
139343 0
083153 0
243994 0
270915 2
270917 1
274597 1
270925 0
288359 0
253915 0
083387 1
120366 0
260972 0
126434 0
052847 0
033594 1
274973 0
262574 0
089329 1
099965 0
288140 0
188728 0
270607 0
027466 0
270608 0
287500 0
219942 1
276205 0
241407 0
083032 0
022244 0
056031 0
219135 1
219182 1
043630 0
079119 0
262155 0
150329 0
191138 0
021805 0
108158 0
160364 0
077374 0
199182 0
116778 0
029675 0
081855 0
187927 0
154120 0
234442 0
014207 0
082105 0
252806 0
176112 0
079742 0
034741 0
054587 0
052860 0
088247 0
028342 1
085755 0
056140 0
003762 1
135641 2
025484 0
080861 0
034982 2
006341 1
137812 0
079138 0
109986 0
068441 0
275785 0
045645 0
264137 0
280794 0
156964 0
143899 0
285990 0
283483 0
269524 0
165919 0
143951 1
093225 1
093266 1
143947 0
211241 0
266107 0
093308 0
022401 0
054870 0
228923 0
143934 0
167767 0
062996 0
126530 0
019336 0
109788 0
049379 0
277912 0
093329 1
079380 0
188825 0
045970 0
023390 0
212687 0
137073 1
083018 0
125468 0
124601 0
095482 0
115926 0
093295 0
027315 1
287951 0
194999 0
049754 0
078158 0
161852 0
050708 0
118013 0
253916 0
142145 0
027131 0
287328 0
047897 0
146850 0
009413 0
058451 0
136941 0
099436 0
267093 0
078687 0
139347 0
033226 0
235031 0
121872 0
000642 0
242580 0
089622 0
256434 0
222560 0
021449 0
188698 1
188701 1
033224 0
187768 0
272621 2
221441 2
159465 2
125337 0
037044 0
269933 0
061400 0
128375 2
202519 1
125331 0
197894 0
203181 0
165447 0
241409 0
015417 0
059379 0
097588 0
058764 0
048981 0
040999 0
049585 0
219918 0
115934 1
272508 0
115948 1
116322 0
264409 0
067221 0
125322 0
166144 0
085278 2
191159 0
085293 2
