226419 1
202309 1
253060 1
191960 1
192027 1
191952 1
233435 2
207523 2
199800 1
199799 1
199644 0
201723 1
201733 2
141618 0
258502 2
261671 0
223623 0
243224 1
243208 1
243497 1
257917 2
243496 1
243402 1
243401 1
243811 1
243818 1
243780 1
243779 1
244136 1
244143 1
243528 0
250339 1
250338 1
287168 2
229701 2
287669 2
258244 1
243559 1
243558 1
243862 1
243834 1
243857 1
243843 1
256434 0
211355 1
243826 0
211988 0
244363 1
205780 0
244341 1
250887 2
257243 1
257343 1
257272 1
244732 0
242947 2
227462 1
227546 0
271663 2
242624 2
275040 2
275063 2
271664 2
275029 2
228782 1
196270 2
228911 1
228781 1
228910 1
253501 2
199662 1
199768 1
253557 2
253570 2
253575 2
253600 2
253675 2
253602 2
253701 2
253425 2
253449 2
253502 2
253558 2
253571 2
253576 2
253354 2
244471 2
244451 2
210978 1
187602 2
210803 2
275249 0
253569 0
210735 2
207193 1
229632 2
206995 1
229876 2
229964 2
234372 2
205796 2
183845 2
183853 1
206423 2
108832 1
108880 1
108911 1
234371 2
108912 1
109176 1
109198 1
109210 1
015242 0
206434 2
240501 2
208579 1
202794 1
202237 1
202384 1
202398 0
201756 1
210756 1
184706 1
184695 2
128627 1
080223 2
206808 1
256767 2
210748 2
256770 2
128478 1
203074 0
210965 2
202470 0
201638 1
017574 2
256022 1
256099 1
255936 1
254637 1
255060 1
225400 2
199789 0
254881 0
224535 2
231133 0
208546 2
216167 1
203076 2
197534 1
197450 1
197440 1
203072 2
025484 0
184747 1
252372 0
201963 1
201964 1
243186 1
201958 1
200003 1
202797 0
101493 1
202963 0
199967 1
244423 1
244426 2
244436 2
244261 2
244365 1
202262 1
244353 2
202344 1
244366 1
244367 1
206698 2
237379 2
258373 2
258357 2
237336 2
237378 0
206720 2
206709 2
206885 2
244425 2
226922 1
165336 0
208051 1
206797 1
207204 1
203070 0
123878 0
234290 1
155811 1
199226 1
234289 0
201815 1
019075 1
262867 1
244435 0
201813 1
199222 1
209030 1
199153 1
281992 0
265042 1
199154 1
136116 0
199156 1
199160 1
199558 1
146539 2
262872 1
258430 0
282970 0
262174 0
199458 1
199482 1
152471 0
080833 1
