198719 1
198743 0
198677 0
198852 1
198856 1
198776 1
198801 1
198707 1
198733 0
198663 1
198705 1
198933 1
198769 1
198710 1
198765 1
198966 1
199190 1
198835 1
198704 1
198721 1
198730 1
198786 1
198738 1
198751 1
198793 1
198874 1
198742 1
198726 1
198844 1
198771 1
198976 1
198668 1
198732 1
198660 1
199493 1
198789 1
198768 1
198945 1
199496 1
198669 1
198739 1
200604 1
198666 1
199159 1
199161 1
198783 1
198896 1
198814 1
198791 1
198823 1
198754 1
198845 1
198968 1
198973 1
200605 1
198756 1
198784 1
200570 1
198816 1
198782 1
198794 1
198822 1
210839 1
200569 1
198683 1
200574 1
198939 1
198712 1
200573 1
198688 1
198795 1
198686 1
198689 1
198944 1
198713 1
198731 1
200601 1
200608 1
200514 1
199183 1
200516 1
199166 1
199200 1
198706 1
198757 1
198837 1
198761 1
198728 1
198762 1
198892 1
198770 1
198902 1
198790 1
200753 1
200815 1
198667 1
198718 1
198796 1
198781 1
199459 1
199471 1
202147 1
202176 1
198797 1
198780 1
199517 1
199529 1
198722 1
198760 1
198674 1
198682 1
198700 1
198711 1
198716 1
198729 1
198785 1
198792 1
199750 1
199755 1
252126 1
206918 1
198701 1
228092 1
227990 1
199384 1
199387 1
198725 1
199363 1
198827 1
198799 1
130457 0
078132 0
022353 1
022349 2
160226 0
199367 1
199369 1
244264 0
162642 0
101991 0
074804 1
065796 1
065794 2
065792 1
149512 1
015646 1
149515 2
074945 1
074962 1
200249 1
165418 1
149596 1
149597 1
165031 1
147618 2
147617 2
200289 1
147606 1
147588 1
147619 2
200290 1
165021 1
165001 1
078546 1
256989 1
152566 1
198504 1
198506 1
028902 0
152579 1
159218 2
243522 1
159230 1
049954 1
149600 1
202185 1
049866 1
049818 1
202212 1
049348 1
057016 1
049514 1
241507 1
052116 1
221164 1
278854 2
149860 2
241515 1
069040 1
149876 1
052126 1
149852 1
255353 1
082239 1
082331 0
150677 1
150658 1
150679 1
150681 1
043983 1
150690 1
150985 1
015582 2
074917 1
074853 1
074854 2
043986 2
082705 1
082601 1
051331 1
075117 2
075135 0
075495 1
046252 2
046248 1
077469 1
046247 1
043998 1
049860 2
223669 1
080088 1
075528 1
016625 0
075559 1
074522 1
052221 1
075744 0
074591 1
075269 1
039964 1
220642 1
078602 1
091169 1
045899 2
082062 1
086516 1
201119 0
082060 1
065672 1
078063 2
045909 1
220375 1
082435 1
050055 1
082763 0
108254 0
149938 1
039946 1
149937 1
065764 1
065828 0
039926 1
056643 1
164824 1
199770 1
162241 1
098370 1
015831 0
039513 0
199850 1
199849 1
075477 1
150111 1
075554 1
077635 1
077586 1
153874 1
198369 0
056583 0
145570 1
153322 1
065582 1
223496 1
176786 0
150721 0
158664 1
270306 1
051393 0
045815 1
200231 1
057296 1
161042 1
161083 1
161048 2
042551 1
075697 1
161046 1
259826 0
067765 0
025719 1
148148 0
272453 1
175446 0
272462 1
275872 0
057843 1
160306 2
046624 1
039503 2
035579 1
160355 1
205179 1
239837 1
240568 0
205181 1
203736 1
203752 1
091881 1
091844 2
218106 1
272105 1
091167 0
267862 2
224998 0
149540 1
267773 1
224243 0
189195 1
149523 2
015639 2
015658 1
149553 2
084600 0
189117 0
065974 0
011450 1
160378 1
099409 1
098690 1
199365 1
199362 1
009983 1
199358 1
277452 0
162339 0
099701 1
096172 1
098526 1
050899 2
158891 0
050900 1
046167 1
098003 1
046163 2
157073 0
046181 2
046241 1
046164 1
272024 2
082203 1
271668 1
271981 1
046394 2
046279 1
046277 2
271851 1
062808 1
062805 2
062772 1
272023 1
149349 0
062814 1
271909 1
272106 1
039713 1
082265 1
199163 1
092908 0
096368 1
276250 1
167828 0
046427 1
276302 1
099317 0
044663 2
045979 1
025744 0
272415 1
046316 1
046354 1
045936 2
045119 1
272539 2
060898 0
045384 0
058863 1
240097 0
100175 0
079435 1
099700 1
060360 0
277120 1
099041 0
046168 1
046104 1
050812 2
050873 2
266890 1
222239 1
222245 2
266942 2
126814 1
039749 0
152443 1
161689 1
039779 0
161690 1
