044384 1
044349 1
044314 2
044601 1
044602 2
044616 1
045920 1
045916 2
040949 2
040982 1
044821 1
044698 2
035123 1
035773 1
046466 2
041639 2
036104 1
036111 2
035759 1
035766 1
035748 2
035797 1
035786 2
035757 1
035785 1
035903 2
035981 1
035900 1
035755 1
035906 2
035760 1
035788 1
035872 2
035806 1
035824 2
035902 2
035756 1
035849 1
035861 2
037794 2
037793 1
040929 1
040928 2
035758 1
036308 1
046546 1
036034 1
045324 1
045318 2
035765 1
035908 2
051755 1
041632 2
035832 2
035838 1
035843 1
035792 1
036135 1
036141 1
037314 2
037242 1
036136 1
036142 1
036275 1
036340 1
036140 2
044442 2
044408 2
044332 1
045468 1
044525 1
044524 1
035817 2
035783 1
040755 1
040898 1
045973 1
045965 1
035918 1
035919 1
035867 2
035842 1
035873 2
035787 1
044732 2
044737 1
041577 2
041594 1
044731 1
044899 1
036131 2
044368 1
045511 1
046519 1
046514 2
045435 2
044157 2
045896 1
045358 1
045356 2
045014 1
044989 2
045708 1
046049 1
046014 2
044638 2
044633 2
044642 2
046047 1
044738 2
044746 1
044643 2
218004 1
044634 2
044327 1
044001 2
044689 1
044632 1
035675 2
035674 1
035676 2
035699 2
035937 1
035935 2
040822 2
040936 1
046355 1
040792 1
044680 1
046288 1
035904 2
044578 2
044585 1
046594 2
044474 1
044939 1
044936 1
044780 2
044756 2
044745 1
044775 2
044739 2
044759 2
044762 1
044748 1
044740 1
044733 2
044835 1
044891 1
044882 2
088107 1
045891 1
045889 2
045845 2
045862 1
045854 1
039568 2
040900 1
039995 2
040751 2
035948 1
044253 1
036242 1
044593 1
044591 2
046117 2
044445 2
044511 1
044933 1
044264 1
044558 1
046489 2
046476 1
045231 2
044582 1
044254 2
046493 2
046459 1
040937 1
044239 1
046293 2
045857 1
041014 2
045234 1
044315 2
209417 1
044503 1
044743 1
044323 1
035859 2
046502 2
046509 1
036702 2
040902 2
046409 2
046411 2
035879 2
041119 2
035777 1
041480 1
045117 2
041536 2
045623 2
045698 2
036738 2
042260 2
040975 2
045692 1
042840 2
042358 2
041394 1
045624 1
045758 2
041388 1
045727 2
044268 2
045619 2
044351 2
035978 2
045489 2
040903 2
050685 2
041306 1
036160 2
045955 1
049892 2
041626 1
049889 1
045928 1
045689 2
045954 1
045488 2
045177 2
044098 2
045024 2
044391 2
044366 2
044509 2
035649 1
051325 2
045241 2
045296 1
045307 2
045319 1
044495 2
043995 2
044278 1
044220 1
044273 1
036098 1
035956 1
035933 2
046491 2
040905 1
045983 2
035951 1
035878 2
035776 1
045425 2
035863 2
035846 1
045536 1
045982 2
035934 1
044579 2
035860 2
044561 1
035851 1
036372 2
036013 1
044064 1
036123 1
035831 2
035752 2
046375 1
050961 1
043895 1
037685 2
044473 2
037675 1
035926 2
035925 1
035888 2
044736 1
044716 1
044721 1
044498 1
044520 1
044906 1
035384 1
035304 1
035286 1
035283 1
037146 2
044468 2
044537 1
040816 2
040932 1
046379 2
044617 1
040793 2
036907 1
040752 1
035791 1
045532 2
044291 1
040901 1
044160 2
045268 2
046462 2
046461 2
209902 1
035912 2
045999 1
044678 1
040915 1
101760 0
035778 1
044777 1
044162 2
035790 1
044405 1
044755 2
036000 1
035929 2
044419 1
044767 1
264818 1
264847 1
264831 1
044032 2
044692 1
040962 1
037065 1
044577 2
044584 1
044307 1
046337 1
035922 2
051516 1
035927 1
044581 2
043765 1
054578 1
214288 1
045443 2
049302 1
049306 1
044747 1
044039 1
040916 1
215119 1
214463 1
044568 2
044613 1
044002 2
205162 1
044600 1
044571 1
045497 2
045501 1
044203 1
043977 1
044387 1
044599 1
051148 2
217289 1
040783 2
040907 1
048904 1
045998 1
041026 1
045367 1
045351 2
044614 1
045487 1
045473 2
044536 1
140935 0
051517 1
035841 1
208357 1
046198 1
035711 2
044735 1
035744 1
046196 1
059086 1
044402 2
037447 1
059415 1
044789 1
044703 2
051339 1
044589 1
036765 2
036748 1
044992 2
264813 0
043856 0
040819 2
045005 1
044353 1
070619 0
204479 1
044717 1
044705 2
040892 1
044223 1
044688 1
045801 1
066382 0
044549 1
043900 1
209846 1
044687 1
044730 1
044606 1
045499 0
051064 2
036186 2
051066 1
035708 1
214961 1
044851 2
044636 2
043932 1
051514 1
044603 2
044677 1
051338 1
205166 1
045163 1
036683 1
037880 1
035853 1
207060 1
036652 1
036964 0
044644 2
209446 1
048134 1
044781 2
036663 1
037902 2
036325 2
044587 1
044626 1
034661 1
216389 1
062993 0
037924 2
205156 1
044685 1
043982 1
207646 1
040934 1
043876 1
036990 2
037528 2
044741 1
205767 1
044734 2
035885 1
044375 1
044149 0
218408 1
044801 1
043922 1
044955 1
044838 1
043908 2
051468 0
037445 1
045927 0
205282 1
201226 1
051742 1
044256 2
205151 1
110561 1
036978 1
218332 1
208210 0
037213 1
205164 1
205765 1
215467 1
206535 1
051744 1
065947 0
045248 1
217907 1
044715 2
213276 1
051482 1
110530 1
044720 1
214705 1
044690 1
212460 1
035923 2
207658 1
044270 1
044592 1
035420 0
044280 2
203894 1
044310 1
044552 1
040821 1
035921 1
045757 1
044357 1
051042 1
044085 0
044374 1
044649 1
207006 1
045178 1
040935 1
133501 0
044048 1
050788 0
045533 1
044559 1
035735 1
044434 1
044197 2
148724 1
215570 1
037231 1
062794 0
044605 1
037306 2
205560 1
044501 1
035833 2
044518 1
035789 0
044430 1
212029 1
044008 2
045526 2
044129 1
045846 0
044272 1
215464 0
044195 2
029185 0
208240 1
045593 2
051333 1
205173 1
258468 1
040395 0
218016 1
218217 1
040114 0
050684 2
051605 1
218177 1
050766 1
214352 1
036375 2
081180 1
045513 2
258524 1
044648 1
051505 1
217387 1
050892 1
110569 1
036561 1
045582 1
109397 1
036071 1
216317 0
035866 2
044693 1
163893 1
037779 1
208572 1
019662 0
050886 1
021652 0
214958 1
163872 1
036318 1
214960 1
035714 2
163071 0
218949 1
215268 1
218282 0
044631 1
046102 2
036558 1
044742 1
044163 2
044389 1
046153 1
209847 1
219480 1
044265 0
203822 1
212661 1
204592 1
210344 1
046361 1
044572 1
051664 1
044570 1
209365 1
217389 1
219064 0
217647 0
209788 1
044564 1
037106 1
049256 1
046276 1
044563 1
210560 1
044118 1
044007 2
205207 1
045021 2
037033 1
209430 1
082315 0
037052 1
044506 1
044691 1
043939 0
205461 1
050371 0
210789 0
217334 1
214783 0
210107 1
051519 1
035796 2
044586 1
036085 2
208545 1
065434 0
213628 1
062819 1
051554 2
213889 0
062813 1
045818 1
205296 1
216276 1
044003 2
045357 1
041352 1
217902 1
217238 0
046414 1
035916 1
037467 1
210290 1
218483 0
045194 0
045754 0
044358 1
216036 0
044004 1
045817 1
117903 0
050962 0
099315 0
039423 2
051409 0
138040 0
046570 1
214194 0
151281 0
036737 0
078274 0
029003 0
039413 1
