051099 2
059396 0
053703 0
052712 0
054720 2
054675 0
054715 0
056226 0
053228 2
053170 0
053013 0
052800 2
052755 2
052269 2
052268 2
052537 2
052516 2
048663 2
048456 2
057019 2
057335 2
057138 0
056866 0
053285 2
053281 2
055463 0
053293 2
056361 2
053001 0
056511 2
056316 0
056622 2
046870 2
053243 2
053009 2
053200 2
053015 2
046766 2
050224 2
055645 2
052542 2
050150 2
052517 2
055308 0
051031 2
056182 2
055875 0
053610 2
057372 2
057128 0
053593 2
051032 2
055190 0
055438 2
054202 2
054140 2
055467 2
056695 0
055410 0
054277 2
052361 2
052354 2
054273 2
056492 2
054281 0
053597 2
053595 2
056467 0
053687 2
057093 2
052953 2
054761 2
053111 2
052838 2
052146 2
054869 2
053564 0
053271 2
053159 2
053000 2
053152 2
053003 2
053141 2
052965 2
056227 0
054587 2
054682 2
053619 2
054808 2
056680 2
055541 2
056794 2
053586 2
054876 2
056507 0
056738 2
054679 0
053250 2
055405 0
053314 2
053278 2
055236 0
054895 2
053007 2
055311 2
054201 2
056742 2
054138 0
056186 2
056741 2
056461 0
055292 0
052932 2
054453 0
054954 0
056724 2
056700 2
056504 0
047581 2
055599 2
047658 2
055991 2
055910 0
054442 2
054095 2
054003 0
056459 0
056181 2
055185 2
054279 2
055164 0
053650 2
054274 0
057036 2
055486 2
056755 2
055877 0
056516 0
055612 2
055323 0
202631 2
057032 2
056863 0
056278 2
055873 0
056127 0
056430 2
055525 2
055356 0
052910 0
055384 2
054821 0
055391 0
054577 2
054488 0
056714 2
054487 2
055871 2
056503 0
055309 0
056789 2
055712 2
054076 2
056523 0
052140 2
052129 2
055470 2
056341 2
053107 2
053030 2
054867 2
057368 2
055691 0
054896 2
055146 2
054787 0
048384 2
057002 2
059400 0
057131 0
048181 2
053241 2
055880 2
053011 2
054530 2
053163 2
054531 2
054515 2
056867 0
055087 2
052956 2
055287 2
052833 2
051869 2
051842 0
055020 0
055478 2
056832 2
057100 2
055398 0
055416 2
054520 2
054899 2
056857 0
054218 2
055381 0
055291 2
059273 2
054817 0
054901 2
054884 2
056530 1
059315 2
056384 2
059343 0
060512 2
053050 2
053046 2
053534 2
057334 2
053600 2
048583 2
048484 2
052629 0
056962 2
056254 0
051337 2
053512 2
052720 2
055692 0
056843 0
057376 0
054097 2
051376 2
055154 0
053408 0
051486 2
052806 2
052762 2
055174 2
056737 2
057330 2
055588 2
048603 2
056397 2
056381 0
056773 2
055592 2
056460 0
051004 2
056841 2
054234 2
055118 0
057139 0
056835 0
151125 0
057140 0
048488 2
051110 2
048491 2
051102 2
055995 2
054471 2
055908 0
053552 2
015803 0
267459 2
053423 2
063658 2
054090 2
063807 2
212612 0
056346 2
053375 2
061014 2
061105 2
049042 1
056324 0
049683 2
054160 0
052837 2
052954 2
054365 0
056707 2
056520 0
055148 2
048557 0
055270 2
049406 2
198416 2
199195 2
054998 0
199046 2
054387 2
054198 2
054877 2
055587 0
199169 2
056744 2
053124 0
199994 2
055097 0
054665 2
052598 2
056457 0
056486 2
052567 2
052544 2
056505 0
052586 2
053071 2
054094 0
059462 0
053040 0
055456 2
054558 0
054544 0
236098 2
236038 2
055550 0
060953 2
053686 2
054811 0
050137 1
050124 2
052405 2
055710 2
057049 2
076094 2
053568 0
052744 2
056861 0
055468 2
055412 0
055445 2
052177 2
052433 2
052179 2
052728 2
051033 2
054278 2
057152 2
030859 2
030857 0
054800 2
056852 1
056473 0
055434 0
054904 2
055294 2
054908 2
055280 0
055655 0
051364 0
055068 2
051005 2
055200 2
055159 0
054834 2
050202 2
050143 2
050778 2
054727 2
050670 2
056615 2
052771 2
235121 0
052724 2
055262 2
055031 0
057311 0
050244 2
049698 2
054903 0
054275 2
050251 2
050214 2
054077 2
055471 2
055713 2
049696 0
052776 2
055245 2
052722 2
054926 2
053602 2
056770 2
056514 0
063178 0
051820 2
054763 0
053753 2
052911 0
053738 2
051819 2
056187 2
055263 0
051582 2
056498 2
056476 0
053551 0
054871 2
049065 2
055162 2
056808 2
053665 2
052726 2
052748 2
050236 2
051087 2
054439 2
056522 0
050142 2
163105 2
163108 2
235068 0
055282 2
055876 0
053691 2
051615 2
054989 2
084504 0
053867 2
050963 2
163241 2
053148 0
065922 2
052939 2
054194 2
052865 2
052938 2
052866 2
055101 0
053485 2
076879 0
054127 2
053704 2
052788 0
050371 0
056100 2
056342 2
054002 0
056061 2
059371 2
054801 2
055331 2
056326 0
054393 0
053759 0
112682 0
086428 0
051359 2
053974 2
051402 2
280512 0
053815 0
084507 0
055301 0
052741 0
054740 2
053386 2
056851 0
054224 0
054916 0
201538 2
048940 2
052955 2
054526 2
055110 0
052918 0
052701 2
052686 0
056114 2
056358 2
052869 0
282522 0
039718 0
056318 0
055850 0
055621 0
056210 2
055089 2
054728 2
055385 2
052111 2
049912 2
049843 2
055426 0
065246 0
112661 0
050426 2
052857 0
056097 2
053705 2
062968 2
054798 0
062870 2
053559 0
055258 2
056087 0
052915 2
056151 2
053521 2
054872 2
055273 0
054857 2
055500 0
199194 0
243710 2
050326 2
054331 2
046923 2
054081 2
254101 0
052870 0
054773 0
050118 2
057328 2
050116 2
054789 0
056131 2
055784 0
054983 0
055036 0
056070 2
055706 2
056515 0
055179 2
055845 0
050837 2
054049 2
053878 0
053094 0
057141 0
055170 0
078158 0
047551 0
056968 2
055310 0
057077 2
054803 2
056870 0
019163 0
053997 0
054445 2
055827 0
056716 2
052649 2
053748 0
052648 0
055860 0
054887 2
055982 2
051127 2
051160 2
050466 2
054429 2
056095 2
054563 0
055539 0
054875 2
051509 0
052780 0
054732 0
048434 2
053756 2
054210 2
054529 2
048202 2
048750 2
054921 2
050429 2
056192 0
048442 2
052515 2
054677 0
048531 2
052495 2
061809 0
054820 0
054672 2
052950 2
057336 0
055488 2
055487 2
055971 0
055474 0
230776 0
050588 2
053477 2
052840 0
048142 0
056044 0
050164 2
053478 2
053479 2
055243 0
050483 0
057080 0
059422 2
048441 0
059407 2
056502 0
054519 2
056745 2
049117 2
049057 2
053057 0
271306 2
053272 2
271408 2
052998 2
053158 2
055469 0
271307 0
054389 0
271308 2
055723 2
000868 0
053223 0
052892 0
055216 0
054810 0
054962 0
031705 0
052561 2
086262 0
052520 2
053736 2
052745 0
052613 2
055404 0
057079 2
054758 2
054283 2
054225 0
056629 2
055738 2
049671 2
056627 2
055951 2
051006 0
082920 0
054179 2
057353 2
064907 0
056506 0
055947 0
053627 0
144409 0
055884 0
040208 0
230946 0
056419 0
050213 2
046744 2
049697 2
055123 0
098142 0
052302 2
054652 0
052301 2
196679 0
054968 2
056856 0
055659 0
020116 0
053054 2
053044 2
197395 0
278629 0
013517 2
054016 0
055967 0
056019 2
052610 0
054409 2
081060 0
054117 2
054357 2
055895 2
048416 2
052862 2
036065 0
054006 0
052846 2
055672 0
057370 0
052684 2
052678 0
055790 0
054251 0
055392 0
051008 0
054638 2
057317 2
057145 0
056414 2
048197 2
187999 0
052855 2
056774 2
057132 0
138675 0
055461 2
054270 0
055074 0
054105 0
000791 0
053079 2
053026 2
054481 0
054975 2
055516 2
054971 2
052364 2
048831 2
056386 0
052027 2
056051 0
048792 2
052427 0
052429 2
053036 2
051929 2
052896 2
054928 0
053391 0
057302 2
082759 2
013359 0
082744 2
082646 2
056610 0
052887 2
057150 2
054452 2
055072 0
053245 2
056327 0
192220 2
057338 2
054662 2
055501 2
013836 0
002325 0
053034 2
053002 0
052815 0
055828 0
057136 0
054045 2
080365 2
055453 0
056493 2
053150 0
052931 2
054166 2
053591 2
054011 0
054539 2
205675 0
062341 0
053020 2
053185 2
080280 1
054375 0
082660 2
082598 2
101673 0
052934 0
054719 0
050956 0
082783 2
082521 2
083069 2
082544 2
080543 0
080427 2
080399 2
082711 2
082708 2
057072 0
082391 2
053024 0
082386 2
118998 0
052711 0
082594 2
082618 2
055490 2
054407 0
080682 2
082500 2
054543 0
202193 2
056289 0
053970 0
080782 2
053076 2
053039 0
054631 0
080368 2
080773 2
080772 2
080747 2
080722 2
202208 2
080736 2
202245 2
082692 2
202386 2
059290 0
082547 2
082690 2
055345 0
082609 2
080791 2
080724 2
082591 2
050936 0
080381 2
080763 2
084847 2
080691 2
262748 0
080449 2
080602 2
053476 1
080597 2
055523 0
080397 2
080498 2
055407 0
080495 2
056521 0
080714 2
080701 2
053017 0
080713 2
200626 2
080735 2
200629 2
080694 2
080565 0
200630 2
200230 2
213616 2
213258 2
213275 2
080723 2
080711 2
080708 2
220905 1
220721 2
080784 2
220725 2
080753 2
080582 2
220966 2
080520 2
080783 2
080514 2
080712 2
080588 2
080357 2
080360 2
080349 2
080796 2
080611 2
080685 2
080613 2
080571 2
080702 2
080471 2
080474 2
080754 2
080718 2
080379 2
080770 2
080570 2
077667 2
080785 2
080700 2
080584 2
080340 2
080657 2
080768 2
080284 0
082244 2
082803 2
080720 2
080398 2
080756 2
080341 2
054882 0
080635 0
080729 2
080591 2
100425 2
080466 2
080589 2
055047 0
082797 0
080447 2
100426 2
054066 2
055276 0
080469 2
080740 2
082808 0
080356 2
050947 0
080309 2
080793 0
222456 0
057146 2
082300 2
080221 2
082286 2
158525 0
082370 2
082383 2
082504 2
080692 2
082503 0
080171 2
055918 0
080265 2
080149 2
080715 2
080764 2
081021 2
080978 0
082673 2
082682 2
080192 0
080693 2
182918 2
050931 0
182919 2
182934 2
182922 2
181551 2
181537 2
019248 2
080792 2
053382 2
050250 2
084108 2
084107 2
054940 0
088138 2
110901 2
275662 2
275663 0
088112 2
088131 2
053751 0
110933 2
227736 0
050242 2
084584 2
004440 2
080669 2
084127 2
049884 0
275914 0
080363 2
054227 2
276236 0
084192 2
170793 0
084194 2
082329 2
235123 0
050315 0
022495 2
222336 0
022411 2
055506 0
093742 2
070975 2
093611 2
053560 0
277523 2
044038 2
054785 0
044050 0
104148 2
277543 2
050249 2
122348 2
049841 2
050241 2
155603 0
168464 2
082422 2
029888 2
052727 0
122350 2
010046 2
122351 2
082562 0
029875 2
083518 1
003562 2
286556 0
056529 1
135172 2
045002 0
013487 0
135170 2
083513 0
116411 2
116415 2
135374 0
135179 2
081175 2
081121 2
138865 0
080965 2
081013 2
134309 2
080993 2
134288 0
066533 0
049908 0
138812 0
090281 2
055366 0
166498 0
053405 0
082791 0
071085 2
144656 2
104257 2
144615 2
071084 2
083514 0
104258 2
001538 0
022232 0
083910 2
056152 2
083907 2
007987 2
121379 0
121394 2
033175 1
053171 0
080148 2
089022 2
162311 0
087324 2
064375 0
016827 0
113705 2
080268 2
230951 0
150360 2
285181 2
289361 1
080730 2
289050 0
285147 1
263747 2
056200 0
113721 2
053574 0
055056 0
113508 0
285184 0
083466 0
080267 0
089683 2
156681 0
263741 2
005731 0
055863 0
052900 0
081068 0
093584 0
169436 2
031645 0
075155 0
219939 0
169098 0
054890 0
028930 0
062192 0
165746 0
026099 0
136448 0
048719 0
016281 0
052738 0
039786 0
223313 2
078186 0
056018 2
223318 2
263387 2
263346 0
223288 0
031978 0
054894 2
054674 0
056287 2
115026 0
080480 0
083799 0
054914 0
198245 0
231240 0
052863 0
084578 0
109956 0
056218 2
054540 2
052696 0
054503 0
054505 0
083572 2
056215 0
056839 0
055235 0
083569 2
224849 0
005194 0
053322 0
083557 2
095460 0
212308 0
136171 0
052591 2
030259 2
052555 2
010653 0
053213 0
067247 0
138813 0
050414 1
050323 2
055375 0
067223 0
053032 0
054088 0
051780 0
050621 2
056263 2
056821 2
050347 0
047397 0
099490 0
187504 0
144280 0
004253 0
056496 0
049230 0
059298 2
055160 0
287402 0
211196 0
055419 2
056528 1
148135 0
056458 0
084586 0
054310 0
153432 0
052435 0
052926 2
056240 2
052923 2
226994 2
083517 0
224924 1
056149 0
224925 2
227073 0
224892 2
026709 0
003654 0
050865 0
223375 0
161806 2
224930 0
228639 2
085303 0
053286 2
053839 2
082299 0
277240 0
228749 0
236679 0
056532 0
170352 0
227074 0
053725 2
047210 0
081427 0
055219 0
078921 0
056995 0
055844 0
044997 0
052650 0
054714 2
055801 0
283598 0
240947 2
159804 2
055973 0
055600 2
249697 0
148149 0
048906 0
146406 2
230312 0
007026 0
052659 2
052657 0
050373 0
049485 0
158515 0
056509 0
055890 0
227093 1
114128 0
091186 0
054197 0
053294 0
056859 0
054981 0
212228 0
054790 0
055992 2
118496 0
059457 2
054700 0
210232 0
052700 2
019406 0
052685 0
138668 2
052901 0
056234 0
048129 0
149736 0
088569 0
055222 0
056820 2
138802 0
054991 0
053563 0
006580 2
052879 0
113729 0
169017 0
054601 2
227963 0
067415 0
056723 2
054334 0
053592 2
