194093 2
194101 2
193574 2
193567 2
195747 2
195746 2
195754 2
195760 1
196253 2
196251 2
190783 1
190850 2
202635 2
202637 1
201727 2
202641 2
201737 2
201752 1
264166 0
201781 2
202640 1
199484 1
199460 1
233314 1
233301 1
202936 0
227400 2
227402 2
196796 2
196798 1
201734 1
201740 1
201748 1
201792 1
266022 0
202112 2
202122 2
202135 2
199454 0
202375 2
224068 1
223996 1
223950 0
202134 1
196347 0
230979 1
257512 0
008415 0
256560 0
257093 1
128556 1
257107 1
243180 0
128517 1
128516 2
128559 1
201938 2
201929 2
289911 1
232213 0
147134 2
147133 2
244977 0
140650 0
202934 1
202931 1
025891 0
202157 1
207490 1
204850 0
202156 1
260660 2
260653 2
275434 0
192064 0
018018 0
202151 2
202148 2
279949 0
196252 2
194518 0
207446 1
017415 0
078302 0
016925 0
262885 0
264171 0
202834 0
226412 0
264963 2
264964 2
262736 0
232890 0
066143 0
231153 0
071204 1
104377 1
071197 1
104370 1
196589 0
149438 2
149452 2
191964 2
192004 2
014582 1
196272 2
196282 2
266163 2
266162 2
110893 0
196321 2
196307 2
235516 0
170268 0
261747 2
137196 0
131022 1
131019 1
131015 0
195267 0
235529 0
131011 1
251324 1
131026 0
243190 0
187320 0
213890 0
123732 0
187139 0
263608 0
260828 0
289475 1
254140 0
140691 0
290095 0
262004 1
261926 1
273846 0
205950 1
205983 1
220363 0
160704 0
138807 2
138819 1
218242 0
256364 0
131023 0
128332 0
277066 0
132119 0
071434 2
104607 2
071405 1
104578 1
074733 0
260126 1
180703 0
226405 0
230375 0
220319 0
019308 0
278125 0
219274 1
219267 1
194537 0
155621 0
194545 2
197028 0
004455 0
246616 0
239789 1
239788 1
239782 0
239792 1
239790 1
239793 1
239794 1
239797 1
239774 0
260768 0
239779 0
205224 2
205235 2
184418 0
017919 0
170266 0
196647 1
239778 0
196656 0
254686 0
239946 0
221818 0
239776 0
263744 0
145521 1
