038793 1
046428 2
002426 1
079635 1
074739 0
044282 0
112106 1
126332 0
199083 1
113419 1
113309 1
113324 1
114502 1
114495 1
113477 1
113378 1
113369 1
113123 1
113380 1
113374 1
113317 1
025494 2
038800 1
113496 1
113502 1
113399 1
007875 1
044676 2
045229 2
045236 2
045228 2
045230 2
044604 2
044608 2
046039 2
046162 2
040866 0
113693 1
113688 1
113975 1
113973 1
113355 1
113439 1
113441 1
113708 1
113942 1
079668 0
113936 1
113489 1
113485 1
113777 1
113765 1
207265 0
025505 1
113702 1
113440 1
113438 1
113388 1
113475 1
113390 1
113455 1
131217 0
119032 0
113405 1
113401 1
113527 1
113518 1
113407 1
113510 1
113403 1
113444 1
114260 1
114254 1
113413 1
113505 1
113769 1
113571 1
113566 1
113768 1
191745 0
015734 0
113277 1
113782 1
113781 1
264157 1
113480 1
268861 0
113470 1
262577 1
114944 0
113723 1
113720 1
259182 1
113778 2
113362 1
113359 1
111584 1
113460 1
113434 1
113433 1
114938 1
113511 1
113504 1
127162 0
113311 1
113326 1
015136 1
075854 0
196069 1
041854 0
153363 2
080076 0
038024 0
072187 0
016545 1
075430 0
114215 1
153365 2
177252 2
113673 1
162266 0
220745 0
085756 2
159937 0
069859 0
114111 1
003000 0
085776 2
113516 1
113525 1
113356 1
