158922 2
006786 2
120466 2
005342 2
119850 2
006780 2
120462 2
119846 2
006785 0
006783 2
120463 2
006784 0
026641 2
026347 2
076153 2
075820 2
075778 2
075784 2
077760 2
082642 2
077410 2
178752 1
178713 1
178696 1
178615 1
178592 1
002204 2
069102 1
102275 1
002461 0
079078 2
224867 1
224875 1
224876 1
075040 1
273696 0
027150 2
155971 2
076286 2
076304 2
076403 2
117225 1
110114 2
110373 2
082151 2
075479 2
165086 1
165084 1
111120 0
284679 1
284680 1
232859 1
232864 1
159857 2
159866 2
159895 1
159880 1
159881 1
159870 2
165140 2
165121 2
165105 2
164990 2
165079 2
165077 0
000428 2
224226 1
076898 0
033090 2
141615 0
285292 0
024295 0
011219 2
144752 2
144806 2
018228 2
128947 2
222792 0
107948 2
107959 2
108052 2
012774 0
112565 2
112584 2
011047 2
160977 2
161029 2
161033 2
015206 2
125541 2
003986 2
019066 2
013171 0
220481 2
230775 2
220479 2
096720 0
217696 0
158965 0
129828 0
153493 2
275892 2
275932 2
