064578 0
086457 0
050307 2
050457 2
080529 2
076262 2
087883 2
066406 2
088975 0
064277 2
066837 0
085197 2
085195 2
085188 2
085127 0
085893 2
083085 2
083126 2
083141 2
075088 2
075260 2
075542 2
093167 0
086195 2
086247 2
086281 2
085327 2
085454 0
063150 2
064073 0
085857 2
081228 2
081202 2
089741 2
089730 1
089725 1
096160 2
096120 2
092177 2
092043 2
092103 2
085072 2
033382 2
079292 2
084146 2
087573 2
087617 0
047277 2
049475 2
049397 2
087912 2
273177 0
042342 2
032387 2
032418 2
086269 0
041685 0
096414 2
063986 0
024555 2
024498 2
023753 2
023641 2
026021 2
026130 2
025985 2
025910 2
025882 2
024738 2
024736 0
097289 2
262917 2
083324 2
087470 1
083398 0
020205 2
257215 2
257221 2
224352 2
224351 2
259595 2
259586 2
144206 2
144252 2
111811 2
011051 0
075350 2
075221 2
079851 2
079856 2
111760 2
074961 2
074944 2
074960 2
259301 2
023834 0
084880 2
087528 2
087556 2
034694 2
126182 1
126196 0
087808 2
087960 2
087812 2
087961 2
060816 2
050503 2
050534 2
088646 2
088668 2
050023 2
050070 2
050469 2
020981 2
109558 2
067594 2
067631 2
067658 0
050451 2
050306 2
050455 2
144476 1
144507 2
260392 0
097366 2
097433 2
059012 2
097738 0
051578 0
087861 2
087862 2
087863 2
081520 0
226250 2
092881 0
117581 0
080176 2
260224 0
025918 2
024149 2
038162 2
038222 2
051421 2
024512 2
024509 2
051283 2
051284 2
044865 0
024777 2
024704 2
024209 0
036187 2
036297 2
039992 2
044095 0
036089 0
089846 2
046023 1
046005 0
027973 0
041907 1
041903 1
042556 0
182519 2
265780 1
260256 0
087206 0
024500 2
087136 0
069506 1
102679 1
030281 2
069829 2
103002 2
069800 2
102973 2
069532 2
102705 2
069422 2
102595 2
069765 2
102938 2
273302 2
273538 2
273715 0
033668 0
019546 2
282110 0
185809 0
016513 0
000370 0
021027 2
021024 2
020995 1
021151 2
048672 0
020220 0
080838 2
080824 2
026282 0
088695 0
090807 0
070531 0
090855 0
064091 2
081276 0
111631 0
111758 0
179719 0
089687 0
087137 0
112495 2
112499 2
001831 0
070831 0
001436 2
047817 1
047799 2
081856 0
271580 0
020434 0
028895 0
249766 0
058765 2
261086 0
109243 0
191559 0
088162 0
020447 0
200139 0
110407 0
109347 0
010673 0
128029 0
180530 0
024705 0
092873 0
087827 2
087828 2
087852 0
273551 2
273611 0
271858 0
132772 0
050824 2
050801 0
108447 0
024491 0
099542 0
102032 2
274621 0
168576 0
258246 0
005186 1
129788 0
289679 0
024768 0
037485 0
024794 0
159633 0
126414 1
126417 0
126448 0
263841 1
263890 2
264107 2
000379 0
272415 0
159230 0
041680 0
180637 0
043907 0
114099 0
076498 0
260236 0
024463 0
094492 0
057405 0
098288 2
098386 0
048344 0
092890 0
235845 2
235852 2
075722 0
236799 0
034557 0
254847 0
010398 0
090880 0
075924 0
097749 2
097807 0
090003 0
061077 2
061099 0
260387 0
110234 0
015435 0
100779 0
061576 0
100760 0
122907 0
218106 0
061600 0
023645 0
085252 0
024251 0
182388 0
044867 2
016842 0
052382 0
028055 0
239566 0
150154 0
005954 0
061598 0
191180 0
081529 0
090806 0
141045 1
141431 0
115502 0
087520 0
114542 0
198701 0
023850 0
124496 0
008778 0
034221 0
185802 0
114835 0
179863 0
051108 0
239586 0
161577 1
193267 0
110785 0
175541 0
101114 0
027998 0
155912 0
141667 0
103704 0
190880 0
017870 0
081018 0
019428 0
092787 0
016455 0
040923 0
036440 0
019276 2
049594 0
220003 0
090049 0
231046 0
157444 0
081750 0
111490 0
020216 2
020217 2
097141 0
198721 0
022433 0
074758 0
060883 0
085576 0
157435 0
066974 0
220274 0
255466 0
029645 0
262593 0
161288 0
042591 0
086816 0
134161 0
087188 2
148348 0
028341 0
108005 0
210656 0
130378 0
081823 0
027917 1
030376 0
078126 0
021966 0
071558 0
033078 0
047347 0
257794 0
130612 0
033410 0
019541 0
019378 0
113677 0
040912 0
019932 1
019945 0
051627 0
083846 1
084067 0
084497 0
084501 0
084016 0
041623 1
041620 0
043659 0
052359 0
038037 0
045482 0
020367 0
067598 0
085911 0
208755 0
112595 0
060701 0
055532 0
111683 0
062774 0
040149 0
041644 0
214173 0
085124 0
130415 0
086728 0
077721 0
273051 0
260257 1
260258 1
252610 0
081401 0
148364 0
259846 0
014839 0
027193 0
092809 0
079830 0
079128 0
060889 0
048694 0
039686 1
075463 0
086644 2
086609 0
087064 1
079137 0
112762 0
140118 0
027968 0
048225 0
187525 0
273423 0
090165 0
271579 0
050738 0
060441 0
113881 0
077305 0
050330 0
069425 0
104004 0
039973 0
083341 0
078962 0
223949 0
023096 0
018717 0
100920 0
050427 0
089017 0
127829 0
024779 2
024703 0
024788 0
024778 2
024685 0
