230317 0
264419 0
270985 0
194182 0
197669 0
263494 2
263492 0
263493 0
273164 0
271698 2
271768 2
271351 2
271350 2
271355 2
271378 2
271834 2
271894 2
272000 2
271895 2
274307 2
274509 2
270358 1
270273 2
271990 2
271988 2
256655 0
274316 2
274506 2
270264 2
270361 1
274514 2
274519 2
276990 2
271394 2
256415 2
256411 2
271999 2
276113 0
271388 2
271393 2
271367 2
271283 2
276209 2
271520 2
271531 2
271542 2
276146 2
276158 2
277278 2
270922 2
270933 2
270982 2
286783 2
272220 2
272224 2
277292 2
277343 2
277290 2
243771 2
255783 2
288296 2
288310 2
288265 2
272219 2
272223 2
279586 2
279587 2
279601 2
259937 2
259941 1
282032 2
272169 2
272128 2
272129 2
272001 2
277146 2
269253 2
269257 2
270298 2
270299 2
268971 2
268931 2
284745 2
284746 2
284744 2
270423 2
270435 2
271530 2
271540 2
277364 2
288487 2
288485 2
288476 2
288486 2
244533 2
256419 0
270999 0
252303 2
236978 2
236986 2
068401 0
289397 1
289398 1
276020 1
075085 0
283650 1
284823 1
276973 1
283638 1
281000 1
283576 1
276967 1
283577 1
274253 0
184875 2
231427 0
282040 0
283636 1
283635 1
281670 1
281662 0
107758 0
270625 2
230289 0
236641 0
192599 0
270472 2
269795 2
269180 2
186268 0
257612 2
257603 2
260562 2
004718 2
118970 2
004588 2
271087 2
271141 2
271242 2
260984 0
264098 2
264069 2
264099 2
265028 0
162249 2
162277 0
128524 0
200650 0
231912 2
231913 2
231908 2
231888 2
231886 2
281708 1
272403 0
265404 0
270142 2
270143 2
269944 2
276138 2
271397 2
231185 0
269943 0
279962 1
273711 0
178151 0
056148 2
275686 0
256169 2
256647 0
257604 0
275280 0
144136 0
270572 2
270356 2
067444 1
067356 1
068443 1
068420 1
067424 0
017639 1
087220 0
055964 0
288700 2
288698 2
166675 2
166676 2
166674 2
166832 2
230859 0
270533 0
256474 0
155942 2
281688 0
068071 0
067338 0
178613 0
259710 0
257613 2
107802 0
271392 0
232390 0
272819 0
199701 0
182360 0
205891 0
151006 0
197155 0
289276 0
256485 0
264257 0
271057 0
264921 0
274438 0
057113 0
082651 0
286426 2
286423 2
279002 1
286424 2
286427 2
247415 0
225764 0
284241 0
154957 0
165343 2
165345 2
164033 0
179394 2
265074 1
265062 0
264930 0
165280 1
175090 1
133325 0
022464 1
053259 2
054524 0
192692 0
144172 0
274677 0
109622 0
055785 0
288522 2
288519 2
288513 2
287750 0
236795 2
282041 0
162688 0
165277 0
176057 0
159790 2
159848 2
159864 2
173799 0
157136 2
157139 2
020292 1
012058 2
122273 2
000401 1
130641 2
130647 2
130658 2
011650 1
014885 2
053288 2
098057 2
098058 2
067693 0
124412 2
011907 1
012192 1
076767 1
017213 2
011906 0
124338 2
124286 2
017780 1
150757 0
176821 0
075408 2
069460 2
102633 2
065390 0
016162 1
001225 2
001172 2
117016 0
179376 2
179396 2
179362 2
256272 0
069958 0
009526 0
001833 2
026016 0
003705 0
255208 0
130652 2
130732 2
130908 2
010320 2
011466 2
070479 2
103652 2
070538 2
103711 2
070452 2
103625 2
070404 2
103577 2
069400 2
102573 2
077133 2
070643 2
103816 2
070628 2
103801 2
070540 2
103713 2
005022 2
119401 2
011628 2
017410 2
129499 2
053599 2
116218 2
064532 0
010258 2
070228 2
103401 2
070191 2
103364 2
070192 2
103365 2
001215 2
014613 2
051153 2
043878 2
054555 2
050144 0
011829 2
130104 0
052782 2
052957 2
053077 0
130868 2
068452 2
056754 2
057287 2
056299 0
044135 2
044010 2
001038 2
130744 2
000361 2
123795 0
130433 2
101997 1
016117 1
019438 2
068433 1
001495 2
124435 2
045042 2
044652 2
044653 0
000637 2
054207 0
000100 1
005669 0
077929 0
036530 1
067049 1
131844 0
003720 1
064941 1
064837 1
006380 1
004067 1
136173 0
119480 0
009142 0
003574 1
003755 1
065849 1
015421 1
135551 0
050419 2
050321 2
000402 2
124461 0
030891 0
026835 0
067814 0
115621 0
014921 0
116236 1
116182 1
182807 0
088119 0
130945 2
044541 0
020574 2
017808 0
139097 0
009036 0
003695 1
175112 0
051558 2
130902 0
179129 2
179119 2
178922 2
133488 0
119043 0
023708 1
023811 0
003473 0
090215 2
041785 0
052333 0
260121 0
081943 0
046083 0
023660 0
034789 0
010279 1
081074 2
163223 0
067154 0
123029 0
252746 2
252678 0
003572 1
006419 1
006194 1
003612 2
003614 2
003681 0
009470 0
134439 0
050847 0
100907 0
116550 2
044507 0
089356 2
128623 0
049841 0
275071 0
011409 0
098643 0
169183 0
256003 2
003435 2
175035 2
175018 2
108535 0
067932 2
068340 1
069011 2
066050 1
066139 0
066712 0
065710 1
119216 0
131063 0
123900 2
048229 2
048223 2
048230 2
048285 0
088089 2
099941 0
048340 0
023466 0
065242 0
003887 1
036310 1
036324 0
003625 2
036314 0
002344 2
169685 0
003823 1
003615 0
031324 2
031255 2
245012 2
256840 2
154345 0
234829 0
003599 1
004062 1
024602 0
065139 0
035064 0
003573 0
119351 0
030599 0
003584 2
003613 0
112875 0
017104 2
017108 2
016155 1
016149 1
149156 0
164102 0
153497 0
005880 0
017673 0
123144 0
065967 0
206357 0
057053 0
259109 2
259113 1
252524 2
251147 1
241723 1
241724 1
241752 1
241712 1
241710 1
241849 1
241693 1
241601 1
258102 1
241722 1
241725 1
241952 1
241706 1
241753 1
241789 1
236241 2
254308 0
239275 0
235335 0
140424 0
011520 0
085169 0
003432 0
004065 2
068095 0
164147 2
164141 0
013945 0
164103 0
004895 1
119230 1
116309 1
115782 1
117757 1
117725 0
003437 0
048308 0
219969 2
250638 0
190852 0
163233 0
074495 0
065688 0
168246 0
078150 0
068864 0
124200 0
164122 0
243452 0
071622 0
115761 1
076270 0
014945 0
050270 0
266273 0
017214 2
087274 0
094561 0
007755 0
016676 2
163746 0
053483 0
003576 0
003667 1
005990 2
003756 1
003672 0
003570 0
115664 1
003630 0
004460 1
118649 1
116011 2
115410 0
256422 0
002822 0
067004 1
083072 0
259110 1
259114 1
241928 0
137385 0
068732 0
135662 0
137154 0
030964 1
030970 1
072857 0
053488 0
177030 1
177321 1
177422 1
180249 0
134271 0
057396 0
280735 0
079463 0
030666 0
004107 0
006182 1
008742 0
164859 0
003886 0
017212 0
051126 0
138532 0
137003 2
065082 0
182480 0
137175 0
135413 0
028506 0
163189 0
180248 0
185804 0
031220 0
237036 0
114848 1
114852 1
117922 0
174989 1
174988 1
174979 0
266755 0
028912 0
167291 0
065351 0
005863 0
115411 0
008338 0
025657 2
050636 0
087652 0
127680 0
164129 0
054209 0
111941 0
068375 0
158693 0
002617 0
257384 1
258098 0
061722 0
010272 2
007915 2
066144 0
036449 0
004899 0
119214 0
136059 0
231276 0
050208 0
264363 2
264318 2
162308 2
162306 2
016452 0
046481 0
126652 0
275405 0
261892 2
261891 2
074957 0
135444 0
156945 0
228942 0
014647 0
136944 0
079774 0
013246 0
222277 2
221928 2
221541 2
220252 2
220999 2
221012 2
219904 2
219909 2
253712 0
026175 2
098568 0
015700 0
159852 0
136876 0
171487 0
065797 0
123847 2
039879 2
040407 2
040330 0
008279 0
133315 0
271602 0
044167 0
066096 0
162176 2
162510 0
046387 2
046392 0
272824 0
113270 0
284538 0
027024 0
141423 0
077773 0
018113 0
109308 0
262723 0
001497 0
044725 0
137537 0
120278 0
230831 0
107852 0
164675 0
051851 0
257881 0
133489 0
108517 0
279053 0
006403 1
075402 0
006265 0
230303 0
115721 0
044440 0
032802 2
134730 0
034987 0
003732 0
008448 0
108412 0
031402 2
031377 2
030945 0
074466 0
142846 0
030988 0
036418 0
100938 1
010189 0
007849 1
224371 0
010252 0
098675 0
111376 0
035375 0
067729 0
050819 0
000268 2
265588 0
019681 0
136771 0
003919 0
024647 0
162772 0
263094 0
182551 0
034742 0
130161 0
069794 2
102967 2
069838 2
103011 2
069142 0
151043 0
272783 0
003439 0
017522 0
256020 0
029023 2
028993 2
085028 0
034131 0
033834 0
168718 0
130625 0
014920 0
191902 0
029037 0
099396 2
062639 0
005259 0
267213 0
062076 0
192835 0
165250 0
274401 0
065699 0
141722 0
229603 0
004108 1
118221 1
118188 1
066542 0
271387 0
030880 1
030889 1
025312 2
068440 0
142179 0
078006 0
030958 0
034233 0
031209 0
035060 0
114952 0
277615 0
066835 1
070517 0
079958 0
030969 2
030925 0
162594 0
244974 0
052752 0
095727 0
272820 0
076701 0
186246 0
054553 0
197647 0
003833 0
019317 2
019311 0
015108 0
111899 2
111911 2
111905 2
112180 0
025683 2
025696 0
111940 0
229175 0
112414 0
040328 0
079387 0
101027 0
234807 0
054427 0
040453 1
112229 0
289578 0
067533 0
006227 0
003648 1
135486 0
067327 0
075307 0
284758 0
014548 0
128503 0
121400 0
022838 2
020090 2
020089 2
020096 2
020179 0
066740 0
008757 0
008671 0
043363 2
146349 0
175565 0
120209 0
077916 0
044047 0
047860 0
034172 0
137994 0
042101 0
240758 0
065528 0
270987 0
003363 0
138315 0
141592 0
196780 0
059910 0
003571 0
182554 0
237654 0
050615 0
201997 0
244910 0
065026 0
015677 0
285296 0
098618 0
164032 1
179063 2
178887 2
178863 2
163016 0
260547 0
099412 0
272805 0
031393 0
144318 0
169184 0
107794 0
027015 0
102315 0
067024 0
013182 0
266804 0
167309 0
079785 0
034731 0
030843 0
259699 0
264928 0
187996 2
187998 2
006421 0
003640 0
136936 0
274254 0
166158 0
066021 1
108615 0
003904 2
201349 0
134980 0
045446 2
045481 0
065416 0
037260 0
003587 0
022196 0
045806 0
050279 0
007847 0
006342 0
002586 2
068603 0
004061 0
051395 0
234993 0
271050 0
017935 0
068780 0
084294 0
136022 0
065672 0
109788 0
068438 0
162917 0
148896 0
072558 0
209756 0
285546 0
066102 0
100948 0
041206 0
276956 0
268514 0
020543 0
080104 0
030912 0
067856 2
068861 0
119221 0
168504 0
221402 0
285905 0
024603 0
030878 0
009999 0
178687 0
006253 1
142039 0
045710 0
002463 0
015671 0
050633 0
006398 0
094492 0
052463 0
045025 0
047370 0
011312 0
164128 0
043403 1
045362 1
045399 0
045067 0
075686 0
164354 0
046384 0
063293 0
039804 0
042172 0
030982 0
112854 0
069228 0
175936 0
058091 0
289771 1
270607 0
181309 0
085186 0
149432 0
264235 0
005624 0
135464 0
065970 0
199278 0
127674 0
030635 0
046130 0
263327 0
068323 0
091427 0
005888 0
284969 0
269631 0
115136 0
123041 0
020723 1
040297 0
129630 0
065741 0
112181 0
076268 0
200613 0
268008 0
068610 0
228943 0
272782 0
108764 0
006120 0
065133 0
030957 0
260378 0
267401 0
042730 0
005964 0
234399 0
137173 0
231027 0
288791 0
206246 0
264920 2
011236 0
180003 0
230890 0
058317 0
062241 0
075641 0
003480 2
104795 0
114937 0
273888 2
273903 2
193258 0
019665 1
275857 0
139946 0
230127 0
275861 0
032982 0
189558 0
006136 0
063642 0
234845 0
280417 0
153464 0
176832 0
112262 0
075680 0
050763 0
041784 0
079503 0
135299 0
012154 0
049908 0
194269 0
289776 0
123145 0
120554 0
051012 0
265399 0
190564 0
019676 0
217223 0
186350 0
006489 0
065494 0
127391 0
134250 0
008615 0
063747 0
141397 0
264148 0
172734 0
230719 0
239295 0
118971 0
281366 0
266188 0
098634 0
138534 0
195574 0
118187 0
278512 0
286863 0
068960 0
030947 0
203033 0
136185 0
058638 0
023561 0
003616 0
006229 0
065920 0
270532 0
034594 0
144138 0
075410 0
137752 0
065932 0
