145072 2
149718 1
258702 2
177758 0
147702 2
192073 2
177674 2
177735 2
177759 2
145863 2
152884 2
152890 1
152896 1
208884 2
213033 2
192069 2
188321 0
152504 2
153984 2
153966 1
165771 2
163379 2
150019 2
150031 2
150029 2
150011 2
150037 2
150026 2
237588 2
163186 2
163155 2
268368 2
268383 2
193164 2
277942 2
277939 1
272064 0
265185 2
233010 2
233026 2
267191 1
147414 1
267475 0
152075 2
150563 2
151207 2
285262 2
285270 2
285273 2
285278 2
256706 0
259343 2
150921 2
159282 2
235250 2
235256 2
235248 2
235287 2
226019 2
261223 2
152030 2
149728 2
131565 2
258917 0
168530 1
168527 2
152112 0
279957 2
099728 1
100768 2
100742 2
037176 2
034925 2
035139 2
034924 2
037318 2
037251 2
035590 1
285261 2
285269 2
285272 2
285277 2
287875 2
258910 0
190408 1
041935 2
139511 2
263670 1
270198 2
259221 2
019912 2
268794 0
155907 1
266380 0
002465 1
019911 2
156837 0
003080 0
177734 0
137999 1
153100 0
151035 0
243609 0
163134 0
129712 0
191737 2
191736 2
225002 0
152505 1
224125 0
241271 0
132780 0
164295 0
267298 0
175467 0
085633 0
238047 0
263662 1
263694 1
150027 0
213077 0
133191 0
002820 0
266837 2
266856 2
038707 2
043037 1
281446 0
056337 0
235328 0
128777 2
018475 2
128774 2
202755 0
288132 2
147086 0
169887 0
242002 0
256708 2
256705 2
271300 0
153204 0
242242 0
190825 0
280360 2
280341 1
076564 0
136818 0
170307 0
272055 0
174824 0
256709 0
267189 0
196808 0
238043 0
151888 0
134837 0
022728 0
279819 2
279824 2
279829 2
286801 0
058080 0
272264 0
289958 0
163131 0
147353 0
165616 0
224029 0
195999 0
235732 0
138374 0
264717 2
285131 0
158871 0
168938 0
263742 0
026915 2
209787 2
286876 0
144891 0
272652 0
065105 0
162192 0
179047 0
259326 0
198541 0
150915 0
153674 0
213076 0
182558 0
136850 0
259342 0
272091 0
164296 0
285647 0
145301 0
177673 1
258124 0
093254 2
093158 2
093252 2
093159 2
086358 0
207832 0
140293 0
099120 0
044717 1
044705 1
043080 0
065252 0
086670 0
231649 0
175378 0
136219 0
280829 0
163378 0
204599 0
069549 0
170668 0
192108 0
038385 0
175706 0
160579 0
028140 0
162656 0
279554 0
044136 0
086359 0
001141 0
133553 0
266333 0
177149 0
043087 0
140848 0
283203 0
094450 0
228616 0
037767 0
110786 0
149675 0
197899 0
280878 0
146588 0
127209 0
143680 0
260836 0
006691 0
288469 0
271273 0
192731 0
020127 0
064269 0
128385 0
085848 0
091946 0
