232732 1
232735 1
155445 0
192357 0
064906 1
064828 1
180026 2
188535 0
064808 1
064597 1
064766 1
064797 1
064931 1
064922 1
154395 2
064688 1
176622 2
176651 2
182927 1
076977 2
177987 1
177160 1
014050 1
160515 1
014471 1
287922 1
287928 2
287934 2
287980 1
289957 0
145857 1
013083 1
155800 1
018978 1
155433 1
257264 1
257231 1
288692 1
288572 1
178103 1
124017 2
124016 1
174773 1
154686 1
154668 1
064587 1
152261 1
082827 1
064862 1
065730 2
065599 2
077824 1
066356 1
232780 1
066269 1
284662 0
283802 1
123959 1
123579 1
123697 1
123993 1
123160 1
064483 1
064585 0
123983 1
152485 1
101240 1
101239 2
123067 1
123053 1
180547 1
124617 1
124601 1
123233 1
123137 1
187344 0
157056 1
014659 1
126087 1
164239 1
188154 1
188132 1
188128 1
157979 1
064404 2
085968 1
192395 0
166028 0
170585 1
170525 1
124627 1
124041 0
124459 1
078206 1
167543 1
167547 1
167548 1
168257 1
168030 1
167884 1
069190 2
102363 2
065660 1
064822 1
123998 1
233102 2
066228 0
152494 2
152479 1
152386 1
123989 1
283766 0
230350 0
101234 1
101217 1
101055 1
064875 1
064913 1
064905 1
182332 2
182331 2
124291 1
064319 1
075552 0
064439 2
064501 1
062746 1
176279 1
170382 1
170385 1
066347 1
066335 2
167592 1
064487 1
064495 1
187357 0
066445 1
189838 2
189849 1
189837 2
087545 1
167000 1
064821 2
064429 1
064920 1
064823 1
192469 0
170381 1
170384 1
170425 1
170426 1
170422 1
189836 1
252407 0
167602 1
167603 1
167582 1
192511 0
064414 1
077219 1
064882 2
164101 1
164016 1
163792 1
162727 1
086192 1
086184 1
168088 1
167942 1
188540 0
189530 2
189577 1
175829 1
048326 0
187695 0
069434 1
102607 1
187164 1
186868 1
018989 0
284512 2
284523 1
284549 1
284569 1
284516 2
071542 1
104715 1
199662 0
153025 1
229773 0
180591 0
265828 1
265960 1
266057 1
265901 1
265906 1
265853 2
265858 1
167604 1
167605 1
167583 1
166962 1
166963 1
166961 1
166872 1
013006 2
167525 1
167526 1
167509 1
162512 1
188071 0
187267 0
064443 1
066225 1
064869 1
170349 1
170347 1
187891 1
187399 1
080444 2
169181 0
182325 1
182330 1
210588 1
210624 2
192397 1
155656 1
155621 1
012743 1
151189 1
016988 1
260844 1
066091 1
066094 1
150737 2
127510 1
167593 1
167594 1
167584 1
187053 2
187072 1
064871 1
064872 1
064857 2
123999 1
068379 1
068174 1
123995 1
176827 0
235905 0
167643 1
167641 2
177251 1
064814 2
064907 1
179932 0
124321 1
064457 1
064600 1
111402 0
064472 1
064777 1
064592 1
167579 1
167596 1
167597 1
167559 1
167576 1
167577 1
124181 1
064929 1
167581 1
167599 1
167600 1
064843 1
289802 0
163112 1
163117 1
064848 1
067912 1
064805 1
124437 1
127367 1
064826 1
009364 1
131752 1
233541 1
014829 1
125888 1
124420 1
124341 1
124344 1
124340 1
124343 1
082766 1
047668 0
082809 1
082805 2
065904 1
064435 1
079186 2
079221 1
099575 1
188423 0
065969 1
065968 1
112921 1
177672 2
177696 1
177671 2
064790 1
065893 1
123940 1
015300 1
082812 1
156877 1
156914 2
013067 2
198890 0
083131 1
123992 1
086196 0
184519 0
230735 1
067599 1
230469 0
155257 1
152871 1
152910 1
152990 1
109561 2
066046 1
085386 1
124467 1
124470 1
124162 1
287271 0
174742 2
174739 1
174992 2
174991 2
169674 1
169687 1
160970 2
160995 1
279180 1
171128 1
169673 1
123391 1
081232 1
193625 1
193636 1
193621 1
193638 1
193637 1
267911 2
267917 2
178296 0
193746 1
276130 0
030649 0
064914 1
124130 2
124097 1
124135 1
012958 1
192545 0
076916 1
076921 1
069248 1
102421 1
069203 2
102376 2
074823 1
124425 1
124337 1
076973 1
076974 1
083034 2
082869 1
079032 1
124616 1
068308 1
066723 1
182336 1
071373 1
104546 1
071360 1
104533 1
071351 1
104524 1
087843 1
087754 1
084935 1
090333 2
087835 2
077286 1
077279 2
002487 0
015059 1
070355 1
103528 1
070356 1
103529 1
070389 1
103562 1
077132 1
068337 1
001323 1
077124 2
077187 1
167805 2
167788 1
168076 1
196153 0
167685 1
167686 1
123736 2
123726 1
123743 1
005863 0
185881 0
263808 0
068895 0
124548 2
124550 1
252856 2
252843 1
099605 1
130839 1
130800 1
000415 1
123091 1
130808 1
130836 1
000359 1
130817 1
018198 2
150565 1
016972 1
149428 1
130810 1
130835 1
130811 1
000320 1
124487 1
222775 1
000304 1
016864 1
151170 1
128439 1
123536 1
128430 1
015769 1
130805 1
130831 1
130739 1
130773 1
016844 1
151090 1
133034 1
016850 1
146663 1
016188 1
000391 1
150624 1
168934 1
124010 1
127238 1
123892 1
000327 1
127536 1
148201 1
148202 2
016566 1
000302 1
017179 1
000298 1
130852 1
149956 1
124466 1
016987 0
015597 2
123997 1
000312 1
130816 1
000390 1
130853 2
130859 1
130850 2
000299 1
130655 2
130672 2
130639 1
130628 1
154071 1
000360 1
150303 1
130833 1
183179 1
128151 1
130843 2
130869 2
151213 1
016858 1
222653 2
222655 2
127879 1
127825 1
000354 1
130799 1
130809 1
156197 2
000325 1
145836 1
017182 0
124438 1
124422 2
130837 1
000323 1
130807 1
222739 1
129718 1
000783 1
129868 2
129869 2
129874 1
130806 1
000322 1
130896 1
015580 1
130801 1
150087 0
068019 1
014506 1
000594 0
147460 1
130747 1
130840 1
130802 1
016841 1
000356 1
149316 1
130818 1
000326 1
015726 1
222923 1
000435 2
164995 1
013144 1
151137 2
151133 2
151124 1
124186 1
000431 1
196181 0
003641 0
017086 1
150323 1
082087 1
183584 1
183557 1
183611 1
065886 1
065865 1
003165 0
066131 2
066166 2
182363 1
152711 2
152713 1
187496 0
173060 0
066088 1
151602 1
150379 1
018716 2
150425 1
150434 1
064839 1
187696 1
187707 1
016933 1
150908 1
064893 1
108750 1
167886 2
167928 1
168506 0
000297 1
021798 0
016546 1
288712 1
288721 1
266056 0
125425 0
015790 1
064492 1
064475 1
185092 0
288776 0
003174 0
177912 1
124026 1
168927 1
168926 1
124427 1
099038 1
099027 1
099018 1
064841 1
287864 0
082658 2
082597 2
155665 1
092976 1
000353 1
095460 0
180076 0
076961 0
150985 1
150658 1
150677 2
150679 1
150681 2
150690 1
124015 1
064899 1
276204 1
251938 0
077806 0
016948 0
114249 1
112991 1
170863 0
065695 1
066462 1
183530 1
147305 1
101872 0
133118 2
133104 2
133173 0
256381 1
187334 1
187328 1
130812 1
000318 0
187802 0
042401 0
187382 1
064409 1
170154 0
007938 1
121351 1
064499 1
176324 1
076611 1
150759 1
176972 1
176980 1
176981 1
176971 1
176986 1
176984 1
176990 1
176780 1
153022 1
152720 1
186852 1
186853 1
170337 1
176636 1
176686 1
176649 1
178513 1
223926 0
249427 1
175367 1
192796 1
067093 1
067099 1
144269 1
039138 0
184311 1
184304 2
182260 2
182189 2
124260 1
078716 0
139588 1
005038 0
066802 1
066524 1
127090 1
030552 0
289368 1
015637 1
149620 1
188246 0
011048 1
160046 2
160074 1
160565 1
182908 2
176632 2
176633 2
176678 2
178322 2
178331 2
178332 2
178458 2
151379 2
151304 2
178464 1
172998 1
016803 0
151291 2
183372 1
016824 1
016859 1
180230 2
180232 1
007261 0
187227 1
177013 1
177070 1
184877 2
184878 0
180159 2
180223 1
114210 1
114068 1
021587 0
064455 1
130899 1
130885 1
130846 1
209843 1
210023 1
210320 1
178122 1
178107 2
224441 0
173419 1
173426 1
173496 1
155748 0
167590 1
167591 1
167585 1
107719 1
011899 0
120333 1
120293 1
227949 0
124234 1
121978 1
009518 2
121979 2
117758 1
117793 2
117792 1
002444 0
102079 1
102113 1
006838 1
102115 1
102074 1
102155 2
102027 2
152824 1
152833 1
152851 1
177196 1
125922 0
005454 1
120009 1
199396 0
086107 0
179268 1
221523 0
284568 1
284548 2
284522 1
263682 0
000716 0
064459 1
064460 1
036195 0
124768 1
124770 1
125177 0
188295 0
128349 1
066249 0
200283 0
007186 0
191253 1
128481 1
099971 1
099977 1
128632 2
064474 1
002230 0
201860 2
014590 0
076086 0
164120 0
255761 0
143610 0
124615 1
123925 1
124248 1
124257 1
019973 2
156726 0
080223 0
067251 1
065045 1
081761 0
082974 1
191910 2
192165 2
192166 1
130847 0
196906 2
196845 1
195702 0
107878 0
218734 0
007401 1
222522 0
031584 0
187204 0
124428 1
150720 1
115027 2
173852 1
133129 2
151450 1
151233 1
070966 0
127383 0
151231 1
153638 1
197811 0
202799 1
013466 0
075854 0
190044 0
017336 1
218213 1
218222 1
124145 2
124191 1
064928 2
267709 1
167458 0
124063 1
010497 0
192250 0
220212 1
180994 0
152127 1
133159 0
152047 1
152057 1
012680 0
179479 0
155599 1
201768 0
175542 0
017150 0
004302 0
243984 0
004041 2
152501 0
267710 2
267704 2
267701 1
124082 1
124093 1
124117 1
200239 0
039180 0
124516 1
124614 1
124353 1
124354 1
078480 1
176882 2
142926 0
276940 0
285889 0
202794 0
185055 0
089470 1
077354 2
077709 1
071481 1
104654 1
071514 1
104687 1
071482 1
104655 1
071513 1
104686 1
137603 2
137552 2
006290 1
119379 0
182006 2
181990 2
181960 2
155600 1
173808 2
173809 2
173835 1
123650 1
005963 1
064273 1
033495 0
196783 0
149852 0
064796 1
186569 0
136265 1
006698 0
114223 0
112948 1
235665 0
064523 1
064530 1
162032 2
162076 1
229985 0
070104 0
064818 1
224229 0
210842 1
210827 2
210816 1
078623 0
133623 1
064878 1
016963 1
118773 0
016953 1
150766 0
033571 0
064860 1
187317 0
149398 1
149400 2
201558 2
164663 0
141194 2
141162 2
141224 2
141234 2
141210 2
192309 0
101448 0
130564 0
285092 1
285209 1
140754 0
064785 2
064786 1
091236 0
006114 1
138805 0
064881 1
064900 1
268762 0
224488 0
099255 1
064599 1
263039 0
064850 1
133091 0
287834 0
064908 1
064520 1
037104 0
289955 1
289969 1
064640 1
052192 0
014828 1
125891 1
128446 0
015317 1
125416 1
143462 1
252446 1
064588 1
064557 1
124455 1
064598 1
087065 0
206828 0
124447 1
001597 1
182324 0
027100 0
076246 1
187508 1
154808 0
155338 1
284672 0
109967 0
066388 1
066332 1
145787 0
179799 0
065855 1
184890 0
127089 1
126882 1
111105 0
082238 1
082233 1
064782 1
130821 2
130830 1
181367 0
130544 1
000418 1
037819 0
064924 1
092305 1
092310 1
071706 1
104879 1
065833 1
136219 0
133098 2
252436 1
006451 0
025691 0
039584 0
064347 1
109215 0
098558 0
026469 0
102004 0
069987 0
064590 1
082617 1
082840 1
082847 1
127225 0
136637 1
082999 1
040907 0
009187 0
197999 0
084994 0
219040 2
218837 0
064619 1
170877 0
013250 1
123878 1
124255 1
123709 1
124205 1
128322 0
241672 1
241659 1
136316 0
098296 0
123700 1
066153 1
066149 1
066122 1
112010 0
064427 1
134153 0
123967 0
269823 0
064468 1
130813 1
000358 1
000319 1
066137 1
086368 1
086867 1
000398 1
161996 0
232708 1
232707 1
084314 0
009392 1
064467 1
124812 0
147688 0
167527 1
167528 1
167529 1
178101 0
120321 0
017691 0
154974 0
187855 0
124273 0
259120 0
034372 0
187653 1
064512 1
024782 0
085891 0
064390 1
064863 1
064470 0
221504 1
221525 1
236572 0
127371 0
064391 1
088349 1
088178 1
088180 1
015729 2
078078 1
078073 0
014827 1
125890 1
130079 1
130074 1
130073 1
082192 1
082197 1
124408 1
124424 2
124432 1
123883 1
123857 0
000308 0
223600 0
124395 1
031955 0
018767 0
123968 1
124397 1
124392 1
124217 1
124220 1
124371 2
124384 1
124390 1
124330 1
123823 1
124861 0
187625 1
011384 2
183738 0
124433 1
282202 0
011639 0
126933 0
076316 0
077876 0
126709 0
082120 0
149829 1
093431 0
109018 0
189259 1
189258 0
124351 1
124352 1
146944 0
062499 0
005236 0
124283 1
124442 1
100528 0
124326 1
124333 1
124349 1
124360 1
038818 0
134091 1
143550 0
192276 0
024116 0
006314 0
064840 1
124957 0
075809 2
076133 1
067907 0
218147 0
111434 1
111433 2
111432 2
111773 1
068659 1
070788 0
111388 2
044649 0
193012 0
070305 1
103478 1
070303 1
103476 1
064485 1
165939 1
082078 1
082159 1
015200 0
135156 0
024745 0
158450 0
001265 0
149794 1
150246 1
150247 1
131643 1
131640 1
131641 1
131671 1
130160 1
134626 1
130720 1
017867 1
129194 1
018271 1
128914 1
149281 1
148289 1
137577 0
017249 1
129633 1
151961 1
093449 0
218092 0
066656 0
074949 0
079404 1
079197 1
030973 0
124931 0
132125 0
230067 0
087881 0
201610 0
117379 0
123555 1
000527 1
194709 0
155432 1
173308 0
018429 0
077221 1
187186 0
077612 0
084024 1
014815 1
125903 1
189194 0
079268 0
086749 0
202148 0
206885 0
064526 1
064521 1
140175 0
067770 1
089271 0
192274 0
217569 0
187264 0
064768 1
049220 0
098457 1
098458 1
098456 1
098601 1
098561 1
098608 2
018023 0
099176 0
232370 1
232240 0
192475 1
192476 1
135060 1
135042 1
135044 1
135035 1
124872 0
124142 1
049909 0
081826 1
182414 0
064448 1
133528 0
139823 0
131900 1
133163 0
199294 0
133876 0
192224 0
157242 0
099016 1
099025 1
099032 1
099033 1
099030 1
099154 2
232755 1
035014 0
143910 1
143214 1
143755 1
165636 0
256964 0
124504 1
189591 0
070629 0
054262 0
144453 0
061282 0
276308 1
068481 0
009767 0
126179 1
126721 1
239393 0
115665 2
062082 0
063675 0
099724 0
162383 1
159766 0
123986 1
071001 0
244762 0
262596 0
192392 0
012257 0
017495 1
129432 1
136057 0
095462 0
117577 1
017231 1
177039 2
177043 1
007842 0
195905 0
127607 1
223066 0
084475 0
219602 0
000075 0
126815 0
123418 1
182587 2
182596 1
009345 1
121815 1
278167 0
064904 1
195562 2
151399 0
124118 0
124737 0
094878 0
054313 0
187358 0
141567 0
220679 0
134772 0
250361 0
123582 1
123571 1
011647 0
279797 0
110491 0
192539 0
029337 0
287737 0
133187 0
082049 1
149893 0
276088 0
069017 1
064683 1
283768 0
058587 0
099024 0
009395 0
014953 1
125782 1
009891 1
122237 1
128669 2
128525 1
153010 1
086850 1
015122 0
061852 0
034333 0
151165 0
232721 1
039348 0
086683 1
011263 1
122687 1
117449 0
126981 1
124013 0
087004 1
019849 0
082918 0
188537 0
195688 0
011314 0
214103 0
124521 0
284956 0
066338 0
177610 1
177605 2
064270 0
257210 0
098241 0
125018 1
018915 0
064471 1
003720 0
182516 1
182514 1
178741 1
182513 1
177121 0
155854 0
181942 0
143586 0
231938 0
257002 1
234952 0
115715 0
064739 1
277469 2
064458 0
016873 0
030620 0
036617 0
067657 0
257594 0
122701 1
011317 1
122702 1
122354 0
064671 1
179212 1
232724 1
232722 1
252665 0
129537 0
180984 0
003995 0
069549 0
112831 0
004552 0
066296 1
128641 1
128640 0
065850 1
065907 1
148562 0
025305 0
001057 0
178580 0
065868 0
025037 0
221503 0
000162 0
285585 0
051886 0
066145 1
075564 1
284825 0
154635 1
127103 0
077792 0
146588 0
192169 0
286968 0
064879 1
127746 0
227685 0
079993 0
185928 0
129480 0
015362 1
125372 1
081171 0
003660 0
232764 0
229847 0
010110 1
188064 0
036824 0
128248 0
123048 0
285159 0
124773 0
152461 0
253111 0
116372 0
287586 0
202144 0
143300 2
143268 2
143297 2
144431 2
143200 2
143197 2
219338 1
219463 1
010762 1
126351 0
276135 0
287866 0
188815 1
187666 0
099020 0
123947 0
208151 0
033138 0
009870 0
275089 0
157486 0
087216 1
199622 0
284043 0
187231 0
098522 0
068765 0
168396 0
046988 0
059384 0
033883 0
126948 0
233012 0
023630 0
042567 0
132823 0
065755 0
090524 0
230470 0
263838 0
069421 0
011641 0
144161 0
082802 1
082798 1
141955 1
141920 1
153567 0
013765 0
005660 0
120808 0
124216 1
124219 1
066466 1
107835 0
228395 0
117200 0
033502 0
264611 0
144572 1
144672 1
185380 0
252243 0
100336 0
170354 1
170355 1
170352 2
189184 0
235228 0
209570 0
256572 0
010078 0
126335 0
181548 0
028681 0
285311 0
232739 1
232738 1
173343 1
011345 1
092838 0
276006 0
196270 0
087185 0
064560 1
064561 1
196090 0
146942 0
194570 1
113386 1
113389 1
029469 0
232691 1
147226 0
064723 1
018637 0
010442 0
167607 1
167696 2
037129 0
074668 0
017126 0
000620 0
005967 0
064376 1
230960 0
191464 0
138126 0
122206 0
078293 0
047562 0
111418 0
175698 0
065830 1
010064 0
257226 0
064687 1
128449 0
014418 0
064824 1
177891 0
290024 0
193250 0
269869 0
161596 2
188612 0
054173 0
179495 0
167742 0
285754 1
285753 1
234986 0
185989 0
197744 1
002528 1
030549 0
077880 0
038640 0
252830 0
175515 1
175446 2
175445 1
175371 1
187935 0
187816 0
227285 0
275143 0
017870 0
218259 0
100680 0
150756 0
197762 0
208326 0
065770 1
000169 0
142300 0
064363 1
064364 1
098371 0
050892 0
018016 0
180644 0
086134 0
161937 0
124446 0
263213 0
010053 0
011700 0
195857 0
030165 0
277697 0
192091 0
099156 0
080810 0
257383 0
117736 0
100025 0
164226 0
002242 0
223730 2
223680 0
066192 1
224476 0
163928 0
252448 0
066419 1
129442 0
064917 1
160244 1
230504 1
087855 1
147027 0
037030 0
079841 0
030664 0
086198 1
004701 0
161007 1
017828 0
032943 0
074770 0
064744 1
004192 0
024701 0
212906 0
198885 0
269833 0
027568 0
146480 0
119427 0
124141 1
250826 1
059438 0
257563 1
126222 0
122378 0
257642 0
187524 0
190192 0
169302 0
187262 0
190649 0
000630 0
074702 0
038568 0
131189 0
184594 0
161169 0
013490 0
124610 0
004284 0
203156 1
133099 0
151413 0
110524 0
167858 0
282212 0
086456 0
216711 0
188467 0
118328 0
021643 0
024456 0
017807 1
129251 1
014096 0
224475 2
130022 0
238514 0
123987 0
193672 0
137646 0
002485 0
130886 0
233088 0
277206 0
100075 0
164017 0
191860 1
191882 1
152577 0
090390 0
224440 0
175614 0
204211 0
092240 0
187853 0
265959 1
258323 0
280170 0
227908 0
216128 0
081323 0
230114 0
145160 0
042669 0
027179 0
015289 1
125446 1
125456 0
125466 0
154574 0
134357 0
227855 0
155372 0
187379 1
187286 0
192546 0
126424 0
284979 0
284443 1
187963 0
162794 0
006105 0
256736 0
038782 0
014809 0
289772 0
171254 0
049713 0
286264 0
016954 0
156898 1
156888 1
010949 0
028764 0
082210 2
082212 1
193115 0
129515 0
098414 0
069194 0
091919 0
058056 0
116106 0
108469 0
168181 0
187197 0
179803 0
088893 0
077535 0
161846 0
138197 0
286608 0
123352 0
130764 0
151952 0
133806 0
150013 0
002142 0
252983 0
150451 0
258509 0
058645 0
055962 0
126756 0
126198 0
149930 0
065826 0
252425 0
161856 0
135114 0
086220 0
016272 0
142809 0
126504 0
271237 0
192651 0
199395 0
135843 0
155096 1
093367 0
233720 0
068459 1
068467 1
201395 0
197442 0
149925 0
066223 1
121631 0
079445 0
202319 0
110899 0
199215 0
112824 0
124345 0
038014 0
211124 0
058516 0
104174 0
288898 0
064465 1
064463 1
069044 0
011698 0
006661 0
042107 0
159566 0
014525 0
219928 0
100821 0
082204 0
093771 0
082211 0
156265 1
287283 0
064385 0
257088 0
021677 0
135418 0
196509 0
146621 0
070123 1
103296 1
078847 1
078489 1
039410 0
202007 0
086503 0
014522 0
115585 0
195152 0
231902 1
231893 0
087336 0
127708 0
041628 0
230414 0
126169 0
086510 0
029524 0
172408 0
287860 1
287867 0
178141 0
156806 0
076919 1
076915 2
002365 1
127134 0
209461 1
230529 1
157418 0
041956 0
084304 0
099604 0
223922 0
192198 0
124102 0
223096 1
222956 1
223002 2
235032 1
221377 0
225133 0
065831 0
078051 0
001738 1
123661 1
065288 1
092572 0
276232 0
131944 0
213014 0
237617 0
288181 0
108361 0
080452 0
090597 0
146231 0
236547 0
018526 0
050033 0
111143 0
081273 0
064245 0
200368 0
124453 0
082762 0
127601 0
149860 0
136139 0
181605 0
066580 1
173327 0
285538 0
270736 0
143716 0
283417 0
130870 0
086799 0
064615 1
214717 0
119683 0
029526 0
051757 0
271642 0
126419 0
108954 0
183162 1
221524 0
226162 1
235069 1
222763 1
222718 1
269710 1
274017 1
274018 1
243548 1
266735 1
266738 1
259583 0
018739 0
243565 0
254128 0
221413 0
069983 1
103156 1
002211 0
259594 0
055476 0
284469 0
199768 0
033801 0
075042 1
234025 0
030613 0
154503 0
146859 0
130535 0
071762 0
015082 2
125655 1
064887 1
152333 0
192982 0
082138 0
171314 0
024478 0
124501 0
088228 0
280150 0
288454 0
221400 0
021186 0
167953 0
123625 0
013219 0
087175 0
080689 0
212455 0
274008 0
254440 0
187882 0
121783 0
224626 0
000331 1
130814 1
126467 0
028377 0
151422 0
072600 0
090035 0
200235 0
127369 0
069031 0
279235 0
187288 0
092126 0
067412 0
098675 0
278825 0
269602 0
257220 0
258324 0
039583 0
219596 0
009026 0
006212 0
117459 0
024468 0
182356 0
070882 0
135870 0
199430 0
238876 0
208913 0
281168 0
195918 0
099633 0
009269 0
124468 1
125909 0
184484 0
130604 0
177206 0
077930 0
060406 0
049842 0
149955 0
289941 0
285712 0
140834 0
226072 0
125621 0
133449 0
115269 0
123978 1
067817 0
130187 0
280050 0
083144 0
189178 0
154133 0
164198 0
086470 0
222582 0
049956 0
028081 0
282034 0
167417 0
123086 2
123088 2
005634 0
194441 0
133092 0
151865 0
136167 0
100708 0
179472 1
252770 0
071169 1
104342 1
082114 0
079690 0
124839 0
221911 0
185193 0
068031 1
067995 1
131774 2
023729 0
284787 1
113387 0
036728 0
110095 1
110111 1
133911 1
133917 1
135531 0
079581 1
113078 0
122845 1
122847 0
122703 0
064481 1
128880 0
118906 0
154508 2
154510 1
008741 1
011338 0
182565 0
197451 0
071350 0
099981 0
257785 0
078435 0
161174 1
161219 1
161182 1
166871 1
033111 0
275274 0
203973 0
016666 0
066337 1
066227 0
030976 0
210130 0
007359 0
187207 0
153063 0
165459 0
253249 0
086733 0
123057 0
159791 0
132992 0
065715 1
285166 0
068606 0
092907 0
172964 0
287863 0
130900 0
192544 0
066899 0
099206 0
104139 0
233979 0
131770 0
071231 0
083163 0
066565 1
161173 1
136119 1
133772 1
133360 2
133350 0
104404 0
134733 1
133363 1
133352 0
079139 1
135530 1
079229 1
079176 1
078334 1
067683 0
112588 0
111662 0
137130 0
091976 0
118937 0
159778 1
167408 1
182487 1
083384 0
192470 0
213048 0
147029 0
156042 1
157342 0
187061 0
136179 0
232775 1
194976 0
232773 1
144120 0
286971 0
225187 0
061261 0
139414 0
100173 0
113082 0
127440 0
188636 0
219584 0
136210 0
162781 1
162747 0
183066 0
155729 0
126127 0
283786 1
077601 0
015725 1
082487 0
253112 0
157245 0
200386 0
187605 1
210679 0
180611 0
212447 0
227944 0
093302 0
071048 0
119691 0
096574 0
180990 0
123884 0
262991 0
017934 0
160023 0
289169 0
231045 0
003896 0
060677 0
112210 1
112160 0
124306 0
086199 0
152416 0
024781 0
004570 0
122704 0
230144 0
128959 0
101429 0
235872 0
222812 0
034252 0
192207 0
223459 0
078317 0
243225 0
130043 0
219435 0
037810 0
182486 1
182485 2
277454 1
189775 0
156853 1
197749 0
091865 0
271344 0
284514 0
144567 0
255752 0
252439 0
020466 0
184139 1
184114 1
181276 0
187384 0
057069 0
193845 0
078023 0
201609 0
034327 0
239974 0
262631 0
082205 0
079703 0
012028 0
086049 0
282223 0
289827 0
064447 2
164115 0
265028 0
150541 0
058447 0
127847 0
237837 0
007552 0
075313 0
149282 0
100961 0
190641 0
130841 1
090623 0
009109 0
069351 0
227622 0
277973 0
173043 0
197624 0
218509 0
127591 0
183020 1
183185 1
059297 0
149583 0
169618 0
180773 0
186448 0
155381 0
176278 1
130717 0
135445 0
267252 0
187234 0
187908 0
251351 0
123882 0
128062 0
090273 0
056562 0
051680 0
100682 0
192101 0
288453 0
207788 0
138824 0
076411 0
090180 0
252244 0
216832 0
136317 0
101457 0
129853 0
056307 0
197031 0
155438 0
180588 0
011799 0
097839 0
026789 0
253422 0
164756 0
132121 0
030212 0
099444 0
015665 0
192910 0
207326 0
270881 0
170153 0
231935 0
288655 0
035248 0
201119 0
268969 0
163914 0
153512 0
007055 1
151210 0
126483 0
064441 0
081687 0
054598 0
222529 0
111520 0
217551 0
000544 0
126614 0
007487 0
117210 0
152368 0
037098 0
224461 0
046456 0
141570 0
014507 0
210748 0
147075 0
267865 0
161091 0
060118 0
188047 0
036830 0
149876 0
100109 0
121669 0
070120 0
108968 0
067267 0
041616 0
217451 0
255357 0
118433 0
184341 0
133616 0
268871 0
122821 0
052164 0
245013 0
112577 0
123796 0
190042 0
262316 0
126929 0
066514 0
285498 0
180986 0
077144 0
126349 0
064528 1
019699 0
228549 0
170006 0
158216 0
017457 0
043791 0
000357 0
024902 0
156068 0
154873 0
098418 0
251950 0
187203 0
091710 0
136145 0
220729 0
066926 0
284817 0
188392 0
013292 0
006139 0
130591 0
126416 0
283657 0
214197 0
069229 1
102402 1
003318 0
023957 0
123389 0
116874 0
019557 0
100265 0
147469 0
200232 1
209414 0
127492 0
103160 0
142342 0
276685 0
081305 0
101258 0
259235 0
186549 0
058625 0
122811 0
018911 0
179398 0
177199 0
129880 0
131256 0
097236 0
193394 1
193397 1
099611 0
013352 0
124557 0
011893 0
034390 0
192810 0
113645 0
147684 0
161977 0
110907 0
285864 1
125934 0
190733 0
132583 0
098279 0
142414 0
153892 0
191202 0
086831 0
140171 0
152583 0
137034 0
018603 0
066238 0
094085 0
044032 0
156810 0
063441 0
040397 0
209018 0
034969 0
110029 0
014039 0
004256 0
093131 0
155778 0
218247 0
217193 0
014863 0
007765 0
258392 0
126540 0
036198 0
026107 0
136307 0
287620 0
078264 1
031232 0
196859 0
158865 0
117158 0
083066 0
074442 0
126544 0
268329 0
009580 0
098590 0
052189 0
205619 0
162391 1
196518 0
223372 0
187285 0
085772 0
152813 2
152806 1
144872 0
226047 0
253878 0
158022 0
075164 0
099777 0
149106 0
288879 0
099170 0
157249 0
256025 1
242700 0
192389 0
120392 0
037062 0
004968 0
003292 1
231048 0
135049 2
152814 1
170617 1
196280 0
221260 0
226734 0
149923 0
167615 0
231985 0
078444 0
017980 0
068908 0
003665 0
240584 0
178860 0
157343 0
065891 1
002980 0
158430 0
082807 0
164792 0
147137 0
101140 0
122849 0
257711 0
033496 0
137887 0
158671 0
277248 0
102722 0
210433 0
092656 0
017036 0
034549 0
009907 0
090779 0
049967 0
049574 0
066218 1
066231 1
066345 1
144398 0
192712 0
102125 0
289051 0
162242 0
017652 0
117845 1
001721 0
007391 0
152748 0
122364 0
129096 0
133937 0
006365 0
077375 0
102119 0
186212 2
242755 0
124166 0
059107 0
128865 0
258730 0
255056 0
189573 0
044687 0
208522 0
065640 0
018804 0
081873 0
240540 0
155863 0
041653 0
011151 0
213148 0
244780 0
109512 0
020797 0
282213 0
071331 0
279871 0
196357 0
147892 0
058550 0
083627 0
171031 0
101996 0
066150 1
066146 0
066082 0
201650 0
011939 0
183971 0
016200 0
253877 0
004093 0
283262 0
288719 0
056345 0
095807 0
016951 0
066083 1
066076 0
274601 0
066048 0
168446 0
203392 0
017534 0
185185 0
014379 0
168930 0
257787 0
117014 0
223108 0
100927 0
233387 0
163518 0
100876 0
152362 1
152364 0
065821 0
092282 0
237210 0
142775 0
289024 0
199339 1
001445 0
173728 0
016540 0
098389 0
079874 0
079415 0
004095 0
067740 0
044166 0
128302 0
254143 0
139296 0
061728 0
242154 0
101076 0
222142 1
222187 2
221860 0
222139 0
146397 0
064876 0
065985 1
066001 1
270061 0
285221 0
222085 0
256770 0
025788 0
080239 0
101890 0
075405 0
089066 0
162904 0
224670 0
180982 0
161863 0
098234 0
195021 0
197466 0
285674 0
241198 0
024303 0
154462 0
192543 0
030778 0
269025 0
123491 0
157412 0
126253 0
268780 0
278836 0
120269 0
030753 0
196275 0
195733 0
259501 0
095511 0
255409 0
227269 0
075717 0
081606 0
176828 0
056666 0
258548 0
005754 0
171255 0
009700 0
006248 0
079797 1
079770 1
079773 1
002731 0
066140 0
289434 0
027248 0
220654 0
050040 0
118774 0
045181 0
168493 0
154762 0
285312 0
009297 1
003935 0
236487 0
010594 0
070169 0
076483 0
117467 0
152554 0
127677 0
128635 0
288420 0
018562 0
065876 1
243291 0
065988 1
127917 0
072228 0
070080 0
225189 0
196187 1
196133 1
196217 1
196134 1
012198 0
157497 0
210121 0
018319 0
111584 0
025103 0
129802 0
000882 0
197585 0
075773 0
236491 0
184191 0
017451 0
152436 0
027307 0
038470 0
177706 0
162497 0
178475 0
129192 0
271149 0
144149 0
256022 0
188309 0
201970 0
112682 0
254176 0
187657 0
115929 0
117105 0
090378 0
000112 0
043666 0
028517 0
213076 0
121037 0
087546 0
071868 0
229850 0
163011 0
202143 0
040110 0
152164 0
017762 0
011068 0
228397 0
152903 0
086259 0
114479 1
114461 1
114478 1
114496 1
036301 1
099121 0
061419 0
032022 0
280168 0
143746 0
093006 0
032944 0
064216 0
082292 0
269660 0
009560 0
226497 0
068352 0
164154 2
164157 0
155845 0
161537 0
017520 0
116660 0
091278 0
166556 0
161540 0
128613 0
036497 0
183524 0
064419 0
077666 0
104221 0
131487 0
189322 0
098056 0
081659 0
160890 0
050471 0
154461 0
121537 0
258391 0
209444 0
184927 0
187870 0
043564 0
153249 0
066720 0
202425 0
047444 0
125941 0
173155 0
160947 0
268566 0
064476 1
170214 1
250887 0
016203 0
146766 2
146769 2
008869 0
170675 0
039355 0
203908 0
136192 0
181464 0
188340 0
099603 0
078200 0
160834 0
076315 0
172960 0
018124 0
147274 0
011538 0
131779 0
188259 0
092413 0
055993 0
130426 0
071498 0
079334 0
