278758 0
070284 2
103457 2
070151 2
103324 2
070059 2
103232 2
070056 2
103229 2
070061 2
103234 2
070085 2
103258 2
070108 2
103281 2
070010 2
103183 2
097701 0
109380 2
109381 0
098366 2
099069 2
099342 2
099083 2
099790 0
099192 2
097817 2
097821 2
097857 2
097808 2
096207 2
096231 2
096201 2
096181 2
097920 2
097925 2
097949 2
094699 2
095986 2
095958 2
108817 2
094081 2
094074 2
094056 2
093948 2
094046 2
096043 2
101190 2
101189 2
094020 2
094019 2
093973 2
098375 2
098200 2
096936 2
096894 2
101876 0
098059 2
098629 2
114205 0
098029 2
098010 2
098028 2
098068 2
095413 2
095398 2
094587 2
093698 2
101226 2
095978 2
093912 2
093938 2
093941 2
093892 2
093931 2
093942 2
094008 2
094071 2
114382 2
093114 0
140355 2
140247 2
140266 2
041509 2
018169 2
128986 2
129068 0
197193 2
197191 2
197197 2
132568 0
067592 2
067615 2
067563 2
187021 0
108127 2
098529 2
098620 2
098633 2
098525 2
098097 2
098644 2
098639 2
099092 2
099104 2
098784 2
098777 2
098793 2
097815 2
112385 2
098021 2
111963 2
098070 2
098020 2
099357 0
108202 2
097973 2
098104 2
114462 2
114384 2
094612 2
094558 2
097974 2
097830 2
098508 2
099515 2
067636 2
067649 2
261760 0
096209 2
096206 2
096003 2
096002 2
095882 2
096049 2
094522 2
094055 2
094054 2
097157 0
095399 0
097345 0
113717 0
138970 2
139214 2
133940 2
133951 0
100245 2
100034 2
146000 2
145974 2
131127 2
125036 2
098797 2
098781 2
196375 1
018552 1
128739 1
018460 2
128788 2
128871 2
128870 2
128869 2
102061 2
137329 0
108802 0
004171 2
118279 2
133661 2
133721 2
092794 0
128747 2
131994 0
004379 2
118512 2
097333 2
097335 2
108710 2
108729 2
108731 2
111268 2
111269 2
111293 2
117575 2
243722 0
098354 0
101255 0
096061 2
095659 2
119817 0
094068 2
003267 0
100428 2
100378 2
100279 2
100303 1
100464 0
094178 2
094209 2
079654 0
062130 0
012267 2
114151 2
123285 0
125023 2
125021 2
020886 0
094827 2
094729 2
094749 2
094698 2
095032 2
094973 2
092536 2
093889 2
093940 2
093853 2
093794 2
138459 2
138425 2
138468 2
096986 0
117703 2
117708 2
117710 2
004518 2
118728 2
138037 2
117564 2
117556 2
017303 0
116573 2
092971 2
096685 2
005062 2
119461 2
119264 2
119260 0
004409 2
118566 2
006934 2
120557 2
004124 2
118235 2
007411 0
261084 0
131145 0
098499 0
096240 2
118516 2
004419 2
096648 2
092951 2
092934 2
097696 0
108711 2
108730 2
108732 2
095614 0
109421 2
068254 0
092949 0
078739 2
078741 2
078746 2
078772 2
078778 2
078271 2
101555 2
101412 2
085145 0
135085 0
139721 2
017937 0
102108 0
183235 2
074842 2
075008 2
074864 2
086581 2
086596 2
086637 2
087982 2
088008 2
087998 2
087986 0
189892 0
086514 2
119916 0
116149 0
098362 2
098360 0
051651 0
141970 2
072263 2
105436 2
074433 2
107606 2
126999 2
131016 2
131020 2
131014 1
131482 2
131490 2
131493 2
131460 2
131505 2
128136 2
098324 2
098321 2
098302 2
098300 2
096418 0
011334 2
122716 2
122714 2
122712 2
122708 2
122690 2
155560 2
155568 2
060971 2
060968 2
061662 0
148908 2
132001 2
131999 2
131996 2
131993 2
143414 0
256268 2
256266 2
256264 2
256259 2
256244 2
005817 2
120432 2
120430 2
202877 2
202878 2
202529 2
194511 2
258755 2
151732 2
164228 2
164156 2
268459 2
017676 2
129322 2
224893 2
224815 2
224903 2
224901 2
224816 2
224894 2
224748 2
224743 2
224741 2
224759 2
224690 2
193910 2
193987 2
257559 2
257540 2
257539 2
257534 2
126367 1
153606 0
142538 2
144933 1
133912 2
133920 2
133919 2
133773 2
164635 2
164649 2
162048 2
182823 2
017392 2
129516 2
130291 2
130292 2
017318 2
129572 2
130318 2
219542 2
146800 2
152489 2
152492 2
152457 2
152337 2
152334 2
201732 2
233721 1
234100 2
196446 2
128920 2
266984 0
127702 0
257529 0
176683 2
176680 2
196450 2
099295 2
099293 0
279290 2
144446 2
144464 2
144447 2
144519 2
142387 2
142394 2
006972 2
120597 2
140525 0
142421 2
102086 0
131746 2
131985 0
163927 2
165225 2
165988 2
166008 2
244452 0
190371 0
179523 2
219863 0
275361 2
001887 2
199021 2
152115 2
144461 2
144448 2
164910 2
069740 2
102913 2
076870 2
077026 2
069170 2
102343 2
077029 2
087602 2
138447 0
005703 2
120323 2
167959 2
164606 0
281621 2
163724 2
163725 2
163730 2
163727 2
085206 0
188852 0
192647 0
001778 2
177516 2
058026 0
130398 2
010774 2
001330 2
132566 0
108624 2
001997 0
130164 0
242819 0
163208 2
162959 2
163061 2
162985 2
157676 2
235939 0
009607 2
122050 2
085261 2
085285 2
101633 2
101635 2
101669 0
110351 2
119474 0
009871 2
122229 2
159721 2
159716 2
159666 2
083309 2
083328 2
083343 2
083156 0
155575 0
076093 2
192455 2
064517 2
065101 2
065068 2
063759 2
063264 2
063267 2
063058 2
066285 2
065663 0
079227 2
079190 2
136132 0
169756 2
169786 2
169787 2
169771 2
168553 2
169746 2
169754 2
169750 2
169744 2
149696 2
237341 2
000920 1
111735 0
079747 0
223994 0
007217 2
120778 2
120708 1
120594 2
163739 0
138528 2
138516 2
158158 2
068637 0
149293 2
261063 2
261057 2
261068 0
160190 0
071453 2
104626 2
151160 2
151154 2
151373 2
151168 2
184854 2
184857 0
177947 2
177952 2
178726 0
186703 0
015251 2
125486 2
114654 0
068298 0
095524 2
256483 2
093802 2
099878 2
099834 2
099786 2
083900 2
139690 2
118533 0
233730 0
086601 2
117907 2
117927 2
116551 2
116967 2
117163 2
002762 0
130081 0
159802 2
159806 2
159878 2
159879 2
159884 1
159886 0
010253 0
063331 0
281187 2
281036 2
281012 2
280972 2
280920 2
146071 2
258918 0
192032 2
087980 0
066294 2
090497 2
090713 0
201468 0
231476 0
251229 0
162827 2
162829 2
162986 2
163062 2
142521 2
142511 2
141550 2
141249 2
008402 2
018362 0
219507 0
006933 2
120556 2
112496 2
141527 2
094848 2
094752 2
094232 0
007070 0
128152 2
144985 0
085081 0
062701 2
010474 0
253567 0
083219 2
083222 2
083254 2
083253 2
083279 2
078325 2
078237 2
078236 2
078404 2
078345 2
142622 1
076285 2
162409 2
088919 0
065032 2
112328 2
064258 0
162429 2
060902 2
219985 2
169282 0
094400 2
094353 2
094432 2
094245 2
097898 0
201858 2
210042 0
201811 0
238700 2
181843 0
280276 0
091286 2
091317 2
063851 1
063850 2
032198 2
060989 2
060988 2
064203 2
064219 2
060995 2
064162 2
066732 0
032221 2
032223 2
032224 2
007756 2
121178 2
143222 0
065858 2
065854 2
067847 2
061345 2
079302 0
066154 0
065686 2
092554 2
092542 2
092463 2
092526 0
092070 2
092249 2
093856 0
065856 2
018477 0
170306 0
065912 2
065895 2
083854 0
189162 2
189160 2
189161 2
189169 2
189164 2
061340 2
232460 1
138849 0
099731 2
099730 2
124914 2
012499 0
146719 2
137519 0
094990 2
064198 2
093772 2
101096 0
101791 2
095225 2
095228 0
195952 2
195950 2
195935 2
059452 0
144525 0
259772 0
157023 0
041234 0
122607 0
002844 1
280215 0
084521 2
084690 2
084692 2
169781 2
169797 2
169798 2
131413 0
272041 0
071022 0
098061 2
098056 0
090825 0
096761 2
096656 2
011266 0
158434 2
158390 2
170092 2
169455 2
181941 0
243927 0
223292 0
168684 2
168685 2
132080 0
031159 2
031144 2
093478 2
092937 2
225504 2
225505 2
225522 0
004198 2
156661 0
113262 2
092644 0
098280 2
099811 0
126897 2
126898 2
260644 2
009409 2
121867 2
156303 0
086462 2
084041 0
061265 0
114819 0
220574 0
139416 0
033130 1
271292 0
002414 1
142003 0
134639 0
187313 0
082453 0
194856 0
098045 2
189109 0
131292 2
230390 0
065901 0
133015 0
013745 0
181501 0
230643 2
067216 2
198524 0
064317 2
064285 2
111794 2
111762 2
155996 2
067893 0
145064 0
142441 2
139541 2
139618 2
139619 2
270839 0
164548 0
241468 2
241537 2
241538 2
084712 2
084714 2
084711 2
084707 2
288561 2
288510 2
288756 2
288729 2
252749 0
093668 2
093659 2
126784 0
089087 2
084634 2
084649 2
084631 0
085623 2
085591 2
132366 2
131654 2
121859 2
079592 0
110479 0
001120 0
177695 0
288653 0
133746 2
084567 2
084568 2
084566 2
084559 2
084558 2
119685 2
119701 2
005543 2
120122 2
099647 0
268490 2
268829 0
018112 2
129046 2
129078 2
129074 2
132137 0
175594 2
124355 0
283164 2
283178 2
283473 2
128216 2
128167 2
011993 2
017314 0
173653 0
088638 0
171578 2
171512 2
171511 2
171491 2
160139 0
123979 2
007759 2
121183 2
137110 0
112951 2
112958 2
137006 0
032442 2
032446 2
032450 2
031921 2
032502 2
032485 2
260138 0
107756 0
058856 2
070582 2
103755 2
266836 0
097807 2
097749 0
028838 0
176748 0
134077 0
090626 0
058096 2
058093 2
058050 2
058014 2
060859 2
033115 2
033131 0
086138 0
094525 2
094355 2
094319 2
033351 0
100798 0
132764 0
084628 2
042454 2
084626 2
084629 2
110484 0
066421 0
061054 2
064244 2
083083 2
002717 2
243192 0
244562 0
018674 2
016861 0
070933 2
104106 2
071135 2
104308 2
110582 2
110676 2
124676 2
124691 2
147674 2
147680 2
147638 2
147651 2
147627 2
147626 2
000105 0
118121 2
112401 2
094966 0
095786 2
142123 2
068431 2
068432 2
081324 2
081330 2
062733 2
064516 2
062946 2
062970 2
062988 2
064971 0
092872 0
138919 2
138900 2
121209 0
064547 2
042221 0
180954 0
134798 0
063415 0
163440 0
159101 2
159093 0
097843 0
253210 2
253178 2
087943 0
132045 2
098281 0
268171 0
086487 2
241136 2
275779 2
114787 0
187114 0
146709 2
155236 0
138061 0
094297 0
144337 2
141038 2
140978 2
140980 2
071377 2
104550 2
071364 2
104537 2
117639 2
148104 2
155289 2
098779 2
098801 2
004538 2
056274 2
056677 2
048069 2
095937 2
095961 2
096033 2
071710 2
104883 2
072189 2
105362 2
071684 2
104857 2
109713 0
048075 2
142059 2
141978 2
118112 2
118111 2
108847 2
108773 2
108814 2
063001 2
062991 2
063021 2
101440 2
101437 2
101039 2
081320 2
109125 2
122547 2
010351 2
122672 2
122643 2
122598 2
122595 2
122654 2
122665 2
122561 2
011607 2
122798 2
122794 2
122795 2
110550 2
109027 2
109025 2
109024 0
098612 0
068505 2
229599 0
279608 0
098450 0
224040 0
135076 0
078631 2
058505 2
100286 2
108091 0
007437 2
120948 2
181536 2
080038 2
074562 2
074788 2
058253 2
058264 2
194597 0
089981 0
058301 2
058274 2
127546 0
035984 0
092160 0
111259 2
114207 2
110609 2
075341 2
075324 2
004565 2
004507 2
118714 2
079079 2
033125 0
111530 2
111511 2
007940 2
121353 2
061832 0
075588 2
075609 0
116772 2
095600 0
009147 2
121639 2
009125 0
009408 2
121866 2
214395 0
109026 0
070319 2
103492 2
070323 2
103496 2
070364 2
103537 2
070117 2
070285 2
103458 2
103290 2
070424 2
103597 2
070114 2
070100 2
103273 2
103287 2
070450 2
103623 2
070494 2
103667 2
070341 2
103514 2
070390 2
103563 2
094758 2
094754 2
094949 1
094368 2
094377 2
094378 2
094369 2
094244 2
094385 2
094379 2
150027 0
118661 0
110617 0
036482 0
014334 0
240432 2
240487 2
217314 0
064514 0
143423 2
143418 2
086654 2
086655 2
086741 0
108806 0
114971 2
266398 2
287670 0
094388 2
094380 2
097344 0
001990 2
114529 0
093747 2
094390 2
094389 2
094387 0
093645 2
113334 0
189118 2
133795 2
133533 2
133536 2
133539 2
133543 2
133467 0
161444 2
161412 2
161413 2
161400 0
190890 0
101209 2
088043 2
088044 2
001758 0
052272 0
149385 0
001235 0
086015 2
138878 2
132177 2
132176 2
132171 2
179551 0
100458 0
017996 0
113123 0
142617 2
142637 2
142410 1
283794 2
283806 0
252455 0
152714 2
112134 0
090355 2
091352 0
010318 2
122637 2
209680 2
068448 0
131510 2
131501 2
131498 2
131495 2
131194 2
131198 0
198555 0
134146 0
003745 0
144444 0
017589 2
129394 2
129397 2
098342 0
005187 2
119632 2
129155 0
145074 0
174605 0
061045 2
061086 2
123864 0
179214 2
035821 0
063416 0
284367 0
114552 2
114596 2
114618 2
064218 2
061144 0
099527 2
099401 2
099521 2
058855 0
138363 2
138334 2
138336 2
138306 2
147441 2
147422 2
147443 2
147420 2
163720 0
139053 0
070343 2
103516 2
070148 2
103321 2
199448 2
199462 2
199420 2
058789 2
008411 0
146532 0
109030 0
009818 0
002569 0
100266 2
100241 2
132577 0
114915 2
146534 2
145372 0
011817 0
253137 0
115150 0
058381 0
099792 2
132097 2
001307 0
033547 0
017740 2
129280 2
150615 0
110452 2
005707 2
120328 2
095086 0
061219 0
039735 0
273924 0
225965 0
186297 0
197502 2
197476 2
197498 2
197474 2
197605 2
230392 2
120799 2
120785 0
009000 0
156898 0
270223 0
137413 0
131134 0
188782 0
151386 0
280229 0
219441 2
219476 2
219420 2
017936 2
129156 2
129223 2
017845 2
129219 2
129224 2
129222 2
219372 2
112868 2
112754 0
228333 0
035541 2
137945 2
137967 2
137991 2
137910 0
039340 2
145310 0
099086 0
229457 0
097677 2
112092 2
112096 2
257569 0
166326 0
126949 0
159722 2
142106 2
142650 2
142636 2
059978 2
075722 2
287256 0
098726 2
098771 2
098707 2
098848 2
002688 2
013611 0
014186 2
011726 0
152784 0
100758 2
100751 2
100741 2
093044 2
092942 0
086939 0
180465 2
180514 2
092710 0
064817 0
179751 0
095217 2
095230 2
168103 2
168117 0
076438 0
033372 2
128225 0
142986 0
020986 0
084391 2
065227 0
032200 2
034577 2
032328 2
032340 2
032341 2
062121 0
145142 2
145156 0
269126 0
032701 0
182023 0
094832 2
095448 0
252852 0
132020 0
149547 0
042434 0
137323 0
052300 2
052305 0
126366 0
093015 0
083220 2
131414 2
131421 0
078530 0
066301 0
062156 0
157032 0
175188 0
166059 0
020980 0
155212 0
226152 0
149212 2
149319 2
149318 2
146128 0
099398 0
180167 2
058285 2
058271 2
192494 0
032401 2
084237 2
084394 2
030579 0
271282 2
271136 0
198038 2
198007 2
197928 2
197893 2
255889 0
199217 0
244681 0
061365 2
061364 2
061368 2
061383 2
061385 2
061502 0
135685 2
149218 0
262736 0
150923 0
094051 0
070389 0
009233 2
121709 2
116747 0
220835 2
220821 2
067322 0
072109 0
133208 0
098505 2
098441 2
098461 0
098497 0
117563 0
236593 0
069841 2
103014 2
084144 0
244202 0
093054 2
093035 2
093010 2
056108 2
056357 2
084148 0
034164 0
101880 0
087668 0
034267 0
253372 0
094344 0
048081 0
135520 0
025595 0
240466 0
133887 2
119744 2
119753 2
119743 2
005284 2
119772 2
119158 2
119139 2
119577 0
119236 0
211970 0
098315 0
083261 0
257600 0
114954 0
132046 0
006872 2
120500 2
086283 2
158750 2
095965 2
095941 2
146074 2
146043 2
069157 0
001861 0
149767 0
099233 0
168892 0
077315 0
046980 2
046905 2
196637 0
009919 0
260973 0
136763 2
194115 0
210746 0
121563 2
009061 2
121566 2
015363 0
095745 0
098411 2
286317 0
271931 0
025330 2
193753 0
183892 0
066425 0
071052 0
109982 0
091927 0
084945 2
070221 0
138287 0
087632 2
085355 2
085383 2
063717 2
213854 0
140197 0
272191 0
043519 0
159801 0
219310 0
111377 0
136103 0
094027 2
120688 0
015129 2
125610 2
122705 2
011362 2
122728 2
023835 2
023769 2
015013 0
120928 0
258512 0
261062 0
094426 2
094442 2
007349 2
120882 2
010311 2
122626 2
011947 2
280090 2
118233 2
144015 0
010349 2
122671 2
235247 0
270840 0
032205 2
086603 2
085204 0
031695 0
088441 0
258395 1
260348 2
260323 2
153562 0
279285 0
015041 0
129316 2
017702 2
129308 2
058265 0
032231 0
010585 0
132135 0
098948 0
145420 0
260347 0
008726 2
187548 0
281458 0
079071 0
016514 0
009382 0
009035 2
033108 2
034850 0
032986 0
058024 2
057024 0
152105 0
098977 2
098972 2
098850 2
098847 2
098810 2
098751 2
098443 2
094490 0
132006 0
192808 2
192823 2
219616 2
260318 0
154698 2
277403 2
029478 2
029520 2
062972 2
062992 2
053145 2
113131 0
015608 2
114843 0
159737 0
146570 2
014105 0
197720 2
099343 2
101875 1
101868 0
068022 2
006630 2
140005 2
095423 0
034645 0
063855 2
010214 2
122531 2
043302 0
077782 0
191781 2
191401 0
078690 0
098949 2
099649 2
099588 2
099581 2
100459 2
100449 2
100571 2
100462 2
100570 2
144990 2
093951 0
145317 0
076297 0
233737 0
137151 0
271137 0
098067 0
102009 0
191787 2
191802 0
098447 2
098423 0
258017 0
039713 2
090835 2
085919 0
191798 0
254873 0
095933 2
095934 2
095938 2
095935 2
095962 2
095932 2
095927 2
096070 2
096032 2
096083 2
098593 0
098947 2
168907 0
085839 0
097625 0
094913 2
094960 0
031202 0
095404 2
095826 2
095303 2
064932 0
098588 0
012090 2
086213 0
064669 2
180160 2
180178 2
182160 2
018384 0
255270 2
251971 2
239459 0
126718 0
169139 2
169140 2
175706 2
012582 2
000329 2
129692 0
265209 0
098873 2
098824 2
098825 2
097077 0
181966 0
177680 0
092379 0
139872 0
068744 0
282328 0
095347 2
277349 0
198184 0
195886 0
084829 2
094550 2
094564 2
249766 0
094229 0
029182 2
029245 0
099273 0
063811 0
032134 2
032206 2
027448 0
032338 2
032407 2
031968 2
031478 2
031591 2
031604 0
034604 0
123779 0
034613 0
054889 0
009100 0
093202 2
093276 2
161004 0
162208 0
066984 2
067197 0
051632 0
096153 2
096071 2
096022 2
168381 0
041810 2
127219 0
099698 0
251427 0
032672 0
005956 2
283808 0
093182 2
066376 0
094935 0
136574 0
011396 0
058532 0
144692 2
146966 0
238505 0
095005 0
260311 0
063718 2
188211 0
095673 0
050705 2
050699 2
255272 0
063334 0
091983 0
042388 0
041694 0
189196 2
189290 0
004154 0
279722 0
249894 0
276911 0
014791 2
113974 0
080336 0
157796 0
132000 0
177529 0
051976 0
132567 0
062541 0
087744 2
273390 0
150439 0
176756 0
059455 2
048284 0
285062 2
198289 0
057700 0
096024 2
096026 2
032012 2
094481 2
095234 0
001767 0
288482 0
196873 0
002384 2
065986 0
038214 0
053539 2
235852 0
044916 0
130169 0
283856 0
097097 2
097101 2
109021 0
190412 0
098409 2
098446 2
098413 2
011474 0
093573 2
093565 2
035835 0
243724 0
119213 0
284997 0
064298 0
089406 0
160358 2
179180 0
221273 0
069174 0
064849 0
271941 0
051673 2
051690 0
093699 0
197706 0
010240 2
064582 2
061749 0
174758 0
232153 0
093460 0
060493 2
060507 2
060505 2
004400 2
118544 2
118529 2
118542 2
005404 2
119951 2
092891 0
060192 0
147909 2
147835 2
023093 0
119252 0
279173 0
139208 0
138454 0
138445 0
075344 0
059441 0
125371 0
023618 0
033595 0
063105 0
018469 0
263945 0
139767 0
118199 0
041481 0
094057 0
089234 0
139363 2
276916 0
076683 2
005152 0
231509 0
098938 2
098893 2
098937 2
255632 0
184858 0
032896 0
196250 0
121180 0
011275 2
122691 2
018560 0
042243 0
099081 2
099078 0
099992 0
026874 0
232821 0
120779 0
092875 0
116147 0
132572 0
151350 0
092088 0
140235 0
128215 0
090002 0
090613 0
146536 0
064614 2
064616 2
064617 2
225201 0
094345 0
259094 0
202627 0
145627 0
095638 2
088908 0
092580 0
009708 2
008085 0
262399 0
017875 0
069757 0
048659 0
120177 0
032948 0
058286 2
097272 0
069764 2
102937 2
069735 0
135378 0
033597 0
110978 2
067081 0
233014 0
110896 0
181033 0
085090 0
083310 0
110350 0
033675 0
085103 0
184920 0
152331 0
091395 0
000809 0
086638 0
112806 2
112821 2
112834 2
112769 2
101978 2
102038 2
093636 0
161443 2
161410 0
161411 0
220616 0
153939 0
121550 2
042354 0
133818 0
094221 0
091131 2
090816 0
024488 2
024485 0
096797 0
010705 2
018091 0
094954 0
124574 0
065538 0
046239 0
071746 0
018831 0
095654 0
069856 2
103029 2
144027 0
088046 2
232847 0
108061 0
244272 0
039814 0
017733 0
082319 2
066422 0
263337 0
109616 0
075262 0
099271 2
009689 0
064629 0
109932 0
041209 0
079376 0
064513 0
010270 0
173353 0
051652 0
034533 2
034541 2
034574 2
040694 0
185556 2
185557 2
197862 0
156435 0
147572 2
147559 2
147576 2
205055 0
130325 0
149140 0
180037 0
100333 0
236358 2
236564 0
153605 0
098229 2
098228 2
098214 2
275378 0
070701 2
103874 2
141213 2
141180 2
170112 0
064963 2
066626 0
008009 2
086802 0
168732 2
168733 2
096137 0
002281 0
042844 0
128226 0
064865 0
060229 0
191309 0
001577 0
142466 0
193009 2
192847 2
190027 2
083858 0
231994 2
124927 0
185401 0
188807 2
110784 0
092730 2
092729 2
092723 2
092724 2
092722 2
005432 2
119989 2
252824 2
199783 2
231554 0
099248 0
094306 2
011750 0
180035 2
135036 0
081480 2
081487 2
134330 0
110455 0
092615 2
092601 2
167198 0
096680 2
091563 0
026813 0
276881 0
071412 0
094440 2
005176 0
094346 1
094296 0
233277 0
121677 0
280180 0
141536 0
190204 0
124350 0
129208 2
129171 2
129147 2
129136 2
129160 0
129139 0
129157 0
009130 0
009267 2
009157 0
014329 0
169287 0
038171 0
124658 0
149846 0
144982 2
109960 0
098312 0
185565 0
060871 2
085812 0
143015 0
110298 0
062298 0
077894 0
031972 0
228778 0
093804 0
226799 0
192007 0
071263 2
104436 2
261763 0
135804 0
265488 0
015763 0
069222 0
150298 2
017096 2
082982 0
129158 0
270503 0
116110 0
154001 0
058390 0
094381 0
110735 2
110857 0
208821 0
158627 0
170604 0
089123 0
097742 0
083323 2
083329 0
092104 0
079580 0
059005 0
066306 0
163731 0
229487 0
088291 0
279015 0
181962 0
169567 2
191915 0
153527 0
179518 0
161920 0
023165 2
093156 0
071431 0
256922 0
030201 0
095473 2
235950 0
091338 0
083654 0
095470 0
076262 0
259558 0
007794 0
062772 0
244339 0
118207 1
118109 1
071716 0
034514 0
062945 0
141444 0
095424 0
097222 2
097199 0
112324 0
239097 0
258138 0
283812 0
122580 0
011970 0
098179 0
007547 0
132614 0
095526 0
127955 0
062157 0
165047 0
082237 0
042266 0
142912 2
142879 2
010619 2
085704 2
169549 0
258806 0
263390 0
097131 0
189910 2
189923 2
135047 0
163741 0
058281 0
013609 0
085068 0
069371 2
102544 2
068944 0
016349 0
062841 0
099751 0
083388 0
265021 0
230070 0
029417 0
160602 0
101551 0
030246 0
045739 0
033107 0
025131 2
187119 0
124683 0
114212 0
201334 0
012480 2
038898 0
146133 0
108919 0
015077 0
063274 0
126771 0
089198 0
240274 0
052466 0
141517 0
188308 0
059211 0
098946 0
094235 2
098328 0
001662 0
096236 0
095731 0
092858 0
155235 0
098383 0
128137 0
121954 0
086157 0
128183 0
184478 0
010302 0
097690 0
067094 0
271022 0
138444 0
059160 0
148905 0
109020 0
007726 0
004164 0
196237 0
185990 0
139825 0
032833 0
281620 0
145009 0
263338 0
239337 0
086846 0
144254 0
007994 0
060974 0
129132 0
117605 2
191950 0
067953 0
062683 0
004664 0
183238 0
194936 0
044101 0
004032 0
130134 0
099096 0
255519 0
001203 0
001054 0
100678 0
098075 0
119458 0
266754 0
185316 0
256056 0
158696 0
102347 0
039957 0
197231 0
131997 0
128581 0
188181 0
121128 0
146514 0
058019 2
087474 0
115757 0
095883 0
131592 0
156206 0
154930 0
176292 2
211348 0
094680 0
280510 2
280365 0
280336 0
255721 0
064145 2
148272 0
019266 0
178850 0
011846 0
082415 0
243041 0
088055 0
064820 0
102330 0
211233 0
093719 0
078356 2
052084 0
014616 0
018624 0
156827 0
230587 0
155215 0
252052 0
154498 0
017743 0
266985 0
146035 0
152785 0
112499 0
114911 0
122194 0
166341 0
058199 0
156890 0
156660 0
071817 0
058208 0
220815 0
155213 0
253028 0
182505 0
128770 0
111328 2
170250 0
188640 0
095394 0
092793 0
025364 2
063528 0
243958 0
120924 0
116483 0
153819 0
191884 0
281456 0
075260 0
079652 0
058989 0
180059 0
119615 0
143213 0
129585 0
154688 0
023098 0
205910 0
086776 0
114263 2
114259 2
065074 2
065096 2
025359 0
061669 0
221324 0
284930 0
033635 0
190825 0
224238 0
099614 0
097945 0
063271 0
095989 0
270511 0
094188 0
187324 0
240635 0
133284 0
011363 0
142895 0
099713 0
093570 2
159729 0
098575 0
239627 0
271961 0
112882 0
041716 0
059409 0
100999 0
285079 0
025225 0
093494 0
133891 0
178896 0
034711 0
100448 0
070185 0
095231 0
097743 0
081141 0
090237 0
026640 0
168154 0
092166 0
058246 0
154224 0
127166 0
108591 2
108556 2
108324 2
089954 0
187838 0
061672 2
258029 0
192262 0
179437 0
017356 0
040361 0
243194 0
067902 0
253328 0
050158 0
011859 2
145419 0
149421 0
102025 1
237711 0
097084 0
096087 0
086429 0
100806 0
258184 0
148708 0
280683 0
097255 0
130248 0
192123 0
085184 0
157024 0
141050 0
137450 0
098582 0
071473 2
104646 2
067881 0
067883 0
068631 0
042433 0
116148 0
099573 2
099532 2
108780 0
149776 0
072581 2
105754 2
130293 0
121547 0
011643 0
244662 0
012101 0
255295 0
019789 0
178354 0
081131 0
001228 0
090420 0
183338 0
077184 0
189080 0
186742 2
098381 2
137556 0
051645 0
044803 0
066554 0
039431 0
099656 0
115773 0
060966 0
100345 0
142402 0
098471 0
238396 0
139382 0
156662 0
068938 0
007993 0
177027 0
083899 0
133105 0
123281 0
151625 0
099289 0
129748 0
282689 0
270446 0
231905 0
108771 2
184774 2
184777 2
101867 0
288763 0
012615 0
093881 0
283619 0
032568 0
097573 0
090502 0
034135 0
120684 0
194738 0
017190 0
101942 0
228449 0
162077 0
097133 0
088917 0
111050 0
131122 0
103394 0
092715 0
024304 0
244111 0
173365 0
075384 0
193477 0
152605 0
135097 0
016073 0
043559 0
085442 0
132009 0
160224 2
160311 0
160310 0
112276 0
096918 0
160334 0
051748 0
131688 0
079743 0
086693 0
189212 0
041917 0
151169 0
092399 0
085248 0
152923 0
078525 2
064658 0
119559 0
125244 0
058863 0
014351 0
233731 0
145149 0
040005 0
006383 0
094228 0
020304 0
133693 0
149964 0
050159 0
156888 0
219894 0
003793 1
051658 0
086062 0
251627 0
086974 0
089089 0
051779 0
067225 0
080931 0
158725 0
188531 0
091408 0
003395 0
064613 0
131665 0
033636 0
149386 0
178422 0
163430 2
064630 0
211225 0
127068 2
127143 2
220609 0
063135 0
116844 0
017664 0
183881 0
084676 0
238800 0
075263 0
062764 2
062765 2
062767 2
064510 1
044883 0
070757 0
184440 0
010269 0
234694 0
083358 0
139569 0
255631 0
039752 0
144974 0
052416 0
101826 0
085438 0
064982 0
036837 0
220319 0
280224 0
088717 0
137008 0
107846 0
166231 0
283803 0
033620 0
098335 0
063418 0
099064 0
001194 0
181971 0
214015 0
111039 0
014518 0
253373 0
226243 0
231563 0
114999 0
017116 0
007571 0
128937 0
198477 0
038369 0
114290 0
132602 0
268175 0
145656 0
021709 2
021697 0
021667 0
098160 0
125422 0
287892 0
004319 0
280242 0
089953 0
191347 0
183446 0
125683 0
154670 0
090940 0
076462 0
185597 0
098472 0
029428 0
014406 0
185626 0
036219 0
009038 0
086281 0
198179 0
095432 0
252671 1
247471 0
036520 0
276313 0
145968 0
162209 0
108967 0
258492 0
090127 0
085165 0
001233 0
211967 0
128476 0
090540 0
092987 0
135376 0
086836 0
033664 0
278338 0
122746 0
145634 0
083300 0
256278 0
039658 0
167730 0
060822 0
010261 0
161919 0
091922 0
212547 0
251259 0
123486 0
061186 0
092837 0
233764 0
130660 0
274549 0
111369 0
044246 0
108100 0
022659 0
122622 0
259085 0
049108 2
049103 2
120952 0
077163 0
058094 0
019249 0
094025 0
077633 0
156293 0
091982 0
059823 0
018052 0
265321 0
064953 0
284312 0
119562 0
093409 0
176745 2
176747 0
176743 0
080266 0
029392 0
153746 0
139563 0
288368 0
287902 0
137219 0
267359 0
177685 0
035811 0
064954 0
252750 0
254985 2
254710 0
005294 0
097414 0
132464 0
165606 0
149695 0
034795 0
226587 2
226665 2
273001 0
176741 0
146847 0
168565 0
109413 0
121156 0
048118 0
075319 2
018606 0
149893 0
272039 0
086695 0
121212 0
181034 0
023419 0
144674 0
190368 0
131423 0
186652 0
111367 0
087921 0
083226 0
062905 0
141904 0
225948 0
202678 0
109678 0
010345 0
098277 0
069286 2
102459 2
100273 0
262570 0
147710 0
071246 0
095101 0
174704 0
023509 0
103930 0
289566 0
181611 0
070076 0
141351 0
027551 0
062910 0
067865 0
243928 0
127796 0
143480 0
110336 2
094310 0
198589 0
257939 0
020105 0
128011 0
059251 0
095626 0
001097 1
157761 0
097917 0
082580 2
130209 0
079257 0
142475 0
017964 0
184903 0
083221 0
043611 0
157995 0
115071 0
012768 0
119583 0
255861 0
109536 0
125620 0
260750 0
278994 0
131986 0
098924 0
271607 0
038103 0
061294 0
226276 0
101187 0
007253 0
205097 0
111127 0
180662 0
240630 0
062867 0
006281 0
116685 0
125440 0
116463 2
115979 0
145118 0
285596 0
042732 0
035856 0
095579 0
019002 0
104195 0
156664 0
021678 2
021680 0
097453 0
102013 0
163726 0
088478 0
157905 0
243688 0
097810 0
081162 0
138487 0
228310 0
008359 2
142105 0
141326 0
141305 0
008431 0
202677 0
058436 0
061677 0
128133 0
051986 0
277896 0
197685 0
123732 0
060191 0
101851 0
089422 0
141318 0
102908 0
134019 0
125260 0
165897 0
086725 0
151685 0
077760 0
097622 0
082421 0
162326 0
112144 0
267842 0
267460 0
087347 0
085815 0
086214 0
054252 0
034084 0
099405 0
148990 0
111909 2
239012 0
058298 0
187446 0
009285 2
071441 0
172968 0
142649 0
180418 0
077802 0
098613 0
126564 0
099718 0
156214 0
083434 0
128729 0
118886 0
020955 0
102395 0
125827 0
093823 0
020672 0
244454 0
122195 0
160418 0
284300 0
240475 0
068818 0
153959 0
115110 0
041205 0
048409 0
181965 0
012799 0
180061 0
234836 0
133580 0
135693 0
096908 0
059144 0
020954 0
098054 0
059625 0
164940 0
088978 0
243699 0
003375 0
110449 0
196294 0
288941 0
096059 0
198019 0
092215 0
232844 0
059431 0
010256 2
122583 2
155988 0
132066 0
017089 0
033074 0
152920 0
065305 0
158238 0
170605 0
015183 0
083270 0
052093 0
259788 0
280672 0
095584 0
142659 0
104585 0
212162 0
100390 0
264335 0
225485 0
067511 0
064365 0
252109 0
041466 0
148209 2
148193 2
148208 2
148210 2
148219 2
148211 2
149052 0
015250 0
017035 0
267964 0
