088377 0
002679 1
001444 1
086851 0
086698 0
091798 0
133642 1
133632 1
133668 1
133774 1
133770 1
133703 2
133702 2
133709 2
133707 2
132050 1
132010 1
132008 1
133331 2
133299 2
133302 2
133297 2
133119 2
133100 2
133093 2
133088 2
133188 2
133171 2
133612 1
133610 2
133611 1
133959 0
133729 1
133730 1
133723 1
132046 1
133312 0
001458 2
163967 0
131953 2
132136 1
132080 1
132019 1
132017 1
132135 2
133951 2
169288 0
131954 2
133868 0
133941 2
002855 1
133365 1
133358 2
133664 2
133598 1
134305 0
131975 2
133427 1
132037 0
134343 0
133015 0
001580 1
007436 0
183839 0
134952 0
133665 2
133663 2
133649 2
145201 0
173061 0
146856 0
132839 1
132830 1
137780 0
143263 0
258326 0
133841 1
114837 0
132173 0
134001 0
002488 0
132039 2
132021 2
158866 0
134080 0
079272 0
001445 1
002777 0
003102 0
127799 1
124121 0
134596 0
133735 2
133348 1
109504 0
006188 0
133869 0
183557 0
092690 0
132057 0
132020 1
133675 2
133829 1
002772 2
131988 2
132922 0
007046 0
157848 0
140098 0
131970 1
132052 1
109787 0
097530 0
133669 2
135974 0
127896 0
133684 1
132203 2
132182 2
132952 1
132938 1
132910 1
132955 0
133480 1
142036 0
131613 0
132865 2
132860 2
134076 2
181041 0
132396 0
001109 1
007099 0
005188 0
133581 2
001459 0
133621 2
133585 2
148999 1
149000 0
179120 0
133253 0
147564 0
130320 0
127977 0
131605 0
135126 0
133721 1
133661 1
139214 0
100266 0
261760 0
112622 0
133138 0
158368 0
133674 0
094074 0
133853 2
133874 2
133871 1
258190 0
142314 0
017250 0
134005 1
231334 0
017268 1
128571 1
128620 1
128622 1
128653 1
128655 1
128659 1
128652 0
109011 0
193105 0
188534 0
138824 0
007044 0
178071 0
133737 0
133582 1
132771 1
261991 0
150008 0
003340 0
101081 0
137993 0
134003 0
159141 0
097563 0
002717 0
133131 0
141143 0
156534 0
043358 0
132858 1
109530 0
140288 0
138037 0
133389 0
132685 1
132751 1
132670 1
132666 2
132898 2
132825 1
132824 1
132807 1
132805 2
132803 2
009742 1
122139 1
122129 1
122110 1
122059 1
009594 0
123874 0
130385 0
099196 0
011838 0
134275 1
117943 0
137070 0
110527 0
133200 1
133195 1
098692 0
139093 0
122021 0
134449 0
133283 0
146481 0
107706 0
108996 0
017629 1
129357 1
129405 1
129429 0
127107 0
133746 1
010357 0
154653 0
132606 0
123034 1
123037 0
133044 0
001242 1
138307 0
132018 0
134024 0
131675 0
093071 0
087548 0
181910 0
132844 0
117555 0
000634 0
108975 0
133376 0
066977 0
131729 0
110963 0
102019 0
134915 0
010253 0
180609 0
145734 0
253311 0
148183 0
132071 0
160375 0
133339 0
002845 0
158089 0
141911 0
001919 0
133432 0
002770 0
132176 0
114749 1
114712 0
100189 0
001240 1
108036 0
097699 0
008087 0
092116 0
017246 0
001744 0
001887 0
111224 0
133652 0
161339 0
080409 0
112385 0
159872 0
092764 0
012491 0
144352 0
157854 0
028378 0
007671 0
141756 0
133891 0
091686 0
001135 0
108586 0
187114 0
141182 0
043123 0
118398 0
179121 0
124919 0
131683 0
071066 0
147739 0
131640 0
113106 0
160235 0
133915 0
128658 0
133753 0
071418 0
137421 0
140020 0
179177 0
092467 0
131631 0
003066 0
002218 0
146884 0
115341 0
010369 0
133344 0
002364 0
002894 0
132407 1
001600 0
017965 0
138779 0
004877 0
133586 0
148907 0
009029 0
114824 0
186587 0
132431 0
180329 0
138468 0
099179 0
226431 0
130164 0
001062 1
082652 0
126165 0
274731 0
123876 0
112546 0
102035 0
157771 0
160427 0
111657 0
181962 0
001908 0
130393 0
140094 0
191891 0
133347 0
110548 0
148997 0
159718 0
094454 0
131793 0
138297 0
127888 0
005386 0
131946 0
136549 0
133556 1
133555 1
133552 1
133400 0
001278 0
133108 0
131755 0
001131 1
134108 0
133560 0
092448 0
038854 0
127805 0
043291 0
