085524 1
010305 0
018145 2
115245 2
113573 2
113600 2
010298 2
082362 0
117089 0
131477 0
065268 2
156872 2
156873 2
025309 2
188475 0
201258 0
043640 0
022398 0
135618 1
131875 2
131798 2
131812 2
131791 2
002358 1
002952 1
134318 2
002393 0
188725 0
047560 2
266540 2
266582 2
192317 0
027104 0
262452 2
269301 0
041627 2
180752 1
013161 0
015065 2
125665 2
165103 2
028855 2
028845 2
033670 2
147577 2
147431 2
147377 2
188438 1
188465 0
275726 2
275736 2
275710 2
270824 0
087337 2
243426 1
083067 1
027960 1
025214 0
169352 1
169256 1
163233 2
019053 0
085563 2
086871 1
046562 1
200983 2
221708 2
199560 2
201081 1
200969 2
196436 1
178675 2
276206 1
181541 2
181534 2
181522 2
201400 0
219756 2
219768 2
232047 0
028390 0
054450 2
054425 2
041609 1
203776 2
272621 2
221441 2
159465 2
125337 0
037044 0
128375 2
202519 1
243192 2
243183 2
243191 2
288056 0
270829 0
018757 0
219847 2
032651 0
042736 1
043439 0
059149 1
059140 1
231729 2
231734 2
044250 1
279544 1
019237 0
031620 1
086117 1
164504 2
164492 1
163880 1
161512 0
081660 0
082131 2
082139 2
041103 1
041116 1
032133 2
058295 1
233688 0
086484 1
162927 0
098222 1
028432 0
030282 1
025448 0
062473 1
024026 0
101389 0
214878 0
080734 0
133240 0
164498 1
164494 1
260990 1
261018 1
261046 1
263369 0
088248 0
198291 0
008667 0
061796 1
042016 0
029261 0
125331 0
032811 1
035966 0
115806 1
007089 0
028611 0
276653 0
065001 0
040992 1
051265 0
289343 1
289268 1
115807 1
243465 1
243459 0
223166 1
052743 1
052729 0
025257 0
286574 0
126329 0
164675 0
023147 0
160721 0
109765 0
134989 0
188679 0
270635 1
254321 1
164462 0
211798 0
025589 0
180750 0
270873 0
188305 0
022376 0
034268 0
032836 1
032794 1
023183 1
024439 1
137533 0
045271 0
156353 1
156398 0
097780 0
045985 1
046004 1
084821 0
016635 0
266532 0
009413 0
095209 1
254322 1
022682 1
261311 0
158086 0
024576 0
023068 1
023065 1
023007 1
040778 2
040803 2
082138 0
266101 0
067419 0
025484 0
190438 0
155605 0
089329 1
166273 0
097921 0
058159 2
269555 1
255880 0
163332 0
188437 0
044567 0
146850 0
135486 0
263100 0
279543 0
260972 0
005560 0
010561 0
166144 0
243227 1
253816 1
253905 1
254681 1
254757 1
149965 1
149966 1
139042 0
023135 0
182718 0
041276 0
177350 0
144875 0
008857 0
269934 0
221740 0
011197 0
235031 0
188462 0
225149 1
225150 0
225151 0
045809 0
093225 1
093266 1
277771 0
223504 1
223513 1
093329 1
009626 0
014207 0
040913 0
151200 1
025714 0
008711 0
158323 0
198224 0
038268 0
075963 0
098951 0
115926 0
058926 1
041325 1
041346 1
163027 0
043798 0
041121 1
025614 1
042013 0
267282 2
266696 0
266697 0
267997 0
078968 0
022244 0
018663 1
085278 2
085293 2
161852 0
045812 0
108158 0
152715 0
162921 0
015417 0
112097 0
229563 0
113261 0
019780 0
273790 1
273798 0
093308 0
099965 0
058294 0
091359 0
269556 0
197998 1
198035 1
083032 0
254339 0
027825 1
031742 0
162992 0
045984 0
164291 0
088255 0
263761 0
131028 0
141156 0
022405 0
039805 0
190322 2
270821 1
270969 1
270940 1
270930 1
270971 1
009426 1
159309 0
203181 0
062576 0
051490 0
243406 1
243411 1
243416 1
243419 1
243425 1
243427 1
225165 1
226319 1
025677 0
037046 0
187927 0
056140 0
167767 0
063587 0
288057 0
041247 1
041091 1
041088 1
041086 1
041074 1
041690 0
080459 0
077365 0
051354 0
049639 0
207054 0
109986 0
038130 0
122303 0
192328 0
269876 0
075802 0
201255 0
287500 0
095482 0
033594 1
066937 0
142145 0
014596 0
188643 0
264137 0
116317 0
077951 0
019336 0
188756 1
188752 1
188724 1
135992 0
224046 0
005750 0
060606 1
062996 0
285799 0
136198 0
288194 0
262155 0
043630 0
077779 0
095592 0
014026 0
277907 0
050572 1
050145 0
083387 1
029562 0
021451 0
225177 1
225167 1
188611 0
045551 1
045596 1
045416 0
226318 1
046128 0
188726 0
274038 0
240103 0
019929 0
198600 0
253914 0
031741 0
025413 1
028610 0
088254 0
220671 0
043817 0
052071 0
079742 0
023390 0
001249 0
188602 0
025762 0
219918 0
025583 0
028366 0
155532 1
081855 0
137335 0
187035 0
007309 0
259632 0
125322 0
061088 1
242597 0
078601 0
093404 0
087415 0
083018 0
270915 2
270917 1
274597 1
160364 0
049754 0
252818 0
101338 0
137440 0
047897 0
027018 1
109741 1
063843 0
163958 0
286997 1
287006 1
286763 1
286775 1
283223 1
283220 1
283190 1
283192 1
283191 1
202706 0
040999 0
150329 0
042528 0
270459 0
123826 0
003762 1
135641 2
034982 2
242580 0
260871 0
005154 0
026790 0
162917 0
116583 0
241933 0
211122 0
123094 0
287328 0
273552 1
257009 0
112504 0
055813 0
146556 0
161356 0
141388 0
199215 0
082105 0
062015 0
281366 0
198226 0
100232 0
084456 0
141238 0
100294 0
286572 0
273550 0
270925 0
273173 0
287951 0
155639 0
275603 0
288149 0
050300 1
050452 1
050109 1
041546 0
063646 0
037349 0
092150 0
188288 0
035001 0
219825 0
281965 0
079768 0
050026 1
155753 0
058451 0
219550 1
170037 0
029843 0
264409 0
209792 0
006718 0
274751 0
120366 0
014045 0
164346 0
257014 0
165388 0
115610 1
115420 1
188825 0
115520 1
219942 1
219135 1
219182 1
023884 0
117709 0
229607 0
014778 2
115791 1
115796 1
115756 1
024073 0
054159 0
156183 0
253915 0
267093 0
022268 1
022272 0
025828 0
146270 0
109993 0
045821 0
231559 1
006341 1
137812 0
068441 0
241765 0
115338 1
239658 0
148320 0
107835 0
052860 0
092952 0
193618 0
090896 0
002892 0
287506 0
197894 0
117919 0
285952 0
130167 0
252475 1
252492 1
252501 1
252444 1
238681 0
279175 0
242598 1
242606 1
243315 0
034210 0
122343 0
034280 0
181605 0
117757 0
094387 0
273007 0
032897 1
016856 0
051749 0
051146 0
188472 0
034997 0
