158922 2
006786 2
120466 2
005342 2
119850 2
006780 2
120462 2
119846 2
006785 0
006783 2
120463 2
006784 0
026641 2
026347 2
077760 2
082642 2
077410 2
075820 2
076153 2
075778 2
075784 2
002204 2
178752 1
178713 1
178696 1
178615 1
178592 1
075040 1
224867 1
224875 1
224876 1
155971 2
027150 2
079078 2
069102 1
102275 1
232859 1
232864 1
076286 2
076304 2
076403 2
141615 0
117225 1
110114 2
110373 2
082151 2
075479 2
284679 1
284680 1
033090 2
224226 1
207853 1
019066 2
002461 0
285292 0
112565 2
112584 2
107948 2
107959 2
108052 2
011047 2
160977 2
161033 2
161029 2
158965 0
015206 2
125541 2
003986 2
011219 2
144752 2
144806 2
096720 0
000428 2
165086 1
165084 1
018228 2
128947 2
081075 1
081045 1
081072 1
194880 0
076791 0
220481 2
230775 2
220479 2
217696 0
164990 2
165079 2
159895 1
159880 1
159881 1
165140 2
159870 2
159866 2
165121 2
165105 2
159857 2
029250 0
275892 2
275932 2
273696 0
081109 0
165077 0
153493 2
153518 0
222792 0
120465 0
052946 2
012260 0
258684 0
109845 0
127156 0
081090 0
034150 2
059529 1
059686 0
139571 0
039338 0
059523 0
013171 0
130656 0
000265 2
075342 1
080788 2
188714 0
120464 0
014277 0
269910 0
129711 2
129708 2
131745 2
129675 2
129700 2
129689 2
233901 0
023054 0
065841 0
230206 0
027779 0
153530 0
207954 0
059651 0
206863 0
033422 0
130873 0
003924 0
021994 2
133799 0
024295 0
020053 0
050374 2
050273 0
077441 0
190903 0
127593 1
127592 1
155853 1
182851 0
161933 0
076898 0
154782 0
029536 0
025609 0
025404 0
198749 0
020373 0
154598 0
028640 0
113824 0
022694 0
064632 0
096724 2
116317 0
285286 0
076099 0
166988 0
193616 0
046420 0
012942 0
273700 0
230825 0
025311 0
021379 0
192453 1
192015 0
206665 0
005745 0
179027 0
128142 0
179334 0
239253 0
142166 1
142287 1
002007 0
020969 0
146989 0
193815 0
111120 0
062194 0
287406 0
080660 0
120592 0
144884 0
004172 0
063139 0
107817 0
002015 0
028694 0
015002 0
011513 0
081289 0
223272 0
121500 0
194881 0
111163 0
139818 0
158420 0
006603 0
247692 0
043787 0
076984 0
086802 0
171101 0
037402 0
276877 0
259415 0
038038 0
113720 0
225184 0
207446 0
049884 0
124254 0
108640 0
028049 0
020381 0
