111669 2
111692 2
111697 2
111696 2
117387 1
117325 2
117275 2
115900 2
130288 2
130252 2
007624 2
108360 2
117625 2
117582 2
117503 2
116998 2
117338 2
116831 2
124249 2
124256 2
005338 2
119843 2
119791 1
124523 2
124525 2
009484 1
121949 1
004902 1
165006 2
165010 1
165009 1
165030 2
273746 1
273748 2
141090 0
066037 0
123301 0
139696 0
110559 0
252476 0
265809 0
069075 0
211460 0
126174 0
005283 1
119771 1
190421 0
268962 0
089308 0
097183 0
149786 0
161796 0
240112 0
144624 0
188879 0
147411 0
162662 0
283755 0
004745 0
144049 0
129442 0
256365 0
277901 0
087980 0
141199 0
110507 0
123817 0
071387 0
261233 0
190360 0
097012 0
252506 0
262476 0
125496 0
224554 0
097055 0
244215 0
102248 0
191966 0
