151975 1
151970 1
261429 0
197045 0
207589 0
227899 1
227906 1
195548 1
264966 1
264978 1
265548 2
265549 2
280349 1
224581 1
004286 1
118117 1
117779 1
117670 1
039553 0
272508 0
000921 1
131991 1
000862 1
131710 1
001618 1
134292 1
134263 1
134184 1
134010 1
153072 1
153071 1
153304 1
142411 1
010435 1
228038 1
152259 1
157978 2
157982 2
154560 1
156544 2
176264 1
019044 1
194911 1
194990 1
195033 1
002787 1
196390 1
200641 1
200642 1
200643 1
196226 1
196218 1
133846 1
133844 1
008802 1
139313 1
008909 1
181986 0
223776 1
267006 1
267083 1
069751 1
102924 1
182699 1
182728 1
182729 1
182764 1
196549 1
195901 1
195907 1
081810 0
289135 1
019060 1
179911 1
179912 1
179722 1
179876 0
006944 1
120565 1
163710 1
163706 1
132649 1
017925 0
134964 1
134983 1
134871 0
019049 1
108531 1
040248 0
268346 1
176005 1
175921 1
153089 1
153092 1
123163 0
125163 1
125215 1
125217 1
019052 1
018304 1
128899 1
128998 1
003963 1
163705 1
163719 1
155452 1
182492 0
133845 1
002786 1
161302 1
161268 1
019024 1
289357 1
289264 1
018784 1
177036 1
011914 1
161271 1
161283 1
161164 1
136337 0
150616 1
150646 1
089061 0
101432 1
154697 1
154544 1
143114 1
143096 1
143097 1
142967 1
221922 1
221910 0
238718 1
146633 1
186153 1
124970 1
124971 1
124968 1
242134 1
242110 1
264450 0
193361 1
185796 1
185844 0
161392 0
238726 1
242111 1
242135 1
242084 1
242092 1
242067 1
124686 1
263622 1
238727 1
238942 1
011861 1
239496 1
239536 0
156429 1
160294 1
160320 1
136039 1
136041 1
136118 1
136186 1
136117 1
124845 1
124789 1
130622 1
163938 1
163957 1
202158 2
013183 1
263623 1
263604 1
263513 1
001613 1
006069 1
137998 1
137972 1
137940 1
137971 1
163921 1
009185 0
000034 0
002292 1
011905 1
136037 0
054705 2
054618 1
069827 1
103000 1
018506 1
153515 1
153577 1
153513 1
153529 1
141961 1
008246 1
000416 0
127607 1
223477 1
269578 2
269692 1
269705 1
192125 1
191972 1
192126 1
176638 1
202902 1
124862 1
124860 1
019724 1
019708 1
088936 1
088987 1
169002 1
168804 1
077040 1
177083 1
159029 1
159020 1
159023 1
159008 1
158874 1
159026 1
176822 1
117614 1
117429 1
117616 1
236702 1
123161 1
013603 1
223420 1
128111 1
128133 1
258700 1
258706 1
259550 1
258684 1
177032 0
001480 1
185800 0
032430 1
032422 1
180125 1
180126 1
180128 1
001449 1
269357 1
269316 1
269317 1
231767 1
237242 1
280430 1
270927 1
126899 1
069102 1
102275 1
175589 0
031676 1
017805 1
125005 1
124987 1
000635 1
170724 1
170725 1
170685 1
170686 1
170684 1
091687 1
066541 1
219606 0
126917 1
278634 1
023634 0
012992 1
145908 1
242133 1
240286 1
240290 1
240291 1
240300 1
240318 1
240317 1
012665 1
278635 1
269683 1
269467 1
123357 1
123356 1
195726 1
195728 1
195737 1
195739 1
195803 1
195806 1
195815 1
195817 1
195830 1
195870 1
195933 1
148134 0
011481 1
122749 1
195872 1
195744 2
126281 1
126292 1
197330 1
197340 1
170304 1
170274 1
013266 1
009517 1
209950 1
209387 1
007459 1
196425 1
196411 1
278898 1
153466 1
153504 1
176382 1
176415 1
009885 1
195948 1
195939 1
196503 1
153396 1
002304 1
197748 1
197869 1
197871 1
196485 1
196481 1
258385 1
258341 1
190565 1
190527 1
190683 1
199458 1
199482 1
199483 1
199502 1
199558 1
153394 1
176934 1
167578 0
043957 1
044058 1
169131 2
169132 2
169049 1
011192 1
013938 1
144789 1
087424 1
169151 1
167069 1
169172 1
288774 0
126986 1
127130 1
224459 1
109086 1
238940 1
011219 1
144752 1
144806 1
053688 1
117315 1
117316 0
271872 1
271971 1
238941 1
190903 2
124511 1
211219 1
163213 1
289654 1
163141 1
289627 1
289617 1
288077 1
289368 1
277007 1
276908 1
127382 1
127471 1
127472 1
014196 1
014200 1
146881 0
256091 1
081268 1
200973 1
201082 1
081210 0
128616 1
128475 1
129654 1
128615 1
129616 1
017296 1
129598 1
129653 1
000537 0
256823 1
256831 1
079720 1
079728 1
191007 1
190998 1
253833 0
238824 1
159039 1
158944 1
164704 1
158921 1
163637 1
163514 1
163495 1
111425 1
229918 1
229950 1
075940 1
076100 1
076014 1
168333 0
001271 0
070644 1
103817 1
152908 1
191303 1
191227 1
181444 0
069816 1
102989 1
068042 1
068068 1
068097 1
068098 1
208462 0
131478 1
131491 1
128693 1
018629 1
128686 1
131538 1
012616 1
070745 1
103918 1
070670 1
103843 1
232048 1
285882 1
212211 1
284620 0
286551 1
071467 0
170341 1
170342 1
170340 1
069602 1
102775 1
002859 1
063835 1
063425 1
190942 1
191062 1
100420 1
100509 1
002369 1
006335 1
122874 1
011986 1
122877 1
035076 1
035051 1
014868 0
157425 1
157426 1
191599 1
010035 1
122735 1
011766 1
122835 0
193896 1
193884 1
193879 1
193883 1
169492 1
169493 1
169494 1
169488 1
169485 1
098957 1
170172 1
170173 1
170171 1
153157 1
153168 1
153027 1
153181 1
153180 1
153244 1
153455 1
153241 1
153488 1
153158 1
153169 1
153028 1
126442 1
126482 1
170410 1
170418 1
170419 1
117928 1
004201 1
155969 1
169333 1
169334 1
007380 1
167842 1
167914 1
167915 1
169864 0
167486 1
167490 1
167491 1
042610 0
169265 1
116991 1
116797 1
014666 1
169285 1
169343 1
169344 1
132502 1
132521 1
132534 1
132641 1
153399 1
226269 0
153406 1
152134 0
018321 1
016629 1
085843 1
018779 0
126900 1
126894 1
126888 1
126890 1
127028 1
141987 1
100193 1
060805 0
019042 1
014825 1
161933 1
003141 1
061379 1
061381 1
202975 1
202649 2
202976 1
204168 1
203116 1
018174 1
128981 1
018219 0
130560 1
127726 0
063850 1
275358 1
275351 1
100958 1
110105 1
008658 0
112251 1
112250 1
112384 1
112388 1
112391 1
018509 1
196370 1
135220 1
159114 1
159042 1
158876 1
159010 1
159022 0
238728 1
238943 0
090619 1
147384 1
147385 1
164470 1
014462 0
124492 1
124510 1
025466 1
129792 0
236703 1
236330 1
025423 1
236319 1
098099 1
098149 1
164167 1
242258 1
140607 1
140608 1
010370 1
011252 1
090968 1
118945 1
118960 1
156575 1
156574 2
158207 1
158200 1
156941 1
156917 1
210559 1
210967 1
131386 0
154598 0
021475 1
219454 1
158122 1
158283 1
156551 1
253349 0
203475 1
204300 1
204289 1
272715 0
238089 1
238093 1
238108 1
238103 1
185880 1
185855 1
027092 1
006475 0
181014 1
069367 1
102540 1
255747 0
139361 1
139344 2
001598 0
110022 1
110083 1
124604 1
144907 0
169329 1
169330 1
017582 1
058341 1
176769 1
176770 1
176758 1
255914 1
255941 1
255850 1
255824 1
018531 0
176820 1
176787 1
176819 1
176831 1
036367 1
036409 1
036381 0
131711 1
266094 1
266110 1
195829 1
195814 1
195727 1
195805 1
195802 1
195816 1
195725 1
195932 1
195869 1
195736 1
195738 1
153581 1
153582 1
255767 1
255790 1
255808 1
255879 1
239089 1
018585 0
177040 1
110066 0
239548 2
262747 1
239801 1
239926 1
240106 1
240178 1
240193 1
236265 1
236278 1
064817 1
064820 1
242903 1
242930 1
242905 1
242901 1
279937 0
179696 1
234620 1
188320 1
018022 0
076275 1
069402 1
102575 1
077049 1
184615 1
195886 1
163902 1
164126 1
113429 0
219852 1
281777 1
157029 0
065220 1
065211 1
152962 0
065277 1
081738 1
065728 0
044550 0
133517 1
002611 1
081684 1
081551 1
002444 1
116653 0
018578 1
033275 1
007207 0
001466 1
000482 0
082468 1
035479 1
143645 2
143646 1
010857 1
143731 1
035723 1
035725 1
205553 1
035690 1
035482 0
271972 1
193359 0
272306 1
271860 1
272283 1
271867 1
273579 0
284442 1
159981 1
160014 1
160020 1
156204 1
280589 1
156276 1
156283 1
149049 0
163145 1
110823 1
026907 1
225924 1
225923 1
019616 0
174990 1
174954 1
195909 0
085164 0
258967 0
001753 0
160319 0
076770 1
076393 1
076392 1
076228 1
076345 1
109962 0
008153 0
043921 1
148906 1
125141 1
125041 1
071412 0
246794 1
247365 1
248167 1
124180 1
012018 1
008544 0
123202 0
033352 1
170473 1
170474 1
170463 1
033344 1
066443 2
002499 0
231904 0
078326 1
078254 1
020739 1
185915 0
020732 1
035726 1
158511 0
170398 1
170399 1
170375 1
144513 0
068343 1
035703 1
068310 1
167126 0
030505 1
060302 2
141966 1
141969 0
147468 0
152011 1
089471 1
136428 1
136438 1
027550 0
064337 0
003477 1
015206 1
125541 1
050051 0
220479 1
220481 1
230775 1
035722 1
035693 1
076113 1
003986 0
155981 1
156034 1
019766 1
142068 1
142097 1
088628 1
088778 1
202344 1
229437 1
229431 1
122837 1
163003 1
164823 1
242526 0
129750 0
081291 0
060497 0
029399 0
012256 0
190842 1
281167 1
019392 0
091267 0
186048 1
126797 1
126407 1
126777 1
231660 1
231658 2
231662 1
038576 0
001498 1
220910 1
238609 1
239059 1
194080 1
164944 2
164802 1
164761 1
169123 1
169073 1
169074 1
171375 1
171374 1
171373 1
160899 1
015745 1
187493 1
187504 1
178651 1
178591 1
178625 1
178586 1
165256 1
165254 1
169300 0
193983 1
193997 1
193732 1
193832 1
169358 1
169359 1
202826 1
157605 0
011855 1
169376 0
032661 0
159025 0
111642 1
111647 1
007684 0
219455 1
163019 0
160827 1
160868 1
175588 1
110734 1
110757 1
110941 1
110752 1
110951 1
111635 1
111471 1
111473 1
111478 0
111860 0
111401 1
110739 1
111476 1
239024 0
110848 1
111024 1
111393 1
111299 1
111029 1
111323 1
111398 0
111631 1
111634 1
111047 1
110984 0
110783 1
075911 2
110822 1
075863 1
075872 1
012184 0
087885 1
087905 1
087906 1
112253 1
112927 0
052900 0
131203 1
034336 0
231278 1
158528 0
191765 1
037739 0
010837 1
143649 1
007767 0
160458 0
069700 1
102873 1
008740 1
018661 0
170239 0
181170 0
162687 1
126447 1
060505 0
108573 1
108619 1
108753 1
108620 1
108700 1
108786 1
108844 1
108813 1
108872 1
108794 1
234430 1
234791 1
268425 0
199259 0
269597 1
269600 1
235163 1
016557 1
034379 0
013410 1
138540 1
111289 1
012377 0
099124 0
177816 0
199411 1
199442 1
199499 1
000031 1
131445 1
221240 1
221221 1
188445 1
185612 1
185887 1
056339 0
041084 0
227680 1
227794 1
190965 1
190901 1
190896 1
077034 0
068688 1
068669 0
167038 0
151350 0
122460 1
122485 1
122461 0
255433 0
031047 0
192571 0
191665 1
242979 1
010179 1
233728 1
233767 1
233768 1
233212 0
122487 1
082305 0
111240 0
195971 0
217696 1
156155 1
116515 2
116960 1
156170 1
156171 1
185661 1
185659 0
242286 0
251813 1
251872 1
127495 0
089472 1
186680 0
239746 1
239744 1
001895 0
171922 1
171670 1
012919 1
012873 0
020975 1
020946 1
020948 1
009693 0
099966 0
091158 0
134155 0
016644 1
219886 1
219892 1
219907 1
215009 0
000618 1
182265 0
275973 0
232212 1
232246 1
039019 0
193843 1
120077 0
242902 0
109293 0
126350 0
125192 1
125195 1
125196 1
012612 1
012613 1
123010 1
230778 1
148190 1
148191 1
148196 1
148197 1
148198 1
191220 1
191146 1
242279 0
158665 0
241065 0
150546 1
256895 0
155853 1
150562 1
150547 1
119018 0
182896 1
152974 1
270325 1
270334 1
270315 1
081359 1
081336 1
081146 1
050193 1
034696 0
191104 1
243761 1
243741 1
270122 1
270125 1
226534 0
240452 1
124706 1
124660 1
271934 1
271963 1
086478 1
012260 0
085205 1
145483 1
145486 1
145480 1
013747 1
176414 0
131417 1
016530 1
038315 0
148350 1
151864 1
154896 0
156760 1
191540 1
191496 1
191515 1
281950 0
191976 1
191825 0
099846 0
259981 0
056270 0
107879 1
076662 0
081685 0
269462 1
269472 1
269423 1
269554 1
269534 1
269471 1
269461 1
256813 1
066956 1
169883 1
238719 0
080057 0
029341 0
191975 1
139905 0
177858 0
154494 1
264823 1
287670 1
286815 1
286794 1
286836 1
287677 1
287892 1
199699 0
121774 0
262474 0
069468 0
192134 1
258726 0
201952 0
146742 0
241767 1
266575 0
071492 1
104665 1
082123 1
222793 0
225084 1
225078 1
061100 0
225192 0
040661 1
019892 0
018929 1
152588 1
152597 1
234051 0
278972 1
024495 0
278967 1
063851 1
142305 0
229762 1
229852 1
148024 0
198469 1
203160 0
071541 0
265829 0
124690 1
067650 0
163689 1
163701 1
118969 1
004740 1
119003 1
117008 0
114323 0
131581 0
183742 0
038215 0
191836 1
286711 0
199882 0
013185 0
143944 1
143888 1
200504 0
002563 0
159028 0
146218 1
226390 0
000985 0
048912 0
155593 1
155548 1
155230 1
155322 1
155224 1
155219 1
155216 1
197066 1
197067 1
197303 1
213230 0
166772 1
166773 1
166595 1
111312 0
119734 1
005288 1
196152 0
167879 0
051575 0
070522 0
013084 0
264960 1
064632 0
141646 1
008280 1
135104 0
181452 1
067709 0
262751 0
013741 0
238107 0
232632 0
181297 0
113629 0
155696 1
128640 1
128641 1
059072 0
191399 0
071688 1
104861 1
005887 0
155837 0
256300 1
190603 1
090612 1
090631 1
090620 1
144167 0
138169 0
089060 1
098563 0
124002 0
163805 1
131858 1
131869 1
131866 1
163790 1
163791 1
048321 1
048293 1
029147 0
101370 0
007779 0
040622 1
152863 1
152864 1
238953 0
075844 1
096690 0
227568 0
169137 0
243655 1
231212 0
117945 0
265499 0
228777 0
189892 0
193212 1
193210 1
193209 1
181993 0
039842 0
052300 0
011993 0
134293 1
134273 1
027082 0
281698 0
217910 0
247289 0
133843 1
133842 1
002795 1
021376 0
007414 0
259638 0
252518 0
115606 0
271994 0
017727 0
014143 1
152452 0
155555 0
236212 1
236195 1
226121 0
098034 1
098004 1
025526 0
157943 0
149681 0
093371 0
199391 0
204312 0
147495 0
016618 1
148070 1
016586 1
174744 0
005600 0
227055 0
162614 0
018323 0
107984 0
159765 1
133850 1
081318 1
122464 1
132755 0
177871 1
115276 0
165264 0
013947 0
178024 0
017791 0
243982 0
154405 0
174136 1
174129 1
262597 0
127126 1
126962 1
051113 0
285050 1
186730 1
186729 0
169483 0
177201 0
191096 0
157060 1
135245 0
190294 0
192479 1
141663 0
157062 1
141901 1
265448 0
183965 0
173188 0
231642 0
139778 0
074592 0
180468 0
024340 0
175685 1
196453 0
172094 1
171991 1
171862 1
175770 1
231373 0
017558 0
114563 1
114588 1
114589 1
114593 1
115528 0
142197 1
265146 0
274578 0
154231 1
154178 1
016837 0
138897 1
138847 1
138858 1
138788 1
006568 1
002566 1
093081 0
001237 1
132030 1
132496 1
132483 1
079078 0
279479 0
159031 0
259624 0
048264 1
135123 0
035780 0
029324 0
002699 0
242113 0
124007 1
164880 0
178234 0
119209 0
129032 2
129028 1
018123 1
129027 1
281105 1
281109 1
258596 1
258598 1
258593 1
258997 1
259019 1
258640 1
258678 1
258996 1
259018 1
258874 0
063855 1
241505 0
235384 0
185666 0
195885 0
145900 0
087701 1
024030 0
037806 0
151919 1
152987 0
060401 0
001377 0
151152 1
151172 1
151166 1
151186 1
253246 1
253078 1
254408 1
253245 1
255046 1
168597 1
157504 1
168598 1
168656 1
168657 1
157495 1
157505 1
157503 1
157496 1
157433 1
157341 1
008511 1
154114 0
211276 1
211278 1
151085 0
211329 0
152111 1
018774 1
152106 1
140409 0
255310 0
016704 0
007718 1
121152 1
081333 0
151527 1
151504 1
283711 0
003427 0
133731 0
108839 0
012707 1
153547 1
143952 0
187912 0
288813 0
002068 0
141905 0
108469 0
109577 0
236420 0
111149 0
262601 0
269509 0
197131 0
023625 0
076074 0
194955 1
137213 1
230598 1
159413 0
017741 0
179515 0
191172 0
125112 0
257969 0
069015 0
254370 0
210422 1
180048 1
158286 0
185848 0
015818 0
180002 1
179780 1
179767 1
182407 0
188649 0
254023 0
160977 1
111043 0
011047 1
161033 0
116919 0
110986 0
063480 0
179915 0
207674 1
115729 0
108032 0
064343 0
014493 0
000935 0
162518 0
214214 0
008502 1
006027 0
090011 1
020719 0
011435 0
166907 0
255615 0
202073 0
133523 0
053290 0
111417 0
031949 0
017268 0
129006 0
033747 1
032949 0
021275 0
259548 0
180055 0
153243 0
155324 0
184616 1
000947 0
079015 0
031531 0
120931 0
178270 1
085964 0
193914 0
117966 0
182703 0
205950 0
190479 0
160472 1
076286 0
118434 0
160386 0
109798 0
276015 0
278181 0
089167 1
089148 1
089168 1
089955 1
089674 1
039225 1
039230 1
040826 1
040850 1
033398 0
169924 0
266075 0
182326 0
276877 0
158137 0
157597 1
157595 1
133833 1
133837 1
133799 1
133787 2
046422 0
168557 0
187956 0
109522 0
035270 0
146328 0
034699 0
169375 0
050824 1
050801 1
129785 1
154441 0
177602 1
177601 1
010018 0
112677 0
013180 0
077261 0
027201 0
019365 0
185013 0
062147 0
093318 0
111805 1
197353 0
150078 0
136572 0
071617 0
023741 0
157606 0
087589 1
192960 0
027992 0
048249 0
238704 0
045248 0
161395 0
096776 0
132782 0
139939 1
007556 0
004882 0
125013 1
124965 1
030835 0
226156 0
130961 1
130929 1
124551 0
111918 0
011692 0
082415 0
176692 1
176694 1
176690 1
176689 1
196107 0
143630 0
266239 0
281977 0
189915 1
190105 1
190091 1
010918 0
185984 1
129003 0
185972 1
185981 1
065587 0
150379 0
179471 0
210936 1
210933 1
233371 0
150005 1
054462 1
054298 1
146492 0
161029 0
015035 0
160888 0
233403 1
233448 1
230507 0
128593 0
101718 0
223690 0
083975 0
149770 0
019590 1
128950 0
233380 0
167720 0
257991 0
108142 0
193396 0
146996 1
146182 0
090381 0
015815 0
199977 0
273700 0
199615 1
199631 1
138894 0
203537 0
240768 1
242013 0
108248 0
232315 0
149357 0
154147 0
039349 0
125147 1
012296 1
038219 0
014230 0
004636 1
224242 0
120767 0
152166 0
102641 0
233979 0
014760 0
111415 0
202760 0
115970 0
195956 0
042779 0
127911 1
127884 1
014770 0
006776 0
259022 0
139137 1
139139 1
110081 0
099196 0
004755 0
035105 0
262837 0
010877 0
111239 0
239982 0
042563 0
130045 1
129974 1
160293 0
124957 0
099381 0
129093 0
124776 0
109964 0
140719 0
201105 0
127308 1
127322 0
079982 0
188785 0
036827 0
037784 0
211561 0
060320 0
242942 0
207029 0
127606 0
117246 0
108567 0
090293 0
136112 0
113498 0
028927 0
050941 0
101530 0
076397 0
016870 0
281292 0
023200 0
134071 0
133798 1
147375 0
197144 1
197129 1
138992 0
080425 0
254489 0
081849 0
179916 0
154794 0
127355 0
163020 0
125642 0
068618 0
271052 1
071414 0
161859 1
161857 1
198894 0
249127 0
184865 0
017023 0
226696 0
187212 0
011929 0
143000 0
252608 0
131676 0
262430 0
121278 0
172908 1
172844 1
172841 1
000165 0
209875 0
052879 0
170012 1
109804 1
225211 0
103695 0
190201 0
159501 1
232683 0
289920 0
179209 0
020974 1
020945 1
155778 1
156999 0
210113 0
255757 1
233466 0
081147 0
269432 1
269680 1
269725 1
269727 1
269729 1
207243 0
192166 0
137146 0
137634 0
197477 0
110459 0
190564 1
275932 0
081664 0
194189 0
182499 0
193562 1
193558 1
193566 1
193599 1
000430 0
266117 0
178432 1
178431 1
195075 0
186059 0
191572 1
191565 1
191570 1
009020 0
275954 0
171505 0
199025 0
028532 0
167859 0
014530 0
157948 0
225203 0
140886 0
195936 1
195539 1
190624 1
192635 1
187303 1
192581 1
187304 1
219906 0
032108 0
122100 0
104714 0
090555 0
067764 0
163472 0
086670 0
001298 0
172739 0
231895 0
256241 0
121125 0
033773 1
201711 0
184553 0
145705 0
069392 1
102565 1
069340 1
102513 1
270642 0
235813 0
043435 0
090585 0
126272 1
109407 0
239530 0
156111 0
126549 0
137169 0
161349 0
234009 0
185320 1
185243 1
152981 0
126343 0
131951 0
140509 0
141752 0
173158 0
257964 1
257953 1
259115 1
259135 1
259139 1
259162 1
259175 1
259180 1
257447 1
257378 1
260047 1
040370 0
200254 0
009288 1
121775 1
190895 0
185000 0
121470 0
036463 0
031430 1
025781 0
256485 0
252605 0
013097 0
128894 0
090031 0
191481 0
028786 0
254539 0
027926 0
152821 1
152837 1
012282 0
083320 0
068140 0
115243 0
234048 0
225178 1
225176 1
127376 0
201514 0
220403 0
008081 0
183722 0
009722 1
122122 1
111000 0
202707 1
120196 0
128714 0
157088 0
024376 0
135509 1
010739 0
016900 0
226354 0
257978 0
210279 0
148866 0
239876 1
165832 0
260781 0
128320 0
081811 0
123236 0
287051 1
287056 1
285237 1
285238 1
287045 1
285231 1
178422 0
028205 0
125033 0
151889 0
101008 0
063386 0
150275 0
181591 0
255403 0
171180 1
171187 1
161783 0
163529 0
087350 0
232171 0
187828 0
245019 0
125901 0
268246 0
051691 1
111075 0
136494 0
169925 0
162517 0
180198 0
133618 1
159599 0
238968 1
183676 0
074624 0
222990 0
099649 0
166977 0
142330 0
240192 0
002687 1
118346 1
113975 0
009049 0
153395 0
156539 0
287003 0
204446 0
150395 0
183228 0
193628 0
025862 0
157607 0
004365 0
243887 0
056372 0
019633 0
043621 0
289774 0
241950 0
141033 0
022522 0
099063 0
165266 0
100155 0
231110 0
118497 0
272723 0
003504 0
098909 1
098943 1
242224 0
170217 1
170095 1
170096 1
169914 0
182828 0
271549 0
148499 0
128992 0
143976 0
069263 0
046420 0
207952 0
174961 0
090275 0
217868 0
045136 1
286721 0
192889 1
192858 1
085308 0
197818 0
033351 0
017728 0
241133 0
212504 0
167880 0
091332 0
235622 1
235651 1
235655 1
235678 1
235965 1
179136 0
262401 0
255647 0
083274 0
071701 0
045434 0
235964 0
091666 0
065465 0
111214 0
009889 0
150685 0
127279 0
016823 0
289659 0
152988 0
197348 0
132550 0
113681 0
001839 0
024025 0
191341 0
268426 0
155111 0
272952 1
190795 0
018248 0
032957 0
231435 0
224910 0
198267 1
198274 1
188397 0
058602 0
230007 1
190720 0
238231 0
259013 0
228422 0
176788 0
142193 0
120724 0
144118 0
001011 0
180530 1
180445 0
287999 1
288019 1
108035 0
014349 0
001727 0
002965 1
134133 1
155556 0
002961 0
029146 0
067289 0
024097 0
155725 1
155755 2
175716 0
109524 0
233511 0
230897 0
153912 0
276527 0
189919 0
160594 1
160539 1
160531 1
117718 0
009081 0
070680 0
233683 0
169138 0
230561 0
003794 0
042739 0
205983 0
256450 0
023233 0
170932 0
024258 0
002836 0
233389 0
070304 1
196801 0
103477 1
070203 0
167079 0
103376 0
180175 0
260868 0
218891 0
151550 0
282640 0
289672 0
085876 0
137919 0
254043 0
014210 0
286726 0
183932 0
075243 0
128590 0
010369 0
030525 0
089571 0
162954 0
185689 0
116717 0
155208 1
155264 2
155207 2
154841 1
131650 0
151656 0
262302 0
000917 0
288737 0
062910 0
005497 0
171852 0
185799 0
226493 0
109892 1
109890 1
276413 0
019587 0
076819 0
136810 0
094044 1
094058 1
087208 0
185665 0
285246 0
270040 0
171480 0
180389 0
128658 0
017553 0
242940 0
218483 0
074828 1
074574 1
286795 0
168779 0
186788 0
181705 0
168875 0
285696 1
286005 1
002321 0
140806 0
058793 1
199013 0
195542 0
012117 0
252664 1
252756 1
252760 1
060952 0
254027 0
069242 1
145924 1
102415 1
069204 1
102377 1
175622 0
161851 0
047960 0
045325 0
180573 0
157282 0
155808 0
115047 0
193550 1
004990 0
273931 0
168572 0
070959 0
206445 0
190868 0
080051 0
103853 0
016746 0
228560 0
273102 0
162050 0
038967 0
220633 0
131989 0
087744 1
123474 0
072258 0
152346 1
160345 0
278347 0
109299 0
155271 0
096417 0
202264 0
041190 0
144197 0
065941 0
126201 0
260208 0
123462 0
200645 0
093785 0
129645 0
031838 0
025628 0
096907 0
189321 0
152882 0
190292 0
124001 0
182612 0
019595 0
132172 1
289928 0
119027 0
098617 0
132910 1
024339 0
132938 1
132952 1
132955 1
167769 0
226705 0
203023 0
141798 0
064495 0
185904 0
149464 0
123911 0
130789 0
194488 0
258274 0
195889 0
008250 0
200041 1
200138 1
200137 1
012372 0
029397 0
131637 0
082070 0
191793 0
172269 0
165682 0
178614 0
191834 0
160390 0
133727 0
015270 0
034385 0
190692 0
141959 0
162496 0
122819 0
164550 0
140902 0
026641 0
168850 1
168683 1
176381 0
194951 0
137107 0
131173 0
065267 0
167742 0
240039 0
065198 0
128717 0
216596 0
165406 0
167080 0
217555 0
003135 0
226345 0
169377 0
031426 0
181091 0
007686 0
153828 0
194964 0
129824 0
102200 0
158111 0
019121 0
273696 0
060870 0
087330 1
086917 1
087391 0
134709 0
138149 0
153065 0
159984 0
140915 0
182820 0
008223 0
011070 0
241979 0
050904 0
138969 0
227586 0
268295 0
270333 0
262539 0
221951 0
076097 0
028461 0
071557 0
002975 0
142603 0
181320 1
039508 0
273009 0
085571 1
124547 0
143902 0
014213 0
130492 0
183133 0
225217 0
191824 0
200292 0
135261 0
095592 0
148523 1
087382 0
253242 0
118151 0
080232 1
134261 0
152429 0
127855 0
064547 0
111238 0
048206 0
241517 0
012037 0
195220 0
181902 0
104132 0
239753 0
050472 1
050335 0
050334 0
218020 0
109329 0
104640 0
182045 0
063105 0
279414 0
147453 0
272304 0
167970 0
179877 0
128665 0
095436 0
169502 0
279491 0
233993 0
189405 0
004989 0
250727 0
252520 0
182216 0
235554 0
163887 0
095675 0
153246 0
087345 0
206164 0
022520 0
060297 0
003094 0
224035 0
141149 0
110412 1
199260 0
254008 0
196030 0
141171 0
252638 0
000070 0
154115 0
204830 0
210710 0
231430 0
191340 0
075529 0
197345 0
111281 0
034339 0
235650 0
192978 0
004590 1
262538 0
261777 0
191799 0
071530 0
215171 0
070851 0
127523 0
032927 0
138924 0
003786 0
286136 0
104703 0
201457 0
100483 0
074670 0
242207 0
109396 0
238273 0
258844 0
163163 1
163239 1
163104 1
163107 1
096707 0
030205 0
222989 0
190302 0
134021 0
104874 0
045629 0
239509 0
009465 0
126293 0
139776 1
139845 1
139550 0
274535 0
043433 0
038175 0
266103 0
238791 0
139844 0
190057 0
272357 0
124451 0
195945 0
084280 0
111772 0
091240 0
007363 0
119210 0
181001 1
224320 0
120078 0
212540 0
122080 0
209817 0
287082 1
287084 1
203175 0
178239 0
152487 0
110631 1
043598 1
043606 0
258502 0
147136 0
030553 0
189722 0
082079 0
153393 0
259982 0
090549 0
191974 0
003266 1
102149 0
218344 0
010958 0
111946 0
019363 0
270104 0
007951 0
286998 0
232761 0
027895 0
154760 0
259610 0
239112 0
104585 0
258875 0
125889 0
193720 0
030677 0
082200 0
028445 0
198888 0
004118 0
041184 0
230848 0
033104 0
086680 1
156621 0
136442 0
167721 0
015974 0
141425 0
237676 0
163041 0
236460 0
230594 0
093405 0
020998 0
076408 0
289374 0
139934 0
039228 1
217184 0
027696 0
210414 0
038339 0
079660 0
098700 0
136132 0
063375 0
077902 0
010921 0
024570 0
141095 0
140512 0
170999 1
171101 0
242239 1
242247 1
008681 0
109543 0
209658 0
188739 0
258894 0
004896 0
193266 0
011167 0
127775 0
098158 0
238363 0
204027 0
154901 0
167560 0
139621 0
183723 0
218560 0
202084 0
153730 0
196311 0
064260 0
163560 0
099944 0
142284 0
018225 0
242339 0
140869 0
181120 0
193824 0
198436 1
199048 1
197729 0
285347 1
156265 1
243973 0
228813 0
174672 0
167039 0
115840 0
128006 0
132163 0
267391 0
121588 0
159219 0
086358 0
289935 0
266973 0
003062 1
257670 0
105431 0
247293 0
129744 0
241287 0
117663 0
078365 0
239264 0
240218 0
142701 0
144106 0
102436 0
068011 0
040064 0
145646 0
158838 0
095748 0
239531 0
155838 0
098424 0
043758 0
077988 0
011149 0
108349 0
173041 0
133968 0
122867 0
033294 0
192131 0
077242 0
047163 0
287109 0
081446 0
071479 0
179725 0
216531 0
255259 1
201459 0
101263 0
201754 0
266557 0
097822 0
014277 0
282633 0
027454 0
255904 0
090807 0
039957 0
193580 0
145214 0
145669 0
104730 0
087381 0
015772 0
081836 0
016560 0
238621 0
201561 0
269745 0
287748 1
138408 0
157840 0
128571 0
137257 0
255998 0
089599 0
193293 0
005063 1
039844 0
082363 0
030202 0
176958 0
201132 0
240191 0
241382 0
054367 0
075811 0
182188 0
217882 0
064461 0
231591 0
239524 0
128107 0
120203 0
290045 0
210237 0
255045 0
178146 0
016623 0
026347 0
098694 0
007861 0
190490 0
017473 0
016593 0
175791 0
173653 0
189913 1
190166 1
183971 1
169508 0
185989 0
149362 0
154782 0
081856 0
143788 0
117398 0
158077 0
179138 0
234113 0
189322 0
260769 0
192392 0
230748 0
242307 0
062134 0
007383 1
079964 0
119963 0
045558 0
000733 0
068178 0
093492 0
242091 0
176365 0
170618 0
079454 0
202659 0
130081 0
134681 0
196264 0
158074 0
037741 0
288576 0
042207 0
138033 0
238798 0
268866 0
132181 0
042062 0
186677 0
091633 0
012630 0
117621 0
262367 0
088622 1
225218 0
289933 0
234362 0
006740 0
177165 0
070189 0
131992 0
154097 0
169511 0
258960 0
027263 0
266832 0
208996 0
125709 0
088266 0
108597 0
034384 0
038332 0
278742 1
278794 1
131952 0
282361 0
278263 0
141471 1
063328 0
093936 0
148530 0
162506 0
081760 0
235560 1
000472 0
195749 0
216663 0
205714 0
088558 1
088557 1
271713 0
008643 0
256655 0
168996 0
242434 0
020301 0
031076 0
286639 0
101156 0
188627 0
191719 0
101197 0
050257 0
014863 0
182911 0
282491 0
278938 0
119969 0
157996 0
167931 0
256774 0
002099 0
155109 1
155108 1
190568 0
051677 0
195777 0
238063 1
042584 0
001740 0
146053 0
017454 0
196055 0
065591 0
023751 0
249773 0
275892 0
170650 0
190899 0
124653 0
137476 0
053306 1
130370 0
232634 0
182285 0
180255 0
128730 0
204482 0
100335 0
109797 0
129295 0
042713 0
066765 0
033118 0
220329 0
141108 0
131136 0
157258 0
286304 0
228417 0
051254 0
254940 0
169923 0
142248 0
184842 0
188625 0
207446 0
288383 0
261258 0
019431 0
076403 0
268879 0
081125 0
113133 0
281482 0
044141 0
146192 0
126426 0
109120 0
039050 0
019812 0
265225 0
218546 0
235455 0
111561 0
185448 0
114819 0
152992 0
283498 0
235461 0
012307 0
195966 0
146238 0
195321 0
184132 0
185847 0
034151 0
244745 0
151603 0
018541 0
136114 0
286712 0
261241 0
037816 0
279012 0
204983 0
009050 0
267957 1
267958 1
267960 1
268110 1
191202 0
000573 0
080465 0
221167 0
121466 0
136089 0
022519 0
197501 0
235683 1
266971 0
184431 0
006895 0
076530 0
038336 0
183427 0
021309 0
001473 0
029482 0
023607 0
210289 0
242232 0
084068 0
019466 0
143447 0
155854 0
087348 0
115053 0
151575 0
137898 0
202161 0
195210 0
010940 0
151330 1
144000 0
150008 0
143977 0
104790 0
016835 0
215673 0
238030 0
130981 0
001452 0
037803 0
157608 0
136327 0
007997 0
259010 0
196279 0
279083 0
034922 0
057779 0
238946 0
242253 0
167149 0
132141 0
278179 0
035302 0
258949 0
278651 0
289377 0
182347 0
141009 0
265857 0
124964 0
156307 1
156332 1
156518 1
138199 0
014132 0
151869 0
180867 0
140657 0
246778 0
254262 0
013670 1
128548 0
063923 0
010467 0
169760 1
169761 1
169676 1
211535 0
289971 0
231390 0
102071 0
072060 0
181022 0
158177 0
018243 0
071525 0
122866 0
155859 0
168151 0
014969 0
128654 0
157346 0
075838 0
104698 0
254580 0
256780 0
064849 0
158976 0
142372 0
243354 0
101840 0
025117 0
070853 0
236329 0
148923 0
155540 1
072232 0
157609 0
155539 1
163578 0
271996 0
260247 0
241084 0
088953 0
141245 0
149290 0
175509 0
234115 0
130847 1
130886 1
130900 1
123454 0
240105 0
156076 0
149724 0
234714 0
235556 0
205704 0
155311 0
263058 0
004929 1
119285 1
157418 0
273725 0
231930 0
100256 0
133709 0
076788 0
252969 0
173644 0
193285 0
226264 0
160304 0
119358 0
006084 0
091179 0
091639 1
042126 0
148059 0
113973 0
143887 0
286789 0
027880 0
107907 0
015323 0
199294 0
230752 0
031946 0
133241 0
242541 0
234336 0
060507 0
153903 0
059497 0
168997 0
253530 0
165895 0
007159 0
164575 0
110082 0
186757 0
069432 0
274661 0
129294 0
146415 0
136528 0
286870 0
179933 0
286193 0
071799 0
180990 0
192592 0
012494 0
276886 0
104024 0
199330 0
254360 0
244804 0
285275 0
085448 0
195494 0
272983 0
152812 0
029807 0
113719 0
191652 0
255907 0
032623 0
046129 0
180180 0
009378 0
033771 0
070222 0
033163 0
138161 0
210205 0
083200 0
179866 0
055931 0
034324 0
100831 0
233992 0
009778 0
024676 0
255314 0
038513 0
167932 0
042531 0
169656 0
142874 0
233487 0
028169 0
083246 0
100290 0
211556 0
094123 0
235654 0
087886 0
159111 0
121524 0
018414 0
066265 0
124876 0
134013 0
195495 0
140066 0
084275 0
162950 0
260048 0
133725 0
142871 0
254407 0
021953 0
185776 0
027889 0
221602 0
187317 0
158875 0
020300 0
130422 0
126612 0
201463 0
119231 0
224911 0
154975 0
195257 0
167150 0
258272 0
166978 0
098022 0
175923 0
186999 0
004604 0
001068 0
273948 0
008828 0
082463 0
144063 0
256258 0
000125 0
075860 0
119359 0
006122 0
029723 0
226103 0
199995 0
128620 0
269191 0
080743 0
027877 0
033922 0
124406 0
108055 0
069914 0
268007 0
016354 0
212577 1
212069 0
028511 0
186789 0
199402 0
128167 0
113506 0
195835 0
265804 0
211222 0
112673 0
172295 0
170762 0
003605 0
025715 0
226189 0
202754 0
148598 0
012901 1
014673 0
041343 0
075558 0
220259 0
164471 0
111225 0
088596 0
262444 1
