088377 0
286395 2
286399 2
285887 2
285767 2
285768 2
285825 2
285815 2
285899 2
286386 2
286396 2
286400 2
286382 2
130439 0
005506 2
120088 2
120069 2
120068 2
120058 2
005772 2
120387 2
005643 2
244661 0
147168 1
279973 0
093922 2
093953 2
093977 2
093928 2
094023 2
093930 2
090603 1
090592 1
088379 2
088417 2
088397 2
088415 2
088407 2
088385 2
088383 2
089355 1
089341 1
089330 1
088766 1
088750 1
077611 2
010889 0
074993 2
075013 2
009419 1
121877 1
081504 1
131687 2
131709 1
096701 1
096698 1
089356 0
085625 0
077733 0
093987 0
090100 2
090190 2
126596 1
075680 0
050368 0
009912 2
122256 2
034684 0
095887 0
075738 2
017960 0
288803 0
117973 0
090405 0
072242 0
142436 0
115383 1
098568 1
098542 1
244767 0
243747 1
243744 2
098901 0
254384 0
075101 0
053401 0
184801 0
185897 0
075336 0
135034 0
002046 0
251742 0
114976 1
080312 0
118899 0
095197 1
138058 1
180663 1
004768 0
121883 0
047488 0
116392 1
116727 1
116349 1
223983 1
224168 1
040008 0
115378 0
058162 0
116196 0
192708 0
064937 0
013253 0
077133 0
147412 0
062859 0
067823 0
212163 0
255012 0
060962 0
185204 0
284253 0
071086 0
220439 0
069189 0
052029 0
114877 0
247680 0
231238 0
117334 0
004790 0
046234 0
116601 0
134512 0
100939 0
127190 1
127193 0
127206 0
112513 0
010412 0
096621 0
164174 0
276190 0
142237 0
033229 0
070428 0
089673 0
077598 0
116966 0
093762 0
063339 0
048133 0
015438 0
211804 0
097706 1
097747 1
097632 0
100940 0
290010 0
026875 0
021706 0
222631 0
110778 0
071243 0
044350 0
044497 0
039802 0
088119 0
008054 1
007607 0
114974 0
007247 0
055514 0
117386 0
096129 0
114112 0
197585 0
238420 0
009422 0
065177 0
111749 0
077750 0
009706 0
079226 0
057286 0
112560 0
147167 0
137371 0
043260 0
215830 0
183443 0
121897 0
115344 0
135139 0
078768 0
095891 0
070878 0
099412 0
288794 0
096005 0
283888 0
218020 0
004691 0
100555 0
011349 0
275523 0
100183 0
001243 0
211796 0
077460 0
076777 0
225360 0
175958 0
074805 0
040024 0
031737 0
261876 2
272888 0
007163 1
118721 0
095224 0
118891 0
058089 0
113301 0
036995 0
253706 0
250787 2
250772 2
118758 0
252231 0
251162 0
088968 0
117974 0
288067 0
096066 0
077591 0
028324 0
082466 0
000328 0
149156 0
124072 0
089502 0
052026 0
