286272 1
286284 1
286273 1
286285 1
007096 2
112891 1
076332 0
259908 2
259912 2
283431 0
261876 1
260139 1
260123 1
125938 2
014790 2
125937 2
186961 2
186956 2
177436 2
269835 1
271118 1
263037 0
178283 1
286158 0
173708 1
237814 1
285938 2
283890 0
288012 2
191743 1
191730 1
191800 2
191846 2
027498 1
062515 2
097341 2
097347 2
288789 2
099178 2
099213 2
099347 2
026003 1
026004 1
019356 1
019347 2
286617 2
028171 2
028172 2
029151 1
195750 0
176435 0
278751 0
257511 0
026832 1
026825 0
023590 0
267034 1
267063 1
053149 1
053147 1
050400 1
050290 1
050557 1
050487 1
028881 1
050515 1
050567 1
029086 1
029429 1
053532 1
046800 1
046890 1
054314 1
053689 1
053972 1
053928 1
055051 1
025164 1
054477 1
029463 1
029466 1
025623 1
039289 1
039287 1
085069 1
053469 1
053300 1
048687 1
050595 1
050674 1
050571 1
054363 1
054399 0
088968 1
088863 1
004200 1
283455 0
082067 1
053211 1
053180 1
054303 1
053210 1
046386 1
046391 1
210687 0
053205 1
144131 1
144144 1
015427 0
129362 0
053100 1
053123 0
053267 1
053316 0
058832 0
059432 0
054955 0
050586 1
050579 1
054556 1
053779 1
054113 1
054888 0
054744 0
053907 1
054038 1
054169 1
054255 1
035205 1
008592 1
047185 1
047400 1
008997 0
057618 1
036502 0
053213 1
053208 1
024451 1
024431 1
024468 1
052810 1
053292 1
052142 1
108174 0
230911 2
086767 1
086800 0
284274 0
056786 1
057171 0
077388 1
082922 1
077400 1
131268 0
054229 0
053708 1
284479 0
079832 1
165415 0
066403 0
051830 1
120907 0
050996 1
050984 0
050542 1
052862 1
052846 0
054262 1
030119 0
178501 0
015131 0
259590 0
054055 0
286124 1
286138 1
082889 1
010479 2
178930 1
083557 0
123257 2
123149 2
014728 2
126368 2
126369 2
274466 2
288786 0
051312 1
051299 0
053199 0
051048 0
071465 2
104638 2
100975 1
110285 0
009658 2
036054 0
260436 0
189150 1
005146 0
057969 1
057972 1
025534 0
068580 2
099552 0
000632 1
196526 0
066812 1
075651 0
079313 0
117885 0
278225 0
186942 1
000221 0
256646 0
278591 0
060879 1
045138 1
044668 0
092399 0
053085 0
008526 1
279893 0
234784 1
234729 1
065390 0
070348 2
103521 2
052306 0
182419 2
212001 2
204350 0
279780 2
279783 0
157127 2
157160 0
093068 0
052338 0
204358 0
101140 0
074955 0
279836 0
185340 0
220084 0
052068 0
279841 0
285959 0
079485 0
187869 0
289754 1
080322 0
004127 0
023574 0
053075 0
259980 0
074559 1
074560 1
064781 0
088496 1
074907 0
233375 0
169115 0
288788 0
009401 1
051016 0
011507 0
124482 0
164307 0
059365 0
251442 0
090433 0
284287 0
229068 0
286131 0
158573 0
206821 0
266636 0
113654 0
054890 0
135034 0
093120 0
189433 0
065771 0
280328 0
268071 0
024911 0
061422 0
051801 0
026991 0
282704 0
042386 0
190455 0
028284 0
151558 0
209083 0
178424 1
048919 0
229731 0
040656 0
054952 0
158989 0
071064 0
191203 0
014758 0
283512 0
229390 0
125314 0
087868 0
162790 0
023532 0
051617 0
271620 0
026063 0
284767 0
216287 0
179687 0
121553 0
041693 1
094986 1
094756 0
094910 0
237430 0
098314 0
161126 0
257518 0
283244 0
280109 0
110100 1
139127 0
124794 0
011386 0
278756 0
227153 0
160007 1
160114 0
055612 0
004955 0
111418 0
238961 0
196490 0
098252 0
282019 0
027006 0
110699 0
129352 0
067707 0
017159 0
070740 0
160115 0
064251 0
277412 0
095090 0
058938 0
255303 0
110286 0
288787 0
048542 0
117016 0
066174 0
133510 0
029733 0
041122 0
003416 0
116829 0
083569 0
034449 0
078105 0
209097 0
269850 0
053128 1
169116 0
053399 0
243889 0
288138 0
156988 0
121514 0
039148 0
272004 0
241093 0
065641 0
173317 0
286230 0
088198 0
018053 0
234239 0
056870 0
129353 0
286004 2
270691 0
145167 0
163821 0
058412 0
188647 0
272492 0
080342 0
024914 0
220152 0
274751 0
001434 0
079868 0
230668 0
238983 0
117797 0
165353 0
078123 0
285996 0
179220 0
196523 0
241924 0
052494 0
283631 0
200733 0
192308 0
145904 0
065666 0
113884 0
019289 0
051164 0
158575 0
039833 0
257562 0
053190 1
236311 0
054048 0
128549 0
