015550 2
256745 2
229282 2
237717 1
261321 1
261323 1
261316 1
279149 2
279138 2
261985 2
265002 1
265000 1
237720 1
136599 2
136280 2
181705 1
181708 1
181750 1
181748 1
181844 1
145670 1
211729 1
211747 1
141250 2
141247 2
141246 2
141136 2
141135 2
147481 1
142319 1
136730 2
189986 2
184504 2
189857 1
163047 1
165852 1
151509 2
151525 1
151484 1
149124 1
157225 1
133573 1
224835 1
135806 1
135692 1
135686 2
003780 2
279102 2
279100 1
177035 0
115260 2
180000 1
225696 1
225698 1
225702 1
142237 1
197801 1
197807 1
197766 1
239891 1
136649 1
136642 1
195549 0
182204 2
070591 2
103763 2
077162 2
070775 2
103948 2
079924 2
093487 2
070599 2
103772 2
083004 2
083008 2
083022 2
070852 2
104025 2
095839 2
092708 2
077177 2
115251 2
093036 2
093244 2
097977 2
083044 2
092705 2
095838 2
097951 2
093238 2
093245 1
067073 1
067114 2
126685 2
218031 0
013309 1
141752 1
141663 1
016620 2
085214 2
085220 1
085215 1
087837 2
084902 1
013738 2
008965 2
182663 2
067177 2
225567 1
150316 1
150344 1
150104 1
150102 1
002420 1
176596 2
176602 1
176659 1
176629 1
154870 1
154742 1
196969 2
002983 2
002421 0
000937 2
001528 2
220310 2
016457 2
152523 1
159780 2
207260 0
190344 1
190337 1
190437 1
190432 2
179913 1
176758 1
176769 1
176770 1
153089 2
142330 1
142325 1
196162 1
195543 2
190623 1
192637 2
191574 2
153042 2
156034 1
153048 1
190517 1
155981 1
171394 1
199539 1
199647 1
146972 1
255471 2
016535 1
159219 2
126648 2
148675 1
222114 1
130184 2
130374 1
150080 1
222425 1
145337 1
264381 1
264471 1
002496 0
163705 2
153176 2
176787 1
155452 1
155555 1
155556 1
159781 0
265061 2
264906 2
202462 2
153097 1
222048 1
170988 2
001111 1
252112 1
183526 1
183977 2
183565 1
014177 2
265218 1
255391 2
255290 2
173126 1
222049 1
162873 0
065410 2
176946 1
176951 1
199007 1
199034 1
199016 1
199005 1
195538 2
190510 1
192639 2
190511 1
288894 1
288946 1
195535 2
190492 1
190482 1
192646 2
232886 1
200812 1
158305 1
015236 0
151074 1
191490 1
155623 2
191464 2
191652 2
191481 2
235767 1
156377 1
254551 1
184974 1
014584 2
131480 2
019394 0
265060 2
013648 2
018537 0
151946 0
087737 0
153092 1
157383 1
156624 1
156613 2
147385 1
147384 1
014530 1
014462 2
147495 1
002672 1
192189 2
196838 1
196967 1
164782 2
155917 0
162050 1
259898 1
259909 1
008552 2
159233 1
158638 1
145705 1
193141 2
148134 1
016699 1
197060 1
189381 1
188673 1
189382 1
188663 1
188662 1
169026 0
279061 1
202452 0
252700 1
157978 1
157982 1
002694 2
169151 1
152446 1
001559 2
167069 1
181479 1
190416 2
242264 0
158236 1
157943 1
152438 1
190819 1
181930 1
174882 1
016628 2
258385 2
258341 1
159744 2
159745 2
159758 2
159920 2
159921 2
160464 2
160744 2
160745 2
000537 1
185093 1
185143 1
154719 0
131249 2
130154 1
225556 0
242140 1
010435 1
142411 1
170817 2
170835 1
179648 2
231765 1
145655 1
136337 0
156612 2
177332 2
163163 2
163104 2
190560 2
255463 1
138310 2
194309 1
194306 1
001530 1
153138 2
155534 2
190294 2
190302 2
190568 2
190702 2
190911 2
192628 2
210828 1
000952 0
248737 0
153570 0
224581 1
228038 1
009625 0
161271 1
161164 1
154560 1
140620 1
008506 1
156565 1
157143 2
014543 2
152259 0
153782 1
252287 1
002124 1
134023 1
134013 1
134021 1
001565 2
175741 1
004558 1
044638 2
234265 1
235220 2
255354 0
153828 2
117689 0
157151 1
157104 1
176765 1
220096 2
217698 1
217871 2
217877 2
220105 2
220711 2
220716 2
218693 2
231685 1
231684 1
138242 0
154129 2
045407 0
255433 2
255403 0
016710 1
231614 2
157137 1
156553 1
175738 0
227794 1
231467 1
227680 1
158874 1
159008 0
154542 1
134263 1
134292 1
134184 1
134010 1
131991 0
232131 1
221966 0
154696 0
190561 1
190563 0
215724 0
260060 0
150928 1
215314 1
016926 1
123629 0
185746 1
185745 1
195548 0
186747 1
186746 1
202723 1
183937 1
183933 1
014058 1
146563 1
233212 1
220181 0
220259 2
159436 1
232158 1
227557 1
254552 0
177133 0
155931 2
176184 0
223910 1
223909 1
223900 1
261386 1
261396 2
061119 0
144073 1
160932 0
158605 1
158603 1
164217 1
164028 1
164213 1
001560 2
013665 2
234956 0
142247 1
211493 1
145400 1
145398 1
244301 1
150986 1
185748 0
164374 0
141832 0
156954 2
156953 2
148120 0
208227 0
254438 1
220292 1
163107 0
009942 0
219371 1
202662 1
202687 1
142874 1
136790 1
136794 1
000921 0
177153 1
133139 2
002194 2
037750 1
037650 1
037660 1
179127 1
002317 0
140853 1
160182 0
227798 2
263543 2
282297 0
237611 0
227749 0
226396 0
261328 1
261414 1
132649 1
163518 1
155289 1
182112 1
182104 1
161283 0
101618 0
196901 0
195770 1
195580 1
194394 0
260057 0
019042 2
155869 1
153040 1
189061 0
182699 1
182728 1
182764 1
182729 1
182492 0
194911 1
194990 1
195033 1
195210 1
195224 1
195223 1
179649 0
195726 1
195728 1
195737 1
195739 1
195803 1
195806 1
195815 1
195817 1
195830 1
195870 1
195933 1
195932 0
278634 0
184004 2
228686 0
176819 0
095419 0
240349 1
235264 1
235505 1
236017 1
244978 0
288988 1
288934 1
236268 0
131208 1
000143 1
147074 1
147063 1
265808 1
265844 1
235729 0
147631 2
212841 0
202679 1
024366 0
207402 2
203376 1
206115 1
085428 0
203000 0
136518 1
101156 0
227906 0
198598 1
198608 1
153839 0
140179 0
201649 0
191557 2
195018 1
132444 1
016671 0
094124 0
253215 0
259495 1
053447 0
220111 1
136353 2
190235 1
152908 1
192117 0
139776 0
141190 1
192204 0
259247 1
259215 0
250421 0
000834 0
160848 0
248073 0
222205 1
028542 0
213516 0
194694 0
030390 0
191669 2
144585 0
125163 0
231564 0
004944 0
000432 0
205653 0
157218 0
170238 1
170247 1
053290 0
008659 0
158537 0
200637 1
252176 1
200642 0
011614 0
179981 1
179986 1
179982 1
059205 0
179331 1
221767 0
237386 1
168749 1
007207 0
009758 0
230829 0
214147 0
234088 0
111703 0
013298 0
150223 0
163428 1
175759 0
143006 1
010650 1
142971 0
179406 1
156617 2
156610 0
156608 0
159023 2
159020 0
183987 0
014213 1
184218 0
247941 0
170010 0
176264 0
202483 2
136436 1
136442 1
136444 1
268879 0
145594 0
005924 0
286472 0
019508 0
209950 2
233308 0
234084 0
199416 0
220253 0
085959 0
136911 1
127671 0
279098 0
242266 0
219733 2
219734 2
219713 0
182499 0
219711 0
141183 0
030033 0
158299 0
284521 0
265548 0
160933 0
155185 0
190562 0
013987 1
146353 1
093342 0
002813 2
143173 0
195872 0
259214 0
115275 0
169012 1
154376 0
168591 0
146509 0
011481 0
064250 0
132575 1
137542 0
219709 0
067406 0
058476 1
058519 1
255682 0
156607 0
064701 0
242013 0
164302 0
191582 0
228654 0
219342 0
147811 1
186752 0
000951 0
038148 0
007459 0
218589 0
276527 0
143976 0
143186 0
144959 0
028917 0
014198 0
068096 0
257739 0
179911 0
255937 0
087834 0
177066 0
176083 0
002051 0
182413 2
195547 0
132805 0
267083 0
012550 0
161441 2
161445 0
238606 0
001419 0
234242 0
189020 0
163239 0
190854 0
191869 0
140899 0
061132 0
171994 0
168800 0
037371 0
195816 0
191719 0
029411 0
212809 0
135104 2
135149 0
050286 0
196226 0
128197 0
089471 0
209635 0
011767 0
155533 0
161851 0
164360 0
195546 0
033839 0
246455 0
161446 0
231513 0
228773 0
202999 0
220569 0
089502 0
109500 0
223707 0
232036 0
255308 0
017557 0
176303 0
128998 0
136572 0
235753 0
185972 0
165744 0
149930 0
286723 0
017553 0
002257 0
182703 0
161712 0
202422 0
185101 0
157224 0
199994 0
008802 0
142925 0
169172 0
153071 0
238110 0
016593 0
260056 0
164810 0
263908 1
263954 1
156760 0
053404 0
194818 0
221696 0
255475 0
002712 0
171397 0
012460 0
020040 0
232890 0
259933 0
260053 0
120767 0
123530 0
161708 0
179106 0
051284 0
202750 0
151308 0
027160 0
059240 0
221082 0
226101 0
150062 0
231566 0
045464 0
202823 0
071931 0
194610 0
221873 0
163233 0
234075 0
194116 0
219344 1
017436 0
177410 0
156533 0
267343 0
197080 0
161198 1
242617 0
263733 0
034449 0
125504 0
181986 0
035524 0
145387 0
238435 0
133846 0
185744 0
011773 0
141695 0
240375 0
130087 1
139845 0
001472 1
221960 0
093945 0
000908 0
014211 0
201952 0
127604 0
125006 0
274946 0
020125 0
041837 0
279099 0
000745 0
026732 0
268869 0
022756 0
233440 0
159821 0
147871 0
177036 0
168803 0
153148 0
197330 0
133172 0
001903 0
220320 0
050011 0
079594 0
215722 0
049272 0
001504 1
125019 0
009122 0
185672 0
157814 0
053443 0
289766 0
176256 1
176138 0
228714 0
053846 0
139355 0
160458 0
227141 0
088619 0
230394 1
230413 1
230393 1
230293 0
227207 0
143977 0
015261 0
227828 0
141184 0
277155 0
146695 0
269578 0
230321 0
126057 0
001543 0
289357 0
177032 0
080312 0
142871 0
154279 0
028883 0
166678 0
127607 0
000510 0
095414 0
196109 0
241740 0
200729 0
089328 0
034729 0
017401 0
197345 0
259939 0
176820 0
225555 0
133874 0
279963 0
260103 0
123000 0
017728 0
005078 0
081318 0
012710 0
101416 0
202657 0
009048 0
251044 0
184729 0
059224 0
136327 0
195829 0
181606 0
026737 0
087179 0
209387 0
157878 0
170042 0
010640 0
149148 0
276970 0
237072 0
010491 0
014707 0
191974 0
271364 0
268346 0
070727 0
198203 0
161783 0
263139 0
192571 0
141934 0
217762 0
110247 0
001926 0
207666 0
238065 0
156544 0
263325 0
100952 0
089472 0
030141 0
140251 0
013124 0
009195 0
196693 0
011620 0
227899 0
068129 0
239306 0
142491 0
277224 0
134983 0
146415 0
265549 0
194161 0
258895 0
061831 0
195802 0
233788 0
029813 0
225171 0
152798 0
158540 0
286470 0
168757 0
220282 0
198482 0
122352 0
177075 0
278984 0
176214 0
015360 0
019766 0
185483 0
139313 0
010300 0
157771 0
156900 0
252177 0
007589 0
008944 0
267006 0
219299 0
000204 1
223959 0
085472 0
123158 0
150521 0
181084 0
276413 0
146829 0
050003 0
225983 0
207237 0
165519 0
180619 0
195744 0
240380 0
156511 1
000862 1
063480 0
156715 0
196218 0
147177 0
122836 0
011485 0
002787 0
195831 0
237301 0
001895 0
015395 0
001618 0
093936 0
262135 0
231892 0
123161 0
223557 0
031946 0
179912 0
001488 0
168440 0
261908 0
160617 0
157297 0
188201 0
079483 0
210175 0
169684 0
149750 0
229335 0
125035 0
019412 0
066656 0
155934 0
155198 0
140282 0
155814 0
153016 0
156535 0
163719 0
276877 0
200641 0
155625 0
071477 0
018292 0
010743 0
004805 0
264433 0
286353 0
004286 0
196063 0
250297 0
255161 0
017007 0
253344 0
093426 0
036486 0
050259 0
133240 0
168758 0
017153 0
197986 0
017499 0
012822 0
156369 0
200643 0
192966 0
079569 0
115230 0
149929 0
011953 0
074602 0
126154 0
096707 0
278635 0
235968 0
185984 0
230749 0
139664 0
225621 0
179121 0
154138 0
153004 0
096882 0
153072 0
284246 0
179385 0
114964 0
183487 0
027870 0
232138 0
019157 0
170684 0
085744 0
233371 0
067979 0
087701 0
275317 0
122830 0
082702 0
125037 0
231544 0
121886 0
240663 0
019227 0
015425 0
003487 1
074566 0
181993 0
017858 0
133844 0
197340 0
114303 0
177343 0
