278758 0
070284 2
103457 2
070151 2
103324 2
070059 2
103232 2
070056 2
103229 2
070061 2
103234 2
070085 2
103258 2
070108 2
103281 2
070010 2
103183 2
112385 2
111963 2
108202 2
097701 0
261760 0
041509 2
099086 0
114382 2
114462 2
114384 2
093941 2
093938 2
093892 2
093931 2
093942 2
094008 2
094071 2
094699 2
097157 0
109380 2
109381 0
098366 2
099342 2
099069 2
099357 0
099790 0
097817 2
097815 2
097821 2
097857 2
097808 2
098070 2
098021 2
098097 2
098059 2
098644 2
098639 2
098629 2
098784 2
098793 2
099092 2
099104 2
098777 2
098104 2
098029 2
098010 2
098028 2
098068 2
098020 2
097973 2
097974 2
097830 2
097925 2
097920 2
097949 2
096207 2
096231 2
096201 2
096181 2
099515 2
108817 2
094081 2
094074 2
094056 2
094046 2
093948 2
095986 2
095958 2
094612 2
094558 2
093698 2
094522 2
101876 0
095399 0
111269 2
111268 2
111293 2
004379 2
118512 2
004171 2
118279 2
094827 2
094729 2
094749 2
094698 2
095032 2
094973 2
094068 2
096043 2
096003 2
096002 2
095882 2
096049 2
187021 0
096936 2
096894 2
101226 2
133661 2
133721 2
092875 0
119817 0
094055 2
094054 2
101255 0
095614 0
095978 2
094020 2
093973 2
094019 2
113717 0
097345 0
099083 2
096209 2
096206 2
101189 2
101190 2
093912 2
100245 2
100034 2
117703 2
117708 2
117710 2
093114 0
004518 2
118728 2
116573 2
096685 2
099192 2
018460 2
128788 2
128871 2
128870 2
128869 2
131994 0
138970 2
139214 2
094550 2
094564 2
094481 2
138459 2
138425 2
138468 2
138037 2
146000 2
145974 2
018552 1
128739 1
131127 2
125036 2
135085 0
132568 0
067592 2
067615 2
067563 2
067636 2
067649 2
117575 2
079654 0
140247 2
140355 2
140266 2
108710 2
108731 2
108729 2
004409 2
118566 2
004124 2
118235 2
007411 0
098354 0
006934 2
120557 2
012267 2
102108 0
125023 2
125021 2
133951 0
117564 2
117556 2
128747 2
068254 0
243722 0
100428 2
100279 2
100378 2
100303 1
100464 0
114151 2
092971 2
196375 1
131145 0
108802 0
094178 2
094209 2
095413 2
095398 2
094587 2
095659 2
005062 2
119461 2
119264 2
119260 0
078739 2
078741 2
078746 2
078772 2
078778 2
078271 2
139721 2
017937 0
093940 2
093889 2
093853 2
093794 2
072263 2
105436 2
074433 2
107606 2
096418 0
133940 2
092536 2
066294 2
032446 2
032442 2
032450 2
032485 2
032502 2
031921 2
061662 0
092872 0
096240 2
065068 2
065101 2
063264 2
063267 2
063058 2
189892 0
063331 0
065663 0
137329 0
093478 2
092937 2
079592 0
063759 2
096648 2
118516 2
004419 2
064517 2
123285 0
066285 2
074842 2
075008 2
074864 2
092554 2
092542 2
092526 0
126999 2
085145 0
132001 2
131999 2
131996 2
131993 2
001235 0
141970 2
143414 0
086581 2
086596 2
086637 2
009871 2
122229 2
120708 1
120594 2
007217 2
120778 2
183235 2
015251 2
125486 2
176745 2
176747 0
144933 1
272041 0
126367 1
127702 0
017676 2
129322 2
064258 0
001887 2
141527 2
144985 0
098797 2
098781 2
140525 0
197193 2
197191 2
197197 2
098529 2
098620 2
108127 2
097696 0
098280 2
275779 2
119916 0
131016 2
131020 2
131014 1
131482 2
131493 2
131490 2
131460 2
131505 2
128136 2
148908 2
256268 2
256266 2
256264 2
256259 2
256244 2
155560 2
155568 2
202877 2
202878 2
202529 2
151732 2
194511 2
224893 2
224815 2
224903 2
224901 2
224816 2
224894 2
224748 2
224743 2
224741 2
224690 2
224759 2
193910 2
193987 2
164649 2
164635 2
162048 2
268459 2
011334 2
122716 2
122714 2
122712 2
122708 2
122690 2
133912 2
133920 2
133919 2
133773 2
142538 2
146800 2
152489 2
152492 2
152457 2
152337 2
152334 2
219542 2
258755 2
220815 0
257559 2
257540 2
257539 2
257534 2
164910 2
163927 2
201732 2
266984 0
153606 0
149293 2
099295 2
099293 0
244452 0
176683 2
176680 2
279290 2
199021 2
233721 1
234100 2
257529 0
006972 2
120597 2
164228 2
164156 2
179523 2
275361 2
142421 2
117907 2
117927 2
116551 2
116967 2
117163 2
002762 0
144461 2
144448 2
060971 2
060968 2
102086 0
001778 2
000920 1
085206 0
130164 0
152115 2
120430 2
005817 2
120432 2
281621 2
068637 0
237341 2
136132 0
192032 2
165225 2
157676 2
159806 2
159802 2
159878 2
159879 2
159884 1
159886 0
162959 2
163061 2
162985 2
163208 2
169756 2
168553 2
169771 2
169746 2
169786 2
169787 2
169754 2
169750 2
169744 2
189169 2
189164 2
189162 2
189161 2
189160 2
149386 0
155575 0
243192 0
014334 0
138447 0
138528 2
138516 2
182823 2
095524 2
001120 0
223292 0
187313 0
163725 2
163724 2
163730 2
163727 2
177516 2
017392 2
129516 2
130291 2
017318 2
129572 2
130292 2
130318 2
190412 0
281187 2
281036 2
281012 2
280972 2
280920 2
266398 2
188852 0
163739 0
116147 0
010774 2
069740 2
102913 2
158158 2
130398 2
256483 2
235939 0
281620 0
132567 0
119458 0
083309 2
083328 2
083343 2
110351 2
001997 0
083156 0
099649 2
099581 2
099588 2
079747 0
243927 0
261063 2
261057 2
261068 0
093802 2
009607 2
122050 2
280215 0
188211 0
005703 2
120323 2
111735 0
085081 0
114205 0
098525 2
098508 2
098633 2
122607 0
192455 2
010253 0
128920 2
131746 2
085261 2
085285 2
076870 2
077026 2
077029 2
069170 2
102343 2
142387 2
142394 2
159721 2
159716 2
159666 2
199741 2
160190 0
170092 2
169455 2
101555 2
167959 2
101412 2
165988 2
166008 2
190368 0
076093 2
083219 2
083222 2
131985 0
083254 2
083253 2
083279 2
219985 2
231476 0
087602 2
084521 2
084690 2
155996 2
084692 2
084712 2
084714 2
084711 2
084707 2
150615 0
010349 2
122671 2
179214 2
142511 2
142521 2
162827 2
162829 2
162986 2
163062 2
086138 0
146071 2
009409 2
121867 2
240475 0
159101 2
159093 0
090825 0
018362 0
158238 0
251229 0
130081 0
242819 0
260138 0
076285 2
051651 0
102061 2
184854 2
001330 2
184857 0
018477 0
007726 0
112496 2
201468 0
201858 2
210042 0
096761 2
096656 2
094232 0
093856 0
096061 2
097333 2
097335 2
168684 2
168685 2
149696 2
092951 2
092934 2
144444 0
090497 2
010474 0
079190 2
079227 2
090713 0
083900 2
139690 2
086601 2
099878 2
099834 2
099786 2
094848 2
094752 2
258512 0
145310 0
112328 2
128152 2
162429 2
198589 0
078325 2
078236 2
078237 2
078345 2
078404 2
142622 1
181843 0
095579 0
062701 2
032198 2
113262 2
260644 2
060902 2
006933 2
120556 2
060989 2
060988 2
064203 2
064219 2
060995 2
064162 2
064198 2
032221 2
032223 2
032224 2
063851 1
063850 2
094990 2
065858 2
065854 2
067847 2
145988 0
093772 2
093747 2
101096 0
161444 2
161412 2
161413 2
161400 0
065032 2
078631 2
101633 2
007070 0
101635 2
101669 0
093668 2
093659 2
031159 2
031144 2
137323 0
079743 0
080931 0
091317 2
091286 2
035821 0
138849 0
098362 2
065986 0
098360 0
114577 0
093645 2
219507 0
087982 2
004032 0
065686 2
088008 2
087998 2
098045 2
087986 0
268490 2
268829 0
177947 2
177952 2
178726 0
084567 2
084568 2
084566 2
084559 2
084558 2
084634 2
084649 2
084631 0
084041 0
126897 2
126898 2
097945 0
064317 2
064285 2
031478 2
031591 2
031604 0
061345 2
061340 2
041234 0
079302 0
129155 0
033351 0
064817 0
142441 2
260347 0
011266 0
283164 2
121859 2
132366 2
283178 2
283473 2
083854 0
137450 0
169781 2
169797 2
169798 2
175706 2
170306 0
014791 2
138061 0
087980 0
238700 2
270840 0
084628 2
280276 0
084626 2
131134 0
116483 0
083083 2
017314 0
084148 0
084629 2
232847 0
195952 2
195950 2
195935 2
109421 2
230390 0
139541 2
139618 2
139619 2
094400 2
094353 2
094432 2
094245 2
097898 0
119685 2
005543 2
120122 2
119701 2
143213 0
064514 0
002844 1
018169 2
128986 2
129068 0
114787 0
093951 0
133746 2
101209 2
175594 2
017303 0
094380 2
107756 0
094388 2
271282 2
271136 0
148809 2
110479 0
004198 2
094754 2
094758 2
094949 1
094368 2
094377 2
094378 2
094385 2
094369 2
094244 2
094379 2
132577 0
155289 2
092644 0
099647 0
199699 0
098499 0
270839 0
067216 2
287256 0
187114 0
189109 0
156661 0
097344 0
058856 2
266368 0
240432 2
240487 2
259558 0
176748 0
028838 0
179551 0
189118 2
085623 2
085591 2
144337 2
141038 2
140978 2
140980 2
071364 2
071377 2
104550 2
104537 2
148104 2
117639 2
100286 2
058425 2
058500 2
058381 0
142617 2
142410 1
142637 2
134798 0
010318 2
122637 2
129078 2
129074 2
018112 2
129046 2
253210 2
253178 2
137110 0
155215 0
145074 0
086462 2
211970 0
186742 2
186703 0
086514 2
061045 2
061086 2
061144 0
018831 0
086654 2
094297 0
114971 2
268171 0
056274 2
056677 2
048075 2
048069 2
004538 2
095937 2
095961 2
096033 2
070319 2
103492 2
070323 2
103496 2
070364 2
103537 2
070285 2
103458 2
070117 2
103290 2
070424 2
103597 2
070100 2
103273 2
070114 2
103287 2
070450 2
103623 2
070494 2
103667 2
070341 2
103514 2
070390 2
103563 2
094389 2
094390 2
094387 0
075588 2
279608 0
075609 0
052272 0
086655 2
086741 0
100741 2
100751 2
100758 2
004565 2
004507 2
118714 2
098779 2
098801 2
059452 0
020886 0
007940 2
121353 2
078530 0
111259 2
061832 0
111530 2
095638 2
109982 0
095600 0
036482 0
114819 0
111511 2
057700 0
063718 2
110609 2
241468 2
241537 2
241538 2
156303 0
152331 0
288561 2
288510 2
288756 2
288729 2
062733 2
063334 0
177695 0
064547 2
182023 0
071710 2
104883 2
072189 2
105362 2
071684 2
104857 2
033372 2
135685 2
162409 2
092710 0
256976 0
066154 0
151386 0
076438 0
225504 2
225505 2
225522 0
086015 2
252749 0
094051 0
011143 0
058096 2
058093 2
058050 2
058014 2
061054 2
064244 2
060859 2
071453 2
104626 2
087943 0
068298 0
099731 2
099730 2
131654 2
095225 2
095228 0
070933 2
104106 2
071135 2
104308 2
098324 2
098321 2
098302 2
098300 2
097733 0
068431 2
068432 2
110582 2
110676 2
110550 2
124691 2
124676 2
063416 0
094344 0
094525 2
094355 2
094319 2
033115 2
033131 0
141180 2
141213 2
000105 0
147674 2
147638 2
147651 2
147627 2
147680 2
147626 2
033125 0
142123 2
141978 2
142059 2
137413 0
138900 2
138919 2
095786 2
108773 2
108847 2
108814 2
146709 2
018674 2
101039 2
101440 2
101437 2
010351 2
122672 2
122595 2
122643 2
122598 2
122665 2
122654 2
122561 2
122547 2
118121 2
118111 2
118112 2
109125 2
011607 2
122798 2
122794 2
122795 2
116772 2
098450 0
081330 2
081324 2
081320 2
112401 2
068505 2
063001 2
062991 2
062988 2
063021 2
062970 2
062946 2
080038 2
074562 2
074788 2
108091 0
135076 0
098612 0
150027 0
134146 0
284312 0
008411 0
058378 0
233730 0
058285 2
058271 2
121209 0
229599 0
089981 0
012499 0
075722 2
101791 2
016861 0
051632 0
108711 2
108730 2
108732 2
224238 0
100448 0
099248 0
007756 2
121178 2
114915 2
075324 2
075341 2
111794 2
163741 0
111762 2
146534 2
118533 0
108624 2
169287 0
114529 0
143423 2
003745 0
027448 0
115150 0
271137 0
143418 2
232460 1
093044 2
095086 0
071389 0
099792 2
066421 0
092942 0
137945 2
137967 2
137991 2
181611 0
095217 2
095230 2
255889 0
144464 2
144447 2
144519 2
144446 2
109025 2
137910 0
109027 2
109024 0
097566 0
109026 0
118661 0
111377 0
086213 0
142106 2
146719 2
048659 0
149617 0
132764 0
145064 0
064971 0
091352 0
039340 2
000074 0
155235 0
015363 0
138878 2
005707 2
120328 2
157024 0
084391 2
099761 0
142636 2
142650 2
084237 2
084394 2
086283 2
084945 2
101868 0
072109 0
085355 2
087632 2
085383 2
180954 0
142003 0
199217 0
058855 0
066732 0
113334 0
063717 2
140197 0
220835 2
220821 2
083220 2
046980 2
046905 2
062156 0
126718 0
092070 2
092249 2
124355 0
190371 0
094966 0
090626 0
065856 2
065912 2
065895 2
116149 0
181536 2
064669 2
133795 2
133536 2
133533 2
133539 2
133543 2
133467 0
061265 0
168103 2
113123 0
168117 0
058301 2
058274 2
131292 2
132045 2
017740 2
129280 2
126771 0
252455 0
149846 0
058253 2
058264 2
085204 0
059005 0
177027 0
152784 0
061502 0
114207 2
123864 0
098342 0
256922 0
261062 0
138287 0
135520 0
114552 2
114596 2
114618 2
099527 2
099401 2
099521 2
136763 2
152714 2
108806 0
097677 2
149212 2
149318 2
149319 2
166779 0
094832 2
095448 0
151373 2
151160 2
151154 2
151168 2
146128 0
287670 0
095423 0
098281 0
093823 0
097843 0
002569 0
139053 0
176743 0
224040 0
069856 2
103029 2
005187 2
119632 2
120928 0
110617 0
099271 2
192494 0
069841 2
103014 2
110452 2
101880 0
098726 2
098771 2
098707 2
098848 2
159722 2
158750 2
032200 2
034577 2
032328 2
032341 2
032340 2
032401 2
030579 0
013745 0
014186 2
112134 0
180465 2
180514 2
139416 0
132135 0
011726 0
099273 0
002688 2
048248 0
099343 2
168889 0
244562 0
098443 2
184858 0
098441 2
219616 2
098505 2
154698 2
098411 2
098977 2
098972 2
098461 0
095745 0
098850 2
098847 2
098810 2
098751 2
098497 0
286317 0
131498 2
131510 2
131495 2
131501 2
098949 2
098409 2
098446 2
098413 2
101942 0
070582 2
103755 2
031972 0
199448 2
199420 2
199462 2
070148 2
103321 2
070343 2
103516 2
058789 2
034267 0
194942 0
119474 0
138363 2
138334 2
138306 2
138336 2
147441 2
147443 2
147420 2
147422 2
025595 0
146532 0
260973 0
192808 2
192823 2
158434 2
158390 2
228333 0
110298 0
171578 2
171512 2
171511 2
171491 2
160139 0
277403 2
113131 0
100459 2
100570 2
100449 2
100571 2
100462 2
007759 2
121183 2
086487 2
076297 0
039713 2
068938 0
112092 2
112096 2
230643 2
098315 0
112951 2
112958 2
181941 0
156888 0
098200 2
098375 2
069157 0
053145 2
157032 0
127546 0
017589 2
129394 2
129397 2
134639 0
029478 2
029520 2
097084 0
062972 2
062992 2
253372 0
089087 2
163720 0
159737 0
114843 0
079079 2
009035 2
266836 0
194115 0
137006 0
095234 0
128225 0
241136 2
219441 2
219476 2
219420 2
219372 2
068022 2
033130 1
175188 0
271931 0
065901 0
061364 2
061365 2
061368 2
061383 2
061385 2
094381 0
006630 2
217314 0
280229 0
059978 2
157796 0
269126 0
013611 0
098447 2
098423 0
262399 0
092463 2
109713 0
077315 0
035190 0
146570 2
014105 0
041481 0
197720 2
091927 0
146966 0
112868 2
112754 0
009147 2
121639 2
009125 0
085667 0
180037 0
147572 2
147559 2
147576 2
181966 0
149534 0
098056 0
198524 0
124914 2
058863 0
042454 2
110896 0
186297 0
255270 2
159801 0
154688 0
025330 2
235247 0
035835 0
033547 0
109021 0
098067 0
093804 0
140005 2
191781 2
084144 0
191401 0
139872 0
017936 2
129156 2
129223 2
017845 2
129224 2
129219 2
129222 2
000809 0
132572 0
114954 0
017996 0
007437 2
120948 2
132097 2
001307 0
096680 2
284367 0
080336 0
098179 0
078690 0
093573 2
083261 0
191798 0
093565 2
092379 0
068744 0
142659 0
155212 0
133887 2
132566 0
043519 0
276881 0
015129 2
125610 2
041694 0
130169 0
091983 0
210746 0
094229 0
147909 2
147835 2
102009 0
169139 2
169140 2
015608 2
093015 0
223994 0
095404 2
095826 2
234836 0
006872 2
034645 0
120500 2
153562 0
095303 2
271022 0
144990 2
145317 0
125371 0
041810 2
092794 0
085090 0
128476 0
280336 0
035984 0
265209 0
233737 0
095347 2
244202 0
120177 0
133028 0
184478 0
190825 0
214395 0
123779 0
251971 2
239459 0
228778 0
096153 2
067322 0
096071 2
032833 0
096024 2
096022 2
096026 2
270223 0
109030 0
041917 0
161211 0
059455 2
193467 0
009919 0
191309 0
235194 0
173365 0
032205 2
263934 0
131194 2
131198 0
058505 2
058286 2
039814 0
117563 0
093054 2
093035 2
093010 2
174605 0
243724 0
024488 2
024485 0
097742 0
131414 2
132019 0
131421 0
144692 2
086693 0
219310 0
009233 2
121709 2
288653 0
249894 0
052300 2
052305 0
202627 0
011817 0
076683 2
088908 0
093409 0
001233 0
061219 0
032701 0
060507 2
060493 2
060505 2
110978 2
193753 0
132000 0
230392 2
088441 0
138444 0
064932 0
002384 2
196237 0
095526 0
064218 2
121563 2
133208 0
009061 2
121566 2
132177 2
132176 2
132171 2
086638 0
001990 2
161003 0
079376 0
166326 0
114212 0
017743 0
280672 0
272191 0
136103 0
128216 2
128167 2
011993 2
213854 0
088046 2
198179 0
129316 2
017702 2
129308 2
046239 0
066425 0
089089 0
082453 0
070389 0
271941 0
088638 0
010214 2
122531 2
034533 2
034541 2
034574 2
040694 0
001861 0
058265 0
209680 2
244662 0
120702 0
011396 0
090613 0
066301 0
090835 2
086157 0
235950 0
029417 0
009382 0
132046 0
152105 0
009100 0
001054 0
117713 0
111328 2
039424 0
142879 2
142912 2
010619 2
097272 0
094426 2
094442 2
086603 2
118199 0
031203 0
098061 2
034164 0
119744 2
119743 2
119753 2
005284 2
119772 2
119158 2
119139 2
005176 0
119213 0
004400 2
118544 2
118529 2
118542 2
005404 2
119951 2
145417 0
150923 0
171444 0
179180 0
259094 0
063811 0
280090 2
092410 0
032338 2
032407 2
149767 0
093182 2
032134 2
032206 2
144015 0
031968 2
032012 2
086846 0
061749 0
034604 0
007794 0
119236 0
233014 0
050705 2
050699 2
183892 0
143222 0
002717 2
090237 0
011947 2
201334 0
069222 0
085839 0
119615 0
053539 2
236358 2
170604 0
236564 0
062121 0
166059 0
202369 0
114911 0
168907 0
128215 0
062157 0
123979 2
116747 0
012582 2
058532 0
141050 0
009408 2
121866 2
110735 2
110857 0
016974 0
010311 2
122626 2
059441 0
276916 0
016514 0
145627 0
141517 0
020986 0
130134 0
042844 0
128137 0
039752 0
085919 0
168732 2
168733 2
169567 2
002281 0
085103 0
255632 0
064865 0
095938 2
095933 2
095934 2
095962 2
095935 2
095932 2
095927 2
096070 2
096083 2
096032 2
098593 0
090355 2
097077 0
023835 2
023769 2
230070 0
098312 0
095654 0
099992 0
182160 2
180160 2
180178 2
094935 0
095965 2
095941 2
275378 0
233277 0
184920 0
244272 0
098588 0
098947 2
094221 0
098873 2
098825 2
194510 0
098824 2
012090 2
000329 2
094954 0
145142 2
086939 0
232821 0
092891 0
156435 0
251427 0
156660 0
129692 0
139208 0
161920 0
094913 2
094960 0
097625 0
181111 0
276911 0
005432 2
119989 2
122705 2
011362 2
122728 2
121185 0
015013 0
118233 2
099698 0
004164 0
033675 0
044246 0
001767 0
032672 0
145156 0
174748 0
110784 0
009267 2
240635 0
064614 2
097097 2
097101 2
064616 2
064617 2
064629 0
009157 0
064298 0
128226 0
125422 0
119252 0
005294 0
169282 0
124350 0
150439 0
043302 0
018091 0
091338 0
015041 0
008726 2
189910 2
179518 0
188782 0
086776 0
081131 0
009818 0
287902 0
126366 0
169549 0
063855 2
189923 2
051976 0
098938 2
098893 2
098937 2
069757 0
075384 0
094490 0
001203 0
070701 2
103874 2
009708 2
177680 0
011474 0
179751 0
101978 2
102038 2
008085 0
006383 0
196250 0
258017 0
032896 0
255272 0
092399 0
067081 0
091395 0
089406 0
092615 2
092601 2
064516 2
094011 0
273924 0
187119 0
063415 0
064849 0
101875 1
044916 0
127219 0
098575 0
191787 2
010705 2
011275 2
122691 2
020980 0
191802 0
279285 0
201811 0
038171 0
094235 2
143480 0
094027 2
109020 0
145419 0
191915 0
192123 0
176756 0
119559 0
099096 0
157023 0
258918 0
112324 0
042243 0
152785 0
114290 0
231509 0
085068 0
056108 2
056357 2
014406 0
070221 0
132614 0
145968 0
244111 0
138445 0
144254 0
051779 0
099718 0
092580 0
081141 0
279015 0
232153 0
099656 0
064630 0
031695 0
010240 2
060192 0
093202 2
093276 2
069174 0
188807 2
026874 0
110350 0
096137 0
079580 0
120924 0
279173 0
077782 0
101551 0
261763 0
010270 0
131665 0
197862 0
160358 2
183238 0
165047 0
162208 0
166341 0
170112 0
146074 2
146043 2
094188 0
143015 0
082421 0
094306 2
058019 2
098328 0
131997 0
092730 2
092729 2
092724 2
092723 2
092722 2
151350 0
087474 0
048284 0
081480 2
081487 2
161443 2
161410 0
161411 0
098229 2
098228 2
098214 2
239337 0
134330 0
041780 0
097807 2
097749 0
097131 0
026813 0
244339 0
154930 0
235852 0
033108 2
089198 0
193009 2
192847 2
177685 0
010302 0
008009 2
007349 2
120882 2
205055 0
164349 0
188308 0
271961 0
121550 2
034850 0
160602 0
190027 2
097690 0
102330 0
231994 2
098582 0
279722 0
113974 0
181033 0
167198 0
066422 0
265488 0
148905 0
009130 0
122580 0
156206 0
153527 0
010261 0
124927 0
059160 0
128183 0
102025 1
176741 0
071412 0
012101 0
249766 0
038214 0
284997 0
229457 0
057024 0
018469 0
071746 0
153605 0
188181 0
066306 0
012480 2
124658 0
091131 2
137556 0
266985 0
121123 0
189080 0
099713 0
090816 0
141536 0
091563 0
096236 0
051673 2
096797 0
051690 0
064582 2
180035 2
164548 0
170250 0
088044 2
088043 2
025364 2
189196 2
025359 0
189290 0
090002 0
064820 0
146514 0
001194 0
280180 0
011970 0
125827 0
128432 0
134077 0
192661 0
089123 0
180167 2
133818 0
259772 0
155236 0
058024 2
252824 2
067893 0
112769 2
112806 2
168381 0
112821 2
112834 2
033107 0
004154 0
139877 0
042354 0
064963 2
231554 0
177529 0
128770 0
062945 0
183881 0
077633 0
058026 0
135036 0
030201 0
285062 2
124574 0
226799 0
153939 0
032986 0
071716 0
034613 0
141444 0
094346 1
094296 0
199783 2
180059 0
118207 1
118109 1
254873 0
098946 0
211233 0
083388 0
110454 0
083323 2
095231 0
041209 0
144982 2
124683 0
016349 0
178896 0
062298 0
003395 0
117605 2
109960 0
236593 0
042266 0
129139 0
093699 0
121677 0
013609 0
252852 0
062683 0
005956 2
083329 0
098948 0
100273 0
095114 0
129585 0
108061 0
128581 0
220616 0
253373 0
083300 0
136574 0
095005 0
085704 2
033635 0
131413 0
185556 2
185557 2
076262 0
132137 0
004664 0
253328 0
088055 0
120799 2
120785 0
095424 0
130209 0
011363 0
279960 0
163731 0
052466 0
198038 2
263338 0
198007 2
197928 2
197893 2
205910 0
034432 0
112499 0
087668 0
099110 0
137519 0
196446 2
067953 0
092104 0
273390 0
196450 2
197502 2
258138 0
197476 2
197498 2
197605 2
197474 2
142986 0
144027 0
094928 0
282689 0
093570 2
033597 0
120779 0
060253 0
078525 2
098381 2
023165 2
097222 2
097199 0
258184 0
095673 0
085248 0
023093 0
238505 0
196873 0
130293 0
122194 0
142466 0
075262 0
267359 0
093460 0
088919 0
098075 0
025131 2
092793 0
273001 0
139363 2
060871 2
119577 0
258806 0
283794 2
283806 0
114263 2
114259 2
221273 0
043611 0
156898 0
283808 0
062867 0
042388 0
116110 0
065074 2
065096 2
256839 0
098160 0
240274 0
061669 0
097743 0
011643 0
283812 0
092088 0
033595 0
069764 2
221324 0
102937 2
135378 0
225201 0
050158 0
091982 0
127955 0
099614 0
116148 0
244681 0
185565 0
135804 0
208821 0
094228 0
002414 1
094440 2
284930 0
014329 0
063105 0
219863 0
061672 2
086429 0
252671 1
036837 0
092715 0
062541 0
048409 0
120684 0
042433 0
228449 0
018560 0
121954 0
045739 0
099081 2
099078 0
135097 0
095432 0
069735 0
011750 0
114863 0
110915 0
086802 0
155213 0
058246 0
243194 0
137151 0
003267 0
099233 0
094680 0
149140 0
083654 0
089953 0
083310 0
063274 0
226152 0
084829 2
029182 2
133284 0
126784 0
029245 0
102347 0
031995 0
067902 0
239627 0
239097 0
077894 0
101826 0
100806 0
071263 2
283803 0
104436 2
265321 0
255631 0
220574 0
263376 0
099751 0
264931 1
265021 0
058208 0
038898 0
001662 0
051652 0
198555 0
058298 0
168892 0
031202 0
149776 0
110336 2
115757 0
163726 0
275959 0
141550 2
141249 2
008402 2
154224 0
088291 0
285076 0
270511 0
088478 0
099064 0
090502 0
035541 2
009689 0
181971 0
185401 0
140235 0
096908 0
094310 0
123281 0
093156 0
238396 0
188531 0
075260 0
288482 0
153819 0
085184 0
114999 0
158710 0
129638 0
162077 0
154498 0
098335 0
030246 0
058366 0
146133 0
079071 0
020954 0
211967 0
082415 0
145372 0
091922 0
133891 0
082982 0
172968 0
097573 0
063528 0
076462 0
131423 0
051645 0
161919 0
243958 0
085442 0
012615 0
065538 0
079652 0
086062 0
178850 0
132602 0
159729 0
054889 0
108100 0
060229 0
096401 0
034795 0
000858 0
109932 0
197231 0
231626 0
060191 0
240466 0
058989 0
019789 0
012609 0
255295 0
064145 2
019266 0
144974 0
116746 0
168154 0
176292 2
095883 0
034135 0
148708 0
123315 0
104585 0
099089 0
251259 0
256120 0
015250 0
095473 2
098613 0
121156 0
257600 0
261084 0
067094 0
156662 0
192262 0
052084 0
061186 0
144525 0
211348 0
261949 0
043559 0
237711 0
062772 0
152310 0
152570 0
060974 0
190890 0
087921 0
288941 0
230587 0
244454 0
132709 0
177523 0
089234 0
103394 0
001228 0
141529 0
091408 0
257569 0
035856 0
233731 0
166231 0
050159 0
034269 0
131986 0
258884 0
149385 0
010265 0
096986 0
198285 0
122746 0
005152 0
148272 0
255519 0
065227 0
058390 0
263390 0
099398 0
283856 0
198289 0
181962 0
189212 0
150298 2
017096 2
184440 0
121547 0
181034 0
014616 0
154001 0
096087 0
101867 0
095394 0
097255 0
127166 0
093494 0
098472 0
252052 0
192007 0
109074 0
083226 0
133342 0
277349 0
088978 0
082319 2
271292 0
092858 0
224417 0
130325 0
100333 0
125244 0
111369 0
148990 0
129748 0
112828 0
145149 0
181501 0
078356 2
035811 0
221576 2
221577 0
019249 0
056799 0
066626 0
109678 0
156890 0
259085 0
145420 0
202678 0
085165 0
017733 0
277896 0
153746 0
153959 0
240630 0
158627 0
064982 0
128011 0
268175 0
185626 0
095470 0
280224 0
093636 0
260348 2
260323 2
258395 1
260318 0
085812 0
036520 0
276313 0
260311 0
145656 0
136568 0
110457 0
219894 0
160224 2
160311 0
160310 0
033636 0
233764 0
198477 0
160334 0
001775 0
017190 0
059409 0
191884 0
149964 0
097481 0
044803 0
039735 0
033552 0
110449 0
162209 0
194966 0
087744 2
086836 0
255861 0
079369 0
163430 2
185597 0
091986 2
192647 0
092113 0
158725 0
072487 0
280510 2
174704 0
280365 0
029428 0
102908 0
220860 0
280242 0
066376 0
090127 0
066984 2
067197 0
068818 0
170605 0
093881 0
274549 0
145634 0
133580 0
185316 0
266754 0
270503 0
262736 0
161004 0
036254 0
050186 0
287892 0
092837 0
009285 2
118886 0
047975 0
029392 0
093719 0
006281 0
194856 0
155988 0
120178 0
280216 0
058281 0
070042 2
103215 2
071051 0
071441 0
071052 0
104224 0
149218 0
094345 0
104225 0
120792 0
088917 0
139825 0
071022 0
067225 0
187838 0
138454 0
096904 0
125488 0
164606 0
076396 0
126564 0
141351 0
115773 0
097738 0
148209 2
156664 0
148193 2
148208 2
148210 2
148219 2
148298 2
148227 0
102013 0
085815 0
148211 2
122622 0
016714 0
149052 0
045212 2
090420 0
184903 0
032036 0
191950 0
220609 0
025225 0
097133 0
131688 0
149547 0
009000 0
205097 0
009208 0
083899 0
044313 0
026640 0
134713 0
141318 0
133693 0
069371 2
102544 2
068944 0
223119 0
062841 0
280676 2
280683 0
095626 0
270229 0
035291 0
017035 0
060966 0
274456 0
132190 0
261785 0
038369 0
193477 0
145242 0
281456 0
111656 0
097198 0
179152 0
142105 0
278338 0
090540 0
100345 0
112144 0
142475 0
020955 0
122195 0
146035 0
191971 0
260179 0
196861 0
225544 0
156827 0
175377 0
119562 0
135376 0
024304 0
280274 0
032568 0
277676 0
178301 0
258492 0
099405 0
096489 0
038103 0
180061 0
262570 0
123323 0
121128 0
006214 0
141937 0
182505 0
134956 0
184774 2
184777 2
212165 0
128729 0
007994 0
091445 0
198184 0
003375 0
109253 0
238800 0
077184 0
064613 0
146950 0
031945 0
130664 0
123732 0
244438 0
059144 0
014351 0
268660 0
012799 0
194936 0
165897 0
071431 0
256056 0
033664 0
079016 0
184601 0
116685 0
181471 0
267964 0
100390 0
063135 0
178422 0
014518 0
243041 0
062905 0
272039 0
007547 0
064513 0
111909 2
114208 0
098820 0
120952 0
194738 0
111367 0
099289 0
103562 0
145755 0
256590 0
052689 0
132017 0
164940 0
189345 0
089422 0
211332 0
052416 0
167300 0
109676 0
059251 0
239326 0
111050 0
082580 2
095731 0
152605 0
129208 2
129171 2
129147 2
129136 2
129160 0
129157 0
183338 0
092426 0
129158 0
093322 0
101989 0
075263 0
092166 0
129132 0
263377 0
261988 0
170277 0
142540 0
092987 0
089903 0
128937 0
151625 0
108919 0
090843 0
109616 0
139563 0
132606 0
285018 0
100458 0
093714 0
123073 0
193752 0
044727 0
234694 0
252750 0
135047 0
121212 0
041205 0
017964 0
129129 0
095101 0
132006 0
141904 0
254985 2
197706 0
279174 0
059211 0
120688 0
040005 0
083858 0
018052 0
153200 0
254710 0
149421 0
088717 0
091614 0
063418 0
017664 0
010269 0
098383 0
041716 0
084676 0
039957 0
017570 2
129401 2
108771 2
156293 0
080502 0
149840 0
228310 0
257602 0
084682 0
229487 0
101187 0
033697 0
065908 0
259788 0
151685 0
243928 0
095989 0
016073 0
288763 0
186652 0
098471 0
139569 0
125260 0
229752 0
022659 0
108591 2
108324 2
108556 2
083434 0
130248 0
092810 0
189195 0
086214 0
160418 0
145118 0
003793 1
051658 0
196637 0
057979 0
010345 0
083221 0
007253 0
220319 0
254082 0
083270 0
186476 0
122596 0
034084 0
263337 0
004319 0
126036 0
037020 0
108967 0
253022 0
146520 0
094364 0
089463 0
112882 0
255721 0
258029 0
052093 0
157995 0
121831 0
046463 0
181652 0
133828 0
114854 0
181965 0
077760 0
045323 0
062071 0
156859 0
212419 0
219498 0
075319 2
046310 0
098054 0
270499 0
098131 0
284824 0
249865 0
085438 0
243699 0
059431 0
244461 0
187577 0
081343 0
032819 0
061677 0
154035 0
071024 0
009046 0
267380 0
197138 0
102395 0
283878 0
231563 0
040361 0
098277 0
157905 0
133105 0
280277 0
098323 0
124687 0
152923 0
187324 0
129279 0
079257 0
000972 1
051748 0
065104 0
119785 0
068916 0
226243 0
013022 0
001097 1
157761 0
239012 0
097917 0
067865 0
167713 0
096757 0
015763 0
099532 2
