088377 0
002679 1
001444 1
065960 0
199789 0
086851 0
182014 0
091798 0
133642 1
133632 1
133668 1
158089 0
157848 0
085755 0
154119 0
132050 1
132010 1
132008 1
133703 2
133702 2
133709 2
133707 2
133774 1
133770 1
133331 2
133302 2
133299 2
133297 2
133119 2
133100 2
133093 2
133088 2
133188 2
133171 2
133612 1
133610 2
133611 1
147739 0
133729 1
133730 1
133723 1
132046 1
133959 0
001458 2
133868 0
131953 2
132136 1
132080 1
132135 2
132019 1
132020 1
132017 1
140098 0
131954 2
133951 2
169288 0
132052 1
133427 1
133941 2
002855 1
133365 1
133358 2
132922 0
133664 2
133675 2
133598 1
133684 1
097530 0
163967 0
133480 1
133312 0
133015 0
141143 0
158866 0
110527 0
147895 0
132952 1
132938 1
132910 1
132955 0
138824 0
134952 0
132203 2
132182 2
001459 0
005320 1
119825 1
119817 0
133219 0
132865 2
132860 2
100189 0
132396 0
131615 0
142036 0
181041 0
133665 2
133663 2
133649 2
133891 0
099516 0
261782 0
132839 1
132830 1
002777 0
258326 0
131605 0
004274 0
133899 0
002488 0
002845 0
130313 0
109787 0
003102 0
164294 0
131975 2
131988 2
131970 1
134343 0
133669 2
141756 0
134047 0
148999 1
149000 0
147564 0
001109 1
007046 0
007436 0
001445 1
133737 0
132039 2
132021 2
130164 0
133253 0
140288 0
114749 1
114712 0
108996 0
134001 0
097563 0
137420 0
001887 0
043123 0
001580 1
133721 1
133661 1
002717 0
007099 0
139214 0
183839 0
133376 0
130320 0
139638 0
100266 0
134449 0
132286 0
005188 0
110962 0
131683 0
066977 0
117555 0
114824 0
181971 0
132677 0
111521 0
094074 0
138307 0
091636 0
148181 0
131319 0
131640 0
133746 1
010253 0
112385 0
112622 0
127977 0
001908 0
002894 0
188534 0
149004 0
093071 0
159141 0
017962 0
131675 0
133252 0
137780 0
138037 0
133044 0
133309 0
135710 0
140477 0
142046 0
132858 1
133621 2
133585 2
134076 2
133581 2
133735 2
134005 1
135126 0
258190 0
137993 0
231334 0
179120 0
129815 0
125010 0
133138 0
043358 0
135594 0
002770 0
003340 0
133674 0
017268 1
128571 1
128620 1
128622 1
128653 1
128655 1
128659 1
128652 0
150008 0
178071 0
193105 0
115341 0
007044 0
133652 0
132853 0
261991 0
131633 1
129673 0
133556 1
133555 1
133552 1
133400 0
017688 0
132751 1
132685 1
132670 1
132666 2
123874 0
133853 2
133874 2
133871 1
142314 0
109011 0
133841 1
133829 1
002772 2
117943 0
146884 0
145734 0
133131 0
156534 0
191891 0
109530 0
133835 0
001131 1
134596 0
133200 1
133195 1
132898 2
132825 1
132824 1
132807 1
132805 2
132803 2
108036 0
009742 1
122139 1
122129 1
122110 1
122059 1
009594 0
134275 1
139093 0
127107 0
137070 0
132018 0
009735 0
017629 1
129357 1
129405 1
129429 0
010357 0
127896 0
130385 0
087548 0
107706 0
133283 0
099196 0
134307 0
101081 0
001278 0
079272 0
017250 0
011838 0
143015 0
092764 0
133389 0
144352 0
141911 0
141868 0
108907 0
133586 0
001135 0
253311 0
102019 0
136791 0
154653 0
111224 0
123034 1
123037 0
134305 0
001242 1
071418 0
097750 0
003066 0
131613 0
157854 0
123913 0
009029 0
116616 0
009072 0
133348 1
133582 1
134915 0
133339 0
130695 0
160375 0
180609 0
161824 0
134003 0
007671 0
132771 1
001062 1
017831 1
179121 0
118398 0
028378 0
017815 0
160235 0
132071 0
133347 0
043716 0
146481 0
157771 0
187114 0
128654 0
002364 0
127805 0
017759 0
148183 0
152045 0
098692 0
108586 0
080409 0
159718 0
006188 0
145300 0
108044 0
133753 0
274731 0
043291 0
138468 0
001240 1
001744 0
123876 0
132457 0
008087 0
133560 0
092125 0
161339 0
134108 0
122148 0
131946 0
131631 0
178066 0
001919 0
138970 0
138298 0
007447 0
111985 0
131956 0
133415 0
094454 0
110963 0
111657 0
002283 0
141182 0
082652 0
132037 0
181051 0
