084219 1
051271 0
084287 2
084125 2
083958 2
083953 2
083965 2
083968 2
081589 2
081650 2
083753 2
083746 2
084202 2
083943 2
084080 2
115400 2
083537 1
083530 2
083896 2
083906 2
084248 2
083999 2
051488 2
051379 1
080394 2
083432 2
083444 2
084271 2
276731 0
083135 1
082031 2
084307 1
083739 2
083786 2
115253 1
075309 2
075311 2
075414 2
075418 2
075505 2
075511 2
075513 2
075500 2
075517 2
075503 2
074954 2
074947 2
084327 1
083171 2
083173 2
079218 2
083693 2
083698 2
084191 2
084183 2
051528 2
082884 2
077600 2
077606 2
075159 2
075161 2
114464 1
082091 2
075415 2
075417 2
082743 2
082757 2
115355 1
082459 2
082490 2
078188 2
078234 2
091397 1
083059 1
083019 1
092037 1
083111 2
079363 2
079223 2
079188 2
079364 2
078080 2
078085 2
078144 2
078104 2
082887 1
083179 2
079200 2
079172 2
082822 2
078442 2
043963 2
082829 2
114640 1
082828 2
079145 2
078452 2
078440 2
084152 2
084090 2
084155 2
084157 2
084416 2
114647 1
084381 1
081027 2
082071 2
082063 2
075501 2
075518 2
081701 2
083723 2
083811 2
114483 1
082096 1
081721 2
081754 2
081648 2
081674 2
081685 2
044367 2
051503 2
044080 2
044072 2
043943 2
044166 2
051194 2
044074 2
051255 0
084336 2
044075 2
043889 2
074869 2
113836 2
113800 2
075608 2
082615 1
075906 2
044115 2
051251 2
044100 2
075593 2
079288 2
075051 2
079291 2
044028 2
081897 2
137680 1
081890 2
083119 1
083168 1
084098 2
084116 2
078445 2
079325 2
079167 2
083563 2
083053 2
084322 2
083559 2
084031 2
083988 2
083884 2
083887 2
082144 2
082124 2
081901 2
081903 2
081922 2
082075 2
082077 2
114894 2
114932 2
114413 2
082627 1
084469 1
044258 2
043991 2
044255 2
043879 2
084439 1
043927 2
114603 2
045040 2
044339 2
044832 2
044773 2
044850 2
045120 2
045144 2
044221 2
084413 1
081229 2
114972 1
045205 2
115347 1
115445 1
051079 2
078630 2
078659 2
181231 1
115039 1
115034 1
051068 2
114873 2
114908 2
084005 1
079670 2
084292 2
084472 2
114989 1
084475 2
078259 2
078285 2
083479 2
075472 2
075561 2
074528 2
074557 2
084317 2
083497 2
084216 2
112097 2
277006 1
084045 2
084073 2
276904 1
114487 2
114467 2
181262 1
084096 1
210897 1
210962 1
211015 1
211014 1
269649 1
269586 1
269658 1
219889 1
219891 1
079970 2
081615 2
181139 0
084104 2
084110 2
081720 2
084255 2
080884 2
080867 2
084335 2
083977 2
083962 2
043937 2
081748 2
081637 2
043929 2
075325 2
084477 1
084474 2
084384 2
043965 2
051368 2
044193 2
051500 2
083975 2
080019 2
081482 2
084283 2
081506 2
084457 2
084345 2
078098 2
078128 2
078164 2
078252 2
084232 2
075315 2
079641 2
083699 2
270009 1
270015 1
051412 2
270013 1
081814 2
078823 2
081728 2
081778 2
115394 2
083694 2
270014 1
025548 0
115322 2
079837 2
079793 2
051397 2
051150 2
043864 2
084175 2
114414 2
084348 2
114556 2
114570 2
114465 2
114484 2
114436 2
077703 2
114258 1
051078 2
114295 1
051073 2
079341 2
051143 2
115343 2
084226 2
044108 2
051431 2
051395 2
082080 2
079360 2
082073 2
051074 2
050972 2
074907 2
084696 1
082764 2
082769 2
084113 1
044238 2
044218 2
015108 2
051557 2
084100 2
084178 2
084117 2
044023 2
271840 1
081709 2
084479 2
050832 1
115430 0
078458 2
223506 1
271898 1
223511 1
279827 1
082099 2
082093 2
079129 2
083071 1
082779 2
075186 2
079644 2
084097 2
082651 1
051187 2
044194 2
043966 2
136354 1
075137 2
084211 2
075120 2
084617 1
051218 2
078093 2
136059 1
084306 2
074721 2
078043 2
115508 1
084339 2
079642 2
108045 1
078049 2
084331 2
084304 2
084265 2
081907 2
081911 2
081807 2
115629 1
269640 1
083931 2
083932 2
084038 2
081963 2
084147 2
083961 2
082002 2
114848 2
114852 2
075191 2
051069 2
084596 2
084583 2
044184 2
051210 2
080366 2
084775 1
080424 2
082577 2
082614 2
082629 1
115446 1
082089 0
084153 2
084154 2
084083 2
084085 2
083969 2
007106 2
120705 2
120692 2
114523 1
114982 2
083578 1
044106 2
084267 2
084118 2
220514 1
220004 1
220007 1
280412 0
137440 0
180323 1
180277 1
083990 2
113971 2
084017 2
075143 2
084387 2
083700 1
084360 2
115136 2
083027 1
115703 1
115674 1
211776 1
115497 1
115676 1
084131 2
084318 2
084109 2
084006 2
084106 2
084111 2
084053 2
084052 2
154470 0
075464 2
084149 1
062670 2
084197 2
277015 1
051107 2
084043 2
084075 2
084249 2
083305 1
084213 2
078303 2
051202 2
051207 2
128261 0
083955 2
083957 2
081768 2
081794 2
083029 2
083037 2
277028 1
271101 1
084074 1
271153 1
115280 2
084206 2
084101 2
084112 2
084231 2
114990 2
114961 2
081889 2
084805 2
081896 2
080426 2
081698 2
084042 2
084076 2
083996 1
084011 1
084047 2
084383 2
084062 2
083940 2
114987 2
115113 2
115121 2
084069 2
084103 2
180268 1
186597 1
186599 1
180635 1
179693 1
179703 1
179961 1
179963 1
179999 1
180033 1
180626 1
180614 1
180595 1
180592 1
114648 1
082964 2
081713 2
115435 2
029062 0
114007 2
084128 1
114009 2
047416 0
084718 0
089290 1
051094 1
051193 1
051195 1
051206 1
051198 1
051213 1
051192 1
051186 1
051204 1
051209 1
051059 1
051166 0
113997 2
114023 1
051217 2
051197 1
080217 2
084759 2
084691 2
084377 2
084365 2
113986 2
083039 2
114018 2
051199 1
051112 1
051201 1
051189 1
051200 1
051216 1
051221 1
051203 1
051215 1
114673 1
051223 1
051219 1
050849 1
051211 1
080236 2
051208 1
084754 2
051123 1
051081 1
051191 1
051092 1
051205 1
084243 2
051225 1
187031 1
186978 0
165339 0
051175 1
084217 2
044186 2
043964 2
115104 1
083161 2
083162 2
088340 0
051222 1
089197 1
089147 1
089165 1
089249 1
089248 1
114786 1
114011 0
051439 2
084308 2
045204 2
045143 2
083844 2
083836 2
083813 2
084091 2
084120 2
115088 1
115069 2
115132 2
082029 2
081933 2
083207 2
276891 1
078247 2
083702 2
083701 2
084081 2
083945 2
114342 2
083686 2
280411 0
138478 0
083684 2
084250 2
184968 1
184837 1
185592 1
185588 1
185585 1
185578 1
185561 1
180299 1
184499 1
082969 1
083164 2
083159 2
114003 2
185562 0
225812 0
084222 1
114343 2
053248 0
055782 0
115434 0
084252 2
227351 0
270284 0
115129 0
002361 1
098271 1
079774 0
114511 2
114530 2
143111 0
280733 0
180032 0
084281 2
084270 2
084268 2
054110 0
113964 1
113893 1
045517 0
114703 2
114738 2
084225 2
051465 2
051375 2
083005 1
112139 2
221485 0
004588 1
271910 1
079179 1
079147 1
079114 0
181198 1
125655 1
015082 1
114410 2
115518 2
125148 1
115515 2
115525 1
124993 0
114976 2
084286 2
200993 0
115383 2
115918 0
054639 0
111359 1
114710 2
276748 0
146295 0
054374 0
075166 2
114015 2
183648 0
114741 2
055462 0
084442 0
224865 0
115090 2
115105 2
071500 2
104673 2
071456 0
079254 1
180630 1
079255 1
265028 1
079183 1
071547 0
078147 2
084238 1
084180 1
099679 0
042033 0
010957 0
044810 0
045890 0
053041 0
074985 0
026702 0
004718 1
118970 1
236641 0
005371 0
112121 1
210086 0
115529 0
241423 0
035229 0
083614 0
104629 0
041079 1
041144 0
260862 0
104720 0
043860 1
116309 0
159473 0
139804 0
124527 0
054335 0
201061 0
223835 0
048832 0
047712 0
115405 1
115466 1
115467 0
128276 0
084516 1
083750 1
081413 1
081369 1
081564 1
079026 1
076361 0
114115 1
114218 1
114217 1
005221 0
076642 0
180037 0
115593 0
271087 0
003130 0
114601 0
041971 0
182993 0
020356 0
128267 0
082088 0
226776 0
032401 0
162525 0
048773 0
084851 0
051172 1
115736 0
177748 0
056811 0
186366 0
004884 0
269943 0
223649 0
271341 0
252303 0
080800 0
124962 0
139544 0
071386 0
276720 0
116196 0
165547 0
271686 0
084540 1
119214 0
269126 0
055108 0
254109 0
114517 2
114532 2
114516 0
084392 2
047152 0
010417 1
136324 0
138557 0
083425 0
114953 0
048875 0
278007 0
116057 0
047262 0
065117 1
067871 0
115761 0
003697 0
051414 0
114531 0
115292 2
051511 1
000340 0
135092 0
005990 0
120219 0
116076 1
137537 0
012052 1
003831 0
026969 0
165383 0
127569 1
127573 0
127574 0
276950 0
229939 0
053519 0
271292 0
048050 0
276736 0
079630 0
005980 0
023328 0
134924 0
104559 0
007142 0
182855 0
171250 0
083697 2
083691 2
083667 1
026370 0
195515 0
047851 0
044019 1
219440 0
223982 0
044026 0
028395 1
236992 0
054412 0
185555 0
276732 1
276733 0
089434 1
089454 0
119895 0
275981 0
089550 0
109884 0
015193 0
127575 0
114758 0
268931 0
056148 0
074738 0
140635 0
276927 0
055777 0
075262 0
083914 2
124894 0
234528 0
076601 0
243426 0
053844 0
173558 0
137003 0
084646 0
083918 2
025722 0
057616 0
046251 0
083283 0
083688 2
083690 2
086921 0
090278 0
057775 0
276661 0
044892 0
118962 0
148067 0
053073 0
084179 2
084229 2
136835 0
003291 0
084821 0
228799 0
176323 0
039980 0
276741 0
034767 0
276728 0
047267 0
074977 0
083942 2
084078 2
139787 0
040999 0
224710 0
109305 0
226746 0
099680 0
084209 2
084224 2
114707 0
047765 0
054046 0
097485 0
006270 0
116030 2
084324 2
134564 0
115410 0
271591 0
176306 0
281366 0
057277 0
003460 0
083890 0
075048 0
220041 0
228925 0
075341 0
156354 0
114857 0
127576 0
047372 0
124899 0
119192 0
227388 0
026451 0
032340 0
141238 0
252311 0
276735 0
134749 0
020358 0
271511 0
003679 0
113064 0
179702 0
026175 0
013391 0
070284 0
276445 0
044167 0
045439 0
083616 0
003440 0
115570 1
113967 0
051324 0
047359 0
057706 0
074903 0
048745 0
272466 1
034367 0
118971 0
278006 0
066934 0
229197 0
055131 0
162772 0
174499 0
047747 0
026962 0
113430 1
113431 0
167965 0
119844 0
124203 0
119935 0
075003 0
165540 0
139552 0
057278 0
142496 0
083947 0
277146 0
209105 0
165904 0
271476 0
276681 0
056714 0
074787 0
057717 0
115315 0
040230 0
116021 0
084269 2
047951 0
046425 0
127578 0
276673 0
115215 0
053419 0
116915 0
255632 0
034640 0
183721 0
276667 0
221799 0
126568 0
212474 0
260562 0
083986 2
084033 2
227183 0
139932 0
273597 0
046309 0
084247 1
042070 0
229810 0
277212 0
084842 0
115491 0
117857 0
039392 0
069397 0
083970 2
052967 0
054860 0
277689 0
044422 0
278989 0
169969 0
030579 0
188995 0
276650 0
055631 0
054115 0
047687 0
170629 0
179998 0
227039 0
010893 0
047987 0
079043 0
134934 0
276737 0
276094 0
252746 0
271044 0
102570 0
097848 0
284744 0
047758 0
225598 0
053453 0
139315 0
116260 0
194485 0
006283 0
181027 0
056772 0
057764 0
214882 0
115064 0
053691 0
189119 0
010630 0
084767 0
067047 0
222924 0
049990 0
026850 0
166257 0
076646 0
159470 0
008263 0
228417 0
097338 0
057279 0
074827 2
054997 0
047953 0
054232 0
135135 0
114988 0
041192 0
173658 0
023804 0
226706 0
050623 0
187342 0
271116 0
008272 0
069586 0
182156 0
287164 0
124139 0
177733 0
005624 0
140183 0
050288 0
057406 0
079920 0
033059 0
276725 0
050445 0
276750 0
116143 0
027960 0
138890 0
047032 0
166258 0
219367 0
076597 0
057424 0
241415 0
032341 0
175910 0
271110 0
168747 0
084705 0
053757 0
057111 0
053977 0
225946 0
183728 0
220044 0
280417 0
236978 0
276738 0
079491 0
074737 0
036560 0
005825 0
057045 0
084663 0
134629 0
019255 0
054783 0
041932 0
080096 0
115819 0
005146 0
061042 0
084710 0
010407 0
218053 0
168729 0
006698 0
025236 0
075100 0
176239 0
139739 0
054067 0
271183 0
043833 0
056427 0
020304 0
024782 0
039387 0
271141 0
042453 0
119786 0
271238 0
201494 0
116381 0
055546 0
094068 0
174408 0
140645 0
015423 0
113896 0
045807 0
254462 0
225594 0
078158 0
046747 0
075023 0
139853 0
075324 0
232285 0
009535 0
231185 0
115782 0
047668 0
156356 0
205222 0
056261 0
225025 0
114046 0
025304 0
277050 0
117799 0
278184 0
159663 0
000087 0
002208 0
055562 0
054613 0
265399 0
279056 0
109629 0
005794 0
103457 0
270951 0
013320 0
003667 0
277413 0
165662 0
156907 0
115973 0
161726 0
039934 0
142267 0
161417 0
054226 0
054071 0
047426 0
134755 0
059415 0
095997 0
084764 0
139320 0
005545 0
178869 0
044210 0
276641 0
041822 0
075156 0
117025 0
162224 0
226433 0
045888 0
134626 0
025848 0
046566 0
057732 0
229888 0
052573 0
044538 0
078790 0
113249 0
228793 0
057777 0
040862 0
175455 0
138192 0
227078 0
070009 0
136765 0
160155 0
116815 0
046768 0
171233 0
083250 0
277236 0
269596 0
020357 0
083846 2
084497 2
084501 2
084496 1
084067 2
084016 0
274697 0
077141 0
048448 0
047057 0
139993 0
054356 0
115721 1
115458 0
177731 0
170630 0
116088 0
233014 0
140097 0
116601 0
268971 0
079051 0
112762 1
111626 0
111628 0
273961 0
115256 0
276939 0
117885 0
070878 0
276121 0
008641 0
034577 0
088544 0
042375 0
227060 0
253767 1
111627 0
114937 0
047169 0
274699 0
137577 0
227151 0
023509 0
159057 0
116049 0
056697 0
054587 0
083315 0
032328 0
179692 0
053824 0
057339 0
090306 0
196637 0
151006 0
166063 0
054455 0
099067 0
067895 0
210053 0
228892 0
211129 0
074849 0
275700 0
225049 0
219431 0
246499 0
084880 0
053153 0
166387 0
114639 0
263369 0
014162 0
074760 0
059551 0
116144 0
066038 0
226276 0
043827 0
226820 0
115683 0
203430 0
185568 0
055489 0
139866 0
120124 0
048990 0
161418 0
278334 0
090425 0
276727 0
062783 0
056317 0
114991 0
054944 0
228924 0
148078 0
168730 0
271931 0
057425 0
023599 0
264069 0
047083 0
276844 0
276213 0
139421 0
003723 0
113168 0
272819 0
224877 0
272362 0
057704 0
053873 0
260971 0
222322 0
230303 0
228450 0
004863 0
086891 0
113162 0
111641 1
111670 0
111649 1
111717 0
111715 0
045963 0
116062 0
089881 0
276801 0
064677 0
114942 0
173231 0
115625 0
159588 0
006178 0
278169 0
139994 0
184777 0
114161 0
057064 0
102759 0
264915 0
165541 0
080686 0
023874 0
003935 0
230965 0
117244 0
084845 0
276689 0
052368 0
116047 0
195613 0
006703 0
045498 0
227066 0
172938 0
075065 0
054099 0
057550 0
103182 0
041616 0
075463 0
048788 0
051912 0
234386 0
026588 0
050297 0
130399 0
112933 0
081884 0
016598 0
277427 0
118894 0
079668 0
115822 0
179962 0
273936 0
068748 0
075024 0
055620 0
164128 0
053031 0
231427 0
278842 0
114952 0
095883 0
054047 0
089154 0
117851 0
013487 0
067417 0
003306 0
271185 0
052676 0
124401 0
228832 0
079769 0
054100 0
116054 0
120404 0
273452 0
134760 0
269257 0
044401 0
006569 0
264928 0
261216 0
168708 0
182084 0
141864 0
047222 0
027019 0
128153 0
026938 0
075744 0
219849 0
057459 0
115502 0
277774 0
139317 0
138254 0
079482 0
117659 0
076261 0
003823 0
271391 0
053407 0
243267 0
114948 0
196147 1
141334 0
229214 0
046862 0
023869 0
036575 0
115419 0
104051 0
025235 0
046969 0
068638 0
002941 0
017285 0
066839 0
141902 0
276679 0
126638 0
010415 0
074933 0
172917 0
179590 0
075992 0
026766 0
134710 0
136623 0
211060 0
165663 0
097349 0
030734 0
057756 0
117725 0
141877 0
165891 0
224084 0
113123 0
006045 0
256169 0
002464 0
074831 0
026678 0
120228 0
