085524 1
010305 0
018145 2
115245 2
113573 2
113600 2
010298 2
082362 0
080586 0
131477 0
117089 0
065268 2
025309 2
156872 2
156873 2
188475 0
201258 0
043640 0
135618 1
022398 0
131812 2
131798 2
131875 2
131791 2
002358 1
002952 1
134318 2
002393 0
047560 2
188725 0
266540 2
266582 2
027104 0
192317 0
134989 0
014596 0
005560 0
013161 0
262452 2
269301 0
041627 2
180752 1
015065 2
125665 2
165103 2
028855 2
028845 2
033670 2
147577 2
147431 2
147377 2
188438 1
188465 0
275726 2
275736 2
275710 2
270824 0
243426 1
087337 2
027960 1
083067 1
025214 0
169352 1
169256 1
163233 2
086871 1
019053 0
085563 2
046562 1
042736 1
043439 0
059149 1
059140 1
044250 1
200983 2
221708 2
178675 2
201081 1
200969 2
199560 2
231729 2
231734 2
196436 1
276206 1
219756 2
219768 2
279544 1
232047 0
201400 0
019237 0
086484 1
230009 0
164504 2
164492 1
163880 1
031620 1
086117 1
081660 0
082131 2
082139 2
054450 2
054425 2
058295 1
032133 2
041609 1
062473 1
028390 0
041103 1
041116 1
024026 0
061796 1
101389 0
181541 2
181534 2
181522 2
162927 0
161512 0
164498 1
164494 1
260990 1
261018 1
261046 1
233688 0
098222 1
263369 0
028432 0
198311 0
088248 0
203776 2
214878 0
018757 0
270829 0
029261 0
007089 0
133240 0
030282 1
243192 2
243183 2
243191 2
032811 1
025413 1
025448 0
034268 0
288057 0
040992 1
042016 0
051265 0
080734 0
032651 0
008667 0
289343 1
289268 1
065001 0
276653 0
052743 1
052729 0
023147 0
164675 0
025257 0
180750 0
188679 0
223166 1
243465 1
243459 0
115807 1
115806 1
028611 0
160721 0
286574 0
025589 0
022376 0
032836 1
126329 0
024576 0
098950 0
109765 0
270873 0
270635 1
011197 0
045985 1
046004 1
146850 0
067419 0
035966 0
254321 1
089329 1
156353 1
156398 0
254322 1
058159 2
254372 0
023183 1
024439 1
164462 0
045271 0
022682 1
084821 0
032794 1
009413 0
023068 1
023065 1
023007 1
095209 1
235031 0
260991 1
261019 1
261047 1
261311 0
279543 0
199182 0
261313 0
188437 0
270602 0
260971 0
275725 0
188305 0
019780 0
182718 0
166139 0
177350 0
040778 2
040803 2
082130 0
269555 1
155605 0
025484 0
097921 0
099965 0
188462 0
198224 0
027825 1
023135 0
224622 0
153126 0
031742 0
135486 0
088254 0
219847 2
044567 0
151200 1
266101 0
243227 1
221740 0
279175 0
019336 0
133016 0
045809 0
211798 0
255880 0
112097 0
043798 0
253816 1
253905 1
254681 1
254757 1
273790 1
273798 0
025614 1
040913 0
008711 0
162921 0
277771 0
141388 0
201255 0
149965 1
149966 1
041276 0
278838 0
139042 0
190438 0
133812 0
085278 2
085293 2
010561 0
269556 0
225149 1
225150 0
225151 0
115926 0
007153 0
028610 0
157915 0
223504 1
223513 1
229563 0
014207 0
058926 1
041325 1
041346 1
163027 0
009626 0
161303 0
190322 2
270821 1
270940 1
270969 1
270930 1
270971 1
274038 0
188611 0
078968 0
197998 1
198035 1
083032 0
162992 0
266697 0
018663 1
272621 2
221441 2
159465 2
125337 0
037044 0
128375 2
202519 1
125331 0
023390 0
091361 0
015273 0
041121 1
045812 0
058294 0
188643 0
243406 1
243411 1
243416 1
243419 1
243425 1
243427 1
253914 0
037046 0
170037 0
025677 0
275793 0
045984 0
009426 1
062576 0
271065 0
022244 0
161852 0
288056 0
095592 0
041247 1
041091 1
041088 1
041086 1
041074 1
045596 1
045551 1
046128 0
045416 0
079119 0
038130 0
159309 0
266532 0
077365 0
122303 0
158086 0
015417 0
041690 0
137335 0
079742 0
038268 0
287500 0
093329 1
005750 0
277907 0
093225 1
093266 1
093308 0
269876 0
080459 0
087497 0
203181 0
022405 0
008857 0
288194 0
225165 1
225167 1
225177 1
226319 1
226318 1
240103 0
109986 0
056140 0
033594 1
264137 0
088255 0
116317 0
212687 0
083387 1
019929 0
025583 0
077951 0
262155 0
188756 1
188752 1
188724 1
192328 0
100232 0
188726 0
188602 0
220671 0
066937 0
155532 1
116778 0
031741 0
060606 1
150329 0
155639 0
125322 0
062826 0
207054 0
062996 0
163958 0
007309 0
136198 0
021451 0
260871 0
101338 0
028366 0
229607 0
198226 0
042013 0
270915 2
270917 1
274597 1
270925 0
081855 0
051490 0
252818 0
187927 0
025714 0
219918 0
035001 0
135992 0
166287 0
045821 0
219598 0
025762 0
238681 0
097780 0
043630 0
093404 0
188288 0
273838 0
162917 0
055813 0
229617 0
095482 0
137440 0
243994 0
083018 0
160364 0
286572 0
123826 0
034675 0
043817 0
083153 0
144875 0
142145 0
286997 1
287006 1
286763 1
286775 1
283190 1
283220 1
283192 1
283223 1
283191 1
288149 0
287951 0
188472 0
040999 0
039805 0
034982 2
061088 1
242597 0
274751 0
026790 0
219942 1
219135 1
219182 1
288085 0
047897 0
253915 0
087415 0
141238 0
027018 1
019779 0
241933 0
049682 0
270459 0
077779 0
006341 1
137812 0
231559 1
211241 0
052860 0
211122 0
064233 0
267282 2
266696 0
068441 0
191138 0
267997 0
187035 0
049754 0
041061 0
262573 0
222411 0
000864 0
082105 0
287328 0
063646 0
062015 0
020543 0
029562 0
211490 0
137041 0
264409 0
001249 0
120366 0
100294 0
267093 0
123094 0
141156 0
042528 0
264069 0
287506 0
045810 1
136919 0
198291 0
109741 1
116583 0
273007 0
058451 0
050300 1
050452 1
050109 1
014026 0
273552 1
257009 0
273550 0
273173 0
079768 0
052071 0
034210 0
108158 0
275601 0
003762 1
135641 2
050145 0
063843 0
016856 0
037349 0
242580 0
257014 0
029089 0
041548 0
193618 0
219550 1
267652 0
152715 0
165388 0
115520 1
023884 0
093295 0
279653 0
115338 1
075802 0
155626 0
075963 0
117761 0
109385 1
112170 0
272105 0
281965 0
118013 0
115934 1
115948 1
114991 0
115796 1
115791 1
115756 1
090949 0
130167 0
115610 1
115420 1
117709 0
117919 0
022268 1
022272 0
024073 0
025828 0
161771 0
022401 0
008005 0
006718 0
148319 0
126330 0
