250302 1
250390 1
240797 1
086986 1
086998 1
080670 1
080644 1
087065 1
086943 1
087068 1
087069 1
277198 1
277200 2
277204 1
101905 1
269006 1
066933 1
243873 1
243825 1
243783 1
243867 1
243913 1
078083 1
078074 1
091637 1
086886 1
086897 1
087037 1
087040 1
089292 1
005708 1
087067 1
067757 2
086775 1
086783 1
020327 2
088160 1
088143 1
086649 1
086677 1
269503 2
269506 2
280271 1
280238 1
087030 1
087062 1
090870 1
090829 1
077470 1
078213 1
078068 1
078046 1
278912 2
278867 1
168254 1
168033 2
168006 1
243884 1
077649 1
077701 1
086826 1
086877 1
089267 1
019535 1
226249 1
085671 1
085661 1
241467 1
228417 1
240766 1
078013 1
030733 2
087041 1
087036 1
243994 1
251520 1
086892 1
086922 1
278712 2
089733 1
090043 1
249389 1
248977 1
243626 1
086719 1
086754 1
241195 1
211669 1
098874 1
098921 1
254972 1
087029 1
087059 1
278591 1
278814 1
255880 1
278761 2
261153 1
259928 1
259889 1
108396 1
086239 1
086220 1
090758 1
090709 1
250819 1
090848 1
090827 1
090860 1
227981 2
257788 2
020021 2
020022 2
019998 2
276174 2
276176 2
272285 1
087320 1
087323 1
087307 2
087306 2
086818 1
006931 1
087428 1
271433 1
271603 2
230705 2
199461 2
080709 1
046157 2
085559 1
085314 1
029598 1
241149 1
087278 1
148647 2
148885 2
148950 2
240241 1
232999 1
078323 1
163304 1
147386 2
005608 1
120211 1
242592 2
270287 2
264291 2
199595 2
199481 2
242790 1
120209 1
199550 2
163295 1
223695 1
222744 2
223673 2
087412 1
087411 1
087410 1
087414 1
097311 1
097250 1
120150 2
005597 1
120192 1
237701 0
091070 1
233126 2
233263 2
233141 1
091059 1
086767 1
086800 1
030734 1
278442 2
284298 1
089540 1
089535 1
066876 1
086794 1
243616 1
082889 1
251352 1
233303 1
101904 1
278154 1
078179 2
086034 1
086080 1
271161 0
094120 1
087032 1
087049 1
120281 1
087384 1
241217 1
249343 1
249219 1
272699 1
233697 1
255890 2
272661 1
241169 1
086546 2
086536 2
086554 2
086524 1
241536 1
241435 1
258775 2
258760 2
005714 1
237031 1
262078 2
262079 2
278753 2
278771 2
028237 1
233247 2
233693 1
087395 1
019330 2
019327 2
029270 1
070581 1
103754 1
070580 1
103753 1
070598 1
103771 1
235820 1
235828 1
243882 1
127931 1
241436 1
255884 1
239575 1
244078 1
241439 1
117254 1
032384 1
185465 0
005672 1
120283 1
089324 1
087581 1
087614 1
087604 1
087889 1
087893 1
087963 1
078095 2
233331 2
080467 1
080470 1
080440 1
093897 1
258215 2
240303 1
272331 2
278453 1
081353 1
271127 2
081350 2
087888 1
271295 2
271134 1
078218 1
078168 2
127871 1
249956 1
256857 1
252918 1
249830 1
276478 2
276493 2
080806 2
080801 2
252371 1
252440 1
080808 2
080506 1
067016 1
277659 2
067006 1
278250 2
278251 2
278285 2
278291 2
278356 2
261764 2
032357 2
273467 0
032359 2
032314 2
087892 2
067144 1
067159 1
261871 2
249549 0
108822 1
108846 1
108848 1
081057 2
029071 1
029069 2
029067 2
271297 1
140256 1
271620 1
118131 1
271630 1
272888 1
087354 1
087962 1
277014 0
087355 1
147608 2
007212 1
120769 1
261872 2
226422 1
261296 0
210741 1
080786 1
278198 0
200622 1
200346 1
200621 1
200733 1
244165 1
007734 1
067035 1
235829 2
086418 1
066812 1
133695 0
029433 2
226464 1
113062 1
086974 1
243786 1
243784 1
222603 1
078024 1
078084 1
236582 0
239936 1
239836 1
087100 1
256920 2
249831 1
083096 1
254158 1
278142 1
227732 1
086166 1
086150 1
229131 2
077432 1
077619 1
077433 1
077324 1
077310 1
087238 1
265815 1
265845 0
077875 1
091111 1
225939 1
254477 2
254479 2
254492 2
254599 0
082856 1
256214 1
256279 1
066935 1
229689 1
229745 1
087366 1
087363 1
239871 1
081474 0
244799 1
244831 1
083039 1
083027 1
087417 1
066934 1
249832 1
074487 1
074488 1
107660 1
107661 1
236618 0
156294 1
066777 1
248689 1
226266 2
042386 2
278878 1
140350 2
226267 0
140331 2
140385 2
140335 2
140387 2
140342 0
233400 1
160706 0
249405 1
158989 0
032835 1
087450 2
228793 1
233375 0
140390 0
244239 1
005709 1
120330 1
005828 1
120440 1
006859 0
272098 1
254467 2
082684 1
256878 1
254469 2
228646 2
228665 2
254657 0
067109 1
067185 1
086989 1
086992 1
087035 1
087042 1
057903 2
083496 1
083467 0
005716 1
120335 1
077977 1
077974 0
120305 1
086599 1
244083 1
244070 1
231329 0
248670 1
014852 1
168559 1
168877 1
239549 0
121649 0
272333 2
272422 2
166211 0
127597 2
127596 2
228220 1
257639 0
240922 1
168136 0
087358 1
119297 1
119352 0
228797 0
059473 0
175170 0
092198 0
006762 1
235849 1
003437 2
086606 1
086574 1
140399 0
238079 0
080999 1
042158 0
125916 1
014804 0
244417 1
077312 1
254102 0
129431 0
124362 1
077225 1
087328 0
241168 0
194884 1
194939 0
257279 1
257339 2
257366 1
067741 1
192405 1
192280 0
238314 0
042715 0
014203 0
235870 0
229638 2
229637 0
005742 0
272127 2
272119 2
077516 1
077693 1
237155 0
231930 0
242157 0
004562 0
061409 2
081381 0
116234 0
230488 0
077361 1
281859 0
066915 1
244064 1
271341 0
277912 0
140347 0
087436 1
100940 0
067851 0
066932 1
083468 0
034768 1
226210 0
176744 0
014647 0
169969 0
192245 0
233543 1
269818 0
250487 1
250738 2
027528 0
187394 1
107838 0
243762 1
005661 0
082212 1
082204 1
082210 1
082211 1
082205 1
140348 0
264583 0
083051 0
234528 1
234796 1
249543 1
254076 1
253835 0
040179 0
275887 0
011583 0
077356 0
242344 0
080810 0
119351 0
270932 2
270934 0
268251 0
254659 0
147352 0
005635 0
086415 0
259155 0
134006 0
109128 0
095345 0
082871 0
020543 1
009673 0
162940 0
140401 0
240730 0
071782 0
081504 1
156534 0
091852 0
125915 0
236494 0
270200 0
255932 0
029066 0
019350 0
108120 0
281842 0
277050 1
244101 0
261294 1
278384 0
023164 0
109759 0
251508 0
239341 0
000551 0
088710 1
078391 0
076252 0
111703 0
124114 0
005018 0
187530 0
218876 0
066039 0
030307 0
169509 0
116877 0
123357 0
167041 0
193534 0
066649 0
118094 0
232280 0
007028 0
155218 0
238076 0
228822 2
025238 0
029032 0
088229 0
284684 0
005779 0
167683 0
042330 0
260413 0
005794 0
241737 1
241735 0
059874 0
017513 0
198974 0
227337 0
259908 0
067369 0
244767 0
089458 0
043160 0
025716 0
083411 0
099941 0
273512 0
029620 0
078210 0
119397 0
253487 0
170221 0
268679 0
133696 0
265325 0
174777 0
233696 0
211773 1
211745 1
238378 0
168181 0
168042 0
232666 0
277907 0
170009 0
014112 0
236520 0
150695 0
174669 1
174664 1
081122 0
243366 0
036390 0
175268 0
242126 0
071157 0
175156 0
233369 2
232998 0
254106 0
233468 0
282849 0
232413 0
238961 0
051871 0
087404 0
092153 0
143534 0
231974 0
252706 0
129421 0
095447 0
194962 0
081511 0
037530 0
168507 0
009159 0
242497 0
042165 0
182132 0
238801 0
242671 0
058331 0
091684 0
072209 0
059474 0
243856 0
120356 0
125938 0
236474 0
283707 0
253903 0
117291 1
117335 1
010929 0
253857 0
238810 0
087479 0
111567 0
005720 0
077357 0
001391 0
083045 0
091656 0
226564 0
211411 0
221992 0
262499 0
079990 0
065993 0
120236 0
170805 0
050044 0
170475 0
005744 0
063776 0
268609 0
108561 0
228836 0
060324 0
173174 0
130024 0
039477 0
231332 0
066748 0
000881 0
270206 0
280670 0
284297 0
163076 0
083395 0
286138 0
239561 0
161073 0
118771 0
086377 0
277908 0
087248 0
272072 0
068933 0
271459 0
175197 0
194963 0
062918 0
260366 0
003886 0
225082 0
134777 0
242798 0
121650 0
277417 0
009358 0
236797 0
041672 0
237962 0
137179 0
086600 0
113601 0
168579 0
086790 0
089828 0
120393 0
027459 0
265316 0
035229 0
067365 0
131030 0
139946 0
134044 0
126403 0
100948 0
281864 0
082792 0
075331 0
251497 0
241924 0
184024 0
170004 0
174480 0
235877 0
228502 0
244970 0
070167 0
031366 0
078410 0
043885 0
027517 0
003519 0
239347 0
025263 0
173045 0
120404 0
023161 0
243495 0
278709 0
072254 0
169472 0
233558 0
116878 0
071888 0
244087 0
242376 0
003416 0
058385 0
064622 0
166854 0
013299 0
164663 0
181194 0
282803 0
226537 0
091864 0
163115 0
233469 0
265402 0
042032 0
235734 0
095101 0
242556 0
067047 0
090816 0
062445 0
123356 0
087344 0
257380 0
170222 0
005695 0
175191 0
172836 0
242638 0
068752 0
101558 0
003705 0
029619 0
107949 0
136268 0
176742 0
239683 0
140215 0
037449 0
025299 0
041061 0
091780 0
286124 0
061562 0
261236 0
166409 0
009441 0
039436 0
236453 0
120045 0
229648 0
222009 0
236915 0
232458 0
067126 0
160113 0
145217 0
114937 0
225238 0
272070 0
089372 0
239131 0
277812 0
135034 0
091784 0
101186 0
032406 0
264290 0
005827 0
065614 0
086378 0
175052 0
181968 0
086791 0
030306 0
160614 0
047800 0
025740 0
243842 0
036101 0
014790 0
232651 0
050732 0
229859 0
244373 0
035925 0
174948 0
236584 0
089166 0
042321 0
169473 0
027468 0
281845 0
092157 0
165746 0
030165 0
108484 0
269824 0
225219 0
231830 0
095065 0
091700 0
283244 0
109504 0
236629 0
058330 0
104955 0
063896 0
105382 0
101668 0
005656 0
103340 0
030168 0
095500 0
101277 0
114537 0
090843 0
226132 0
038596 0
243318 0
137406 0
222633 0
226844 0
036397 0
078169 0
080707 0
242797 0
050565 0
158621 0
055013 0
091699 0
065390 0
154707 0
207905 0
266745 0
150200 0
257156 0
087736 0
095639 0
266306 0
228429 0
174665 0
146561 0
233491 0
269832 0
166113 0
041911 0
189247 0
166239 0
041897 0
142440 0
253901 0
262544 0
051527 0
111644 0
143209 0
041661 0
063646 0
097583 0
175164 0
284955 0
163113 0
237883 0
092383 0
089374 0
239327 0
001292 0
015004 0
261627 0
239806 0
093103 0
058125 0
264918 0
261420 0
104330 0
251777 0
089560 0
083010 0
105061 0
077723 0
272466 0
125937 0
159505 0
239369 0
191767 0
286020 0
081814 0
170080 0
253924 0
241476 0
089850 0
277774 0
152212 0
259216 0
175284 0
238547 0
276932 0
115782 0
226545 0
244242 0
255648 0
077858 0
022193 0
167538 0
259912 0
236662 0
105427 0
078304 0
181964 0
036310 0
271004 0
277811 0
039469 0
243597 0
025272 0
081774 0
067840 0
268646 0
272087 0
