226419 1
211355 1
199662 1
199768 1
202309 1
201723 1
201733 2
253060 1
207523 2
191960 1
191952 1
192027 1
233435 2
141618 0
210803 2
210735 2
258244 1
225400 2
242624 2
199799 1
199800 1
240501 2
229632 2
196270 2
215569 0
224535 2
216167 1
257917 2
262867 1
262872 1
262174 0
256433 0
275029 2
275040 2
275063 2
253449 2
253502 2
253558 2
253571 2
253576 2
253425 2
253354 2
253675 2
253701 2
253600 2
253602 2
253557 2
253570 2
253575 2
253501 2
244451 2
244471 2
243224 1
242947 2
229701 2
250887 2
229964 2
229876 2
234372 2
234371 2
287168 2
287669 2
258502 2
197534 1
197450 1
197440 1
207193 1
206995 1
211988 0
256022 1
256099 1
255936 1
210965 2
210748 2
108832 1
108911 1
108912 1
109176 1
109198 1
109210 1
203076 2
108880 1
203072 2
203074 0
184706 1
183845 2
183853 1
080223 2
187602 2
202237 1
202384 1
202398 0
205796 2
206423 2
206434 2
208579 1
184695 2
025484 0
255060 1
256767 2
256770 2
206808 1
015242 0
201756 1
210756 1
202794 1
184747 1
243208 1
206698 2
206720 2
206709 2
210978 1
201815 1
201813 1
275249 0
243857 1
243843 1
200003 1
257243 1
257343 1
257272 1
228781 1
228910 1
227462 1
227546 0
243497 1
243496 1
243559 1
243558 1
243401 1
243402 1
243811 1
243818 1
243780 1
243779 1
243561 0
243834 1
243862 1
265042 1
244363 1
244341 1
201638 1
208546 2
202344 1
201964 1
201963 1
201958 1
208051 1
244136 1
244143 1
250338 1
250339 1
101493 1
199226 1
199222 1
199153 1
199154 1
199160 1
199156 1
255270 0
017574 2
244423 1
244426 2
244436 2
244365 1
244353 2
244367 1
244366 1
244261 2
237379 2
237336 2
237378 0
136116 0
202262 1
244732 0
208975 1
208007 1
199967 1
282970 0
208029 1
208997 1
208018 0
271664 2
271663 2
257428 0
254637 1
209712 0
115184 0
244425 2
274359 0
258373 2
258357 2
234290 1
234289 0
243826 0
228782 1
187674 0
258430 0
128478 1
128627 1
206797 1
207204 1
199482 1
199458 1
199483 1
199558 1
199502 1
208414 1
208678 1
228911 1
244502 1
200471 0
229135 0
251938 0
203070 0
146539 2
001554 1
019075 1
155811 1
070171 2
103344 2
070147 2
103320 2
070150 2
103323 2
202633 0
243186 1
067843 1
067839 1
067812 1
254881 0
210877 0
201516 0
127751 0
256345 0
253569 0
281992 0
209030 1
202689 1
080833 1
064349 1
226161 1
226164 0
205619 0
263682 0
028839 0
226922 1
240791 0
197170 0
256173 0
243528 0
230124 0
190565 0
261667 0
080961 1
202334 1
202363 2
250646 0
261453 0
088010 1
086685 0
241117 0
199644 0
238027 0
233644 0
188960 0
256551 1
032000 1
031977 1
113760 0
199236 0
224627 0
098618 0
030165 0
282164 2
275809 0
276132 0
229871 1
229824 0
204245 1
148897 0
226560 0
210852 0
206885 2
202796 0
194468 0
207754 0
208986 0
265927 0
115627 0
229820 0
094059 0
258440 0
145487 0
124467 0
132183 0
267467 0
235280 0
165336 0
243756 0
057897 0
234399 0
160194 0
153111 0
243812 0
124627 0
235994 0
263418 0
257421 0
165298 0
256772 0
261392 0
288705 0
209668 0
112197 0
230075 1
152740 0
208062 0
190527 0
176461 0
244070 0
164410 0
229250 0
196187 0
164314 0
253926 0
195561 0
261530 0
277026 0
205763 0
048852 0
215600 0
192326 0
035546 0
244435 0
210885 0
222775 0
025686 0
256168 0
035701 0
023279 0
060785 0
254225 1
254170 1
254169 1
254165 1
254186 1
141604 0
076977 0
226411 0
287271 0
185881 0
281926 0
261579 2
239616 2
239624 0
226559 0
261575 0
168665 0
251950 0
190683 0
242472 0
230706 0
009663 0
231301 0
226626 0
274400 0
123878 0
253574 1
256432 0
240550 0
032096 0
275521 0
261671 0
111790 0
287843 0
225367 0
152471 0
203057 0
215603 0
000512 0
269513 0
285025 0
163117 0
010964 0
035312 0
208535 0
262084 0
075559 0
229269 0
256403 0
261580 0
261287 0
261447 0
197176 0
145335 0
119306 0
187662 0
164877 0
193849 0
258446 0
253780 0
270363 0
226867 0
267709 0
025463 0
160098 0
033087 0
255691 0
275199 0
200523 0
006558 0
171232 0
241077 0
133558 0
268222 0
204211 0
253995 0
256434 0
193753 0
202795 0
230201 0
153174 0
116886 0
195764 0
230040 0
157664 0
199251 0
258925 0
283607 0
017160 0
229146 0
229279 0
176462 1
176460 0
176458 0
169041 0
176447 1
127563 0
263740 0
288572 0
257456 0
278107 0
163167 0
193521 0
188426 0
262863 0
227982 0
282863 0
274418 0
134346 0
278452 0
195625 0
058907 0
223113 0
255352 0
201852 0
235623 0
156904 0
259945 0
244083 0
052216 0
184519 0
256783 1
256803 0
256816 0
261528 0
285761 0
124950 0
030168 0
243832 0
275543 0
127390 0
160173 0
127602 0
132784 0
124354 0
115447 0
022023 0
220390 0
153142 0
116341 0
055705 0
065456 0
264160 0
269452 0
163765 0
215605 0
230551 0
028037 0
255938 0
287283 0
202963 0
146493 0
283605 0
226645 0
277042 0
252080 0
226845 0
168927 0
170811 0
201642 2
227260 0
227184 0
284512 0
192357 0
