051099 2
054407 0
059396 0
054720 2
054675 0
053703 0
056226 0
054715 0
053228 2
053170 0
053013 0
052140 2
052129 2
052537 2
052516 2
048663 2
048456 2
057335 2
057138 0
055463 0
053293 2
053001 0
057093 2
053285 2
053281 2
054202 2
054281 0
054140 2
055287 2
055087 2
055216 0
056695 0
055020 0
054896 2
053687 2
054820 0
055599 2
054728 2
057019 2
055467 2
056714 2
056503 0
056361 2
056316 0
046870 2
055438 2
051031 2
052361 2
052354 2
053200 2
053015 2
050224 2
050150 2
056511 2
056622 2
056182 2
057368 2
053314 2
057131 0
056680 2
056507 0
055645 2
057372 2
057128 0
054761 2
054869 2
055486 2
052269 2
052268 2
054884 2
055991 2
054442 2
055910 0
163108 2
163105 2
052800 2
052755 2
053243 2
054895 2
054201 2
055185 2
055164 0
056492 2
053610 2
047658 2
047581 2
054682 2
056700 2
053597 2
053534 2
056755 2
056741 2
053512 2
198416 2
199195 2
199046 2
199169 2
056516 0
056486 2
267459 2
055291 2
057100 2
056857 0
057032 2
055154 0
051033 2
055456 2
055416 2
060953 2
054487 2
062968 2
062870 2
051359 2
051402 2
056181 2
055391 0
059400 0
054279 2
053974 2
054471 2
054727 2
056744 2
055468 2
055880 2
056789 2
055525 2
052932 2
054808 2
055190 0
055384 2
054331 2
056278 2
056227 0
055146 2
055488 2
055487 2
055478 2
050588 2
048384 2
056457 0
048181 2
056808 2
057376 0
050202 2
050143 2
055895 2
054409 2
054357 2
056742 2
057036 2
054867 2
055308 0
051005 2
055871 2
055790 0
056087 0
054234 2
056615 2
053423 2
054926 2
054531 2
053665 2
053271 2
055612 2
054095 2
052146 2
056051 0
202631 2
050236 2
054277 2
052956 2
052833 2
051869 2
051842 0
059462 0
056461 0
055550 0
235068 0
056397 2
056381 0
054097 2
052771 2
052724 2
053602 2
056430 2
055588 2
052720 2
052954 2
052837 2
048434 2
054872 2
054194 2
054127 2
057334 2
054899 2
054877 2
053050 2
053408 0
063658 2
063807 2
061105 2
061014 2
055311 2
055245 2
056841 2
056962 2
053159 2
053000 2
053152 2
053003 2
052965 2
053141 2
053250 2
053046 2
052776 2
052722 2
056514 0
054453 0
053241 2
053163 2
053011 2
199994 2
055323 0
052806 2
056737 2
236098 2
236038 2
054577 2
054488 0
052762 2
055200 2
056467 0
059273 2
056832 2
054439 2
049683 2
049042 1
049065 2
055982 2
055174 2
055148 2
053124 0
055445 2
054834 2
055097 0
055179 2
051582 2
056346 2
048202 2
049406 2
055162 2
048603 2
053375 2
050137 1
050124 2
057049 2
055587 0
059315 2
059343 0
049912 2
054094 0
055621 0
048750 2
048442 2
048531 2
055712 2
054076 2
055470 2
056707 2
054908 2
054904 2
051032 2
056843 0
050244 2
049698 2
050214 2
054077 2
055471 2
055713 2
050251 2
055294 2
053071 2
052177 2
052179 2
057330 2
051376 2
051486 2
051337 2
051110 2
051102 2
057152 2
055385 2
055331 2
051004 2
056852 1
055995 2
055270 2
076094 2
056100 2
056061 2
076879 0
055908 0
055068 2
056724 2
056187 2
053040 0
048583 2
057328 2
054278 2
054740 2
056851 0
056342 2
055309 0
055474 0
056186 2
053650 2
054049 2
055541 2
054901 2
054530 2
056324 0
055159 0
055262 2
052953 2
054515 2
053111 2
054218 2
056738 2
054090 2
054587 2
056794 2
055592 2
053619 2
057002 2
051364 0
051820 2
051819 2
055710 2
053007 2
065922 2
054989 2
054081 2
054179 2
054876 2
052910 0
055500 0
054871 2
056861 0
056070 2
052515 2
052495 2
053686 2
051615 2
052838 2
053009 2
053753 2
015803 0
056341 2
056151 2
054801 2
056210 2
053107 2
052433 2
056773 2
055875 0
057140 0
052701 2
052686 0
056114 2
054544 0
054274 0
056127 0
050778 2
050670 2
048557 0
054968 2
053054 2
054529 2
047551 0
053552 2
055967 0
054857 2
057353 2
054003 0
050466 2
052598 2
054894 2
052567 2
052544 2
052302 2
052301 2
051087 2
050963 2
052591 2
052555 2
054445 2
053704 2
056384 2
030859 2
030857 0
056498 2
056476 0
050371 0
054452 2
054875 2
059407 2
059422 2
052939 2
052866 2
052865 2
052938 2
054638 2
050426 2
054558 0
055089 2
055292 0
053521 2
054283 2
054365 0
056097 2
056263 2
249697 0
052744 2
052728 2
056414 2
055412 0
053627 0
053705 2
054117 2
053223 0
056716 2
052712 0
053756 2
052741 0
054803 2
056515 0
054045 2
054429 2
057317 2
054758 2
057311 0
055738 2
052926 2
054520 2
151125 0
054334 0
052923 2
059290 0
052780 0
055356 0
271306 2
271408 2
271307 0
053600 2
059371 2
054887 2
055301 0
053477 2
053478 2
053479 2
053245 2
052815 0
052748 2
052726 2
053691 2
055723 2
054539 2
055490 2
055236 0
052542 2
052517 2
057077 2
230946 0
052111 2
054225 0
052561 2
052520 2
056821 2
053272 2
049117 2
052485 0
053878 0
112682 0
054210 2
053185 2
053839 2
053158 2
052998 2
054987 2
053150 0
055091 0
046923 2
053020 2
048484 2
024350 0
057079 2
052950 2
052840 0
031705 0
163241 2
036170 0
056485 2
057139 0
057338 2
056530 1
052684 2
052678 0
050118 2
050116 2
056131 2
055706 2
055282 2
053030 2
086428 0
054787 0
054166 2
050837 2
054011 0
052882 2
056326 0
055036 0
050142 2
280512 0
052738 0
056419 0
055142 0
052613 2
053076 2
053039 0
053485 2
056968 2
052862 2
052846 2
164202 0
081101 2
081060 0
054983 0
081092 2
203661 0
056629 2
056627 2
056820 2
052896 2
052887 2
082759 2
082744 2
082646 2
080365 2
052785 2
052764 2
061809 0
083069 2
082783 2
082660 2
082598 2
082544 2
080280 1
082500 2
082692 2
082690 2
082391 2
082386 2
080791 2
080691 2
082594 2
082618 2
080543 0
080772 2
080427 2
080399 2
200230 2
200626 2
200630 2
200629 2
213258 2
213275 2
213616 2
220721 2
220725 2
220905 1
220966 2
082609 2
082591 2
202193 2
202208 2
202245 2
202386 2
080747 2
080722 2
080782 2
082521 2
080498 2
080773 2
080736 2
080682 2
080701 2
080449 2
080724 2
080397 2
080763 2
080368 2
080735 2
080714 2
080602 2
080495 2
080711 2
080753 2
080694 2
080784 2
080597 2
080708 2
080588 2
080723 2
080613 2
080611 2
080770 2
080702 2
080768 2
080700 2
080754 2
080379 2
080718 2
080474 2
080471 2
080783 2
080582 2
080360 2
080796 2
080785 2
080340 2
080685 2
080657 2
080635 0
080357 2
080349 2
080584 2
080570 2
100425 2
100426 2
080520 2
080591 2
080514 2
080284 0
080713 2
080571 2
080712 2
082504 2
082711 2
082708 2
082383 2
082370 2
080381 2
084847 2
082547 2
080720 2
080756 2
080729 2
080793 0
080341 2
082244 2
082803 2
082797 0
182918 2
182919 2
182934 2
182922 2
181551 2
181537 2
080589 2
110901 2
110933 2
080398 2
080447 2
080356 2
080469 2
080466 2
080309 2
080740 2
080265 2
080149 2
082300 2
082286 2
082673 2
082682 2
080693 2
080792 2
084108 2
084107 2
022495 2
084127 2
022411 2
222456 0
077667 2
080669 2
093611 2
093742 2
080764 2
080715 2
158515 0
240947 2
021770 0
082329 2
049841 2
082562 0
049908 0
088112 2
088138 2
088131 2
080346 2
019248 2
083910 2
083907 2
169436 2
277523 2
277543 2
083572 2
122348 2
122350 2
010046 2
122351 2
083569 2
081021 2
113705 2
080978 0
083557 2
071085 2
104257 2
071084 2
104258 2
168464 2
039786 0
219939 0
135170 2
135172 2
135179 2
135374 0
004440 2
084584 2
029888 2
029875 2
082808 0
116411 2
116415 2
263346 0
081175 2
080965 2
081121 2
081013 2
080993 2
090281 2
030259 2
070975 2
104148 2
003562 2
113721 2
022232 0
222336 0
050250 2
084194 2
084192 2
050249 2
080363 2
044050 0
051780 0
134309 2
134288 0
007987 2
121379 0
226994 2
228639 2
227073 0
056745 2
048906 0
083518 1
083513 0
150360 2
001538 0
033175 1
054672 2
098844 0
089022 2
048416 2
087324 2
138812 0
211196 0
235123 0
053286 2
056506 0
062341 0
055381 0
083465 1
077808 2
083466 0
289361 1
289050 0
163448 0
053867 2
052405 2
285147 1
285181 2
285184 0
056473 0
054526 2
144615 2
144656 2
231240 0
051034 2
056835 0
054665 2
080171 2
080221 2
080730 2
052586 2
267325 0
121394 2
081819 0
230776 0
053841 2
228749 0
056307 2
053044 2
080420 0
054066 2
006394 0
056505 0
166093 0
227093 1
227074 0
026099 0
056358 2
058831 0
011997 0
080565 0
057336 0
054540 2
095460 0
081037 2
054921 2
049057 2
056870 0
048142 0
007807 0
055435 0
078158 0
056289 0
210232 0
055951 2
080207 1
056254 0
054224 0
118386 0
050331 0
056152 2
054601 2
056723 2
054954 0
056863 0
056523 0
054732 0
072054 1
072432 1
072735 1
072998 1
073258 1
073514 1
073776 1
074033 1
074293 1
105227 1
105605 1
105908 1
106171 1
106431 1
106687 1
106949 1
107206 1
107466 1
052659 2
064375 0
052657 0
056995 0
065246 0
052220 0
024533 0
044582 0
055258 2
050213 2
049697 2
049696 0
056318 0
081427 0
051127 2
051160 2
056095 2
080480 0
151167 0
140752 0
017380 0
019406 0
052585 2
052553 2
053094 0
059909 0
192220 2
158525 0
050164 2
055600 2
044489 0
050429 2
049671 2
055539 0
048831 2
137402 0
257779 0
116895 0
056448 0
052610 0
054966 1
055720 0
083517 0
250556 0
055280 0
211870 0
056044 0
054138 0
050826 0
055447 0
000868 0
055145 2
055613 0
055992 2
054714 2
281678 0
054962 0
056735 2
081685 0
052779 2
052768 2
052521 2
054753 2
110075 0
052340 0
054967 0
050242 2
052364 2
052649 2
052648 0
053745 2
224970 0
271761 0
053828 2
053070 0
054415 2
055521 2
271308 2
052743 0
018314 0
277841 0
093584 0
030568 0
138675 0
243710 2
054773 0
055784 0
055122 2
056019 2
153432 0
263747 2
263741 2
216670 0
099432 0
055123 0
054088 0
065884 0
078186 0
283598 0
055888 2
047210 0
052440 0
230312 0
054785 0
227963 0
055692 0
013517 2
225135 0
055516 2
118074 0
026709 0
053294 0
015742 0
013486 2
013922 0
056415 0
055442 2
050241 2
080148 2
080268 2
055886 0
010891 2
145361 0
044038 2
146406 2
048810 0
050483 0
050414 1
050323 2
057145 0
050865 0
052700 2
052685 0
013459 0
054821 0
050621 2
054535 2
050347 0
155603 0
089683 2
051509 0
052427 0
049230 0
271310 0
028329 0
009106 0
166498 0
054197 0
270602 0
056149 0
082574 2
011210 1
193576 0
197395 0
056091 0
054227 2
010972 1
138668 2
138802 0
080692 2
090196 0
054707 2
057141 0
053738 2
013359 0
056239 2
111402 0
223313 2
223318 2
156681 0
052788 0
223288 0
149736 0
056018 2
009577 0
057252 2
057253 2
057254 2
052638 0
056493 2
056866 0
006580 2
138865 0
056422 2
052633 2
052609 2
090645 0
056047 0
082791 0
084129 0
144925 2
013811 0
055877 0
056504 0
054975 2
054971 2
251093 0
054563 0
049816 2
054798 0
225338 0
036641 0
054928 0
025523 1
162525 0
113508 0
007026 0
259079 0
257418 0
053810 0
057329 2
006460 2
050013 0
169098 0
054800 2
136448 0
054387 2
157744 0
035784 0
084586 0
052742 0
132324 0
010970 0
162311 0
019548 0
013494 0
056770 2
227736 0
055506 0
238921 0
083191 2
083198 1
059890 0
218131 0
074727 2
002396 1
133270 1
083550 0
054898 2
083639 0
039718 0
255353 0
153522 0
002325 0
205675 0
052997 0
082422 2
055884 0
010907 2
115384 0
083460 2
013441 0
048792 2
048488 2
048491 2
082520 0
273990 0
057302 2
144280 0
052371 2
052352 0
054393 0
057136 0
266929 0
275662 2
275663 0
083799 0
055461 2
224849 0
049884 0
083514 0
048719 0
054811 0
053476 1
051008 0
159804 2
059298 2
053386 2
055047 0
046507 0
048940 2
052747 0
275914 0
059821 2
054763 0
276236 0
056522 0
267397 2
267406 2
267412 2
267414 2
055523 0
029849 0
179651 0
050704 0
054170 0
055276 0
229741 0
013804 0
067247 0
202792 0
056850 0
047723 0
267396 0
056031 2
054105 0
055691 0
056134 0
055212 0
279848 0
277391 0
056287 2
056218 2
056200 0
052790 0
012645 0
136171 0
275735 0
055774 0
052509 2
052491 0
055401 2
054251 0
209748 0
083208 0
254082 0
090695 0
054528 0
057310 2
052580 2
052551 2
052550 2
057318 0
053057 0
052696 0
056240 2
056780 0
038734 0
057147 2
059439 0
051122 0
055419 2
054115 2
269199 0
049843 2
111126 2
056532 0
233360 0
057132 0
230744 0
126359 0
051403 0
111645 2
111680 0
010653 0
048197 2
226858 0
046766 2
052581 0
159225 0
055434 0
087919 0
013543 0
080671 0
080259 0
239582 2
050113 0
239581 0
054321 2
038602 0
054519 2
055310 0
056036 0
055453 0
205934 0
080267 0
055655 0
084456 0
055074 0
152432 0
176519 0
048907 0
056460 0
212612 0
048129 0
267815 0
050315 0
055031 0
011216 0
161154 0
055273 0
224415 0
054662 2
064566 0
054817 0
087202 0
055101 0
056774 2
052429 2
052027 2
055876 0
053723 0
057150 2
267231 2
056192 0
109956 0
254292 0
053213 0
164917 0
049383 0
264155 0
057244 0
056163 0
267299 1
267300 2
267250 1
267233 2
267251 0
267232 1
267228 2
267277 1
267305 0
267246 0
056502 0
267245 2
052901 0
069285 0
267252 0
056136 0
267253 0
271619 0
056469 0
230759 0
053670 2
053458 0
098746 0
081756 0
075643 0
054677 0
161806 2
062192 0
026979 0
055269 0
060512 2
112661 0
053591 2
055542 0
081811 0
052911 0
050326 2
054196 0
023244 0
144007 2
052900 0
052839 0
144063 0
054679 0
053595 2
235486 0
272760 2
179595 0
067223 0
003838 2
055845 0
056311 0
199326 0
100905 0
010844 0
074933 0
138745 0
055850 0
083461 0
056215 0
053026 2
056975 2
055018 2
055947 0
273537 0
053759 0
065805 0
054273 2
221643 0
012348 0
012849 0
053593 2
260357 0
067473 0
190817 0
053278 2
054060 2
263387 2
053986 2
112258 0
024411 0
054016 0
092491 0
056483 0
220066 0
053568 0
052729 0
055157 2
052891 2
052884 0
055007 0
159259 0
053736 2
053559 0
054940 0
011145 0
075155 0
054545 2
079536 0
054160 0
224924 1
224925 2
224892 2
219673 0
224930 0
056529 1
013522 0
081428 0
136811 0
050373 0
013484 0
054789 0
193555 0
055426 0
000608 0
048446 0
055404 0
055918 0
052855 2
053079 2
262052 0
053036 2
083629 0
051929 2
055072 0
056610 0
053391 0
050956 0
277898 0
196679 0
138813 0
239596 0
052313 0
200355 0
054006 0
085150 0
113400 0
054542 2
054505 0
077347 0
051120 0
054951 0
081534 0
054916 0
052934 0
055827 0
056028 0
169692 0
144174 0
063971 0
026234 0
050947 0
208066 0
137736 0
055968 0
025828 0
062343 0
080484 0
231055 0
036517 2
050936 0
019615 0
138401 0
167596 0
075040 0
270286 0
053725 2
167046 0
056459 0
055909 0
064460 0
055060 0
022110 0
059457 2
160123 0
055118 0
056528 1
150685 0
055110 0
055398 0
056390 0
164409 0
160021 2
159953 0
022292 0
178390 0
130577 0
013446 0
056867 0
054513 2
082877 0
046624 0
016865 0
055160 0
057370 0
056520 0
276982 0
052171 0
224622 2
224630 0
054270 0
031645 0
052280 0
027745 0
289158 0
056248 2
056153 2
097355 0
233994 0
003858 0
054375 0
241995 0
055240 0
053322 0
051733 0
151259 0
049189 0
064744 0
156341 0
056245 0
055520 0
048476 0
056338 2
052711 0
055469 0
010918 0
044270 0
056071 0
091775 0
095741 0
050845 0
176609 0
082455 0
056269 2
003937 0
024444 0
064907 0
056284 2
056286 2
056285 2
054310 0
069423 0
055501 2
052931 2
054523 2
032116 0
052012 2
052006 0
083542 0
097990 0
054900 0
035764 0
024000 0
054536 0
055672 0
225188 0
052435 0
062606 0
045002 0
076240 0
056206 2
219559 0
054583 0
052636 2
028796 0
056472 0
053520 2
057146 2
114952 0
192018 0
054543 0
055976 0
052857 0
225747 0
056501 0
254620 0
070349 0
053194 0
057358 0
136255 0
059879 0
047018 0
053578 0
055457 0
052718 2
053032 0
144006 0
055263 0
053751 0
201538 2
056082 0
051418 2
051387 2
050243 0
039895 0
055659 0
281713 0
055288 2
085924 0
013761 0
054275 2
049079 0
056762 2
153470 0
055524 0
199194 0
056521 0
024520 0
064540 0
169141 0
055585 2
043846 0
144037 1
013133 0
145619 0
144043 0
055602 0
005617 2
052766 2
053977 0
052843 0
013515 0
053831 0
056327 0
215425 0
053677 0
025471 0
096376 0
236543 0
121752 0
014989 0
066606 0
056374 2
075599 0
274803 0
091177 0
054557 0
159985 0
054308 0
053142 1
053023 0
056011 0
055873 0
195629 0
230682 0
053101 0
026690 0
229281 0
108460 0
227123 0
097318 0
013496 0
262827 0
055219 0
081934 0
086262 0
052859 0
278962 0
270711 0
163914 0
041994 0
284266 0
056234 0
222753 0
278437 0
110011 0
052681 0
055643 0
055187 0
262369 2
262328 2
262387 0
257182 0
265712 0
055014 0
078926 0
257170 0
118360 0
053997 0
152356 0
052037 0
224865 0
053034 2
143598 0
054902 2
054480 0
080377 0
049180 0
269201 0
138272 0
054998 0
057144 0
265738 0
055860 0
013842 0
193609 0
223375 0
169099 0
052955 2
052918 0
052915 2
052870 0
224940 0
230951 0
055617 0
054350 0
083625 0
224512 0
052745 0
059411 2
056386 0
052592 2
052556 0
048441 0
007041 0
056199 0
056621 0
029105 0
055963 0
201600 0
274022 0
265740 0
126648 0
053560 0
262748 0
052730 2
043747 0
053171 0
053438 2
052524 0
052496 2
013438 0
084591 0
056759 2
056760 2
056635 0
054485 0
054564 2
052849 0
056250 0
056053 0
158425 0
275725 0
056065 0
040130 0
016305 0
084137 0
083483 0
056350 2
053635 0
056351 2
056353 2
056354 0
054631 0
056352 2
054002 0
010723 0
054719 0
221799 0
124272 0
055235 0
082188 0
212443 0
053382 2
054389 0
052892 0
116849 0
257196 0
229743 0
235840 0
056518 0
055733 0
267405 0
050492 0
231754 0
053574 0
013477 1
013440 0
052727 0
056869 0
030108 0
095510 0
055243 0
052947 0
005863 0
026678 0
054981 0
095847 0
053148 0
163209 0
041594 0
056509 0
275980 0
225890 0
133775 0
276233 0
026670 0
273638 0
054914 0
010661 0
062931 0
021760 0
053815 0
092076 0
184549 0
056812 0
053724 2
224433 0
054402 0
143595 0
230525 0
270280 0
049996 0
052224 0
052871 2
052872 2
270915 0
044434 0
020198 0
123516 2
123499 0
267832 0
076414 0
054198 2
165485 0
055345 0
049507 0
053017 0
056842 1
052694 0
056833 0
057098 0
053879 0
056734 0
050931 0
052392 0
082512 0
054996 0
187999 0
120020 0
023549 0
054532 2
169969 0
054537 0
055180 0
053066 0
054230 0
068821 0
035592 0
097471 0
223822 0
079674 0
006356 0
226860 0
055329 0
010750 0
262121 0
001823 0
053642 0
053042 0
054503 0
055828 0
054937 0
055696 0
054466 0
056207 0
053743 0
055307 0
075021 0
164425 0
080823 0
056859 0
077654 0
003882 0
048963 0
054481 0
050254 2
050372 0
050592 0
045001 0
056743 0
257298 0
056008 0
055141 0
015506 0
003841 0
045036 0
052574 0
052411 0
052695 0
144081 0
160278 0
273590 0
047495 0
165656 0
098419 0
057333 0
205196 0
277921 0
018852 0
140665 0
038344 0
123680 0
182986 0
056978 0
055407 0
054754 0
000649 0
085380 0
054482 0
069158 0
076137 0
094457 0
193617 0
054831 0
280522 0
225913 0
055410 0
010940 0
056856 0
026714 0
173461 0
051223 0
055971 0
054674 0
109412 0
287402 0
051025 0
048448 0
054561 0
266896 0
064580 0
000791 0
056165 0
269301 0
254126 0
043016 0
238773 0
050432 0
055244 2
031794 0
056442 0
013458 0
081209 0
054903 0
259838 0
081983 0
136212 0
066388 0
055483 0
054079 0
067016 0
199672 0
053690 2
265461 0
057843 0
031462 0
054684 0
242518 0
052879 0
052794 2
052746 0
046312 0
165746 0
071810 2
104983 2
118812 0
067415 0
111418 0
055990 0
063178 0
025803 0
282522 0
209753 0
183763 0
056466 0
190199 0
203787 0
054153 0
055499 0
050613 0
002255 0
224588 2
152404 0
062365 0
229343 0
257068 0
158427 0
225141 0
052951 0
054533 0
054702 0
265654 0
057021 2
121762 0
224045 0
053524 0
054591 0
136215 0
220010 0
006482 0
144438 0
058502 0
137707 0
170268 0
201495 0
052826 0
058142 0
055170 0
235216 0
225181 0
269233 0
083989 0
226944 0
235488 0
050177 0
013836 0
157119 0
270556 0
170354 0
055070 0
098018 0
052868 0
262067 0
068492 0
054810 0
151059 0
005906 0
052217 2
057142 0
165577 0
055477 2
205211 0
114956 0
013487 0
024210 0
054436 0
141410 0
080593 0
275185 0
212308 0
271829 0
013949 0
169691 0
056496 0
282050 0
278366 0
038692 0
054534 0
277844 0
140850 0
138941 0
057297 0
055492 0
113509 0
158889 0
139302 0
056026 0
068072 0
274087 0
029228 0
208208 0
166499 0
083035 0
013132 0
042718 0
084347 0
045034 0
052706 0
103522 0
059891 0
084130 0
118786 0
055889 0
026673 0
054595 0
056865 0
051115 0
070229 0
055390 0
165715 0
276952 0
011220 0
087265 0
276751 0
221049 0
226866 0
137236 0
240651 0
221667 0
054422 0
