194093 2
194101 2
193574 2
193567 2
195747 2
195746 2
195754 2
195760 1
196253 2
196251 2
190783 1
190850 2
202635 2
202637 1
202641 2
201727 2
201737 2
201752 1
264171 0
202640 1
199484 1
199460 1
233314 1
233301 1
201781 2
227400 2
227402 2
202936 0
199454 0
201734 1
201740 1
201748 1
201792 1
262765 1
262760 1
262757 1
266022 0
230375 0
213890 0
224068 1
223996 1
223950 0
232233 0
196798 1
196796 2
263238 1
262885 0
257512 0
264166 0
226412 0
279949 0
257821 0
071197 1
104370 1
071204 1
104377 1
196347 0
128556 1
128517 1
128516 2
128559 1
201938 2
201929 2
202112 2
202122 2
202375 2
196252 2
202135 2
147134 2
147133 2
018018 0
202134 1
202157 1
202156 1
264963 2
264964 2
202151 2
202148 2
202934 1
202931 1
260660 2
260653 2
207490 1
204850 0
257093 1
257107 1
289911 1
261665 0
140650 0
207446 1
149438 2
149452 2
191964 2
192004 2
266163 2
266162 2
014582 1
078302 0
261747 2
196272 2
196282 2
196321 2
196307 2
259817 0
066143 0
232890 0
008415 0
251324 1
170268 0
110893 0
011758 2
220363 0
220319 0
262758 1
262769 1
262771 1
262775 1
262782 1
123732 0
254140 0
137196 0
283327 0
205224 2
205235 2
273546 0
260768 0
261499 0
262004 1
261926 1
131022 1
131019 1
131015 0
131011 1
131026 0
260126 1
256364 0
138807 2
138819 1
194518 0
258855 0
071434 2
104607 2
071405 1
104578 1
219274 1
219267 1
196656 0
004455 0
025891 0
289475 1
273846 0
038990 1
130264 0
016925 0
028824 0
042151 0
246616 0
196589 0
157981 0
194545 2
239789 1
239788 1
239790 1
239792 1
239794 1
239793 1
239797 1
239778 0
239782 0
239779 0
239946 0
239776 0
017919 0
239774 0
145521 1
013195 0
005406 0
243190 0
260828 0
017265 2
129618 2
123266 1
123309 0
149459 0
123843 0
111521 0
080100 1
080097 0
146512 0
070763 0
190688 1
280576 1
280605 1
160700 0
202834 0
151705 0
152530 0
133949 0
228603 1
228602 1
228601 0
280577 0
232213 0
284576 0
277066 0
095981 0
205950 1
205983 1
218242 0
137508 0
226405 0
123866 0
014859 0
254686 0
009622 0
257508 0
201135 0
184418 0
115803 0
144118 0
257655 0
079967 0
257278 0
083312 0
260767 0
126210 0
141401 0
131023 0
008000 0
191406 0
229177 0
278846 0
132688 0
100270 0
090146 0
279821 0
078123 0
164883 0
149797 0
080664 0
282268 0
051813 0
260762 0
265268 0
220146 0
264453 0
135093 0
202842 1
205290 0
035540 0
109680 0
260348 0
203431 0
196647 1
260661 1
054429 0
206742 1
188892 0
275793 0
266575 0
109705 1
109694 0
109031 0
109077 0
257458 0
265937 0
213556 0
027374 0
275434 0
136834 0
000888 0
029105 0
260827 0
133620 0
077797 0
268451 0
281836 0
161008 1
161045 1
152578 0
275897 0
202126 0
033407 0
017415 0
243180 0
207290 0
155201 0
257269 0
183714 0
254368 0
194537 0
280115 0
039555 0
285409 0
140691 0
074713 0
142178 0
218144 0
227507 0
103935 0
170266 0
235529 0
