256187 2
256184 2
278461 0
256204 2
256429 1
256509 0
256283 0
256341 2
256353 2
256194 0
256398 2
256342 2
256765 0
256157 0
256402 0
263018 0
286739 0
227148 0
023741 0
265662 0
223918 0
087766 2
227822 0
083568 1
111869 1
111870 2
046055 2
080450 2
046342 2
162230 2
080266 2
229648 0
082624 2
078291 2
050537 1
080022 2
040906 1
043632 1
085082 1
045776 1
085068 2
041485 1
043624 1
065952 2
077613 2
085081 1
162298 0
059257 2
040149 1
044154 1
162229 2
083230 2
162228 0
084150 2
029387 2
100013 2
029074 2
030050 0
036212 2
009038 2
033626 1
057700 2
030856 1
004595 1
034760 1
064442 1
057889 2
064453 0
151682 1
088011 1
269285 0
064444 0
286668 1
269364 0
057882 2
286704 2
155000 2
007605 2
067255 1
129692 1
067241 1
154998 2
091902 0
046637 1
051434 2
012582 2
244411 0
057711 1
000329 1
001143 0
265210 2
265322 2
012352 2
258017 2
075722 1
022532 2
099581 0
099588 0
260000 0
265676 1
033297 0
003013 2
259246 0
134229 2
079578 2
232637 2
111352 1
232880 2
189482 0
232639 2
232604 0
261227 2
115278 2
057024 0
116006 2
281877 1
008726 2
028289 2
233217 2
009523 2
121982 2
170306 0
233238 2
233237 2
233255 2
257527 2
258330 2
002094 2
260840 0
260920 0
233710 2
111570 1
263337 0
111582 0
164644 2
085269 1
085253 2
219498 2
267185 0
009521 2
121980 2
009522 2
121981 2
012441 2
052593 0
124325 0
200549 0
288779 2
116786 0
288780 2
245106 2
083668 1
141536 2
084391 2
008431 2
289576 0
141305 2
141326 0
084237 2
084394 0
142105 2
008359 2
009401 0
128163 0
095524 0
010348 0
079747 0
063289 0
045100 0
026892 0
110449 2
158262 0
110479 0
169931 1
045183 0
169983 0
087542 1
099323 0
087661 1
087559 1
084929 2
084888 2
263570 2
140353 0
263571 2
087666 2
087725 2
087719 0
219696 2
268459 2
279127 2
094243 1
094472 2
266988 2
090596 1
262608 2
279130 0
094539 1
266991 2
267186 2
267193 2
267195 2
267198 2
262667 0
262613 1
262625 1
090622 2
262717 2
262687 2
284669 2
236157 2
236253 2
238506 2
239077 2
244455 2
244462 2
256627 0
256598 0
284681 2
284693 2
286657 2
286735 2
257621 2
223119 2
223135 2
279290 0
238505 2
110996 0
233790 2
239076 2
244454 2
244461 2
233808 1
110997 2
062104 1
196288 2
233802 2
233806 2
188749 2
232586 2
260212 0
243674 0
193705 2
232620 2
282665 2
135376 0
196289 2
155203 2
100452 0
241865 2
233820 2
242056 2
242065 2
282685 2
155029 0
232592 2
232591 2
233791 0
193785 2
193792 0
273090 0
233803 2
233807 0
233809 0
233821 0
197909 2
200762 2
197921 2
193790 0
200721 2
197910 2
197922 2
200722 2
200763 2
244453 2
244460 2
144692 2
286734 0
241866 2
242057 0
090743 0
267192 0
242066 0
148193 0
264512 0
009596 2
288446 2
005390 2
010034 0
288557 2
288447 2
093883 2
095588 2
093898 2
043603 0
109969 0
010042 0
095472 0
280498 0
228791 2
228913 2
281685 0
231928 2
131667 2
155661 2
284855 0
231975 0
131669 0
000972 0
064174 2
243900 2
034554 2
078405 0
064168 0
243901 2
243883 2
034546 2
034377 0
129930 2
154615 0
170311 0
287092 0
131591 2
166819 2
034692 2
193830 0
131592 0
035810 0
054993 1
007443 2
244592 0
024397 2
024385 2
001159 2
230869 1
021844 0
024283 2
230855 0
024280 2
022335 0
192519 2
194782 2
086454 2
100404 2
230390 0
194784 0
086412 2
086411 0
194785 2
287814 0
194805 0
030651 2
109983 0
034179 1
194814 2
140767 0
286473 0
132017 0
233805 0
135572 1
259435 0
269445 0
192001 0
131642 2
257027 0
131648 2
131675 0
000912 2
131742 0
131639 0
098621 1
018482 2
128764 2
160150 0
111470 2
067987 0
111481 2
190201 2
088523 2
022258 2
159720 0
088725 2
088844 2
065766 2
209943 2
216287 0
063791 0
092902 1
000020 0
092912 2
045373 0
042079 1
027994 1
062844 0
046221 1
046173 2
046040 2
022390 0
044935 2
242470 0
075064 0
067489 1
131054 0
066998 1
067524 0
067746 0
152473 2
065983 0
152502 0
093659 0
152488 0
094222 0
023460 0
008443 0
085198 0
070798 0
204642 0
202826 2
067243 0
201420 0
169883 0
200313 0
029255 0
000869 0
286368 2
226071 0
165053 0
260012 2
202323 2
011743 2
227632 2
202272 2
289809 0
202266 2
202305 0
227652 0
094776 0
230868 0
220161 0
168883 0
071138 0
169984 0
064056 0
146336 2
084918 0
153500 0
008057 0
264317 0
236112 2
273959 0
236135 0
243925 0
126997 0
148344 0
152491 0
268789 2
112328 0
227669 0
164929 0
227661 0
263008 1
260082 0
262710 2
262712 2
262731 2
262732 2
285088 2
287303 0
263338 1
263377 1
262702 0
277932 0
258329 2
279913 2
244739 2
263575 0
257526 2
279717 0
260081 0
039559 1
223118 0
039498 1
039522 0
146709 0
244882 0
001858 2
168553 0
283164 1
273664 0
283178 2
283473 0
282759 0
244568 0
039431 0
145988 0
112037 2
058856 0
103972 0
131683 0
064613 0
260507 0
202304 0
137951 0
192247 2
050611 2
123030 0
050346 0
286927 0
235219 0
043771 0
152134 0
148809 0
233667 0
192485 0
280633 0
233317 2
121921 0
233307 2
252654 0
131559 2
194086 0
131560 2
131561 2
131563 2
131562 2
259959 2
078580 0
131555 0
079652 1
054600 1
000895 2
006972 0
076835 1
078280 1
061998 1
131605 0
076423 2
076887 1
187116 0
038777 0
066306 1
000829 0
233390 0
039473 0
082415 0
055623 0
121257 0
022317 2
228604 0
022321 0
081415 0
130878 0
027217 1
264621 0
066039 0
100581 2
066984 0
064614 0
235389 2
017255 0
235407 0
235504 2
235539 2
022331 2
284692 1
263376 2
032367 2
045549 2
280852 0
045545 0
032431 2
211739 0
058531 0
050824 0
279270 2
233460 0
279277 0
256858 0
224852 0
177821 0
000870 2
024037 0
044793 0
156019 2
233499 0
170277 0
179244 0
285006 0
269350 2
257021 0
269351 2
269373 0
269376 2
269297 0
269400 0
273144 0
020313 0
286901 0
267196 0
253636 2
029011 0
253718 2
017746 2
129277 2
267487 0
107840 2
107901 2
154578 2
219402 0
154549 0
269733 2
033174 2
064508 0
074607 0
051914 0
067752 0
088552 1
101027 0
124631 0
280454 0
201097 2
035351 2
044807 0
035296 2
035132 2
028010 0
035419 0
033781 2
064783 0
091075 0
088179 1
148211 0
087543 0
037473 0
267990 2
133065 0
133095 2
033401 0
052620 0
146479 0
044661 0
022342 0
071125 1
104298 1
235193 0
071102 0
104275 0
071024 1
104197 1
071019 0
104192 0
071022 1
104195 1
128327 0
027001 0
022338 2
094752 1
160382 0
094848 0
167545 0
111867 1
091574 0
111785 0
040977 2
071412 0
046497 0
087680 0
076481 0
129931 2
154684 0
069732 0
060265 2
131679 0
085015 0
023821 2
071174 0
023719 0
048604 0
045573 0
094307 1
175828 0
094341 2
186473 2
182198 0
200740 2
063075 0
186292 0
011547 0
008591 0
259576 0
044904 0
285667 0
180188 0
098353 0
014253 0
267194 0
259332 2
119574 0
224519 2
101871 0
224572 0
224677 0
224731 0
224736 0
024870 0
066627 0
224583 0
012042 0
226799 0
035779 0
262679 0
181966 0
261131 0
255681 2
016914 0
255622 0
255687 2
255698 2
255666 2
255719 0
255716 0
260019 0
131665 2
270786 0
131647 0
099248 0
061005 2
282800 0
227837 0
121450 2
128289 2
143373 2
093810 0
121451 2
121452 2
008058 0
121457 0
126942 0
010775 2
244561 0
061340 0
178145 2
018094 0
177979 0
178140 0
000971 0
199225 0
041241 0
148262 1
150439 2
066242 0
148267 0
151197 0
024102 1
155850 0
024101 1
024044 1
023709 1
067614 2
286000 0
067611 2
067652 0
050085 1
101751 0
050081 2
061187 0
034433 0
024135 0
060825 0
080336 0
065986 0
228733 0
056799 0
089585 0
087761 0
138728 0
075924 0
253496 2
227160 0
253562 2
257104 2
257188 1
175633 0
070565 1
103738 1
261191 0
284492 0
069638 1
102811 1
139944 0
098871 0
051254 2
174676 0
051133 0
193590 0
107877 0
064077 0
272822 0
100461 0
267197 0
224696 0
036412 0
283798 0
080832 0
261909 0
090237 1
066081 0
122553 0
078776 1
034432 2
001004 0
220008 0
097738 0
022938 0
079715 0
051520 0
112291 0
169947 1
126731 2
175713 0
183337 2
108834 0
183892 0
014126 0
130209 0
198402 2
198462 2
199797 2
148026 0
195839 2
161190 0
182210 0
222554 2
227826 0
222533 2
224666 0
285499 0
000813 2
133078 0
127637 0
081267 0
126175 2
010350 0
129623 0
259993 2
258784 0
199091 0
270839 0
094864 1
147440 1
256597 0
094954 0
094867 0
131712 0
138487 0
109985 0
258728 0
122669 0
008034 2
121430 2
095881 0
007982 2
121386 2
008060 2
121460 2
121454 0
121372 2
170182 2
048600 0
186454 0
143413 0
075320 0
183607 0
154589 2
161099 0
154582 0
154579 1
153373 2
182755 0
067774 0
243678 0
039458 1
195635 1
048545 0
035394 0
160373 0
053746 2
061795 0
158414 0
178147 0
058508 2
017398 0
005404 0
064224 0
132577 0
183599 0
040018 0
132131 0
124048 0
156876 2
157376 0
160011 0
284999 2
285014 2
285016 2
170026 2
154956 0
285015 0
266208 0
159719 2
122708 0
159703 0
159686 1
174560 0
137592 0
018392 0
147844 0
272932 0
138596 2
138597 2
147177 0
138757 0
138863 2
090745 0
195970 0
164536 2
142378 0
164534 2
164532 0
016895 0
244306 2
244318 2
006169 2
029722 0
000477 2
000300 2
133206 0
002774 0
008626 2
111865 0
014299 0
013191 0
176884 0
175410 0
159247 0
013994 0
258806 0
143487 0
277296 0
257533 0
160877 2
012026 0
160784 0
135542 0
260482 0
029908 0
084884 0
221419 0
234223 0
052557 1
117691 0
018897 0
035856 0
226691 0
182205 0
010902 0
200620 2
021842 0
188106 0
157262 0
121453 0
057573 0
067081 0
269298 2
000822 0
002430 0
170468 0
150327 0
264514 2
109212 0
264541 2
022368 0
263829 0
221869 0
139369 0
060220 2
140830 2
224042 0
039544 2
007043 0
141032 0
064677 0
145316 0
065686 0
146426 0
232861 0
167951 0
000833 0
282310 0
161097 0
066677 2
107995 0
066694 1
066758 2
066790 2
066857 2
066650 2
196008 0
070910 1
104083 1
029034 0
118865 0
195890 0
085236 0
098161 2
098180 0
098268 2
082164 0
095673 0
279242 2
279244 2
279292 2
110749 0
279713 0
281192 0
279372 0
289458 0
083566 2
083565 2
255736 1
092166 0
255722 0
255675 1
283619 0
110254 0
064632 0
069671 0
182649 0
258894 0
141318 0
242961 1
122740 0
242960 0
077999 0
033407 2
183878 0
265208 0
045406 0
131577 0
161074 0
039579 0
235136 0
007834 0
001025 0
169128 0
066351 0
087760 0
127092 0
037048 0
199855 0
099649 0
281821 0
152809 2
152818 0
152815 2
152796 1
152801 0
152822 0
130236 0
006189 2
067655 0
136103 2
002762 0
001228 0
117907 2
167713 0
117927 0
009658 0
116551 0
210617 0
031850 0
029055 0
075116 0
131475 0
001303 0
044006 0
257810 0
035529 0
148872 0
278819 0
127840 0
221199 1
055517 0
287549 0
191191 0
170250 0
285939 0
272573 0
156427 2
250628 0
156470 0
156629 0
156469 2
174519 0
026891 0
037485 0
023080 0
198529 0
012244 0
211384 0
007963 0
265661 0
160012 0
003997 2
101621 0
005201 0
102082 0
132112 0
111861 2
126397 0
112003 0
111880 2
029251 0
169771 0
027982 0
124599 2
062785 0
124634 0
223134 0
124632 0
165091 0
284312 2
284400 2
122371 2
083184 0
122370 1
010092 0
122390 0
028171 2
028172 2
259508 0
164256 0
128548 0
030383 0
194405 0
286229 0
080331 0
261133 0
067742 1
112504 1
104585 0
067753 0
065806 0
064617 1
064616 0
227079 0
287098 0
260830 2
068226 0
260934 0
260960 0
228605 0
052529 0
138005 0
270794 0
188919 0
006861 0
062522 0
278812 0
130416 0
011270 0
267321 0
119260 2
011471 2
118136 0
119264 0
005062 0
011367 0
032506 0
128383 0
001451 0
097289 0
267490 0
188561 0
097636 0
119461 0
094694 0
110746 1
137947 0
279271 2
279278 2
283799 0
283887 0
181458 0
193242 0
024105 2
285003 0
024042 2
027035 2
023953 0
027034 0
024392 0
024092 0
024137 2
023996 2
024132 2
023988 0
024268 0
057724 0
009073 2
121580 2
024138 0
009271 0
024082 0
152245 0
024262 2
170424 0
024233 0
096568 0
023501 0
265629 0
023956 0
288334 0
102905 0
179514 0
024049 0
084079 0
024085 0
195750 0
121748 0
211771 0
183940 0
286656 2
083329 0
254370 0
279719 0
196348 0
036096 0
180233 0
242026 0
089703 0
111884 0
077351 0
256291 0
081875 0
061115 0
173884 0
170288 0
141039 0
010555 0
244613 0
050801 0
056350 0
061887 2
143422 0
060065 2
050392 0
083358 0
137580 2
157377 0
137598 2
109642 0
092074 0
193593 0
282761 0
141995 0
050434 0
139571 0
044105 0
260811 0
158984 0
008778 0
122851 0
282550 0
289584 0
243729 0
279663 0
169977 2
179160 0
169861 0
169863 0
137118 0
142278 0
131029 2
022347 0
130965 1
130991 0
130412 0
131613 0
066352 0
032970 1
034602 2
032965 0
034601 0
283886 0
170112 0
212341 0
062867 0
030000 0
132019 2
024047 0
132020 0
009871 0
133637 0
131557 2
068818 0
131558 0
163103 0
257028 0
087576 0
061345 0
132597 0
124720 0
040068 1
090782 0
098165 0
063072 0
061563 0
045575 1
045574 0
074976 0
023412 2
109259 0
023367 2
023413 2
168720 0
101226 0
259679 0
242544 0
068706 0
022372 0
126566 0
182209 0
288644 0
043341 0
133551 0
200819 2
131754 0
203104 0
