151975 1
151970 1
039553 0
261429 0
197045 0
207589 0
145961 0
227899 1
171867 0
227906 1
195548 1
131710 1
019024 1
123258 0
264966 1
224581 1
004286 1
280349 1
118117 1
117779 1
001618 1
131991 1
265548 2
289135 1
265549 2
019044 1
017925 0
117670 1
264978 1
000921 1
000862 1
157978 2
228038 1
152259 1
268346 1
157982 2
019052 1
101432 1
154560 1
061100 0
195547 0
018304 1
128899 1
108531 1
019049 1
153071 1
156544 2
019060 1
108597 0
153072 1
195546 0
142411 1
163710 1
176264 1
040248 0
012665 1
003963 1
163921 1
159029 1
011481 1
122749 1
146415 0
153304 1
128998 1
010435 1
159020 1
159023 1
159026 1
159008 1
163706 1
158874 1
134184 1
123356 1
134292 1
134263 1
123357 1
134010 1
153515 1
125215 1
009517 1
089061 0
289357 1
197330 1
125163 1
221910 0
170304 1
153089 1
176005 1
289264 1
192125 1
153577 1
161302 1
089060 1
126292 1
019042 1
000034 0
175921 1
117614 1
125217 1
161283 1
155452 1
153513 1
153529 1
018784 1
170274 1
191972 1
126281 1
131417 1
197340 1
134983 1
117616 1
194911 1
161268 1
134964 1
127607 1
018506 1
192126 1
153092 1
117429 1
132649 1
161271 1
136337 0
163719 1
136327 0
009885 1
143096 1
143097 1
013266 1
003786 0
209950 1
163705 1
007459 1
123161 1
221922 1
147384 1
113498 0
147385 1
182699 1
008658 0
012992 1
001480 1
003605 0
143114 1
161164 1
209387 1
142967 1
153466 1
176382 1
153504 1
278898 1
194990 1
182728 1
182729 1
182764 1
176415 1
160294 1
013603 1
195033 1
145908 1
133845 1
160320 1
134871 0
150646 1
002786 1
238718 1
124862 1
169151 1
267006 1
150616 1
014462 0
161392 0
177036 1
167069 1
159114 1
159042 1
003477 1
169012 0
156429 1
011914 1
160458 0
154697 1
176758 1
258385 1
163938 1
176769 1
176770 1
202902 1
154544 1
148134 0
100958 1
242134 1
169026 0
158876 1
159010 1
159022 0
169172 1
006944 1
120565 1
267083 1
124860 1
258341 1
163957 1
242110 1
002787 1
136186 1
264450 0
136117 1
200641 1
182492 0
133846 1
182499 0
133844 1
136118 1
196390 1
200642 1
200643 1
069751 1
102924 1
186153 1
196226 1
054705 2
139313 1
269578 2
008802 1
269692 1
179911 1
179912 1
069827 1
103000 1
179722 1
185796 1
223776 1
269705 1
181986 0
196218 1
238726 1
152908 1
176787 1
006069 1
181993 0
238942 1
008909 1
238727 1
124970 1
013183 1
185844 0
202158 2
124789 1
124845 1
196503 1
124968 1
009185 0
130622 1
124971 1
054618 1
124686 1
019724 1
269683 1
146633 1
242111 1
242135 1
176820 1
002292 1
176819 1
177032 0
236702 1
176831 1
141961 1
087381 0
110105 1
196549 1
053688 1
195901 1
223477 1
239496 1
193361 1
242084 1
011861 1
278634 1
269467 1
002304 1
195726 1
195728 1
195737 1
195739 1
195803 1
195806 1
195815 1
195817 1
195830 1
195870 1
195933 1
256091 1
242092 1
018661 0
077040 1
007207 0
120767 0
240286 1
176822 1
263622 1
231767 1
101008 0
191007 1
136039 1
219454 1
195939 1
195907 1
240290 1
083240 0
170685 1
170686 1
083274 0
242067 1
195948 1
170724 1
170725 1
240300 1
240291 1
170684 1
240318 1
240317 1
008246 1
136041 1
242133 1
019708 1
177083 1
190998 1
256823 1
196425 1
196411 1
263623 1
000416 0
256831 1
176638 1
169002 1
263604 1
239536 0
011905 1
081810 0
188445 1
126917 1
063480 0
001613 1
179915 0
088936 1
069468 0
263513 1
088987 1
168804 1
032430 1
137998 1
032422 1
195744 2
195872 1
280430 1
137972 1
180125 1
204300 1
066541 1
180126 1
135220 1
223420 1
137940 1
269357 1
017805 1
176934 1
043957 1
134013 0
128111 1
001449 1
196485 1
180128 1
153396 1
197748 1
031676 1
181444 0
126899 1
255914 1
255941 1
258700 1
258706 1
259550 1
132641 1
204289 1
127382 1
128133 1
196481 1
255850 1
181392 0
185915 0
087424 1
016629 1
175589 0
258684 1
155696 1
127471 1
153394 1
178077 0
175685 1
238824 1
185800 0
185848 0
127472 1
255824 1
137971 1
203475 1
044058 1
197869 1
197871 1
018779 0
014196 1
285882 1
269316 1
224459 1
190903 2
196370 1
195829 1
014200 1
146881 0
075940 1
125005 1
112251 1
014825 1
286551 1
112250 1
112384 1
112388 1
289654 1
169131 2
169132 2
117316 0
236703 1
193896 1
278635 1
130560 1
069102 1
102275 1
117315 1
195814 1
112391 1
029397 0
159039 1
144752 1
011192 1
193884 1
237242 1
011219 1
124987 1
158944 1
128693 1
122874 1
128616 1
111425 1
000635 1
109086 1
191303 1
131711 1
164704 1
169049 1
013938 1
144789 1
158921 1
193879 1
195727 1
076100 1
163637 1
002859 1
124511 1
264823 1
018629 1
128686 1
131478 1
289627 1
190527 1
029399 0
018321 1
129616 1
236330 1
190565 1
129654 1
131538 1
128615 1
239548 2
128475 1
238940 1
259981 0
127130 1
131491 1
271872 1
068042 1
029398 0
232048 1
076275 1
195932 1
126986 1
017296 1
129598 1
023634 0
193883 1
081268 1
069816 1
102989 1
156575 1
132521 1
195805 1
131203 1
124180 1
269317 1
144806 1
181014 1
132534 1
085843 1
076113 1
068098 1
195816 1
076014 1
129653 1
211219 1
195802 1
271971 1
207674 1
191825 0
219606 0
163213 1
238108 1
208462 0
210559 1
132502 1
006335 1
010035 1
190942 1
229918 1
229950 1
126900 1
235163 1
079720 1
068068 1
011986 1
122877 1
002369 1
013410 1
163514 1
012018 1
168875 0
035076 1
147468 0
068097 1
163495 1
185880 1
195725 1
153581 1
289617 1
238941 1
131858 1
161933 1
191227 1
001271 0
238093 1
191975 1
116991 1
163145 1
091687 1
153582 1
275358 1
277007 1
001753 0
063956 0
210967 1
238089 1
122735 1
270927 1
255808 1
276908 1
255790 1
284620 0
236319 1
200973 1
124492 1
191836 1
171670 1
118960 1
191599 1
133517 1
126894 1
090968 1
201082 1
139361 1
160827 1
255879 1
100509 1
160319 0
011766 1
122835 0
122837 1
177040 1
219906 0
031047 0
255767 1
116797 1
090619 1
160868 1
242903 1
113973 0
255433 0
195869 1
195736 1
195738 1
018174 1
128981 1
100420 1
238103 1
199458 1
098957 1
199482 1
139344 2
126888 1
199483 1
199558 1
190683 1
035051 1
079728 1
191062 1
156574 2
081210 0
118945 1
199502 1
170341 1
170342 1
124510 1
171922 1
185855 1
275351 1
070644 1
103817 1
163141 1
063835 1
288077 1
255615 0
069602 1
102775 1
255747 0
140607 1
140608 1
141987 1
027092 1
168333 0
138540 1
006475 0
126447 1
193720 0
002611 1
242930 1
253349 0
063425 1
190842 1
170172 1
170173 1
170340 1
169492 1
169493 1
169494 1
169488 1
010370 1
170418 1
170419 1
014868 0
110066 0
169485 1
170410 1
170171 1
011252 1
169333 1
169334 1
157425 1
157426 1
126482 1
153027 1
164167 1
126442 1
061379 1
153157 1
153181 1
109962 0
158511 0
153455 1
153180 1
164470 1
042610 0
039349 0
153244 1
153241 1
153168 1
153158 1
153169 1
153488 1
153028 1
117928 1
061381 1
004201 1
007380 1
169265 1
167490 1
167491 1
167486 1
100193 1
131386 0
152962 0
155969 1
167842 1
167914 1
167915 1
098099 1
098149 1
017582 1
127028 1
063850 1
169285 1
169343 1
169344 1
169864 0
001598 0
212211 1
158122 1
158283 1
226269 0
169924 0
178591 1
014666 1
178651 1
178625 1
202975 1
178586 1
126797 1
152134 0
204168 1
202976 1
017791 0
203116 1
202649 2
126777 1
126407 1
018531 0
003141 1
025466 1
081738 1
239801 1
003794 0
239926 1
240106 1
240178 1
240193 1
025423 1
018509 1
043921 1
110823 1
239089 1
160020 1
143645 2
081684 1
001466 1
156551 1
007767 0
088628 1
018219 0
128950 0
128992 0
088778 1
159981 1
169123 1
149049 0
169073 1
169074 1
160014 1
143646 1
010857 1
143731 1
205553 1
081551 1
236265 1
266094 1
069367 1
102540 1
266110 1
262747 1
044550 0
236278 1
018578 1
280589 1
284442 1
272715 0
011855 1
035479 1
160899 1
171375 1
012616 1
193997 1
127726 0
171374 1
002444 1
144513 0
171373 1
163003 1
127775 0
066443 2
154598 0
193983 1
193732 1
193832 1
164823 1
164944 2
164802 1
070745 1
103918 1
164761 1
015745 1
124604 1
070670 1
103843 1
064817 1
188785 0
219852 1
144907 0
018022 0
064820 1
165256 1
165254 1
253833 0
156204 1
156276 1
187504 1
187493 1
058341 1
035723 1
169329 1
169330 1
202826 1
166907 0
036367 1
163902 1
036409 1
012184 0
036381 0
156283 1
035725 1
035690 1
035482 0
169300 0
153399 1
125141 1
229437 1
153406 1
069402 1
102575 1
125041 1
076770 1
158207 1
164126 1
219455 1
077049 1
238609 1
078326 1
076392 1
152452 0
152487 0
076393 1
076228 1
158200 1
076345 1
239059 1
229431 1
148906 1
176414 0
176381 0
156917 1
265499 0
176365 0
156941 1
026907 1
199411 1
071414 0
199442 1
078254 1
225924 1
141966 1
056339 0
225923 1
141969 0
199499 1
033275 1
012873 0
012256 0
262430 0
033352 1
194080 1
050051 0
033344 1
221240 1
068343 1
221221 1
125192 1
148190 1
247365 1
060302 2
246794 1
179696 1
142068 1
087885 1
134155 0
248167 1
148191 1
148196 1
068310 1
125195 1
148198 1
148197 1
142097 1
125196 1
012612 1
238728 1
238943 0
110022 1
242901 1
234620 1
087905 1
242905 1
238719 0
242258 1
191220 1
188320 1
271972 1
281167 1
169358 1
169359 1
108573 1
007684 0
121125 0
082305 0
152011 1
175588 1
166772 1
166773 1
110083 1
184615 1
071412 0
166595 1
012613 1
123010 1
108619 1
108620 1
108753 1
108700 1
087906 1
108786 1
191146 1
170473 1
170474 1
098034 1
108844 1
108813 1
052900 0
108872 1
271860 1
099966 0
108794 1
008544 0
231278 1
098004 1
161725 0
116653 0
202344 1
272283 1
170463 1
017558 0
272306 1
271867 1
158665 0
182896 1
281777 1
169375 0
070522 0
019766 1
017023 0
053290 0
111642 1
231895 0
111647 1
110941 1
273579 0
110951 1
111635 1
110757 1
110752 1
110734 1
111471 1
110783 1
110822 1
111476 1
111473 1
136428 1
111401 1
170398 1
170399 1
010837 1
289368 1
014143 1
136438 1
156034 1
110739 1
111393 1
111478 0
278972 1
001498 1
122460 1
182265 0
065220 1
110848 1
111029 1
012377 0
178270 1
075911 2
077034 0
081685 0
155981 1
162687 1
133843 1
075863 1
143944 1
065211 1
050193 1
082468 1
182216 0
111024 1
111299 1
111047 1
075872 1
111631 1
111323 1
170375 1
110984 0
111634 1
111860 0
133842 1
002795 1
143888 1
112253 1
111398 0
065277 1
143649 1
112927 0
278967 1
111289 1
111415 0
065728 0
034379 0
122485 1
126890 1
157029 0
010179 1
122487 1
122461 0
060505 0
242979 1
241065 0
089471 1
151864 1
021475 1
239744 1
186048 1
081359 1
068688 1
000537 0
239746 1
068669 0
081336 1
081146 1
009693 0
005600 0
191765 1
167578 0
232212 1
129750 0
232246 1
288774 0
193359 0
155853 1
030505 1
252518 0
086478 1
190901 1
016530 1
219886 1
121774 0
219892 1
219907 1
190896 1
148350 1
108839 0
185612 1
229762 1
191665 1
008740 1
016644 1
258874 0
229852 1
185887 1
040661 1
177871 1
071688 1
104861 1
251813 1
190965 1
222793 0
154896 0
126350 0
251872 1
180468 0
019587 0
186680 0
076662 0
139939 1
016618 1
139905 0
148070 1
016557 1
016586 1
085164 0
193843 1
214214 0
091267 0
234430 1
029147 0
234791 1
000031 1
041084 0
131445 1
099124 0
119018 0
107879 1
183965 0
089472 1
220481 1
220479 1
131951 0
230775 1
015206 1
125541 1
204312 0
217696 1
003986 0
242286 0
185659 0
035726 1
142305 0
035703 1
269597 1
181452 1
027550 0
269600 1
183722 0
035722 1
269462 1
269472 1
150546 1
231658 2
231662 1
124690 1
231660 1
232632 0
269423 1
269554 1
269534 1
269471 1
150562 1
269461 1
150547 1
152863 1
124706 1
159765 1
270122 1
226534 0
240452 1
152864 1
270125 1
156155 1
181170 0
089167 1
089148 1
107984 0
035693 1
109524 0
157605 0
089168 1
156170 1
156171 1
124660 1
089674 1
089955 1
013747 1
158528 0
242279 0
069700 1
102873 1
135104 0
071492 1
104665 1
091158 0
019392 0
159025 0
034699 0
128167 0
235384 0
262474 0
281105 1
281109 1
191540 1
024495 0
191496 1
191515 1
233979 0
178024 0
018585 0
127126 1
126962 1
199260 0
059072 0
131869 1
191976 1
090612 1
239876 1
243655 1
090631 1
090620 1
060805 0
082123 1
131866 1
085205 1
145480 1
195886 1
225084 1
154494 1
243982 0
145483 1
145486 1
192134 1
225078 1
111312 0
146218 1
242942 0
152974 1
230778 1
020975 1
098563 0
258967 0
020948 1
020946 1
156760 1
119209 0
013741 0
151152 1
190692 0
151172 1
151166 1
266557 0
008511 1
253246 1
151186 1
253078 1
253245 1
254408 1
255046 1
152111 1
074424 0
018774 1
152106 1
168656 1
168657 1
168597 1
168598 1
157495 1
157496 1
157504 1
157505 1
157503 1
157433 1
157341 1
154114 0
211278 1
211276 1
154147 0
234051 0
234048 0
191399 0
211329 0
179515 0
180055 0
039842 0
066956 1
182347 0
198469 1
187212 0
265448 0
256895 0
025526 0
226390 0
007779 0
149770 0
173188 0
029324 0
002563 0
001237 1
039225 1
155837 0
039230 1
132030 1
132483 1
132496 1
233371 0
040826 1
040850 1
002499 0
012260 0
225192 0
018323 0
034336 0
271994 0
155324 0
141901 1
187912 0
008153 0
013947 0
024030 0
243761 1
270325 1
270334 1
281950 0
270315 1
243741 1
265829 0
275973 0
111239 0
203175 0
230598 1
132755 0
090555 0
191104 1
199882 0
264960 1
056270 0
210422 1
114588 1
039019 0
114563 1
114589 1
114593 1
256300 1
163019 0
115528 0
287003 0
124957 0
075844 1
109293 0
032661 0
193209 1
017268 0
193212 1
193210 1
119963 0
108567 0
000482 0
079078 0
174136 1
165682 0
174129 1
286794 1
287670 1
001377 0
286836 1
286815 1
287677 1
287892 1
236420 0
286638 0
271934 1
163689 1
155593 1
137634 0
163701 1
155548 1
155322 1
271963 1
155230 1
155219 1
155224 1
155216 1
274578 0
169883 1
067650 0
241767 1
015818 0
231642 0
276366 0
215009 0
113429 0
238107 0
093371 0
119734 1
152988 0
005288 1
108032 0
242113 0
191096 0
233728 1
233767 1
233768 1
075913 0
231373 0
279937 0
247289 0
108469 0
019365 0
170239 0
002699 0
262751 0
190294 0
262601 0
279479 0
117945 0
287999 1
172094 1
183133 0
288019 1
171991 1
009049 0
171862 1
192166 0
167879 0
008502 1
157943 0
256813 1
220910 1
020739 1
019892 0
020732 1
007414 0
133523 0
127911 1
217910 0
127884 1
005887 0
101370 0
051575 0
071541 0
138897 1
090293 0
138847 1
002566 1
138788 1
138858 1
006568 1
175770 1
011435 0
133833 1
197066 1
197067 1
159028 0
197303 1
133837 1
133787 2
133799 1
226121 0
046422 0
124551 0
080057 0
281698 0
194955 1
258596 1
258598 1
114323 0
258593 1
258997 1
259019 1
258640 1
258678 1
258996 1
000985 0
259018 1
124002 0
014230 0
037806 0
000935 0
179209 0
228777 0
239753 0
074592 0
188649 0
038315 0
161857 1
161859 1
024340 0
259549 0
051113 0
081318 1
138924 0
151919 1
141905 0
148024 0
288813 0
128640 1
230507 0
128641 1
007718 1
121152 1
191572 1
190603 1
151085 0
191570 1
191565 1
124007 1
068140 0
111149 0
181297 0
231212 0
018929 1
115729 0
152588 1
152597 1
116515 2
116960 1
190564 1
033747 1
163805 1
163790 1
023751 0
163791 1
133731 0
151252 0
193562 1
193558 1
155555 0
193566 1
193599 1
115276 0
031949 0
096417 0
015815 0
166977 0
010821 0
040622 1
169137 0
064337 0
182667 0
101718 0
116717 0
125013 1
060401 0
124965 1
130961 1
056372 0
130929 1
142197 1
045248 0
048321 1
011692 0
048293 1
241505 0
050824 1
050801 1
129003 0
111805 1
004318 0
159219 0
253606 0
269509 0
134293 1
011929 0
134273 1
160977 1
180657 0
011047 1
016870 0
161033 0
154405 0
111043 0
193824 0
108248 0
153547 1
150005 1
257969 0
050941 0
048912 0
064343 0
191172 0
273700 0
005497 0
254023 0
200504 0
098022 0
012707 1
185666 0
165264 0
192960 0
151527 1
137213 1
151504 1
079015 0
020719 0
006027 0
154231 1
159031 0
154178 1
196107 0
038219 0
157060 1
027082 0
197348 0
249127 0
157062 1
129032 2
032949 0
129028 1
018123 1
129027 1
157597 1
085964 0
157595 1
006740 0
038967 0
000165 0
025781 0
116919 0
152166 0
193914 0
093318 0
133798 1
010918 0
063851 1
087701 1
125112 0
063855 1
141425 0
177602 1
195971 0
177601 1
258726 0
161851 0
052300 0
131676 0
019590 1
158286 0
118346 1
154441 0
118434 0
232017 0
002068 0
143952 0
184616 1
023625 0
130209 0
192479 1
129785 1
122464 1
000917 0
190479 0
076397 0
141752 0
001078 0
031531 0
278742 1
174990 1
000618 1
207952 0
174954 1
278794 1
278181 0
013185 0
185320 1
037739 0
185243 1
035105 0
211561 0
238953 0
178234 0
153243 0
140409 0
255259 1
125901 0
101530 0
126272 1
160472 1
081333 0
160386 0
134382 0
127523 0
196801 0
067764 0
150395 0
033398 0
164575 0
182407 0
016704 0
069392 1
102565 1
238704 0
069340 1
102513 1
155495 0
162518 0
090585 0
227568 0
256241 0
191464 0
048264 1
021376 0
093405 0
190201 0
008280 1
260781 0
141646 1
236212 1
281292 0
236195 1
171180 1
285696 1
171187 1
069015 0
286005 1
285247 0
117246 0
202073 0
014760 0
199391 0
023741 0
141149 0
013097 0
240768 1
203537 0
185013 0
086680 1
202659 0
213230 0
108081 0
016560 0
151575 0
086670 0
081291 0
143000 0
239024 0
256485 0
035780 0
087350 0
096776 0
048249 0
109798 0
135245 0
001298 0
087208 0
124964 0
141033 0
263058 0
258771 0
271052 1
031430 1
165406 0
260208 0
177816 0
110986 0
032108 0
112677 0
021275 0
178422 0
199615 1
151995 0
199631 1
266075 0
140509 0
168572 0
289928 0
097822 0
178432 1
162517 0
178431 1
172908 1
172844 1
258502 0
172841 1
240039 0
201711 0
284695 0
269432 1
132910 1
127308 1
036463 0
269725 1
269727 1
269729 1
269680 1
127322 0
132938 1
132952 1
132955 1
054462 1
071617 0
054298 1
138992 0
099944 0
076074 0
146996 1
243887 0
132550 0
140886 0
063386 0
109543 0
157948 0
179471 0
197477 0
125642 0
150078 0
143630 0
007556 0
109407 0
148499 0
008250 0
010369 0
103695 0
268426 0
111281 0
185984 1
185972 1
131173 0
185981 1
210936 1
210933 1
252605 0
189915 1
230897 0
190105 1
190091 1
176692 1
240192 0
176694 1
176690 1
176689 1
027926 0
195075 0
010877 0
015974 0
122080 0
081836 0
109522 0
042779 0
199977 0
137146 0
077242 0
207029 0
233403 1
197144 1
156621 0
197129 1
233448 1
134071 0
163472 0
020974 1
269745 0
020945 1
259022 0
159501 1
099196 0
272952 1
071701 0
190795 0
167859 0
129006 0
150379 0
202760 0
226354 0
081664 0
125147 1
016823 0
012296 1
004636 1
004882 0
224242 0
045434 0
030525 0
191143 0
067709 0
004365 0
152837 1
152821 1
155778 1
115606 0
156999 0
015035 0
009722 1
122122 1
079660 0
288680 0
115970 0
151889 0
154794 0
155109 1
184431 0
155108 1
013180 0
238063 1
003427 0
283711 0
017741 0
127606 0
179916 0
059497 0
159413 0
022522 0
169914 0
143977 0
026641 0
051874 0
014493 0
139137 1
262539 0
139139 1
273931 0
134133 1
002965 1
130045 1
210279 0
129974 1
153884 0
002961 0
042739 0
155725 1
155755 2
226156 0
126549 0
017553 0
078365 0
252664 1
252756 1
252760 1
195936 1
167742 0
195539 1
190624 1
192635 1
187303 1
192581 1
187304 1
109804 1
042563 0
150685 0
028532 0
060320 0
124776 0
257964 1
257953 1
045136 1
257991 0
259135 1
259139 1
259162 1
259175 1
259180 1
259115 1
257447 1
257378 1
260047 1
123462 0
198267 1
028786 0
198274 1
220403 0
089571 0
014349 0
228422 0
268425 0
266117 0
110081 0
234009 0
204446 0
117718 0
001011 0
028782 0
260773 0
207243 0
036827 0
233511 0
271549 0
174961 0
239112 0
226696 0
065198 0
205950 0
149988 0
164880 0
018414 0
167720 0
172269 0
081811 0
195885 0
010739 0
047960 0
168850 1
109892 1
231110 0
168683 1
109890 1
051691 1
233889 0
090381 0
262837 0
167769 0
184865 0
149681 0
276015 0
212504 0
068618 0
093081 0
128714 0
167126 0
145705 0
186788 0
192571 0
023233 0
145646 0
190720 0
206445 0
254539 0
262302 0
017728 0
064632 0
170932 0
043758 0
041190 0
095592 0
148866 0
004755 0
009889 0
115840 0
070304 1
103477 1
040370 0
070203 0
286304 0
103376 0
200254 0
190895 0
029146 0
273009 0
030205 0
094044 1
108142 0
094058 1
065465 0
170999 1
069242 1
102415 1
171101 0
069204 1
102377 1
079747 0
001507 0
202707 1
195321 0
217868 0
140719 0
182676 0
139778 0
104714 0
058793 1
259982 0
070959 0
007686 0
090011 1
192889 1
033773 1
144118 0
192858 1
197818 0
070680 0
238231 0
279083 0
289672 0
149357 0
012919 1
235813 0
013084 0
170217 1
035270 0
170095 1
170096 1
152981 0
085876 0
170012 1
098909 1
098943 1
158111 0
179136 0
032927 0
164471 0
194488 0
145900 0
016746 0
100483 0
072258 0
169376 0
126201 0
169511 0
191385 0
134681 0
272357 0
233389 0
141743 0
218344 0
200041 1
200138 1
038576 0
200137 1
123911 0
147495 0
191799 0
225211 0
014210 0
173158 0
160304 0
027895 0
182703 0
250727 0
157282 0
037784 0
138149 0
287051 1
210289 0
287056 1
285238 1
285237 1
287045 1
285231 1
131637 0
062147 0
230007 1
120196 0
162050 0
153395 0
100155 0
046420 0
178614 0
241133 0
082463 0
268246 0
255757 1
064495 0
018248 0
199025 0
012200 0
238273 0
254489 0
014277 0
279536 0
133727 0
220633 0
168779 0
014770 0
169656 0
245019 0
273102 0
009288 1
121775 1
128658 0
009081 0
039957 0
275932 0
111240 0
111000 0
230561 0
012037 0
074574 1
074828 1
235554 0
011070 0
118151 0
286711 0
109964 0
004990 0
071467 0
019633 0
157418 0
004590 1
038215 0
111561 0
187828 0
227680 1
075243 0
227794 1
133850 1
083975 0
254370 0
257978 0
133618 1
150859 0
189405 0
225178 1
139934 0
225176 1
111214 0
239524 0
191793 0
000430 0
153828 0
151656 0
185689 0
180198 0
242902 0
166978 0
167880 0
096707 0
120931 0
140657 0
182828 0
241950 0
060952 0
176958 0
002687 1
076097 0
160594 1
201952 0
160539 1
160531 1
184842 0
133709 0
228560 0
076286 0
121278 0
015270 0
159984 0
171505 0
002975 0
171852 0
163529 0
030677 0
113629 0
152987 0
065941 0
189919 0
090275 0
128894 0
024025 0
218483 0
079982 0
152346 1
181320 1
183676 0
231904 0
153246 0
122100 0
239455 0
003062 1
236460 0
080425 0
155556 0
199259 0
130789 0
087744 1
142701 0
109577 0
254043 0
062910 0
134261 0
098158 0
076819 0
135509 1
198436 1
185904 0
199048 1
006776 0
224320 0
239328 0
132172 1
102200 0
117966 0
262597 0
000070 0
008814 0
241382 0
218891 0
128665 0
235622 1
235651 1
235655 1
235678 1
235965 1
006895 0
235964 0
258894 0
016900 0
176788 0
029341 0
065587 0
194964 0
123236 0
180175 0
260868 0
218020 0
040064 0
091240 0
099063 0
281977 0
186999 0
113681 0
136089 0
230748 0
045325 0
021285 0
125033 0
188397 0
024339 0
174672 0
020300 0
011167 0
201514 0
141171 0
161395 0
273696 0
191340 0
157606 0
210710 0
273948 0
152882 0
163041 0
009465 0
110412 1
102641 0
007951 0
183742 0
194189 0
108035 0
272723 0
170650 0
120724 0
184553 0
094123 0
102149 0
118497 0
154760 0
157088 0
126343 0
231435 0
180530 1
181705 0
180445 0
155208 1
142362 0
155264 2
155207 2
154841 1
067289 0
001839 0
259610 0
199013 0
195220 0
087330 1
279414 0
086917 1
180573 0
087391 0
071530 0
060870 0
027201 0
254027 0
241084 0
161029 0
014213 0
179876 0
030553 0
098617 0
143902 0
087589 1
276413 0
042062 0
002321 0
052879 0
160293 0
154115 0
182326 0
057779 0
050472 1
163163 1
233683 0
163239 1
163104 1
050335 0
163107 1
050334 0
126293 0
164550 0
109120 0
185661 1
217555 0
186059 0
270040 0
074624 0
286136 0
195956 0
190292 0
218560 0
286998 0
133968 0
285347 1
098700 0
156265 1
149464 0
257670 0
201457 0
254262 0
101197 0
077902 0
231430 0
181091 0
007383 1
085571 1
082318 0
154097 0
147375 0
129093 0
025628 0
238791 0
124451 0
220259 0
076408 0
262401 0
286639 0
256450 0
032957 0
193550 1
113133 0
041184 0
127117 0
001452 0
003094 0
196055 0
001895 0
190302 0
190057 0
043665 0
127376 0
232761 0
195889 0
131989 0
287082 1
222990 0
287084 1
087382 0
144106 0
069263 0
043433 0
139776 1
128717 0
139845 1
099394 0
074670 0
139550 0
051677 0
088652 0
099846 0
015772 0
217184 0
120203 0
191824 0
235556 0
034385 0
188739 0
185000 0
210237 0
065267 0
120078 0
156111 0
003504 0
200645 0
252520 0
131650 0
145924 1
123474 0
080051 0
119027 0
115243 0
165266 0
045629 0
128006 0
180389 0
099649 0
167970 0
130981 0
025862 0
101263 0
091332 0
144197 0
048206 0
258844 0
033351 0
140902 0
029807 0
238968 1
255904 0
261258 0
258875 0
163887 0
181001 1
141471 1
182612 0
004929 1
119285 1
128604 0
008081 0
047163 0
039508 0
004989 0
191652 0
004604 0
111075 0
112688 0
161349 0
012117 0
075558 0
258274 0
034339 0
255403 0
287748 1
100335 0
169923 0
005063 1
063328 0
082363 0
095436 0
003135 0
122819 0
204830 0
136810 0
084280 0
087345 0
138079 1
038175 0
006396 0
288383 0
144167 0
162506 0
242224 0
117621 0
151330 1
080465 0
228813 0
203023 0
155838 0
000733 0
130847 1
130886 1
130900 1
131136 0
197047 0
192392 0
177858 0
068178 0
169760 1
169761 1
198888 0
169676 1
018225 0
132163 0
014530 0
143788 0
138894 0
289374 0
256774 0
276091 0
004896 0
215673 0
272756 0
173041 0
189321 0
002099 0
274661 0
258444 0
018305 0
217882 0
131952 0
279970 0
012494 0
169925 0
050904 0
140915 0
215171 0
019911 0
224035 0
143299 0
146492 0
002836 0
011149 0
181022 0
028927 0
085307 0
158077 0
169377 0
150426 0
071557 0
082079 0
189913 1
012630 0
190166 1
183971 1
137919 0
188625 0
185989 0
166023 0
268866 0
090549 0
111238 0
042207 0
230848 0
189322 0
148523 1
172739 0
039844 0
201105 0
169052 0
091639 1
167079 0
028461 0
185665 0
034696 0
216663 0
138969 0
155271 0
276527 0
227586 0
109299 0
058602 0
286193 0
111772 0
196453 0
193266 0
081147 0
278179 0
208244 0
012282 0
177964 0
238621 0
080232 1
242940 0
125709 0
146053 0
128320 0
274535 0
288737 0
267958 1
183932 0
267957 1
267960 1
268110 1
075811 0
190868 0
223690 0
081856 0
147453 0
142330 0
124547 0
033118 0
191974 0
069432 0
000472 0
001740 0
289659 0
122867 0
226705 0
123202 0
239264 0
124001 0
037696 0
186320 0
197501 0
121588 0
267391 0
136562 0
010921 0
289935 0
110631 1
019363 0
258960 0
174744 0
027454 0
136112 0
137257 0
197353 0
129824 0
001473 0
201754 0
218204 0
180048 1
095748 0
180002 1
179780 1
179767 1
186730 1
186729 0
209817 0
000947 0
008681 0
107907 0
127855 0
119210 0
242013 0
110459 0
192978 0
088266 0
102026 0
156726 0
033104 0
262367 0
129645 0
113719 0
262538 0
181591 0
090807 0
109396 0
010467 0
252969 0
127355 0
193580 0
209875 0
168996 0
275786 0
228417 0
242239 1
027696 0
242247 1
282160 0
113551 0
242339 0
221951 0
104874 0
179877 0
130370 0
136132 0
196311 0
209658 0
255647 0
050234 0
017454 0
168557 0
189722 0
158177 0
225218 0
101694 0
234113 0
010958 0
070851 0
064260 0
129924 0
238030 0
082070 0
104640 0
088558 1
010496 0
088557 1
053306 1
116771 0
241979 0
255310 0
101156 0
252638 0
163560 0
064461 0
196030 0
054367 0
099975 0
237676 0
239530 0
019431 0
009050 0
198036 0
152429 0
046129 0
038339 0
158976 0
138033 0
141959 0
278938 0
208996 0
253242 0
076788 0
140512 0
008828 0
186677 0
035302 0
250897 0
289774 0
232634 0
140869 0
022520 0
273725 0
235683 1
279012 0
104730 0
064849 0
199330 0
188067 0
005844 0
016835 0
287327 0
115053 0
157607 0
216596 0
191202 0
180063 0
108632 0
234931 0
182285 0
167080 0
239748 0
142603 0
224011 0
141245 0
071799 0
109329 0
134952 0
175509 0
153594 0
084068 0
167038 0
014863 0
182911 0
141009 0
260247 0
081446 0
178239 0
163020 0
014132 0
056007 1
185776 0
043775 0
095675 0
153912 0
024376 0
034200 1
266832 0
282633 0
109797 0
178146 0
039228 1
077261 0
153393 0
120077 0
157840 0
019691 0
125369 0
031838 0
016183 0
206164 0
132181 0
091179 0
288576 0
159102 0
043598 1
238061 0
043606 0
275892 0
032623 0
033163 0
258779 0
173653 0
277146 0
226543 0
080040 0
063105 0
173644 0
083320 0
063923 0
232085 0
197729 0
200292 0
201132 0
136379 0
202084 0
212540 0
124653 0
018243 0
165832 0
139621 0
148923 0
015416 1
125323 1
033886 0
001051 0
057937 0
060297 0
185799 0
125889 0
242253 0
104703 0
193293 0
238946 0
167931 0
130081 0
028205 0
244804 0
033407 0
019466 0
225230 0
076403 0
029516 0
000715 0
167721 0
024258 0
017727 0
096690 0
037741 0
149724 0
081422 1
224509 0
081398 1
081416 1
081389 1
081435 1
081431 1
011936 0
081451 0
243354 0
204027 0
175791 0
132141 0
111918 0
242541 0
045558 0
085448 0
024570 0
111225 0
246778 0
266103 0
027430 0
153730 0
239509 0
151869 0
089599 0
034358 0
098424 0
183875 0
226264 0
081463 0
088596 0
082415 0
282491 0
138161 0
275954 0
110334 0
258949 0
153065 0
136572 0
233380 0
148530 0
221602 0
144063 0
105431 0
254935 0
202262 0
060902 0
162954 0
192131 0
151603 0
158278 0
139069 0
050257 0
171480 0
282361 0
282640 0
081267 0
034898 0
158262 0
042616 0
227055 0
027740 0
195923 0
226493 0
154782 0
126612 0
182045 0
029973 1
021118 0
104585 0
286514 1
061173 0
286502 1
278347 0
238843 0
239982 0
265857 0
204983 0
254580 0
194825 0
198894 0
128571 0
028079 0
247293 0
064503 0
251389 0
052643 0
012352 0
114819 0
240191 0
286721 0
086358 0
183723 0
235650 0
179725 0
175704 0
153135 0
035458 0
161783 0
143447 0
080269 0
236329 0
286789 0
066765 0
193618 0
076530 0
143796 0
197345 0
126426 0
092220 0
009020 0
195210 0
235560 1
237518 0
143085 0
278705 0
198622 0
019595 0
055931 0
096907 0
146182 0
266239 0
271713 0
010397 0
021309 0
098015 0
119358 0
229364 0
063375 0
144238 0
124876 0
290045 0
168151 0
070222 0
281965 0
030202 0
265689 0
216221 0
030625 0
157608 0
162950 0
039050 0
019073 1
081760 0
179770 0
124693 0
042713 0
285762 1
034921 0
285826 1
285854 0
286870 0
187317 0
156307 1
091633 0
156332 1
156518 1
241287 0
118552 0
077988 0
035368 0
007159 0
179138 0
038336 0
088622 1
013670 1
226836 1
143262 0
079964 0
234362 0
146238 0
238363 0
024835 0
243973 0
101081 0
211556 0
149542 0
133241 0
028445 0
281521 0
271996 0
192855 0
165895 0
254008 0
183228 0
186757 0
226345 0
242027 0
015323 0
089601 0
136531 0
064912 0
160888 0
020301 0
032003 0
018220 0
057453 0
216690 0
278263 0
060507 0
037803 0
252608 0
071737 0
151550 0
268007 0
027184 0
195777 0
144920 0
087886 0
265218 0
235455 0
123454 0
164760 0
152030 0
155540 1
130934 0
155539 1
038332 0
119231 0
156076 0
148903 0
196357 0
213695 0
145669 0
196264 0
199373 0
009332 0
148296 1
137160 0
148598 0
122866 0
152992 0
216167 0
064188 0
018541 0
027199 0
169179 0
192592 0
029723 0
196279 0
011993 0
169138 0
079369 0
287308 0
010940 0
190490 0
084275 0
134021 0
023282 0
219067 1
231390 0
149362 0
093492 0
101840 0
157643 0
108055 0
042531 0
136436 0
069914 0
089784 0
158838 0
025715 0
008643 0
216531 0
286712 0
162496 0
079824 0
148908 0
010839 0
061637 0
071525 0
194951 0
028169 0
165213 0
199699 0
239531 0
050283 1
089849 0
050390 1
253530 0
104132 0
008223 0
065591 0
124673 0
204482 0
026347 0
153571 0
041434 0
189975 0
142372 0
004008 0
154975 0
019616 0
148059 0
142874 0
014299 0
216939 1
063479 1
201561 0
063405 1
063502 0
063491 0
215476 0
063512 0
063626 0
195001 0
144000 0
016040 0
029482 0
190765 0
185847 0
142284 0
270104 0
191481 0
128730 0
033771 0
011459 0
087348 0
094031 0
197991 0
017494 0
078305 0
037816 0
060586 0
020168 0
289920 0
234714 0
074882 1
052143 0
074905 1
074881 1
199995 0
137476 0
110082 0
058992 0
075860 0
249577 0
148263 0
022499 0
240218 0
074625 0
139844 0
255314 0
034384 0
031076 0
273337 0
021307 0
009740 0
274005 0
225217 0
158729 0
271261 0
169889 0
259415 0
188714 0
155831 0
122931 0
205714 0
100930 0
156324 0
127504 0
123583 1
244745 0
123573 1
014842 1
126875 1
016411 0
266971 0
227878 0
020468 0
195966 0
241972 0
102436 0
195772 0
192143 0
222553 0
012901 1
233888 0
088273 0
251187 0
005671 0
170477 0
168617 0
220329 0
143887 0
244808 0
242207 0
062134 0
006265 0
088564 0
168997 0
027877 0
235461 0
041705 0
130422 0
173881 0
001727 0
033458 0
193952 0
137720 0
231591 0
256780 0
199881 0
265146 0
034151 0
181120 0
042484 0
155549 0
164858 0
033664 0
027992 0
076981 0
092773 0
190899 0
