088377 0
286395 2
286399 2
285887 2
089355 1
285767 2
089341 1
130439 0
285768 2
285825 2
285815 2
285899 2
089330 1
286386 2
286396 2
286400 2
286382 2
088766 1
088750 1
088385 2
088397 2
088379 2
088407 2
088383 2
088415 2
088417 2
090603 1
074993 2
005506 2
120088 2
075013 2
090592 1
120069 2
120068 2
120058 2
244661 0
285464 0
093922 2
093953 2
096701 1
093977 2
009419 1
121877 1
251742 0
096698 1
053401 0
270538 0
098568 1
244667 0
094023 2
093928 2
093930 2
098542 1
010889 0
081504 1
131687 2
093987 0
131709 1
077611 2
089356 0
085625 0
005772 2
120387 2
077733 0
005643 2
126596 1
115383 1
147168 1
075680 0
090100 2
090190 2
075738 2
142436 0
034684 0
185897 0
017960 0
072242 0
254384 0
009912 2
122256 2
135034 0
288803 0
095887 0
075101 0
244767 0
090405 0
117973 0
052029 0
050368 0
080312 0
002046 0
184801 0
114976 1
243744 2
243747 1
098901 0
075340 0
095197 1
077133 0
058162 0
116392 1
116727 1
284253 0
116349 1
138058 1
223983 1
004768 0
224168 1
180663 1
121883 0
047488 0
040008 0
115378 0
062859 0
192708 0
013253 0
114877 0
064937 0
116601 0
067823 0
060962 0
116966 0
147412 0
247680 0
069189 0
212163 0
220439 0
255012 0
071308 0
070428 0
100939 0
231238 0
185204 0
046234 0
096621 0
134512 0
164174 0
010412 0
117334 0
044497 0
077598 0
142931 0
077460 0
004790 0
127190 1
001243 0
127193 0
127206 0
063339 0
033229 0
089673 0
015438 0
253706 0
287162 0
211804 0
048133 0
276190 0
097706 1
093762 0
097747 1
097632 0
100940 0
026853 0
021706 0
290010 0
044350 0
071243 0
222631 0
118899 0
110778 0
096129 0
275523 0
088119 0
111749 0
007163 1
288067 0
118721 0
118891 0
095224 0
113301 0
036995 0
058089 0
043260 0
261876 2
072122 0
288798 0
180404 0
124072 0
011349 0
065177 0
272888 0
089845 0
075834 0
000328 0
035266 0
225360 0
076602 0
035199 0
077750 0
112513 0
118758 0
149156 0
008054 1
074777 0
117386 0
007247 0
007607 0
009706 0
055514 0
009422 0
112560 0
082466 0
099412 0
100555 0
114112 0
197585 0
137371 0
079226 0
057286 0
004691 0
142237 0
115344 0
097803 0
238420 0
121897 0
175958 0
018972 0
095891 0
283888 0
133458 0
100183 0
083618 0
211625 0
226002 0
088968 0
250787 2
252508 0
250772 2
252231 0
251162 0
096066 0
089502 0
068759 0
