256945 0
230335 2
173411 0
230340 2
230428 2
230355 1
230426 2
206291 1
193018 0
206280 1
196066 0
206269 2
258140 1
230363 2
223497 2
230364 2
257094 1
230344 1
264311 1
192655 2
267885 0
230337 2
192663 2
192675 2
192677 2
192678 2
196063 2
243031 1
184158 2
204674 2
198025 1
184192 2
274836 1
198157 1
193241 2
210492 1
274838 1
198455 1
258353 1
274640 0
198415 1
257920 1
204476 2
275171 1
274998 1
275135 1
275039 0
275403 1
275049 1
275053 1
275022 1
274678 1
275402 1
273940 1
275414 1
275400 1
275057 1
275060 1
275163 1
275061 1
192945 1
275416 1
269048 1
274996 1
274779 1
274786 1
205411 1
275062 1
256116 1
254519 1
244873 2
198115 1
198118 1
257415 1
231924 0
256889 2
194742 1
198244 1
197992 1
274703 1
274712 1
275415 1
274736 1
274566 1
274685 1
268960 1
274797 1
263989 1
275076 1
274762 1
274757 1
275399 1
274541 1
274746 1
201220 1
274579 1
219199 0
197244 1
235789 1
274711 1
242337 1
257393 1
151310 1
277428 1
274680 1
275396 1
233545 0
204806 1
268780 1
242333 2
269074 1
151313 1
194745 1
275000 1
234716 0
233736 0
233292 0
232499 0
274772 1
275001 1
274713 1
274997 1
275395 1
254610 1
275486 1
269307 1
274684 1
274709 1
275413 1
274755 1
253810 1
275002 1
274749 1
274706 1
274764 1
190852 1
237009 1
229488 1
257438 1
276653 1
275659 1
253813 1
275078 1
274733 1
274742 1
234111 1
266772 1
274871 1
280219 1
274744 1
232476 1
234068 2
268961 1
197993 1
198101 1
259015 1
234066 1
274724 1
256965 2
275074 1
195894 1
182488 2
234114 1
275664 1
266069 1
266443 1
274716 1
274727 1
266072 1
266362 1
256867 1
256932 1
273448 1
258195 1
267334 1
275079 1
282846 1
274562 2
273216 1
274768 1
225396 1
225455 1
225391 1
266768 1
244319 1
267160 1
237403 1
162882 2
244305 1
274732 1
127117 2
275026 2
018698 1
256880 1
257390 1
256970 1
279002 1
257443 1
274873 1
244397 1
170618 2
227723 1
225781 1
225764 1
244399 1
257361 1
265245 1
275006 1
265282 1
259841 1
265315 1
274658 1
265224 1
282864 1
265329 1
275033 1
257038 1
276458 2
256890 2
234835 1
257973 1
279053 1
268944 1
244910 1
274734 1
256931 2
234820 1
275401 1
257974 1
284974 1
253648 1
257110 1
287774 1
285304 1
201672 2
200051 1
234849 1
010786 2
257138 1
256888 2
256582 1
279055 1
082641 1
274775 1
268954 1
127264 1
282847 1
256993 1
158185 2
274783 1
275275 1
201691 2
274620 1
275260 1
127279 2
274777 1
274841 1
256892 2
151545 2
286424 1
286427 1
173202 2
241490 1
278512 1
269611 1
226749 1
269036 1
187255 2
157915 2
274635 1
275430 1
257135 1
184530 2
274662 1
274568 1
197763 1
229631 2
231898 1
284985 1
269020 1
257234 2
274962 1
257365 2
275857 1
210361 1
257313 1
202805 2
274670 1
192394 1
187259 2
247309 1
274570 1
184556 2
247346 1
158186 2
247387 1
275125 1
257499 1
257503 1
184518 2
228971 1
274674 1
274719 1
184555 2
274778 1
257374 1
176308 2
274626 1
184588 2
264989 1
275032 1
275398 1
245033 1
152397 2
221180 1
018787 1
256987 2
269614 1
267124 1
139475 2
139392 1
244416 1
257134 1
162876 2
012750 2
191890 1
153792 1
197756 1
284330 1
275283 1
151544 1
154881 0
162819 2
235141 1
257237 1
275059 1
275068 1
238482 2
202248 2
221429 1
257589 1
267933 1
266784 1
002815 1
154957 2
275056 1
173213 2
257370 1
244964 1
159852 2
268611 1
244972 1
156693 2
079258 1
079259 1
202656 1
221402 1
257166 1
257307 1
256940 2
275137 1
274701 1
137821 1
192558 1
137833 1
275038 1
201578 0
201580 0
201531 1
275292 1
137856 1
259514 1
274760 1
160331 2
153085 2
154482 1
201533 0
269602 1
279064 1
154958 1
287546 1
270935 1
151306 1
154568 1
137861 1
256982 1
257168 1
188101 2
192572 1
267401 1
230065 2
163455 1
267238 1
257302 1
150202 1
274365 1
274605 0
179398 1
274741 1
256893 1
153556 1
270981 1
275048 1
151318 1
213213 1
155031 2
270881 1
270889 1
152394 2
257167 2
275738 1
257117 1
117133 1
274601 1
154788 2
274815 1
269465 1
154490 1
151305 1
256447 2
255411 1
257324 1
071106 1
104279 1
152398 2
276658 1
274739 1
264027 1
071104 1
104277 1
158714 1
276906 1
274625 1
275069 1
173207 2
075049 0
157679 1
274574 1
154427 1
257172 2
253072 1
190386 2
211234 1
177565 1
176466 1
153571 1
268031 1
173216 2
162056 2
197039 1
164091 1
198024 1
165387 1
274737 1
275071 2
275081 2
171519 1
257108 1
278243 1
284161 1
173314 2
268762 1
002622 2
278606 1
278621 1
177571 1
278569 1
034166 0
154591 1
274754 0
257161 1
269246 1
164146 0
137220 2
154789 2
272303 1
274740 1
254994 1
210727 1
197214 1
274639 1
173650 1
194719 1
274632 1
158606 1
234744 1
221656 1
154786 1
163471 0
285320 1
116046 0
257320 1
275121 1
236111 1
153968 2
154790 2
156647 2
221637 1
137364 1
137374 1
232463 2
082639 0
000106 1
234413 1
275178 1
117120 1
274820 1
201954 2
274633 1
257145 1
269547 1
182631 1
221581 1
276664 1
194727 1
154775 1
158948 2
182637 1
271679 1
153558 1
255674 1
239343 1
274595 1
197205 1
015890 1
276842 1
016635 1
175742 0
138763 0
274592 1
153710 1
189917 1
220748 1
176693 1
269168 1
173318 2
257402 1
234736 1
177920 1
244974 1
276700 1
257321 1
274600 0
216295 1
269894 1
176731 1
276848 1
274366 1
138253 1
172953 2
247415 1
256043 1
138290 1
243640 1
176695 1
254248 1
224069 1
219675 1
283188 1
190808 1
275212 0
190778 1
156642 1
255652 1
196459 1
154802 2
156351 1
176733 1
190827 1
157176 1
274667 1
153535 1
176735 1
275805 1
275031 0
275397 0
263191 1
275052 1
281038 1
243634 1
138385 1
115973 1
229438 1
244973 1
052775 1
154126 2
285653 1
173326 2
268663 1
279422 1
244971 1
190644 2
196081 1
153738 1
263187 1
257157 1
077143 1
270939 1
172954 2
154771 1
137316 1
247029 1
247385 1
275280 1
276808 1
275472 1
160962 1
173042 1
201070 1
201148 1
274617 1
163129 2
162338 2
270986 1
257672 2
199069 1
277173 1
141561 2
052637 1
267629 1
157181 1
278702 1
176738 2
219727 0
247028 1
268674 1
082015 0
191185 2
173412 2
276002 0
173248 2
156843 0
014352 1
156124 2
274830 1
253699 1
253793 1
253822 1
253853 1
254373 1
254379 1
254381 1
254383 1
254391 1
278785 1
198889 1
019032 1
176027 0
161263 0
199042 1
199044 1
199096 1
276668 1
193971 0
177971 1
201059 1
163126 2
008754 2
172929 2
168532 1
140626 0
257140 1
279771 1
274609 1
150088 1
010931 0
222898 0
240271 1
199068 1
276861 1
222055 1
270958 1
270993 1
271313 1
221887 1
270987 1
273426 1
018867 0
257678 1
222521 1
247384 1
169647 1
148992 1
201142 1
237420 1
152276 1
172878 1
268678 1
137288 2
257937 1
154131 1
276971 1
154824 1
276843 1
099631 0
255347 0
153978 1
154429 1
137293 1
253086 0
253129 0
270967 1
237419 1
153712 1
157893 2
154826 1
277000 1
237434 1
025714 1
276864 1
277175 1
150878 1
119254 1
154764 1
256886 2
138292 0
002315 1
161388 1
173200 2
274720 1
237435 1
119892 1
025296 1
240284 1
276677 1
154811 1
273262 1
157887 1
155167 0
148787 1
223899 0
154734 0
016029 1
173296 1
173330 2
149142 1
015744 1
154898 1
276357 1
163762 1
154756 1
147163 0
010142 0
173331 2
168132 0
276359 1
276338 1
270892 0
276593 1
221981 1
173205 1
154813 0
005462 0
155576 1
250460 2
161176 1
085621 1
276380 1
276566 1
085631 1
165398 1
161847 1
161146 1
273221 1
173329 2
270953 1
257420 1
173561 1
173257 2
267989 1
004144 1
118253 1
173315 2
154671 1
178083 1
154672 0
285989 1
275350 1
154749 2
283475 0
264409 0
148555 0
276744 1
275349 1
271304 1
133162 1
154522 1
153052 1
148545 0
154902 1
005083 0
275509 1
276749 1
190777 1
271601 1
165747 1
275594 1
156492 1
094328 1
279059 1
279051 1
164291 2
196879 0
156493 1
279065 1
156486 1
271110 1
273961 1
257426 1
273936 1
225454 1
270994 1
276992 1
187276 1
173588 0
160865 1
276678 1
273250 1
281936 1
154524 0
285953 1
132816 1
177885 0
229348 1
176421 1
273451 1
176408 1
148772 2
275485 1
161356 1
274016 1
132716 1
276716 1
165833 1
273214 1
010552 1
174422 1
165837 1
178763 1
178648 1
173805 1
276996 1
093474 0
132795 1
161303 1
271044 1
276659 1
068716 0
278532 1
276844 1
154517 2
154843 1
271059 1
169098 0
169099 0
253389 0
132796 1
271054 1
278548 1
270802 1
153725 1
275070 1
278616 1
272169 2
274585 1
274627 1
250845 0
178769 1
275491 1
132873 1
132834 1
132868 1
270798 1
270801 1
225395 1
173381 1
278538 1
276715 1
173386 1
278540 1
165716 1
178787 1
165875 1
275080 1
271036 1
275365 1
271032 1
273305 1
165743 1
174407 1
276849 1
173408 1
272128 2
276748 0
271374 1
272001 2
260380 1
272129 1
176220 1
278798 1
211766 1
174423 1
153749 1
225787 1
154763 1
154518 2
271077 1
278734 1
276742 1
278547 1
272403 1
271015 1
271301 1
273246 1
171566 1
201060 0
201071 0
201143 0
201149 0
158036 1
273903 1
171555 1
136199 1
271591 1
276939 1
176426 1
276731 1
047410 0
264799 1
264858 1
264860 0
166056 1
173686 1
154809 1
174625 0
154173 1
278615 1
154632 1
173898 1
154836 1
211580 1
211767 1
261022 0
154823 1
260981 0
260364 1
273888 0
154845 1
154633 1
153969 1
154068 1
154067 1
006983 0
153988 0
175361 1
154481 1
138236 2
138237 1
176221 1
001552 1
168501 2
168502 2
063605 0
168489 1
154489 0
271406 1
271508 1
154793 0
221847 1
278386 1
225780 1
278383 1
049176 1
049168 1
172779 1
224392 1
277283 0
224160 1
271322 1
223961 1
041905 1
276339 1
276358 1
276360 1
276381 1
276567 1
278800 0
158453 1
274624 1
154503 0
126217 0
271391 1
126226 1
030131 0
262792 0
271509 1
221903 1
278559 1
276822 1
175605 0
278550 1
172767 2
064332 1
141975 1
162356 1
142066 0
162351 1
162906 0
257158 0
052751 0
161192 0
160817 0
271076 1
274636 1
153458 0
275151 1
048718 2
278551 1
257805 1
257377 0
257800 1
274573 1
276379 1
111499 1
110352 1
156494 0
271065 1
061214 1
063302 0
061176 1
061169 1
147090 0
114650 1
276565 1
116876 0
017581 0
114018 0
262802 0
274607 0
181744 1
173308 2
272190 1
276825 1
028877 0
272193 1
173327 2
162815 1
154516 0
283638 0
286426 1
192994 0
286423 1
277003 1
271540 0
276667 1
278184 0
173347 2
275884 1
164138 0
252220 0
092046 0
276689 1
271116 1
277781 0
043658 0
254390 0
173253 1
173415 2
154538 1
119489 0
276751 0
173409 2
154574 1
227285 0
154575 1
253753 0
165395 0
277835 0
113870 0
227973 0
173334 1
271124 1
230626 1
112792 1
150125 1
137300 0
230616 1
150117 1
275583 1
223479 1
173389 2
016720 1
160616 2
009675 1
122090 1
274807 1
004324 0
275581 1
219643 1
274801 1
173397 2
229334 0
274805 1
219622 1
211005 0
221755 1
274602 1
160610 2
282013 1
282011 0
158560 1
275362 1
173335 1
280023 0
280079 1
280080 0
158551 0
278684 1
211511 0
278640 1
257218 1
278641 0
257207 2
173384 0
257121 1
053248 0
257127 1
129926 0
276596 0
003817 0
174697 1
174734 1
142075 0
183965 0
174863 1
174874 1
179117 0
173307 2
107772 1
173275 1
004668 0
107759 1
264990 0
257455 1
286643 1
172896 2
234213 0
286782 1
286809 1
286714 1
257454 1
000328 0
094331 0
275366 1
173398 2
226748 0
275363 1
278637 1
256927 1
270951 1
173388 1
278632 1
271106 1
074738 0
275422 1
135608 0
276713 1
154454 0
276762 1
253812 1
173400 2
014208 1
277004 1
257502 1
164369 1
007158 2
276917 1
167223 0
130177 0
276801 1
165820 1
138624 1
138605 0
276945 1
162782 1
256411 0
162856 1
162860 1
057095 0
277228 1
152236 0
277212 1
087281 1
027844 0
087259 0
195601 0
047197 0
277063 1
148724 0
277067 1
229064 0
002932 0
044538 0
054380 0
270992 1
276651 1
023325 0
270957 1
286808 1
224061 1
277316 1
025713 0
224172 1
224023 1
277312 1
117290 1
117377 0
047152 0
286781 1
137302 1
074751 0
187815 2
187805 1
260633 0
058756 0
188439 0
140573 0
255673 0
221693 0
004366 0
087283 1
136877 0
173387 2
283476 1
226400 1
225946 1
265593 0
226475 1
226069 1
283447 1
225901 1
225752 1
173390 2
277227 1
043746 0
277211 1
277516 1
223701 1
226620 0
223714 0
277517 1
277209 1
270954 1
238226 0
270977 1
277265 1
276649 1
276660 1
277226 1
226723 0
277210 1
257174 0
154831 1
276720 0
154834 0
275301 0
283448 1
283477 1
176222 2
158321 2
061057 0
275521 1
142426 0
263113 0
276778 1
188814 0
276782 1
146893 1
228611 0
154787 0
276732 1
009361 0
276733 1
276736 1
158332 0
276738 1
026187 0
152846 1
094851 0
019021 1
138745 0
149983 1
278561 1
159003 1
159004 1
194510 0
278611 1
153559 1
276910 0
153573 0
194602 1
013783 0
194590 0
272753 0
001232 0
014603 1
126152 1
117124 0
005411 1
133857 1
019315 0
002819 1
202961 0
082088 0
276997 1
015215 0
276989 1
271053 1
278629 0
271058 1
152826 0
276728 1
277008 1
277919 1
278584 1
271627 1
276735 1
277900 1
276741 1
288212 0
278603 1
277030 1
276725 1
276727 1
276723 1
101407 1
276927 1
276648 1
083432 0
274020 1
047953 0
153745 0
276726 1
276729 1
100648 1
276724 1
114233 0
274014 1
114191 0
011698 0
172912 2
276767 1
172886 2
004884 0
193349 0
276739 1
276672 1
003649 1
163593 0
276663 1
137365 1
277318 0
056996 0
170538 2
276745 0
130303 0
223665 1
038377 0
091878 1
091768 1
168289 0
059492 0
257122 1
257128 1
157370 0
075379 0
214390 1
239370 0
277679 0
097554 0
178286 0
101298 1
270948 1
097090 0
270979 1
107993 0
187232 1
083336 0
192463 0
259710 0
239866 0
007457 0
117478 0
141319 0
062285 0
229810 0
181248 0
173413 2
276863 1
229076 0
276860 1
141958 0
092982 0
280542 0
255259 0
199489 0
228168 0
173190 0
276737 1
276734 1
075003 0
276740 1
271073 1
174897 0
167973 0
279304 0
057706 0
154655 1
168888 1
280698 0
154656 0
028911 1
154835 0
024782 0
173420 1
166338 0
277229 1
132570 0
277208 1
167409 1
167410 1
219286 1
243639 0
167407 1
219293 1
276926 1
084858 0
273374 1
257139 1
238299 0
257023 1
272630 0
138735 0
275249 0
273387 1
278844 0
137127 0
174628 0
276656 1
277134 1
224300 0
277131 1
170523 2
173289 0
271071 1
278407 1
227693 0
278409 1
271080 0
274464 0
005082 0
008971 0
282079 0
267886 0
257498 0
227183 0
227066 0
268176 1
277974 1
152247 0
277968 1
047154 0
188001 0
192428 0
276950 0
192578 0
287936 0
024957 0
274854 0
100931 0
208147 0
158450 0
269624 0
154842 0
279937 0
276384 1
276573 1
253443 0
259194 0
123072 0
287717 0
258327 0
180025 0
054071 0
256938 2
150255 0
168383 0
047542 0
272353 0
277688 0
005990 0
005545 0
276650 1
098156 0
057406 0
258999 0
180066 0
057550 0
038716 0
242341 1
083975 0
242335 0
242340 0
278916 1
280024 1
280042 0
280083 0
254372 0
255922 0
172888 0
278917 1
280025 1
280043 1
280084 1
274973 0
278915 0
268685 1
268139 1
279770 1
072073 0
279031 1
187237 0
277466 1
279471 0
270974 1
277413 1
271007 1
275030 0
257181 0
276661 0
270058 0
136626 0
267161 0
276766 0
277684 0
228793 0
052368 0
156516 0
008723 0
270775 1
149793 0
087144 0
062180 0
000520 0
280041 0
097100 1
097112 1
100091 0
223948 0
096663 0
240547 0
190094 0
269428 0
276642 1
277681 1
224710 0
277615 1
107854 1
107905 1
030850 0
107906 1
126341 1
126358 0
005480 1
120044 1
091377 0
117104 0
277133 1
278488 0
277132 1
253359 0
004428 0
255353 0
082915 0
128527 1
015398 0
154095 0
128670 0
024543 1
084116 0
015756 0
027132 0
154569 0
272341 0
175623 0
012969 0
128671 1
018043 0
007147 1
002521 0
266532 0
079630 0
017340 0
014907 1
125818 1
055462 0
123348 1
225740 0
138289 0
047009 0
010106 0
276641 1
153463 0
117802 0
052488 1
028615 0
052406 1
052664 0
121893 0
174650 0
278851 1
028946 1
278847 0
040862 0
013218 0
201499 0
272326 0
154798 0
129556 0
272021 0
158972 1
239594 1
040044 0
159062 0
055690 0
092089 1
007152 0
239252 0
275764 1
277315 1
277078 0
275704 1
277314 1
141362 0
028636 1
137052 0
028621 1
276750 0
119192 0
162825 0
051011 1
256960 0
029315 0
280671 0
050317 1
173362 0
173903 2
005079 0
074760 0
190549 0
140539 0
053844 0
276006 0
019499 0
185712 0
117284 0
264770 0
140966 0
007110 0
173291 0
154130 0
251323 0
083953 0
063595 0
276671 1
056666 1
084956 0
041956 1
276662 1
069044 0
203833 0
164492 0
226726 0
276673 0
277051 1
101282 0
276965 1
041667 0
142339 0
114946 0
285750 1
166830 0
275384 0
280082 0
201579 0
141321 0
137311 0
141648 0
278809 0
154504 0
118962 0
168985 0
277364 0
002081 0
266840 0
272737 0
277786 0
159076 1
163614 0
234419 0
113316 0
053031 0
062475 0
120469 0
194563 0
142258 0
141973 0
012069 0
045294 0
193077 0
006794 0
005154 0
173299 1
076758 1
153125 0
042250 0
201504 0
273575 0
287543 0
235527 0
083438 0
227908 0
274604 0
138325 0
083918 0
069752 0
101056 0
230325 0
239064 0
037046 0
050417 0
254378 0
275676 1
080893 0
275586 0
275543 1
179590 0
159512 0
139674 0
219610 0
269891 0
256042 0
116794 1
054335 0
187244 0
116486 0
242008 0
226411 1
058551 1
168693 0
226516 1
201400 0
049741 0
257133 0
097602 0
226532 0
227876 0
276891 0
141878 0
277993 0
014176 0
132115 0
225982 0
091763 0
047381 0
214562 0
067501 1
012425 0
265147 0
134341 0
152231 0
137537 0
021779 0
265456 0
141867 0
036981 0
130159 0
087129 0
026740 0
285118 0
164220 0
025027 0
173243 1
056052 0
173254 1
277717 0
028878 0
071371 0
267042 0
281456 0
254380 0
167453 1
167454 1
048564 0
167445 1
086230 1
007475 2
002316 0
086148 0
185885 0
091662 0
092064 0
269070 0
276197 0
027124 0
115274 0
141334 0
279943 0
153126 0
275492 0
278106 1
116144 0
278119 0
289398 1
244533 1
028542 0
289397 0
236978 0
138674 1
275496 0
138652 1
199407 0
158934 0
042846 0
005700 0
007440 0
185504 0
214853 0
173358 0
167298 0
057064 0
010436 0
193016 1
119455 0
192917 1
192924 1
192940 1
192920 1
193002 1
192915 1
256311 0
189044 1
189058 1
278929 0
187994 1
172628 0
187667 1
187995 1
053073 0
221354 0
289988 0
227895 0
137786 0
282164 0
001081 0
101965 0
189477 0
188961 1
210575 0
188957 0
277947 0
114084 0
015200 1
118467 0
165939 0
274975 0
087055 0
238381 0
147968 0
189144 0
245130 0
256583 1
277074 0
256586 1
256326 1
273750 0
091376 0
254903 0
017169 1
017187 0
153574 0
252221 0
153568 0
276757 0
117114 0
154729 0
154758 0
227060 0
265028 0
111583 0
181240 0
116196 0
176386 0
233594 0
137200 0
142425 0
027850 0
210734 0
101970 0
047057 0
231827 0
014248 0
221855 0
041067 0
276300 0
229486 0
257401 1
149345 0
273639 0
253084 0
265634 0
158297 0
219126 0
140318 0
193948 0
038100 0
153569 0
001165 0
139932 0
026300 0
176724 0
263900 0
130492 0
052825 0
175629 0
019312 0
002595 1
067747 0
016919 0
057616 0
231701 0
154457 0
075010 0
278380 0
259444 0
244299 0
276158 0
114013 0
234210 0
160408 0
130946 0
272362 0
056231 0
004139 0
179947 0
054226 0
140492 0
101051 0
226612 0
193183 0
120124 0
063536 0
113812 0
253516 0
259699 0
283491 0
286493 0
201644 0
229061 0
275034 0
263832 0
285458 1
285460 1
274205 0
280706 0
279308 0
280714 0
268164 0
057780 0
266594 0
030569 0
091879 0
280711 0
206687 1
063112 0
097452 0
281834 0
277350 0
193706 1
166659 0
193659 0
253444 0
192919 0
242018 0
237800 0
042723 0
048875 0
118605 0
051324 0
043180 0
192948 1
275719 1
140701 0
054100 0
026492 0
202434 0
223813 0
211545 0
187697 0
271420 0
092487 0
277745 1
178183 0
277742 1
279054 0
054449 0
030041 0
265152 0
039219 0
256474 0
169590 0
045088 0
150888 0
004046 0
280693 0
113986 0
239261 0
229055 0
277913 0
057752 0
057378 0
023402 1
230670 0
164110 0
276679 0
169652 0
280710 0
134088 0
160279 0
121829 0
141710 0
254382 0
171539 0
262427 1
091324 0
172162 0
015295 0
225829 0
114258 0
189471 0
173766 0
272580 0
193652 1
193660 1
193662 1
193707 1
233148 0
180731 0
027100 0
117122 0
171828 0
111175 0
277972 0
141807 0
240628 0
280543 0
048397 1
114545 0
057324 0
259436 0
124162 0
224964 0
062166 0
256585 0
066894 0
278790 0
047654 0
189145 0
055131 0
277813 0
048617 0
162834 0
142289 0
271706 1
148652 0
270122 0
054067 0
201390 0
185404 0
157809 0
057764 0
142186 0
006449 1
033049 0
254514 0
274307 0
177479 0
114440 0
041491 0
063830 0
152361 1
137163 0
152252 1
119233 0
253517 0
066321 0
142249 0
128197 0
124323 0
280715 1
006923 0
043294 1
193476 0
227206 0
222964 0
280206 0
133417 0
261243 0
159656 0
234485 0
053614 0
257397 0
285766 1
275107 0
084202 0
256446 0
279126 1
138072 0
202411 0
074737 0
037783 0
005040 1
119234 0
119292 0
119432 1
095360 0
066621 0
028947 0
276952 0
174139 0
164510 0
049365 0
265166 0
152799 1
036686 0
019013 1
068660 0
201577 0
213927 0
142424 0
208758 0
224716 0
168365 0
166339 0
276817 0
157660 0
160081 0
230347 0
120686 0
091581 0
047321 0
024921 0
119482 0
056480 0
152230 0
180572 0
176249 0
172224 0
149805 0
013238 0
005788 0
080414 0
270952 1
278462 1
158430 0
278480 1
278489 1
154815 0
260849 0
278479 0
203972 0
278860 0
260851 0
278182 0
227734 0
290043 0
154816 0
220041 0
276747 0
168395 1
168484 0
168465 0
168388 0
274463 1
274432 0
274473 0
274460 0
274469 0
047262 0
222653 0
016007 0
191139 0
260642 0
165583 0
255783 0
284251 0
140554 0
168391 0
011084 0
053496 0
139112 0
277348 0
141649 0
274449 0
270683 0
120317 0
256667 0
230716 0
043016 0
056890 0
101964 0
091476 0
162905 0
136946 1
185131 0
136997 0
137000 0
137047 0
137109 0
019473 0
001873 0
095603 0
077421 1
272223 0
066978 0
136363 0
044187 0
282043 0
253521 0
010547 0
196065 1
084168 0
224709 0
228848 0
051534 0
218690 0
179837 0
225983 1
075766 0
224030 0
032122 0
224015 0
185670 0
275822 0
005992 0
253522 0
259437 0
262155 0
272328 0
278766 0
186556 0
284411 0
077500 0
139739 0
198100 0
223835 0
083958 0
203590 0
158330 0
215468 0
078939 0
219079 0
014154 0
153750 0
009631 0
007460 0
025504 0
160790 0
145959 0
154572 0
104544 0
234026 0
057397 0
280485 0
139992 0
163415 0
110702 0
278839 1
110175 0
278822 0
278801 0
278458 0
113520 1
284721 0
169580 0
011283 0
204347 0
006960 0
035001 0
278810 0
059251 0
257875 0
258242 0
141865 0
244185 0
074555 0
256415 0
231824 0
116143 0
172893 2
266929 0
172748 1
083697 0
055489 0
278806 0
056261 0
052115 0
275274 0
052830 0
263615 0
253127 0
053109 0
012978 0
277689 0
055015 0
038491 0
179953 0
179189 0
277310 0
046688 0
276852 0
253792 0
087012 1
087015 0
193258 0
083237 0
136715 0
091764 1
090901 0
263331 0
056718 0
277924 0
047712 0
087282 0
082082 0
066345 0
166831 0
083207 0
222864 0
152037 0
245005 0
007316 0
188793 0
253698 0
271260 0
079690 0
025681 0
057255 0
057134 0
285067 0
272582 0
179900 0
276771 0
238372 0
157239 0
055771 0
165798 0
278195 0
142067 1
083911 0
142073 1
090616 0
072451 0
119291 0
156047 0
005611 0
250875 0
288095 0
211562 0
201147 0
172963 0
214882 0
213216 0
118470 0
277888 0
168296 0
012215 0
256187 0
234072 0
219372 0
269897 0
054997 0
260853 0
031100 0
084045 0
061455 0
057553 0
052752 0
272742 0
167385 0
199666 0
112527 0
269253 0
224293 0
064887 0
083444 0
095622 0
075875 0
029052 0
277359 0
138274 0
056619 0
026702 0
134244 0
253515 0
189472 0
219162 0
265641 0
186756 0
066707 0
158933 0
237877 0
228504 0
082089 0
237849 0
057850 0
059556 0
004830 1
154120 0
091957 0
271503 0
169591 0
120302 0
057751 0
178124 0
271811 0
080372 0
176047 0
125264 0
231886 0
149346 0
251322 0
057773 0
164087 0
240999 0
137600 0
259445 0
253852 0
097104 0
277264 0
049748 0
157634 0
072161 0
256506 0
193591 0
134692 0
120706 0
273032 0
010203 0
218890 0
092141 0
159423 0
251938 0
010282 0
175805 0
034115 0
278745 0
054326 0
122213 0
226524 0
211557 0
137242 0
005039 0
164504 0
161226 0
057867 0
071652 0
283221 0
280857 0
040051 0
003964 0
165943 0
050954 0
278085 0
229081 0
238406 0
024744 0
228953 0
140569 0
277914 0
278084 0
194521 0
029659 0
017382 0
173391 1
277240 0
173393 2
228130 0
017523 0
039302 0
084646 0
056513 0
173770 0
284820 0
064241 0
167519 0
117901 0
272410 0
149025 0
054046 0
121834 0
230272 0
276760 0
263966 0
136171 1
083149 0
136176 0
056363 0
119492 0
136565 0
186070 0
271507 0
091094 0
224084 0
057389 0
033323 0
154588 0
264624 0
054058 0
117799 0
266603 0
282731 0
141962 0
166028 0
084292 0
230826 0
054770 0
235533 0
234211 0
252619 0
228715 0
286329 0
084536 0
150346 0
005119 0
201488 0
140715 0
114447 0
153452 0
067080 0
164623 0
236986 0
201395 0
010446 0
160220 0
274994 0
007090 0
156262 0
267937 0
064254 0
173306 0
226868 0
092517 0
050320 0
281406 0
048603 0
140543 0
176716 0
253520 0
005866 0
113522 0
274256 0
172910 0
116913 0
099599 0
278032 0
082906 0
277236 0
227054 0
276982 1
225836 0
276980 0
276979 0
278089 0
230085 0
219444 0
265399 0
116837 0
018380 0
134247 0
183291 0
275427 0
193508 0
007427 0
057436 0
038389 0
272649 0
127674 0
263110 0
225631 0
174269 0
010423 0
005116 0
005905 0
219857 0
271895 0
241750 0
196877 0
269844 0
156498 0
253821 0
114649 0
185552 0
257876 0
209291 0
114085 0
079926 0
055980 0
184686 0
166141 0
078968 0
275483 0
187443 0
072754 0
265072 0
252821 0
032766 0
047222 0
089280 0
057245 0
118930 0
280039 0
026442 0
256041 0
278733 0
063304 0
276578 0
057063 0
196648 0
054968 0
213866 0
080526 0
227039 0
080250 0
117902 0
175610 0
173088 0
005089 0
173937 0
270025 0
004678 0
083271 0
022462 0
239074 0
278825 0
101962 0
145270 0
258994 0
220942 0
225769 0
057861 0
192594 0
134528 0
178346 0
083563 0
270522 0
053612 0
018466 0
037384 0
091458 0
119851 0
048009 0
201693 0
280774 0
284740 0
198435 0
154768 0
022987 0
054307 0
265153 0
282096 0
117756 0
279119 0
078190 0
277214 0
223776 0
200600 0
055108 0
043885 0
228365 0
080244 0
280673 0
276555 0
185130 0
070398 0
174708 0
157575 0
013028 0
217221 0
229534 0
275975 0
165502 0
181239 0
004695 0
030996 0
256866 1
160785 0
278196 0
274793 1
165645 0
276654 1
275984 0
142950 0
275166 1
216857 0
275150 0
275142 0
218450 0
228623 0
057562 0
074985 0
276388 0
252092 0
030834 0
290089 0
265512 0
257113 0
202127 0
153648 0
163880 0
206278 0
253380 0
051653 0
253386 0
267068 0
277670 0
114937 0
154640 0
261621 0
096285 0
142288 0
229830 0
118887 0
054374 0
225984 0
034532 0
281462 0
009746 0
174153 0
057689 0
276776 0
289532 0
163754 0
278707 0
240966 0
225956 0
203896 0
243704 0
238297 0
057769 0
075048 0
074438 0
136950 0
173694 0
115169 0
167974 0
147966 0
176306 0
269914 0
046768 0
115761 0
154157 0
136835 0
193985 0
134135 1
043401 0
166606 0
179465 0
053875 0
193414 0
139492 0
225420 0
277995 0
260463 0
178869 0
054320 0
134087 0
235475 0
113826 0
198407 0
084043 0
280393 1
016145 0
280459 0
263196 0
287405 0
136957 0
027103 0
047403 0
165800 0
277845 0
157361 0
193488 0
169670 0
047462 0
005582 0
257880 0
149335 0
025683 0
281460 1
239602 0
222277 0
278171 1
256752 0
278170 0
263643 0
227082 0
201454 0
007955 0
226865 0
058370 0
284550 0
275943 0
241840 0
120002 0
260855 0
