015550 2
256745 2
165852 1
261316 1
261321 1
184504 2
163047 1
145670 1
189986 2
147481 1
151509 2
149124 1
181708 1
136599 2
265000 1
211729 1
181750 1
261323 1
181844 1
177035 0
229282 2
181748 1
151525 1
189857 1
181705 1
141136 2
002421 0
141135 2
141247 2
008965 2
016620 2
141250 2
211747 1
218031 0
237717 1
146972 1
013309 1
141246 2
225698 1
255471 2
151484 1
225696 1
207260 0
157225 1
279100 1
131480 2
157151 1
156034 1
162873 0
155623 2
264381 1
264471 1
224835 1
265060 2
150316 1
265002 1
264906 2
135806 1
087737 0
141752 1
136280 2
151074 1
153042 2
133573 1
239891 1
279102 2
225702 1
070591 2
103763 2
182204 2
265061 2
013738 2
182663 2
002420 1
135692 1
153089 2
159780 2
101618 0
170988 2
176596 2
135686 2
279149 2
077162 2
180000 1
115260 2
261985 2
155555 1
155556 1
070775 2
103948 2
171394 1
279138 2
221966 0
157104 1
176602 1
220310 2
199005 1
159219 2
150344 1
152523 1
190344 1
141663 1
142237 1
190337 1
191490 1
155452 1
191652 2
248073 0
199007 1
142319 1
196969 2
173126 1
248737 0
199016 1
279061 1
002496 0
196162 1
153097 1
003780 2
176659 1
014177 2
252112 1
163705 2
150102 1
261386 1
153176 2
265218 1
183526 1
093487 2
067073 1
190437 1
083004 2
232886 1
150986 1
197060 1
169151 1
134023 1
164782 2
000937 2
228686 0
151946 0
225567 1
190492 1
221960 0
083022 2
092708 2
261396 2
237720 1
176629 1
164374 0
155981 1
150104 1
199034 1
016457 2
190432 2
246455 0
147631 2
197801 1
197807 1
260060 0
136730 2
083008 2
070599 2
103772 2
079924 2
191464 2
095839 2
176758 1
195543 2
070852 2
104025 2
176769 1
176770 1
195535 2
191481 2
097977 2
190623 1
192637 2
019394 0
067114 2
195538 2
179913 1
077177 2
191574 2
190482 1
192646 2
093244 2
083044 2
197766 1
115251 2
153048 1
001528 2
002983 2
093036 2
190517 1
190510 1
192639 2
126685 2
222048 1
092705 2
142330 1
199539 1
159781 0
134013 1
142325 1
154870 1
183977 2
255391 2
190511 1
222114 1
184974 1
001111 1
185093 1
176946 1
016535 1
167069 1
147385 1
136642 1
176787 1
185143 1
095838 2
085214 2
097951 2
153092 1
176951 1
148675 1
183565 1
215314 1
145705 1
192189 2
156377 1
136649 1
200812 1
199647 1
145337 1
013648 2
174882 1
130184 2
014584 2
008552 2
155917 0
085220 1
255290 2
131249 2
193141 2
195548 0
235767 1
202462 2
093245 1
222049 1
093238 2
259898 1
254551 1
147384 1
196838 1
170817 2
134021 1
242264 0
242266 0
288894 1
288946 1
255463 1
190819 1
156624 1
169026 0
224581 1
189381 1
158638 1
155534 2
159744 2
159745 2
196967 1
259909 1
152438 1
067177 2
188673 1
157383 1
065410 2
222425 1
002672 1
018537 0
177332 2
169012 1
159233 1
185746 1
152446 1
085215 1
154742 1
013665 2
188663 1
162050 1
002694 2
150080 1
252700 1
016699 1
148134 1
141183 0
087837 2
016628 2
130374 1
188662 1
177153 1
157978 1
156613 2
141184 0
220096 2
220105 2
242140 1
159758 2
001559 2
258385 2
145655 1
014462 2
181930 1
154129 2
232158 1
014530 1
157982 1
195547 0
138310 2
170835 1
220711 2
220716 2
002124 1
189382 1
000537 1
195549 0
084902 1
153138 2
157943 1
158236 1
156612 2
158305 1
217871 2
217877 2
161271 1
154719 0
194309 1
035524 0
195546 0
159920 2
159921 2
157143 2
126648 2
156565 1
010435 1
136790 1
217698 1
194306 1
220292 1
182112 1
181479 1
016710 1
136794 1
227557 1
252287 1
144073 1
150928 1
231765 1
155931 2
044638 2
001565 2
142411 1
225556 0
263543 2
004558 1
227794 1
163163 2
009625 0
218693 2
179648 2
017553 0
176765 1
045407 0
015236 0
125504 0
160464 2
147495 1
160744 2
160745 2
163104 2
161164 1
258341 1
016926 1
182104 1
190416 2
234265 1
130154 1
210828 1
175741 1
138242 0
190294 2
190302 2
235220 2
001530 1
231685 1
014543 2
231684 1
232131 1
190568 2
231467 1
000952 0
157137 1
176303 0
255354 0
254552 0
177133 0
190702 2
190911 2
192628 2
156553 1
220259 2
227680 1
190560 2
220181 0
153782 1
215724 0
117689 0
231614 2
140620 1
175738 0
008506 1
154560 1
202452 0
228038 1
024366 0
154542 1
131991 0
158874 1
255433 2
183937 1
255403 0
183933 1
159008 0
014058 1
233212 1
146563 1
185745 1
202662 1
160932 0
202687 1
186747 1
223910 1
159436 1
186746 1
282297 0
223900 1
223909 1
202723 1
156954 2
037750 1
211493 1
142247 1
190561 1
136518 1
244301 1
233308 0
145400 1
002813 2
145398 1
155289 1
142874 1
226396 0
133139 2
227798 2
219371 1
254438 1
208227 0
278634 0
140853 1
001560 2
154696 0
136337 0
002194 2
156953 2
190563 0
037650 1
037660 1
153570 0
141832 0
019042 2
184004 2
061119 0
179127 1
240349 1
153828 2
237611 0
234956 0
152259 0
160182 0
094124 0
261328 1
149930 0
261414 1
260057 0
163518 1
195018 1
132649 1
158605 1
201649 0
158603 1
227749 0
164213 1
164217 1
164028 1
131208 1
002317 0
000143 1
244978 0
185748 0
190235 1
222205 1
288988 1
147063 1
147074 1
016671 0
288934 1
227906 0
195770 1
195580 1
194394 0
189061 0
085959 0
236017 1
235505 1
235264 1
000834 0
235729 0
202679 1
198598 1
259495 1
198608 1
236268 0
067406 0
212841 0
207402 2
196901 0
203376 1
087834 0
206115 1
101156 0
203000 0
230829 0
148120 0
134263 1
134292 1
053447 0
134010 1
134184 1
191557 2
155869 1
095419 0
153040 1
000921 0
136353 2
195726 1
195728 1
195737 1
195739 1
195803 1
195806 1
195815 1
195817 1
195830 1
195870 1
195933 1
194911 1
259247 1
237386 1
176819 0
191669 2
013298 0
145387 0
182699 1
253215 0
182728 1
194990 1
182729 1
182764 1
195033 1
195210 1
195932 0
182492 0
195224 1
259215 0
195223 1
265808 1
028542 0
265844 1
141190 1
132444 1
136911 1
179981 1
179986 1
214147 0
179982 1
220111 1
136436 1
170247 1
192117 0
136442 1
170238 1
136444 1
170010 0
009758 0
152908 1
125163 0
205653 0
252176 1
093342 0
059205 0
157218 0
123629 0
146509 0
250421 0
179331 1
115275 0
007207 0
221767 0
192204 0
200642 0
179649 0
163107 0
140179 0
158540 0
030390 0
200637 1
144585 0
011620 0
202483 2
231564 0
030033 0
013987 1
168749 1
276527 0
146353 1
153839 0
053290 0
234088 0
064250 0
014213 1
163428 1
179406 1
176264 0
242013 0
156617 2
156610 0
156608 0
085428 0
183987 0
161283 0
194818 0
199416 0
139776 0
209950 2
019508 0
013124 0
279098 0
144959 0
154376 0
164302 0
175759 0
286472 0
247941 0
159023 2
159020 0
160848 0
268879 0
137542 0
111703 0
184218 0
234242 0
218589 0
156607 0
033839 0
135149 0
005924 0
155185 0
000432 0
081318 0
165744 0
228654 0
255682 0
265548 0
179911 0
195872 0
259214 0
257739 0
064701 0
190854 0
191869 0
132575 1
058476 1
058519 1
004944 0
127671 0
234084 0
186279 0
219733 2
219342 0
219734 2
219713 0
219711 0
143006 1
007459 0
010650 1
142971 0
070727 0
255308 0
147811 1
179106 0
135104 2
012550 0
002051 0
143186 0
255937 0
160933 0
182499 0
011481 0
143976 0
038148 0
223707 0
002257 0
028917 0
000951 0
014198 0
238606 0
140899 0
267083 0
177066 0
199994 0
109500 0
034449 0
182413 2
191719 0
161441 2
171994 0
161445 0
027160 0
219709 0
133172 0
008659 0
191582 0
163233 0
195829 0
089502 0
232890 0
186752 0
158299 0
168591 0
037371 0
123530 0
202999 0
049272 0
189020 0
156760 0
228773 0
238110 0
168800 0
068096 0
195831 0
164360 0
196226 0
185101 0
231566 0
051284 0
002712 0
079594 0
017557 0
286723 0
146695 0
143173 0
220253 0
197080 0
053404 0
161712 0
011767 0
286653 0
045464 0
289766 0
121909 0
231892 0
235753 0
061132 0
277160 0
163239 0
009942 0
160458 0
031946 0
176083 0
161708 0
185972 0
022756 0
169172 0
157224 0
185672 0
153071 0
012710 0
071931 0
212809 0
209635 0
141695 0
120767 0
059908 0
177036 0
008802 0
194610 0
182703 0
263908 1
020040 0
263954 1
023200 0
126057 0
260103 0
128197 0
130087 1
016593 0
001472 1
012460 0
001504 1
000908 0
151308 0
009122 0
001419 0
242617 0
161446 0
263733 0
156533 0
026737 0
010640 0
136572 0
127604 0
161783 0
053846 0
155198 0
238435 0
089471 0
041837 0
157814 0
185483 0
263325 0
050011 0
152798 0
202750 0
190562 0
194116 0
240375 0
285644 0
000745 0
195816 0
234075 0
198203 0
159821 0
177032 0
176184 0
217762 0
089328 0
161198 1
143977 0
225555 0
196109 0
221873 0
011773 0
125006 0
197330 0
191007 0
260056 0
005078 0
014707 0
147871 0
184729 0
202422 0
226101 0
233371 0
093945 0
230394 1
009048 0
230413 1
230393 1
227828 0
230293 0
230321 0
142491 0
228714 0
241740 0
139845 0
128998 0
231513 0
227207 0
185744 0
000510 0
263139 0
089472 0
251044 0
213516 0
017401 0
155533 0
259933 0
192571 0
029813 0
157878 0
020125 0
233788 0
160617 0
147660 0
166678 0
258895 0
279099 0
059240 0
053443 0
132805 0
260053 0
034729 0
207666 0
029411 0
239306 0
276970 0
009195 0
219344 1
080312 0
259939 0
125019 0
269578 0
155814 0
289357 0
087179 0
191974 0
181986 0
157771 0
279963 0
155934 0
268869 0
176138 0
220569 0
110247 0
196693 0
227141 0
274946 0
017436 0
278984 0
268346 0
140251 0
221696 0
168440 0
233440 0
136327 0
011614 0
014211 0
255476 0
133846 0
284521 0
141934 0
232036 0
061831 0
262135 0
219299 0
197358 0
202657 0
146415 0
150521 0
200729 0
008944 0
133874 0
168803 0
157297 0
155789 0
003487 1
176820 0
074566 0
123161 0
095414 0
050286 0
271364 0
171397 0
026799 0
126154 0
215722 0
153148 0
181084 0
114303 0
235968 0
010743 0
071477 0
153016 0
157562 0
240663 0
267343 0
201952 0
161851 0
028381 0
225171 0
229335 0
156511 1
068129 0
147177 0
223557 0
210175 0
223959 0
123000 0
127607 0
145594 0
275317 0
140282 0
156544 0
238065 0
276877 0
123158 0
015360 0
100952 0
101416 0
007589 0
072123 0
142925 0
284246 0
139664 0
149148 0
027430 0
267006 0
194694 0
001543 0
235557 0
028883 0
195907 0
156900 0
036486 0
237053 0
223989 0
150404 0
001926 0
082717 0
015425 0
102041 0
156715 0
010300 0
074602 0
019766 0
000204 1
015395 0
027870 0
001488 0
164810 0
114964 0
019412 0
059224 0
278635 0
195805 0
207237 0
198281 0
197986 0
176256 1
100073 0
015261 0
017728 0
010491 0
277224 0
264433 0
170042 0
237072 0
018292 0
269683 0
001895 0
018371 0
017858 0
240380 0
015493 0
085205 0
082702 0
240616 0
079569 0
004805 0
265549 0
220320 0
085472 0
227899 0
165479 0
169684 0
181606 0
176214 0
139313 0
002593 0
233729 0
209387 0
196063 0
261908 0
170684 0
156535 0
126168 0
012822 0
154241 0
179120 0
276413 0
122830 0
149750 0
148019 0
280357 0
099150 0
081291 0
139355 0
062465 0
179385 0
286470 0
099763 0
126558 0
142349 0
133240 0
134983 0
142871 0
038795 0
085744 0
051874 0
052937 0
096882 0
195744 0
003538 0
194161 0
026732 0
230749 0
177075 0
198482 0
093936 0
171995 0
192966 0
153004 0
020514 0
195802 0
121886 0
130153 1
080458 0
017499 0
237301 0
064791 0
196698 0
087628 0
004286 0
180619 0
274702 0
112461 0
050003 0
017007 0
150062 0
111757 0
109506 0
000372 0
221602 0
145216 0
122836 0
