238411 0
233640 0
269056 0
082766 0
266911 2
212162 2
222787 1
238033 0
222788 0
212167 2
266308 1
211172 1
203124 1
236366 0
203131 1
201475 2
201337 2
201474 2
266333 1
201603 0
266375 0
266378 1
137045 0
264605 0
196905 1
266377 0
268383 0
182434 0
205360 1
208486 0
223031 1
194954 2
215692 0
223029 1
223028 1
223022 1
223023 1
223019 1
196507 0
222593 2
223369 1
223325 1
214163 2
199777 1
255934 2
255945 2
255948 2
222592 2
214158 2
223386 0
214144 2
199784 1
199759 1
199803 1
199804 1
199745 1
220465 2
231857 1
220420 2
230770 0
219128 1
220112 2
230436 2
210601 1
197822 2
197000 0
196998 0
197819 2
221880 2
256150 1
229616 0
220484 2
220483 2
195482 1
205351 2
231245 1
256152 0
193868 0
220423 2
230409 2
205350 2
219118 1
231163 1
199778 1
219124 0
231159 1
231166 1
199491 2
255944 1
255947 1
280266 1
197226 1
218499 0
221038 0
255933 1
197225 1
284588 0
254773 0
196091 0
271342 0
213100 0
219595 2
254751 2
256004 0
254707 2
254747 2
253604 2
244696 1
270248 2
197885 2
253060 0
270246 2
204547 2
196602 1
204937 2
171700 1
200380 1
203701 1
275836 0
204651 2
218536 2
200375 1
171709 1
171674 1
171708 1
171667 1
171673 1
182984 0
196578 1
253883 1
253886 1
201513 2
213979 0
226018 0
270247 2
270249 2
213686 0
252870 2
253896 1
199839 2
197544 1
242242 0
252789 2
256555 2
196355 0
272657 0
281452 1
199638 2
199604 2
201928 1
273727 0
256926 0
235732 0
170993 1
278925 0
018195 2
128964 2
237240 0
138350 1
192997 1
213024 0
192939 1
150514 0
131685 1
198813 0
196802 2
256032 0
152927 0
240617 1
240583 1
202071 2
263564 0
256563 1
256565 1
196728 0
246421 0
258909 0
199269 1
199268 1
192846 1
192783 2
230101 0
192731 2
199253 0
006299 2
195404 2
194089 0
195378 2
195349 2
195317 2
195236 2
195228 2
195204 2
130337 2
196670 2
196668 2
199086 0
196661 2
196646 2
196655 2
130371 2
130357 2
202756 0
202757 0
198624 2
153662 0
198620 2
198626 2
222313 0
199408 1
138525 2
085633 2
256031 0
138636 2
138632 2
006436 2
006417 2
006624 2
213841 0
140263 2
139758 2
006369 2
155610 2
155611 2
157282 2
006734 2
157258 2
006435 2
211720 0
260672 0
138405 2
151691 2
156127 1
129901 0
141169 2
139134 1
152616 0
151726 0
139765 2
129712 2
006388 2
134068 2
002928 2
139727 2
010966 2
132786 2
006608 0
139522 2
132780 2
134073 2
132821 2
134093 2
132779 2
144048 2
144053 2
144054 2
144060 2
139296 2
139399 2
139314 2
139396 2
139517 2
138816 2
138843 2
138854 2
129880 2
138931 2
002741 2
138913 2
138915 2
144556 2
129729 2
138867 2
138943 2
139211 2
138803 2
129808 2
129834 2
134997 2
131570 2
129807 2
144564 2
129849 2
132693 2
135019 2
144582 2
132694 2
131925 2
003607 2
134905 2
144569 2
144617 2
140394 2
132655 2
138767 2
131574 2
008264 2
131575 2
115297 2
009964 2
058557 2
132060 2
255923 0
138686 2
266877 0
173785 2
143408 2
131576 2
132044 2
152790 0
152791 0
006573 2
147406 2
117370 2
138797 2
138810 2
133670 2
197256 2
197365 2
160164 2
130280 2
210000 0
147946 0
132678 2
131578 2
133660 2
134895 2
130244 1
130243 1
002682 2
130230 2
130253 2
134830 2
130251 2
131696 2
130257 2
133812 2
143182 1
143960 1
143927 2
147416 2
134832 1
144128 2
002889 2
143938 2
144100 2
133638 2
134064 2
144270 2
134837 2
138983 2
143165 1
144271 2
130265 2
134000 2
143958 2
133984 2
002927 2
133980 2
147423 2
197336 2
129994 2
139067 2
133999 2
131772 2
002765 2
002890 2
140262 2
137392 2
139726 0
139763 0
160208 2
133368 2
142750 2
131713 2
139198 0
150966 0
140220 2
144954 2
114660 2
139837 0
142691 1
131790 2
129809 2
141101 2
144948 2
141131 2
138981 2
131700 2
132459 2
139789 0
143467 2
143421 2
142751 2
143415 1
143420 1
144952 2
144945 2
142745 1
144956 2
144935 2
131701 2
134896 2
013779 2
144968 2
002447 2
140176 2
140186 2
130952 2
161721 2
133780 2
133794 2
141082 2
129937 2
114662 2
133779 2
129987 2
138848 1
129934 2
129989 2
131884 2
132554 1
006634 2
129992 2
138394 2
136686 2
141100 2
136638 2
147566 2
012079 2
122892 2
130487 2
130491 2
173789 2
138990 2
069628 2
102801 2
138393 2
131876 1
130116 0
130860 2
069649 2
102822 2
140972 2
069567 2
102740 2
140960 0
132446 2
133755 2
130167 2
002207 1
144164 1
141345 2
140973 2
131608 2
129378 1
129379 1
129371 1
138390 1
137299 2
144810 2
131609 2
129372 1
144853 2
144183 1
144175 1
130864 2
129375 1
130871 2
069824 2
102997 2
130092 2
138507 1
129376 1
017632 1
129355 1
131763 2
131761 2
129374 1
132559 1
129373 1
129381 1
131611 2
130511 2
131600 2
133019 2
131565 2
130877 2
130495 2
130088 2
196095 2
130497 2
131588 1
131805 2
145922 0
133944 2
275837 2
131587 2
145928 0
129452 1
136475 0
117144 2
129447 1
147720 2
141332 0
129441 1
130898 2
117348 2
129456 1
147086 0
132543 1
226533 2
147614 2
130401 1
132384 2
002886 2
139987 2
138973 2
137072 1
139977 2
136916 0
136931 0
129434 1
129448 1
130704 2
131726 2
130518 2
130522 2
117375 2
130696 2
131748 2
130454 0
147609 2
002264 0
138955 0
144724 1
144725 1
139965 2
109034 2
144721 1
144722 1
130698 2
275773 0
130711 2
144632 1
144650 1
147589 2
132555 1
130844 2
131717 0
132419 1
226463 2
131799 2
141986 2
148166 2
144590 1
138769 2
115341 1
157909 2
123283 2
015179 0
125566 0
255577 0
132431 1
131580 1
226421 2
138575 0
123302 2
138749 2
115349 1
132642 2
115354 1
138748 2
115381 1
130758 1
144160 2
136933 1
144135 2
093115 0
130228 0
132644 0
144134 2
006064 0
132147 1
115802 0
132148 1
132166 1
132150 1
132159 0
177432 2
133308 0
129014 2
151698 0
129019 2
018274 2
128911 2
135993 0
101241 2
101245 2
178351 2
099474 0
101246 2
101243 2
178089 0
101252 0
197932 2
197899 2
147360 0
199376 2
194304 2
194312 2
194316 2
232400 0
137183 0
240145 0
037084 0
199203 2
199174 2
233904 0
133182 2
133191 2
240261 0
133169 0
130909 1
194367 2
140920 0
196680 2
202105 0
138503 2
196886 2
012785 2
146129 2
220654 2
138508 2
158296 2
132129 0
138498 0
220660 0
220506 0
132146 0
162879 0
141915 2
115046 0
141939 2
141912 2
198530 2
161269 2
167296 2
167297 2
005969 0
167248 2
167201 2
167146 2
198541 2
198537 2
199075 2
199079 2
199090 2
162711 2
280878 0
168168 0
080274 0
243609 0
147055 2
147404 2
150585 0
143317 0
190459 2
096893 2
197863 2
196211 2
092325 0
196210 2
197865 2
190470 2
131661 0
075502 2
075516 2
201536 2
177419 2
150026 0
075574 2
075759 2
075749 2
177418 2
075838 2
177416 2
075913 2
075837 2
177403 1
190473 0
076131 2
261139 0
214487 0
189130 0
177430 0
131028 0
076019 2
148775 0
075989 2
097596 0
130756 1
061141 2
140730 0
061179 2
130722 1
130751 1
130798 1
061161 0
130824 1
151646 1
102075 0
136170 0
258822 0
257879 0
167791 0
131084 2
278168 0
131013 2
131138 2
131228 2
158363 0
131235 2
108974 0
250880 0
196073 0
217202 0
200686 0
131663 2
206181 1
131860 1
264721 0
131865 0
207424 1
196522 2
282633 0
196366 2
225583 0
255441 1
157805 2
000755 2
130061 2
140826 0
255415 0
042733 0
196769 0
085440 0
138496 2
084119 2
132152 1
144420 0
084138 2
132153 1
132168 1
225970 0
132164 1
132160 1
132161 0
099857 0
139456 2
139454 0
230503 0
231796 0
141583 0
163307 0
132416 0
132639 0
238207 0
140848 0
075967 2
194412 2
194176 2
150077 0
194183 2
194219 2
130477 0
013729 2
200540 0
145015 0
193696 2
129124 0
196009 0
132145 0
006472 2
256109 0
200458 2
138486 0
238097 0
130308 0
010285 2
122613 2
194616 0
122612 2
122663 0
192966 0
131614 1
112761 0
131612 0
131620 1
251187 0
131616 0
211379 0
150967 0
079631 1
137458 0
269062 2
241271 0
268978 2
269254 2
122559 1
010255 2
122582 2
198339 2
131010 0
122509 0
269112 0
198333 2
198312 0
130351 0
255359 0
118579 0
008865 0
085175 0
253856 2
143407 0
253844 2
253847 2
253827 2
143273 0
289519 0
135216 0
202751 0
131621 1
131617 0
198307 0
139439 1
114734 0
253930 0
061437 0
037581 0
140369 0
144328 0
101256 0
195268 0
058497 0
197532 0
140599 0
196941 2
197180 2
161997 2
007318 0
196928 2
161993 2
002542 2
144747 0
002509 0
178092 0
133677 0
138952 0
266709 0
018126 0
155497 0
060019 0
191888 0
222862 0
138427 0
240494 0
258572 0
131850 0
265046 2
018134 0
263117 2
235792 1
072255 0
194849 0
225907 0
197366 0
201197 0
155214 0
114043 0
147065 0
238303 0
158169 0
064895 2
262132 0
064885 0
233997 0
027786 0
061181 0
170734 2
220383 0
170668 2
191302 2
191088 2
152922 0
152553 0
155508 0
166385 0
182760 1
220497 0
182776 1
224126 1
201791 2
079861 0
201566 2
224096 1
224094 1
201550 2
224124 0
201707 2
201712 2
177244 0
250695 2
182110 1
182686 0
250537 2
225555 0
255912 2
197966 1
226019 0
197930 0
063084 0
278863 0
213872 0
147016 0
201960 0
256635 2
256637 0
256543 2
243613 2
229021 0
260320 0
241272 0
008887 0
138656 0
134012 0
194130 0
158022 0
099196 0
211271 1
199809 2
122308 0
199811 2
224029 2
224014 2
255453 0
224569 0
224125 0
258702 2
243294 0
161056 0
227023 0
252486 0
222490 0
163692 2
168938 0
186030 1
155358 0
168677 2
255186 0
168736 0
168740 0
031619 0
222067 1
196621 0
256706 0
213514 0
263645 0
238035 0
277942 0
143970 0
199876 0
121933 0
097216 0
221444 0
215715 0
255274 2
196356 0
008642 0
151652 1
193069 2
253139 0
193071 2
151649 1
151676 1
151658 0
142111 0
101352 0
257506 2
017038 2
259341 0
194783 1
157352 0
150081 0
197176 1
252539 0
197170 0
042086 0
130212 0
142085 0
130309 0
135414 0
194875 0
150915 2
034610 0
150934 0
162165 0
087548 0
130573 0
010163 2
122454 2
062348 0
012384 0
182810 0
254778 0
154218 0
202104 0
133167 0
189122 0
198550 1
076502 0
198643 1
198691 0
253020 0
198692 0
151813 0
058685 2
178091 0
058713 2
064545 0
045861 0
274183 0
210882 2
093237 2
152635 0
210884 2
077079 2
168267 0
077160 0
076134 0
134642 0
198346 0
193439 2
225613 0
289329 0
287883 0
095708 0
155578 0
010227 0
201835 0
173417 0
256671 0
195956 0
232406 0
211319 1
177774 0
211347 1
201545 0
150512 0
224628 1
151048 0
224620 1
224562 1
289855 0
226924 0
209385 0
255087 0
153696 0
272364 0
008730 0
154184 0
258047 2
156501 1
239901 0
157465 0
258052 0
156497 0
198304 0
255275 0
202755 0
253573 0
141330 0
079638 0
256122 0
156462 0
006302 0
217555 0
192302 0
160247 2
183510 0
213570 0
230688 0
194840 1
196600 1
140037 0
196598 0
139346 0
003819 0
196586 0
115048 1
091021 0
115051 0
252463 0
138576 0
178095 0
256314 0
115160 0
217340 0
243648 0
177438 0
246429 0
152878 0
112572 0
232257 1
258885 0
232808 1
232727 1
233090 1
233351 1
233326 1
233091 1
012900 0
233334 0
233437 0
155909 0
199808 0
058843 0
196297 0
223581 0
268409 0
188780 0
132643 0
129059 0
279957 0
227230 0
269219 2
212272 0
269138 1
269284 0
269742 0
131883 2
260570 0
131880 0
286301 0
150037 2
150031 2
233638 0
150029 2
150019 2
150011 2
253631 0
193164 0
229970 0
058842 0
144345 0
269037 1
157512 0
268985 1
269135 1
233048 0
269109 1
269014 1
233401 0
112654 0
269216 2
269363 2
269616 1
162251 1
262857 2
255389 0
162243 1
269604 1
262855 2
269160 2
269022 1
179531 0
163662 0
148903 0
166716 0
220628 0
259404 0
197679 2
069164 0
197674 2
077514 0
138491 2
194430 0
132662 0
094765 0
014308 0
257309 0
136078 0
114830 0
196145 1
135877 0
196104 1
071644 0
168268 0
119284 0
195999 0
223636 0
136665 0
137425 0
071913 0
215475 0
011792 0
249339 0
177274 0
076106 0
238294 1
255523 0
200687 0
191921 0
205250 0
241621 0
258573 0
196058 0
212006 0
136929 0
163267 0
193079 0
233419 0
098361 0
082909 0
017949 0
148691 0
244395 0
143316 0
140814 0
231604 1
006749 0
231486 1
231485 0
233830 0
238312 2
238308 1
260936 0
238319 1
024196 0
197527 0
018127 0
252472 0
145738 0
256694 0
092694 0
252876 0
067512 0
111333 0
202653 0
182440 0
271181 0
167810 0
147850 0
221908 0
256709 0
230464 0
127014 0
250808 0
144406 0
219386 1
162183 0
219365 1
194177 0
139479 0
196579 0
182809 0
161573 0
215247 0
254818 2
254813 2
234428 2
234469 0
254812 2
254786 0
135816 0
235911 0
254783 0
198914 1
198433 1
081539 0
112015 0
262737 0
256618 0
199875 0
200962 2
222587 0
200950 2
237587 0
241647 1
151663 0
241658 1
196331 0
129686 0
132453 0
253737 0
101385 0
211704 0
161371 0
198482 0
230192 0
101097 0
221267 0
199239 0
217405 0
110301 0
157466 0
153037 0
257516 0
243507 2
232631 0
088588 0
117436 0
196841 0
213550 0
108477 2
107866 2
122556 0
107848 2
233013 0
240136 0
243630 0
142214 0
196314 0
153213 0
196748 0
222160 0
197390 0
140396 0
146988 0
064209 0
276249 0
098053 1
161955 0
139718 0
129127 0
200919 0
071529 0
281372 0
151660 0
222299 0
101939 0
229194 0
139846 0
224564 0
256079 0
131242 0
190243 0
258007 0
114722 0
232950 0
194100 0
260945 0
182623 0
157353 0
232568 0
194642 0
003475 0
027818 0
156464 0
108494 0
233323 1
155565 0
233293 1
131030 0
235250 0
180090 0
256503 0
161744 0
154683 0
227007 0
097187 0
009987 0
131173 0
264983 0
225002 0
267644 0
202749 0
196603 0
220962 2
233972 0
220920 2
272724 0
189000 0
194843 0
213183 0
036820 0
231774 1
199403 1
199878 1
194489 0
199879 1
231775 1
199374 0
146746 0
230097 0
070312 0
240692 0
189772 0
096296 0
245035 0
257022 2
242713 0
274565 0
255404 0
253750 1
233362 0
253728 1
253658 1
196309 0
112570 0
254619 2
233909 0
254612 2
133126 0
177283 0
137462 0
196166 1
272164 0
196087 1
230263 0
192338 0
259917 0
136573 0
264952 0
199383 0
222009 0
177777 0
152620 0
288441 0
138739 0
196025 0
193276 0
120857 0
144557 0
139255 0
195433 0
193318 0
093913 0
136914 0
199473 2
197285 0
196940 0
193228 0
273818 0
151047 0
243649 0
138891 0
266707 0
168338 1
033516 0
168327 0
142126 0
077848 0
215719 0
115725 0
012396 0
151065 0
238380 0
132476 0
037135 0
141091 0
175695 1
077335 0
140598 0
273821 0
233622 0
017965 0
044359 0
110931 0
199985 1
141342 0
199976 2
155525 0
259918 0
232469 0
081226 0
256611 2
168651 0
192912 0
259581 0
007091 0
233024 1
194444 0
233000 1
263552 0
125027 0
233026 0
256615 0
256008 0
166386 0
062346 0
242727 0
255418 0
222267 1
268122 0
222256 0
268368 0
261602 0
231049 0
139341 0
115165 0
061673 0
246416 0
078896 0
255088 0
041998 0
249523 0
254001 0
210130 0
259985 0
116466 0
109715 0
148311 0
198368 0
003499 0
190825 0
118140 0
139692 0
202155 0
269034 0
206049 0
199873 0
233410 1
138543 0
233399 1
160262 0
235180 0
201306 1
129054 0
220168 2
229587 0
220155 2
274170 0
263028 2
201305 0
231475 0
256051 2
262206 1
278799 0
262211 1
199831 0
264110 2
274530 0
254172 0
229592 0
262363 2
263642 2
262395 0
262341 2
221823 1
250234 2
250255 2
233011 0
278857 0
269418 0
254171 0
270425 0
230165 1
230012 1
278910 0
230265 1
230287 0
212280 0
158023 0
232800 0
194035 0
250120 0
240222 0
211471 0
152039 0
162656 0
264242 0
168323 0
289858 1
166717 0
289870 0
289853 0
277939 0
241585 0
004845 0
162184 0
208355 0
155572 0
147995 0
101520 0
287885 0
232422 0
001416 0
289520 0
164711 0
226960 0
165442 0
201586 0
105086 0
148935 0
243599 0
189124 0
237656 0
101617 0
059219 0
192801 0
219956 0
241273 0
122313 0
285980 2
129140 0
233753 0
136825 0
151641 0
289854 0
220377 0
269737 0
111820 0
131940 0
156463 0
112718 0
254287 0
241816 0
082920 0
240433 0
171376 0
264237 0
269235 1
219117 0
269234 0
242852 0
269041 1
105428 0
268988 1
220630 0
098307 0
258499 0
163579 0
099841 0
230276 0
010257 0
205653 0
143202 0
252468 0
197384 0
152604 0
161291 0
196730 0
131875 0
231211 0
034658 0
232830 0
190230 0
212282 0
011838 0
135853 0
256793 0
202636 0
256449 0
147076 0
032317 0
153303 0
139582 0
000715 0
220011 0
205251 0
198353 0
147982 0
154185 0
286597 0
006866 0
138382 0
253752 0
234347 0
102337 0
142347 0
108166 2
227091 0
108151 0
093093 0
237515 2
150073 0
155713 0
131734 0
061188 0
155759 0
281419 0
108121 0
243293 0
142119 0
033534 0
254806 0
132975 0
011438 0
158167 0
219860 0
271348 0
097597 0
151665 0
155366 0
197456 0
286826 0
178097 0
068756 0
233827 0
163811 0
221404 0
256719 1
256720 0
151472 0
076787 0
192335 0
091012 0
017540 0
224812 0
231264 0
235922 0
232686 0
154360 0
079823 0
255925 0
183516 0
258049 0
137111 0
160135 0
197728 0
132447 0
262590 0
061270 0
211547 0
139964 0
260423 0
147935 0
085274 0
263746 0
193579 0
144376 0
092687 0
274163 0
136168 0
136077 0
137461 0
027925 0
148118 0
150063 0
166938 0
097212 0
151041 0
104702 0
173374 0
251616 0
196843 0
278943 0
101924 0
201796 0
254774 0
215706 0
235256 0
146805 0
158044 0
154031 0
166911 0
243735 0
210755 0
240713 0
076192 0
