278758 0
070284 2
103457 2
089193 0
070151 2
103324 2
070061 2
103234 2
069804 0
070059 2
103232 2
070056 2
103229 2
070085 2
103258 2
070108 2
103281 2
070010 2
103183 2
097701 0
097696 0
112385 2
111963 2
109380 2
108202 2
109381 0
069762 0
098366 2
099069 2
099342 2
041509 2
261760 0
099083 2
099357 0
099790 0
099192 2
099086 0
094699 2
114382 2
097817 2
102061 2
114462 2
096207 2
097920 2
099515 2
093938 2
097925 2
114384 2
097815 2
097821 2
097857 2
093941 2
097157 0
146000 2
145974 2
097808 2
098070 2
096231 2
098097 2
093892 2
099792 2
096181 2
096201 2
097949 2
018552 1
128739 1
125036 2
133746 2
108802 0
098059 2
138970 2
131127 2
132568 0
098021 2
278519 0
051651 0
018169 2
128986 2
093948 2
278501 0
093931 2
084568 2
041810 2
084567 2
156890 0
098644 2
098784 2
098629 2
098793 2
098639 2
099092 2
099104 2
098777 2
084566 2
084559 2
093942 2
084558 2
094081 2
094074 2
094056 2
094046 2
139214 2
098104 2
094008 2
094071 2
108817 2
129068 0
098029 2
094612 2
133661 2
098020 2
140247 2
098010 2
140355 2
098028 2
140266 2
095986 2
100245 2
098068 2
093698 2
094558 2
133721 2
138037 2
097973 2
116149 0
095399 0
095958 2
096936 2
004379 2
118512 2
116148 0
116147 0
125023 2
101876 0
119817 0
097830 2
097974 2
096894 2
100034 2
125021 2
096043 2
004171 2
118279 2
097345 0
096003 2
096002 2
096049 2
095882 2
095978 2
101226 2
101255 0
094020 2
094019 2
093973 2
092875 0
094055 2
101189 2
094054 2
133951 0
096209 2
096206 2
101190 2
111268 2
117703 2
111269 2
187021 0
018460 2
128788 2
062130 0
111293 2
094068 2
062153 0
117708 2
117710 2
128871 2
095032 2
094973 2
094827 2
094729 2
131994 0
094749 2
128870 2
098362 2
094698 2
131986 0
084634 2
098360 0
128869 2
084628 2
084631 0
138459 2
138425 2
100464 0
138468 2
093912 2
098797 2
095659 2
084649 2
133940 2
135085 0
098781 2
067592 2
094522 2
094178 2
084629 2
084626 2
113717 0
094209 2
067615 2
067563 2
067636 2
067649 2
004518 2
118728 2
020886 0
100428 2
108127 2
095413 2
108710 2
092971 2
139721 2
117575 2
100378 2
128747 2
108731 2
116573 2
243722 0
086514 2
095398 2
117564 2
137329 0
100279 2
086581 2
100303 1
086596 2
109421 2
243659 0
094550 2
108729 2
098354 0
017303 0
129585 0
094587 2
094564 2
117556 2
112572 0
086637 2
094481 2
012267 2
096685 2
092536 2
086654 2
093889 2
078739 2
093940 2
079654 0
078741 2
093853 2
086655 2
078746 2
101555 2
094235 2
085090 0
094232 0
093794 2
078772 2
086741 0
101412 2
114151 2
090835 2
093802 2
078778 2
096240 2
196375 1
004124 2
118235 2
100286 2
122607 0
093114 0
078271 2
004409 2
118566 2
007411 0
006934 2
120557 2
102108 0
126999 2
118516 2
017937 0
004419 2
095614 0
119916 0
096648 2
072263 2
105436 2
123285 0
074433 2
107606 2
096401 0
098324 2
005062 2
119461 2
132001 2
092554 2
095961 2
095937 2
098280 2
009871 2
122229 2
098302 2
114971 2
004032 0
096033 2
098321 2
098300 2
092542 2
131999 2
131996 2
066294 2
189892 0
189910 2
131993 2
060971 2
007217 2
120778 2
120594 2
120708 1
060968 2
143414 0
092526 0
092463 2
119260 0
098529 2
065068 2
032442 2
131016 2
119264 2
131020 2
091317 2
061662 0
098499 0
131014 1
131482 2
131460 2
131490 2
131493 2
065101 2
032446 2
131505 2
091286 2
098620 2
032450 2
031921 2
032485 2
032502 2
128136 2
063264 2
141970 2
063267 2
064517 2
138528 2
074842 2
001235 0
176745 2
092872 0
108711 2
108730 2
108732 2
127702 0
111530 2
183235 2
093699 0
015251 2
125486 2
099295 2
114654 0
272041 0
176747 0
138516 2
099293 0
109982 0
075008 2
063058 2
074864 2
066285 2
155560 2
155568 2
197193 2
063851 1
102086 0
197191 2
197197 2
063850 2
095524 2
148908 2
063759 2
065854 2
065663 0
065858 2
067847 2
063331 0
256268 2
275779 2
256266 2
256264 2
268459 2
011334 2
122716 2
176683 2
065032 2
202877 2
202878 2
078237 2
071022 0
104195 0
151732 2
164228 2
017676 2
129322 2
119458 0
001887 2
202529 2
071019 0
104192 0
256259 2
256244 2
164156 2
122714 2
122712 2
122708 2
176680 2
179523 2
122690 2
164635 2
194511 2
078236 2
164649 2
199021 2
078325 2
078404 2
078345 2
126367 1
279290 2
120430 2
149696 2
142421 2
006972 2
120597 2
005817 2
120432 2
162048 2
163927 2
258755 2
142387 2
153562 0
144933 1
224903 2
224901 2
169756 2
153527 0
153606 0
144461 2
275361 2
117907 2
068637 0
062701 2
237341 2
136132 0
164910 2
001778 2
168553 2
182823 2
189109 0
142394 2
144448 2
169771 2
169786 2
169787 2
169746 2
169754 2
224893 2
224815 2
169750 2
117927 2
233721 1
224816 2
224894 2
224748 2
224743 2
169744 2
224741 2
224690 2
224759 2
128152 2
140525 0
142538 2
133912 2
234100 2
131423 0
133920 2
138849 0
257529 0
133919 2
131413 0
132567 0
133773 2
152489 2
152457 2
152492 2
257559 2
152337 2
152334 2
193910 2
110351 2
193987 2
146800 2
099649 2
099588 2
257540 2
152115 2
085204 0
099581 2
257539 2
257534 2
165225 2
201732 2
165988 2
266984 0
244452 0
017392 2
129516 2
159802 2
159806 2
079747 0
190412 0
190371 0
159878 2
159879 2
159884 1
159886 0
017318 2
129572 2
166008 2
162959 2
163061 2
157676 2
083309 2
162985 2
149293 2
005703 2
120323 2
163724 2
281187 2
163208 2
261063 2
220815 0
163725 2
192032 2
181536 2
281621 2
000920 1
116551 2
188852 0
220609 0
192455 2
219542 2
012499 0
116967 2
090497 2
220574 0
256483 2
233730 0
117163 2
261057 2
069740 2
102913 2
002762 0
261068 0
083328 2
130291 2
281036 2
131746 2
083343 2
130292 2
199741 2
079227 2
170092 2
184854 2
189169 2
163727 2
163730 2
169455 2
010774 2
079190 2
189164 2
281012 2
190368 0
090626 0
192647 0
090613 0
189162 2
189161 2
189160 2
130318 2
280972 2
280920 2
184857 0
083156 0
186703 0
090713 0
177516 2
187313 0
155575 0
266398 2
163739 0
132080 0
060902 2
111735 0
011266 0
231476 0
130398 2
085081 0
223994 0
138447 0
169781 2
169797 2
169798 2
211970 0
085261 2
144446 2
085285 2
087982 2
009607 2
122050 2
131145 0
144464 2
144519 2
144447 2
101633 2
159721 2
088008 2
114205 0
101635 2
159716 2
159666 2
101669 0
087998 2
160190 0
259772 0
087986 0
243192 0
001997 0
099878 2
219507 0
099834 2
099786 2
130164 0
151154 2
151373 2
010253 0
151160 2
151168 2
243927 0
235939 0
099731 2
098056 0
099730 2
060989 2
130081 0
060988 2
064203 2
064219 2
139690 2
086601 2
137110 0
060995 2
064162 2
064198 2
083900 2
076870 2
077026 2
069170 2
102343 2
141527 2
088978 0
077029 2
076093 2
142622 1
177947 2
114819 0
268490 2
071453 2
104626 2
146128 0
158158 2
258918 0
162827 2
094848 2
012795 2
146110 2
155996 2
155289 2
087602 2
177952 2
260644 2
093951 0
087980 0
178726 0
094752 2
268829 0
162829 2
142511 2
068298 0
142521 2
162986 2
163062 2
167959 2
083219 2
032221 2
014334 0
032223 2
032224 2
083222 2
032198 2
157024 0
083254 2
083253 2
031144 2
031159 2
219985 2
084521 2
083279 2
093668 2
084690 2
280276 0
265210 0
265322 0
093659 2
084692 2
162409 2
027448 0
084712 2
084711 2
084714 2
232460 1
201858 2
084707 2
141550 2
210042 0
018362 0
083854 0
141249 2
008402 2
096761 2
096656 2
059452 0
078631 2
143222 0
094990 2
168684 2
168685 2
010474 0
093772 2
093747 2
101096 0
219441 2
126897 2
156303 0
219476 2
126898 2
219420 2
219372 2
093856 0
017936 2
129156 2
242819 0
129223 2
129224 2
017845 2
129219 2
129222 2
137323 0
230390 0
162429 2
128920 2
112868 2
240475 0
112754 0
001330 2
131985 0
007756 2
121178 2
002844 1
064258 0
144985 0
159101 2
159093 0
173653 0
113262 2
280215 0
079302 0
076285 2
065856 2
108624 2
099761 0
065912 2
065895 2
066154 0
260124 0
112328 2
009147 2
121639 2
238700 2
018477 0
009125 0
090825 0
084041 0
110452 2
086015 2
287892 0
071389 0
058378 0
002414 1
091563 0
170250 0
181941 0
052272 0
140978 2
062733 2
144337 2
098525 2
141038 2
093645 2
006933 2
120556 2
086603 2
187114 0
140980 2
098508 2
098633 2
069841 2
103014 2
007070 0
097333 2
139416 0
097335 2
071377 2
104550 2
096061 2
071364 2
104537 2
201468 0
151386 0
111794 2
086138 0
111762 2
117639 2
098779 2
148104 2
093823 0
098801 2
199217 0
092951 2
114207 2
134639 0
092934 2
082453 0
177027 0
094188 0
009408 2
121866 2
056274 2
099647 0
056677 2
048069 2
048075 2
270840 0
155236 0
271292 0
111259 2
004538 2
142617 2
138878 2
286317 0
142637 2
142410 1
110609 2
004565 2
134798 0
004507 2
118714 2
075341 2
075324 2
071710 2
104883 2
071684 2
104857 2
195952 2
033372 2
142441 2
111511 2
149212 2
209680 2
072189 2
105362 2
033125 0
223292 0
111377 0
069157 0
102330 0
149318 2
195950 2
195935 2
149319 2
075588 2
007940 2
121353 2
036482 0
075609 0
133795 2
139541 2
279608 0
133536 2
133533 2
133543 2
133539 2
139618 2
139619 2
077163 0
133467 0
137519 0
253210 2
067216 2
145317 0
253178 2
228778 0
085623 2
268171 0
085591 2
168103 2
198524 0
168117 0
142636 2
225504 2
005187 2
119632 2
109030 0
142650 2
225505 2
225522 0
129155 0
181843 0
063718 2
135685 2
099110 0
121831 0
150871 0
004198 2
131654 2
094400 2
098342 0
094353 2
094432 2
094245 2
097898 0
156660 0
100266 2
244562 0
100241 2
098281 0
094297 0
001990 2
028838 0
088043 2
114787 0
088044 2
251229 0
241468 2
241537 2
241538 2
162077 0
288561 2
066421 0
288510 2
288756 2
288729 2
252749 0
086462 2
070319 2
103492 2
093182 2
033130 1
095638 2
009409 2
121867 2
070323 2
103496 2
063334 0
070364 2
103537 2
070285 2
103458 2
070117 2
103290 2
070424 2
103597 2
070100 2
103273 2
070114 2
103287 2
095600 0
070450 2
103623 2
070494 2
103667 2
070341 2
103514 2
144674 0
155212 0
155213 0
011143 0
070390 2
103563 2
094754 2
094758 2
094385 2
094379 2
094368 2
094949 1
119685 2
150027 0
094369 2
094244 2
094377 2
094378 2
119701 2
005543 2
120122 2
092710 0
100758 2
100751 2
100741 2
094388 2
094380 2
064669 2
094389 2
094390 2
094387 0
138061 0
175594 2
145310 0
000074 0
071716 0
064244 2
061054 2
097344 0
064514 0
132577 0
098726 2
098771 2
064317 2
137945 2
094229 0
137967 2
098707 2
064285 2
137991 2
098848 2
182023 0
002688 2
094344 0
132764 0
014186 2
137910 0
092070 2
061265 0
092249 2
198038 2
198007 2
126784 0
197928 2
197893 2
180465 2
180514 2
255889 0
124355 0
058096 2
063717 2
032200 2
064817 0
058050 2
058093 2
058014 2
034577 2
032328 2
032340 2
032341 2
060859 2
094832 2
033115 2
018674 2
146966 0
085355 2
085383 2
078530 0
143423 2
114915 2
087632 2
093044 2
229487 0
089087 2
100549 0
076438 0
032401 2
016861 0
033131 0
030579 0
058855 0
095448 0
179518 0
143418 2
147674 2
046980 2
147680 2
124914 2
095626 0
147638 2
147651 2
147627 2
147626 2
046905 2
180954 0
101791 2
142123 2
002717 2
070933 2
104106 2
086939 0
142059 2
071135 2
104308 2
141978 2
141213 2
110582 2
141180 2
110676 2
068431 2
094525 2
070389 0
103562 0
138919 2
010351 2
122672 2
095225 2
000105 0
122643 2
109125 2
169287 0
114618 2
110896 0
122665 2
122654 2
122598 2
122595 2
122561 2
122547 2
138900 2
094355 2
068432 2
095786 2
114596 2
114552 2
108847 2
101039 2
118121 2
095228 0
118112 2
118661 0
121209 0
108814 2
108773 2
118111 2
101440 2
101437 2
094319 2
081330 2
081324 2
124676 2
062946 2
011607 2
122798 2
114529 0
062970 2
062988 2
112401 2
064547 2
135076 0
135097 0
081320 2
122795 2
122794 2
063001 2
062991 2
124691 2
064971 0
064516 2
063021 2
116772 2
068505 2
064982 0
098450 0
109025 2
109027 2
134146 0
109026 0
229599 0
126718 0
099527 2
108091 0
099401 2
099521 2
110550 2
008411 0
097677 2
109024 0
083083 2
101826 0
033547 0
113334 0
196237 0
098612 0
133028 0
112092 2
161444 2
061502 0
112096 2
161412 2
161413 2
161400 0
092942 0
230643 2
009035 2
079079 2
110617 0
011817 0
095745 0
035541 2
139053 0
179214 2
066732 0
131134 0
062156 0
012090 2
009100 0
152714 2
042434 0
101209 2
256976 0
114911 0
093202 2
093276 2
179751 0
083323 2
058285 2
271282 2
013611 0
271136 0
058271 2
091352 0
011726 0
033351 0
093478 2
176743 0
092937 2
079592 0
061832 0
161003 0
070582 2
103755 2
132366 2
035984 0
174605 0
160139 0
068254 0
010318 2
122637 2
287256 0
256590 0
001120 0
142106 2
119753 2
114954 0
119743 2
005284 2
119772 2
119158 2
119139 2
119744 2
119577 0
119213 0
092644 0
094346 1
013745 0
094296 0
080336 0
121859 2
255519 0
145074 0
120702 0
192808 2
070343 2
103516 2
035821 0
192823 2
070148 2
103321 2
138363 2
199448 2
138334 2
138336 2
138306 2
137413 0
199462 2
199420 2
058789 2
131414 2
120799 2
065901 0
120785 0
131421 0
240432 2
007437 2
120948 2
157796 0
240487 2
093015 0
132135 0
094051 0
150923 0
232847 0
063416 0
132201 0
058301 2
098505 2
079016 0
098441 2
058274 2
098461 0
058253 2
098497 0
058264 2
214395 0
012480 2
133818 0
127546 0
015129 2
125610 2
230392 2
028173 0
274456 0
042454 2
144990 2
009919 0
135520 0
284367 0
095217 2
252455 0
095230 2
089981 0
017740 2
129280 2
032701 0
262736 0
095423 0
048248 0
186297 0
144444 0
009818 0
131292 2
072109 0
108806 0
058856 2
235247 0
152784 0
086283 2
025595 0
142899 0
150615 0
159722 2
112134 0
133887 2
131510 2
149386 0
131498 2
131495 2
131501 2
017996 0
273924 0
145064 0
077633 0
095965 2
110298 0
095941 2
228333 0
120177 0
091927 0
120928 0
126366 0
146532 0
283164 2
084391 2
041481 0
283178 2
283473 2
084237 2
283794 2
132045 2
280229 0
283806 0
084394 2
083220 2
146071 2
201811 0
132046 0
093054 2
084945 2
093035 2
017314 0
093010 2
062972 2
145142 2
190890 0
062992 2
219616 2
080038 2
053145 2
101868 0
074562 2
074788 2
154698 2
277403 2
113131 0
029478 2
253372 0
029520 2
114843 0
051976 0
068744 0
189923 2
093573 2
094913 2
170604 0
094960 0
093565 2
145156 0
260973 0
280090 2
098045 2
271931 0
094426 2
117563 0
094442 2
065986 0
039713 2
092615 2
059978 2
092601 2
233737 0
085206 0
056108 2
034542 0
056357 2
002569 0
177695 0
169139 2
169140 2
113123 0
075722 2
147441 2
084829 2
014329 0
147443 2
147420 2
147422 2
270839 0
025131 2
158750 2
163720 0
070221 0
002384 2
123864 0
140197 0
034267 0
140235 0
251971 2
146534 2
015363 0
239459 0
051632 0
010349 2
122671 2
076297 0
012582 2
032833 0
000329 2
097742 0
129692 0
175706 2
162208 0
188211 0
095826 2
018469 0
095404 2
261062 0
095303 2
125422 0
031202 0
255270 2
058505 2
129078 2
173378 0
129074 2
018112 2
129046 2
092730 2
032205 2
092729 2
091983 0
092723 2
092724 2
092722 2
272191 0
064298 0
083085 0
043519 0
226152 0
128225 0
061219 0
271941 0
159737 0
288653 0
171578 2
023835 2
189118 2
088441 0
023769 2
171512 2
171511 2
171491 2
090028 0
007759 2
121183 2
266836 0
158434 2
158390 2
264931 1
202627 0
265021 0
137006 0
068938 0
166326 0
157032 0
259094 0
132019 0
263934 0
051673 2
099698 0
057700 0
098948 0
066376 0
217314 0
095347 2
132097 2
110449 0
001307 0
052502 0
015608 2
099343 2
102009 0
100571 2
100459 2
100462 2
100449 2
098949 2
100570 2
158696 0
224040 0
034135 0
098315 0
144254 0
136763 2
018560 0
066425 0
063811 0
255632 0
061345 2
265209 0
061340 2
149547 0
061045 2
219310 0
061086 2
064218 2
229457 0
061144 0
041234 0
086487 2
181611 0
058532 0
149679 0
034541 2
095933 2
034533 2
129316 2
095962 2
095934 2
095938 2
284824 0
095935 2
095932 2
095927 2
096070 2
034574 2
096032 2
096083 2
017702 2
129308 2
098593 0
097131 0
168907 0
096137 0
136103 0
094057 0
094935 0
098947 2
076683 2
096680 2
077894 0
098873 2
145417 0
098825 2
098824 2
083261 0
090355 2
035847 0
078690 0
015013 0
033108 2
011947 2
258017 0
034850 0
040694 0
283808 0
276916 0
244662 0
064614 2
210746 0
064616 2
064617 2
128216 2
128167 2
098588 0
011993 2
064629 0
280180 0
018091 0
088908 0
241136 2
029417 0
192494 0
092794 0
244202 0
011474 0
004400 2
118544 2
094954 0
118542 2
118529 2
279173 0
064932 0
149767 0
123979 2
279285 0
219863 0
001861 0
140005 2
258138 0
139872 0
043302 0
026874 0
024488 2
180167 2
083329 0
024485 0
098443 2
006214 0
005707 2
120328 2
011859 2
097222 2
098850 2
086693 0
098847 2
098810 2
097199 0
098751 2
098977 2
098411 2
188782 0
098972 2
193753 0
197720 2
220821 2
220835 2
068022 2
020980 0
146570 2
006630 2
191781 2
014105 0
191401 0
096071 2
059455 2
235845 0
096024 2
096153 2
287902 0
096022 2
095234 0
096026 2
191787 2
191798 0
255272 0
132566 0
095086 0
061365 2
118533 0
061364 2
061368 2
061383 2
061385 2
191802 0
046239 0
006872 2
120500 2
130169 0
007349 2
120882 2
001767 0
015041 0
011275 2
122691 2
009233 2
121709 2
031695 0
092410 0
009061 2
121566 2
098409 2
177680 0
121563 2
098446 2
094490 0
098413 2
031972 0
097097 2
098447 2
097101 2
066301 0
098423 0
145372 0
098067 0
098938 2
097625 0
098893 2
098937 2
089406 0
099081 2
181033 0
099078 0
251427 0
051652 0
069856 2
103029 2
058024 2
249894 0
119236 0
121180 0
175188 0
094027 2
020986 0
132177 2
082349 0
132176 2
132171 2
084144 0
003745 0
131194 2
109021 0
131198 0
058286 2
023165 2
063855 2
039814 0
081480 2
081487 2
270223 0
153746 0
180037 0
063415 0
197862 0
097843 0
092379 0
008726 2
010214 2
122531 2
144692 2
118233 2
112951 2
058265 0
112958 2
137151 0
004164 0
026813 0
089123 0
085839 0
051690 0
271137 0
262399 0
100448 0
213854 0
086213 0
119252 0
198285 0
146719 2
086638 0
098061 2
039340 2
094221 0
050705 2
050699 2
171444 0
044916 0
109960 0
183892 0
052300 2
168381 0
052305 0
060493 2
060507 2
151350 0
060505 2
180160 2
180178 2
182160 2
098312 0
059005 0
098946 0
133208 0
097807 2
041694 0
097749 0
079376 0
099233 0
087474 0
224238 0
141517 0
088046 2
070701 2
103874 2
035856 0
142003 0
003395 0
014791 2
067081 0
069764 2
102937 2
099992 0
069735 0
135378 0
091395 0
099271 2
044246 0
188807 2
252852 0
088638 0
017589 2
129394 2
276911 0
129397 2
194115 0
059441 0
097077 0
244272 0
153605 0
081131 0
095005 0
127219 0
113974 0
165895 0
064865 0
260347 0
236358 2
044101 0
236564 0
060966 0
114263 2
190027 2
087943 0
114259 2
120779 0
221273 0
090237 0
176748 0
270511 0
099096 0
095526 0
042354 0
017875 0
164606 0
232153 0
029182 2
145627 0
029245 0
121677 0
033635 0
191915 0
261763 0
005404 2
119951 2
225965 0
086846 0
101978 2
071746 0
102038 2
018831 0
090788 0
066984 2
010270 0
067197 0
005956 2
112496 2
110978 2
060192 0
220616 0
085145 0
098229 2
011396 0
098228 2
098214 2
136574 0
042388 0
064145 2
032672 0
087668 0
058298 0
138445 0
032896 0
176756 0
097272 0
238505 0
164349 0
184858 0
185556 2
185557 2
083310 0
116747 0
185565 0
092580 0
084148 0
099248 0
085103 0
110350 0
197502 2
089198 0
197476 2
197498 2
156898 0
197474 2
197605 2
231509 0
188531 0
159801 0
062121 0
018384 0
066561 0
112806 2
139767 0
112821 2
112834 2
065074 2
168732 2
168733 2
112769 2
065096 2
015077 0
002281 0
285062 2
181962 0
033675 0
288482 0
139363 2
101875 1
062298 0
109713 0
079580 0
196873 0
070042 2
103215 2
062924 0
071051 0
104224 0
042433 0
071052 0
177529 0
064582 2
075262 0
095101 0
091131 2
061749 0
121550 2
010311 2
122626 2
128215 0
196250 0
230070 0
196446 2
244339 0
196450 2
093409 0
232821 0
090816 0
130293 0
128137 0
169282 0
121954 0
009130 0
023093 0
170112 0
104225 0
135804 0
131665 0
099273 0
067893 0
094306 2
156206 0
258395 1
101942 0
260348 2
260323 2
178896 0
260318 0
125371 0
090002 0
124350 0
061677 0
231994 2
191309 0
005432 2
119989 2
260311 0
252824 2
233277 0
199783 2
180035 2
033597 0
231554 0
110455 0
096797 0
279722 0
011970 0
146074 2
004154 0
146043 2
249766 0
011750 0
071817 0
150439 0
122580 0
254873 0
057024 0
008009 2
173365 0
193009 2
192847 2
129160 0
164548 0
128226 0
192661 0
283856 0
284997 0
034613 0
112882 0
277349 0
205055 0
243041 0
135036 0
134330 0
201334 0
281458 0
065686 2
007547 0
131987 0
094440 2
009267 2
163741 0
009157 0
082319 2
236593 0
132572 0
032486 0
095673 0
067953 0
071431 0
258512 0
095394 0
183238 0
032568 0
276881 0
098179 0
010240 2
288763 0
025330 2
064963 2
124927 0
153939 0
116110 0
064849 0
184920 0
257600 0
118199 0
030246 0
166059 0
119474 0
069174 0
062541 0
233014 0
180059 0
097743 0
263376 0
007726 0
009689 0
066626 0
155235 0
010705 2
019266 0
167198 0
239337 0
048284 0
001194 0
092987 0
001203 0
152605 0
191971 0
062157 0
119559 0
129748 0
086157 0
011363 0
163731 0
221324 0
152331 0
130134 0
052466 0
071263 2
104436 2
033620 0
142986 0
141536 0
094381 0
077782 0
038898 0
001054 0
144982 2
128476 0
092088 0
235950 0
257569 0
255295 0
076462 0
045739 0
138287 0
096236 0
027155 0
071412 0
127955 0
169567 2
091986 2
013609 0
092104 0
059144 0
161920 0
092113 0
092891 0
060871 2
197706 0
189080 0
032134 2
063135 0
032206 2
031478 2
110784 0
031591 2
032338 2
031604 0
032407 2
031968 2
034604 0
032012 2
053539 2
038214 0
035190 0
063528 0
126771 0
066422 0
093804 0
093636 0
132614 0
259558 0
111328 2
281620 0
279015 0
042243 0
160358 2
170306 0
154498 0
085704 2
225201 0
146133 0
230587 0
038171 0
083654 0
148990 0
179551 0
169549 0
133284 0
095473 2
116483 0
112499 0
062945 0
153819 0
095424 0
271022 0
135047 0
000809 0
273390 0
088055 0
283812 0
181966 0
272162 0
058390 0
099713 0
145009 0
194856 0
001233 0
007794 0
243194 0
032231 0
178422 0
139569 0
142879 2
142912 2
270503 0
010619 2
091338 0
016349 0
059211 0
194936 0
158627 0
054889 0
156827 0
263390 0
185401 0
050158 0
032986 0
239097 0
128561 0
240274 0
143015 0
003267 0
009708 2
176169 0
008085 0
063274 0
149776 0
161443 2
094966 0
161410 0
161411 0
001577 0
208821 0
079652 0
188308 0
098328 0
160602 0
097690 0
024304 0
124574 0
142466 0
266985 0
145419 0
165047 0
064820 0
010302 0
109932 0
043559 0
134077 0
187119 0
023618 0
058208 0
198555 0
067094 0
058863 0
114854 0
144015 0
198289 0
108591 2
150298 2
081141 0
017096 2
108556 2
108324 2
258806 0
100678 0
118207 1
154001 0
118109 1
108061 0
160224 2
148905 0
160311 0
160310 0
102089 0
001662 0
089954 0
124658 0
010585 0
069222 0
016514 0
147572 2
147576 2
089089 0
147559 2
130325 0
166341 0
149140 0
033107 0
133891 0
160334 0
124683 0
115150 0
115757 0
082982 0
147909 2
176292 2
128183 0
147835 2
211348 0
265488 0
034711 0
187324 0
258029 0
093156 0
077315 0
018624 0
026640 0
233764 0
157023 0
184478 0
187838 0
138454 0
078356 2
185316 0
138444 0
098383 0
108919 0
005176 0
092858 0
014406 0
093570 2
252052 0
062683 0
092166 0
120924 0
098575 0
142475 0
096087 0
093494 0
030201 0
065538 0
280224 0
085068 0
146514 0
128581 0
178850 0
174748 0
275378 0
132765 0
059409 0
083221 0
095731 0
132000 0
143213 0
109616 0
050159 0
011643 0
146035 0
109020 0
270446 0
271961 0
088291 0
085184 0
012615 0
117605 2
034164 0
159729 0
088917 0
239627 0
188181 0
075542 0
179437 0
094680 0
238396 0
041716 0
182505 0
042844 0
127166 0
211233 0
141444 0
189196 2
180662 0
189290 0
256056 0
156435 0
237711 0
156662 0
035835 0
137450 0
007994 0
253022 0
093719 0
090127 0
039752 0
128770 0
152923 0
139877 0
102025 1
075384 0
098381 2
131122 0
251259 0
253328 0
122195 0
285079 0
061672 2
079743 0
226799 0
132137 0
168892 0
099656 0
192262 0
235048 0
072581 2
105754 2
185990 0
063105 0
086776 0
009000 0
149385 0
253373 0
080931 0
186742 2
179180 0
069371 2
102544 2
099289 0
068944 0
019789 0
036837 0
098200 2
098375 2
155215 0
097084 0
052084 0
040361 0
099614 0
062841 0
240635 0
146709 2
083388 0
283803 0
067865 0
101880 0
280510 2
280365 0
280336 0
097573 0
098075 0
132602 0
152105 0
263338 0
041207 0
062772 0
114212 0
123281 0
004664 0
010269 0
205910 0
101867 0
090502 0
266754 0
092793 0
015763 0
086429 0
009285 2
154140 0
058246 0
120688 0
071473 2
104646 2
014351 0
067881 0
067883 0
111909 2
149846 0
098471 0
068631 0
086062 0
152785 0
267359 0
265321 0
193477 0
146536 0
100333 0
131688 0
099573 2
070185 0
099532 2
151625 0
021709 2
036219 0
021697 0
121123 0
100806 0
083300 0
130209 0
001228 0
097255 0
021667 0
139208 0
039431 0
102908 0
112276 0
133693 0
255631 0
231905 0
058026 0
252750 0
244681 0
017733 0
132009 0
029428 0
085248 0
048659 0
099064 0
103394 0
243724 0
064630 0
144974 0
098160 0
067225 0
086802 0
045212 2
184971 0
012101 0
017190 0
089234 0
184440 0
096904 0
095470 0
139382 0
077184 0
092715 0
154670 0
005294 0
115773 0
004319 0
102347 0
112324 0
128937 0
090420 0
185626 0
023098 0
095231 0
092399 0
003793 1
178301 0
051658 0
108771 2
038369 0
196637 0
243699 0
189212 0
064613 0
006281 0
095654 0
156888 0
078525 2
219894 0
125244 0
061186 0
133105 0
085438 0
176741 0
148757 0
045323 0
158725 0
099398 0
060229 0
149964 0
149218 0
110336 2
180418 0
005152 0
108780 0
022659 0
254985 2
003375 0
254710 0
093881 0
162209 0
111127 0
181971 0
100999 0
038103 0
095579 0
094310 0
228449 0
111369 0
108967 0
256278 0
114290 0
141351 0
063418 0
119615 0
114999 0
148272 0
058989 0
030751 0
261084 0
190825 0
280242 0
145968 0
238800 0
184774 2
093322 0
184777 2
130248 0
274549 0
194738 0
191884 0
091922 0
183338 0
099751 0
127068 2
033595 0
127143 2
101551 0
044803 0
036520 0
170605 0
231563 0
086974 0
141318 0
090940 0
156664 0
098472 0
086836 0
092837 0
061294 0
049023 0
094228 0
088919 0
089953 0
088717 0
129384 0
006383 0
075263 0
268175 0
255861 0
243958 0
098582 0
109678 0
014518 0
268660 0
067595 0
081361 0
009038 0
012145 0
244524 0
110915 0
192007 0
137556 0
010261 0
221576 2
087744 2
212547 0
221577 0
198589 0
083858 0
091408 0
145656 0
158238 0
097133 0
132464 0
194521 0
115071 0
083304 0
198477 0
035811 0
149421 0
102013 0
095989 0
255721 0
167730 0
098335 0
111050 0
017743 0
094928 0
005409 0
041917 0
161919 0
066306 0
284930 0
095432 0
132066 0
079071 0
181034 0
243688 0
051629 0
141050 0
122194 0
131997 0
142649 0
165606 0
220319 0
151169 0
048118 0
116844 0
059160 0
111367 0
247471 0
071441 0
285596 0
280672 0
094345 0
036876 0
120890 0
096908 0
191347 0
153959 0
112144 0
100458 0
119562 0
018052 0
121212 0
007993 0
145149 0
059823 0
034084 0
096757 0
096986 0
131307 0
187446 0
015183 0
132006 0
033636 0
261785 0
122746 0
091982 0
083899 0
145634 0
122622 0
272039 0
135376 0
200387 0
164940 0
067902 0
233731 0
276313 0
279960 0
059431 0
015684 0
085165 0
083226 0
279174 0
064658 0
020954 0
240466 0
009716 0
144525 0
096059 0
198184 0
110479 0
085919 0
059251 0
252671 1
275959 0
166231 0
017570 2
129401 2
196861 0
123732 0
134019 0
017356 0
211967 0
141673 0
016073 0
075319 2
020105 0
008359 2
142105 0
141326 0
008431 0
115110 0
063271 0
112002 0
185597 0
096918 0
014616 0
188641 0
152310 0
099718 0
093460 0
007253 0
263945 0
058381 0
141305 0
069757 0
244454 0
195886 0
257939 0
219716 0
036254 0
267964 0
010345 0
283619 0
060211 0
128011 0
239458 0
075216 0
108100 0
034795 0
010256 2
122583 2
098054 0
068448 0
244111 0
155988 0
084079 2
277896 0
161211 0
084676 0
085812 0
083270 0
082580 2
087921 0
149893 0
071246 0
154688 0
111368 0
097945 0
147724 0
058199 0
235852 0
270110 0
163726 0
104585 0
067743 0
259788 0
039957 0
137219 0
269126 0
101187 0
094720 0
127796 0
025225 0
066394 0
202677 0
125260 0
097141 0
154930 0
205437 0
009382 0
046463 0
239326 0
116463 2
145420 0
115979 0
202678 0
023328 0
184601 0
194966 0
126564 0
128729 0
001775 0
051779 0
068818 0
117683 0
051682 0
278784 0
050186 0
097414 0
086214 0
240630 0
029392 0
015250 0
001097 1
228310 0
271607 0
157761 0
145118 0
288941 0
128432 0
109691 0
131386 0
102395 0
097810 0
232323 0
043611 0
163430 2
119545 0
174704 0
109413 0
267842 0
122705 2
082415 0
011362 2
122728 2
025364 2
132406 0
025359 0
011846 0
063391 0
076396 0
058366 0
110735 2
211225 0
110857 0
250673 0
069728 0
142895 0
033074 0
060191 0
198142 0
225948 0
197685 0
062764 2
089422 0
062765 2
062767 2
064510 1
044883 0
070757 0
042732 0
109253 0
052416 0
186652 0
040005 0
007571 0
243928 0
258492 0
091634 0
017116 0
134956 0
280683 0
064954 0
064877 0
098418 0
162326 0
064365 0
116746 0
226587 2
101851 0
226665 2
064953 0
273001 0
148701 0
156293 0
198019 0
129208 2
136027 0
129171 2
129147 2
129136 2
129139 0
129157 0
129158 0
017664 0
129132 0
179710 0
262570 0
157995 0
099405 0
017964 0
146706 0
234850 0
157347 0
014257 0
152928 0
103930 0
170277 0
083358 0
226243 0
191950 0
079257 0
239972 0
260179 0
085442 0
122810 0
139563 0
278994 0
288368 0
051748 0
023409 0
126036 0
129810 0
270229 0
058436 0
133580 0
156661 0
014237 0
083434 0
098613 0
261949 0
259085 0
