211696 2
005575 2
120164 2
211748 2
181304 2
120154 2
211698 2
009042 2
005599 2
120194 2
119786 2
118709 0
118707 1
004581 1
118783 1
118647 1
118284 2
005498 1
120080 1
119613 2
011488 2
122751 2
005834 2
120455 2
119844 2
005371 2
119895 2
118385 2
120450 2
121363 1
120830 1
007949 1
121364 1
004703 1
118941 1
005309 2
119806 2
118940 0
126011 1
120130 1
005130 1
119537 1
137977 1
004212 2
118312 2
119361 1
004732 1
118990 1
014706 1
126010 1
120139 1
007942 2
121356 2
120142 1
053397 0
004575 1
118779 1
118285 2
118874 2
120140 1
009083 1
004783 1
119058 1
119032 1
120865 1
120156 1
004676 2
118896 2
120449 2
011924 1
005589 2
120180 2
130121 0
004994 1
119362 1
017892 0
258283 1
120031 1
142570 1
004682 2
118908 2
120959 1
142011 1
005132 2
119543 2
123931 1
004794 2
119072 2
126332 0
120960 1
010509 1
138972 2
212613 1
053371 0
277046 0
120032 1
005467 1
120033 1
004677 2
118897 2
120962 1
122760 1
119136 2
119145 2
118392 2
118878 2
120963 1
004271 2
118408 2
014845 2
125872 2
019655 0
120968 1
120969 1
018221 0
009959 1
119626 1
172992 0
007481 1
120971 1
122761 1
005177 1
119618 1
181348 0
119193 1
118938 1
002494 1
118298 2
130275 1
044988 0
130110 0
122764 1
122769 1
133397 1
133396 1
133391 1
011550 1
122772 1
118395 2
118393 2
133473 1
133481 1
119652 1
011676 1
119651 1
004270 2
118407 2
005250 1
119719 1
119071 2
015050 2
125674 2
130964 1
118397 2
118398 2
131017 1
119963 2
005227 1
119678 1
005340 1
119848 1
129062 1
004273 1
118414 1
131009 1
011697 1
128440 1
004531 1
118743 1
131008 1
014967 2
125763 2
005214 1
119661 1
011763 1
237275 1
004323 1
118445 1
147869 1
129996 1
240277 1
118428 1
004863 2
119154 2
240376 1
119081 1
118751 1
009549 1
144749 1
118748 2
118755 1
118589 1
118412 1
005583 1
120173 1
237753 1
144716 1
120172 1
144778 1
119132 2
285468 1
005588 1
120179 1
119649 1
172766 1
172765 1
004321 1
118443 1
147217 1
118597 1
005180 1
119622 1
144892 1
119177 0
005262 2
119732 2
125764 2
119178 2
010276 1
122605 1
015180 1
125565 1
285461 1
163863 1
011850 1
163859 1
004909 1
119259 1
124969 1
004818 1
119096 1
004897 1
119232 1
237672 1
065690 0
123554 1
065684 1
004422 1
118581 1
004877 2
119181 2
011958 1
122873 1
124964 1
004896 1
119231 1
123232 2
091132 0
012313 0
120946 1
163843 1
120949 1
098876 0
125865 2
006915 1
120529 1
004417 1
118574 1
069684 0
102857 0
119217 1
098859 0
118572 1
007353 1
120888 1
118502 0
124241 0
151208 1
007556 1
121047 1
120077 2
151196 1
004991 1
119357 1
005497 2
120078 2
155799 0
011740 1
011739 1
118501 2
124755 1
118899 1
118105 0
118904 1
118898 1
007227 1
120784 1
179808 1
009747 1
122143 1
179748 1
179744 1
001030 0
007894 1
121318 1
121305 1
011774 0
118976 1
009601 1
018264 1
128927 1
145646 1
111721 1
111720 1
012508 1
111712 1
011487 1
118735 1
222331 1
005499 1
120081 1
251045 1
120075 1
176031 0
140690 1
119414 0
018451 1
128794 1
222433 1
120051 0
118932 0
008542 1
101966 1
004727 2
118988 2
112892 2
007503 1
120993 1
007182 0
120750 0
111226 1
140682 1
140711 1
120065 1
007081 1
120677 1
120703 1
120958 1
112884 2
251044 1
005790 1
120399 1
120336 0
112830 2
118987 2
120268 0
009342 1
121812 1
004525 1
112845 2
126306 1
004725 1
118984 1
118948 1
009054 0
121559 0
008024 1
121425 1
118955 1
012037 0
121556 1
004500 1
118699 1
012464 1
122984 1
118273 2
009668 0
118983 1
118961 1
125194 1
118698 1
118778 1
126300 1
009903 1
122246 1
118787 1
006928 1
120542 1
123526 0
120537 1
119935 2
123525 1
005477 1
120041 1
109519 2
118965 1
100853 1
100257 0
124743 1
005570 1
120158 1
119107 1
005261 1
119731 1
001429 1
145726 1
127093 1
005637 1
120241 1
028651 0
011845 1
124919 1
121808 0
004865 1
119157 1
009005 0
121525 0
011894 0
005260 1
119730 1
115485 0
005606 1
120207 1
118657 1
100852 1
011941 1
004752 1
119024 1
012128 1
004503 1
118702 1
011978 0
118526 1
100609 1
101974 0
119019 1
126789 1
174037 0
271954 1
271953 1
118967 1
271956 1
124222 1
120181 1
243929 1
115409 0
005590 1
120183 1
005815 1
120431 1
124310 1
146774 1
145435 0
004428 1
118605 1
120326 1
116622 0
123524 1
124264 1
119576 1
131743 1
068467 0
119572 1
123503 1
137264 0
145450 0
005832 1
120453 1
124182 1
086588 0
124034 1
124403 1
124478 0
005737 1
120350 1
004707 1
118950 1
005383 1
119914 1
000812 1
149927 1
135556 0
017188 1
000863 1
147994 1
133008 0
147978 1
149471 1
147989 1
149585 1
147494 1
123970 1
123965 1
134106 1
015404 1
125335 1
123972 1
259688 1
109740 1
123973 1
017366 1
009012 1
121533 1
148818 0
121900 1
008003 1
121411 1
095442 0
147017 1
148808 0
109774 1
144627 0
117131 0
028580 1
009011 1
121531 1
011974 1
162456 1
077917 0
108793 1
109108 1
162452 1
121896 1
015388 1
108402 1
121909 1
028603 0
108253 1
108286 1
086129 1
119312 0
124036 1
145765 1
140289 1
004951 1
119305 1
010221 0
122541 0
159353 1
009654 0
159634 1
159472 1
159474 0
147587 1
152934 0
147607 1
005818 1
120433 1
124237 0
120422 1
006845 1
120486 1
120421 1
005236 1
119691 1
147650 1
123654 1
123635 1
010012 1
155486 1
124359 0
155482 1
123656 1
123642 1
123641 1
264482 1
264478 1
145839 0
009010 1
121530 1
004816 1
119095 1
009780 1
122175 1
011904 1
122861 1
254593 0
010303 1
007337 1
120872 1
124611 1
141018 1
118175 1
192007 0
141017 1
259690 1
007694 0
145837 0
124727 0
141013 1
118115 1
008472 1
259692 1
012438 0
259677 1
114806 0
259671 1
259673 1
142251 1
004432 1
118612 1
170607 1
176774 1
127851 0
147687 0
011916 0
087316 0
014987 1
125741 1
009049 1
001184 1
012102 1
122895 1
101238 0
253486 1
253585 1
121234 0
252924 1
253238 1
253266 1
253239 0
009050 1
121555 1
123224 0
121554 1
121524 1
117171 1
141844 1
148263 0
141785 1
141790 1
167652 0
157130 1
094934 1
117441 0
094929 0
004720 1
118979 1
180942 0
124532 1
129063 0
131376 0
131873 1
192942 0
001036 1
001903 1
015166 1
243132 1
145651 0
243791 1
149654 1
012516 0
064380 1
123282 1
123242 1
132862 1
010102 1
122404 1
075781 0
122400 0
000713 0
015594 1
149706 1
141483 0
149750 1
149657 1
015577 1
015612 1
149655 0
149656 0
079472 1
123708 1
124663 0
006577 0
125487 1
004601 0
015264 1
125472 1
253434 1
064406 0
253451 1
002007 0
133261 0
133698 1
133706 1
176788 0
062059 1
088442 1
146471 1
088436 1
146476 1
135409 0
088424 1
013988 1
146451 1
014020 1
088369 1
088225 1
264813 0
069526 0
109568 1
121095 0
109462 1
143821 1
054367 1
140933 0
125193 0
005831 1
120452 1
168155 1
123470 1
007344 0
120444 1
120443 1
123496 1
120442 1
123493 1
120441 1
012163 0
120423 1
231149 0
062102 0
122012 0
085622 0
128157 0
115001 1
165129 1
007153 1
120721 1
120704 1
015111 0
114994 1
165130 1
148588 1
139018 1
108297 1
153083 1
006653 1
009561 1
122010 1
148632 0
139020 1
108289 1
108393 1
108368 1
071973 0
285303 0
009612 1
141695 0
122052 1
119491 1
115142 1
126005 0
115163 1
116614 0
258929 0
090393 0
125141 0
012014 0
018256 1
128935 1
004514 1
118719 1
123599 1
112198 1
112153 0
123585 1
128703 0
052070 0
027344 1
146509 1
008941 1
007558 0
007798 0
113360 1
153585 1
125280 1
015468 1
125279 1
125281 1
014782 1
125948 1
119254 0
125950 1
127204 1
144800 1
165230 1
097488 0
144780 1
165220 1
127189 1
127188 1
135200 1
145851 1
137865 1
145865 1
131296 0
284603 1
011709 1
289915 1
120040 1
146834 0
284604 1
111510 1
242420 0
147081 0
145892 1
137798 1
006338 1
127178 1
109221 1
109081 1
111062 0
167141 0
108946 0
182867 1
136554 1
140899 1
140895 1
015269 1
125469 1
000029 0
132210 1
132226 1
132116 1
086672 1
186790 1
143409 1
175297 0
186800 0
086361 1
086303 1
124995 1
184751 1
183274 1
098963 0
125175 1
125187 1
124994 0
183280 0
189373 1
212914 1
223272 1
137443 1
133085 1
178175 1
177604 1
187131 0
178442 1
189449 1
177608 0
189492 1
171456 0
186807 1
187639 0
184793 1
137113 1
137097 1
132864 1
280013 1
011985 1
017220 0
136346 1
136338 1
136328 1
135649 1
135321 1
135637 1
280020 1
132861 1
135298 1
135283 1
280004 0
212835 0
260343 0
002004 1
157994 1
286169 0
157966 1
157937 1
232577 0
136938 0
142562 1
011751 0
142556 1
260616 0
018499 1
164021 1
009204 1
231082 1
058929 0
164027 1
231123 1
164023 1
006807 1
009242 1
121718 1
007661 1
121115 1
000752 0
166913 1
145583 1
009001 1
121518 1
124204 1
066960 1
066958 1
066968 1
193345 1
180613 1
285574 1
012521 0
191654 1
145679 1
285563 1
146161 0
124880 1
201259 0
116174 0
182710 1
201262 0
124881 1
124819 1
124854 1
124916 1
182768 1
124261 1
182848 1
010385 1
119013 1
191355 0
119008 1
039077 1
145678 1
038806 1
038807 0
150020 1
223478 1
191680 0
223487 1
175520 1
147205 0
175615 0
059788 0
258631 0
141230 0
157562 1
058346 0
157279 1
157280 1
161546 1
161549 1
009078 1
121586 1
161522 1
182121 1
163288 1
136621 1
243012 0
163321 0
136567 1
136612 1
145045 0
145247 0
009660 0
278213 0
204137 0
135675 0
151307 0
158218 1
161499 1
161498 1
012548 0
158211 1
158208 1
157763 0
240809 0
121340 1
123548 1
004462 0
123547 1
121339 1
191172 1
121317 1
198485 1
287757 0
121314 1
007990 1
121396 1
228422 1
155789 1
155790 1
195553 1
089745 0
121383 1
227207 1
227221 1
227213 1
197538 1
134516 0
227224 1
222713 1
197375 1
195554 1
197368 1
222988 1
176119 1
194236 1
000522 1
004469 0
118670 0
027443 0
151366 1
130114 1
174487 0
176165 1
176176 0
195557 0
157800 0
032127 1
221167 0
032125 1
221534 1
108329 1
010179 0
221535 1
222652 1
222106 1
194676 1
211455 0
225621 1
200206 0
225613 0
140959 1
176654 1
002015 1
124324 0
140956 1
140948 1
152936 1
144221 0
159576 1
235759 1
142287 1
191572 1
007429 1
120942 1
149390 1
048970 0
142166 1
191565 1
191570 1
235639 1
145611 0
097801 1
100415 1
088302 1
015500 1
125255 1
119365 0
005014 0
227239 1
095631 1
239039 1
239051 1
239052 1
119149 0
239361 1
239010 1
167878 1
004859 1
119150 1
252893 1
199477 0
041036 0
239362 1
238990 1
167938 1
167939 1
170195 0
095190 0
126811 1
236867 1
223253 1
193466 1
122853 1
015158 0
126659 1
221711 1
233308 0
240013 0
218897 0
190348 0
090298 0
165248 0
186805 0
007031 1
120635 1
126365 1
244982 0
120525 1
126348 1
007347 0
011477 0
067675 1
067908 1
155795 1
200342 1
023054 0
130284 1
203840 0
130274 0
151864 1
198483 0
230245 1
160401 0
230204 1
071433 1
104606 1
002755 1
046042 1
015305 1
125429 1
125430 1
220747 1
220753 0
071428 1
104601 1
046043 1
046273 1
002600 1
002593 1
070528 0
051805 1
000010 1
066419 0
051806 1
051828 1
007342 0
120877 0
064500 0
223426 1
223427 1
169408 0
223267 1
122295 1
090210 1
227248 0
090061 1
015225 0
011964 1
276258 1
243518 1
202439 1
234409 0
243604 1
276334 1
276311 1
276313 1
243562 1
004263 1
118399 1
118386 1
177778 1
231842 0
177693 1
177525 1
177509 1
177515 1
148079 1
016613 1
234067 1
000065 1
193903 0
077321 0
276696 1
075874 0
150022 0
147616 0
000008 1
027296 1
115305 1
018520 1
027047 0
018081 1
017818 1
124975 0
000115 0
133837 1
000076 1
018250 1
077326 0
133833 1
133799 1
133787 1
152221 1
152222 1
124027 0
018803 1
162170 1
078797 0
162355 1
131024 0
163861 0
139559 1
139561 1
110820 0
139617 1
139540 1
095285 0
000113 0
002992 1
130095 1
011991 1
008471 0
110024 1
004942 1
119293 1
116657 1
097016 1
168987 0
096498 0
116474 1
116654 1
116328 0
257570 1
197387 0
257571 1
263904 1
000238 0
257522 0
180487 1
180472 1
180478 1
197426 0
180841 1
180843 1
180888 1
180678 1
180683 1
224948 1
064745 0
225169 1
224907 1
224908 1
225166 1
135127 0
224870 0
263999 0
182137 1
186279 1
153584 0
289288 1
056144 1
289290 1
176838 1
010379 1
194471 0
289306 1
289305 1
289326 1
176848 0
056058 1
005794 1
120404 1
100313 0
186859 0
174437 0
085976 1
085898 1
190064 1
075650 1
064004 1
122475 0
190113 1
183055 1
183056 1
183053 1
182989 1
075977 0
190112 1
183045 1
146985 0
089654 1
000910 1
085528 1
116329 0
085485 1
085484 1
089628 1
085615 1
085598 1
085745 1
089567 0
085781 0
038065 0
088688 1
199249 0
088677 0
276457 1
007813 1
121229 1
125063 0
280581 1
137428 0
122206 0
168809 0
255910 0
152880 1
076099 1
169724 0
076059 1
076009 1
008039 1
121433 1
004624 1
118826 1
288492 1
177541 0
118816 0
288462 1
288491 1
007085 0
154833 1
154859 1
131872 1
118500 0
017429 1
130684 1
288037 1
060702 1
169936 0
060697 1
288039 1
000342 1
017378 0
089596 0
256383 0
134664 1
108164 0
262796 1
225993 0
262808 1
262807 1
262969 1
115317 0
077942 1
077914 1
077934 1
195940 1
150078 0
195537 1
194012 1
194019 1
208366 0
190039 1
177155 1
190050 1
078830 1
019554 0
078849 1
078787 0
179101 1
244210 1
060753 0
244220 1
244183 1
179105 1
179110 1
006525 1
024094 1
063307 0
071969 0
230447 1
142932 0
230446 1
230435 0
203148 0
123262 1
186142 1
074799 1
025951 0
074735 0
123264 1
000873 1
034679 1
024458 0
082068 0
027545 1
082137 0
027546 1
265436 1
124485 1
154628 1
086490 1
191274 0
154647 1
154694 1
152764 1
170190 0
155489 0
067168 0
127312 1
155826 1
155834 1
153013 1
182698 1
278081 0
145223 1
265395 1
145246 1
200804 1
007980 0
142765 1
143038 0
200799 1
265415 1
200727 1
199905 1
199898 1
227249 0
123754 0
242843 0
037088 1
153087 0
034543 1
034562 1
182733 0
133594 1
004385 1
118522 1
149189 0
123020 0
257807 1
257817 1
133572 0
009562 1
122011 1
035934 0
036470 1
257946 1
179433 0
257945 0
026464 0
260444 1
004858 1
119148 1
260381 1
011343 1
011768 1
036468 1
011310 1
036456 0
260412 1
010358 1
122679 1
122645 1
260198 1
042208 1
001493 0
041660 1
260122 0
042334 1
124745 1
113190 0
124767 1
124771 1
012160 0
034781 1
125072 1
034810 1
070655 0
015332 1
125405 1
007005 1
076420 0
015335 1
125402 1
125403 1
125414 1
015319 1
125413 1
238615 1
046441 0
238679 1
239387 1
015412 1
125326 1
186041 1
015318 1
125415 1
060447 1
001926 0
004572 0
118777 0
125417 1
125348 1
125362 1
015389 1
125345 1
125346 1
126191 1
126170 1
166068 1
034587 0
064833 0
166167 1
166256 1
148795 1
126915 0
036798 1
152754 1
152763 1
017912 1
007792 1
139601 0
007817 1
121233 1
075353 1
128756 0
018513 0
075338 1
124560 0
032178 1
064984 0
130820 0
230912 1
017728 0
230921 1
222309 0
135206 1
109132 1
109186 1
289914 1
258985 0
109167 1
109032 1
134894 1
120668 0
264476 1
111197 0
264465 1
264602 1
264600 1
264194 1
264182 0
257387 1
257444 1
257445 1
265833 1
017897 0
257332 0
265558 1
266816 0
163563 0
169090 1
113405 0
278964 1
084170 0
119133 1
223476 1
085861 1
027892 0
223458 1
085872 0
067142 1
283750 0
067123 1
005091 0
100716 0
194680 1
163384 0
182666 1
148726 0
182670 1
034641 1
043676 0
182700 0
147337 0
000411 1
142207 1
166046 0
142199 1
008159 1
127053 1
197334 1
255483 1
038504 1
074622 1
241646 0
037944 1
037997 0
197296 1
009072 1
121579 1
075962 1
007285 0
121575 1
075959 0
011293 0
182221 1
032115 1
010235 0
032110 1
182247 1
194679 0
043744 0
080076 0
102002 0
254039 1
011830 1
257558 1
195670 0
257555 1
254025 1
009838 1
122215 1
290080 0
060443 1
229909 1
060341 1
162689 0
231117 1
062099 1
010217 0
020169 1
197154 0
020171 1
020193 1
164124 1
004433 0
164127 1
001087 1
140898 0
268813 0
128239 0
227560 1
070164 1
103337 1
171403 0
227441 1
227561 1
199928 1
243979 0
287253 1
121176 0
285671 0
080015 0
011181 0
144645 0
231124 0
111932 0
221996 0
128370 1
286936 1
122979 1
237505 0
286954 1
128246 1
131288 0
139926 0
227155 0
258005 1
088687 0
258002 1
228382 0
260713 0
145947 1
145954 0
264395 0
064811 1
128477 0
077233 1
079758 0
077257 1
287586 0
011269 1
005299 1
119792 1
242725 0
119764 0
123711 1
123824 1
014143 1
096417 1
029491 1
123801 1
079441 0
030002 1
124740 1
080518 1
006926 0
080510 0
012656 1
125125 1
009008 0
125104 1
125126 1
005572 0
195202 1
195246 1
111808 1
004617 1
118818 1
126201 0
118730 1
111100 0
125901 1
182147 1
065180 1
096939 1
002306 1
111946 0
096914 1
065161 1
125889 1
109225 1
134051 0
109224 1
095742 1
222371 1
220078 1
053960 0
095852 1
095738 1
095886 1
219949 0
095645 1
095617 1
140722 0
195934 1
159684 1
095630 0
195541 1
078676 0
192636 1
124060 0
115079 1
011939 0
115078 1
010568 0
037432 1
265064 0
159860 1
159869 1
111541 0
159911 0
125002 1
241298 1
120472 0
241155 1
150215 1
150223 1
125001 0
159914 0
122710 0
125703 0
091265 1
130341 1
000420 1
148730 1
288344 0
148709 0
052085 0
062582 0
184689 1
124864 0
148136 1
075571 0
125145 0
168218 1
011552 0
136521 0
185807 1
260304 0
194205 0
155349 0
126612 1
185853 1
081437 1
012273 1
025957 1
060984 0
025942 1
126598 0
159480 0
121150 1
230773 0
007224 1
041866 0
155314 1
159754 1
196958 1
037087 0
159814 1
159863 1
155675 0
159937 1
223941 0
166677 1
220313 1
153363 1
166669 1
124693 1
168219 1
151494 1
171676 0
222449 0
141336 0
164948 0
180380 0
127629 0
076273 1
175627 0
076917 1
076913 1
016433 1
031664 1
113942 1
004930 0
031677 0
113936 1
005092 1
111273 0
016434 0
057891 1
138450 0
058008 0
155830 1
115476 0
120169 0
131478 0
163342 0
066784 0
152938 0
074426 1
107599 1
175635 1
088303 0
072277 1
105450 1
169409 0
062097 0
052279 1
090438 0
170197 1
017753 1
269007 0
162838 1
018165 1
128070 0
286744 1
158077 1
018619 0
286741 1
112148 1
162025 0
260153 0
283439 0
174848 2
081120 0
174836 1
278128 1
278048 1
275784 0
201952 0
130627 1
147153 1
134270 0
147146 1
148008 0
152768 0
151403 0
063325 0
131474 0
116621 0
064110 0
025092 1
231315 0
219869 1
165183 0
219867 1
220160 1
219831 1
219845 0
219799 0
288765 1
288783 1
029979 1
046174 1
062173 1
256713 0
046107 1
062183 0
018174 1
128981 1
005469 1
120037 1
069502 0
120036 0
030197 0
108555 0
005415 1
119972 1
007339 1
120874 1
168391 2
168388 0
119971 1
119961 1
001231 1
034581 1
259964 1
244933 0
259971 1
077654 1
017885 0
097185 1
124774 1
015128 1
125611 1
168484 0
097186 1
124765 0
042558 0
125613 0
017218 1
129659 1
067434 0
128610 1
031274 0
071035 0
018013 1
243847 0
128469 1
128611 1
123890 0
012148 0
080017 0
004339 0
161550 0
052276 1
139016 1
001197 0
138961 1
139019 0
064553 1
096553 0
148593 0
174501 0
006307 0
075014 0
124904 0
009965 1
122296 1
095319 0
147615 0
143000 1
112106 0
142603 0
017582 0
253225 0
111665 1
221790 0
004634 1
118839 1
078872 1
009864 1
186860 0
118836 1
118819 1
118741 0
070071 1
103244 1
150003 0
004982 0
000134 0
122088 0
120713 1
011893 0
120694 1
120878 0
241813 0
124361 0
078764 0
040325 1
114585 0
081667 1
028011 0
081603 1
221842 0
081742 1
120693 0
168040 0
027685 0
089884 0
016345 1
148604 1
149949 1
150010 1
150048 1
150069 1
150086 1
131594 0
018735 1
148563 1
016375 1
007145 0
000578 1
178600 0
130523 1
146027 0
000575 1
147955 0
130117 1
130528 1
014824 1
125892 1
043628 0
125920 1
058097 1
091542 0
058120 1
000843 0
119497 0
118498 0
275937 0
004216 0
055254 1
079754 0
033110 0
009206 1
045660 0
005200 1
119648 1
009243 1
121719 1
119633 1
119646 1
140902 1
273117 1
179849 1
171187 0
129341 1
129395 1
238899 0
129398 1
129343 1
008329 0
119601 0
108462 1
155967 1
278406 1
200783 0
155959 1
155928 1
108448 1
156004 1
156008 1
155929 0
155953 0
278408 0
132802 1
158314 0
132732 1
132746 1
060619 0
152986 0
121906 0
113434 0
095660 0
164144 0
124979 1
156485 0
007983 0
064356 0
000521 0
162713 0
000582 1
026544 0
130186 0
111315 0
124749 0
096639 0
116302 1
231129 0
120880 0
152346 0
197681 0
144043 1
040689 0
144037 0
250251 0
084156 0
052043 1
005833 0
098388 1
152106 1
011346 1
262129 0
152111 1
018774 1
098350 1
052048 1
117130 0
051989 1
161783 0
100059 1
050198 0
066157 1
273061 1
055534 0
273065 0
224647 0
060896 1
060940 1
111027 0
060945 1
194282 0
011501 1
000675 1
065178 1
209602 0
130046 1
026133 1
001427 0
051987 0
080813 1
128860 0
055155 0
145835 1
134232 0
059466 1
163385 1
004431 0
163420 1
028099 0
149800 0
241303 0
127656 1
220529 0
127652 1
160869 0
015307 1
125426 1
199964 1
280886 0
199955 1
125427 1
028648 0
170191 0
015465 1
125282 1
034278 0
125297 1
169507 0
144352 0
125620 0
272825 0
173379 0
113692 0
087539 0
185745 0
087311 0
008645 0
015235 0
266253 0
289481 0
272768 0
013133 0
081188 1
145286 1
005077 0
145220 1
076742 0
141363 0
285313 0
230415 0
007266 1
120811 1
009452 0
007132 1
120712 1
120695 1
007080 1
120676 1
008369 1
005826 0
120439 0
126077 0
060289 0
147375 0
035231 0
256682 0
126591 0
037906 1
139059 0
037860 1
037802 1
037821 1
037801 1
037815 1
037888 1
037928 0
038925 1
143084 0
225856 1
005372 0
225815 1
226009 1
226015 1
002288 1
065194 0
225708 0
024475 0
220589 0
227250 0
082582 0
133260 1
270928 1
082736 1
175646 0
082703 0
127627 1
128125 1
001564 1
127626 0
127595 0
127398 0
021994 0
191533 0
163417 0
111824 1
009941 0
111800 0
099113 1
132867 1
175738 0
099142 1
132818 1
125716 0
148229 0
005135 0
075393 1
186801 0
127226 0
032527 0
147054 0
079225 0
008536 0
082079 0
155801 0
118942 0
147362 0
285856 0
275238 0
007585 1
121069 1
076007 0
155689 1
018178 0
155679 0
036450 0
011888 0
144652 0
043446 0
036160 0
150143 1
199322 1
007341 1
120876 1
004696 1
200050 1
260184 0
150096 1
199325 1
074672 0
279104 0
191703 0
157980 1
097420 0
150085 0
120425 0
037797 0
242872 1
101415 0
017924 1
017380 0
017997 1
199111 0
277287 1
195133 1
100914 0
195121 1
036465 0
219947 1
123724 1
122992 0
227975 0
032833 0
081579 0
169029 0
027360 0
125180 1
112140 0
126881 1
014738 0
018088 0
255378 1
264155 0
255383 1
255384 1
255385 1
256784 1
257575 1
255331 0
255327 0
035815 1
255332 0
035837 1
028963 0
053122 0
129658 0
250310 0
156735 0
225705 0
070261 0
122079 0
001018 0
076038 0
121384 0
255288 0
130819 0
009603 0
007289 0
258711 0
082462 0
023592 0
125229 0
170806 0
097092 1
165583 0
023900 0
142488 1
140116 1
145227 0
010452 1
140066 1
140067 1
008705 1
038636 1
006083 1
171672 1
000306 0
006102 1
095479 1
007178 1
120744 1
116623 1
008934 0
007061 0
094183 0
120659 0
004482 0
030839 0
044400 0
254571 1
244017 0
254565 1
161551 0
145832 0
196667 1
196660 1
150191 0
109429 0
086161 1
257298 0
086186 1
192010 0
088433 0
275985 0
232876 0
257524 0
048544 0
066890 0
086222 1
186917 0
086248 1
086504 0
140437 0
050196 0
090647 0
069528 0
084931 1
034651 1
066644 0
087526 0
032938 1
109556 0
131312 0
252410 1
254196 1
126362 0
249502 1
001806 0
249592 1
078186 0
071136 0
259168 0
237907 1
006583 0
237916 1
239386 0
237915 1
237901 1
130353 0
233294 1
244997 0
135559 0
004370 1
027362 1
150887 0
101911 1
119343 0
121004 0
065638 1
009431 0
011755 0
253833 0
157935 0
090372 0
221268 0
094121 0
129529 0
182586 0
203862 0
091576 0
007678 0
130076 1
130070 1
009858 0
130078 1
014313 1
007672 0
132227 0
012294 0
169886 0
051646 0
169252 0
151317 0
288546 0
058369 1
170196 0
127470 0
230978 0
057926 0
154722 1
144341 0
154743 1
231560 0
154774 1
154779 1
006892 0
016221 0
262123 0
017507 1
129423 1
151981 0
129424 1
129435 1
240783 0
018111 0
152937 0
081593 0
099593 0
129750 0
185338 1
017862 0
185414 1
185411 1
006803 0
133172 0
119073 0
227831 0
004275 2
118418 2
007512 0
118409 2
004331 2
118452 2
125519 0
019682 0
024095 0
108557 1
067971 0
108333 0
160870 0
011340 0
131755 1
285360 0
131750 1
131740 1
159016 0
140759 0
035994 0
274954 0
130463 0
135086 0
018585 0
279672 0
144885 1
009786 1
244983 0
045667 0
130855 2
136308 1
000611 1
000260 0
136236 1
136508 0
132767 2
125693 0
001766 2
014848 2
125868 2
102034 0
001586 2
131101 2
278215 0
131021 2
001681 2
132770 2
128168 2
169430 1
202452 0
001063 2
141340 0
169449 0
124233 0
163566 1
006893 1
007032 1
007348 1
120526 1
120636 1
120881 1
132728 0
163634 0
163553 0
001011 0
164794 0
132778 1
080237 0
132773 1
132807 0
012694 1
138975 0
201299 1
174450 1
158737 0
174543 0
145085 0
110268 0
087318 1
101665 0
150167 0
257934 1
102675 0
257930 0
075394 0
144362 0
018496 0
183627 0
143507 1
089860 0
143439 0
146691 1
155428 0
010294 0
146743 0
011804 0
193848 0
170166 0
026754 1
157075 0
223832 0
079428 0
283688 0
164139 0
285294 0
157767 0
127893 0
009586 0
014575 0
143976 1
096659 0
227228 0
176028 0
009009 0
146159 0
282401 0
058387 1
109762 0
058416 1
058463 1
009161 0
007335 0
102699 0
176638 0
124378 1
097645 0
124287 1
241652 1
035258 0
241736 0
160529 0
046453 1
191099 0
243379 1
032542 0
243372 1
140894 0
111026 0
161485 0
086675 1
100317 0
086362 1
086337 1
051444 1
052046 1
005199 0
051988 1
118801 0
051949 1
124045 1
059437 1
108153 0
124079 0
202022 0
129030 1
216604 0
018119 1
051802 1
010218 1
012468 1
156311 0
051798 0
018120 1
129031 1
017932 1
231987 0
180659 0
017413 0
151026 0
031760 1
164793 1
025482 0
170176 0
152881 0
015607 0
090264 0
168465 0
082583 1
077923 0
077576 0
096618 0
228531 1
228592 1
163215 0
228536 0
179432 0
101066 0
243981 0
082118 1
193445 0
074539 1
077976 1
152943 1
071496 0
074531 0
058472 1
080618 0
124126 0
103701 0
121221 0
077918 0
234049 0
145780 1
121236 0
017531 1
072347 0
157017 0
068151 0
118929 0
033334 0
123590 0
069988 1
103161 1
031225 0
123869 0
017495 1
129432 1
172251 1
221435 0
017867 0
174535 0
061881 0
027889 0
261576 0
178576 1
147502 0
124251 0
015304 0
050374 0
220801 1
126805 0
220434 1
220485 1
220757 1
220756 1
155806 0
062093 0
194401 0
152621 0
122872 0
120214 0
009849 0
005220 0
030303 0
131217 0
180250 0
069678 0
086550 0
215816 0
226232 0
078806 1
097208 1
060372 0
097128 1
097207 1
038535 0
141927 0
015387 0
131384 0
167740 0
002040 0
118760 0
144379 0
231151 0
227893 1
001141 1
224327 0
227885 1
131586 0
095515 0
145619 0
152168 0
130967 0
018603 1
128706 1
064915 1
065078 1
004349 0
065085 1
065158 1
064909 1
064795 0
065173 0
064695 1
215450 0
065172 0
124746 0
010149 0
135323 0
085925 0
109942 0
129294 0
148001 0
068792 0
028965 0
032114 0
018095 0
066832 0
157434 0
142563 0
066533 0
158348 0
042213 1
124867 0
096605 1
176219 0
096436 0
253083 0
068459 0
069632 0
277439 0
123440 0
078165 0
145703 0
289511 1
127535 0
289517 1
286758 1
079483 0
009150 0
290059 1
044608 1
044604 1
065041 0
045228 0
045229 0
014901 0
131314 1
070178 1
103351 1
261722 0
070344 1
103517 1
070302 1
103475 1
070265 1
103438 1
071168 0
104341 0
071050 0
074626 0
097380 1
069173 0
041480 0
104223 0
002870 0
018610 0
037996 0
119391 0
130828 1
042543 0
005813 0
111918 0
127444 1
114765 0
117112 0
014904 1
125821 1
009735 0
146582 0
193015 0
131301 0
129664 0
143977 0
259723 1
128060 0
259724 1
124030 0
037378 0
228764 0
129527 0
166552 0
183095 0
154598 0
128247 0
250921 0
085824 1
146821 0
085956 1
001158 0
060615 0
145268 0
160980 0
285288 0
186778 0
155794 0
120717 0
230645 0
028065 0
018630 0
168228 0
124236 0
076800 0
231569 0
045499 0
256380 0
050794 0
125969 0
198958 1
118442 0
198955 1
198961 0
198953 0
018372 0
042516 0
054426 1
004633 0
054476 0
130403 0
071049 0
141851 0
125521 0
282068 0
126501 0
047415 0
005079 0
140913 0
119286 0
125579 0
097793 0
110859 0
286330 1
011701 1
130861 2
188924 1
081148 0
286476 1
188929 0
188925 0
028632 0
288704 0
180027 1
197183 0
193000 0
051843 0
179097 0
288975 0
169733 1
276833 0
169736 1
169800 0
169801 1
109346 0
169825 0
222535 0
180034 0
146697 1
170878 1
134240 1
077678 0
134193 0
007744 0
124056 0
018413 0
215358 0
079028 0
215202 1
179181 0
215199 0
216787 0
209349 0
141300 0
016486 0
177843 1
177845 1
280002 0
178042 0
102851 0
025295 0
151725 1
258552 0
151705 0
135096 0
129344 0
260173 0
211560 1
174920 0
204353 0
143390 0
178132 0
204364 0
144327 0
026070 0
186265 1
205383 0
186289 0
012178 0
194352 0
125505 0
161841 0
285601 0
150403 0
009845 0
153691 1
153718 1
138474 0
153645 1
258849 0
040858 0
155495 0
085029 0
175334 1
177806 0
175259 1
175355 1
175217 1
114945 0
086147 0
082074 0
146608 1
175679 0
037148 0
107858 0
058740 1
085291 1
157799 0
004966 1
119329 1
101840 0
119548 0
119542 0
185794 0
240821 0
205379 0
147126 0
059042 0
143085 0
118650 0
198940 0
149795 0
272755 0
288900 0
188412 0
287406 0
116014 0
017309 0
041219 0
044676 0
060713 0
122537 0
170670 0
146899 0
137533 0
030142 0
167414 2
079726 1
018033 0
167430 1
167457 1
000789 1
012980 1
101081 0
171009 0
164145 0
110638 1
012517 0
133010 0
119393 0
263302 1
123977 0
263303 1
077944 0
005015 0
127712 0
120535 0
135331 0
126911 0
109082 0
159269 0
120043 1
075268 1
009683 0
005479 1
016545 0
019430 0
149959 0
168395 0
038132 0
115478 0
134251 0
146849 0
113355 0
155664 0
040307 0
006553 0
199713 0
061839 0
166248 0
225994 0
102701 0
188153 0
004785 0
041955 1
118561 0
041926 1
041891 1
088395 0
082701 0
004625 0
009873 0
235017 0
072650 0
159481 0
136536 0
125595 0
145846 0
173007 1
173008 1
240938 1
173022 1
124540 0
173028 1
143803 0
125092 0
018437 0
186866 0
021147 0
268617 0
227265 0
131300 0
009451 0
131491 0
075858 0
060633 0
151404 1
212060 0
151407 1
156526 0
151370 0
014042 0
131610 0
067134 0
148264 0
155640 0
005219 1
005650 0
182786 0
003753 1
128545 0
011655 0
075936 0
146945 0
022410 1
078472 0
049898 0
281242 0
129691 0
175768 0
020374 0
081744 0
120454 0
148580 0
154180 0
012104 0
007474 0
104222 0
103828 0
004594 0
007737 0
155761 0
077940 1
183932 0
077954 1
008022 0
077957 1
164241 0
079681 1
079459 1
077652 1
139068 0
079686 0
077661 1
079458 0
079438 0
003670 0
155984 0
004411 0
124580 0
129194 0
168229 0
134361 0
078082 1
064095 0
112894 0
081165 1
088472 1
088502 1
006712 0
088477 1
076696 0
010934 0
093907 0
065030 1
127953 0
196779 0
062665 0
090665 0
064361 1
118797 0
261777 0
162026 0
124250 0
027300 0
075783 0
182911 0
150173 0
102081 0
012057 0
194469 0
202021 0
078390 0
000283 0
029788 0
031515 0
009839 0
051329 0
278405 0
081113 0
000524 0
005683 0
288192 0
230451 1
118469 0
007144 1
120716 1
138537 0
078987 0
118611 0
090384 0
125230 0
213295 0
220557 0
115463 0
160918 0
180049 0
065181 0
070474 0
173881 0
258292 0
009783 1
124736 0
059888 0
167221 0
151688 0
144625 0
075015 0
180070 0
126008 0
185752 0
120470 0
113401 0
188331 0
200802 0
069682 0
163071 0
018128 0
256692 0
227120 1
158322 0
220825 0
223254 1
178426 0
015356 0
144192 0
150144 0
111233 0
264818 0
141287 0
211532 0
007434 1
120947 1
010175 0
120934 1
075059 0
088557 0
114580 0
062455 1
122053 0
241743 0
216634 0
235500 0
136552 0
121000 0
101464 0
230778 0
258710 0
139575 0
222828 0
195315 0
287360 0
050478 0
170104 0
128494 0
048427 0
238909 0
258491 0
102346 0
010264 0
058234 0
147847 1
133882 0
116331 0
090720 0
108800 0
168596 0
108217 0
261254 0
220746 0
168029 0
119479 0
162682 0
203159 0
240914 0
198998 1
197600 1
286539 0
199002 1
199008 0
035597 0
094566 0
063000 0
062199 1
079536 1
069992 0
061358 0
011959 0
254653 0
038659 0
045230 0
090645 0
110061 0
023732 1
023591 1
034478 0
083865 0
104309 0
233916 0
009890 0
097799 0
261921 0
011134 0
155665 0
031426 0
094463 0
182594 0
253248 0
121403 0
052621 0
242712 0
282535 0
014785 1
125944 1
069472 1
102645 1
009872 0
153953 1
012377 0
153986 0
125041 0
064351 0
014650 0
042544 1
101733 0
042492 1
042530 1
042460 1
042468 1
042475 1
019079 0
228150 0
007854 0
143498 1
149918 0
143456 1
191636 0
222307 0
122725 0
123764 0
147941 0
229910 0
075058 0
080349 0
009884 0
082923 0
220610 0
044079 0
188955 0
075021 0
003738 1
202226 0
036217 1
005663 0
036352 1
121049 0
146475 0
155788 1
028213 0
142414 0
099571 0
194377 0
037059 0
145115 0
006487 1
124553 0
163142 0
074551 0
084641 1
009048 0
084642 1
084683 1
084669 1
084648 0
083705 0
084704 0
084698 0
124046 0
084697 0
128697 0
196244 0
195797 0
069674 0
184770 0
231308 0
096423 0
071042 0
258630 0
118658 0
043489 0
134669 0
175676 0
061227 0
160827 0
037796 0
001449 0
030204 0
151792 0
268792 0
045686 0
059324 1
053290 0
059319 1
051762 0
051908 1
051901 0
051815 0
011330 0
051848 0
051824 1
116171 0
243078 0
140115 0
150882 0
285287 1
050051 0
176901 0
285207 1
230748 0
035933 0
275235 0
126650 0
219483 0
009244 0
103434 0
051485 1
226177 0
044530 0
146309 0
129531 0
117058 0
006759 0
143369 0
040850 0
192947 0
063109 0
086090 0
090203 0
182472 0
230268 0
195666 0
017970 1
275796 0
017289 0
108279 0
177548 0
200385 0
150343 0
127903 0
028720 0
121642 0
018621 0
144374 0
157726 0
128755 0
152284 0
125798 0
120257 0
099525 1
115395 0
099428 1
187912 0
142227 0
177410 0
101894 0
093779 1
098430 0
127914 0
282092 0
147048 1
132485 0
147070 1
201805 0
163388 0
124741 0
039143 0
044302 0
004837 0
138804 0
234710 0
160552 0
025874 0
145706 0
078878 0
150134 0
001140 0
287620 0
129086 0
121529 0
001543 0
086275 0
234020 0
018502 1
222336 0
001002 0
227334 0
164341 0
129346 0
007336 0
041521 0
010461 0
147677 0
266257 0
168996 0
144942 0
122570 0
007431 0
258977 0
120748 1
126313 0
120747 1
086549 0
222648 0
012704 0
125457 0
011649 0
077044 0
059873 0
080740 0
024176 0
016587 0
118838 0
052067 0
001807 0
074992 0
101808 0
284585 0
196671 0
051772 0
125975 0
007387 0
215993 0
103646 0
237586 0
195305 0
185151 0
128009 0
140890 0
172894 1
234754 0
256379 0
128714 0
163041 0
011862 0
065084 0
028627 0
186101 0
255205 0
198393 0
010826 0
027688 0
120160 0
125431 0
255873 0
130492 0
118483 0
035232 0
130187 0
104215 0
234027 0
285467 0
122876 0
134459 0
101816 0
066395 0
102855 0
070945 0
111266 0
226144 0
031859 0
069636 0
253019 1
023547 0
165280 0
125254 0
171180 0
018434 0
151341 0
019820 0
169000 0
063960 0
002559 0
072913 0
090513 0
125523 1
011989 0
125522 1
125532 1
124252 0
069527 0
010714 1
019217 0
198417 0
061087 0
171720 1
286356 0
171677 0
016041 0
039273 0
110932 1
147658 0
110927 1
110815 0
110858 0
111183 0
111191 0
000046 0
244969 0
111767 0
009597 0
044443 0
147012 1
108079 0
146989 1
146975 1
170420 0
146889 0
146976 1
146990 1
147013 1
153782 0
146890 1
146874 1
146870 0
150171 0
100910 0
271594 0
158375 0
167213 0
123035 0
078527 0
118686 0
121122 0
021770 0
111192 0
205342 0
037138 0
242222 0
132199 0
156349 0
289258 0
275859 0
018123 0
155594 0
135391 0
127434 0
087701 0
131297 0
118434 0
288695 0
009928 0
000949 0
125218 0
113527 0
090229 0
089044 0
019557 0
221782 0
078934 0
138530 0
016632 0
060331 0
016166 0
128808 0
142096 0
121887 0
085818 0
033549 0
066661 0
256689 0
084948 0
181043 0
063327 0
051850 0
234121 0
243589 0
039132 0
165292 0
123146 1
128017 1
201645 0
123150 1
123036 1
124873 0
115408 0
061596 0
098459 1
079953 0
028499 0
079725 0
256384 0
148455 1
076255 0
184264 1
184301 1
008045 0
184269 1
184273 1
184228 1
089471 0
075643 0
161985 0
176837 1
108060 0
176839 1
176844 0
180383 0
157785 0
146401 0
052186 0
181307 1
139104 0
155729 0
145455 0
148435 0
280957 0
135330 0
135511 0
180382 0
123843 0
277814 0
014966 0
087314 0
115167 0
200805 0
131486 0
111064 0
116736 0
120473 0
188064 0
007087 0
074529 0
243801 0
077479 0
148222 0
151987 0
261719 0
075373 0
118569 0
196069 0
177999 0
260823 1
059037 0
010313 0
044037 0
060395 0
129024 0
061264 0
067406 0
140892 0
040146 0
154832 0
144816 0
199911 0
011091 0
147034 0
275986 0
063703 0
124226 0
231983 0
069993 0
128489 0
073173 0
069258 0
164255 0
005017 0
119544 1
184996 0
133009 0
115814 0
041166 0
124906 0
128626 0
010157 0
139470 0
124031 0
011446 0
009942 0
203829 1
225650 0
111222 0
197908 0
215442 0
254194 1
230476 0
232885 0
117159 0
222792 0
151922 0
147767 0
215787 0
102847 0
122224 0
157344 0
146999 0
004825 0
167222 0
203881 0
201399 0
045031 0
244963 0
134192 0
036299 0
009148 1
090515 0
046162 0
109920 0
080895 0
282612 0
047662 0
228912 0
147963 0
090231 0
264831 0
128793 0
017143 0
032736 0
122473 0
123494 0
135059 0
268793 0
271635 0
226975 0
216021 0
149962 0
231561 0
003055 0
123718 0
090561 0
155502 0
017449 0
114755 0
120426 0
050234 0
155011 0
220752 0
141586 0
017525 0
111272 0
060789 0
161816 0
259711 1
262856 1
143957 0
244968 0
133631 0
101736 0
121077 0
217076 0
082846 0
124734 0
224331 0
110742 0
019644 0
006364 0
078235 0
017727 0
009098 0
216381 0
108321 0
005416 0
034410 0
283749 0
174489 0
119600 0
156477 0
159002 0
093915 0
272606 0
288376 0
253277 0
014669 0
036098 0
079863 0
036035 0
181732 0
177166 0
076697 0
018998 0
007139 0
139074 0
227141 0
042486 0
042665 0
002568 1
075436 0
002548 1
231467 0
000339 0
119340 1
030256 0
122713 0
119339 1
148800 0
119309 1
126180 0
278626 0
121168 0
035264 0
070395 0
122724 0
067353 0
119396 0
170202 0
162070 0
017698 0
120831 0
128685 0
154770 0
012281 1
121899 0
227343 0
121652 0
032925 0
244395 0
146077 0
007818 0
132014 0
120298 0
179449 0
178750 0
110227 0
102700 0
075104 0
118974 0
064718 0
138979 0
075864 0
169001 0
145971 0
009620 0
128976 0
169304 0
147122 0
150545 0
062878 0
186176 0
131000 0
269446 0
165111 0
040166 0
139595 0
197280 0
074613 0
081233 0
055728 0
102805 0
005190 0
166858 0
100413 0
128644 0
155682 0
140542 0
202462 0
264459 0
226178 0
007633 0
259719 0
069679 0
153390 0
125823 0
119390 0
081109 0
146752 0
203680 0
129047 0
163382 0
058037 1
129200 0
057900 1
133025 0
058278 0
034317 0
125207 0
116015 0
090719 0
065037 0
148977 0
012349 1
122956 1
272988 0
018271 0
043183 0
046437 0
064725 0
145800 0
123420 0
283752 0
126198 0
123021 0
119647 0
044290 0
078909 0
014065 0
076958 0
104208 0
091546 0
037798 0
133244 0
133155 0
214488 0
119668 0
012284 0
131492 0
078565 0
120199 0
124244 0
040134 0
238884 0
024005 0
071091 0
129980 0
141285 0
090151 0
165283 0
102852 0
127846 0
071687 0
136855 0
222556 0
073429 0
202019 0
122059 0
009485 0
088558 0
177805 0
108228 0
085896 0
227797 0
034908 0
272831 0
145406 0
217851 0
268644 0
149973 0
188335 0
028304 0
130546 0
123805 0
121044 0
012369 0
118792 0
087382 0
189622 0
116163 0
115991 0
240010 0
195294 0
132743 0
102014 0
121885 1
187786 0
029682 0
132981 0
000162 0
023636 0
120869 0
140914 0
003447 0
009550 0
082272 0
090323 0
074930 0
126497 0
170203 0
134454 0
057925 0
079548 0
001780 0
010185 0
064910 0
210584 0
134446 0
028618 0
050337 0
079532 0
149821 0
196683 0
142890 0
252948 0
120680 1
072216 0
005829 0
122075 0
093743 0
120446 0
258671 0
009439 0
135328 0
161984 0
115481 1
021371 0
146916 0
079075 0
120274 0
011878 0
147293 0
005251 0
209230 0
004264 0
138451 0
205341 0
231303 0
120445 0
116440 0
009505 0
176256 0
011735 0
079289 0
006898 0
078850 0
075139 0
127338 0
007896 0
144242 0
089362 0
015463 0
007079 0
200085 0
078645 0
232097 0
141302 0
174092 0
288737 0
000404 0
102006 0
120447 0
205346 0
119114 0
227058 0
132460 0
163567 0
062583 0
059752 0
258285 0
141784 0
061803 0
123483 0
173158 0
024030 0
121516 0
231118 0
146973 0
181942 0
118316 0
189998 0
217311 0
261434 0
122471 0
182611 0
086878 0
076287 0
002136 0
120910 0
180262 0
155319 0
059106 0
186146 0
095736 0
004556 0
119394 0
231053 0
129108 0
