084219 1
084287 2
051255 0
084125 2
051271 0
083958 2
083753 2
075414 2
083135 1
075418 2
084202 2
115253 1
075309 2
083896 2
083693 2
082031 2
083965 2
115400 2
051488 2
084307 1
075311 2
083943 2
080394 2
051379 1
084271 2
079218 2
083698 2
083953 2
081589 2
083906 2
083537 1
082884 2
084248 2
074954 2
083739 2
084191 2
083968 2
084416 2
083746 2
114464 1
084080 2
084381 1
081650 2
083171 2
115355 1
082071 2
083811 2
074947 2
051528 2
075500 2
075505 2
083723 2
084327 1
084292 2
075159 2
043963 2
075511 2
082091 2
082887 1
083786 2
083173 2
084152 2
081754 2
082063 2
075517 2
081721 2
083059 1
084477 1
075501 2
075518 2
084183 2
083999 2
083530 2
084384 2
051503 2
075137 2
075161 2
081027 2
084474 2
077600 2
084472 2
114640 1
078452 2
075513 2
084113 1
083111 2
078080 2
025548 0
044080 2
115430 0
077606 2
079223 2
277006 1
075415 2
082096 1
115508 1
075503 2
114982 2
082757 2
084090 2
084197 2
051194 2
114483 1
083578 1
082743 2
078085 2
083444 2
084157 2
044072 2
084155 2
075120 2
082459 2
084096 1
114523 1
270009 1
083432 2
115394 2
091397 1
044108 2
083019 1
270015 1
078188 2
078440 2
043889 2
079363 2
051368 2
083479 2
044074 2
078144 2
084073 2
084131 2
081685 2
078234 2
075417 2
082490 2
084045 2
084335 2
115343 2
084345 2
043943 2
078823 2
083975 2
084336 2
114647 1
276904 1
084211 2
081701 2
079188 2
051500 2
075051 2
083179 2
280412 0
084149 1
081648 2
044075 2
044166 2
079200 2
075593 2
078104 2
115322 2
079288 2
084109 2
079364 2
081897 2
044367 2
079291 2
074869 2
081674 2
084226 2
084318 2
078442 2
082822 2
083969 2
084098 2
081814 2
044023 2
270013 1
083497 2
083961 2
075472 2
084339 2
270014 1
114487 2
114990 2
084116 2
083700 1
051078 2
269640 1
114467 2
084118 2
043965 2
051143 2
075186 2
079145 2
084267 2
114961 2
084331 2
269649 1
074721 2
092037 1
083563 2
075561 2
269586 1
082615 1
115434 0
081720 2
114894 2
083071 1
075906 2
084153 2
137680 1
044193 2
084005 1
082829 2
084306 2
084053 2
084075 2
079172 2
084469 1
079837 2
082779 2
114413 2
113800 2
007106 2
120705 2
074557 2
084154 2
029062 0
084031 2
084147 2
084475 2
081748 2
084439 1
084043 2
084085 2
083559 2
154470 0
180268 1
078630 2
084178 2
078659 2
269658 1
128261 0
082614 2
074528 2
081615 2
079793 2
280411 0
084322 2
114932 2
044184 2
120692 2
113836 2
083988 2
044115 2
082577 2
078098 2
114987 2
075608 2
081963 2
079970 2
051074 2
084479 2
044100 2
084112 2
082080 2
084206 2
075191 2
081482 2
078128 2
084216 2
083053 2
078259 2
128267 0
078285 2
083887 2
083884 2
078445 2
075325 2
082629 1
050832 1
277015 1
114972 1
079325 2
084100 2
082764 2
114873 2
084052 2
082002 2
084111 2
050972 2
084101 2
084232 2
044194 2
083699 2
084006 2
081728 2
083027 1
088340 0
079641 2
082828 2
084304 2
114648 1
081890 2
084083 2
081911 2
079167 2
083686 2
082769 2
084348 2
043966 2
081922 2
080019 2
084317 2
081637 2
084106 2
078252 2
044028 2
180323 1
051073 2
081903 2
082627 1
081768 2
083977 2
114603 2
276950 0
084255 2
081901 2
084074 1
081794 2
084117 2
276731 0
081778 2
081506 2
082073 2
280733 0
082964 2
165339 0
051251 2
114908 2
084213 2
081907 2
180277 1
051187 2
083694 2
115280 2
083168 1
082144 2
044106 2
078164 2
084718 0
083962 2
276748 0
115629 1
084413 1
083955 2
084308 2
044258 2
084120 2
084069 2
080884 2
277028 1
083957 2
081807 2
271840 1
057706 0
084038 2
084128 1
082124 2
081229 2
079341 2
114989 1
114786 1
078458 2
083931 2
083932 2
084091 2
051068 2
084387 2
083119 1
276732 1
079644 2
276891 1
043937 2
051412 2
056261 0
083684 2
083940 2
181231 1
043991 2
141877 0
051079 2
084103 2
080867 2
089147 1
220004 1
051218 2
219889 1
045040 2
081709 2
276673 0
044850 2
165383 0
054071 0
115446 1
084249 2
083844 2
219891 1
082075 2
115039 1
084217 2
114848 2
114852 2
089165 1
082077 2
044255 2
115113 2
081698 2
045120 2
053844 0
043927 2
053248 0
083039 2
089290 1
079129 2
043879 2
276736 0
084062 2
078093 2
115034 1
114258 1
043864 2
051397 2
084442 0
181262 1
051150 2
271898 1
084583 2
083702 2
220007 1
186597 1
082089 0
114003 2
078043 2
043929 2
075315 2
084252 2
079360 2
084596 2
082088 0
182993 0
084047 2
115121 2
114342 2
045144 2
084175 2
277236 0
056614 0
044339 2
044832 2
044773 2
115347 1
115445 1
084104 2
044221 2
084110 2
210897 1
210962 1
045205 2
211015 1
211014 1
112097 2
077703 2
084457 2
220514 1
114414 2
079670 2
079642 2
114556 2
084283 2
114295 1
083990 2
074907 2
082099 2
084696 1
114465 2
082093 2
114436 2
223506 1
015108 2
181139 0
114570 2
114484 2
181198 1
084097 2
084017 2
078049 2
051557 2
084617 1
223511 1
180630 1
051431 2
279827 1
051395 2
084042 2
084360 2
051210 2
044238 2
186599 1
044218 2
136354 1
113971 2
136059 1
045204 2
084265 2
115703 1
211776 1
082651 1
051107 2
062670 2
051069 2
084076 2
080366 2
083996 1
051202 2
108045 1
081889 2
051207 2
045143 2
083305 1
078303 2
080424 2
083029 2
115674 1
084775 1
081713 2
083836 2
083037 2
044186 2
084011 1
115497 1
138478 0
083701 2
180635 1
075464 2
271101 1
043964 2
084231 2
137440 0
115136 2
081896 2
080426 2
084805 2
075143 2
115104 1
271153 1
179693 1
179703 1
179961 1
179963 1
179999 1
180033 1
047416 0
084243 2
185592 1
115676 1
180626 1
084383 2
084081 2
084250 2
082969 1
138557 0
185588 1
184968 1
055782 0
185585 1
083161 2
083945 2
089197 1
114343 2
051439 2
078247 2
089249 1
083813 2
184837 1
089248 1
185561 1
083162 2
082029 2
185578 1
114673 1
083207 2
083164 2
271686 0
081933 2
084281 2
114007 2
115129 0
002361 1
180299 1
125148 1
115435 2
057277 0
057278 0
057279 0
083159 2
079774 0
114009 2
180614 1
051094 1
180595 1
180592 1
051193 1
051206 1
080217 2
051195 1
113986 2
084759 2
051213 1
184499 1
113997 2
051198 1
051192 1
115088 1
051059 1
098271 1
114018 2
051204 1
051217 2
084691 2
051186 1
115069 2
051197 1
051112 1
051209 1
051201 1
084377 2
080236 2
051216 1
114023 1
185562 0
051166 0
051211 1
050849 1
051200 1
084754 2
115518 2
114410 2
143111 0
227351 0
051199 1
051081 1
051123 1
084365 2
051221 1
051203 1
114703 2
187031 1
124993 0
221485 0
051189 1
051092 1
051215 1
051191 1
051205 1
051219 1
051223 1
051208 1
114738 2
051175 1
051225 1
186978 0
115132 2
225812 0
051222 1
115515 2
114011 0
114511 2
115525 1
270284 0
114530 2
004588 1
051465 2
045517 0
051375 2
083005 1
125655 1
180032 0
015082 1
114976 2
079179 1
113964 1
079147 1
200993 0
079114 0
113893 1
271910 1
054110 0
146295 0
112139 2
084225 2
084270 2
115383 2
075166 2
183648 0
084268 2
099679 0
114015 2
210086 0
084238 1
114710 2
084222 1
115593 0
084180 1
111359 1
265028 1
042033 0
114741 2
004718 1
118970 1
035229 0
115090 2
236641 0
115105 2
054639 0
055462 0
128276 0
276733 0
115529 0
010957 0
079254 1
079255 1
159473 0
112121 1
084286 2
079183 1
071500 2
104673 2
074985 0
071456 0
071547 0
224865 0
078147 2
045890 0
201061 0
260862 0
048832 0
084516 1
271087 0
081413 1
083750 1
081369 1
081564 1
079026 1
083614 0
076642 0
005371 0
114115 1
241423 0
114218 1
114217 1
047747 0
026702 0
043860 1
116309 0
180037 0
044538 0
115405 1
041079 1
276720 0
041144 0
115466 1
115467 0
115918 0
003130 0
020356 0
005980 0
005221 0
080800 0
139804 0
104629 0
053041 0
076361 0
162525 0
177748 0
223649 0
032401 0
114601 0
124527 0
269943 0
165547 0
084540 1
223835 0
171250 0
048773 0
051414 0
104720 0
136324 0
186366 0
044019 1
041971 0
116196 0
023328 0
139544 0
226776 0
004884 0
051172 1
044026 0
114517 2
065117 1
083425 0
114532 2
084392 2
114516 0
119214 0
003697 0
084851 0
254109 0
115736 0
114946 0
252303 0
116057 0
089434 1
118962 0
089454 0
271292 0
080203 0
276094 0
278007 0
271341 0
124962 0
269126 0
134564 0
012052 1
054335 0
114758 0
114046 0
127569 1
127573 0
127574 0
048875 0
051511 1
075233 0
115761 0
003831 0
071386 0
275981 0
047987 0
028395 1
061042 0
243426 0
056148 0
114531 0
090278 0
104559 0
067871 0
000340 0
054783 0
074977 0
223982 0
166257 0
026969 0
051324 0
010630 0
075341 0
167965 0
075262 0
113064 0
119895 0
010417 1
174499 0
047152 0
114857 0
115292 2
195515 0
236992 0
045933 0
268931 0
135092 0
056811 0
054046 0
075023 0
005990 0
127575 0
054412 0
185555 0
224404 0
089550 0
162772 0
271036 0
034640 0
272466 1
176323 0
109305 0
225025 0
276661 0
079630 0
116915 0
224710 0
229197 0
228417 0
086921 0
281366 0
042453 0
148078 0
124894 0
084663 0
140635 0
227388 0
050623 0
188995 0
057775 0
271591 0
114988 0
118971 0
124899 0
076601 0
141166 0
225594 0
043827 0
026370 0
097485 0
046677 0
007142 0
039980 0
173558 0
134924 0
084821 0
220044 0
044401 0
084247 1
047687 0
117025 0
027960 0
053073 0
141238 0
099680 0
113430 1
119844 0
113431 0
048050 0
049990 0
026175 0
271511 0
139932 0
271044 0
015193 0
229939 0
226706 0
182855 0
045963 0
115570 1
127576 0
113967 0
114707 0
070284 0
083690 2
083688 2
137537 0
084324 2
271116 0
075048 0
109884 0
179702 0
277146 0
056503 0
026962 0
047372 0
276927 0
025722 0
003679 0
165540 0
084770 0
126568 0
274789 0
287164 0
170629 0
115274 0
047032 0
032340 0
044422 0
276728 0
115064 0
074787 0
116260 0
227183 0
084179 2
116030 2
156354 0
084229 2
115410 0
084209 2
003291 0
083942 2
084078 2
119192 0
139787 0
003460 0
209105 0
134934 0
057616 0
226746 0
225946 0
139315 0
010893 0
083283 0
134629 0
055631 0
010407 0
255632 0
276725 0
225598 0
054374 0
115315 0
271476 0
004066 0
278006 0
074903 0
116021 0
048745 0
117851 0
084224 2
013391 0
165904 0
047765 0
194485 0
272819 0
045807 0
039392 0
084269 2
119935 0
278989 0
083697 2
212474 0
083691 2
083667 1
055131 0
219440 0
276735 0
006131 0
046309 0
083914 2
054115 0
083918 2
006270 0
074738 0
046251 0
083890 0
044892 0
120219 0
083986 2
276650 0
084033 2
042070 0
026451 0
055777 0
083947 0
276737 0
075003 0
057717 0
115215 0
252311 0
047712 0
181027 0
053757 0
066934 0
221799 0
083616 0
142496 0
083970 2
227039 0
052967 0
169969 0
183721 0
270951 0
020358 0
214882 0
079043 0
054232 0
228799 0
069397 0
124203 0
229810 0
276667 0
053453 0
115683 0
057764 0
277689 0
067047 0
076597 0
169639 0
015423 0
179998 0
151006 0
053419 0
003440 0
030579 0
053691 0
047267 0
024782 0
006283 0
173658 0
002208 0
006698 0
019255 0
265399 0
026850 0
040230 0
276741 0
084767 0
182156 0
187342 0
056772 0
041192 0
053977 0
008272 0
047953 0
079491 0
074737 0
189119 0
137236 0
113896 0
228925 0
033059 0
054997 0
252746 0
034367 0
045439 0
040999 0
008263 0
139739 0
165662 0
280417 0
036560 0
005825 0
273961 0
228450 0
057425 0
127578 0
047083 0
276750 0
094068 0
177733 0
057732 0
168729 0
079920 0
055108 0
165891 0
227151 0
135135 0
279056 0
047758 0
083315 0
047951 0
256187 0
048990 0
054613 0
278842 0
013320 0
032341 0
041822 0
140645 0
138890 0
124139 0
056731 0
097848 0
226433 0
116143 0
277212 0
139552 0
025235 0
278184 0
057777 0
057045 0
241415 0
054067 0
084710 0
271183 0
273597 0
042375 0
084705 0
109629 0
033697 0
050288 0
023804 0
159470 0
020304 0
231185 0
176306 0
136765 0
162224 0
284744 0
084842 0
232285 0
044210 0
055562 0
139853 0
171233 0
138254 0
161726 0
080096 0
210053 0
203793 0
140183 0
254462 0
253767 1
226276 0
006045 0
084646 0
070009 0
054587 0
075324 0
178869 0
234528 0
276445 0
260562 0
176239 0
228793 0
119786 0
005545 0
041932 0
115491 0
078790 0
219849 0
117799 0
038873 0
047851 0
074827 2
047359 0
057111 0
140097 0
057424 0
045888 0
054058 0
201494 0
139993 0
102570 0
056864 0
276681 0
227078 0
059415 0
264915 0
005624 0
277050 0
040862 0
278334 0
083846 2
274697 0
084497 2
084067 2
084501 2
084496 1
084016 0
048448 0
112762 1
070878 0
111626 0
115721 1
111628 0
116601 0
228892 0
271110 0
116049 0
115458 0
113168 0
227060 0
268971 0
116062 0
008641 0
039387 0
025848 0
054455 0
064677 0
047169 0
260971 0
116144 0
088544 0
075833 0
233014 0
137577 0
142267 0
140082 0
034767 0
095883 0
117885 0
055546 0
211129 0
225049 0
276738 0
025692 0
023599 0
222322 0
003723 0
043833 0
078158 0
062783 0
196637 0
276689 0
205222 0
004863 0
230965 0
264069 0
166387 0
090425 0
184777 0
053824 0
056317 0
116088 0
047668 0
231427 0
136835 0
276213 0
057339 0
030522 0
114991 0
114952 0
162743 0
276844 0
139866 0
023509 0
261216 0
161417 0
277413 0
167767 0
139421 0
054944 0
195613 0
276121 0
099067 0
084845 0
020357 0
047262 0
271931 0
054099 0
159588 0
134710 0
050297 0
277427 0
274699 0
160155 0
116381 0
051912 0
245609 0
134626 0
044810 0
095997 0
165850 0
075065 0
116076 1
006226 0
137003 0
263548 0
057406 0
079482 0
069586 0
053875 0
006178 0
056697 0
055536 0
079769 0
020578 0
052573 0
112933 0
230303 0
075100 0
053153 0
117725 0
090306 0
159663 0
283288 0
080686 0
048005 0
057704 0
156356 0
159057 0
068748 0
120124 0
148067 0
277774 0
045806 0
117244 0
111627 0
229064 0
179692 0
030734 0
168143 0
243267 0
000087 0
074849 0
093009 0
264928 0
115782 0
075024 0
103457 0
067895 0
041616 0
138104 0
170630 0
183728 0
027019 0
276641 0
054226 0
054100 0
139994 0
025304 0
116815 0
066038 0
034577 0
046566 0
050445 0
263369 0
262084 0
138190 0
003879 0
276939 0
055489 0
004619 0
047853 0
259112 0
023869 0
175680 0
047572 0
276727 0
228651 0
162669 0
176018 0
236978 0
116047 0
102759 0
117659 0
056427 0
005794 0
047057 0
057848 0
074760 0
115625 0
052577 0
057756 0
084880 0
177731 0
017285 0
271530 0
224160 0
116054 0
278032 0
175455 0
219431 0
084379 0
115819 0
113162 0
166063 0
274472 0
196147 1
084056 2
057439 0
054883 0
054799 0
054913 0
010415 0
079767 0
056105 0
002464 0
174408 0
097338 0
276688 0
104051 0
002941 0
046862 0
179962 0
055620 0
175910 0
089154 0
268024 0
141902 0
103182 0
229888 0
211060 0
276649 0
210672 0
025236 0
053407 0
020799 0
270953 0
014243 0
048830 0
276739 0
046425 0
271141 0
044167 0
115973 0
256169 0
172938 0
006426 0
115447 0
276663 0
166388 0
057550 0
026588 0
228832 0
205504 0
111641 1
141864 0
111649 1
111670 0
111715 0
111717 0
115256 0
114942 0
114161 0
115822 0
114948 0
078172 0
150201 0
046768 0
276172 0
003667 0
115502 0
230456 0
140798 0
117857 0
224084 0
109728 0
007694 0
219367 0
115419 0
215590 0
228924 0
047024 0
030463 0
006703 0
270600 0
164128 0
026766 0
032328 0
278992 0
266188 0
182084 0
175891 0
184859 0
003823 0
077138 0
150820 0
082120 0
276590 0
226759 0
054047 0
023874 0
