085524 1
065268 2
156872 2
156873 2
056468 0
086871 1
025309 2
015065 2
125665 2
010305 0
156353 1
041627 2
115245 2
169352 1
169256 1
262452 2
113573 2
156398 0
177350 0
113600 2
018145 2
269301 0
188475 0
022398 0
201258 0
010298 2
243426 1
165103 2
083067 1
087337 2
043640 0
028855 2
163233 2
028845 2
188465 0
013161 0
275710 2
275726 2
275736 2
027104 0
270824 0
147377 2
147431 2
147577 2
270873 0
200983 2
188438 1
178675 2
221708 2
196436 1
027960 1
031620 1
219756 2
033670 2
085563 2
019053 0
231729 2
219768 2
231734 2
164504 2
082131 2
082139 2
032133 2
164492 1
019237 0
086117 1
279544 1
201081 1
199560 2
046562 1
025214 0
059140 1
200969 2
181541 2
276206 1
054450 2
081660 0
041609 1
161512 0
009413 0
059149 1
054425 2
043439 0
181534 2
181522 2
163880 1
201400 0
288056 0
062473 1
041103 1
041116 1
058295 1
101389 0
088248 0
042736 1
061796 1
024026 0
044250 1
162927 0
260990 1
261018 1
098222 1
261046 1
086484 1
030282 1
028390 0
263369 0
032811 1
025413 1
214878 0
025448 0
028432 0
198291 0
233688 0
243192 2
034268 0
243183 2
243191 2
029261 0
232047 0
042016 0
018757 0
028611 0
164498 1
276653 0
164494 1
133238 0
032836 1
040992 1
007089 0
051265 0
080734 0
008667 0
289343 1
045271 0
289268 1
160721 0
065001 0
095209 1
052743 1
032794 1
115807 1
188756 1
223166 1
164675 0
052729 0
188752 1
188724 1
188725 0
115806 1
023147 0
243465 1
243459 0
190438 0
025257 0
126331 0
024576 0
109765 0
188305 0
270829 0
164462 0
286574 0
005560 0
188679 0
067419 0
010216 0
188437 0
203776 2
045985 1
046004 1
194282 0
025589 0
058159 2
047560 2
243227 1
098950 0
045809 0
135618 1
254321 1
058926 1
027825 1
032651 0
254322 1
163027 0
022376 0
260991 1
261019 1
261047 1
235031 0
279543 0
261311 0
261313 0
221981 0
260972 0
275725 0
256506 0
264409 0
221740 0
002358 1
270602 0
002952 1
035966 0
002393 0
089329 1
024439 1
023068 1
131812 2
199182 0
023065 1
023007 1
131798 2
131875 2
131791 2
023183 1
022682 1
134318 2
270635 1
182718 0
117089 0
131028 0
084821 0
155605 0
043798 0
269555 1
224622 0
099965 0
166139 0
019780 0
133016 0
044567 0
192317 0
194257 0
268971 0
040778 2
112097 0
040803 2
082130 0
180752 1
253816 1
163332 0
253905 1
254681 1
254757 1
180750 0
149965 1
149966 1
023135 0
139042 0
273790 1
025484 0
273798 0
097921 0
031742 0
151200 1
190322 2
219847 2
277771 0
266101 0
223504 1
223513 1
130492 0
269556 0
008711 0
225149 1
085278 2
014207 0
085293 2
225150 0
225151 0
088254 0
198224 0
192328 0
009626 0
064064 1
064054 1
266540 2
025614 1
078968 0
266582 2
035478 0
040913 0
230009 0
010561 0
063587 0
041276 0
152715 0
064233 0
041121 1
041325 1
209054 0
041346 1
028610 0
045984 0
162921 0
270821 1
188462 0
270940 1
270969 1
270930 1
270971 1
188611 0
243994 0
275793 0
274038 0
229563 0
093329 1
266532 0
161852 0
022405 0
115926 0
041247 1
045812 0
041091 1
009426 1
041088 1
041086 1
041074 1
058294 0
045551 1
045596 1
046128 0
045416 0
122306 0
041690 0
038268 0
079119 0
144875 0
083032 0
038130 0
019336 0
201255 0
159309 0
141388 0
022244 0
212687 0
083387 1
043630 0
109986 0
242605 0
033594 1
077365 0
016856 0
082362 0
062807 0
270915 2
025714 0
270917 1
274597 1
025762 0
270925 0
093225 1
088255 0
093266 1
267282 2
029089 0
266696 0
093308 0
266697 0
267997 0
137440 0
264137 0
051354 0
219918 0
052071 0
287500 0
077779 0
075317 0
116317 0
269934 0
288057 0
097780 0
146850 0
108158 0
083018 0
188602 0
005750 0
161176 0
188643 0
111657 0
031741 0
174678 0
014596 0
080459 0
211122 0
131477 0
116778 0
260871 0
166287 0
095592 0
018663 1
135992 0
197998 1
077758 0
198035 1
162992 0
262155 0
243406 1
243411 1
079742 0
243416 1
243419 1
243425 1
243427 1
154829 0
253915 0
025677 0
148592 0
062576 0
225165 1
272621 2
095482 0
221441 2
125337 0
159465 2
037044 0
128375 2
202519 1
225177 1
225167 1
125331 0
226319 1
226318 1
015417 0
100232 0
220671 0
207054 0
286997 1
240103 0
287006 1
286763 1
286775 1
283190 1
283223 1
283220 1
283192 1
283191 1
288194 0
288359 0
037046 0
150329 0
198600 0
039805 0
028366 0
288149 0
203181 0
019929 0
026790 0
188726 0
277629 0
141238 0
142145 0
277907 0
155532 1
042528 0
027018 1
096578 0
155639 0
060606 1
270459 0
062996 0
061088 1
007309 0
025583 0
035001 0
087415 0
066937 0
241933 0
109741 1
093404 0
005154 0
163958 0
125322 0
029562 0
219942 1
051490 0
156183 0
219135 1
273698 0
219182 1
288085 0
047897 0
116583 0
222411 0
055970 1
011257 0
024073 0
056140 0
014045 0
049754 0
231559 1
269876 0
006341 1
211241 0
137812 0
273838 0
191138 0
023884 0
164291 0
023390 0
045821 0
081855 0
052860 0
042013 0
126329 0
014026 0
068441 0
242580 0
229607 0
198226 0
160364 0
043817 0
137335 0
077951 0
287328 0
287951 0
062015 0
211798 0
286572 0
001249 0
244310 0
063646 0
281965 0
187927 0
023063 0
101338 0
034982 2
041061 0
162917 0
253914 0
188288 0
082105 0
112504 0
135486 0
058451 0
100294 0
079768 0
267093 0
123094 0
188472 0
040999 0
049682 0
252818 0
003762 1
050145 0
135641 2
039092 0
199215 0
120366 0
164751 0
219550 1
188825 0
170037 0
078408 0
273007 0
050026 1
115520 1
010132 0
006718 0
014778 2
133075 0
146270 0
134005 0
115610 1
115420 1
107835 0
117709 0
054159 0
115338 1
115791 1
197894 0
115756 1
115796 1
075963 0
051749 0
273552 1
022480 1
187743 0
273550 0
257009 0
275601 0
273173 0
050300 1
050452 1
109993 0
050109 1
092952 0
241765 0
272105 0
075802 0
022268 1
243315 0
022272 0
165388 0
025828 0
034997 0
063843 0
281558 0
148320 0
077736 0
117180 0
