051099 2
054715 0
059396 0
053703 0
054720 2
052712 0
054675 0
056226 0
053228 2
054407 0
053170 0
053013 0
052140 2
052771 2
056808 2
052129 2
057093 2
055146 2
052269 2
052268 2
052537 2
052724 2
054097 2
048663 2
055463 0
052516 2
056529 1
048456 2
055101 0
057335 2
057019 2
052800 2
053293 2
054896 2
054926 2
054002 0
055599 2
052755 2
054884 2
053285 2
055287 2
054331 2
053602 2
054487 2
056859 0
055478 2
054202 2
053200 2
054761 2
047658 2
055488 2
052720 2
056680 2
055087 2
056744 2
052932 2
056866 0
055487 2
054869 2
062968 2
056511 2
056622 2
056361 2
056742 2
056695 0
056492 2
054234 2
054194 2
054127 2
056755 2
055438 2
057138 0
056486 2
051031 2
056700 2
053627 0
054281 0
055991 2
056741 2
062870 2
047581 2
198416 2
057032 2
054877 2
050224 2
056182 2
056087 0
056457 0
050150 2
053243 2
055486 2
199195 2
054808 2
056516 0
199046 2
199169 2
054442 2
057372 2
053015 2
055384 2
055291 2
053001 0
055185 2
055880 2
055645 2
055910 0
054682 2
052361 2
056714 2
056278 2
053271 2
056473 0
056507 0
046870 2
055895 2
054895 2
055612 2
163108 2
052354 2
057100 2
053597 2
056615 2
057376 0
057036 2
056461 0
056857 0
054409 2
054201 2
057128 0
054357 2
163105 2
055164 0
056181 2
267459 2
056430 2
055790 0
054279 2
051033 2
053610 2
051359 2
054531 2
056789 2
053314 2
059400 0
051402 2
055525 2
054471 2
055416 2
057334 2
055200 2
056503 0
053534 2
055468 2
048384 2
056962 2
055245 2
054867 2
054727 2
055588 2
055323 0
050588 2
053665 2
055190 0
053159 2
054821 0
053000 2
202631 2
050202 2
056514 0
055982 2
054515 2
053241 2
056227 0
053152 2
050143 2
052954 2
060953 2
055311 2
048181 2
055154 0
052837 2
053003 2
052965 2
051005 2
053141 2
053423 2
055456 2
053050 2
052146 2
063658 2
063807 2
054872 2
057330 2
056832 2
052956 2
055871 2
055550 0
055391 0
055308 0
053163 2
053011 2
054899 2
199994 2
055262 2
236098 2
053408 0
049042 1
053250 2
056342 2
054277 2
055445 2
054453 0
055712 2
055148 2
054095 2
059462 0
054076 2
052833 2
061105 2
061014 2
051869 2
055470 2
054577 2
051842 0
053046 2
053071 2
056051 0
236038 2
056841 2
049683 2
050236 2
057368 2
051582 2
056316 0
235068 0
054488 0
056737 2
055162 2
056397 2
059273 2
052806 2
056381 0
052762 2
050137 1
052953 2
055331 2
055174 2
055068 2
055270 2
053040 0
050124 2
056467 0
057049 2
059315 2
053124 0
059343 0
057152 2
055587 0
053687 2
055467 2
054728 2
056346 2
055097 0
054439 2
048603 2
051110 2
051032 2
054904 2
056852 1
055179 2
051087 2
049065 2
055294 2
054278 2
052177 2
054901 2
053111 2
054908 2
051376 2
056707 2
057328 2
050963 2
055710 2
056187 2
054094 0
056186 2
056843 0
051337 2
055541 2
054530 2
049406 2
054834 2
053375 2
048583 2
056061 2
048434 2
056724 2
054529 2
049912 2
054090 2
052515 2
055216 0
054887 2
054179 2
056070 2
056738 2
054081 2
057311 0
050244 2
056851 0
054740 2
053974 2
054049 2
053007 2
055301 0
053512 2
053650 2
054218 2
055385 2
049698 2
050214 2
054077 2
055471 2
055713 2
051486 2
065922 2
051820 2
056341 2
055474 0
057317 2
056770 2
055877 0
053619 2
054365 0
056835 0
054857 2
052561 2
056324 0
050251 2
052179 2
051819 2
051102 2
054587 2
054876 2
076879 0
055592 2
052520 2
053753 2
053686 2
052910 0
056100 2
051004 2
052598 2
055995 2
054801 2
050778 2
054871 2
054989 2
053552 2
052495 2
054968 2
054803 2
015803 0
057002 2
054758 2
056794 2
048750 2
076094 2
056114 2
054544 0
051615 2
053107 2
050371 0
052776 2
055621 0
151125 0
055500 0
050670 2
053054 2
048442 2
052722 2
051364 0
055412 0
048531 2
055908 0
052433 2
052701 2
056210 2
056263 2
048202 2
056151 2
055309 0
052686 0
056861 0
050466 2
055967 0
059371 2
056498 2
055089 2
052302 2
052567 2
053704 2
056476 0
052544 2
052301 2
047551 0
056716 2
059407 2
054117 2
052111 2
030859 2
053009 2
056773 2
056127 0
059422 2
030857 0
053756 2
048557 0
054045 2
057353 2
052838 2
052591 2
056821 2
054283 2
056384 2
054638 2
052744 2
054894 2
057140 0
053477 2
053478 2
053479 2
249697 0
054334 0
052728 2
052555 2
050426 2
054429 2
052741 0
053521 2
054558 0
055738 2
052405 2
053705 2
046923 2
055875 0
052950 2
056097 2
055723 2
056515 0
052840 0
054225 0
053272 2
112682 0
056419 0
052926 2
049117 2
024350 0
057079 2
052923 2
055282 2
055292 0
054445 2
053150 0
054875 2
271306 2
052939 2
053878 0
271408 2
271307 0
052866 2
052865 2
052938 2
055036 0
052780 0
056414 2
054210 2
053600 2
053839 2
052586 2
086428 0
053245 2
053223 0
052815 0
057077 2
055490 2
055142 0
057338 2
052998 2
053158 2
054539 2
054800 2
053485 2
052485 0
055236 0
056629 2
052684 2
053076 2
055356 0
056627 2
052678 0
053039 0
054060 2
054166 2
031705 0
050118 2
055516 2
235123 0
050116 2
163241 2
052862 2
056131 2
054011 0
052846 2
056968 2
055706 2
052896 2
280512 0
052887 2
158515 0
061809 0
056358 2
053094 0
055258 2
057302 2
048484 2
081101 2
055145 2
053286 2
054274 0
081060 0
053185 2
056820 2
059290 0
054665 2
082759 2
052748 2
169098 0
052726 2
082744 2
082646 2
053691 2
052785 2
056506 0
052764 2
080365 2
166093 0
064907 0
083069 2
080427 2
080280 1
082783 2
215723 0
080399 2
082660 2
200230 2
200626 2
200630 2
082544 2
200629 2
213258 2
213275 2
213616 2
220721 2
220725 2
082598 2
220905 1
220966 2
080747 2
080791 2
082391 2
202193 2
080722 2
080772 2
082711 2
056485 2
080691 2
053020 2
082692 2
202208 2
243710 2
082386 2
082609 2
082500 2
082618 2
055091 0
055159 0
056745 2
202245 2
051780 0
055613 0
054387 2
055600 2
056530 1
082594 2
222456 0
053030 2
057131 0
202386 2
080543 0
082591 2
082690 2
080782 2
082708 2
080520 2
082547 2
080682 2
080498 2
082521 2
080736 2
080381 2
080713 2
082244 2
080773 2
080368 2
080701 2
082504 2
084847 2
080449 2
110901 2
080763 2
080756 2
080796 2
080720 2
080356 2
080514 2
080349 2
080735 2
082383 2
080724 2
080613 2
080712 2
080265 2
110933 2
084108 2
082803 2
080784 2
080635 0
080340 2
080770 2
082808 0
080379 2
080754 2
082797 0
084107 2
080474 2
289361 1
080588 2
080714 2
289050 0
022495 2
019248 2
080685 2
056326 0
082682 2
080495 2
080397 2
080447 2
052440 0
080711 2
080753 2
080471 2
080708 2
080602 2
082370 2
080611 2
080702 2
080723 2
080718 2
080398 2
080582 2
080768 2
080694 2
080597 2
082673 2
080785 2
080783 2
080360 2
080700 2
080584 2
080309 2
100425 2
080149 2
080657 2
080357 2
082300 2
080570 2
100426 2
080729 2
080591 2
022411 2
080469 2
080284 0
084127 2
080341 2
080466 2
077667 2
182918 2
182919 2
080740 2
082286 2
182934 2
080571 2
080793 0
080792 2
182922 2
080669 2
088138 2
049841 2
080693 2
181551 2
080692 2
169436 2
093611 2
083518 1
080589 2
277523 2
122348 2
039786 0
088112 2
093742 2
048416 2
062341 0
113705 2
039718 0
062343 0
081819 0
181537 2
277543 2
122350 2
088131 2
010046 2
122351 2
049908 0
083572 2
135170 2
083513 0
135172 2
083569 2
135179 2
083910 2
219939 0
135374 0
083907 2
083557 2
168464 2
004440 2
080346 2
022232 0
116411 2
222336 0
116415 2
071085 2
104257 2
082562 0
071084 2
104258 2
090281 2
263346 0
030259 2
113721 2
080764 2
080715 2
084194 2
134309 2
003562 2
081175 2
070975 2
104148 2
081021 2
134288 0
029888 2
150360 2
084192 2
163448 0
000868 0
080363 2
080965 2
121379 0
081121 2
081013 2
080993 2
029875 2
080978 0
089022 2
033175 1
087324 2
084584 2
021770 0
051034 2
050250 2
055539 0
050249 2
098844 0
285147 1
044050 0
285181 2
285184 0
138812 0
267325 0
230776 0
226994 2
048906 0
228639 2
227073 0
164202 0
080171 2
132324 0
080221 2
052659 2
140752 0
052657 0
054520 2
231240 0
080730 2
057336 0
048142 0
007807 0
083466 0
054066 2
250556 0
052882 2
080480 0
158525 0
056307 2
019406 0
053841 2
055381 0
050213 2
056152 2
049884 0
049697 2
049696 0
050837 2
054224 0
211196 0
055720 0
052220 0
056870 0
056095 2
056091 0
054452 2
053867 2
026709 0
054526 2
055435 0
035784 0
228749 0
055951 2
271761 0
053044 2
054601 2
065246 0
056723 2
144615 2
144656 2
054672 2
155603 0
054540 2
054787 0
072054 1
072432 1
072735 1
072998 1
073258 1
073514 1
073776 1
074033 1
074293 1
105227 1
105605 1
105908 1
106171 1
106431 1
106687 1
106949 1
107206 1
107466 1
110075 0
210232 0
056289 0
052738 0
064375 0
051127 2
054954 0
051160 2
054732 0
278366 0
080420 0
056415 0
054987 2
090645 0
082329 2
116895 0
081092 2
056735 2
050164 2
089683 2
225135 0
257779 0
052613 2
054753 2
054921 2
053745 2
058831 0
049671 2
036170 0
050142 2
054415 2
053828 2
056505 0
056995 0
052779 2
054535 2
056318 0
052768 2
052521 2
138675 0
052585 2
046507 0
052553 2
054714 2
013517 2
083465 1
113508 0
055123 0
013484 0
056047 0
081427 0
048831 2
019548 0
283598 0
083517 0
054088 0
052364 2
055442 2
055521 2
055447 0
003995 0
013811 0
081037 2
044582 0
120051 0
055992 2
052340 0
153432 0
054983 0
281678 0
026099 0
080148 2
075982 0
080268 2
224940 0
055784 0
056863 0
056523 0
055122 2
052649 2
056448 0
052648 0
162525 0
052542 2
056254 0
052517 2
052610 0
227093 1
054707 2
055888 2
077808 2
056031 2
002325 0
052743 0
067223 0
227074 0
277841 0
263747 2
161154 0
263741 2
275185 0
052427 0
065884 0
240947 2
090196 0
080207 1
053070 0
054227 2
146406 2
084586 0
078186 0
137402 0
118074 0
080565 0
054898 2
056044 0
013922 0
159804 2
057139 0
054321 2
054966 1
197395 0
049057 2
052794 2
211870 0
052746 0
136171 0
054962 0
052509 2
056422 2
005617 2
018314 0
052491 0
052633 2
271310 0
052609 2
118386 0
157744 0
056239 2
053810 0
015742 0
083191 2
064580 0
083198 1
138668 2
007026 0
138802 0
074727 2
002396 1
016865 0
133270 1
009106 0
083639 0
230951 0
054197 0
047210 0
056036 0
052700 2
050429 2
056504 0
052685 0
126359 0
255353 0
083460 2
121752 0
156681 0
257418 0
054773 0
275735 0
149736 0
057252 2
057253 2
057254 2
056780 0
052638 0
052997 0
057310 2
052742 0
052580 2
057318 0
052550 2
052551 2
166498 0
053057 0
001273 0
055461 2
054971 2
091775 0
054975 2
136448 0
053294 0
059890 0
012348 0
057145 0
057329 2
024533 0
271308 2
056149 0
051008 0
095460 0
082574 2
259079 0
055692 0
050242 2
054105 0
054798 0
054563 0
029849 0
169692 0
216670 0
055886 0
230312 0
090695 0
055212 0
138865 0
054003 0
178390 0
056019 2
055276 0
227736 0
136287 0
205675 0
011997 0
078158 0
083208 0
243024 0
011210 1
153522 0
055401 2
032116 0
053986 2
279848 0
051509 0
093584 0
162311 0
013359 0
055280 0
229741 0
228883 0
054928 0
144280 0
050613 0
059821 2
056493 2
030568 0
251093 0
056018 2
001538 0
054138 0
038734 0
055774 0
057141 0
224622 2
254082 0
224630 0
055884 0
054170 0
084129 0
052901 0
050241 2
056460 0
227963 0
082455 0
047723 0
050621 2
013543 0
050347 0
275662 2
084456 0
275663 0
275914 0
238921 0
267397 2
267406 2
267412 2
267414 2
050414 1
054393 0
267396 0
048719 0
050323 2
055691 0
049230 0
050331 0
044038 2
179651 0
209748 0
052581 0
050865 0
056163 0
097990 0
269301 0
053738 2
056774 2
083514 0
052027 2
052429 2
080267 0
289158 0
192220 2
048488 2
048491 2
176519 0
100905 0
048792 2
098746 0
179595 0
056522 0
006460 2
223313 2
223318 2
055157 2
055453 0
223288 0
052891 2
052884 0
050483 0
051120 0
269199 0
273990 0
056028 0
054785 0
053476 1
054951 0
048940 2
057244 0
057147 2
277391 0
056502 0
050826 0
060512 2
056011 0
056136 0
056850 0
082791 0
054811 0
055074 0
082422 2
054196 0
152432 0
113400 0
056248 2
050704 0
056153 2
083461 0
053520 2
053831 0
052900 0
055310 0
026979 0
054115 2
062606 0
003838 2
056975 2
233360 0
067473 0
049383 0
010844 0
055523 0
138401 0
092491 0
048129 0
064744 0
027745 0
193576 0
023244 0
044489 0
161806 2
036517 2
052037 0
138272 0
109956 0
054900 0
083550 0
054662 2
050013 0
056134 0
055031 0
159259 0
212612 0
057136 0
081428 0
006580 2
266929 0
083799 0
055047 0
056287 2
049843 2
052681 0
056218 2
056200 0
052790 0
056240 2
055419 2
082188 0
087919 0
112661 0
065805 0
055506 0
192018 0
055655 0
055018 2
230744 0
059298 2
054763 0
006394 0
239596 0
053386 2
056469 0
055020 0
010891 2
224415 0
048810 0
067247 0
038602 0
267231 2
048197 2
013836 0
054251 0
055876 0
239582 2
145361 0
239581 0
050113 0
111126 2
046766 2
054820 0
055585 2
052171 0
190817 0
254292 0
055434 0
069423 0
081534 0
053670 2
002255 0
053458 0
095847 0
271619 0
267815 0
164917 0
048907 0
205934 0
136811 0
051122 0
224849 0
050177 0
057132 0
055007 0
054542 2
164409 0
048544 0
152356 0
052843 0
201600 0
052313 0
081756 0
007987 2
121394 2
269561 0
055918 0
050845 0
281181 0
276236 0
085150 0
263387 2
055269 0
109508 0
056459 0
230759 0
052696 0
010653 0
267300 2
238773 0
267299 1
267233 2
267250 1
267251 0
267232 1
267228 2
267277 1
267305 0
267246 0
267245 2
003937 0
267252 0
052788 0
114188 0
057358 0
272760 2
053736 2
231055 0
199326 0
267253 0
013522 0
200355 0
054519 2
075643 0
202792 0
054677 0
052012 2
054967 0
052006 0
262052 0
046624 0
176609 0
054536 0
054679 0
055850 0
075155 0
000608 0
052911 0
028796 0
273638 0
270286 0
151259 0
195276 0
053759 0
219673 0
082520 0
235486 0
054817 0
052839 0
097318 0
044270 0
055426 0
055520 0
137736 0
075040 0
075599 0
053593 2
053595 2
056192 0
053278 2
054523 2
138813 0
024411 0
196679 0
053559 0
056762 2
056082 0
010972 1
028329 0
009577 0
011216 0
013438 0
167046 0
065544 0
080671 0
059411 2
010918 0
059439 0
126648 0
055118 0
054160 0
050373 0
056269 2
054545 2
053635 0
056374 2
066606 0
051418 2
053213 0
051387 2
219559 0
049079 0
054916 0
053977 0
160123 0
054528 0
048446 0
108460 0
135716 0
055990 0
055501 2
222753 0
056284 2
056285 2
016305 0
056286 2
064566 0
054485 0
053591 2
056311 0
025471 0
055963 0
055072 0
054557 0
062192 0
151167 0
056528 1
053568 0
022110 0
053194 0
055240 0
201538 2
055288 2
056483 0
014989 0
199194 0
138431 0
052855 2
057150 2
055060 0
055947 0
053079 2
056390 0
056610 0
203661 0
081811 0
221799 0
077347 0
013761 0
056215 0
039895 0
193555 0
111645 2
144037 1
003841 0
013133 0
111680 0
145619 0
144043 0
111402 0
054016 0
054940 0
083629 0
053391 0
208066 0
227123 0
031645 0
029105 0
055273 0
156341 0
055827 0
055643 0
055457 0
262369 2
281713 0
262328 2
262387 0
257170 0
265712 0
165656 0
257182 0
063563 0
262748 0
242518 0
054902 2
064460 0
224045 0
053438 2
169141 0
052524 0
184549 0
051733 0
056521 0
056532 0
049189 0
114952 0
052496 2
055404 0
022292 0
064540 0
052718 2
053101 0
054981 0
231754 0
095741 0
026234 0
052280 0
225291 0
054140 2
056621 0
052857 0
053677 0
054273 2
052727 0
056071 0
226860 0
053725 2
224865 0
053281 2
055398 0
275980 0
025828 0
056520 0
056245 0
055110 0
084591 0
053723 0
044997 0
229281 0
055733 0
081685 0
054006 0
255655 0
054789 0
062931 0
144006 0
170592 0
241995 0
055524 0
053036 2
051929 2
053322 0
052934 0
050956 0
050326 2
053879 0
055860 0
013446 0
118360 0
054310 0
053026 2
035764 0
056338 2
055659 0
160021 2
159953 0
052636 2
230682 0
056635 0
278437 0
277898 0
140069 0
054275 2
055263 0
026678 0
062365 0
056867 0
052711 0
052931 2
086262 0
050947 0
158425 0
278962 0
077758 0
271431 0
056501 0
017380 0
202612 0
056759 2
010907 2
138861 0
056760 2
011145 0
054402 0
144174 0
055542 0
049816 2
013496 0
052371 2
054505 0
052352 0
273537 0
221643 0
038344 0
080484 0
026690 0
081934 0
056472 0
110011 0
069285 0
276233 0
160278 0
080377 0
050931 0
041594 0
055602 0
050492 0
124272 0
025523 1
273590 0
024000 0
052947 0
052224 0
054892 0
054375 0
055873 0
052435 0
052729 0
056327 0
258393 0
097471 0
170268 0
225747 0
195629 0
053578 0
043747 0
193061 0
015506 0
230946 0
257068 0
144007 2
038692 0
013486 2
144392 0
143598 0
013459 0
013376 0
265738 0
013515 0
053997 0
013804 0
050243 0
076240 0
063971 0
056350 2
055235 0
056351 2
056353 2
056354 0
056352 2
010723 0
003882 0
005863 0
270915 0
054480 0
036641 0
235840 0
052694 0
013441 0
055968 0
262121 0
059457 2
021760 0
048441 0
010921 0
010661 0
057333 0
070349 0
055014 0
052859 0
080593 0
006482 0
218131 0
040130 0
265461 0
043846 0
262827 0
050254 2
083542 0
050372 0
068821 0
226944 0
276982 0
054513 2
287402 0
052766 2
123680 0
056206 2
054308 0
224924 1
144925 2
056812 0
224925 2
224892 2
052574 0
224930 0
284266 0
059909 0
236490 0
056165 0
225913 0
083625 0
051403 0
013494 0
059879 0
220066 0
265165 0
055160 0
056518 0
182986 0
047018 0
055617 0
052730 2
020198 0
230525 0
180824 0
053034 2
257298 0
054996 0
053142 1
053023 0
053032 0
026673 0
169099 0
118786 0
229343 0
056008 0
053171 0
099490 0
080823 0
053574 0
056207 0
203525 0
051256 0
053382 2
055477 2
055976 0
030108 0
052826 0
084030 0
085924 0
054350 0
085380 0
055187 0
055909 0
056199 0
000295 0
115384 0
025804 0
069952 0
055889 0
006356 0
080253 2
144091 0
060244 0
031462 0
056842 1
055469 0
266165 0
094457 0
026714 0
223822 0
048253 0
269201 0
055483 0
275725 0
164289 0
081983 0
183763 0
216416 0
045002 0
055244 2
041994 0
050592 0
052892 0
053815 0
052532 0
057021 2
054754 0
173461 0
167596 0
053066 0
137707 0
082920 0
151059 0
076414 0
269496 0
136255 0
150685 0
274087 0
098419 0
024444 0
025803 0
047495 0
056250 0
274022 0
052695 0
054674 0
052955 2
225188 0
052918 0
052915 2
052870 0
077654 0
055845 0
053524 0
034973 0
079862 0
012645 0
029228 0
084137 0
054537 0
190199 0
187711 0
163209 0
087265 0
129876 0
052747 0
048448 0
087202 0
053560 0
054937 0
031794 0
056053 0
123516 2
039134 0
123499 0
050936 0
205196 0
053017 0
054564 2
054389 0
257196 0
057146 2
052411 0
144405 0
054998 0
097355 0
163914 0
049030 0
121762 0
057144 0
055329 0
055672 0
052871 2
236543 0
052872 2
057370 0
054914 0
055696 0
083483 0
111418 0
071810 2
104983 2
079536 0
053042 0
223375 0
272262 0
067415 0
054198 2
109412 0
055345 0
057098 0
188321 0
055499 0
224512 0
055410 0
231487 0
229743 0
056442 0
222307 0
066388 0
080809 0
053751 0
267543 0
048476 0
056477 0
057297 0
002766 0
054543 0
180204 0
053208 0
267405 0
023660 0
277921 0
269278 0
076137 0
055828 0
138941 0
056743 0
046086 0
049180 0
271829 0
175726 0
265740 0
055141 0
056026 0
215425 0
053690 2
056065 0
056509 0
048996 0
116849 0
235020 0
274803 0
010958 0
049573 0
154155 0
033028 0
056856 0
077666 0
158889 0
007041 0
056734 0
044434 0
051115 0
139302 0
055170 0
265654 0
096138 0
054631 0
231407 0
069158 0
013842 0
053210 0
221959 1
051025 0
011324 0
227876 0
232128 0
221049 0
199672 0
024520 0
193617 0
273194 0
266896 0
054532 2
013477 1
000791 0
054230 0
053642 0
055243 0
054466 0
138745 0
169969 0
055180 0
013440 0
144207 0
051215 0
187999 0
013949 0
010940 0
143595 0
009881 0
274173 0
056276 2
055219 0
054860 0
055070 0
055492 0
136212 0
054153 0
123265 0
270711 0
078533 0
036592 0
092652 0
067016 0
054561 0
049507 0
092899 0
054270 0
276751 0
272819 0
007835 0
083035 0
054910 0
050315 0
170804 0
231368 0
120020 0
026675 0
048292 0
054583 0
132224 0
053550 0
081209 0
055519 0
190590 0
161085 0
054591 0
259838 0
189889 0
056869 0
201495 0
054831 0
287690 0
084130 0
163350 0
180731 0
054503 0
253767 0
056978 0
070229 0
087596 0
268538 0
137893 0
071422 0
053743 0
111760 0
058502 0
222835 0
197399 0
158865 0
012849 0
094599 0
056023 0
082005 0
013507 0
030348 0
051006 0
102596 0
057142 0
063178 0
054534 0
092076 0
167604 0
045034 0
013132 0
144081 0
056833 0
124425 0
035777 0
055048 0
056386 0
032439 0
280522 0
159985 0
193609 0
