158922 2
006786 2
120466 2
005342 2
119850 2
006780 2
119846 2
120462 2
075040 1
006785 0
120465 0
006784 0
002204 2
026641 2
026347 2
006783 2
120463 2
077760 2
178752 1
178713 1
082642 2
155971 2
077410 2
027150 2
033090 2
076153 2
158965 0
075820 2
141615 0
178696 1
075784 2
112565 2
075778 2
178615 1
107948 2
224867 1
178592 1
112584 2
285292 0
120464 0
232859 1
079078 2
224875 1
224876 1
232864 1
002461 0
076304 2
076403 2
076286 2
107959 2
220481 2
019066 2
285286 0
230775 2
158971 0
108052 2
284679 1
160977 2
052946 2
159895 1
064676 0
011047 2
284680 1
161033 2
161029 2
220479 2
159880 1
159881 1
165140 2
159870 2
165121 2
165105 2
069102 1
102275 1
159866 2
165079 2
164990 2
015206 2
125541 2
273696 0
159857 2
110114 2
117225 1
165086 1
273700 0
165084 1
082151 2
110373 2
011219 2
000428 2
217696 0
029250 0
003986 2
224226 1
081075 1
207853 1
018228 2
128947 2
081045 1
096720 0
153493 2
275892 2
059529 1
081072 1
076984 0
076898 0
144752 2
275932 2
081109 0
144806 2
165077 0
075479 2
059523 0
153518 0
194880 0
012260 0
013171 0
258684 0
081090 0
222792 0
127156 0
059686 0
034150 2
139571 0
039338 0
075342 1
188714 0
000265 2
109845 0
153530 0
080788 2
130656 0
080660 0
129711 2
014277 0
129708 2
131745 2
129675 2
129700 2
129689 2
269910 0
233901 0
230206 0
024295 0
027779 0
120592 0
065841 0
059651 0
206863 0
207954 0
190903 0
050374 2
025609 0
050273 0
021994 2
064632 0
023054 0
155853 1
077441 0
003924 0
154598 0
020053 0
046422 0
025404 0
127593 1
179334 0
127592 1
022694 0
154782 0
113824 0
029536 0
182851 0
223399 0
028640 0
096724 2
198749 0
076099 0
161933 0
116317 0
193616 0
230825 0
192453 1
006951 0
192015 0
206665 0
012942 0
130873 0
197156 0
025311 0
144884 0
005745 0
107817 0
062194 0
158420 0
128142 0
020373 0
043787 0
113720 0
111120 0
193815 0
207446 0
086802 0
223272 0
194881 0
179027 0
142166 1
076791 0
142287 1
002007 0
004172 0
002015 0
020969 0
063139 0
287406 0
146989 0
028694 0
011513 0
038038 0
111163 0
062603 0
081289 0
191706 0
139756 0
171101 0
225184 0
015002 0
259415 0
057847 0
247692 0
037402 0
078472 0
012282 0
006603 0
276877 0
197538 0
