111669 2
111692 2
130288 2
115900 2
111697 2
130252 2
007624 2
124256 2
111696 2
124249 2
117275 2
117325 2
139696 0
117387 1
108360 2
165010 1
165009 1
165006 2
116831 2
116998 2
252476 0
117338 2
252506 0
211460 0
165030 2
117503 2
124523 2
117582 2
117625 2
066037 0
124525 2
273746 1
262476 0
273748 2
119791 1
005338 2
119843 2
009484 1
121949 1
004902 1
121936 1
136026 0
142803 0
186119 0
061140 0
149446 0
116811 0
238415 0
141129 0
129993 0
265809 0
143536 0
123301 0
113318 0
226011 0
005192 0
007981 0
110559 0
005283 1
119771 1
190421 0
268962 0
154537 0
126174 0
108210 0
089308 0
231207 0
189685 0
018180 0
143162 0
266533 0
161796 0
087548 0
276066 0
240837 0
162662 0
013025 0
116817 0
151893 0
