064578 0
086457 0
050307 2
050457 2
080529 2
076262 2
087883 2
066406 2
088975 0
064277 2
085197 2
085195 2
085188 2
085127 0
083085 2
083126 2
083141 2
075088 2
075260 2
075542 2
093167 0
085893 2
085327 2
080176 2
064073 0
085454 0
086195 2
086247 2
086281 2
085857 2
081202 2
081228 2
096160 2
089741 2
096120 2
089730 1
089725 1
080838 2
080824 2
063150 2
087863 2
087862 2
087861 2
079292 2
084146 2
033382 2
092043 2
092103 2
092177 2
087573 2
087617 0
085072 2
096414 2
087808 2
097366 2
097433 2
087960 2
087812 2
087961 2
049475 2
049397 2
087912 2
273302 2
273538 2
273715 0
128029 0
092873 0
047277 2
273177 0
257221 2
042342 2
257215 2
032387 2
032418 2
086269 0
224351 2
224352 2
041685 0
259595 2
075350 2
075221 2
063986 0
259586 2
074961 2
111760 2
074944 2
074960 2
079851 2
079856 2
260256 0
023834 0
066837 0
144206 2
144252 2
111811 2
011051 0
259301 2
087470 1
092881 0
034694 2
126182 1
020981 2
144476 1
126196 0
024555 2
024498 2
262917 2
109558 2
144507 2
023641 2
260392 0
023753 2
026130 2
026021 2
097289 2
025985 2
025910 2
025882 2
084880 2
087528 2
087556 2
027973 0
129722 0
051421 2
051283 2
024738 2
024736 0
051284 2
059012 2
044865 0
020205 2
024149 2
024209 0
025918 2
260257 1
024500 2
271580 0
067594 2
067631 2
024512 2
024509 2
039992 2
024777 2
024704 2
048672 0
058765 2
050023 2
051578 0
067658 0
050070 2
033668 0
060816 2
050469 2
090855 0
260258 1
044095 0
050503 2
024794 0
070831 0
088646 2
088668 2
024788 0
050534 2
089690 0
260387 0
024705 0
022433 0
064091 2
273551 2
036187 2
036297 2
273611 0
089846 2
050306 2
050455 2
050451 2
265780 1
117581 0
081520 0
083324 2
189610 0
087137 0
117168 0
040923 0
042556 0
260224 0
089687 0
020220 0
024251 0
020434 0
038162 2
126448 0
038222 2
046005 0
041907 1
047817 1
047799 2
030281 2
041903 1
185809 0
027998 0
010673 0
036089 0
226250 2
090807 0
069506 1
102679 1
097807 0
046023 1
083398 0
087206 0
019546 2
090806 0
258246 0
185802 0
041680 0
128418 0
097738 0
048344 0
024463 0
033410 0
282110 0
210371 0
260236 0
092809 0
224166 0
016513 0
182519 2
092787 0
044867 2
087136 0
047452 0
047517 0
024768 0
112495 2
179719 0
092784 0
112499 2
028895 0
109347 0
081856 0
047688 0
111758 0
081276 0
069489 0
092890 0
096151 0
036377 0
069829 2
103002 2
051108 0
069800 2
102973 2
069532 2
102705 2
069422 2
202606 0
069765 2
102595 2
102938 2
090125 0
134162 0
088162 0
261088 0
268111 0
093346 0
048037 0
148206 0
271579 0
070531 0
097749 2
103704 0
024491 0
108447 0
261086 0
099904 0
048694 0
081529 0
124003 0
142459 0
141045 1
141431 0
020447 0
152067 0
126414 1
110407 0
210656 0
126417 0
200139 0
193267 0
047347 0
000370 0
235030 0
040808 0
021027 2
021024 2
020995 1
021151 2
249766 0
034557 0
109243 0
044666 0
042591 0
111631 0
202892 0
161577 1
020216 2
020217 2
026282 0
225769 0
262593 0
019276 2
190880 0
040912 0
019428 0
088695 0
276170 0
041623 1
041620 0
111683 0
067598 0
043659 0
134161 0
220274 0
019378 0
102032 2
100760 0
085124 0
094492 0
050824 2
050801 0
100779 0
077369 0
038037 0
112390 0
043907 0
001831 0
097141 0
044910 0
022983 0
263841 1
037485 0
180530 0
263890 2
220003 0
264107 2
129788 0
050330 0
285404 0
081823 0
037934 0
148364 0
084670 0
000379 0
130612 0
230339 0
098288 2
087188 2
098386 0
023645 0
034686 0
084920 0
000357 0
057405 0
140182 0
016842 0
001436 2
283102 0
155671 0
056682 0
024778 2
231046 0
236799 0
047503 0
175541 0
036440 0
085911 0
028966 0
089017 0
016455 0
015651 0
078126 0
252610 0
157444 0
020983 0
036376 0
019834 0
021674 0
098998 0
255466 0
019932 1
019945 0
040942 0
062774 0
199338 0
085280 0
024685 0
084067 0
118405 0
133148 0
180445 0
048853 0
110424 0
101114 0
061077 2
005448 0
168576 0
061099 0
128419 0
144695 0
017870 0
268935 0
191559 0
052430 0
033438 0
037473 0
028055 0
041004 0
061576 0
114099 0
061600 0
150154 0
113677 0
268151 0
128138 0
191180 0
077749 0
036378 0
061598 0
023744 2
083846 1
130378 0
016316 0
040941 0
084497 0
024494 0
049594 0
015435 0
074758 0
023926 0
255519 0
084501 0
104004 0
075722 0
008469 0
108005 0
088197 0
200551 0
040635 0
124000 0
045482 0
198701 0
081786 0
038704 0
141667 0
077268 0
005186 1
084496 0
071743 0
168150 0
273051 0
052359 0
082657 0
019823 0
071558 0
112724 0
033078 0
048323 0
019666 0
070861 1
102662 0
112027 0
214159 0
039973 0
104034 1
070870 0
131200 0
027917 1
030376 0
112206 0
