230317 0
264419 0
270985 0
194182 0
197669 0
263494 2
263492 0
281830 0
123456 0
263493 0
273164 0
123464 0
256415 2
256411 2
271698 2
271768 2
271351 2
271350 2
271355 2
271378 2
271834 2
271895 2
271894 2
272000 2
274307 2
274509 2
270358 1
270273 2
271990 2
271988 2
274316 2
256655 0
274506 2
270264 2
282040 0
270361 1
274519 2
274514 2
271394 2
276990 2
276113 0
068401 0
271999 2
277278 2
289397 1
289398 1
276146 2
276158 2
286783 2
271388 2
271393 2
271367 2
271283 2
276209 2
271520 2
271531 2
271542 2
277343 2
270922 2
277292 2
277290 2
270933 2
270982 2
272129 2
272220 2
276020 1
272224 2
272169 2
243771 2
255783 2
272128 2
272001 2
279586 2
279587 2
279601 2
272219 2
272223 2
288296 2
288265 2
288310 2
283650 1
276138 2
259937 2
274253 0
270142 2
284823 1
276973 1
272403 0
281000 1
270143 2
276967 1
269944 2
283638 1
283576 1
283577 1
277146 2
259941 1
282032 2
270423 2
269253 2
271397 2
270435 2
269257 2
075085 0
270298 2
270299 2
268971 2
268931 2
271387 0
269795 2
288487 2
269180 2
252303 2
288485 2
288486 2
288476 2
244533 2
270999 0
270625 2
279962 1
184875 2
281662 0
277364 2
259710 0
231185 0
284744 2
284745 2
284746 2
270472 2
236978 2
236986 2
230890 0
271540 2
271530 2
264069 2
264098 2
264099 2
236641 0
186268 0
192599 0
257612 2
257603 2
004718 2
118970 2
256419 0
269943 0
271141 2
284241 0
271087 2
230289 0
271242 2
107758 0
067444 1
004588 2
260562 2
231427 0
067356 1
231912 2
144136 0
266408 0
231908 2
231913 2
231888 2
231886 2
284160 0
068443 1
256485 0
068420 1
067424 0
067338 0
017639 1
128524 0
067327 0
162249 2
056148 2
195574 0
273711 0
162277 0
186246 0
087220 0
233148 0
055964 0
162688 0
107802 0
282041 0
178151 0
082651 0
265028 0
288700 2
281670 1
270533 0
288698 2
266128 0
283636 1
283635 1
232390 0
276922 0
281708 1
265404 0
281688 0
270572 2
270356 2
166832 2
166675 2
166676 2
166674 2
256169 2
289276 0
256647 0
257604 0
264243 0
271392 0
231276 0
270607 0
257613 2
200650 0
274254 0
074588 1
080113 0
284242 0
273903 2
273888 2
205891 0
151006 0
057113 0
260984 0
256474 0
230859 0
230303 0
230849 0
275280 0
279002 1
182256 0
286424 2
286427 2
286426 2
279053 0
286423 2
271602 0
273448 0
269452 0
080104 0
263327 0
154957 0
272819 0
264257 0
107794 0
275686 0
109622 0
269513 0
230810 0
197647 0
275070 0
164141 0
259699 0
223236 0
197155 0
055785 0
264538 0
271057 0
275472 0
264930 0
275405 0
182634 0
263331 0
199701 0
256582 0
247415 0
178613 0
272820 0
041895 2
041782 2
068071 0
256422 0
274438 0
254949 0
165343 2
165345 2
179394 2
260615 0
265074 1
265062 0
230671 0
275080 0
164033 0
225764 0
144138 0
280219 0
266506 0
275857 0
288522 2
288519 2
288513 2
270987 0
267262 0
264921 0
056640 0
276084 0
273162 0
178687 0
015865 0
190852 0
223229 0
155942 2
017935 0
260865 2
260906 2
138974 0
237036 0
264249 0
058091 0
162594 0
004210 0
244974 0
196781 0
050270 0
164103 0
287750 0
053259 2
236795 2
237052 0
054524 0
222717 0
022464 1
270939 0
264629 0
268961 0
284843 2
054553 0
284683 2
194043 0
133315 0
181672 0
264928 0
192692 0
164122 0
289578 0
058054 0
240547 0
022838 2
026175 2
257384 1
176057 0
257881 0
165280 1
268514 0
258098 0
165257 0
164129 0
266188 0
041785 0
182335 0
014212 0
020089 2
197151 0
005624 0
020090 2
020096 2
165277 0
134015 0
120228 0
271050 0
200613 0
270532 0
115785 0
020162 0
230904 0
175936 0
276653 0
020134 0
210727 0
252746 2
264920 2
256003 2
175090 1
283637 0
041731 0
153574 0
256304 0
245012 2
173799 0
256840 2
165265 0
254958 0
182609 0
234994 0
274677 0
225781 0
254308 0
141312 0
133325 0
020292 1
138799 0
276230 0
270986 0
053288 2
019438 2
187913 0
159790 2
159848 2
159864 2
040862 0
234738 0
179362 2
179376 2
179396 2
162772 0
000401 1
069958 0
018009 0
122273 2
157136 2
276248 0
012058 2
264517 1
157139 2
010258 2
011650 1
011628 2
124412 2
130641 2
130647 2
124435 2
130652 2
130658 2
130732 2
130908 2
070228 2
014885 2
103401 2
070191 2
103364 2
011466 2
070192 2
103365 2
010320 2
077133 2
070452 2
070479 2
103652 2
069400 2
070538 2
103711 2
103625 2
001038 2
017808 0
070404 2
102573 2
103577 2
070643 2
070540 2
103713 2
103816 2
070628 2
103801 2
116218 2
005022 2
119401 2
005669 0
000361 2
130744 2
011907 1
123847 2
012192 1
076767 1
017410 2
123795 0
129499 2
053599 2
130433 2
051153 2
130868 2
043878 2
050144 0
001495 2
014613 2
017213 2
011829 2
050208 0
054555 2
131844 0
064532 0
088089 2
130945 2
064837 1
001215 2
064941 1
017780 1
101997 1
016117 1
150757 0
260121 0
098057 2
098058 2
154345 0
124286 2
124338 2
000637 2
182480 0
067693 0
068433 1
065849 1
065082 0
068452 2
067814 0
052782 2
015421 1
052957 2
053077 0
081074 2
088119 0
050419 2
050321 2
056754 2
000100 1
056299 0
067049 1
016162 1
139097 0
044507 0
036530 1
053483 0
124461 0
004895 1
119230 1
077929 0
130161 0
057287 2
259109 2
135551 0
002586 2
164147 2
065967 0
259113 1
087652 0
133489 0
014921 0
009526 0
046083 0
009142 0
133488 0
182551 0
000268 2
016962 1
271353 0
068340 1
071363 0
130902 0
003755 1
141397 0
151043 0
085169 0
119480 0
009036 0
004067 1
066050 1
006380 1
001172 2
001225 2
081943 0
005964 0
066712 0
275685 0
066139 0
035060 0
075408 2
057396 0
230831 0
136936 0
136173 0
069460 2
028912 0
069011 2
102633 2
090215 2
070711 0
176832 0
252524 2
044652 2
065390 0
045042 2
044653 0
003720 1
251147 1
044135 2
241712 1
044010 2
241710 1
003695 1
074435 0
241693 1
241752 1
003574 1
006194 1
241723 1
044541 0
241849 1
241724 1
259110 1
259114 1
258102 1
241601 1
241706 1
241952 1
098618 0
241722 1
241725 1
069228 0
241753 1
241789 1
135703 0
236241 2
179129 2
026835 0
179119 2
020574 2
000402 2
178922 2
001833 2
009470 0
044440 0
119043 0
120278 0
052333 0
048229 2
076270 0
048230 2
048223 2
241928 0
244585 0
048285 0
116550 2
136940 0
109306 0
003667 1
003473 0
023708 1
027015 0
051558 2
024602 0
089356 2
023811 0
067004 1
135413 0
048308 0
035064 0
027391 0
067932 2
016155 1
050847 0
016149 1
175018 2
048340 0
017673 0
175035 2
017104 2
003435 2
017108 2
010279 1
108535 0
115621 0
119214 0
099941 0
191902 0
044047 0
206357 0
182807 0
154175 0
003672 0
041826 0
083072 0
182554 0
130104 0
065710 1
108517 0
130213 0
235826 0
008615 0
174979 0
067154 0
247029 0
013246 0
275071 0
141423 0
050763 0
031324 2
228943 0
034273 0
065528 0
003823 1
031255 2
003572 1
030891 0
003630 0
050819 0
123900 2
024603 0
036324 0
234978 0
002344 2
014945 0
027024 0
116236 1
116182 1
067729 0
169183 0
154176 0
123144 0
045067 0
117016 0
003437 0
011906 0
128623 0
119041 0
174989 1
098568 0
030596 0
014647 0
003615 0
011409 0
066835 1
129325 0
153497 0
174988 1
003599 1
164102 0
061722 0
272782 0
031393 0
068642 0
036314 0
065643 0
166667 0
240758 0
030912 0
275388 0
067124 0
085027 0
003614 2
112931 0
054207 0
175112 0
138532 0
239275 0
142846 0
003612 2
234807 0
116309 1
261892 2
260972 0
261891 2
003886 0
176821 0
164675 0
107608 0
007915 2
041784 0
252678 0
004062 1
048108 0
069794 2
035043 0
102967 2
067533 0
069838 2
103011 2
009999 0
166117 0
119547 0
128503 0
013945 0
039406 0
006419 1
068375 0
057053 0
098643 0
005880 0
008279 0
219969 2
001262 0
066040 0
272783 0
087274 0
068732 0
042040 0
025657 2
239295 0
167291 0
284538 0
111941 0
100907 0
098634 0
250638 0
003756 1
176814 0
134420 0
243452 0
235335 0
149156 0
053234 0
167309 0
138534 0
163057 0
289771 1
069142 0
005053 0
256272 0
119216 0
283676 0
068095 0
078150 0
255208 0
163746 0
260509 0
023466 0
289776 0
003887 1
228942 0
212356 0
065970 0
234829 0
094561 0
002822 0
003439 0
251933 0
031871 0
194269 0
130826 0
071622 0
015677 0
124200 0
050369 0
149647 0
019311 0
262911 0
164032 1
102315 0
005259 0
164128 0
003681 0
076268 0
192835 0
115411 0
033722 0
029076 0
267160 0
135464 0
169184 0
289346 0
003625 2
192106 0
018426 0
112181 0
255988 0
164121 0
177030 1
177321 1
177422 1
180249 0
123029 0
065688 0
180248 0
272508 0
260547 0
003573 0
192836 0
068603 0
282312 0
112875 0
088789 0
264148 0
199278 0
144589 0
028506 0
186645 0
064038 0
011520 0
042172 0
008448 0
135461 0
264256 0
005990 2
044802 0
003613 0
196780 0
119351 0
119221 0
265399 0
050636 0
137075 0
136771 0
103131 0
216143 0
033628 0
038826 0
020165 0
054427 0
058317 0
107972 0
003584 2
247385 0
284172 0
127674 0
275521 0
135486 0
066144 0
101027 0
163189 0
085028 0
164859 0
114210 0
266273 0
100467 0
003576 0
099396 2
119426 0
029023 2
062639 0
050479 0
098542 0
289344 0
267213 0
028993 2
135662 0
255484 0
015093 0
285546 0
066096 0
256020 0
109759 0
027004 0
071105 0
131063 0
259905 0
004065 2
161509 0
031220 0
138830 0
003570 0
134271 0
065699 0
010272 2
135299 0
011236 0
153464 0
168246 0
280417 0
003648 1
140424 0
234818 0
128437 0
063747 0
164354 0
149610 0
163421 0
264235 0
075680 0
035375 0
134980 0
004107 0
062076 0
006136 0
115410 0
057352 0
267273 0
140322 0
034789 0
162308 2
162306 2
003432 0
123145 0
196570 0
192875 0
138680 0
005863 0
003919 0
045362 1
034233 0
193906 0
038362 0
065763 0
038467 0
064192 0
039804 0
044768 0
043403 1
185804 0
007847 0
107799 0
072558 0
166592 0
066740 0
068864 0
098675 0
075410 0
034131 0
111899 2
111911 2
111905 2
029847 0
065494 0
046481 0
051012 0
025683 2
112180 0
220150 0
121400 0
023660 0
091504 0
039879 2
040330 0
025696 0
040407 2
031793 0
134748 0
045399 0
137154 0
231027 0
135192 0
108503 0
087657 0
123041 0
137385 0
019663 0
190670 0
030969 2
141722 0
234845 0
204645 0
134636 0
075237 0
067054 0
047860 0
061990 0
040406 0
025289 0
010728 0
289273 0
129630 0
088177 0
028493 0
284094 0
003833 0
275638 0
014920 0
142039 0
044725 0
112262 0
039975 0
008338 0
008202 0
112414 0
030599 0
163016 0
112850 0
281366 0
112229 0
274401 0
107800 0
030960 0
115782 1
075686 0
117757 1
070517 0
049841 0
134439 0
134250 0
007755 0
008671 0
094571 2
123241 0
279213 0
094627 2
094623 2
268466 0
095449 2
275081 0
095503 0
033834 0
095715 2
071824 0
009395 0
285296 0
094410 0
094405 0
115761 1
176866 0
114848 1
114852 1
117725 0
062654 0
016676 2
040453 1
269715 0
234853 0
137173 0
109788 0
019676 0
264363 2
079958 0
095740 2
095716 2
108703 0
264318 2
070283 0
002867 0
094408 0
169153 0
094436 0
279055 0
254109 0
221429 0
094169 0
094201 0
053488 0
178874 0
251053 0
115664 1
095061 0
163223 0
068438 0
093946 0
169154 0
066102 0
094444 0
149651 0
235422 0
215184 0
262723 0
116011 2
136349 0
253648 0
001604 0
017522 0
135340 0
107852 0
261938 0
125202 0
065539 0
045424 0
007849 1
111940 0
135448 0
141718 0
