145072 2
149718 1
139511 2
133893 0
258702 2
147702 2
192073 2
177674 2
177735 2
177759 2
145863 2
152890 1
152884 2
152896 1
208884 2
213033 2
177758 0
192069 2
188321 0
153984 2
153966 1
152504 2
152505 1
165771 2
163379 2
156837 0
150019 2
150011 2
150029 2
150031 2
150037 2
150026 2
237588 2
163186 2
163155 2
237587 0
141734 0
163131 0
153674 0
268368 2
285262 2
268383 2
285270 2
285273 2
267191 1
285278 2
265185 2
226019 2
193164 2
259343 2
152075 2
153100 0
256706 0
099728 1
266333 0
259221 2
100768 2
100742 2
259342 0
267475 0
058144 1
261223 2
058130 0
150921 2
151207 2
159282 2
150563 2
058080 0
037176 2
277942 2
034925 2
277939 1
035139 2
168530 1
168527 2
272064 0
034924 2
258910 0
037318 2
279957 2
037251 2
285261 2
035590 1
058216 0
285272 2
233010 2
233026 2
033039 0
285269 2
285277 2
163134 0
149728 2
152030 2
287875 2
041935 2
151035 0
191736 2
213077 0
191737 2
235287 2
235250 2
235248 2
235256 2
268794 0
243609 0
131565 2
002465 1
235328 0
147414 1
007721 0
014327 0
019912 2
225002 0
116124 0
093247 0
131570 0
256709 0
056337 0
139275 0
058191 0
041934 0
132780 0
280878 0
238047 0
263670 1
177734 0
169824 0
174824 0
003080 0
190408 1
270198 2
043037 1
267298 0
043080 0
224125 0
238043 0
149840 0
150027 0
177673 1
272055 0
266380 0
266837 2
136818 0
266856 2
231796 0
043087 0
147076 0
137999 1
150966 0
129712 0
012325 0
257685 0
043090 0
151888 0
227829 0
136850 0
147124 0
235321 0
002820 0
263662 1
263694 1
173188 0
213076 0
019911 2
133167 0
289958 0
162192 0
244726 0
258124 0
178095 0
085633 0
141315 0
227552 0
242242 0
038707 2
280360 2
280341 1
155907 1
235442 0
179047 0
147353 0
128551 0
140848 0
263742 0
089771 0
192094 0
170278 0
244478 0
280829 0
128777 2
018475 2
128774 2
140293 0
133191 0
177149 0
158023 0
217975 0
272091 0
233514 0
133353 0
220506 0
152112 0
022728 0
153204 0
260525 0
136834 0
222313 0
076564 0
279548 0
014308 0
041738 0
270247 0
256708 2
256705 2
132226 0
288132 2
156841 0
288469 0
190825 0
244407 0
029743 0
259326 0
128385 0
252764 0
175487 0
163378 0
267178 0
252870 0
170307 0
267674 0
267335 0
182558 0
077911 0
044717 1
044705 1
192108 0
028370 0
279824 2
279819 2
279829 2
244144 0
286801 0
242002 0
202755 0
286876 0
272264 0
153060 0
178097 0
169641 0
289391 0
244528 0
160579 0
192731 0
134895 0
152279 0
136359 0
