151975 1
151970 1
261429 0
197045 0
207589 0
227899 1
227906 1
195548 1
195547 0
224581 1
264966 1
264978 1
265549 2
265548 2
280349 1
004286 1
118117 1
117779 1
117670 1
131710 1
039553 0
131991 1
000862 1
000921 1
001618 1
134292 1
134263 1
134184 1
134010 1
153072 1
153071 1
272508 0
153304 1
228038 1
142411 1
010435 1
040248 0
152259 1
157978 2
157982 2
154560 1
156544 2
176264 1
019060 1
289135 1
002787 1
194911 1
133844 1
133846 1
194990 1
195033 1
196226 1
196218 1
196390 1
200641 1
200642 1
200643 1
181986 0
008802 1
139313 1
223776 1
008909 1
069751 1
102924 1
268346 1
108597 0
081268 1
081210 0
081810 0
063480 0
108531 1
019044 1
134964 1
134983 1
134871 0
125215 1
267006 1
125163 1
003963 1
125217 1
019052 1
155452 1
017925 0
267083 1
161302 1
195546 0
182729 1
155555 0
182728 1
123163 0
008286 0
182764 1
012992 1
145908 1
161268 1
182699 1
182492 0
018304 1
128899 1
128998 1
155556 0
289357 1
289264 1
006944 1
120565 1
136337 0
132649 1
179911 1
117429 1
117614 1
117616 1
179912 1
018661 0
179722 1
179915 0
159029 1
159008 1
003477 1
019042 1
159026 1
159023 1
159020 1
159042 1
158874 1
153089 1
153092 1
163710 1
161271 1
159114 1
179916 0
158876 1
159010 1
000034 0
161164 1
161283 1
159022 0
019049 1
013603 1
160905 0
176005 1
160906 0
175921 1
158875 0
163706 1
018784 1
019024 1
127607 1
160320 1
163705 1
202158 2
011914 1
163719 1
177032 0
123161 1
160294 1
101432 1
156429 1
278634 1
133845 1
163938 1
150616 1
269600 1
163957 1
150646 1
124970 1
146633 1
269597 1
002786 1
278635 1
238718 1
289654 1
124971 1
124968 1
011861 1
159025 0
289627 1
089061 0
161392 0
289617 1
221922 1
289368 1
288077 1
191007 1
163921 1
143114 1
143096 1
143097 1
221910 0
142967 1
031676 1
269578 2
190998 1
236702 1
269692 1
288719 0
136186 1
269705 1
136117 1
186153 1
136118 1
153515 1
238942 1
124845 1
177036 1
153577 1
238727 1
177040 1
193361 1
185796 1
242134 1
136039 1
185844 0
124789 1
136041 1
054705 2
054618 1
242110 1
154544 1
238726 1
191824 0
159028 0
124686 1
153513 1
264450 0
154697 1
153529 1
124862 1
009185 0
124860 1
069827 1
242111 1
289230 0
103000 1
155981 1
013183 1
001613 1
124511 1
156034 1
176638 1
123357 1
258684 1
258700 1
258706 1
128616 1
128475 1
129654 1
123356 1
259550 1
167069 1
242135 1
128615 1
147385 1
169151 1
129616 1
169172 1
242133 1
012665 1
242092 1
242067 1
017296 1
129598 1
242084 1
129653 1
237242 1
147384 1
159031 0
014462 0
141961 1
008246 1
153394 1
239496 1
147495 0
018506 1
035076 1
177083 1
209950 1
209387 1
137998 1
238940 1
192125 1
013266 1
137972 1
035051 1
191972 1
238941 1
192126 1
137940 1
197330 1
011481 1
242091 0
170304 1
270927 1
280430 1
009517 1
197340 1
223477 1
170274 1
176787 1
007459 1
153396 1
279937 0
136037 0
153466 1
122749 1
137971 1
176819 1
263623 1
263513 1
223420 1
263604 1
263622 1
236703 1
278898 1
204300 1
269683 1
017805 1
006069 1
269467 1
153504 1
176382 1
176831 1
269357 1
176820 1
200973 1
236330 1
236319 1
178077 0
000537 0
231767 1
269316 1
009885 1
176415 1
201082 1
203475 1
269317 1
204289 1
271872 1
176769 1
271971 1
277007 1
176770 1
153393 0
176758 1
077040 1
276908 1
176934 1
069102 1
002292 1
100958 1
128111 1
001449 1
148134 0
180125 1
102275 1
240286 1
211219 1
128133 1
180126 1
239548 2
240290 1
240300 1
242903 1
153581 1
127504 0
240291 1
240318 1
053688 1
231662 1
101008 0
153582 1
242930 1
231658 2
161395 0
240317 1
012616 1
180128 1
157943 0
255757 1
255747 0
231660 1
255615 0
238103 1
043957 1
169002 1
130622 1
182499 0
238273 0
000416 0
070644 1
100509 1
238108 1
044058 1
238093 1
103817 1
070745 1
100420 1
238089 1
156575 1
103918 1
070670 1
242905 1
103843 1
128693 1
070522 0
018629 1
128686 1
131538 1
242901 1
153181 1
131478 1
125005 1
238824 1
131491 1
117928 1
168804 1
272856 0
156574 2
069816 1
156551 1
128717 0
004201 1
102989 1
153455 1
124987 1
153157 1
153244 1
238107 0
153168 1
153027 1
134709 0
153180 1
153158 1
153169 1
153241 1
153488 1
153028 1
219906 0
155969 1
066541 1
170724 1
170685 1
007380 1
285882 1
170686 1
167842 1
071467 0
167914 1
242902 0
170725 1
088936 1
184615 1
167915 1
170684 1
126482 1
126442 1
170172 1
088987 1
091687 1
032430 1
069602 1
152908 1
169864 0
170173 1
032422 1
126899 1
102775 1
219606 0
153243 0
176822 1
144752 1
242258 1
126292 1
144806 1
170171 1
019724 1
011219 1
170410 1
125112 0
000635 1
179696 1
019708 1
169924 0
226269 0
014666 1
169488 1
169492 1
170418 1
185800 0
170419 1
169493 1
157425 1
167490 1
169485 1
126281 1
169494 1
087198 0
002699 0
157426 1
170341 1
170463 1
170473 1
104640 0
126900 1
126894 1
158122 1
170474 1
158283 1
126917 1
014868 0
167486 1
170342 1
132641 1
018321 1
139361 1
098957 1
167491 1
126888 1
167149 0
219852 1
127028 1
071492 1
104665 1
199411 1
181993 0
127472 1
090968 1
010035 1
127382 1
127471 1
170340 1
169049 1
202902 1
089060 1
122735 1
169333 1
169131 2
139344 2
199442 1
169132 2
001753 0
169334 1
069700 1
043435 0
068042 1
068068 1
102873 1
068097 1
169265 1
082123 1
075940 1
181014 1
011766 1
110105 1
076100 1
191303 1
190527 1
122835 0
068098 1
190565 1
162505 0
048264 1
079720 1
191227 1
232048 1
076014 1
079728 1
164167 1
025466 1
087424 1
199499 1
221221 1
008658 0
170462 0
193896 1
193884 1
238728 1
126890 1
196503 1
221240 1
025423 1
238943 0
163790 1
193879 1
122837 1
190683 1
001480 1
124002 0
169285 1
163791 1
169343 1
159009 0
169344 1
199458 1
219454 1
193883 1
045325 0
199558 1
029397 0
199482 1
269462 1
199483 1
199502 1
269472 1
188445 1
269534 1
158033 0
268425 0
228416 0
258385 1
202975 1
116797 1
269554 1
269471 1
269423 1
266239 0
131417 1
116991 1
195939 1
269461 1
014200 1
234620 1
113429 0
195948 1
002859 1
204168 1
196481 1
014196 1
196485 1
146881 0
284943 0
184431 0
258341 1
197748 1
065198 0
159039 1
238719 0
202976 1
197869 1
063835 1
158944 1
063425 1
164704 1
016629 1
158921 1
163637 1
197871 1
163514 1
023634 0
109086 1
262747 1
061379 1
163495 1
011905 1
202649 2
203116 1
017582 1
001271 0
163213 1
197353 0
132502 1
126797 1
061381 1
163141 1
069468 0
182238 0
135680 0
007207 0
207674 1
126777 1
063850 1
063851 1
160472 1
126407 1
278181 0
130560 1
160386 0
163145 1
178591 1
178651 1
132521 1
132534 1
178625 1
208462 0
126986 1
127130 1
168333 0
167150 0
018779 0
011192 1
178586 1
017558 0
018174 1
171375 1
013938 1
275973 0
144789 1
018531 0
128981 1
069367 1
117315 1
001598 0
000408 0
171374 1
117316 0
239926 1
171373 1
190942 1
064817 1
240106 1
003141 1
234048 0
253349 0
164944 2
102540 1
079594 0
191062 1
164802 1
231252 0
239801 1
234430 1
064820 1
240178 1
240193 1
090619 1
078726 0
009889 0
181170 0
164761 1
060805 0
169300 0
266094 1
125041 1
002304 1
125141 1
076275 1
255850 1
122874 1
144907 0
109964 0
234791 1
014825 1
011986 1
122877 1
266110 1
010370 1
131858 1
140608 1
140607 1
255824 1
253833 0
255914 1
081738 1
011252 1
165254 1
100193 1
255941 1
098099 1
081684 1
131711 1
076113 1
161933 1
219455 1
074569 0
165256 1
131869 1
081551 1
196425 1
098149 1
111425 1
169123 1
066443 2
196411 1
131866 1
011855 1
114589 1
014530 0
160899 1
037739 0
114563 1
169073 1
175589 0
075844 1
165264 0
169074 1
114588 1
114593 1
108248 0
195814 1
112251 1
082150 0
112250 1
196370 1
195829 1
229918 1
229950 1
188320 1
162517 0
195726 1
118945 1
187493 1
112384 1
118960 1
264823 1
195727 1
195805 1
195802 1
195725 1
195728 1
195744 2
195816 1
187504 1
112388 1
193997 1
184616 1
195736 1
195737 1
112391 1
003266 1
195739 1
195738 1
125192 1
018022 0
195869 1
195932 1
193983 1
125195 1
193832 1
195872 1
012612 1
170793 0
125196 1
195803 1
012613 1
169329 1
006335 1
193732 1
123010 1
195806 1
195815 1
195817 1
043921 1
195830 1
002369 1
231904 0
195870 1
195933 1
131386 0
165266 0
136572 0
224459 1
089472 1
181297 0
134013 0
081291 0
021475 1
266075 0
158207 1
169330 1
013410 1
123212 0
286551 1
210559 1
158200 1
017023 0
210967 1
160827 1
156917 1
188785 0
196549 1
289774 0
158976 0
108241 0
195901 1
110022 1
110083 1
156941 1
195907 1
190903 2
032654 0
169483 0
167126 0
242979 1
160868 1
244003 0
195886 1
195971 0
141752 0
000482 0
236265 1
154598 0
193720 0
169012 0
195542 0
116653 0
190842 1
205553 1
144513 0
284620 0
139217 0
202826 1
236278 1
018509 1
124604 1
124492 1
014143 1
027082 0
160020 1
124510 1
169376 0
035479 1
129093 0
167578 0
230042 0
035723 1
044550 0
255767 1
242942 0
255808 1
180814 0
035690 1
265287 0
035482 0
016557 1
255790 1
185612 1
035725 1
255879 1
199391 0
001466 1
148190 1
160014 1
035726 1
231642 0
159981 1
202344 1
185887 1
113498 0
035703 1
130045 1
129974 1
035722 1
179876 0
287670 1
159413 0
275358 1
275351 1
148191 1
286815 1
148196 1
286836 1
040622 1
286794 1
148197 1
148198 1
160458 0
159765 1
035693 1
103695 0
141987 1
201105 0
287677 1
287892 1
110823 1
265499 0
018219 0
143645 2
065220 1
090011 1
286711 0
191976 1
191825 0
010857 1
143731 1
267853 0
143646 1
058341 1
149049 0
146218 1
071530 0
169375 0
146182 0
109791 0
251533 0
109894 0
065211 1
116946 0
185880 1
195210 0
002563 0
191975 1
078326 1
020739 1
065277 1
012282 0
185855 1
112677 0
012256 0
239112 0
065728 0
078254 1
192134 1
015745 1
020732 1
027092 1
006475 0
158286 0
018578 1
242904 0
090631 1
090620 1
150546 1
090612 1
193843 1
181444 0
258874 0
110941 1
233728 1
150562 1
110951 1
060505 0
238804 0
138540 1
150547 1
133843 1
033275 1
233767 1
233768 1
090610 0
134155 0
182188 0
191836 1
013819 0
131173 0
088628 1
235554 0
281777 1
068310 1
110739 1
255647 0
110752 1
088778 1
020974 1
111476 1
111393 1
185848 0
190951 0
111299 1
110848 1
167883 0
060302 2
127726 0
068343 1
111471 1
111323 1
272715 0
182703 0
111024 1
111642 1
111401 1
111473 1
111478 0
111029 1
034379 0
020945 1
104703 0
111635 1
065587 0
033352 1
111647 1
111634 1
110734 1
110757 1
143944 1
026907 1
143888 1
262474 0
229437 1
111631 1
085843 1
033344 1
000031 1
030505 1
190603 1
133842 1
231895 0
154494 1
148906 1
116515 2
116960 1
111047 1
002795 1
070189 0
131445 1
110783 1
177816 0
111398 0
185915 0
128950 0
110822 1
229431 1
160319 0
158665 0
111860 0
110984 0
037806 0
163902 1
111289 1
169925 0
008740 1
185666 0
075911 2
075863 1
018585 0
231278 1
154760 0
013747 1
075872 1
008081 0
077951 0
111415 0
041084 0
261258 0
024030 0
271972 1
032003 0
199260 0
112253 1
270125 1
272306 1
151350 0
112927 0
109768 0
270122 1
141966 1
027550 0
090379 0
153399 1
155111 0
272283 1
091267 0
175588 1
002687 1
114323 0
018323 0
164126 1
156204 1
153406 1
141969 0
081685 0
225924 1
162377 0
156276 1
180086 0
156283 1
271860 1
125709 0
090569 0
016530 1
015206 1
135509 1
271867 1
272188 0
125541 1
220910 1
225923 1
148350 1
034384 0
196453 0
002499 0
170012 1
081318 1
273579 0
203175 0
009693 0
198522 0
115636 0
135220 1
139905 0
267834 0
175685 1
081811 0
069015 0
050051 0
185000 0
152134 0
064632 0
136428 1
020975 1
175770 1
136438 1
034696 0
129750 0
052900 0
178146 0
247289 0
020946 1
239089 1
286721 0
278388 0
020948 1
126447 1
086478 1
238609 1
027201 0
181392 0
002836 0
239059 1
076770 1
076393 1
131989 0
076392 1
128714 0
142068 1
076345 1
076228 1
265829 0
240218 0
042610 0
267391 0
133618 1
110986 0
147453 0
116943 0
071688 1
016644 1
193359 0
104861 1
008280 1
141646 1
142097 1
166907 0
251813 1
271994 0
111214 0
191220 1
251872 1
163003 1
016623 0
006981 0
178462 0
017741 0
128640 1
021353 0
199259 0
164823 1
068688 1
225084 1
111238 0
068669 0
060493 0
235163 1
229762 1
152962 0
115729 0
003986 0
262539 0
191146 1
202073 0
124957 0
229852 1
034699 0
168875 0
267377 0
127775 0
111043 0
186048 1
239876 1
058836 0
225078 1
160293 0
201952 0
162687 1
181452 1
176381 0
154231 1
194080 1
153254 0
153307 0
005288 1
185984 1
154178 1
135261 0
040661 1
032927 0
157948 0
004990 0
204312 0
110066 0
198888 0
173929 0
128641 1
077034 0
185972 1
185981 1
170398 1
170399 1
119734 1
200254 0
208461 0
071541 0
226354 0
170375 1
017791 0
190901 1
081623 0
228051 0
066956 1
131952 0
219783 0
277488 0
190896 1
190965 1
089471 1
111240 0
239744 1
111000 0
259981 0
239746 1
256091 1
219886 1
219892 1
079982 0
256823 1
219907 1
220481 1
256831 1
191104 1
032910 0
082363 0
191464 0
269509 0
164470 1
014493 0
153395 0
007718 1
041190 0
220479 1
239024 0
063855 1
121152 1
157604 0
016618 1
281167 1
125642 0
087885 1
071485 0
098617 0
203023 0
191765 1
191665 1
120203 0
087905 1
053290 0
034385 0
087906 1
152981 0
131203 1
230775 1
212282 0
226534 0
281698 0
099124 0
005600 0
271865 0
108786 1
217696 1
286639 0
275932 0
256813 1
169923 0
182896 1
182228 0
108573 1
019363 0
239536 0
069402 1
102575 1
255998 0
155696 1
108620 1
108619 1
238968 1
077049 1
159021 0
108700 1
108753 1
102641 0
108844 1
160977 1
108813 1
108872 1
185013 0
124653 0
056339 0
108794 1
216154 0
013947 0
169315 0
147468 0
148070 1
186059 0
161033 0
011047 1
012377 0
005887 0
079454 0
016586 1
139939 1
168557 0
187212 0
150395 0
144167 0
012018 1
238250 0
124180 1
161029 0
284442 1
286712 0
129644 0
193266 0
178234 0
113554 0
117945 0
143952 0
286722 0
019616 0
042420 0
064337 0
076662 0
176692 1
195220 0
171922 1
215009 0
232632 0
152011 1
171670 1
170293 0
133850 1
152346 1
007414 0
122460 1
247365 1
122461 0
193914 0
235384 0
246794 1
272301 0
201953 0
248167 1
029324 0
011435 0
176694 1
132755 0
034336 0
176690 1
176689 1
260621 0
278972 1
121223 0
140509 0
278967 1
001839 0
019766 1
234051 0
170187 0
188692 0
271878 0
133837 1
133799 1
141108 0
133833 1
266088 0
122485 1
189915 1
158121 0
190105 1
133787 2
036367 1
021376 0
241065 0
010179 1
190091 1
039349 0
036409 1
149297 0
036381 0
050193 1
259549 0
003786 0
127308 1
122487 1
016870 0
109543 0
070395 0
149681 0
233448 1
220403 0
035780 0
166772 1
080057 0
137634 0
166595 1
167879 0
233403 1
166773 1
262597 0
224915 0
012260 0
191599 1
272983 0
127322 0
180055 0
128992 0
085205 1
122464 1
046422 0
111239 0
004118 0
233380 0
167880 0
071479 0
127355 0
151919 1
174990 1
002068 0
212211 1
217910 0
199289 0
180048 1
233389 0
174954 1
179767 1
119018 0
038315 0
216531 0
025715 0
111075 0
129006 0
170239 0
111250 0
255433 0
001498 1
262401 0
180002 1
127376 0
179780 1
186730 1
186729 0
151575 0
028205 0
241505 0
254489 0
155580 0
194537 0
048249 0
232212 1
123202 0
286726 0
150685 0
258967 0
242013 0
164575 0
183965 0
032949 0
240105 0
126728 0
232246 1
157605 0
230778 1
109286 0
049233 0
156760 1
145480 1
054462 1
054298 1
238843 0
155853 1
099966 0
145483 1
023625 0
063956 0
183742 0
191096 0
013741 0
111312 0
145486 1
109293 0
233913 0
280589 1
137919 0
026347 0
008544 0
245019 0
135104 0
272723 0
241767 1
092814 0
140772 0
091666 0
115528 0
183723 0
129785 1
257969 0
027696 0
039842 0
007779 0
141112 0
276413 0
151252 0
009740 0
178149 0
281950 0
205950 0
196801 0
107984 0
077261 0
242113 0
056270 0
241950 0
001237 1
285426 0
139844 0
230507 0
018848 0
132030 1
132483 1
132496 1
183722 0
202264 0
259022 0
009288 1
232805 0
031426 0
009049 0
240452 1
133362 0
000618 1
236420 0
121774 0
071412 0
060320 0
159599 0
175975 0
151152 1
019365 0
039508 0
191496 1
151172 1
151166 1
191540 1
226345 0
191515 1
284639 0
004882 0
253941 0
285177 0
124007 1
109299 0
151186 1
104652 0
254408 1
193580 0
121775 1
157503 1
011993 0
179877 0
253246 1
253078 1
253245 1
255046 1
130370 0
104585 0
042653 0
183932 0
131171 0
157504 1
068140 0
128894 0
157495 1
118346 1
185799 0
157505 1
118434 0
208996 0
157496 1
004365 0
157433 1
157341 1
168656 1
133523 0
120767 0
289220 0
286727 0
008511 1
168597 1
168657 1
202760 0
168598 1
211276 1
239854 0
006776 0
154114 0
061100 0
238231 0
211278 1
163805 1
126350 0
211329 0
018248 0
154147 0
179515 0
242286 0
158838 0
189892 0
232121 0
092559 0
029341 0
146996 1
151085 0
182326 0
113629 0
199027 0
103568 0
156155 1
059072 0
156170 1
081359 1
015323 0
081336 1
185798 0
228064 0
156171 1
198573 0
148120 0
013185 0
179471 0
033773 1
118497 0
010527 0
016900 0
243655 1
233511 0
186062 0
103362 0
172739 0
010837 1
031047 0
002444 1
124551 0
081146 1
152452 0
238953 0
153547 1
258699 0
038219 0
281292 0
279734 0
047544 0
070304 1
172269 0
143649 1
260781 0
185659 0
103477 1
140409 0
107959 0
032661 0
129003 0
157088 0
262430 0
159219 0
243645 0
210933 1
141905 0
152974 1
210936 1
129645 0
125147 1
262601 0
060297 0
070203 0
012296 1
146492 0
231435 0
025526 0
182347 0
197066 1
128730 0
110904 0
197067 1
145705 0
010918 0
001908 0
121587 0
067709 0
197303 1
255310 0
286638 0
258407 0
000985 0
014213 0
290009 0
260208 0
281977 0
104714 0
146415 0
159024 0
089167 1
082468 1
120931 0
103376 0
115243 0
004636 1
139776 1
071557 0
150008 0
093371 0
139845 1
126272 1
270814 0
124547 0
169611 0
279479 0
089148 1
271871 0
028445 0
000947 0
080051 0
139550 0
185904 0
003605 0
089168 1
185320 1
208750 0
228044 0
185243 1
148024 0
137213 1
124673 0
024025 0
116919 0
089674 1
169883 1
089955 1
006027 0
138897 1
138847 1
149980 0
157641 0
258960 0
177201 0
235813 0
278360 0
168319 0
002566 1
175288 0
276527 0
131951 0
238984 0
127495 0
190564 1
191172 0
149770 0
276015 0
152111 1
157783 0
046420 0
032957 0
153042 0
145011 0
138788 1
111149 0
138858 1
006568 1
052879 0
204446 0
152106 1
267170 0
157683 0
012873 0
091206 0
139621 0
194995 0
018774 1
098563 0
148003 0
130961 1
180198 0
194951 0
181021 0
240191 0
185797 0
242279 0
233979 0
090381 0
187912 0
273067 0
170471 0
147375 0
144197 0
079964 0
118602 0
288654 0
115606 0
027184 0
259451 0
141425 0
164880 0
253275 0
010330 0
130249 0
019392 0
130929 1
171862 1
076819 0
051113 0
127911 1
127884 1
202084 0
045558 0
204482 0
108567 0
199615 1
151864 1
008643 0
011964 0
199631 1
015550 0
019590 1
196107 0
191399 0
093945 0
149357 0
193285 0
144063 0
222793 0
262751 0
012117 0
239094 0
249773 0
272059 0
141034 0
155324 0
193844 0
007767 0
170317 0
186680 0
129028 1
279246 0
237798 0
159233 0
262837 0
182045 0
014061 0
037741 0
020301 0
120196 0
000582 0
064343 0
255045 0
190294 0
190702 0
126343 0
016704 0
113364 0
159027 0
129032 2
220257 0
125013 1
141033 0
025781 0
025862 0
076304 0
018123 1
129027 1
093936 0
087369 0
195283 0
133517 1
190952 0
161851 0
222990 0
124965 1
136327 0
133573 0
152342 0
133731 0
002611 1
108142 0
161843 0
280750 0
092220 0
258726 0
045308 0
074828 1
254407 0
071410 0
224242 0
009081 0
200645 0
199699 0
016646 0
290045 0
187215 0
118164 0
175791 0
012102 0
288774 0
138582 0
029147 0
110412 1
167079 0
152863 1
172908 1
196199 0
223030 0
034339 0
210422 1
010289 0
074574 1
118969 1
191140 0
255314 0
152864 1
227568 0
172844 1
124706 1
172841 1
252518 0
167931 0
188649 0
004740 1
189698 0
185661 1
242307 0
178024 0
164471 0
119003 1
117687 0
117008 0
094049 0
111805 1
178239 0
192571 0
012372 0
124660 1
176414 0
128593 0
169377 0
159030 0
030525 0
203537 0
236212 1
167929 0
070851 0
039019 0
005497 0
154441 0
179984 0
108469 0
195601 0
050824 1
100075 0
195344 0
260868 0
247293 0
190479 0
158920 0
185665 0
001895 0
155208 1
236195 1
038215 0
176788 0
155207 2
157060 1
163472 0
119969 0
064188 0
033747 1
265448 0
203160 0
154896 0
098424 0
182785 0
177871 1
155264 2
151550 0
091158 0
157062 1
111417 0
007363 0
265225 0
214078 0
154841 1
012707 1
034453 0
281195 0
031531 0
000165 0
158111 0
090275 0
198267 1
084937 0
050801 1
094124 0
131581 0
198274 1
145822 0
187956 0
042641 0
124916 0
163689 1
158625 0
014944 0
029969 0
171991 1
163701 1
033315 0
014230 0
167930 0
085164 0
137898 0
039801 0
172094 1
268246 0
115276 0
167038 0
101370 0
001068 0
286795 0
284616 0
224511 0
207029 0
008502 1
076074 0
211535 0
100831 0
225211 0
049376 0
049314 0
124690 1
133667 0
239803 0
222081 0
264960 1
170472 0
034358 0
009465 0
159624 0
118124 0
071531 0
116183 0
034324 0
152987 0
107879 1
289221 0
288113 0
104658 0
113824 0
193209 1
138120 0
144000 0
164905 0
085571 1
051691 1
101153 0
148059 0
268247 0
030535 0
155837 0
000430 0
154405 0
119210 0
288711 0
193210 1
161349 0
242941 0
064451 0
118127 0
193212 1
093318 0
004755 0
201711 0
115905 0
162100 0
238361 0
195885 0
007186 0
256895 0
029146 0
124776 0
031076 0
190720 0
190292 0
200292 0
061173 0
123224 0
012822 0
239754 0
042779 0
015035 0
181600 0
181902 0
150379 0
173188 0
069263 0
068618 0
039225 1
157653 0
143630 0
120078 0
077360 0
180468 0
158739 0
039230 1
131992 0
017737 0
128216 0
201488 0
040850 1
192627 0
257991 0
076530 0
040826 1
177602 1
190302 0
013084 0
239928 0
138145 0
177601 1
060507 0
196311 0
266242 0
110706 0
273700 0
195494 0
158137 0
033458 0
034583 0
039228 1
228813 0
257964 1
257953 1
139219 0
070232 0
019121 0
157606 0
287003 0
016354 0
099588 0
109804 1
180084 0
040064 0
021953 0
152988 0
259115 1
199264 0
191652 0
230598 1
230594 0
067650 0
261898 0
034151 0
104730 0
167039 0
167560 0
195257 0
013094 0
117018 0
014770 0
133664 0
010877 0
185847 0
111082 0
145669 0
091596 0
259135 1
061637 0
152336 0
140886 0
095665 0
108349 0
257378 1
259139 1
147353 0
286816 0
259162 1
098556 0
115840 0
257447 1
266403 0
259175 1
130873 0
115047 0
117621 0
145604 0
023202 0
092489 0
168322 0
259180 1
260047 1
058602 0
138199 0
042054 0
272604 0
012492 0
237676 0
265146 0
074625 0
257978 0
273948 0
013005 0
231373 0
076397 0
286837 0
122866 0
017728 0
184132 0
119359 0
119027 0
251732 0
202161 0
108630 0
102436 0
064461 0
267623 0
139778 0
067764 0
175923 0
242943 0
113506 0
132550 0
071617 0
201967 0
115053 0
103405 0
083975 0
064849 0
138331 0
158282 0
186788 0
110347 0
178270 1
048293 1
125901 0
249577 0
158366 0
063267 0
002965 1
224035 0
067289 0
059172 0
222553 0
134133 1
256531 0
119963 0
048321 1
169914 0
183228 0
012352 0
162614 0
091332 0
226696 0
235120 0
030205 0
113681 0
166977 0
167299 1
151764 0
167206 0
166787 0
232634 0
189891 0
201514 0
042676 0
241972 0
171852 0
018134 0
038967 0
069656 0
201453 0
267866 0
013097 0
128296 0
239093 0
160345 0
126426 0
173158 0
198422 0
044557 0
133675 0
090041 0
146238 0
209875 0
249127 0
182675 0
256300 1
059613 0
030553 0
079078 0
043621 0
131650 0
198893 0
139137 1
070853 0
282640 0
139139 1
121927 0
195966 0
284000 0
071446 0
043436 0
243163 0
157399 0
053306 1
041858 0
166978 0
112698 0
014760 0
179757 0
223819 0
156307 1
184865 0
002961 0
149307 0
156332 1
149724 0
265208 0
143902 0
160390 0
191974 0
120077 0
156518 1
127126 1
083571 0
100877 0
126962 1
012037 0
149874 0
186072 0
162862 0
130209 0
196264 0
289672 0
155593 1
104024 0
155548 1
041792 0
025628 0
062732 0
002301 0
064351 0
185689 0
155322 1
115523 0
268769 0
276877 0
019633 0
148499 0
060401 0
109524 0
080186 0
155230 1
157607 0
241979 0
086961 0
130492 0
111003 0
289920 0
155219 1
100189 0
116330 0
155224 1
155216 1
108032 0
087701 1
254820 0
268426 0
190831 0
122100 0
109619 0
167932 0
254539 0
051254 0
230774 0
157387 0
218560 0
140512 0
283779 0
169502 0
193550 1
109577 0
009934 0
271934 1
065591 0
094031 0
142372 0
216596 0
127606 0
271963 1
157665 0
010760 0
197995 0
136652 0
193599 1
080215 0
023607 0
225213 0
027643 0
226390 0
242207 0
000568 0
003427 0
193566 1
193562 1
104583 0
140623 0
143031 0
193558 1
017268 0
278794 1
186264 0
284621 0
149298 0
130207 0
186073 0
230007 1
087381 0
285246 0
048912 0
159501 1
163020 0
224200 0
144616 0
119209 0
140902 0
235622 1
115970 0
088622 1
226196 0
082079 0
023741 0
278742 1
104790 0
235651 1
014013 0
235655 1
235678 1
199430 0
235965 1
244951 0
224004 0
181171 0
131615 0
113973 0
240768 1
214214 0
233466 0
191180 0
086670 0
238808 0
232683 0
000917 0
257862 0
182407 0
109407 0
011957 0
240045 0
083320 0
225217 0
128590 0
121470 0
184590 0
122960 0
151527 1
091157 0
151504 1
221951 0
186834 0
108836 0
274526 0
137896 0
252840 0
196030 0
278263 0
119970 0
223106 0
196206 0
198436 1
163510 0
163019 0
193561 0
199048 1
146328 0
185126 0
167859 0
152837 1
235649 0
138992 0
257850 0
221956 0
152821 1
287999 1
157597 1
109798 0
091240 0
109120 0
108839 0
143788 0
017454 0
116717 0
157595 1
153828 0
129110 0
177858 0
121466 0
288019 1
003753 0
085249 0
275954 0
197477 0
225632 0
227680 1
162549 0
009666 0
124693 0
197822 0
038339 0
262538 0
155778 1
144034 0
227794 1
007684 0
198469 1
163529 0
188707 0
071525 0
025854 0
158010 0
285388 0
107875 0
024258 0
289377 0
116353 0
188397 0
015566 0
275892 0
093254 0
139140 0
167080 0
235560 1
180389 0
171505 0
195001 0
194088 0
012919 1
133586 0
104698 0
266089 0
230561 0
193942 0
210289 0
191481 0
258596 1
258593 1
193557 0
230305 0
164550 0
180063 0
096417 0
164703 0
209817 0
258598 1
089784 0
258997 1
128658 0
145900 0
007873 0
051575 0
259019 1
258640 1
258678 1
145924 1
063848 0
150013 0
145216 0
185845 0
197348 0
182470 0
190899 0
028532 0
020300 0
186963 0
259018 1
227586 0
258996 1
235393 0
221905 0
089822 0
285276 0
133439 0
040370 0
258274 0
116280 0
070714 0
205983 0
190304 0
132172 1
019595 0
249400 0
239264 0
093081 0
255403 0
224518 0
181320 1
082966 0
252605 0
029398 0
233911 0
253540 0
208020 0
161859 1
001727 0
062147 0
269553 0
197144 1
274535 0
161857 1
007415 0
161783 0
197129 1
174672 0
150275 0
231390 0
233915 0
032376 0
128571 0
198235 0
194955 1
069392 1
180175 0
168779 0
102565 1
261241 0
069340 1
018493 0
223690 0
102513 1
110721 0
243950 0
148866 0
087350 0
194650 0
225192 0
033104 0
099333 0
244328 0
021307 0
143085 0
182216 0
186115 0
002359 0
114964 0
193555 0
159357 0
254043 0
138149 0
217868 0
162518 0
202707 1
256774 0
094085 0
159984 0
128006 0
121588 0
211021 0
151330 1
161550 0
089729 0
239409 0
121125 0
221952 0
038175 0
111281 0
266117 0
226705 0
141406 0
198622 0
163560 0
071620 0
278650 0
290051 0
289374 0
190201 0
281105 1
256780 0
281109 1
195673 0
252664 1
191385 0
009722 1
178432 1
252756 1
163163 1
163239 1
157840 0
163104 1
178431 1
163107 1
229332 0
256485 0
234970 0
222989 0
087744 1
141171 0
009778 0
122122 1
014285 0
200041 1
130508 0
144409 0
138924 0
290081 0
261645 0
200137 1
076252 0
197358 0
099846 0
252760 1
200471 0
213230 0
125710 0
155311 0
138894 0
290099 0
211948 0
200138 1
188067 0
136132 0
148808 0
132910 1
134023 0
077242 0
132938 1
177610 0
074592 0
034663 0
178269 0
096690 0
143882 0
271774 0
204830 0
150078 0
154901 0
162506 0
132952 1
156324 0
043433 0
255044 0
234962 0
132955 1
236460 0
161596 0
012872 0
195835 0
259610 0
121964 0
024307 0
141959 0
139049 0
232448 0
143564 0
131333 0
082305 0
266243 0
207243 0
196681 0
286514 1
262568 0
221602 0
014863 0
141149 0
265608 0
286502 1
129391 0
239272 0
096707 0
168996 0
225230 0
162496 0
042640 0
224181 0
064547 0
110081 0
234979 0
158550 0
008153 0
179725 0
280474 0
149277 0
024340 0
183142 0
042616 0
141261 0
195749 0
087330 1
039569 0
273102 0
126180 0
272048 0
044141 0
191572 1
181918 0
086917 1
191570 1
010958 0
191565 1
129283 0
087391 0
063411 0
124639 0
273476 0
035368 0
217656 0
028511 0
012813 0
087345 0
213226 0
235495 0
000653 0
166391 0
065465 0
265331 0
189321 0
027992 0
156999 0
169676 1
169760 1
122584 0
169761 1
104704 0
154115 0
018563 0
081664 0
087589 1
278347 0
256383 0
130535 0
034429 0
024339 0
258894 0
150110 1
034149 0
199207 0
150129 1
042713 0
138215 0
132555 0
288703 0
225210 0
228417 0
235964 0
170372 0
002385 0
113256 0
181022 0
157608 0
272756 0
134293 1
152597 1
156265 1
180220 0
152588 1
144959 0
226156 0
090585 0
018929 1
148263 0
067834 0
067670 0
026641 0
145655 0
134273 1
250897 0
145670 0
002321 0
193871 0
173653 0
278705 0
163887 0
198964 0
124001 0
079611 0
259837 0
146053 0
018414 0
230897 0
100856 0
287671 0
022499 0
042422 0
143000 0
101102 0
028786 0
155755 2
170932 0
155495 0
268952 0
184730 1
038576 0
061125 0
223722 0
152487 0
009020 0
155725 1
011128 0
027263 0
071201 0
084068 0
114950 0
095000 0
244760 0
212504 0
218020 0
197952 0
146123 1
097822 0
065335 0
246752 0
000472 0
236965 0
003504 0
224208 0
133086 0
017473 0
286865 0
003745 0
003721 0
031946 0
205714 0
218204 0
001298 0
155540 1
120724 0
176365 0
155539 1
001740 0
222423 0
213139 0
071701 0
283676 0
010397 0
035270 0
110459 0
266530 0
149988 0
023435 0
135245 0
146108 0
283711 0
151326 0
131119 0
200515 0
017427 0
290007 0
104619 0
185448 0
125411 0
142603 0
184739 0
193617 0
154794 0
240192 0
016560 0
157346 0
188143 0
270325 1
282633 0
169358 1
036827 0
156621 0
196441 0
192479 1
240108 0
274578 0
191341 0
196152 0
075243 0
115634 0
190568 0
180801 0
183224 0
019377 0
169359 1
042240 0
188739 0
193418 0
258875 0
158559 0
270334 1
270315 1
270040 0
047960 0
227801 0
085876 0
149986 0
262632 0
258444 0
125889 0
180180 0
080425 0
232135 0
206262 0
058793 1
128620 0
133241 0
139934 0
109836 0
199423 0
151635 0
095436 0
182265 0
155577 0
226775 0
192592 0
129674 0
201754 0
165406 0
156937 0
015815 0
117765 0
259125 1
188714 0
121278 0
261654 0
028927 0
288971 0
183676 0
003284 0
226189 0
083246 0
212904 0
195592 0
270333 0
199294 0
090031 0
087208 0
128834 0
199435 0
036152 0
152107 0
107776 0
281965 0
271713 0
195349 0
239510 0
177483 0
029399 0
111918 0
167545 0
033771 0
289971 0
016183 0
195083 0
112173 0
140606 0
001011 0
180530 1
028461 0
180445 0
045629 0
112668 0
131637 0
235375 0
093771 0
131897 0
180573 0
160304 0
195790 0
123911 0
002498 0
152096 0
012327 0
127485 0
166618 0
189405 0
050234 0
238799 0
108035 0
152074 0
167429 0
235621 0
142305 0
169503 0
180861 0
029482 0
095592 0
017437 0
135061 0
017196 0
069242 1
027454 0
185846 0
147992 0
069204 1
102415 1
137146 0
117966 0
029472 0
012184 0
141901 1
150005 1
136089 0
226543 0
102377 1
115386 0
070663 0
131676 0
140806 0
189919 0
233371 0
034512 0
088012 0
008250 0
168997 0
001452 0
094044 1
125033 0
142197 1
164713 0
250727 0
075297 0
079525 0
124964 0
098292 0
094058 1
068011 0
014876 0
259165 0
184714 0
288680 0
138445 0
100832 0
090640 0
034159 0
007556 0
272019 0
240233 0
195777 0
038994 0
169292 0
140732 0
267348 0
012251 0
139850 0
230316 0
180812 0
007861 0
262211 0
168959 0
254580 0
024835 0
239523 0
149290 0
017727 0
274661 0
193396 0
252638 0
191083 0
014931 0
278179 0
111254 0
133798 1
152743 0
063923 0
121480 0
180674 0
289073 0
202685 0
113975 0
169137 0
236957 0
004351 0
231591 0
208414 0
145277 0
235650 0
236329 0
043598 1
043606 0
024937 0
259010 0
248523 0
190895 0
112545 0
000733 0
181867 0
151638 0
205704 0
104874 0
168850 1
042207 0
028414 0
168683 1
134021 0
191834 0
178406 0
194535 0
258949 0
169052 0
180634 0
207952 0
199995 0
232059 0
082283 0
131430 0
285347 1
162950 0
148523 1
126697 0
161642 0
285247 0
153884 0
256324 0
211561 0
109012 0
124754 0
175716 0
193759 0
