088377 0
286395 2
286399 2
285887 2
285767 2
285768 2
285825 2
285815 2
285899 2
286386 2
286396 2
286400 2
286382 2
130439 0
005506 2
120088 2
120069 2
120068 2
120058 2
203620 0
005772 2
120387 2
005643 2
279973 0
093922 2
093953 2
093977 2
093928 2
094023 2
093930 2
090603 1
090592 1
088379 2
088383 2
088417 2
088415 2
088397 2
088407 2
088385 2
089355 1
089341 1
089330 1
088766 1
088750 1
010889 0
074993 2
075013 2
009419 1
121877 1
081504 1
007704 0
131687 2
147926 0
131709 1
093987 0
077611 2
096701 1
096698 1
077750 0
085625 0
075738 2
147168 1
097706 1
097747 1
097632 0
089356 0
080312 0
126596 1
072242 0
244767 0
244661 0
131213 0
111749 0
090100 2
090190 2
288803 0
100940 0
185897 0
185201 0
017960 0
009912 2
122256 2
090405 0
034684 0
273492 0
017346 0
095887 0
115383 1
287162 0
135034 0
147167 0
135139 0
046234 0
095877 0
105415 0
251742 0
197585 0
075101 0
142931 0
077733 0
114976 1
075680 0
048133 0
117973 0
223983 1
224168 1
138058 1
180663 1
004768 0
071308 0
095197 1
047488 0
058162 0
116727 1
116392 1
116349 1
115378 0
019394 0
040024 0
065177 0
121883 0
254384 0
275523 0
192708 0
184801 0
284386 0
135444 0
039804 0
185634 0
085647 0
069189 0
206271 0
013253 0
116033 0
086609 0
121897 0
107749 0
004790 0
096308 0
098568 1
098542 1
183443 0
053401 0
074805 0
094117 0
116196 0
088119 0
079568 0
121449 0
044497 0
244768 0
026875 0
272888 0
004691 0
040008 0
247680 0
142237 0
005075 0
116966 0
133674 0
220439 0
002046 0
052029 0
147412 0
115518 0
231238 0
218020 0
071086 0
255012 0
070428 0
248099 0
060962 0
077133 0
076602 0
126163 0
118899 0
137305 0
168375 0
050074 0
243747 1
064937 0
243744 2
067823 0
112513 0
098901 0
115515 0
211838 0
076777 0
276190 0
146041 0
142968 0
096005 0
021706 0
108724 0
150880 0
077598 0
212163 0
114877 0
066712 0
116287 0
137371 0
187606 0
065464 0
100939 0
164174 0
041564 0
052026 0
060960 0
225099 0
093894 0
094928 0
052463 0
071589 0
028674 0
217975 0
096621 0
100183 0
112560 0
211804 0
284253 0
273498 0
075132 0
135903 0
134512 0
008054 1
114974 0
043260 0
055369 0
095242 0
007607 0
077445 0
115344 0
189509 0
275205 0
023602 0
117386 0
114112 0
114878 0
004910 0
125006 0
009422 0
288798 0
050368 0
