286272 1
286284 1
286273 1
286285 1
007096 2
112891 1
076332 0
259908 2
259912 2
283431 0
261876 1
260139 1
260123 1
125938 2
014790 2
125937 2
186961 2
186956 2
177436 2
269835 1
271118 1
263037 0
178283 1
286158 0
173708 1
237814 1
285938 2
283890 0
280109 0
027498 1
254227 0
191743 1
191730 1
288012 2
191800 2
191846 2
288789 2
062515 2
097341 2
097347 2
286617 2
099178 2
099213 2
099347 2
026003 1
026004 1
019356 1
019347 2
278751 0
029151 1
028171 2
028172 2
195750 0
123257 2
123149 2
014728 2
126368 2
126369 2
274466 2
178930 1
288786 0
176435 0
257511 0
267034 1
267063 1
288788 0
058412 0
050400 1
050290 1
028881 1
053149 1
053147 1
050557 1
050487 1
029086 1
050515 1
050567 1
029429 1
054314 1
046800 1
046890 1
053689 1
025164 1
053210 1
029466 1
029463 1
053205 1
053972 1
054477 1
186942 1
053928 1
025623 1
039289 1
053469 1
053300 1
039287 1
085069 1
053211 1
053180 1
054303 1
048687 1
055051 1
004200 1
028284 0
054363 1
054399 0
059432 0
082067 1
053532 1
050595 1
053267 1
210687 0
050674 1
046386 1
050571 1
052689 0
283455 0
046391 1
054955 0
053316 0
008997 0
050586 1
057618 1
050579 1
129362 0
054229 0
024451 1
024431 1
053100 1
024468 1
053123 0
054888 0
052810 1
053292 1
088968 1
088863 1
015427 0
058832 0
052142 1
048739 0
023590 0
048921 0
053907 1
053779 1
054744 0
054113 1
054038 1
054556 1
054169 1
053708 1
054255 1
144131 1
144144 1
053213 1
178501 0
053208 1
042924 0
008592 1
077672 0
108174 0
092379 0
086767 1
086800 0
030119 0
035205 1
083557 0
053958 0
100975 1
110285 0
283512 0
050984 0
286124 1
286138 1
054262 1
036502 0
230911 2
125314 0
284274 0
165415 0
047185 1
047400 1
056786 1
057171 0
018053 0
083569 0
257518 0
071465 2
104638 2
079832 1
064251 0
272004 0
024911 0
120866 0
082889 1
259590 0
079313 0
077400 1
009658 2
077388 1
082922 1
009401 1
010479 2
057969 1
057972 1
284287 0
060879 1
054952 0
070348 2
103521 2
052306 0
182419 2
212001 2
064781 0
204350 0
279783 0
189150 1
068580 2
079492 0
099552 0
066403 0
170354 0
052862 1
052846 0
257562 0
272888 0
108274 0
025534 0
283631 0
066812 1
131268 0
000632 1
093068 0
204358 0
266636 0
196526 0
110286 0
051830 1
052338 0
000221 0
056968 0
124482 0
170355 0
044157 0
015131 0
052068 0
051048 0
234784 1
285959 0
234729 1
278756 0
220084 0
053901 0
157127 2
157160 0
124506 0
027570 0
284479 0
279780 2
029733 0
279836 0
260436 0
279841 0
164307 0
169115 0
256646 0
121514 0
051801 0
066409 0
279893 0
129353 0
093120 0
088160 0
233375 0
124794 0
052756 0
050996 1
035498 0
051312 1
051299 0
008526 1
206821 0
050542 1
005146 0
065390 0
177061 0
095140 0
079485 0
074955 0
036063 0
045138 1
044668 0
064252 0
051016 0
054048 0
165353 0
054055 0
148135 0
129352 0
053199 0
216287 0
070678 0
053312 0
074907 0
036646 0
188647 0
090433 0
067094 0
289754 1
177907 0
209083 0
080322 0
011507 0
061422 0
055781 0
152113 0
278225 0
042386 0
053075 0
259980 0
051617 0
059365 0
169116 0
117885 0
285996 0
196523 0
165715 0
278591 0
279906 0
101140 0
004127 0
026028 0
017448 1
001434 0
161126 0
092399 0
000545 0
066174 0
053085 0
110419 0
103851 0
191203 0
209097 0
279832 0
267321 0
047008 0
004955 0
220152 0
040656 0
286131 0
124493 0
220175 0
129081 0
053190 1
251442 0
224282 0
086310 0
067145 0
288787 0
139127 0
268071 0
004861 0
196490 0
138552 0
178424 1
279708 0
189967 0
287065 0
026832 1
085338 0
026825 0
075907 0
023574 0
027006 0
065641 0
260026 0
100917 0
111311 0
280146 0
009628 0
282704 0
023532 0
230910 0
236311 0
114499 0
287687 0
079010 0
056009 0
026991 0
039833 0
110100 1
048245 0
111402 0
040795 0
088496 1
054110 0
050462 0
158989 0
041693 1
108343 0
190455 0
117016 0
098314 0
169072 0
158574 0
003228 0
024914 0
117797 0
108687 0
035435 0
224970 0
094986 1
285647 0
200733 0
003416 0
012799 0
094756 0
065993 0
049570 0
176224 0
056870 0
164305 0
278142 1
140283 0
094910 0
