256945 0
230335 2
230340 2
230428 2
230355 1
230426 2
206291 1
206280 1
193018 0
206269 2
230364 2
230363 2
223497 2
196063 2
231924 0
258140 1
204674 2
204476 2
230344 1
230337 2
264311 1
275039 0
198025 1
198244 1
193241 2
243031 1
258353 1
192655 2
192663 2
192675 2
192677 2
192678 2
237009 1
184158 2
184192 2
273940 1
235789 1
229488 1
194742 1
194745 1
253810 1
274541 1
192945 1
253813 1
254519 1
256116 1
254610 1
275171 1
277428 1
237403 1
234111 1
190852 1
275049 1
225764 1
263989 1
234068 2
225781 1
280219 1
276653 1
234066 1
234114 1
275053 1
273448 1
275057 1
275060 1
275022 1
182488 2
244319 1
227723 1
225396 1
225455 1
200051 1
225391 1
244416 1
201220 1
244305 1
170618 2
253648 1
279053 1
269307 1
202248 2
244397 1
232476 1
244399 1
273216 1
234849 1
176308 2
279055 1
158185 2
221180 1
157915 2
234835 1
234820 1
012750 2
257589 1
267334 1
018787 1
226749 1
234744 1
202805 2
274684 1
152397 2
268961 1
192394 1
235141 1
184530 2
267160 1
192572 1
274755 1
191185 2
279002 1
153792 1
286424 1
276458 2
286427 1
158186 2
231898 1
228971 1
284974 1
197763 1
211234 1
256582 1
234736 1
184556 2
198024 1
152394 2
234413 1
284985 1
160331 2
230065 2
253072 1
190644 2
191890 1
254994 1
258195 1
159852 2
184555 2
255674 1
184588 2
210727 1
279064 1
184518 2
164146 0
213213 1
241490 1
259841 1
236111 1
257974 1
256043 1
257973 1
285304 1
255652 1
221402 1
171519 1
018698 1
259015 1
259514 1
267933 1
274670 1
210361 1
274764 1
287546 1
256447 2
199042 1
287774 1
199044 1
199096 1
198889 1
162819 2
187255 2
199069 1
285320 1
229438 1
274719 1
243640 1
243634 1
164091 1
267238 1
179398 1
244910 1
199068 1
154482 1
154490 1
267401 1
278512 1
155031 2
162882 2
010786 2
162876 2
274365 1
154957 2
154881 0
276906 1
154775 1
229631 2
240271 1
154568 1
163471 0
196081 1
274779 1
187259 2
154786 1
154591 1
239343 1
279422 1
002815 1
216295 1
268031 1
282846 1
276658 1
002622 2
082641 1
284330 1
282864 1
127117 2
257108 1
127264 1
282847 1
221656 1
158714 1
256932 1
274680 1
274658 1
127279 2
158606 1
221637 1
254248 1
192558 1
165387 1
274562 2
257361 1
173650 1
271679 1
256880 1
269168 1
257094 1
256970 1
257038 1
221581 1
256890 2
257138 1
256888 2
278243 1
220748 1
138290 1
257402 1
257390 1
222055 1
274662 1
274640 0
138253 1
285653 1
154958 1
156647 2
156642 1
071106 1
104279 1
156124 2
116046 0
221429 1
197039 1
222521 1
257443 1
256892 2
151313 1
071104 1
257499 1
151310 1
257503 1
257302 1
257307 1
104277 1
154427 1
256931 2
219675 1
256965 2
154898 1
155576 1
151545 2
149142 1
257415 1
152398 2
163129 2
272303 1
279771 1
163126 2
221887 1
173202 2
197756 1
197214 1
129926 0
153710 1
173207 2
201533 0
255411 1
148555 0
219727 0
156693 2
153712 1
157679 1
154734 0
278702 1
196066 0
270939 1
240284 1
274786 1
173330 2
197205 1
274797 1
275061 1
275135 1
275400 1
162056 2
278785 1
275062 1
158948 2
275000 1
244873 2
233991 0
257370 1
153556 1
152276 1
275163 1
153571 1
275414 1
274678 1
079258 1
173213 2
274996 1
277173 1
270986 1
153558 1
153535 1
244964 1
275403 1
270958 1
274685 1
275074 1
274626 1
274997 1
274772 1
275076 1
270993 1
137220 2
256889 2
277175 1
079259 1
173331 2
117133 1
274836 1
275079 1
201672 2
244972 1
173216 2
075049 0
274838 1
275857 1
274998 1
275001 1
274815 1
117120 1
244971 1
275486 1
270987 1
276843 1
271313 1
155167 0
270967 1
244973 1
269894 1
275416 1
275402 1
276861 1
244974 1
153085 2
257110 1
274632 1
275395 1
274620 1
257313 1
156351 1
274783 1
247029 1
284161 1
274820 1
015890 1
247385 1
274716 1
157893 2
275413 1
274625 1
139392 1
276864 1
275260 1
275078 1
274777 1
257166 1
274778 1
275125 1
274962 1
275038 1
137821 1
257324 1
201691 2
275275 1
137861 1
276971 1
139475 2
137833 1
277000 1
137856 1
242333 2
275415 1
153052 1
204806 1
275396 1
172953 2
242337 1
247415 1
137374 1
137364 1
138385 1
205411 1
172954 2
256940 2
274736 1
150202 1
274713 1
274711 1
275399 1
274635 1
275137 1
153968 2
247028 1
137316 1
275178 1
016635 1
274703 1
274841 1
274706 1
138763 0
151544 1
137288 2
278547 1
274746 1
010931 0
137293 1
210492 1
277003 1
151318 1
278615 1
151306 1
275002 1
274762 1
274768 1
000106 1
274757 1
172929 2
161388 1
276849 1
267629 1
247384 1
275212 0
274712 1
276744 1
151305 1
276844 1
016029 1
154788 2
274742 1
150125 1
195894 1
154789 2
277004 1
278606 1
161146 1
150117 1
154771 1
257374 1
274724 1
161176 1
163762 1
161303 1
274744 1
172878 1
274627 1
138236 2
274733 1
148992 1
279051 1
275071 2
173411 0
138237 1
275081 2
278621 1
271059 1
274737 1
138292 0
274740 1
154824 1
201954 2
271054 1
153458 0
257161 1
274709 1
257365 2
202656 1
176466 1
148787 1
278569 1
276808 1
279059 1
279065 1
274674 1
274701 1
276700 1
274570 1
274830 1
148772 2
274871 1
257134 1
154826 1
257420 1
157887 1
257438 1
276664 1
275068 1
257393 1
256987 2
275033 1
153978 1
189917 1
276668 1
256867 1
257426 1
221981 1
257937 1
165833 1
257117 1
014352 1
274566 1
165837 1
275121 1
257234 2
141561 2
276678 1
154429 1
173248 2
274579 1
276731 1
257172 2
165398 1
276677 1
275401 1
165747 1
275069 1
257320 1
161847 1
276659 1
274600 0
147163 0
270948 1
274595 1
153738 1
274749 1
276748 0
169647 1
270935 1
165716 1
274754 0
270889 1
266772 1
257237 1
173257 2
165743 1
274873 1
275032 1
275398 1
270981 1
276716 1
281038 1
276732 1
266768 1
275030 0
257321 1
257158 0
165875 1
270881 1
270979 1
004428 0
166056 1
275659 1
266069 1
161356 1
275664 1
274739 1
173326 2
198157 1
173386 1
274741 1
270953 1
173329 2
173314 2
276715 1
173318 2
276733 1
198455 1
266443 1
270994 1
268611 1
266362 1
274732 1
271044 1
266072 1
276357 1
198101 1
265282 1
198115 1
275026 2
274573 1
274617 1
275350 1
198118 1
269074 1
276359 1
158036 1
197992 1
197993 1
265245 1
198415 1
269048 1
276338 1
257135 1
265224 1
273426 1
276749 1
256993 1
265315 1
161192 0
265329 1
276380 1
173381 1
268780 1
160817 0
269614 1
275031 0
190778 1
274624 1
237420 1
276566 1
190808 1
232463 2
237419 1
154131 1
274568 1
002315 1
173408 1
278532 1
269611 1
269246 1
190827 1
268663 1
077143 1
276593 1
274601 1
237435 1
268674 1
173686 1
269602 1
253389 0
176421 1
274636 1
201070 1
278538 1
276648 1
275349 1
268944 1
267124 1
257168 1
268678 1
271036 1
154126 2
173898 1
269036 1
141958 0
271032 1
275280 1
257167 2
275472 1
269020 1
275151 1
267989 1
276339 1
268954 1
224069 1
269465 1
283188 1
268960 1
275509 1
237434 1
276358 1
273451 1
266784 1
176408 1
275430 1
274760 1
269547 1
133162 1
274667 1
276360 1
275594 1
273221 1
275283 1
175742 0
176220 1
276381 1
274720 1
276567 1
273961 1
275292 1
276728 1
264989 1
201148 1
276992 1
256893 1
176221 1
268762 1
274727 1
274633 1
012978 0
273936 1
278540 1
274016 1
276727 1
025714 1
201059 1
190777 1
276996 1
159003 1
201142 1
257140 1
160962 1
168132 0
274734 1
190386 2
273262 1
221847 1
163455 1
025296 1
257920 1
276729 1
271304 1
225454 1
273246 1
177565 1
276379 1
247387 1
275070 1
247346 1
275080 1
177571 1
034166 0
225395 1
274585 1
226723 0
245033 1
274639 1
154790 2
187276 1
271374 1
201060 0
271601 1
270892 0
025713 0
154802 2
222898 0
177920 1
177971 1
271110 1
277968 1
178083 1
153463 0
275485 1
247309 1
225787 1
253699 1
253793 1
278383 1
283475 0
276842 1
160865 1
278386 1
274602 1
196879 0
177885 0
275006 1
271322 1
275738 1
018867 0
253822 1
275491 1
253853 1
085621 1
168383 0
254373 1
159004 1
173389 2
085631 1
254379 1
194719 1
225780 1
194727 1
278559 1
173315 2
254381 1
254383 1
173397 2
254391 1
274775 1
224392 1
274747 1
253086 0
197244 1
276848 1
274605 0
274748 1
275805 1
273903 1
273250 1
278550 1
238482 2
224160 1
274807 1
274801 1
278551 1
274805 1
154764 1
158332 0
256982 1
223961 1
156492 1
278684 1
154811 1
154749 2
273888 0
264027 1
277283 0
173042 1
008754 2
162338 2
013205 0
094328 1
276742 1
276002 0
004144 1
176426 1
118253 1
156493 1
229348 1
161263 0
156486 1
278844 0
264409 0
007147 1
176222 2
100648 1
093474 0
260380 1
276738 1
099631 0
154902 1
176731 1
176735 1
223899 0
179117 0
260364 1
221903 1
278641 0
278800 0
176733 1
176695 1
000328 0
082639 0
176693 1
173296 1
182637 1
276736 1
182631 1
173561 1
001552 1
250460 2
176738 2
173588 0
257678 1
270775 1
169185 0
257672 2
254378 0
164369 1
172767 2
047410 0
257133 0
173205 1
277974 1
148545 0
119489 0
150878 1
154835 0
174422 1
019032 1
174407 1
276565 1
173412 2
172779 1
278616 1
257502 1
115973 1
264799 1
275521 1
096663 0
273305 1
260642 0
173415 2
264858 1
002081 0
057616 0
278640 1
253129 0
287543 0
173200 2
264860 0
132816 1
164291 2
053844 0
174423 1
154813 0
278629 0
286423 1
132716 1
274574 1
174734 1
132796 1
272169 2
275365 1
286643 1
286426 1
272128 2
272129 1
174697 1
174625 0
273214 1
272001 2
275363 1
173805 1
015744 1
192994 0
264990 0
257218 1
174863 1
132795 1
132873 1
132868 1
132834 1
064332 1
278548 1
286714 1
286782 1
286809 1
257207 2
238226 0
276651 1
272403 1
174874 1
201150 0
276778 1
283491 0
276767 1
174650 0
256886 2
270802 1
276782 1
270801 1
272193 1
261022 0
147090 0
271077 1
276689 1
252220 0
270798 1
160616 2
272190 1
278184 0
276757 0
264770 0
173308 2
194510 0
271406 1
285989 1
257121 1
271508 1
188101 2
178648 1
173400 2
285953 1
047152 0
178763 1
160610 2
178769 1
178787 1
255347 0
154671 1
154672 0
271301 1
257498 0
281936 1
011698 0
173327 2
160787 0
136199 1
226748 0
052775 1
150088 1
276801 1
007158 2
257127 1
171566 1
052637 1
271015 1
052751 0
270992 1
173409 2
271530 0
260050 0
260633 0
221693 0
276725 1
277318 0
074738 0
162356 1
171555 1
162351 1
275059 1
276667 1
162906 0
137311 0
286808 1
253085 0
270058 0
272508 0
275543 1
174628 0
201578 0
253812 1
257157 1
257145 1
157176 1
141878 0
275056 1
116876 0
276723 1
013218 0
063605 0
276950 0
157181 1
275586 0
286781 1
275048 1
270957 1
275583 1
154518 2
154506 0
140539 0
275581 1
154517 2
250845 0
275249 0
211766 1
276726 1
138325 0
275052 1
279054 0
276724 1
280206 0
276741 1
201071 0
119892 1
223479 1
181058 0
271391 1
271065 1
067739 0
251938 0
041905 1
268176 1
049168 1
219524 0
173347 2
049176 1
117122 0
271509 1
257377 0
005462 0
219643 1
168532 1
276649 1
162825 0
101407 1
211580 1
230626 1
230616 1
168501 2
228168 0
156494 0
211767 1
181240 0
274592 1
219622 1
168502 2
275366 1
168489 1
114233 0
097090 0
243639 0
275422 1
173334 1
221755 1
091768 1
211005 0
026187 0
238381 0
091878 1
229334 0
201580 0
173307 2
173388 1
173398 2
202961 0
239866 0
136149 0
142258 0
061214 1
281456 0
047057 0
154809 1
271999 0
004884 0
275884 1
262792 0
154763 1
154843 1
156843 0
014603 1
028877 0
154173 1
263191 1
087281 1
263187 1
126152 1
154836 1
275676 1
271106 1
004324 0
275397 0
154845 1
274854 0
087259 0
276939 1
276945 1
271073 1
061176 1
267885 0
277786 0
154068 1
270954 1
153988 0
061169 1
278798 1
278734 1
193077 0
005411 1
277517 1
277516 1
154798 0
097100 1
257174 0
097112 1
016720 1
270977 1
139406 0
173190 0
253516 0
187232 1
154823 1
192463 0
214390 1
112792 1
271116 1
047262 0
271076 1
154633 1
276891 0
154632 1
117104 0
228611 0
015215 0
192428 0
094331 0
274609 1
274607 0
255673 0
153075 0
256927 1
154067 1
271124 1
010106 0
094851 0
138605 0
153969 1
262802 0
263418 0
229064 0
280023 0
257805 1
097602 0
276917 1
257455 1
257800 1
276006 0
257454 1
278917 1
277212 1
163056 0
277228 1
165395 0
158330 0
253444 0
277211 1
257139 1
280025 1
277359 0
187815 2
154481 1
277227 1
257023 1
250875 0
053248 0
007440 0
263113 0
054071 0
172888 0
280043 1
280084 1
187805 1
278915 0
187237 0
257122 1
257128 1
100091 0
256558 0
270951 1
282013 1
274366 1
282011 0
173335 1
264624 0
274020 1
172896 2
006633 0
278809 0
154489 0
142066 0
276997 1
226869 0
154793 0
175361 1
130159 0
138289 0
012969 0
276989 1
101298 1
271591 1
277209 1
083336 0
193971 0
030131 0
173384 0
097554 0
276776 0
175623 0
276822 1
283447 1
048718 2
280041 0
274014 1
276642 1
148724 0
086230 1
154574 1
107772 1
154522 1
086148 0
283476 1
201147 0
154524 0
054335 0
130303 0
201143 0
154575 1
010552 1
107759 1
149983 1
063595 0
057706 0
277265 1
276660 1
087144 0
173362 0
276825 1
087129 0
043658 0
283448 1
199842 0
255259 0
133857 1
040008 0
123072 0
260615 0
254380 0
283477 1
092064 0
160789 0
278637 1
278632 1
276701 0
162815 1
280079 1
010142 0
002819 1
005083 0
277067 1
277063 1
181744 1
158453 1
234026 0
087283 1
275362 1
175605 0
270549 0
168888 1
257181 0
277835 0
119254 1
117290 1
175629 0
154503 0
259444 0
146893 1
194602 1
256042 0
173387 2
117377 0
223665 1
173275 1
194590 0
141975 1
137300 0
117478 0
173413 2
139992 0
254372 0
265147 0
142075 0
082015 0
154756 1
277074 0
251323 0
173390 2
277051 1
280080 0
163111 0
206973 0
276965 1
008971 0
196065 1
267161 0
224023 1
119192 0
153125 0
238299 0
224172 1
234716 0
194563 0
173253 1
224061 1
277226 1
277310 0
277210 1
188439 0
154831 1
004366 0
154516 0
164138 0
170538 2
154834 0
014907 1
251331 0
278561 1
276672 1
140626 0
276673 0
047623 0
278611 1
154504 0
170523 2
193706 1
119482 0
203135 0
257401 1
009675 1
263900 0
082089 0
272574 0
224300 0
122090 1
201531 1
238372 0
145551 0
154130 0
234419 0
196459 1
265152 0
280082 0
001232 0
219610 0
273133 0
237595 0
128671 1
271053 1
271058 1
172886 2
276679 0
219199 0
091763 0
092046 0
172912 2
253084 0
192924 1
276663 1
068716 0
278916 1
280024 1
043746 0
003817 0
254390 0
128527 1
007457 0
192940 1
280042 0
280083 0
167223 0
193002 1
047698 0
192917 1
269428 0
276863 1
192920 1
193016 1
137302 1
128670 0
192915 1
059492 0
101056 0
240628 0
028946 1
141362 0
058336 0
158321 2
271540 0
187244 0
278847 0
276860 1
187994 1
193659 0
014208 1
046768 0
015398 0
277900 1
277919 1
013783 0
188001 0
284666 0
268139 1
117124 0
000376 0
268685 1
239370 0
017340 0
113986 0
268440 0
129556 0
276596 0
192948 1
150255 0
274604 0
141319 0
153725 1
244169 0
125818 1
134341 0
185504 0
279031 1
114191 0
276158 0
276927 1
259194 0
006983 0
199440 0
092982 0
187995 1
158934 0
168289 0
187667 1
153749 1
005545 0
189044 1
054320 0
154787 0
160785 0
260981 0
120124 0
114018 0
114545 0
279304 0
254382 0
028636 1
255922 0
111175 0
265153 0
181248 0
138624 1
047953 0
279770 1
278084 0
138735 0
259437 0
149335 0
028621 1
189058 1
278584 1
215419 0
058756 0
256938 2
140008 0
126226 1
083958 0
055131 0
278603 1
074760 0
117114 0
242008 0
048009 0
281462 0
162782 1
165820 1
158560 1
158551 0
280542 0
229810 0
024782 0
189471 0
275034 0
018043 0
271627 1
114650 1
154454 0
126217 0
279471 0
113812 0
162860 1
162856 1
118605 0
048488 0
267886 0
276762 1
192578 0
276713 1
047229 0
007304 0
193349 0
185700 0
253753 0
253517 0
205743 0
285750 1
152236 0
274256 0
005079 0
276735 1
273387 1
219286 1
201149 0
142249 0
277008 1
153648 0
057095 0
289398 1
289397 0
219293 1
126341 1
152247 0
162834 0
123348 1
227908 0
224709 0
280693 0
126358 0
240547 0
278379 0
178869 0
201579 0
278839 1
154655 1
265593 0
257087 0
228623 0
080414 0
047381 0
028911 1
136176 0
027124 0
176386 0
252475 0
277030 1
233545 0
096723 0
256411 0
278790 0
047359 0
272460 0
154538 1
276926 1
148961 0
256415 0
154656 0
269253 0
152846 1
141321 0
061057 0
140492 0
162905 0
053073 0
019021 1
128198 0
153573 0
278822 0
278801 0
154842 0
136877 0
047235 0
138745 0
243812 0
225610 0
277688 0
153126 0
154569 0
101282 0
280543 0
092089 1
173420 1
278488 0
277679 0
068660 0
193948 0
223948 0
158450 0
137365 1
190080 0
278851 1
275427 0
117901 0
226611 0
047416 0
286493 0
239064 0
141334 0
174651 0
278745 0
156262 0
276720 0
152230 0
063830 0
164134 0
233736 0
116794 1
245005 0
178286 0
208136 0
107993 0
277316 1
019315 0
278806 0
152037 0
153559 1
225752 1
232949 0
004695 0
137879 0
082088 0
277312 1
236368 0
225901 1
277326 0
266594 0
154141 0
100931 0
252221 0
272737 0
193258 0
166063 0
227183 0
272362 0
173299 1
173289 0
277131 1
158430 0
092141 0
277134 1
057064 0
261243 0
253520 0
190094 0
075003 0
271834 0
227734 0
006794 0
225946 1
066978 0
226069 1
265816 0
287717 0
053031 0
016093 0
195601 0
110203 0
023402 1
166330 0
056261 0
107854 1
090901 0
107906 1
119106 0
107905 1
226400 1
226475 1
015200 1
242018 0
225740 0
047712 0
252492 0
118924 0
227251 0
235523 0
175538 0
186070 0
276817 0
235519 0
281688 0
209438 0
239074 0
028878 0
219126 0
220816 0
016007 0
219705 0
006449 1
239252 0
229081 0
186113 0
240606 0
253522 0
274753 0
058551 1
130177 0
119455 0
188814 0
052664 0
158972 1
284924 0
226726 0
159062 0
057550 0
023325 0
159076 1
280677 0
119492 0
140573 0
229830 0
123889 0
157634 0
198100 0
226516 1
007152 0
124095 0
285761 0
263966 0
232399 0
277146 0
277781 0
242335 0
114937 0
201069 0
223701 1
271686 0
278810 0
050954 0
223714 0
226411 1
181228 0
001308 0
098156 0
225829 0
253386 0
276751 0
121829 0
139112 0
077421 1
051011 1
279347 0
019312 0
045271 0
280411 0
276739 1
275822 0
149346 0
156047 0
268309 0
276745 0
173937 0
147968 0
113316 0
259699 0
253852 0
071067 0
189472 0
226620 0
253792 0
047222 0
188961 1
278714 0
052368 0
188957 0
277924 0
223835 0
067747 0
050317 1
142186 0
010282 0
203132 0
231701 0
277350 0
276661 0
169652 0
012069 0
280039 0
138622 0
192671 0
101051 0
152231 0
121028 0
157532 0
265634 0
156516 0
259445 0
057277 0
264859 0
166338 0
083563 0
234401 0
215856 0
227054 0
217221 0
056996 0
259436 0
149345 0
186642 0
048397 1
053614 0
243364 0
074751 0
258999 0
057339 0
083432 0
277745 1
091377 0
079630 0
028947 0
277742 1
083953 0
057324 0
082915 0
054449 0
273575 0
189141 0
263972 0
055489 0
288095 0
234072 0
278196 0
193652 1
278394 0
024744 0
278458 0
239594 1
164220 0
037783 0
268897 0
276714 0
238924 0
158297 0
253443 0
109872 0
253698 0
185552 0
281834 0
226725 0
276765 0
207079 0
234795 0
206278 0
114537 0
254903 0
193660 1
265349 0
045088 0
193662 1
284667 0
152826 0
193707 1
225983 1
225982 0
038716 0
048617 0
083237 0
202434 0
262427 1
117191 0
080306 0
224015 0
160790 0
176724 0
263691 0
113826 0
242340 0
150328 0
142424 0
279126 1
154095 0
172224 0
224030 0
032122 0
273815 0
016165 0
084292 0
009361 0
005082 0
053109 0
241750 0
196878 0
277236 0
282863 0
148718 0
270990 0
201219 0
234213 0
265456 0
257113 0
010446 0
179947 0
161226 0
276750 0
114011 0
276644 0
287936 0
193183 0
130492 0
138274 0
118467 0
221354 0
253515 0
063302 0
215425 0
276734 1
224871 0
273374 1
043294 1
282731 0
233025 0
098150 0
277763 0
087055 0
232499 0
220838 0
277684 0
269891 0
150165 0
226532 0
206687 1
154457 0
012215 0
240677 0
253569 0
214849 0
005040 1
028710 0
156061 0
280393 1
227693 0
229055 0
119234 0
267262 0
052488 1
119292 0
066894 0
196998 0
074985 0
024957 0
141877 0
280459 0
176239 0
277689 0
009131 0
212137 0
052406 1
119432 1
052825 0
087282 0
113520 1
168365 0
005154 0
274432 0
054226 0
226612 0
270683 0
046548 0
043016 0
047403 0
253359 0
052830 0
264518 0
046747 0
047267 0
169653 0
153081 0
137881 0
169098 0
253821 0
169099 0
229093 0
055108 0
064887 0
101964 0
222864 0
005598 0
201400 0
159743 0
227082 0
142073 1
142067 1
276766 0
259148 0
008665 0
267173 0
288954 0
275384 0
271071 1
002177 0
262453 0
201454 0
095895 0
141973 0
233597 0
153745 0
051740 0
005039 0
189145 0
279296 0
193651 0
270006 0
280485 0
095360 0
253390 0
253652 0
067501 1
029315 0
134244 0
181553 0
272353 0
045294 0
079668 0
142339 0
000520 0
090616 0
176249 0
134247 0
180731 0
152799 1
044538 0
019013 1
274910 0
270974 1
195474 0
216132 0
029052 0
119291 0
153950 0
275107 0
137537 0
173903 2
277413 1
277466 1
005480 1
271007 1
120044 1
052750 0
239602 0
054380 0
046309 0
253521 0
154572 0
159512 0
193414 0
270952 1
274528 0
084168 0
063536 0
189142 0
017581 0
091376 0
257983 0
057278 0
201390 0
140318 0
200654 0
154036 0
080283 0
272580 0
014499 0
275913 0
053453 0
087015 0
276747 0
154815 0
256960 0
084248 0
238406 0
182495 0
136511 0
203896 0
276699 0
279119 0
164623 0
276737 1
193591 0
276740 1
071031 0
202411 0
047064 0
259710 0
015055 0
002932 0
226865 0
158933 0
110911 0
253127 0
006604 0
154816 0
181239 0
229278 0
253380 0
234211 0
041667 0
223301 0
274463 1
258994 0
274460 0
005089 0
091879 0
120686 0
038377 0
085944 0
034532 0
188927 0
274473 0
166305 0
203840 0
084073 0
174897 0
222894 0
201499 0
238297 0
169456 0
046860 0
256311 0
132570 0
274307 0
198407 0
194521 0
274469 0
016455 0
274449 0
259818 0
059556 0
262881 0
091476 0
272326 0
278929 0
152958 0
056257 0
051534 0
234870 0
014176 0
158098 0
278672 0
284418 0
076758 1
137958 0
075456 0
286209 0
278182 0
276771 0
164110 0
047608 0
252444 0
271420 0
287544 0
272615 0
038100 0
280698 0
040862 0
166210 0
271238 0
043180 0
194247 0
202052 0
082651 0
116486 0
004992 0
219295 0
253381 0
124276 0
091458 0
148652 0
282669 0
135638 0
095603 0
026740 0
281631 0
272630 0
199031 0
201488 0
167407 1
167409 1
239261 0
178183 0
026492 0
054100 0
167410 1
242006 0
225959 0
218076 0
116143 0
228715 0
240550 0
255353 0
260807 0
274813 0
057279 0
084322 0
057780 0
160776 0
155028 0
173232 0
149793 0
154588 0
141240 0
277947 0
215468 0
276641 1
139932 0
254101 0
137127 0
119233 0
084202 0
241212 0
232778 0
221437 0
196064 0
175611 0
010436 0
215569 0
181381 0
227949 0
253128 0
114946 0
095622 0
062475 0
134974 0
219206 0
169670 0
109253 0
278005 0
288212 0
164133 0
201496 0
047227 0
164087 0
239614 0
057454 0
255831 0
009432 0
047645 0
005582 0
022987 0
176282 0
280671 0
211511 0
214740 0
085946 0
278170 0
163753 0
253445 0
066707 0
141648 0
249772 0
276910 0
278380 0
195008 0
277388 0
210720 0
030834 0
273639 0
119431 0
069044 0
146493 0
278094 0
136835 0
201644 0
277717 0
192919 0
047691 0
056619 0
254111 0
276573 1
276384 1
163109 0
042723 0
228793 0
116849 0
080372 0
233388 0
030041 0
138652 1
030850 0
063517 0
166445 0
142425 0
053008 0
138674 1
176306 0
220737 0
178213 0
242010 0
285118 0
134248 0
264996 0
047197 0
118470 0
211545 0
256474 0
140701 0
286644 0
120842 0
157239 0
124268 0
115682 0
188793 0
227895 0
148412 0
275301 0
175986 0
253518 0
166339 0
219372 0
176393 0
251363 0
007541 0
137200 0
272341 0
030588 0
279408 0
256187 0
256866 1
228848 0
280461 0
256041 0
153174 0
169580 0
042250 0
272021 0
197862 0
275453 0
057406 0
052752 0
201487 0
174838 0
045085 0
203888 0
253382 0
065328 0
241840 0
280673 0
236383 0
124788 0
014248 0
027844 0
075156 0
091581 0
077286 0
222849 0
121030 0
172893 2
275035 0
220041 0
272649 0
277681 1
277615 1
233594 0
174269 0
209226 0
278479 0
197943 0
027132 0
275274 0
221864 0
172748 1
046581 0
281406 0
104204 0
046862 0
149805 0
101962 0
287859 0
211971 0
054099 0
006886 0
047009 0
104240 0
089280 0
053041 0
053287 0
167973 0
136946 1
201693 0
271350 0
055462 0
137047 0
047899 0
136997 0
057378 0
137000 0
256583 1
250406 0
127583 0
275027 0
121634 0
242016 0
137109 0
284721 0
268217 0
009084 0
256586 1
266603 0
006923 0
185670 0
266524 0
101970 0
256326 1
193539 0
078571 0
142837 0
024543 1
185354 0
125376 0
112527 0
047226 0
220397 0
004690 1
142513 0
277670 0
253387 0
044009 0
121893 0
227973 0
175610 0
251347 0
266840 0
066805 0
175397 0
118921 1
057045 0
280690 0
118930 0
193508 0
007956 0
004699 0
277078 0
270025 0
170383 0
118933 0
196438 0
138146 0
165904 0
272582 0
257162 0
151781 0
203909 0
278825 0
280706 0
101153 0
224461 0
114649 0
095651 0
180025 0
262185 0
256007 0
276423 0
078968 0
203824 0
227845 0
005155 0
156698 0
272219 0
176194 0
172189 0
083697 0
029659 0
053660 0
256585 0
275492 0
285458 1
201695 0
285460 1
262696 0
157660 0
278195 0
239986 0
172628 0
277315 1
193661 0
201577 0
276656 1
205780 0
087012 1
277314 1
152137 0
259924 0
193206 0
280710 0
280714 0
273750 0
155388 0
199407 0
084116 0
084287 0
113870 0
185712 0
175719 0
274973 0
189144 0
226724 0
057389 0
279308 0
227285 0
175457 0
173346 0
275915 0
056758 0
017341 0
240285 0
257880 0
157240 0
083271 0
280684 0
280711 0
119495 0
173306 0
060674 0
153245 0
280715 1
241376 0
008723 0
219162 0
275921 0
271924 0
242341 1
219444 0
268508 0
005581 0
186556 0
120193 0
197647 0
175376 0
284251 0
004880 0
283579 0
275090 0
281460 1
252311 0
228685 0
261665 0
063304 0
171539 0
051194 0
267273 0
071058 0
147685 0
252092 0
216301 0
278385 0
115363 0
265721 0
174779 0
054374 0
211562 0
186577 0
055386 0
151782 0
185130 0
208998 0
119187 0
168296 0
169167 0
200365 0
140393 0
057751 0
054870 0
167018 0
251364 0
041510 0
278407 1
210131 0
092194 0
234210 0
150346 0
271080 0
004933 0
203323 0
253523 0
271378 0
208913 0
129555 0
004830 1
242900 0
249539 0
027850 0
185489 0
166752 0
278409 1
197000 0
009631 0
040044 0
177701 0
162744 0
047248 0
196875 0
237849 0
201504 0
111435 0
263615 0
215600 0
141757 0
046349 0
221398 0
142584 0
175506 0
074555 0
218225 0
185741 0
174638 0
025681 0
161289 0
244533 1
280839 0
279021 0
154729 0
013741 0
141649 0
009650 0
175932 0
259050 0
179953 0
066345 0
051653 0
244014 0
140812 0
227761 0
268164 0
026185 0
082906 0
024921 0
057241 0
167298 0
054997 0
047279 0
176438 0
156498 0
169717 0
142426 0
051488 0
057242 0
272496 0
044187 0
050206 0
204510 0
145959 0
006777 0
007110 0
261621 0
279267 0
263331 0
283607 0
283578 0
016365 0
057752 0
257875 0
062423 0
115782 0
135903 0
224406 0
134510 0
084646 0
276982 1
066231 0
276952 0
243206 0
142950 0
153633 0
154120 0
136626 0
221644 0
057063 0
276979 0
162984 0
273880 0
276980 0
271984 0
132115 0
032766 0
267325 0
100870 0
274015 0
282735 0
264874 0
290089 0
136659 0
005116 0
092813 0
005515 0
017094 0
232947 0
226868 0
229274 0
276981 0
005992 0
245326 0
176233 0
047792 0
003649 1
134736 0
192594 0
057460 0
276712 0
175616 0
237800 0
075875 0
155873 0
130830 0
165936 0
169027 0
083207 0
030917 0
008639 0
175396 0
140569 0
201502 0
053411 0
154157 0
259792 0
272328 0
158478 0
252821 0
007090 0
055289 0
135702 0
236701 0
231827 0
154758 0
236508 0
163593 0
083288 0
032701 0
203833 0
271983 0
261620 0
163880 0
173766 0
180114 0
053940 0
118962 0
025848 0
162341 0
038491 0
162776 0
203923 0
264517 0
120706 0
