232732 1
232735 1
155445 0
079430 0
192357 0
064906 1
030882 0
064828 1
064808 1
180026 2
188535 0
124340 1
124343 1
124437 1
124420 1
124341 1
124344 1
064597 1
064766 1
064797 1
064931 1
064922 1
064483 1
064913 1
064875 1
064905 1
064688 1
154395 2
064869 1
064862 1
176622 2
182927 1
176651 2
160515 1
076977 2
287928 2
287922 1
287934 2
287980 1
177987 1
177160 1
069190 2
288692 1
102363 2
014050 1
014471 1
124017 2
124016 1
289957 0
066228 0
155433 1
064914 1
065660 1
288572 1
013083 1
123998 1
145857 1
155800 1
065730 2
065599 2
257264 1
257231 1
182332 2
182331 2
018978 1
064319 1
069434 1
082827 1
178103 1
102607 1
152479 1
152494 2
123993 1
123160 1
066356 1
064822 1
075552 0
064439 2
064501 1
174773 1
187164 1
066269 1
186868 1
180547 1
064495 1
064487 1
152386 1
062746 1
192395 0
157056 1
188154 1
188132 1
064872 1
123959 1
124291 1
188128 1
230470 0
064404 2
064871 1
064857 2
152261 1
192397 1
064882 2
283766 0
064821 2
066091 1
260844 1
232780 1
064587 1
066094 1
154686 1
123579 1
233102 2
164239 1
085968 1
157979 1
284662 0
210588 1
155656 1
182325 1
210624 2
064414 1
064823 1
066445 1
155621 1
123697 1
182330 1
064899 1
012743 1
077824 1
124337 1
016988 1
154668 1
166028 0
064592 1
152485 1
066347 1
182336 1
189837 2
182363 1
080444 2
066335 2
123983 1
123989 1
101240 1
189838 2
189849 1
167884 1
167942 1
101239 2
176279 1
101234 1
153025 1
167543 1
168088 1
064907 1
184890 0
013067 2
198890 0
124617 1
064920 1
167000 1
167547 1
101217 1
167548 1
101055 1
123053 1
170585 1
170525 1
123067 1
189530 2
078206 1
187891 1
064585 0
189577 1
233541 1
188540 0
077219 1
168030 1
083131 1
064443 1
082869 1
187267 0
168257 1
004041 2
288721 1
127367 1
079032 1
071542 1
076973 1
083034 2
279180 1
189836 1
066225 1
288712 1
192511 0
124601 1
076961 0
076974 1
064429 1
150737 2
104715 1
082766 1
123999 1
200239 0
179932 0
087545 1
229773 0
167592 1
170382 1
048326 0
170385 1
202151 0
170154 0
160308 0
074823 1
170381 1
064814 2
156877 1
131752 1
170384 1
151189 1
065865 1
068174 1
108750 1
065886 1
170422 1
284956 0
170425 1
065904 1
187358 0
170426 1
124181 1
123995 1
257383 0
199662 0
064929 1
167582 1
178296 0
169674 1
167602 1
167603 1
171128 1
156914 2
014659 1
126087 1
064777 1
169687 1
169673 1
162727 1
164101 1
163792 1
127510 1
075717 0
064472 1
164016 1
164115 0
187344 0
124041 0
108838 0
175829 1
163112 1
192469 0
235905 0
167643 1
167593 1
167641 2
167594 1
193621 1
163117 1
167584 1
193636 1
064805 1
193625 1
188064 0
193638 1
284512 2
064843 1
193637 1
124627 1
167583 1
167604 1
167605 1
167686 1
167525 1
167685 1
166962 1
174992 2
166963 1
112921 1
167526 1
177251 1
064457 1
123233 1
174742 2
167805 2
166961 1
166872 1
123137 1
284516 2
174739 1
167509 1
284523 1
284549 1
284569 1
167788 1
252856 2
065968 1
252843 1
193746 1
099575 1
174991 2
166063 0
080665 0
123992 1
065969 1
176990 1
124260 1
065893 1
123391 1
123925 1
124257 1
099038 1
124248 1
099027 1
099018 1
133104 2
133129 2
133118 2
187053 2
133173 0
133098 2
123726 1
187524 0
069203 2
124321 1
064475 1
176986 1
123736 2
187072 1
082809 1
123940 1
064499 1
102376 2
069248 1
133159 0
176984 1
102421 1
064841 1
082805 2
123743 1
165939 1
077132 1
155257 1
176981 1
176972 1
176971 1
077124 2
176980 1
077187 1
167581 1
167599 1
168076 1
082238 1
167600 1
082233 1
064600 1
150759 1
176780 1
152871 1
112948 1
098558 0
068379 1
152910 1
081232 1
196181 0
152990 1
201610 0
018716 2
220487 0
167596 1
288776 0
179799 0
074702 0
167597 1
186852 1
167579 1
086196 0
067912 1
153022 1
067599 1
227269 0
170349 1
170347 1
252425 0
124467 1
227949 0
124470 1
167559 1
170354 1
223926 0
133187 0
170355 1
170352 2
167576 1
167577 1
276204 1
189184 0
167928 1
155665 1
167886 2
185092 0
070355 1
086192 1
108837 0
200283 0
184594 0
111418 0
168506 0
103528 1
070356 1
066088 1
103529 1
070389 1
103562 1
196153 0
086184 1
064790 1
014829 1
145787 0
125888 1
162512 1
177912 1
112991 1
200235 0
077286 1
064492 1
124162 1
077279 2
099605 1
223066 0
082812 1
064848 1
192276 0
114210 1
114068 1
186853 1
005863 0
066046 1
289955 1
168927 1
015300 1
267709 1
289969 1
265828 1
265853 2
263682 0
168926 1
076916 1
098590 0
076921 1
256381 1
117459 0
265960 1
266057 1
071373 1
104546 1
124459 1
265901 1
039138 0
289802 0
265906 1
265858 1
192796 1
066131 2
071360 1
066166 2
109561 2
265959 1
104533 1
071351 1
124130 2
104524 1
064409 1
153365 0
079186 2
283768 0
133099 0
187496 0
064435 1
170337 1
266056 0
124097 1
144269 1
177672 2
124142 1
101872 0
177696 1
011048 1
177671 2
174651 0
124135 1
152713 1
013006 2
152711 2
007938 1
121351 1
164314 0
175538 0
133092 0
087754 1
187696 1
187707 1
067145 0
130839 1
087843 1
160970 2
197451 0
030649 0
090333 2
165919 0
084935 1
087835 2
152127 1
114249 1
079221 1
124141 1
082658 2
160995 1
287271 0
124354 1
082597 2
276130 0
287864 0
180230 2
102079 1
124353 1
102113 1
102115 1
185881 0
102074 1
102155 2
068019 1
102027 2
182908 2
176632 2
176633 2
099971 1
180232 1
176678 2
182260 2
015059 1
111402 0
160565 1
099977 1
002487 0
064839 1
178464 1
178322 2
178331 2
130800 1
178332 2
078168 0
178458 2
172998 1
182189 2
188071 0
180159 2
007261 0
114250 0
180223 1
066337 1
201558 2
284548 2
260818 0
066227 0
284522 1
124425 1
260784 0
078716 0
151379 2
284568 1
068308 1
224475 2
151304 2
064826 1
184311 1
184304 2
224441 0
016803 0
201860 2
151291 2
016859 1
193206 0
016824 1
018198 2
120808 0
068337 1
210023 1
021798 0
209843 1
064474 1
210320 1
178122 1
178107 2
285092 1
000415 1
030552 0
099454 0
267704 2
033571 0
064924 1
130835 1
211499 0
130810 1
285209 1
176827 0
180591 0
150565 1
289368 1
188423 0
021587 0
123091 1
064460 1
067251 1
064459 1
177196 1
071481 1
104654 1
187227 1
130817 1
187204 0
071514 1
104687 1
149316 1
164120 0
071482 1
199430 0
104655 1
071513 1
104686 1
267710 2
196090 0
267701 1
130811 1
191910 2
000320 1
192165 2
128439 1
149925 0
016666 0
192166 1
015726 1
263808 0
222775 1
014809 0
202425 0
130808 1
130813 1
130836 1
000359 1
141194 2
000319 1
230350 0
000358 1
120333 1
164017 0
202794 0
164226 0
141460 0
141162 2
188295 0
130739 1
183584 1
183557 1
130773 1
183611 1
112010 0
016972 1
031584 0
141210 2
141224 2
141234 2
120293 1
187695 0
128430 1
150624 1
149428 1
012981 0
128151 1
014506 1
016850 1
016844 1
147460 1
107878 0
127825 1
127879 1
066802 1
183179 1
130805 1
123536 1
151170 1
066338 0
016864 1
130831 1
015769 1
066524 1
075854 0
177070 1
177013 1
184878 0
267911 2
267917 2
188246 0
222653 2
222655 2
000302 1
064455 1
016188 1
124428 1
127536 1
148202 2
012958 1
016566 1
255761 0
151090 1
006451 0
000391 1
124438 1
148201 1
151213 1
130809 1
229847 0
123997 1
185055 0
146663 1
092976 1
000354 1
127072 0
130799 1
187379 1
009364 1
067099 1
133034 1
168934 1
124010 1
000327 1
233720 0
067093 1
124063 1
127238 1
000298 1
222739 1
124422 2
130852 1
016858 1
123892 1
130833 1
145836 1
124466 1
014828 1
284514 0
014590 0
017182 0
130816 1
000325 1
088183 0
130869 2
130837 1
156197 2
000360 1
084994 0
187357 0
125891 1
000431 1
000304 1
000323 1
154071 1
000299 1
124487 1
198885 0
151137 2
130859 1
224476 0
016948 0
011899 0
130885 1
151133 2
152720 1
130853 2
130850 2
130899 1
130846 1
222923 1
252954 0
130843 2
167590 1
167591 1
151124 1
130801 1
183372 1
130747 1
251938 0
000398 1
200178 0
130840 1
000356 1
130807 1
152824 1
167585 1
152833 1
124186 1
129718 1
155599 1
000783 1
193130 0
000312 1
129869 2
015597 2
130806 1
000322 1
141424 0
124026 1
017179 1
149956 1
173419 1
121978 1
160046 2
160074 1
107719 1
009518 2
121979 2
164995 1
129868 2
003174 0
129874 1
000390 1
016987 0
130672 2
152851 1
173496 1
065695 1
130639 1
173426 1
066462 1
249427 1
013144 1
130628 1
140089 0
117577 1
130896 1
015580 1
130655 2
191253 1
036301 1
125886 0
176649 1
176686 1
117793 2
283802 1
173308 0
117758 1
143200 2
224488 0
176636 1
089470 1
175367 1
117792 1
144431 2
000620 0
086107 0
124616 1
017336 1
130802 1
005963 1
143268 2
000326 1
130818 1
188537 0
139341 0
039180 0
143297 2
143300 2
087881 0
256345 0
143197 2
010762 1
219338 1
003641 0
219463 1
187625 1
086198 1
152501 0
127090 1
009862 0
124015 1
124548 2
220212 1
086199 0
066419 1
036386 0
142926 0
124550 1
064468 1
066743 0
149398 1
198364 0
127089 1
030549 0
253926 0
112188 0
016841 1
082087 1
259501 0
064454 1
126882 1
110111 1
124082 1
068895 0
128446 0
110095 1
184927 0
124093 1
042401 0
231048 0
162984 0
004353 0
150087 0
010468 0
124117 1
130847 0
149400 2
150379 1
282202 0
187285 0
125177 0
016933 1
150908 1
192539 0
194125 0
177039 2
111105 0
195557 0
218213 1
109018 0
137552 2
083033 0
177043 1
131774 2
039986 0
273764 0
174621 0
131770 0
005454 1
010497 0
016546 1
190044 0
133091 0
080191 0
178513 1
009345 1
121815 1
000353 1
098418 0
218222 1
120009 1
006290 1
154974 0
006838 1
137603 2
130886 0
017231 1
192250 0
285889 0
080223 0
211548 0
076246 1
136167 0
015637 1
230735 1
130900 0
139866 0
149620 1
066249 0
128525 1
221523 0
187286 0
179803 0
128669 2
136265 1
082974 1
046862 0
161596 2
006658 0
150303 1
077354 2
127607 1
007842 0
208151 0
011384 2
287834 0
179268 1
070104 0
078844 0
015725 1
252983 0
016953 1
126948 0
126522 0
187382 1
077709 1
150766 0
152050 0
017691 0
066529 0
163928 0
016963 1
002444 0
151602 1
218734 0
180076 0
094762 0
064523 1
078480 1
156540 0
003165 0
256203 0
086749 0
116372 0
030620 0
064818 1
017086 1
149283 0
152740 0
124615 1
005038 0
101448 0
141567 0
183342 0
189178 0
276135 0
186645 0
230414 0
223386 0
007401 1
000096 0
086134 0
051480 0
017226 0
066723 1
150323 1
196783 0
015790 1
019973 2
064436 1
064863 1
123883 1
124516 1
087855 1
012680 0
260713 0
124427 1
150434 1
108150 0
176882 2
036824 0
150425 1
173060 0
064530 1
121973 0
244192 0
123857 0
000594 0
004570 0
115665 2
119427 0
161169 0
124234 1
147305 1
149923 0
156726 0
089271 0
152577 0
098414 0
064850 1
230469 0
084024 1
124145 2
070788 0
124191 1
152047 1
124872 0
091236 0
152057 1
123878 1
153010 1
284443 1
128641 1
064528 1
277469 2
114223 0
124013 0
177605 2
172874 0
287860 1
128640 0
287867 0
252407 0
000297 1
192545 0
087216 1
276308 1
173852 1
017150 0
099416 0
128349 1
064893 1
135531 0
143571 0
177610 1
124408 1
086503 0
124544 0
082840 1
136149 0
082847 1
087065 0
287283 0
084679 0
143462 1
124392 1
156806 0
087185 0
287866 0
124424 2
074812 0
082210 2
124397 1
124432 1
085386 1
257002 1
174838 0
015122 0
067427 0
187334 1
178101 0
124371 2
087175 0
187328 1
157411 0
238514 0
176324 1
280150 0
093347 0
124217 1
124220 1
044649 0
149955 0
127225 0
124504 1
083163 0
082212 1
151231 1
100708 0
006698 0
184877 2
119379 0
276940 0
244317 0
123418 1
187262 0
125030 0
187626 0
194441 0
036830 0
266191 0
242927 0
111662 0
036385 0
099294 0
136119 1
133623 1
124384 1
133911 1
162032 2
162076 1
098457 1
234952 0
098456 1
123967 0
124614 1
124433 1
076919 1
123389 0
059384 0
098458 1
133917 1
098601 1
098561 1
175542 0
098608 2
018023 0
223730 2
082204 0
231938 0
167742 0
000435 2
124770 1
283024 0
124768 1
221502 0
224440 0
057440 0
014815 1
150720 1
223680 0
076915 2
223922 0
285754 1
125903 1
221504 1
124390 1
124216 1
202799 1
124219 1
123650 1
088180 1
088178 1
088349 1
221525 1
133772 1
082211 0
124455 1
138805 0
219602 0
190042 0
147027 0
065045 1
202148 0
109215 0
173808 2
125425 0
126540 0
285753 1
064270 0
173809 2
173835 1
004701 0
197442 0
187508 1
136312 0
221503 0
234986 0
004302 0
284076 0
222522 0
100173 0
192224 0
155748 0
082192 1
143610 0
070129 0
015317 1
125416 1
185904 0
127002 0
005483 0
082197 1
122166 0
065960 0
091222 0
128449 0
102125 0
243984 0
184519 0
116882 0
009026 0
235727 0
030613 0
077612 0
064419 0
027090 0
157342 0
157242 0
232240 0
094878 0
221524 0
284756 0
013466 0
002230 0
082078 1
183971 0
127134 0
049956 0
110524 0
007186 0
077601 0
154292 0
011639 0
262631 0
118906 0
064878 1
128248 0
187399 1
182587 2
182596 1
273437 0
196906 2
064412 0
082159 1
184988 0
115027 2
196845 1
080625 0
004093 0
149282 0
069194 0
195562 2
195702 0
078342 0
202144 0
097142 0
001871 0
230504 1
082205 0
201395 0
008696 0
115352 0
166305 0
284043 0
140175 0
064264 0
001323 1
128481 1
183530 1
075741 1
182006 2
128632 2
141955 1
141920 1
133363 1
181990 2
133352 0
160244 1
004856 0
199423 0
076611 1
133360 2
124395 1
259955 0
124351 1
124352 1
133350 0
100214 0
139588 1
252439 0
170863 0
181960 2
123823 1
006114 1
099802 0
034372 0
206885 0
124957 0
187853 0
126198 0
017867 1
129194 1
150985 1
269833 0
011538 0
149794 1
068415 0
153638 1
126335 0
140834 0
100075 0
163069 0
181570 1
167933 0
161007 1
150658 1
150677 2
036617 0
171521 0
088228 0
150679 1
150681 2
150690 1
202143 0
187207 0
179956 0
081844 0
062499 0
149860 0
123986 1
064520 1
164182 0
149852 0
138824 0
125922 0
118773 0
187197 0
130544 1
077375 0
064416 0
269869 0
095460 0
075424 0
018271 1
251950 0
128914 1
150247 1
216832 0
199391 0
258324 0
000808 0
012639 0
150246 1
120812 0
017249 1
125909 0
165904 0
000418 1
126815 0
018622 0
130720 1
047668 0
129633 1
033495 0
135530 1
160297 0
005236 0
097957 0
192470 0
134626 1
131643 1
107741 0
140777 0
003665 0
180994 0
133528 0
036497 0
139823 0
131671 1
148289 1
131640 1
158022 0
130079 1
131641 1
149281 1
284979 0
201768 0
114995 0
221955 0
133163 0
161174 1
185193 0
095589 0
127371 0
275089 0
126981 1
161182 1
161219 1
078623 0
075809 2
076133 1
130160 1
262596 0
125621 0
130074 1
133449 0
018597 0
066656 0
130073 1
151450 1
256774 0
067683 0
078078 1
284672 0
078073 0
116165 0
085775 0
079703 0
101429 0
131900 1
111432 2
001597 1
136316 0
136145 0
155729 0
192544 0
111433 2
119691 0
133806 0
082617 1
078218 0
282212 0
252436 1
134091 1
156724 0
134153 0
111434 1
083144 0
111388 2
124149 0
134733 1
004256 0
195688 0
068765 0
017870 0
132823 0
067817 0
160147 0
189591 0
223096 1
083066 0
179398 0
279797 0
151961 1
180588 0
191464 0
182414 0
000318 0
157343 0
101035 0
151952 0
151233 1
223002 2
222956 1
194137 0
166871 1
137130 0
221377 0
170877 0
210816 1
094895 0
116122 0
006661 0
141570 0
082049 1
099121 0
210827 2
273976 0
074949 0
210842 1
012198 0
100873 0
232724 1
017448 0
199395 0
124118 0
171828 0
112588 0
157245 0
141933 0
182516 1
034683 0
199294 0
192546 0
064640 1
269710 1
175614 0
182514 1
178741 1
232722 1
232764 0
266735 1
098142 0
266738 1
263039 0
274017 1
150212 0
187288 0
274018 1
077806 0
153249 0
258392 0
259583 0
127064 0
280050 0
182513 1
243548 1
164663 0
268762 0
066238 0
285712 0
128865 0
149876 0
181942 0
125202 0
084937 0
095529 0
235069 1
235032 1
243565 0
232708 1
224670 0
177121 0
187317 0
234025 0
187653 1
232707 1
047303 0
137577 0
064598 1
123968 1
217569 0
038558 0
148562 0
124447 1
231017 0
226162 1
259594 0
165290 0
222718 1
195706 0
102367 0
222763 1
180664 0
118328 0
064928 2
283261 0
117379 0
111773 1
018739 0
230114 0
079581 1
112009 0
002211 0
124521 0
257210 0
185989 0
099255 1
288898 0
199768 0
152320 0
184191 0
225133 0
182538 0
230529 1
129864 0
093771 0
130604 0
129537 0
173743 2
054262 0
287863 0
082631 0
282223 0
173864 1
143886 0
064619 1
189150 0
269823 0
161173 1
082194 0
155849 0
173418 0
271942 0
221400 0
075773 0
091976 0
197744 1
027100 0
047438 0
183066 0
221413 0
127973 0
126222 0
077876 0
127066 0
034333 0
200386 0
086542 0
175457 0
283031 0
059009 0
259965 0
192198 0
184341 0
154510 1
154508 2
017495 1
189194 0
113685 0
086510 0
030973 0
112577 0
080947 0
152362 1
099016 1
070882 0
218147 0
146248 0
124330 1
277454 1
180644 0
119336 0
130812 1
037819 0
261115 0
137994 0
099025 1
000075 0
125941 0
118937 0
134357 0
240511 0
123778 0
175515 1
099724 0
216128 0
175446 2
081826 1
229985 0
175445 1
180986 0
064599 1
099154 2
152364 0
196270 0
129432 1
192274 0
183162 1
223993 0
095511 0
101746 0
231297 0
172408 0
200101 0
099033 1
099032 1
132583 0
172964 0
033162 0
012786 0
129942 0
099030 1
188392 0
159766 0
129667 0
275035 0
018379 0
051757 0
001057 0
128710 0
252448 0
188636 0
175371 1
186438 0
180990 0
090273 0
036198 0
232755 1
164198 0
194570 1
164150 0
284676 0
099020 0
151568 0
187963 0
112187 0
098544 0
086424 0
205003 0
078334 1
136924 0
047416 0
162873 0
193012 0
037104 0
205416 0
086470 0
079229 1
276685 0
079139 1
190166 0
058056 0
232721 1
000112 0
076782 0
014886 0
220654 0
018989 0
152368 0
265376 0
127847 0
187816 0
079176 1
209816 0
187935 0
000357 0
010053 0
131189 0
047359 0
175698 0
025557 0
200368 0
182565 0
113078 0
130564 0
141254 0
129853 0
013250 1
075405 0
040918 0
167408 1
283813 0
009985 0
201609 0
200232 1
151649 0
003830 0
120392 0
005757 0
253111 0
228395 0
191481 0
011700 0
078222 0
136240 0
011969 0
085378 0
039348 0
037660 0
182486 1
014827 1
133876 0
125890 1
091865 0
172960 0
000544 0
060448 0
094085 0
147892 0
191652 0
090752 0
159778 1
257787 0
210679 0
084314 0
231045 0
163914 0
182487 1
157418 0
016954 0
180984 0
254128 0
135470 0
182485 2
171254 0
071706 1
127369 0
017980 0
104879 1
128959 0
149829 1
152416 0
064557 1
247350 0
126306 0
004552 0
226828 0
123700 1
064782 1
258323 0
039355 0
088048 0
124861 0
075564 1
266489 0
219596 0
040907 0
071709 0
040795 0
187231 0
189775 0
199396 0
083384 0
284713 0
160282 0
195683 1
098522 0
263418 0
195682 0
195623 0
192207 0
187264 0
134772 0
268324 0
028520 0
133312 0
185716 0
066149 1
151422 0
066122 1
005967 0
165174 0
146221 0
125934 0
212964 0
111520 0
089247 0
066153 1
064588 1
224229 0
080671 0
186569 0
113082 0
156810 0
192476 1
232691 1
192475 1
125984 0
187666 0
108469 0
275274 0
204329 0
064590 1
017534 0
122206 0
079268 0
167586 0
149893 0
037129 0
129418 0
223600 0
132589 0
191063 0
197732 0
157249 0
230067 0
130717 0
180461 0
086867 1
097918 0
087716 0
092697 0
086368 1
052192 0
229850 0
187384 0
054313 0
232739 1
214103 0
096459 0
232738 1
183157 0
173343 1
146317 0
185185 0
143555 0
284045 0
004205 0
111220 0
024745 0
141461 0
193533 1
129192 0
252665 0
117105 0
136808 0
079993 0
085772 0
064470 0
157401 0
079044 0
074770 0
192810 0
283786 1
117200 0
044720 0
010095 0
127708 0
109272 0
124931 0
187870 0
092085 0
153313 0
078293 0
114222 0
146346 0
143910 1
121944 0
123278 0
118774 0
102004 0
284817 0
128868 0
003995 0
156723 0
026492 0
101140 0
257291 0
171456 0
015279 0
011068 0
176393 0
098056 0
189193 0
019699 0
006314 0
117406 0
165110 0
227908 0
143214 1
122821 0
181367 0
077131 0
115744 0
164428 2
156844 0
257785 0
143755 1
090301 0
147469 0
150735 0
226905 0
124446 0
067483 0
067512 0
202319 0
089196 0
005405 0
151913 0
274008 0
261369 0
221316 1
150001 0
187882 0
123882 0
221290 0
100025 0
017934 0
164454 0
187203 0
123607 0
121722 0
115715 0
162383 1
128153 0
133669 0
024781 0
154462 0
173941 0
164437 1
122469 0
213014 0
199094 0
256025 1
164442 0
021103 0
144872 0
141718 0
207257 0
262991 0
017036 0
124266 0
118433 0
199360 0
262646 0
156898 1
187234 0
192392 0
156888 1
063572 0
150662 0
040320 0
240492 0
189322 0
213668 0
018804 0
164452 0
087874 0
124489 0
065344 0
153892 0
268301 0
144453 0
125018 1
161091 0
040290 0
122096 0
111384 0
287807 0
284515 1
121783 0
183485 0
164464 0
035651 0
192389 0
214197 0
204211 0
019618 0
126504 0
146845 0
192712 0
142706 0
169965 0
155338 1
068667 0
184951 0
194322 0
035014 0
070305 1
257088 0
184325 0
181276 0
103478 1
070303 1
220660 0
222529 0
126493 0
136637 1
047985 0
103476 1
241672 1
167607 1
241659 1
283262 0
237587 0
192309 0
158846 0
179879 0
199339 1
231942 0
079404 1
000162 0
100336 0
132133 0
136057 0
164425 0
195659 0
271811 0
028681 0
175397 0
211103 0
055962 0
051711 0
241515 0
068481 0
008067 0
013219 0
157787 0
242700 0
020304 0
186549 0
079197 1
075685 0
237595 0
112809 0
222085 0
232627 0
231935 0
131256 0
005764 0
194126 0
150013 0
086220 0
162391 1
153337 0
064427 1
167458 0
010442 0
086540 0
259092 0
055476 0
243225 0
079776 0
282213 0
033496 0
017349 0
259120 0
095877 0
164445 0
223921 0
129802 0
167696 2
154808 0
064342 0
196518 0
164154 2
112682 0
164157 0
213045 0
048761 0
011263 1
138763 0
034252 0
261085 0
122687 1
064485 1
145651 0
018915 0
285498 0
016310 0
186644 0
102048 0
092305 1
092572 0
000918 0
100244 0
152748 0
092310 1
070120 0
251351 0
198594 0
123555 1
028690 0
289024 0
069012 0
151951 0
192982 0
064512 1
051886 0
180982 0
210851 0
064245 0
014953 1
125782 1
066388 1
265095 0
145426 0
163771 0
155845 0
123777 0
064467 1
284567 0
016951 0
097924 0
066332 1
124737 0
185928 0
077374 0
064917 1
206166 0
018370 0
197728 0
003896 0
174641 0
095051 0
083235 0
009392 1
220179 0
141519 0
161537 0
222237 0
005768 0
092888 0
215899 0
121782 0
064908 1
147761 0
127383 0
288719 0
086614 0
171255 0
155998 0
164415 0
082120 0
268969 0
280728 0
179488 0
020466 0
128881 0
114861 0
135571 0
126591 0
001857 0
220056 0
144022 0
083003 0
092081 0
189968 0
009232 0
172958 0
098203 0
196280 0
045104 0
152594 0
190649 0
017200 0
014522 0
235666 0
056617 0
036195 0
070123 1
063250 0
002365 1
161540 0
125069 0
184139 1
192910 0
184114 1
103296 1
076483 0
288711 0
155778 0
257594 0
267757 0
078489 1
026469 0
187802 0
078847 1
122721 0
112831 0
223117 0
155096 1
164458 0
188401 2
283237 0
168717 0
031955 0
163057 0
270881 0
005789 0
076316 0
030976 0
160210 0
188415 2
006212 0
161525 0
240584 0
126351 0
097180 0
152518 0
192709 0
122701 1
250716 0
160890 0
009870 0
158450 0
069421 0
062751 0
025521 0
188347 0
011317 1
034327 0
141932 0
146231 0
159482 0
009774 0
145105 0
122702 1
283296 0
016873 0
011939 0
121756 0
000010 0
098227 0
180863 0
050211 0
110603 0
086850 1
150055 0
196275 0
265947 0
087872 0
171262 0
090066 0
152813 2
086683 1
151395 0
064860 1
012349 0
152806 1
008869 0
212364 0
208486 0
086259 0
069329 0
140133 0
252943 0
115308 0
283233 0
017976 0
152814 1
252446 1
144161 0
216167 0
195733 0
058517 0
111960 0
133632 0
151413 0
155747 0
133668 0
031947 0
133059 0
069987 0
086049 0
244331 0
133596 0
135418 0
028764 0
094431 0
040272 0
160834 0
288868 0
075042 1
081297 0
117480 0
158865 0
100101 0
076233 0
152243 0
002485 0
108869 0
006405 0
219593 0
045435 0
137966 0
101204 0
108244 0
113386 1
008555 0
170617 1
124650 0
018562 0
088518 0
010110 1
009395 0
164447 0
113389 1
065831 0
004968 0
156042 1
227845 0
118912 0
098279 0
074935 0
151229 0
121707 0
252443 0
226497 0
197440 0
099096 0
284787 1
125978 0
282166 0
215210 0
169181 0
086691 0
005788 0
206555 0
181077 0
164899 0
010078 0
151335 0
228883 0
167902 0
123964 0
191202 0
262925 0
037113 0
062082 0
213585 0
065985 1
071001 0
046634 0
164451 0
089306 0
164333 0
187855 0
080646 0
219040 2
189913 0
077370 0
259898 0
144572 1
156853 1
061282 0
144672 1
061259 0
064413 0
163905 0
122398 0
213048 0
129442 0
232775 1
129329 0
164270 0
232773 1
003629 0
101854 0
154533 0
059737 0
066001 1
033094 0
130841 1
146155 1
093757 0
018319 0
120321 0
147688 0
150698 0
188815 1
009974 0
252421 0
049984 0
194976 0
185380 0
103277 0
097814 0
236921 0
225819 0
084680 0
177199 0
218837 0
011314 0
031524 0
010644 0
070544 0
144183 0
095510 0
271344 0
043538 0
095045 0
286968 0
065821 0
147684 0
127033 0
080457 0
166556 0
018108 0
284788 0
282656 0
289827 0
147881 0
020078 0
122357 0
136219 0
029337 0
080695 0
255320 0
286971 0
210130 0
087004 1
142342 0
123947 0
143780 0
008396 0
077349 0
152631 0
138548 0
267564 0
188627 0
117467 0
140171 0
165911 0
127041 0
160810 0
011345 1
259598 0
070966 0
183177 0
090878 0
146070 0
271173 0
102502 0
270232 0
116874 0
064900 1
089588 0
122170 0
127429 0
064881 1
188309 0
191857 0
082487 0
257220 0
147043 0
195131 0
031922 0
094977 0
110138 0
222187 2
180708 0
150756 0
259575 0
268780 0
264401 0
086458 0
179479 0
126378 0
125983 0
222142 1
169499 0
205105 0
154762 0
124255 1
126933 0
197762 0
123709 1
110313 0
024478 0
143905 0
284513 1
288181 0
242357 0
153883 0
143578 0
196507 0
290009 0
130849 0
099175 0
003292 1
221860 0
163782 0
064671 1
115496 0
076234 0
146140 0
191860 1
117210 0
091519 0
025305 0
137414 0
133994 0
226734 0
133918 0
179212 1
230960 0
122845 1
281168 0
288742 0
191882 1
271108 0
220698 0
122847 0
121465 0
031128 0
271346 0
065755 0
192421 0
188625 0
117748 0
009303 0
122703 0
142633 0
101076 0
033980 0
090068 0
097032 0
162583 0
004337 0
103160 0
184484 0
157590 0
120329 0
088893 0
003327 0
104139 0
193115 0
146303 0
042567 0
005891 0
147149 0
032022 0
011487 0
124205 1
135035 1
284818 0
213308 0
143586 0
222139 0
260820 0
129625 0
162242 0
044343 0
146631 0
135042 1
197811 0
208913 0
158216 0
017044 0
148993 0
074157 0
101695 0
184326 0
135044 1
135060 1
121788 0
076409 0
034969 0
197466 0
066137 1
146141 0
151957 0
162266 0
080810 0
152583 0
142513 0
006324 0
131904 0
118010 0
199233 0
154664 0
004428 0
164463 0
146210 0
004228 0
162238 0
138140 0
241757 0
112824 0
151382 0
126943 0
283734 0
137555 0
153567 0
130838 0
239952 0
085891 0
098226 0
011799 0
167615 0
127103 0
009109 0
087546 0
164022 0
281528 0
121619 0
018396 0
135961 0
103717 0
146216 0
161937 0
276088 0
135049 2
124349 1
080727 0
228397 0
155863 0
238337 0
071544 0
060335 0
124360 1
079841 0
125462 0
020233 0
035249 0
133996 0
122849 0
008075 0
147147 0
006139 0
131779 0
288454 0
193672 0
183383 0
122704 0
116325 0
184747 0
130821 2
130830 1
130764 0
164459 0
008157 0
227285 0
136433 0
197749 0
262716 0
086733 0
086092 0
181866 0
122364 0
161688 0
109540 0
128322 0
065855 1
013976 0
150025 0
235228 0
180773 0
092806 0
284825 0
205619 0
290007 0
003060 0
130535 0
117410 0
064739 1
000308 0
289223 0
128284 0
104174 0
194872 0
139345 0
153248 0
069840 0
089061 0
100528 0
066456 0
078264 1
074668 0
163011 0
007765 0
081323 0
131572 0
156786 0
064390 1
107835 0
168735 0
112293 0
240618 0
131346 0
270234 0
003318 0
005211 0
229315 0
252117 0
064723 1
228852 0
064347 1
217223 0
226752 0
283239 0
181548 0
286897 0
258509 0
078317 0
161500 0
122706 0
173149 0
278780 0
164153 0
221580 0
124839 0
124726 0
171314 0
115973 0
192169 0
140117 0
187186 0
211536 0
133803 0
253877 0
068459 1
064744 1
068467 1
082999 1
081063 0
128302 0
184975 0
025674 0
130870 0
014139 0
264500 0
017787 0
024715 0
266796 0
012927 0
155540 0
148670 0
257786 0
168181 0
124812 0
108351 0
068453 0
012640 0
168524 0
219333 0
155854 0
282255 0
000537 0
040022 0
121569 0
166306 0
002719 0
188325 0
149287 0
100473 0
201650 0
242755 0
068859 0
085001 0
016064 0
196357 0
126753 0
180305 0
002528 1
035259 0
064273 1
212034 0
083360 0
078200 0
223023 0
001016 0
182107 0
164446 0
127601 0
103293 0
278053 0
193905 0
085093 0
064904 1
130616 0
033141 0
038570 0
160159 0
009580 0
016272 0
071762 0
269602 0
003720 0
064458 0
184328 0
013106 0
009187 0
064768 1
164313 0
258264 0
155600 1
116473 0
112559 0
014379 0
170865 0
195918 0
288636 0
255389 0
198448 0
123978 1
193844 0
210324 0
067654 0
222788 0
091908 0
066200 0
108945 0
143778 0
231729 0
151399 0
161132 0
018074 0
136251 0
254143 0
268470 0
209886 0
170989 0
066744 0
219584 0
180877 0
271951 0
163904 0
135010 0
098617 0
259860 0
110899 0
091104 0
265028 0
146942 0
224478 0
130909 0
169526 0
046644 0
013018 0
223924 0
084582 0
