238411 0
233640 0
269056 0
082766 0
266911 2
266308 1
266333 1
266375 0
266378 1
266377 0
264605 0
268383 0
236366 0
245034 0
241635 0
253728 1
253658 1
253750 1
231857 1
196905 1
231245 1
231159 1
231163 1
231166 1
231211 0
194954 2
231153 0
196058 0
205360 1
215692 0
195482 1
230951 0
076236 0
220420 2
220465 2
220483 2
220484 2
268368 0
220423 2
223022 1
223029 1
223019 1
223031 1
223028 1
223023 1
214163 2
196998 0
214158 2
214144 2
230770 0
255934 2
222593 2
255945 2
255948 2
222592 2
199777 1
199759 1
199784 1
199803 1
199745 1
199804 1
221544 0
255947 1
255944 1
255933 1
213979 0
254778 0
254768 0
220112 2
199778 1
223325 1
254773 0
242357 0
250905 0
197226 1
197225 1
131685 1
138350 1
215719 0
199491 2
107856 0
219128 1
219118 1
196507 0
218536 2
197822 2
253896 1
203701 1
253886 1
253883 1
204547 2
204937 2
204651 2
244696 1
197819 2
271342 0
200380 1
272657 0
200375 1
284588 0
199839 2
006608 0
219595 2
270247 2
197885 2
270249 2
182984 0
201513 2
235732 0
219117 0
018195 2
128964 2
130357 2
196670 2
196668 2
196661 2
196655 2
130337 2
130371 2
196646 2
173785 2
173789 2
222313 0
171667 1
171674 1
171708 1
171709 1
171700 1
170993 1
171673 1
198339 2
150512 0
196886 2
256555 2
192731 2
197865 2
197728 0
197863 2
197365 2
192783 2
197336 2
196095 2
192997 1
192939 1
195404 2
221880 2
193071 2
198333 2
199269 1
199268 1
195378 2
198304 0
193069 2
198312 0
241625 0
195349 2
195317 2
195236 2
198307 0
195228 2
195204 2
261139 0
256058 0
213570 0
202756 0
130167 2
199408 1
115046 0
198813 0
130088 2
006299 2
213024 0
278925 0
199403 1
199878 1
130092 2
192846 1
199879 1
250880 0
199374 0
130061 2
000755 2
275836 0
199253 0
139349 0
132694 2
132693 2
132779 2
132786 2
132780 2
132821 2
196298 0
139396 2
132678 2
139314 2
193696 2
139296 2
139517 2
152620 0
132655 2
139399 2
139765 2
139522 2
139727 2
281452 1
135019 2
085633 2
201928 1
129729 2
129808 2
134997 2
134905 2
134830 2
138854 2
134895 2
134837 2
130244 1
129807 2
129849 2
129880 2
133670 2
129834 2
129712 2
138843 2
138816 2
138867 2
133660 2
138913 2
130243 1
130251 2
002682 2
138931 2
130230 2
138915 2
131696 2
131772 2
138943 2
133812 2
133980 2
133999 2
002765 2
138810 2
139211 2
133638 2
138803 2
130253 2
006573 2
138797 2
138405 2
131713 2
134832 1
131790 2
130257 2
002890 2
002889 2
130265 2
134896 2
133984 2
131700 2
131578 2
131701 2
134000 2
003607 2
134064 2
131609 2
131805 2
002447 2
002741 2
140262 2
134093 2
139067 2
137392 2
138767 2
137299 2
132060 2
131575 2
134073 2
129937 2
130952 2
131574 2
131608 2
002927 2
129994 2
131570 2
140220 2
132044 2
138636 2
138983 2
138981 2
002928 2
131876 1
131611 2
131576 2
131799 2
139726 0
129987 2
138632 2
131588 1
129809 2
133368 2
138525 2
130116 0
131600 2
140263 2
129934 2
140176 2
134068 2
131587 2
133780 2
133779 2
132459 2
133794 2
140394 2
140186 2
131763 2
144128 2
129989 2
129992 2
143960 1
144271 2
144270 2
144100 2
143182 1
006634 2
138990 2
138686 2
143927 2
143938 2
143165 1
143958 2
275837 2
132446 2
131884 2
132419 1
142750 2
133755 2
143421 2
226533 2
115297 2
143467 2
143420 1
132431 1
143415 1
131761 2
132554 1
131925 2
006734 2
130280 2
144582 2
131748 2
142751 2
069824 2
142745 1
226463 2
102997 2
139134 1
133019 2
138848 1
136686 2
136638 2
136916 0
114660 2
012079 2
144569 2
226421 2
142691 1
161721 2
144617 2
006624 2
275773 0
131726 2
144564 2
211720 0
138394 2
144853 2
114662 2
144810 2
144556 2
161269 2
144048 2
138390 1
002207 1
138393 2
131661 0
144954 2
138769 2
144952 2
144945 2
144948 2
196091 0
144956 2
013779 2
138749 2
144968 2
144935 2
123283 2
138748 2
144060 2
010966 2
144725 1
144054 2
006417 2
122892 2
144724 1
006436 2
144721 1
144722 1
132384 2
144632 1
144650 1
135877 0
144053 2
132559 1
139758 2
006435 2
138575 0
264983 0
144183 1
131717 0
069567 2
123302 2
138973 2
069628 2
102801 2
102740 2
132166 1
006388 2
138955 0
069649 2
130401 1
008264 2
141131 2
141101 2
130454 0
102822 2
147609 2
145922 0
147406 2
139198 0
132159 0
141082 2
147416 2
147423 2
109034 2
141100 2
136475 0
147614 2
144164 1
144175 1
246421 0
130491 2
147720 2
145928 0
130487 2
130511 2
139964 0
130909 1
140973 2
150967 0
147589 2
130497 2
130495 2
140960 0
131565 2
130518 2
138507 1
130477 0
130704 2
130522 2
147566 2
133944 2
002886 2
132543 1
178351 2
238035 0
140972 2
130696 2
101241 2
132152 1
130871 2
115341 1
115349 1
115354 1
130698 2
115381 1
133308 0
130711 2
130860 2
133191 2
132639 0
130864 2
133169 0
220654 2
130877 2
220660 0
145015 0
178089 0
141345 2
141332 0
130898 2
132153 1
230436 2
140369 0
139763 0
230409 2
101245 2
101246 2
101243 2
144135 2
138503 2
101252 0
189130 0
133182 2
189122 0
133167 0
205350 2
177432 2
137072 1
132147 1
009964 2
109715 0
117370 2
101256 0
155610 2
144160 2
130844 2
143408 2
205351 2
233323 1
155611 2
144134 2
233293 1
117348 2
132148 1
112572 0
002264 0
138496 2
136933 1
117375 2
202071 2
117144 2
006064 0
131620 1
141169 2
138508 2
139977 2
006472 2
139987 2
225555 0
140828 0
139965 2
114734 0
280266 1
130228 0
037084 0
138498 0
132150 1
202757 0
147360 0
076131 2
132146 0
199638 2
148166 2
233904 0
147404 2
101385 0
131614 1
138486 0
139837 0
132555 1
131616 0
131860 1
006369 2
199604 2
151646 1
151698 0
017632 1
129355 1
131612 0
152790 0
197932 2
197899 2
129452 1
199376 2
129371 1
129372 1
132160 1
194316 2
129376 1
129373 1
194312 2
194304 2
129375 1
224126 1
129378 1
129379 1
129374 1
129381 1
129447 1
058557 2
129441 1
129456 1
129448 1
264721 0
129434 1
132642 2
232400 0
224094 1
132644 0
131865 0
239901 0
132161 0
129014 2
255577 0
219124 0
255923 0
129019 2
018274 2
128911 2
132643 0
093115 0
152927 0
224096 1
213686 0
131850 0
085444 0
139439 1
141915 2
141912 2
136168 0
099474 0
199239 0
141330 0
224124 0
141939 2
155214 0
144420 0
150966 0
131621 1
196602 1
196578 1
215475 0
144590 1
196355 0
012785 2
246416 0
240261 0
131617 0
136929 0
143407 0
146129 2
115802 0
132145 0
280878 0
080274 0
140920 0
196680 2
132164 1
238033 0
138952 0
139846 0
197180 2
015179 0
151676 1
132168 1
115048 1
148775 0
008887 0
152635 0
129901 0
006302 0
108494 0
199203 2
115051 0
210601 1
199174 2
151649 1
258822 0
254619 2
131028 0
243609 0
140847 0
266709 0
151652 1
194367 2
167248 2
144328 0
097596 0
167296 2
153696 0
129054 0
167297 2
167201 2
197176 1
013729 2
101352 0
130567 0
129127 0
151658 0
144747 0
255523 0
141583 0
197170 0
167146 2
158169 0
201536 2
197256 2
240617 1
168168 0
240583 1
140848 0
141091 0
168267 0
254612 2
256926 0
150081 0
137183 0
141986 2
131580 1
201791 2
143317 0
157909 2
137462 0
253060 0
201566 2
198626 2
162879 0
198624 2
198620 2
196802 2
155508 0
240494 0
130798 1
196522 2
232406 0
199809 2
243630 0
201707 2
161997 2
196366 2
161993 2
130756 1
201550 2
201712 2
199811 2
139456 2
190473 0
130751 1
130722 1
130824 1
196009 0
102075 0
008642 0
238303 0
131084 2
196621 0
139454 0
108974 0
010255 2
227023 0
150915 2
158296 2
131138 2
147065 0
122582 2
122559 1
122509 0
012112 0
131013 2
199086 0
138576 0
220506 0
213872 0
131235 2
134989 0
008865 0
150934 0
131228 2
162711 2
209385 0
202755 0
147086 0
255441 1
147850 0
256031 0
190459 2
150585 0
190470 2
163692 2
255415 0
222160 0
256565 1
256563 1
058497 0
200686 0
154031 0
214487 0
207424 1
230101 0
018000 0
194100 0
240145 0
212167 2
196210 2
196211 2
160208 2
206181 1
212162 2
201474 2
201337 2
201475 2
220383 0
160164 2
196301 0
144406 0
150026 0
154218 0
099857 0
129059 0
112570 0
263117 2
211172 1
201603 0
221444 0
170617 0
130351 0
130237 0
005969 0
273727 0
112654 0
222490 0
112596 0
253856 2
152616 0
199808 0
203124 1
199079 2
198541 2
222862 0
098053 1
203131 1
151660 0
199075 2
253844 2
253827 2
148311 0
199090 2
198537 2
198530 2
010285 2
156127 1
253847 2
270248 2
161056 0
266253 0
225970 0
270246 2
138891 0
222788 0
213841 0
122613 2
197527 0
213550 0
255359 0
122612 2
257879 0
202751 0
150077 0
139582 0
157282 2
079631 1
202105 0
243649 0
157258 2
198346 0
194412 2
012900 0
238207 0
210000 0
213100 0
225583 0
158022 0
255925 0
263564 0
197366 0
200687 0
233659 0
076019 2
095708 0
037829 0
194616 0
129686 0
200540 0
107810 0
075989 2
168268 0
197544 1
194183 2
037581 0
222787 1
237240 0
223636 0
136931 0
140730 0
130758 1
075967 2
194089 0
224628 1
130662 0
224562 1
194176 2
260570 0
138892 0
224620 1
196331 0
079638 0
258499 0
252870 2
018134 0
007318 0
194642 0
018126 0
202104 0
131010 0
182760 1
124726 0
252789 2
213183 0
194219 2
182776 1
077514 0
157353 0
137458 0
253930 0
152617 0
249339 0
010353 0
151047 0
143316 0
198482 0
072255 0
217202 0
075502 2
139789 0
125566 0
190825 0
135216 0
260672 0
075516 2
289329 0
075574 2
075759 2
097944 0
075749 2
075838 2
137461 0
075913 2
197390 0
132662 0
097639 0
229970 0
075837 2
142085 0
244649 0
141342 0
221038 0
177244 0
177419 2
101924 0
177418 2
226018 0
155572 0
177416 2
253020 0
245035 0
196928 2
196941 2
004821 0
238097 0
202749 0
136078 0
254783 0
152791 0
144345 0
177403 1
289855 0
134642 0
230688 0
134919 0
268409 0
155578 0
111820 0
191888 0
256085 0
064545 0
256122 0
258702 2
101097 0
142111 0
143273 0
076670 0
014308 0
129018 0
140037 0
177274 0
196025 0
200458 2
131663 2
196073 0
241271 0
010227 0
289519 0
138427 0
069164 0
136077 0
153662 0
250808 0
211704 0
227029 0
158023 0
278168 0
135993 0
252539 0
197384 0
155497 0
170734 2
258572 0
224125 0
114722 0
170668 2
201586 0
177438 0
269062 2
268978 2
002542 2
189124 0
269254 2
258909 0
112228 0
138656 0
269112 0
240433 0
002509 0
139718 0
136914 0
008730 0
271348 0
142119 0
191302 2
246429 0
177430 0
002937 0
120857 0
143201 0
230097 0
256004 0
153213 0
154874 0
167810 0
191088 2
230503 0
230276 0
232469 0
260320 0
201197 0
139884 0
255912 2
150037 2
150514 0
142126 0
256615 0
222067 1
211782 0
224029 2
129775 0
253573 0
158019 0
139654 0
009761 0
150031 2
231796 0
158363 0
112761 0
253139 0
163811 0
220377 0
124358 0
147055 2
150073 0
150029 2
017038 2
182110 1
254751 2
254747 2
254707 2
197966 1
150011 2
253604 2
224014 2
132386 0
150019 2
197930 0
255274 2
230056 0
138422 0
254786 0
012396 0
266877 0
178091 0
042733 0
192302 0
132129 0
151048 0
289520 0
269219 2
115725 0
064895 2
122556 0
152039 0
195999 0
064885 0
202653 0
168951 0
155759 0
243613 2
269138 1
254818 2
233362 0
269037 1
269363 2
225613 0
256635 2
269284 0
186030 1
133028 0
084119 2
268985 1
076502 0
084138 2
254813 2
157805 2
282633 0
178095 0
257309 0
223369 1
085175 0
254812 2
253737 0
199875 0
256543 2
155579 0
192966 0
232631 0
166385 0
140599 0
254774 0
222587 0
160135 0
264984 0
182686 0
094765 0
267644 0
255087 0
265046 2
082920 0
178092 0
256671 0
243507 2
234469 0
269014 1
220568 0
010163 2
144376 0
027786 0
256109 0
198550 1
105428 0
085274 0
269135 1
198643 1
122454 2
196356 0
198691 0
230755 0
269109 1
256079 0
139345 0
143202 0
198692 0
155222 0
256706 0
252969 0
071529 0
071812 0
254779 0
240136 0
157512 0
182623 0
230090 0
082538 0
258885 0
242242 0
211379 0
208355 0
254784 0
225907 0
140380 0
255453 0
002691 0
253485 0
132476 0
200962 2
272364 0
239253 0
123638 0
200950 2
242713 0
274183 0
269742 0
130308 0
255275 0
041998 0
166988 0
201960 0
213514 0
196579 0
147076 0
190751 0
182563 0
230263 0
198368 0
132453 0
235792 1
148903 0
263645 0
220497 0
004962 0
226019 0
135414 0
155909 0
270425 0
255377 0
132416 0
251187 0
132996 0
154230 0
222299 0
196769 0
071694 0
198433 1
157352 0
198914 1
286587 0
077478 0
232257 1
060019 0
254287 0
135853 0
232727 1
241786 0
274968 0
138543 0
232808 1
004870 0
233090 1
256503 0
233334 0
233091 1
166386 0
156501 1
233351 1
156497 0
154871 0
140826 0
133126 0
233326 1
162251 1
155188 0
162243 1
279711 0
253631 0
127014 0
136170 0
277942 0
241647 1
233909 0
147946 0
122157 0
233437 0
242326 0
220011 0
259341 0
122308 0
231486 1
279957 0
154537 0
233401 0
157465 0
178299 0
168338 1
241658 1
137425 0
252486 0
162165 0
224569 0
129109 0
179531 0
223072 0
196603 0
157466 0
160392 0
112777 0
258047 2
168327 0
233419 0
258052 0
199876 0
231485 0
241816 0
196297 0
274163 0
155711 0
154057 0
149118 0
011792 0
167791 0
257594 0
251616 0
194130 0
194875 0
231604 1
255186 0
152553 0
114965 0
097187 0
003475 0
132898 0
146746 0
256694 0
130573 0
162184 0
196843 0
097943 0
102337 0
233410 1
193439 2
193164 0
289854 0
233399 1
256449 0
233638 0
151663 0
104702 0
196011 0
256722 0
269022 1
215715 0
239906 0
092687 0
224564 0
156464 0
238380 0
194783 1
168323 0
104985 0
199873 0
179715 0
229357 0
237587 0
180090 0
266707 0
178097 0
156463 0
249523 0
275018 0
156462 0
006749 0
130608 0
260891 0
250537 2
250695 2
196180 0
196730 0
090784 0
067512 0
238294 1
017949 0
153663 0
252472 0
067306 0
227230 0
151065 0
152604 0
111726 0
269034 0
238312 2
061673 0
150072 0
162183 0
061437 0
238308 1
221908 0
148691 0
226960 0
150066 0
193868 0
147414 0
217340 0
242027 0
092694 0
129124 0
238319 1
232140 0
256821 0
093237 2
231774 1
231775 1
256709 0
226924 0
273723 0
147934 0
101235 0
229912 0
161215 0
058685 2
150063 0
278923 0
227007 0
101939 0
162391 0
194177 0
138382 0
257506 2
155565 0
285980 2
058713 2
196070 0
256150 1
256152 0
197532 0
018127 0
112623 1
256637 0
232337 0
151691 2
241272 0
152922 0
117146 0
130309 0
194136 0
151726 0
221333 0
108485 0
259985 0
062348 0
238311 0
210795 0
252463 0
234749 0
210130 0
212183 0
031619 0
147882 0
131030 0
163579 0
278862 0
205250 0
223581 0
241881 0
017540 0
266330 0
069280 0
076134 0
133677 0
138491 2
163369 0
225614 0
147995 0
220630 0
063084 0
166716 0
158025 0
118533 0
140598 0
158024 0
003250 0
166717 0
200919 0
155908 0
244395 0
135215 0
012384 0
141400 0
061179 2
061141 2
061181 0
147016 0
269616 1
114830 0
129413 0
194430 0
269604 1
233013 0
085440 0
079861 0
009987 0
252468 0
004534 0
061161 0
197679 2
197674 2
136825 0
163307 0
115977 0
242976 0
261128 0
229077 0
135816 0
152878 0
196657 0
225376 0
000715 0
222009 0
262132 0
230380 0
243735 0
142252 0
272658 0
148064 0
142273 0
138484 0
192912 0
129140 0
097883 0
234428 2
245037 0
269216 2
268422 0
151813 0
233997 0
178037 0
256618 0
182687 0
202693 1
141315 0
202690 1
154185 0
269160 2
260525 0
287885 0
118579 0
163345 0
096179 0
255926 0
037135 0
110301 0
007476 0
256759 0
237588 2
196309 0
196841 0
243294 0
196600 1
196598 0
063986 0
232422 0
189223 0
153037 0
196586 0
081234 0
155766 0
148118 0
201545 0
148326 0
122313 0
024196 0
151039 0
196314 0
272164 0
224828 0
278863 0
191776 0
194849 0
236387 0
264952 0
281372 0
101520 0
218842 0
233830 0
163267 0
008534 1
229021 0
076549 0
003499 0
233753 0
153739 0
138492 0
097597 0
114066 0
140822 0
241818 0
232686 0
075061 0
289858 1
091205 0
215712 0
289870 0
140814 0
211271 1
009726 0
007091 0
233681 0
142024 0
182683 0
140518 0
225041 0
225002 0
171376 0
168736 0
273821 0
196748 0
050860 0
141733 0
289871 0
287887 0
260225 0
245036 0
192801 0
255418 0
076124 0
161371 0
215706 0
062346 0
182440 0
104867 0
212006 0
179997 0
192884 2
219956 0
027925 0
229047 0
192852 2
272729 0
183525 0
081226 0
120936 0
166911 0
205278 0
241848 0
058842 0
037387 0
137460 0
148935 0
033516 0
152918 0
004838 0
148932 0
232598 0
151665 0
241015 0
074618 0
241224 0
221267 0
232568 0
148717 0
289853 0
064550 0
233827 0
212034 2
261602 0
160247 2
119325 0
063531 0
161955 0
240692 0
159833 0
011838 0
233298 0
223386 0
191780 0
191840 0
231339 0
130858 0
194035 0
233828 0
194840 1
269041 1
212272 0
134268 0
163429 0
282706 0
139346 0
112718 0
233812 0
112720 0
027913 0
268988 1
155713 0
144557 0
233684 0
139255 0
281419 0
138374 0
115720 0
018333 0
244393 0
224517 0
150071 0
059219 0
199473 2
055325 0
193276 0
278167 0
160959 0
146507 0
254787 0
183510 0
237656 0
175695 1
161744 0
172069 0
131468 0
046283 0
188780 0
081539 0
061074 0
201835 0
151445 0
273660 0
061188 0
195433 0
220920 2
220962 2
115165 0
221404 0
012198 0
232777 0
233707 0
221415 0
269737 0
253145 0
151472 0
224688 0
210767 0
217405 0
196728 0
191921 0
263552 0
016909 0
276249 0
131940 0
221598 0
194843 0
081185 0
129126 0
259404 0
007801 0
139341 0
007877 0
146805 0
260945 0
