085524 2
010305 1
010298 1
018145 2
115245 2
113573 2
113600 2
080586 0
117089 1
117761 1
124569 1
124564 1
110321 0
005560 1
114664 0
111995 2
112019 2
082362 2
131477 2
186965 0
112158 2
112171 2
112176 1
108852 0
133014 0
115942 2
115917 2
086613 1
086604 1
131289 1
131379 1
131330 1
131351 1
131350 1
067512 0
139705 0
100839 0
025309 0
095237 0
017354 0
009879 2
122234 2
253543 0
284390 0
113675 0
118001 0
004451 0
117308 0
287473 0
081830 2
071261 0
152278 0
004900 0
112277 0
069257 0
086001 0
036596 0
183592 0
032003 0
101924 0
007874 0
133023 0
085992 0
184973 0
101869 0
