085524 1
010305 0
018145 2
115245 2
113573 2
113600 2
010298 2
082362 0
131477 0
117089 0
080586 0
025309 2
065268 2
156872 2
156873 2
188475 0
201258 0
043640 0
135618 1
131875 2
131798 2
131812 2
131791 2
022398 0
134989 0
002358 1
002952 1
188725 0
134318 2
002393 0
012210 0
014596 0
047560 2
266540 2
266582 2
112019 0
266697 0
092692 0
111995 0
156669 0
147577 2
147431 2
147377 2
237246 0
027104 0
192317 0
010561 0
131028 0
169352 1
169256 1
203776 2
041627 2
188438 1
188465 0
275726 2
275736 2
275710 2
270824 0
270635 1
243426 1
019053 0
262452 2
269301 0
269555 1
163233 2
032651 0
181541 2
181534 2
181522 2
165103 2
135486 0
015065 2
125665 2
161509 0
028845 2
028855 2
013161 0
270542 0
270829 0
269508 0
188462 0
270873 0
083067 1
178675 2
180752 1
033670 2
180750 0
086871 1
188756 1
188752 1
188724 1
087337 2
086117 1
188305 0
188437 0
221708 2
031620 1
041609 1
200983 2
199560 2
201081 1
200969 2
046562 1
196436 1
231729 2
231734 2
043439 0
232047 0
054450 2
054425 2
008667 0
201400 0
219756 2
288056 0
201255 0
219768 2
085563 2
027960 1
080734 0
030282 1
162927 0
082131 2
082139 2
059149 1
032811 1
059140 1
269934 0
279544 1
042736 1
058295 1
044250 1
214878 0
164504 2
164492 1
288057 0
019237 0
086484 1
067419 0
163880 1
032133 2
098222 1
276206 1
260990 1
261018 1
261046 1
164498 1
164494 1
263369 0
034268 0
028390 0
028432 0
062473 1
198291 0
061796 1
211557 0
101389 0
081660 0
126329 0
065001 0
288085 0
040992 1
022376 0
163027 0
051265 0
088248 0
198224 0
133238 0
139343 0
221887 0
167413 0
025413 1
264137 0
025448 0
266717 0
098950 0
188679 0
049365 0
260991 1
261019 1
261047 1
275725 0
221981 0
261313 0
041103 1
041116 1
044238 0
164346 0
164462 0
025214 0
279543 0
024576 0
151200 1
007089 0
027825 1
180748 0
018757 0
035966 0
260971 0
045809 0
101316 1
101338 0
024026 0
261311 0
032836 1
031742 0
243183 2
199182 0
243192 2
243191 2
028611 0
149142 0
029049 0
031458 0
058159 2
088255 0
190438 0
101230 0
164675 0
115807 1
115806 1
023147 0
188643 0
190192 0
194282 0
043798 0
160721 0
042016 0
219847 2
289343 1
289268 1
242301 0
134288 0
088247 0
101960 0
223166 1
275735 1
254321 1
243465 1
243459 0
262573 0
260972 0
254322 1
025589 0
169185 0
032358 0
270602 0
130492 0
270608 0
233688 0
083166 0
024439 1
083153 0
023183 1
164425 0
198226 0
280771 0
198311 0
243227 1
029261 0
162917 0
023135 0
243427 1
010216 0
243425 1
243416 1
243406 1
260871 0
243411 1
243419 1
269556 0
270607 0
126530 0
221162 0
288194 0
022682 1
132166 0
271065 0
025257 0
162992 0
221740 0
028610 0
002892 0
005750 0
241490 0
025583 0
188472 0
222411 0
032794 1
084821 0
211798 0
273435 0
259632 0
111402 0
051830 0
266063 0
117761 0
230058 0
210930 0
129059 0
192328 0
253914 0
276205 0
162921 0
120366 0
064233 0
003762 1
135641 2
187725 1
188726 0
109765 0
187728 1
095209 1
052743 1
052729 0
117308 0
126330 0
243994 0
160649 0
023503 0
225149 1
225150 0
225151 0
229563 0
014207 0
188288 0
019336 0
229607 0
268971 0
193123 0
005560 0
023068 1
023065 1
023007 1
134309 0
155532 1
155605 0
253915 0
044567 0
133985 0
229617 0
019780 0
089329 1
254757 1
253816 1
253905 1
254681 1
027834 0
155639 0
156353 1
156398 0
045985 1
046004 1
155626 0
273790 1
273798 0
177350 0
242598 1
242606 1
190322 2
019779 0
242597 0
161512 0
170037 0
117300 0
124382 0
099965 0
024577 0
277771 0
063575 0
040778 2
040803 2
197894 0
272621 2
221441 2
125337 0
115590 0
192264 0
159465 2
037044 0
051490 0
125331 0
128375 2
202519 1
223504 1
126331 0
223513 1
015417 0
188611 0
262574 0
137812 0
041276 0
097921 0
014778 2
025258 0
025614 1
037046 0
136176 0
027381 0
021805 0
188602 0
031741 0
210998 0
118013 0
048903 0
082130 0
203181 0
111579 0
149965 1
149966 1
269524 0
022244 0
028366 0
058926 1
009626 0
209054 0
266101 0
082138 0
125322 0
045984 0
131677 0
139042 0
025484 0
077365 0
286572 0
164751 0
109993 0
252475 1
252492 1
252501 1
252444 1
025677 0
035001 0
088254 0
260364 1
137335 0
260380 0
228715 0
058294 0
188665 0
141238 0
219540 0
197998 1
198035 1
141631 0
167767 0
041325 1
041346 1
097932 0
052860 0
270821 1
270930 1
270969 1
270940 1
270971 1
109385 1
045812 0
081855 0
083032 0
240258 0
252500 0
187927 0
262457 0
116317 0
277670 0
125494 0
158086 0
279175 0
095482 0
279171 0
253916 0
269527 0
228685 0
275793 0
153126 0
115433 0
134919 0
093477 0
112170 0
087497 0
242605 0
009413 0
273838 0
113997 0
022405 0
093469 0
286574 0
259958 0
272252 0
224254 0
166139 0
274038 0
256357 0
121872 0
202656 0
022401 0
028342 1
137440 0
046003 0
174630 0
126434 0
143951 1
067221 0
003648 0
098951 0
197336 0
287837 0
256506 0
001236 0
143934 0
154120 0
137090 0
049754 0
181605 0
085755 0
143947 0
006341 1
211443 0
080861 0
231559 1
116778 0
164876 0
136200 0
270915 2
219942 1
018134 0
270917 1
274597 1
056140 0
068441 0
115926 0
219135 1
023390 0
270925 0
219182 1
286997 1
287006 1
286763 1
286775 1
283190 1
283191 1
283192 1
283220 1
283223 1
288149 0
080459 0
093225 1
093266 1
188701 1
176112 0
188698 1
252491 0
079380 0
093308 0
278388 0
188518 1
188514 1
018663 1
129054 0
093295 0
110441 0
288140 0
287833 0
219598 0
045645 0
191138 0
137073 1
277908 0
156964 0
187316 1
187307 1
270252 0
287950 0
093329 1
058764 0
225165 1
112097 0
047897 0
228716 0
225167 1
078687 0
225177 1
226319 1
289481 0
095485 0
225257 0
226318 1
040913 0
233358 0
281366 0
243315 0
054159 0
054099 0
133812 0
142145 0
235031 0
212687 0
035789 0
166287 0
169588 0
188728 0
