003980 1
003861 1
136491 1
136680 1
136661 1
135937 1
136881 1
137259 1
135900 1
135747 1
135752 1
135767 1
135759 1
135809 1
135818 1
135791 1
135867 1
135858 1
135926 1
135780 1
136675 1
136883 1
135827 1
135797 1
135855 1
135732 1
135738 1
136614 1
135886 1
135830 1
135750 1
135761 1
135763 1
135765 1
135916 1
135869 1
135787 1
135953 1
137023 1
135942 1
135879 1
135771 1
135744 1
135906 1
135839 1
135935 1
135728 1
135795 1
135726 1
136801 1
003944 1
135890 1
135848 1
135932 1
135783 1
135724 1
135955 1
135754 1
135742 1
135957 1
135776 1
135835 1
135785 1
135939 1
136778 1
135914 1
136793 1
135837 1
135734 1
135799 1
135802 1
136381 1
136591 1
135793 1
135769 1
135736 1
135824 1
135778 1
136541 1
135924 1
136477 1
135774 1
135730 1
135861 1
136701 1
136873 1
135852 1
135911 1
135757 1
003852 1
003959 1
003849 1
003842 1
003859 1
003976 1
136404 1
003846 1
136545 1
136468 1
136423 1
136400 1
136685 1
136695 1
136425 1
136503 1
136551 1
135873 1
136629 1
136580 1
137051 1
136582 1
136664 1
136505 1
136396 1
136441 1
136419 1
136493 1
136409 1
136547 1
136499 1
136501 1
136466 1
136430 1
136394 1
136644 1
136605 1
137153 1
136576 1
136507 1
136595 1
136561 1
136586 1
006101 1
136391 1
135740 1
136398 1
136388 1
136775 1
136474 1
136464 1
136593 1
136496 1
136617 1
136450 1
136470 1
136578 1
136386 1
136383 1
136414 1
137141 1
136435 1
003893 1
003962 1
136608 1
136610 1
136691 1
136378 1
135951 1
136351 1
003914 1
137197 1
136722 1
003896 1
005891 1
003874 1
003935 1
005875 1
003865 1
136238 1
003882 1
003880 1
003870 1
004023 1
003868 1
003894 1
003884 1
005967 1
003895 1
003860 1
003966 1
004015 1
003877 1
005931 2
006059 1
137094 1
003977 1
004063 1
005915 1
003851 1
005894 1
004055 1
003941 1
135875 1
004001 1
003951 1
003994 1
003955 1
135716 1
004045 1
003979 1
004049 1
136836 0
006008 1
135865 1
136692 1
135673 1
135495 1
136009 1
135489 1
135497 1
135508 1
135504 1
135479 1
135493 1
135506 1
135502 1
135491 1
136640 1
136673 1
003899 1
136157 1
003878 1
136811 1
003924 2
006131 1
003971 1
003995 1
003853 1
003654 0
138106 1
135753 1
135938 1
135746 1
138108 1
135751 1
136690 1
135950 1
135885 1
138144 1
135860 1
138146 1
136403 1
135749 1
135777 1
136350 1
135760 1
136498 0
135826 1
136674 1
138330 1
138180 1
138274 1
136639 1
137869 0
137258 1
138178 1
138224 1
138622 1
135790 1
135868 1
138123 1
135758 1
137786 1
138150 1
138148 1
136672 1
138119 1
135874 1
136613 1
136592 1
135756 1
137701 1
137005 1
135851 1
135817 0
137744 1
135872 1
136575 0
138182 1
003890 1
138170 1
135733 1
006014 1
136382 1
137847 1
135934 1
138121 1
136145 1
135735 1
137888 1
135854 1
135882 1
137703 1
137961 1
137646 1
004024 1
135878 1
136607 0
135505 0
137675 1
138155 0
137715 1
137924 1
138141 1
135931 1
136774 1
137815 1
136167 1
226201 0
137765 1
154643 1
138465 1
137761 1
138014 1
137694 1
136158 1
138234 1
005945 1
003916 1
136149 1
136777 1
135739 1
137805 1
003952 0
005948 1
006127 2
136546 0
003872 1
135741 1
137664 0
005979 1
003879 1
137964 1
136109 1
138038 0
138548 1
137985 1
138131 1
138509 1
136121 1
004047 1
152669 0
138015 1
135969 1
138275 1
138142 1
136585 1
005989 1
003889 1
135784 1
138466 1
137820 1
137930 0
138122 1
135768 1
138133 1
137962 1
137762 1
137631 1
137806 1
137720 1
138239 1
135773 1
138171 1
137704 1
138151 1
137695 1
137787 1
135970 1
137816 1
137657 1
138228 1
138120 1
137716 1
138240 1
138217 1
136387 1
137697 1
138033 1
137828 1
137766 1
138331 1
137986 1
137699 1
137879 0
137654 1
138109 1
137647 1
138107 1
137663 1
137889 1
137702 1
138165 1
137848 1
138183 1
138672 1
137880 1
138157 1
138124 1
138039 1
138132 1
138134 1
137745 1
138156 1
137882 1
138229 1
138181 1
137878 1
137935 1
137870 1
138135 1
137965 1
137925 1
138145 1
138621 1
138147 1
138136 1
138130 1
138127 1
137634 1
137874 1
138346 1
138223 1
138822 1
137959 1
138235 1
138179 1
137933 1
138215 1
138225 1
138271 1
138149 1
137894 1
138273 1
138128 1
138111 1
137613 1
138384 1
138219 1
137706 1
137929 1
137876 1
138113 1
003888 1
137674 1
138196 1
135501 0
137777 1
138623 1
137740 1
138216 1
138280 1
138677 1
137659 1
138936 1
137618 1
138203 1
138826 1
138720 1
138579 1
137682 1
138581 1
138205 1
137665 1
138199 1
137840 1
137775 1
138266 1
138233 1
137671 1
137884 1
137749 1
137667 1
137688 1
137712 1
138189 1
140932 1
138500 1
138648 1
138210 1
138102 1
138177 1
137737 1
138161 1
138129 1
137904 1
138523 1
137844 1
138118 1
138318 1
138164 1
137814 1
138173 1
138163 1
006416 1
137649 1
138185 1
137735 1
137850 1
138153 1
138464 1
137943 1
138168 1
137642 1
137789 1
137679 1
137693 1
137980 1
138303 1
137727 1
137846 1
137826 1
138070 1
137677 1
138388 1
137785 1
137742 1
137685 1
140084 1
137854 1
137824 1
137842 1
138213 1
137858 1
138262 1
140086 1
138258 1
137731 1
138828 1
137661 1
138246 1
137645 1
138470 1
137990 1
136616 0
137729 1
138207 1
137837 1
138027 1
137852 1
138380 1
137864 1
137900 1
138012 1
137691 1
138138 1
138256 1
135801 1
137747 1
138029 1
138221 1
138278 1
137637 1
137931 1
138099 1
138361 1
138201 1
138260 1
138356 1
138264 1
138159 1
138295 1
138035 1
137669 1
138353 1
138169 1
137599 1
137600 1
137602 1
136660 1
003883 1
138825 1
138200 1
136385 0
003850 1
138827 1
138302 1
004057 1
138034 1
137673 1
138202 1
027813 0
138101 0
137741 1
138184 1
135838 1
136434 0
136315 1
137857 1
137788 1
136201 1
136200 1
135836 0
005906 1
138373 1
135823 1
138448 1
137843 1
003754 0
136490 1
021103 0
137839 1
136792 1
226197 0
137875 0
137784 1
135723 1
058035 1
003891 1
003969 1
136105 1
014118 1
138379 1
070578 0
136540 1
087216 0
137617 1
137845 1
137612 1
008631 1
137739 1
138011 1
136483 0
138671 0
137681 1
005904 1
137841 1
005852 1
137827 0
003900 1
135779 1
137658 1
136609 0
008436 1
141211 1
137696 0
137670 1
137711 1
025439 0
138232 1
138277 1
138255 1
141370 1
136469 0
141374 1
136321 1
135743 1
006314 1
141367 1
141386 1
003659 1
138800 1
138294 1
138727 1
272460 0
139851 1
003907 1
138092 1
136267 1
138078 1
137989 1
003876 1
004094 1
003719 0
137705 1
139835 1
003975 1
139832 1
003866 1
135910 1
138245 1
137748 0
135782 0
139785 1
136161 1
003913 1
137877 0
135766 0
005848 1
137648 1
141640 0
138220 1
138647 1
003767 0
207347 0
004077 1
138912 0
137644 1
204653 0
135808 1
138174 1
138175 1
135727 1
136131 1
137849 1
135913 1
078687 0
136203 1
006100 0
037960 0
135952 1
137019 1
138620 0
137053 1
137726 1
136413 0
137934 0
187227 0
138383 0
135796 0
141040 1
137054 1
136408 0
180766 1
137063 1
008463 1
138222 0
103751 0
204681 0
137662 0
136198 1
136544 0
139783 0
245459 0
016455 0
136628 0
136231 1
136590 0
138227 0
136212 1
225620 0
075034 0
047705 0
180763 0
004037 0
025602 0
276747 1
084314 0
116583 0
135775 1
138112 0
173895 0
003885 1
138761 0
135731 0
136393 0
025986 0
226358 0
137656 0
222886 0
005889 1
135829 0
136395 0
136471 1
136700 1
138352 1
048887 0
148718 0
006247 1
135478 1
136259 0
135492 0
165904 0
117180 0
003656 0
136129 1
162848 0
137822 1
025895 0
135494 1
223391 0
075424 0
138028 0
137881 0
137666 1
136694 0
135762 0
137140 0
066802 0
138676 0
135923 0
222888 0
138719 0
137668 0
136008 1
135864 0
166442 0
135488 1
009886 0
135792 1
138214 0
136420 1
212375 0
003843 0
027654 0
217176 0
222102 0
137733 1
037348 0
138821 0
037144 0
016026 0
003937 1
139784 0
188876 0
011211 0
225449 0
137928 0
003915 1
136502 0
137719 0
069233 0
138345 0
135794 0
173734 0
077354 0
252712 0
135672 0
102406 0
051167 0
221523 0
136389 0
003645 0
137050 0
012942 0
135490 1
135866 0
116495 0
126828 0
121141 0
276746 0
136399 0
225416 0
138218 0
015996 0
138469 0
003307 0
037961 0
136550 0
019114 0
135715 0
137653 0
153112 0
136463 0
077370 0
033009 0
066749 0
003657 0
139809 0
006494 1
138935 0
006598 0
254940 0
210836 0
165759 0
162849 0
136839 0
135899 0
138167 0
135956 1
028709 0
218249 0
079695 0
222737 0
205499 0
136500 0
079933 0
264137 0
274275 0
138578 0
173060 0
071912 0
274131 0
136560 0
135764 0
153230 0
136122 1
136101 1
173852 0
030870 0
078623 0
004000 1
137932 0
135798 0
136579 0
125677 0
176393 0
086354 0
136880 0
037130 0
004040 0
162845 0
080119 1
012205 0
274945 0
136449 0
080112 1
040562 0
270603 0
117191 0
037372 0
137676 0
025591 0
105085 0
254927 0
160565 0
136476 0
136594 1
135905 0
136139 0
140097 1
140426 0
027772 0
135889 0
200972 0
182992 0
138279 0
134903 0
079911 0
165919 0
030272 0
051232 0
135936 0
236514 0
138888 0
229767 0
136581 0
137836 0
025978 0
223115 0
136422 0
037946 0
004044 1
011081 1
136618 0
136643 0
078680 0
136684 0
008867 0
136577 0
242983 0
136465 0
138158 0
136504 0
033495 0
027085 0
136217 1
138188 0
266717 0
138925 0
135881 1
143019 0
118138 0
012896 0
135925 0
075708 0
205997 0
201535 0
023162 0
135786 0
137776 0
276734 0
225991 0
196417 0
137633 0
153106 0
223107 0
038021 0
136424 0
004053 1
253435 0
027631 0
183332 0
135857 0
084300 0
136390 0
274035 0
135770 0
138265 0
136380 0
120333 0
010747 0
138110 0
135424 0
136295 0
135737 0
222510 0
118210 0
003480 0
137698 0
003175 0
136800 0
179932 0
057861 0
245447 0
000608 0
136663 0
136506 0
136467 0
211507 0
166290 0
138209 0
116500 0
136882 0
255187 0
142981 0
050550 0
016260 0
052368 0
162844 0
146422 0
120580 0
061198 0
066524 0
005865 0
050791 0
137687 0
003662 0
011210 0
288957 0
176401 0
136492 0
130405 0
010649 0
135904 0
023158 1
025276 0
138939 0
137022 0
071809 0
138198 0
138580 0
089897 0
023246 0
254943 0
165911 0
225446 0
064832 0
138195 0
135496 0
078158 0
077374 0
238872 0
135729 0
138463 0
075992 0
006669 0
214346 0
140931 0
159230 0
050185 0
125671 0
165926 0
023477 0
167093 0
137152 0
050964 0
241778 0
027807 0
023470 0
117303 0
003014 0
207390 0
117476 0
017714 0
149071 0
135507 0
023163 0
011228 0
136917 0
270602 0
166247 0
222523 0
135847 0
006629 0
075707 0
089928 0
066587 0
054118 0
139942 0
166019 0
137819 0
005710 0
027800 0
279296 0
046923 0
210377 0
136604 0
201236 0
138387 0
033594 0
015734 1
219493 0
137899 0
222371 0
117309 0
131896 0
003345 0
207401 0
155130 0
162843 0
074911 0
079491 0
136211 0
188877 0
015058 0
009904 0
020497 0
218746 0
016348 0
037712 0
197579 0
207788 0
027682 0
059540 0
023203 0
166399 0
137873 0
172135 0
139850 0
163998 0
227784 0
212451 0
135915 0
282527 0
199467 0
003660 0
136495 0
043609 0
139949 0
138152 0
157451 0
138927 0
165927 0
137734 0
138916 0
271147 0
143010 0
136397 0
137684 1
145887 0
203248 0
137692 0
137958 0
275697 0
055653 0
221962 0
166400 0
167364 0
005992 0
289049 0
217303 0
026010 0
040661 0
201129 0
023220 0
167094 0
206776 0
239324 0
046744 0
079873 0
111887 0
127542 0
236398 0
224873 0
136440 0
138499 0
138026 0
137942 0
137853 0
135954 0
075858 0
077709 0
104982 0
182550 0
137813 0
138750 0
027773 0
274291 0
115212 0
138204 0
138263 0
079818 0
138270 0
139354 0
003597 0
138117 0
069182 0
125667 0
135941 0
206942 0
009518 0
180468 0
176306 0
027530 0
023475 0
067438 0
120293 0
116496 0
271027 0
117311 0
274931 0
229918 0
275537 0
177350 0
047416 0
135725 0
136418 0
208795 0
165760 0
138069 0
229950 0
037677 0
075957 0
223549 0
250971 0
079880 0
027808 0
079891 0
027777 0
027542 0
269586 0
162643 0
076679 0
035141 0
038728 0
269720 0
135503 0
056808 0
137322 0
268167 0
218739 0
134863 0
148638 0
025268 0
221106 0
137736 0
270458 0
287688 0
215288 0
138160 1
137317 0
137660 0
137678 1
043956 0
004060 0
219516 0
020501 0
055704 0
023377 0
138272 0
217701 0
287406 0
137893 0
136845 0
161434 0
166306 0
136233 0
023188 0
138098 0
152155 0
141727 0
195646 0
274039 0
079275 0
165762 0
020500 0
119511 0
117308 0
222539 0
009777 0
046089 0
153860 0
135834 0
013601 0
139788 0
006415 0
247423 0
076822 0
072225 0
141597 0
004992 0
013920 0
136924 0
138317 0
136429 0
173227 0
143497 0
121978 0
186236 0
027947 0
006411 0
136079 0
148567 0
134874 0
166020 0
178109 0
126179 0
232933 0
275534 0
006708 0
136473 0
046141 0
138522 0
013627 0
116697 0
123987 0
208104 0
102355 0
138162 0
000427 0
117593 0
112580 0
224868 0
048012 0
111914 0
138568 0
140083 0
269767 0
193905 0
110186 0
079810 0
087594 0
137883 0
151849 0
213120 0
027756 0
171717 0
117234 0
137577 0
039111 0
169842 0
269760 0
216875 0
041715 0
222117 0
010811 1
230540 0
136908 0
274058 0
202185 0
116374 0
282443 0
027789 0
086255 0
115036 0
045816 0
183223 0
274354 0
030277 0
138412 0
115555 0
135912 0
276982 0
137064 0
136355 1
079862 0
117345 0
148658 0
006496 0
136196 0
115031 0
225745 0
115822 0
068034 0
044177 0
072271 0
006675 0
051220 0
169843 0
037710 0
052011 0
221773 0
222983 0
003875 0
027887 0
069207 0
049066 0
079805 0
208608 0
224283 0
163089 0
254957 0
228024 0
094267 0
144063 0
228011 0
166445 0
207267 0
278325 0
166307 0
137630 0
115099 0
222559 0
287700 0
112562 0
284951 0
017285 0
003658 0
171707 0
003301 0
138176 0
024729 0
054587 0
035093 0
020499 0
139348 0
105444 0
138355 0
274181 0
137728 0
220003 0
121979 0
045293 0
139781 0
137774 0
251568 0
116309 0
144679 0
126986 0
138212 0
126289 0
114952 0
205878 0
223470 0
135959 0
094211 0
192796 0
151210 0
087067 0
183267 0
047501 0
183266 0
006606 0
082974 0
003309 0
144082 0
054374 0
222421 0
139637 0
144468 0
247885 0
066570 0
015515 0
004313 0
047495 0
049821 0
003939 0
137979 0
186710 0
246986 0
224192 0
138745 0
237244 0
006216 0
086259 0
127545 0
006246 0
166910 0
199752 0
252058 0
037711 0
029041 0
027179 0
084302 0
237247 0
167596 0
222209 0
232240 0
080368 0
274114 0
075190 0
143556 0
003826 0
166024 0
137746 0
227655 0
217546 0
111737 0
135113 0
242944 0
267617 0
222562 0
273786 0
206397 0
166063 0
117136 0
031929 0
116815 0
137730 0
274068 0
210330 0
229573 0
139070 0
137903 0
013359 0
203239 0
038734 0
139739 0
