226419 1
199662 1
199768 1
211355 1
202309 1
201723 1
201733 2
253060 1
207523 2
191960 1
191952 1
192027 1
233435 2
141618 0
210803 2
210735 2
243224 1
243208 1
243497 1
199799 1
243496 1
199800 1
242624 2
240501 2
196270 2
229632 2
215569 0
225400 2
199644 0
229701 2
243402 1
243401 1
243811 1
243818 1
243559 1
243558 1
244143 1
244136 1
243561 0
243857 1
243843 1
243780 1
250887 2
242947 2
243779 1
257917 2
229964 2
258244 1
229876 2
234372 2
224535 2
234371 2
287168 2
210978 1
287669 2
258502 2
275029 2
275040 2
275063 2
250338 1
256433 0
211988 0
206698 2
223623 0
250339 1
244363 1
206808 1
244341 1
256022 1
201638 1
256099 1
221278 0
255936 1
256770 2
183845 2
256767 2
183853 1
202237 1
206720 2
108832 1
207193 1
202384 1
203074 0
206709 2
202398 0
243834 1
243862 1
187602 2
257272 1
206995 1
257243 1
200003 1
243826 0
205796 2
243186 1
206423 2
257343 1
230075 1
080223 2
184706 1
228910 1
108911 1
108912 1
108880 1
109176 1
228781 1
109198 1
206434 2
208579 1
109210 1
227462 1
184695 2
199967 1
015242 0
227546 0
253449 2
253501 2
208546 2
202794 1
253425 2
253502 2
202262 1
253558 2
253571 2
253576 2
244471 2
253354 2
244451 2
253675 2
228782 1
253701 2
253602 2
253600 2
216167 1
201756 1
253557 2
253570 2
253575 2
210965 2
210756 1
231133 0
256403 0
197534 1
197450 1
165336 0
206885 2
210748 2
255060 1
197440 1
262867 1
202344 1
025484 0
275249 0
184747 1
201963 1
201964 1
253574 1
201958 1
199226 1
201815 1
199222 1
253569 0
199153 1
262872 1
202796 0
199154 1
201813 1
199160 1
128478 1
199156 1
128627 1
203076 2
161523 0
228911 1
271663 2
252372 0
255270 0
265927 0
203072 2
271664 2
203070 0
265042 1
115184 0
256434 0
017574 2
261667 0
208051 1
243528 0
274359 0
205619 0
244423 1
136116 0
262174 0
209030 1
244426 2
254637 1
244436 2
244365 1
244367 1
244261 2
101493 1
244366 1
244353 2
186283 0
244425 2
237379 2
258373 2
257421 0
258357 2
197170 0
281992 0
244435 0
209712 0
251938 0
283607 0
237336 2
237378 0
226161 1
098618 0
226164 0
258430 0
234290 1
234289 0
146539 2
206797 1
207204 1
208975 1
282164 2
080833 1
208007 1
202689 1
282970 0
238027 0
001554 1
254881 0
080961 1
263682 0
240791 0
233928 0
194468 0
155811 1
019075 1
208029 1
208997 1
208018 0
202963 0
256551 1
209911 0
275543 0
199482 1
208986 0
199458 1
244732 0
226922 1
199483 1
224976 0
123878 0
070171 2
199502 1
199558 1
103344 2
070147 2
190565 0
103320 2
070150 2
103323 2
208414 1
208678 1
057897 0
127751 0
152740 0
260615 0
032000 1
031977 1
202633 0
229135 0
287867 0
200471 0
210877 0
067843 1
204245 1
210885 0
067839 1
067812 1
182262 0
244502 1
257428 0
243832 0
152471 0
281926 0
153174 0
064349 1
256783 1
113760 0
256772 0
256168 0
197176 0
176462 1
229871 1
261392 0
088010 1
233652 0
225425 0
229824 0
176461 0
253926 0
141604 0
233644 0
190683 0
176460 0
208535 0
190527 0
241117 0
145487 0
241077 0
261453 0
241757 0
238226 0
229820 0
250646 0
261530 0
256803 0
256816 0
187674 0
261447 0
132183 0
264159 0
176458 0
261575 0
086685 0
229250 0
176447 1
264160 0
261671 0
274400 0
234399 0
028839 0
124950 0
240550 0
215600 0
094059 0
023279 0
006558 0
263418 0
029303 0
275809 0
229269 0
201516 0
224398 0
008428 0
235994 0
222775 0
195561 0
124617 0
267467 0
048852 0
199236 0
256173 0
254225 1
254165 1
254170 1
254169 1
254186 1
269513 0
165298 0
164499 0
270407 0
235280 0
160194 0
025431 0
228727 0
187662 0
276412 0
258440 0
226845 0
240836 0
153111 0
224627 0
262330 0
256345 0
244985 0
230040 0
276132 0
148897 0
267709 0
223113 0
115627 0
275521 0
235623 0
260642 0
263740 0
243812 0
202797 0
256432 0
253995 0
270363 0
215603 0
153142 0
252426 0
258925 0
230124 0
226560 0
253780 0
139406 0
261579 2
258446 0
199251 0
229279 0
199789 0
260633 0
226867 0
210852 0
001444 0
202334 1
076977 0
202363 2
131206 0
112197 0
274418 0
195764 0
146493 0
163117 0
192326 0
115188 0
030168 0
025686 0
242472 0
145488 0
202470 0
227727 0
275814 0
186569 0
207754 0
217258 0
119306 0
197180 0
033087 0
269452 0
124470 0
075590 0
152484 0
272517 0
215605 0
261580 0
226626 0
195625 0
136375 0
182927 0
251950 0
153788 0
052216 0
202795 0
218910 0
203057 0
258712 0
284672 0
283605 0
233575 0
243756 0
164385 0
285761 0
226869 0
203050 0
231301 0
010964 0
229146 0
197838 0
226559 0
257456 0
163765 0
261287 0
240547 0
278454 0
240673 0
287271 0
160173 0
017160 0
115447 0
287843 0
164314 0
196217 0
237429 0
283475 0
217253 0
030165 0
181240 0
278452 0
158140 0
282982 0
154395 0
288706 0
033082 0
263408 0
255811 0
060785 0
139992 0
211971 0
283395 0
255691 0
124467 0
164495 0
241459 0
243261 0
198327 0
066359 0
015390 0
