198719 1
198743 0
198677 0
198852 1
198856 1
198733 0
199202 0
198776 1
198801 1
198707 1
198711 1
202147 1
198667 1
198663 1
198705 1
198769 1
198933 1
198710 1
198966 1
199190 1
198704 1
198765 1
198721 1
198738 1
198730 1
198751 1
198768 1
198786 1
198874 1
198835 1
198726 1
198793 1
198844 1
198945 1
198742 1
198976 1
198771 1
198732 1
198668 1
198660 1
199493 1
198789 1
198669 1
198739 1
200604 1
198845 1
198688 1
198666 1
198783 1
198896 1
198754 1
198968 1
198814 1
199496 1
199159 1
198816 1
198822 1
198683 1
198784 1
198756 1
200570 1
198823 1
210839 1
198791 1
200605 1
200569 1
198712 1
198973 1
199161 1
198794 1
200574 1
198939 1
198686 1
198782 1
198713 1
200573 1
200514 1
200516 1
198795 1
198689 1
198731 1
200601 1
198944 1
199183 1
199166 1
198706 1
198757 1
200608 1
198728 1
199200 1
198837 1
198761 1
198762 1
198718 1
198892 1
200753 1
198902 1
200815 1
198770 1
198790 1
198781 1
198796 1
199459 1
202176 1
199471 1
199517 1
199529 1
198797 1
198780 1
198674 1
198682 1
198722 1
198760 1
198700 1
198716 1
206918 1
198729 1
199384 1
199387 1
198785 1
198792 1
199750 1
199755 1
199367 1
252126 1
199369 1
228092 1
227990 1
198701 1
198725 1
199363 1
173153 0
198827 1
198799 1
024051 0
244271 0
035579 1
202185 1
202212 1
159218 2
159230 1
065796 1
065794 2
065792 1
015646 1
149512 1
149515 2
147618 2
147617 2
147606 1
147588 1
147619 2
152566 1
049866 1
049818 1
049954 1
152579 1
243522 1
057016 1
241507 1
165031 1
049348 1
241515 1
149596 1
049514 1
149597 1
165021 1
256989 1
165001 1
255353 1
078546 1
198504 1
220642 1
028902 0
074804 1
108254 0
052116 1
198506 1
149860 2
082239 1
149876 1
150677 1
052126 1
149852 1
075590 0
200249 1
082331 0
116165 0
150681 1
150679 1
150985 1
165418 1
150658 1
150690 1
074917 1
074945 1
074853 1
074854 2
075117 2
083407 0
074962 1
200289 1
220375 1
082203 1
075135 0
235252 0
149600 1
223669 1
200290 1
074591 1
278854 2
074522 1
046248 1
077469 1
043983 1
051331 1
043986 2
043998 1
056643 1
069040 1
016625 0
039964 1
052221 1
080088 1
057296 1
049860 2
046252 2
046247 1
065672 1
082435 1
050055 1
082062 1
082705 1
167587 0
149938 1
075495 1
075528 1
082060 1
075477 1
149937 1
075559 1
075269 1
082601 1
176786 0
082763 0
078602 1
028944 0
091169 1
164824 1
075554 1
045899 2
045909 1
199770 1
039513 0
078063 2
221164 1
086516 1
056583 0
015831 0
015582 2
162241 1
199850 1
150111 1
175446 0
077635 1
162339 0
199849 1
153322 1
065582 1
077586 1
042551 1
148148 0
057843 1
153874 1
091844 2
045815 1
046624 1
091881 1
039503 2
200231 1
068155 1
161046 1
149540 1
065764 1
223496 1
272105 1
161083 1
065828 0
098370 1
025719 1
015658 1
211232 0
149523 2
161048 2
161042 1
015639 2
149553 2
160306 2
038726 0
050899 2
050900 1
272453 1
160355 1
272462 1
011450 1
065974 0
009983 1
145570 1
267862 2
267773 1
096172 1
096368 1
045119 1
098690 1
275872 0
203736 1
205181 1
098526 1
044663 2
218106 1
225562 0
203752 1
099409 1
099701 1
224243 0
158664 1
024710 0
160378 1
199365 1
199362 1
199358 1
225005 0
272539 2
239837 1
244264 0
272415 1
198369 0
205179 1
116003 0
068938 1
039779 0
068966 1
266942 2
068954 1
270306 1
163815 1
068942 1
259826 0
163831 1
065239 1
065227 1
240568 0
266890 1
065243 1
065258 1
277408 1
065270 1
277452 0
152443 1
098003 1
062808 1
062772 1
075697 1
062805 2
141690 0
039713 1
188383 0
149342 0
062814 1
284322 0
111479 0
271851 1
277409 2
161689 1
277398 2
161690 1
271909 1
277394 1
272106 1
046394 2
126814 1
045278 0
199163 1
039946 1
276250 1
046316 1
276302 1
046354 1
099700 1
039926 1
046167 1
271981 1
067765 0
046163 2
240186 0
075744 0
046164 1
046181 2
046241 1
272024 2
271668 1
167918 0
058863 1
064953 0
084018 0
022326 1
039749 0
049706 0
157073 0
046279 1
021070 0
158891 0
051393 0
046277 2
082265 1
272023 1
277120 1
149349 0
050237 1
091167 0
045701 1
099317 0
108515 0
045673 1
045628 1
080889 0
025744 0
270591 0
041763 0
045979 1
045936 2
087470 1
100175 0
224059 1
116051 0
091798 0
067594 1
107927 0
024770 0
134025 0
021084 0
067631 1
222239 1
067658 0
056705 0
079435 1
084643 0
189195 1
001457 0
092908 0
201559 1
028660 1
198111 1
189117 0
198044 1
050451 1
201560 0
050455 1
108534 0
222245 2
050919 0
243035 0
101991 0
046168 1
018009 0
050306 1
046104 1
046427 1
023633 0
051318 1
051308 0
094573 0
160573 0
083394 0
089928 2
041481 1
038003 0
163657 1
084985 0
089897 1
039708 0
076261 0
004883 0
149375 0
045720 0
158919 1
116031 0
023365 0
128476 0
148045 0
141848 0
085698 0
067443 0
057023 0
167919 0
099041 0
025396 0
182577 0
221855 0
220003 0
273017 1
162941 0
023086 0
023606 0
219526 0
045384 0
212794 0
243072 0
086195 1
086281 1
086247 1
219923 0
263175 0
149359 0
079292 1
093951 0
085893 1
085197 1
085857 0
068816 1
085695 1
084146 1
116412 0
277118 1
181808 0
150721 0
051426 0
196725 0
050873 2
050812 2
092873 0
136198 0
220558 0
081228 1
081202 1
085195 1
085188 1
085127 1
082831 0
008659 0
093167 0
102032 1
080176 0
100779 1
100760 0
149266 0
162065 0
197197 0
039751 0
049397 0
108864 0
049475 0
229014 0
108284 0
083326 0
263992 0
181801 0
026775 0
024723 0
038202 0
050824 0
086204 2
050885 2
023069 1
023070 2
023071 1
050887 1
023097 1
086201 2
086202 2
023096 1
034716 0
049389 0
163458 0
078158 0
092784 0
275310 0
023377 0
156230 0
198295 0
129415 0
064578 0
162525 0
149602 0
037994 0
034274 0
021389 0
012776 0
021079 0
127223 0
100459 0
240097 0
004039 0
242292 0
250289 0
240098 0
100570 0
167891 0
176785 0
060253 0
282205 0
202237 0
094592 0
189524 0
276437 0
176968 0
202033 0
270595 0
180737 0
022353 1
022349 2
024768 0
092099 0
085327 0
070151 0
078313 0
239620 0
277416 1
141334 0
271241 0
149643 0
149379 0
262629 0
060360 0
201146 0
116446 0
098949 0
130668 0
224998 0
015677 0
064073 0
087883 1
141685 0
058095 0
213492 1
033925 0
244286 0
056989 0
213495 1
092961 0
213821 1
213310 1
226569 1
083306 0
050717 0
089725 0
270588 0
054071 0
050801 0
225423 0
149552 0
236514 0
051261 0
219986 0
099343 0
150245 0
016221 0
015508 0
049009 0
220075 0
273302 0
027356 0
060363 0
223329 0
169306 0
003876 0
024794 0
016373 0
017545 0
024766 0
037279 0
095225 0
083244 0
130589 0
271522 0
025634 0
035433 0
055927 0
134625 0
043697 0
076262 1
080824 0
124429 0
228520 0
060898 0
156228 0
263322 0
191632 0
223555 0
066406 1
267079 0
187479 0
080529 1
272585 0
050307 0
239413 0
064277 1
088975 0
199251 0
242332 0
140034 0
129638 0
037275 0
164963 0
198310 0
244273 0
162897 0
260156 2
053844 0
231460 0
260154 1
046079 0
085454 0
260159 2
260162 1
260152 2
260155 2
045809 0
260157 2
260160 2
260163 2
260158 1
270222 0
260161 1
278375 0
077290 0
024788 0
276414 0
023183 1
238563 0
051279 0
242314 0
281694 0
276625 0
133175 0
240398 0
266635 0
120998 0
193001 0
099051 0
037580 0
276626 0
079934 0
044401 0
048847 0
000796 1
276529 0
098791 0
070603 0
022309 0
267055 0
015650 0
050457 0
282375 0
278376 0
092177 0
231352 0
022318 0
043603 0
078095 0
068946 0
024822 0
261760 0
243572 0
270592 0
259819 0
135219 0
030668 0
019666 0
220680 0
092043 0
127247 0
225712 0
074864 0
025219 0
051214 0
220611 0
226128 0
116408 0
221177 0
276528 0
021523 2
259791 0
240947 0
092787 0
229017 0
109321 0
239755 0
160334 0
068046 0
162162 0
007052 0
210756 0
264704 0
236677 0
021637 0
050948 0
077356 0
219938 0
006948 0
217109 0
165265 0
164066 0
023866 0
021388 0
026770 0
083204 0
146158 0
278371 0
134095 0
202384 0
042709 0
176714 0
277534 0
226141 0
180745 0
044167 0
086269 0
182598 0
070041 0
074725 1
089741 0
091351 0
284685 0
259910 1
129410 0
020669 0
003298 0
190480 0
159961 0
226152 0
259911 0
120566 0
024695 0
273051 0
115088 0
219148 0
083205 0
084625 0
038144 0
020134 0
066837 0
269275 0
070002 0
194813 0
087508 0
050091 0
187187 0
147061 0
239585 0
051395 0
036846 0
045514 0
142957 0
140203 0
219924 0
051251 0
278374 0
021401 0
201067 0
038834 0
219929 0
243578 0
208486 0
047277 0
221277 0
077780 2
180727 0
021387 0
083905 0
107934 0
053809 0
098827 0
089507 0
270772 0
219927 0
035443 0
167892 0
040390 0
038148 0
219306 0
100341 0
100449 0
275999 0
115822 0
088091 0
019907 0
024423 0
190878 0
090308 0
100571 0
268971 0
024906 0
081495 0
223481 0
047799 0
047817 0
134662 0
136788 0
127161 0
203074 0
019366 0
062895 0
016469 0
008555 0
006778 0
025188 0
050116 0
046101 1
222877 0
046268 1
116013 0
159904 0
244565 0
191760 0
079721 0
135304 0
057266 0
193926 0
177699 0
129597 0
049932 0
187185 0
278505 0
028055 0
226995 0
273549 0
284773 0
170017 0
219925 0
042321 0
227606 0
156909 0
175515 0
116122 0
057267 0
111267 0
161331 0
128757 0
034867 0
220632 0
078408 0
240835 0
004708 0
197761 0
153246 0
270397 0
176182 0
076927 0
162017 0
211773 0
130562 0
186482 0
065159 0
267036 0
015638 0
063150 0
259823 0
144847 0
116916 0
220661 0
077305 0
129642 0
124406 0
098826 0
258988 0
120647 0
189509 0
085611 0
075088 0
289976 0
036796 0
162001 0
111508 0
