044384 1
044349 1
044314 2
044601 1
044602 2
044616 1
209902 1
045920 1
045916 2
040949 2
040982 1
044821 1
044698 2
035123 1
035773 1
041639 2
046466 2
045973 1
040755 1
040898 1
046546 1
036104 1
036111 2
035759 1
044368 1
035766 1
035748 2
035797 1
035786 2
035757 1
035785 1
035903 2
035981 1
035900 1
035755 1
035788 1
035872 2
035906 2
035760 1
035902 2
035756 1
035806 1
035824 2
037794 2
037793 1
035849 1
045324 1
035861 2
045318 2
035765 1
036308 1
040929 1
040928 2
051755 1
035908 2
041632 2
036034 1
035758 1
035832 2
035838 1
035843 1
035792 1
037314 2
036275 1
036340 1
036135 1
035817 2
035783 1
036141 1
035918 1
035867 2
035842 1
044899 1
044732 2
044737 1
035873 2
044731 1
045511 1
041577 2
041594 1
035919 1
035787 1
046519 1
044157 2
046514 2
045435 2
045965 1
045896 1
045358 1
037242 1
045708 1
045356 2
036131 2
046014 2
046049 1
045014 1
044989 2
036140 2
036136 1
036142 1
044332 1
044442 2
044408 2
044638 2
044738 2
044633 2
045468 1
044525 1
044933 1
044524 1
044689 1
044746 1
218004 1
044642 2
088107 1
044643 2
044634 2
035675 2
035674 1
035676 2
035699 2
044939 1
044936 1
044780 2
044756 2
044745 1
044775 2
044739 2
044759 2
044762 1
044748 1
044740 1
044733 2
044835 1
044891 1
044882 2
044327 1
044001 2
045845 2
045891 1
045889 2
045862 1
046594 2
045854 1
039568 2
040900 1
044578 2
035948 1
044632 1
044680 1
044585 1
035904 2
044445 2
044511 1
044253 1
036242 1
035935 2
044582 1
044593 1
044591 2
035937 1
039995 2
044558 1
046489 2
041014 2
046476 1
044474 1
040822 2
040936 1
040792 1
046355 1
046117 2
044264 1
040751 2
045857 1
209417 1
035863 2
035846 1
046293 2
045231 2
046493 2
046459 1
040937 1
044503 1
045234 1
044743 1
044254 2
044239 1
035859 2
044315 2
046502 2
044268 2
035860 2
046509 1
035851 1
040902 2
035879 2
046409 2
035777 1
036702 2
046411 2
041119 2
041480 1
041536 2
045623 2
045117 2
045698 2
042260 2
036738 2
040975 2
042840 2
042358 2
035978 2
041394 1
045692 1
045624 1
045758 2
045727 2
041388 1
045489 2
041306 1
039181 0
045928 1
045619 2
041626 1
050685 2
044323 1
044351 2
036160 2
045533 1
045425 2
040903 2
045955 1
045536 1
049892 2
045241 2
045982 2
045983 2
045296 1
049306 1
045319 1
045307 2
049302 1
044064 1
045689 2
043995 2
049889 1
050961 1
046491 2
040905 1
036098 1
035956 1
036372 2
035933 2
046375 1
035831 2
044278 1
036123 1
044468 2
044617 1
040752 1
044537 1
044220 1
044473 2
044273 1
044391 2
044736 1
036013 1
044579 2
043895 1
035951 1
035878 2
044716 1
044678 1
035776 1
035925 1
035926 2
040901 1
035888 2
044721 1
044520 1
037685 2
044160 2
035752 2
040816 2
044906 1
037675 1
045954 1
046379 2
035790 1
040793 2
040932 1
044498 1
045488 2
101760 0
040916 1
044098 2
051325 2
040915 1
044291 1
045268 2
035649 1
046462 2
214288 1
045177 2
046461 2
036000 1
035912 2
044162 2
044561 1
045024 2
044587 1
044405 1
044777 1
035929 2
035791 1
045999 1
044366 2
040962 1
044032 2
035922 2
035384 1
044767 1
044568 2
035304 1
035735 1
035286 1
035283 1
037146 2
044692 1
036907 1
264818 1
264847 1
264831 1
044509 2
035778 1
051496 0
045532 2
051516 1
045443 2
044307 1
043765 1
044039 1
035841 1
045998 1
054578 1
037065 1
044002 2
044402 2
044495 2
044577 2
215119 1
214463 1
045487 1
264813 0
044536 1
045473 2
044599 1
044419 1
044781 2
035885 1
036186 2
044584 1
035711 2
044203 1
044581 2
044626 1
205162 1
217289 1
035708 1
046047 1
036085 2
051148 2
043977 1
046337 1
044747 1
036765 2
208357 1
209846 1
035598 0
044613 1
044387 1
051514 1
046288 1
044755 2
140935 0
045501 1
045178 1
066382 0
214961 1
044589 1
040783 2
035934 1
045499 0
035927 1
079723 0
044600 1
059086 1
044571 1
051517 1
044614 1
040819 2
051338 1
217238 0
059415 1
044789 1
036748 1
041026 1
044703 2
045367 1
051064 2
044735 1
040892 1
044223 1
043900 1
040934 1
045351 2
044549 1
212029 1
044685 1
035420 0
051339 1
044375 1
046198 1
040907 1
035853 1
036325 2
045163 1
044717 1
209446 1
036652 1
037447 1
201226 1
048904 1
043922 1
207060 1
036318 1
043856 0
044705 2
043908 2
216317 0
051742 1
044851 2
044353 1
207646 1
051066 1
043932 1
051744 1
044770 1
048134 1
040821 1
204479 1
044688 1
044992 2
049611 0
044636 2
045248 1
044603 2
035744 1
043982 1
044741 1
044677 1
044730 1
036683 1
044955 1
046196 1
044606 1
063003 0
218332 1
207658 1
037528 2
216389 1
205560 1
045021 2
044644 2
205156 1
062794 0
044734 2
205767 1
044256 2
212460 1
044149 0
045526 2
044801 1
214705 1
044742 1
051333 1
213276 1
040935 1
217907 1
044357 1
036663 1
036990 2
044501 1
205166 1
037306 2
036978 1
215467 1
029185 0
044280 2
044310 1
037231 1
044592 1
051482 1
110530 1
037213 1
044374 1
155690 0
211193 0
045194 0
040779 1
045005 1
044605 1
051042 1
045801 1
040802 1
044648 1
258524 1
045593 2
036375 2
044649 1
205151 1
037880 1
044687 1
205282 1
044563 1
043876 1
110569 1
037902 2
045757 1
217387 1
207006 1
044163 2
203894 1
037033 1
044129 1
258468 1
222085 0
037924 2
036071 1
217389 1
044008 2
215570 1
037052 1
044552 1
045582 1
205164 1
036561 1
214958 1
044389 1
046361 1
044564 1
205765 1
045357 1
046276 1
044559 1
218949 1
044570 1
036558 1
044572 1
206535 1
044690 1
050892 1
019662 0
110561 1
214960 1
035833 2
215268 1
044631 1
044876 0
046102 2
215464 0
044715 2
035923 2
044272 1
215894 0
035921 1
070619 0
044434 1
045513 2
109397 1
205173 1
082315 0
044693 1
044430 1
044720 1
044197 2
044691 1
204592 1
035789 0
044195 2
203822 1
044586 1
051409 0
050886 1
214352 1
037445 1
218408 1
051519 1
046153 1
044838 1
050766 1
037106 1
219480 1
035839 1
044518 1
048614 2
133501 0
051468 0
138040 0
051605 1
037779 1
213628 1
218177 1
214783 0
021652 0
078021 0
163893 1
208572 1
148724 1
046414 1
035796 2
163872 1
212661 1
048451 1
051664 1
015594 0
205375 0
035866 2
163071 0
040395 0
218016 1
218217 1
200835 0
044506 1
037241 0
045497 2
210789 0
048419 1
203698 0
041352 1
065434 0
107994 0
048832 1
046418 1
217334 1
060586 1
060535 1
216276 1
213889 0
078844 0
044270 1
114841 0
114393 0
045816 0
217902 1
036267 1
089085 0
081180 1
036268 1
036263 1
044048 1
036490 1
045164 1
210344 1
209847 1
212307 0
045148 1
034661 1
044265 0
109321 0
037639 0
037467 1
218368 1
051554 2
044152 1
062819 1
044003 2
164572 0
219810 0
044358 1
036048 1
044004 1
205461 1
044700 2
016007 0
209365 1
044118 1
209788 1
045927 0
044702 1
151281 0
044007 2
210560 1
035714 2
021527 0
035920 1
209430 1
091114 0
044588 1
044580 2
062813 1
203999 1
045201 1
206342 1
045152 1
216118 0
045703 1
035916 1
210107 1
051036 0
044679 1
217701 0
128533 0
205296 1
208240 1
210290 1
044151 1
044681 1
046570 1
050371 0
215487 1
037837 0
044150 0
067803 0
034643 0
044262 1
039423 2
044595 1
044145 1
042426 0
045818 1
205207 1
206495 1
079475 1
113250 1
029003 0
168396 1
049256 1
045846 0
005425 1
115109 0
055703 0
037695 0
215326 0
210353 0
077227 0
218888 1
217761 1
210265 0
217770 1
039413 1
040754 1
035488 0
078277 0
217784 1
099315 0
035284 1
035287 1
035305 1
044902 0
045420 1
045431 2
045505 1
035430 0
007782 1
134910 0
215209 0
035314 1
035385 1
035421 0
215154 1
037310 0
218230 0
053538 0
208210 0
205445 1
036906 1
075763 1
040914 1
051515 1
050788 0
040791 2
051147 1
035870 2
205740 1
217085 0
202559 0
050533 0
035805 1
216691 0
045754 0
207665 0
003860 0
108253 0
036599 0
051506 2
051145 2
045817 1
203956 1
043972 2
208545 1
044209 0
126659 0
050359 0
197737 0
201991 1
057623 0
179822 0
044020 2
042527 0
203427 1
044097 1
218483 0
044104 1
082320 0
037700 0
001667 0
210644 0
286304 1
024246 0
035303 0
004428 0
051173 1
045964 0
218082 0
051558 1
045081 0
112268 0
044316 0
005746 0
075683 1
075688 1
044047 0
116080 0
101771 0
044248 0
029059 0
235399 0
210762 0
042205 0
163504 0
169219 1
254449 0
217964 0
214327 0
024284 0
090123 1
041712 0
090141 1
036759 0
117717 0
078716 0
038839 1
035557 0
215231 0
039121 2
035313 0
098512 0
217209 0
267825 0
044069 0
040039 2
037047 1
046273 0
217618 0
216044 0
033936 0
138041 0
215106 0
088254 0
187827 1
051330 0
213917 0
264833 0
284632 0
281095 0
212784 1
023285 0
044726 1
048305 0
090705 0
208476 0
212978 1
037067 1
034046 0
217647 0
220826 0
050891 1
037836 0
035045 0
043962 1
213483 0
085684 0
213240 0
115688 0
022325 0
204137 1
112155 0
110430 0
035165 0
044727 0
048544 0
029277 0
216237 0
203272 0
045310 0
116902 0
213544 0
044683 1
044650 1
035819 0
091132 0
045180 0
200349 0
019358 0
014207 1
117903 0
203660 0
144120 0
211252 0
020010 0
037634 1
204594 1
041937 0
205303 0
222139 0
215816 0
204701 1
202925 0
045222 0
050921 1
203373 0
214314 0
038656 1
038683 0
044596 2
215539 0
044618 1
206602 0
258491 0
044620 1
044672 0
087356 0
029226 0
021298 0
084332 0
150125 0
044597 1
045038 0
044630 0
210307 0
044803 0
159264 0
256198 0
204032 1
055627 0
268198 0
041329 0
213419 0
207124 0
060330 0
156395 0
222336 0
209852 0
036828 0
216036 0
161996 0
039647 1
099508 0
087072 0
080617 0
152118 0
044886 0
034949 1
010494 0
044567 1
220829 0
212447 0
213513 0
214325 0
036250 1
051505 1
092914 0
067395 0
212097 0
036827 0
176095 1
044065 2
044086 0
001666 0
037742 0
078274 0
218764 0
035244 1
214267 0
040114 0
040247 0
213125 0
038237 0
258549 0
287832 0
054433 0
022770 0
217935 0
050962 0
050684 2
213211 0
175199 1
044547 2
033364 0
204661 0
159048 0
217347 0
097746 0
218974 0
012258 0
269717 0
077961 0
090513 0
206769 0
051381 0
032588 0
131314 0
281096 0
044066 0
042546 1
035556 0
042568 0
029452 0
051501 0
213085 0
038185 0
120360 0
203754 0
050681 0
091214 0
215155 0
051340 0
204480 0
209495 1
097624 0
087372 0
219357 1
036965 0
209996 0
086368 1
015607 0
086867 1
019975 0
116077 0
044087 0
056644 1
057367 1
068507 0
054072 1
018465 0
217788 0
084321 0
030527 0
207066 1
283061 0
023213 0
218365 0
035917 0
013187 0
021747 0
068659 0
175874 0
206669 1
216323 0
207796 0
019129 0
044714 0
216513 0
029006 0
162643 0
214137 0
050608 0
203704 0
213400 0
079192 0
201178 0
089371 0
001828 0
204302 1
050726 0
099427 0
204467 1
204448 0
046453 0
203476 0
036749 0
011233 0
076521 0
204522 1
203677 0
044085 0
046397 0
215061 0
203492 0
052368 0
217498 0
051349 0
037389 0
037192 0
209739 0
209020 0
203942 0
217522 0
034997 0
114986 1
243840 0
214073 0
175845 0
215504 0
056144 0
207637 0
262524 0
044082 0
261825 0
167223 0
220885 0
222233 0
201194 0
036760 0
136710 0
034994 0
068578 0
043975 0
216252 1
215473 0
035285 0
203572 0
128785 0
019342 0
014613 0
208136 0
208314 0
210555 0
023130 0
214135 0
107987 0
116950 0
205039 1
212092 0
091654 0
033303 0
099378 0
069480 0
044144 0
021726 0
118385 0
036964 0
203643 0
254448 0
216602 1
217113 1
204126 0
040585 0
217668 0
216612 1
217562 1
217680 0
203531 0
021847 0
216470 0
116189 0
199600 0
207230 0
043538 0
046371 1
205506 1
261449 0
215364 0
213217 0
210301 0
168498 0
219876 1
216074 0
037765 0
032683 0
125243 0
152077 0
079727 0
097914 0
077370 0
037121 0
204913 0
210581 0
204294 0
079001 0
077374 0
203351 0
195086 0
086482 1
164412 0
213815 0
280800 0
009297 0
088247 0
237106 0
213490 0
216344 0
052748 0
086468 1
001903 0
065003 0
171156 0
226210 0
217030 0
003228 0
283074 0
094411 0
090436 0
119297 0
121160 0
204121 1
050910 0
204176 1
204404 1
204122 1
204171 1
204172 1
093363 0
207725 0
043358 1
215417 0
204174 1
204175 1
203227 0
049010 0
075687 0
269322 0
204434 0
037279 0
217859 0
209616 0
027253 0
214194 0
231990 0
028122 0
061810 0
218425 0
156684 0
204721 0
219100 0
049403 0
070789 0
051595 0
208365 0
057965 0
081149 1
176789 0
043173 0
128782 0
211017 0
090577 0
204952 1
008262 0
120355 0
041627 0
203556 0
014916 0
205635 0
021557 0
149654 0
080017 0
114791 0
218863 0
081677 0
022548 0
183905 0
037564 1
176799 0
058076 0
019667 0
203632 0
087014 0
046410 2
209755 0
023377 0
204030 0
222713 0
207447 0
216244 0
044697 0
205137 0
090602 0
203842 0
050888 0
023450 0
090608 0
029049 0
035555 0
204989 0
215430 0
035807 0
041738 0
081683 0
051057 0
096345 0
206501 0
145654 0
203251 0
058733 0
010140 0
261822 0
214836 0
204114 0
043948 0
078995 0
205276 0
128430 0
065087 0
214566 0
116349 0
108793 0
038810 0
107986 0
199559 0
213420 0
044948 1
211016 0
058339 0
209519 0
127095 0
037115 0
222229 0
043939 0
007438 0
212682 0
145793 0
204503 0
044226 1
036301 0
033905 0
208745 0
037819 0
203518 0
220596 0
044788 0
203246 0
022645 0
037882 0
043600 0
272441 0
208939 0
044619 0
036643 0
113997 0
044147 1
206822 0
268167 0
043951 2
239727 0
218591 0
197030 0
041110 0
119355 0
033759 0
132533 0
036050 0
045182 0
244844 0
034918 0
012561 0
029979 0
157731 0
045203 0
203319 0
163830 0
094323 0
050918 0
038951 0
160670 0
273746 0
193903 0
050544 0
021511 0
023008 0
020793 0
155624 0
044862 0
035818 2
204403 0
217978 0
200747 0
232883 0
067094 0
035784 1
092467 0
000444 0
064150 0
217904 0
039285 0
269010 0
103792 0
028119 0
043124 0
218566 0
024141 0
087388 0
280647 0
061726 0
269698 0
134419 0
243854 0
209046 0
205780 0
036963 0
042887 0
150117 0
206973 0
218148 0
224262 0
210486 0
113801 0
081851 0
018324 0
008187 0
050238 0
034920 0
030218 0
043787 0
206977 0
109427 0
035554 0
152436 0
071918 0
007511 0
045326 0
168536 0
207508 0
023430 0
023136 0
077875 0
116374 0
053773 0
261823 0
059403 1
128780 0
197739 0
022997 0
114519 0
218583 0
062389 0
204402 0
108286 0
095500 0
269033 0
269077 0
040245 0
253050 0
242137 0
043821 1
217774 0
219656 0
090964 0
057069 0
037715 0
059048 0
043816 1
082648 0
005484 0
043815 1
043805 1
183281 0
253714 0
114023 0
045782 0
080076 0
052583 0
115622 0
046412 0
214968 0
034951 0
050874 0
266958 0
064997 0
215392 0
035288 0
022153 0
054401 0
048640 0
014749 0
222280 0
034971 0
215243 0
274608 0
022278 0
145792 0
077418 0
281966 0
009374 0
283063 0
060659 0
043507 0
007260 0
207234 0
042565 0
109039 1
046333 0
204470 0
261736 0
219502 0
004271 0
216843 0
056119 0
109054 1
029646 0
214732 0
217463 1
117866 0
218122 1
210740 0
079472 0
092991 0
204720 0
216304 0
116163 0
204198 0
029780 0
124321 0
056162 0
036386 0
274612 0
221875 0
008685 0
066553 0
079865 0
204786 0
207472 0
209973 0
110417 0
169842 0
077578 0
033823 0
049523 0
005018 0
206824 0
199480 0
152461 0
204188 0
210231 0
079175 0
052689 0
044863 0
162207 0
260525 0
095447 0
256905 0
028750 0
203694 0
164623 0
050908 0
186023 0
002342 0
206601 0
135069 0
039944 0
016302 0
023173 0
044875 0
023924 0
030715 0
218578 0
242413 0
268171 0
174925 0
150154 0
096851 0
037000 0
047014 0
023306 0
051460 0
207126 0
012356 0
045080 0
204254 0
018732 0
050596 0
203472 0
090865 0
124992 0
134431 0
219010 0
044879 0
019122 0
044880 0
159778 0
049164 0
046463 0
036982 0
042576 0
205753 0
214800 0
035599 0
234322 0
206580 0
000346 0
008998 0
135368 0
044077 0
282772 0
075679 0
029563 0
214123 0
003000 0
066975 0
046328 0
036543 0
209761 0
066157 0
259233 0
092150 0
218823 0
008670 0
033689 0
032572 0
205497 0
079131 0
037391 0
242531 0
058926 0
190427 0
209041 0
205424 0
037221 0
212194 0
058482 0
046441 0
012755 0
203633 0
162028 0
257948 0
044500 0
049337 0
038512 0
216656 0
000629 1
006789 1
036276 0
011195 0
000269 0
011683 0
218307 0
211375 0
280816 0
207568 0
218898 0
217339 0
289054 0
088880 0
023009 0
079495 0
215789 0
047662 0
109646 0
020299 0
202136 0
102653 0
169623 0
152099 0
124442 0
061808 0
125764 0
214104 0
097559 0
265355 0
203433 0
203688 0
087012 0
088248 0
086319 0
023245 0
016214 0
269709 0
209415 0
117992 0
187917 0
087709 0
210715 0
216332 0
284719 0
109526 0
269084 0
181630 0
213292 0
037718 0
086439 0
020151 0
222310 0
215553 0
066839 0
213811 0
021650 0
161238 0
215101 0
127154 0
035306 0
216240 0
182937 0
205148 0
033700 0
210394 0
065947 0
032754 0
107691 0
163971 0
203258 0
116160 0
273748 0
036897 0
203037 0
052592 0
109108 0
128888 0
207873 0
064413 0
036448 0
214371 0
045104 0
075558 0
042302 0
203231 0
187899 0
049331 0
013547 0
205502 0
162117 1
208264 0
239573 0
044719 0
064483 0
039083 0
