194093 2
194101 2
193574 2
193567 2
195747 2
195746 2
195754 2
195760 1
196253 2
196251 2
190783 1
190850 2
202635 2
202637 1
202641 2
201727 2
201737 2
201752 1
264171 0
202640 1
199484 1
199460 1
201781 2
227400 2
227402 2
233314 1
233301 1
199454 0
202936 0
201748 1
201734 1
201740 1
201792 1
262765 1
266022 0
213890 0
262757 1
262760 1
071197 1
104370 1
071204 1
104377 1
224068 1
223996 1
223950 0
196798 1
196796 2
196347 0
257508 0
230375 0
008415 0
279949 0
202834 0
262885 0
132119 0
232233 0
196321 2
196307 2
235516 0
196272 2
196282 2
202112 2
202122 2
201938 2
110893 0
128556 1
202135 2
128516 2
201929 2
128517 1
128559 1
202134 1
202375 2
202157 1
257093 1
202156 1
192064 0
257107 1
243180 0
196252 2
202151 2
202148 2
202934 1
147134 2
147133 2
202931 1
289911 1
018018 0
263608 0
260660 2
260653 2
261665 0
207490 1
204850 0
078302 0
254140 0
207446 1
264166 0
196589 0
123732 0
235529 0
251324 1
260828 0
283327 0
243190 0
149438 2
205224 2
261499 0
149452 2
264964 2
264963 2
191964 2
192004 2
205235 2
014582 1
266163 2
266162 2
219890 0
195592 0
232890 0
273546 0
220319 0
170268 0
140691 0
137196 0
261747 2
016925 0
187320 0
066143 0
262004 1
246616 0
261926 1
238194 0
259817 0
262736 0
025891 0
257458 0
232206 0
009622 0
164883 0
226412 0
218144 0
288827 0
183862 0
194518 0
017265 2
129618 2
140650 0
028824 0
263238 1
281911 0
221720 0
262769 1
262758 1
262771 1
262775 1
262782 1
155621 0
150863 0
095981 0
237246 0
192674 0
244977 0
275434 0
257821 0
260768 0
131022 1
257820 0
131019 1
131015 0
131011 1
280576 1
256364 0
280605 1
257512 0
131026 0
219267 1
042151 0
219274 1
196656 0
017415 0
194545 2
254686 0
239789 1
239788 1
239794 1
239792 1
239774 0
239790 1
239793 1
239797 1
239782 0
239779 0
239946 0
239776 0
239778 0
183858 0
258855 0
196647 1
285409 0
190688 1
221788 0
131023 0
280577 0
256452 0
011758 2
260827 0
220363 0
157981 0
138807 2
138819 1
289475 1
285408 0
232213 0
260767 0
145521 1
013195 0
265998 0
017919 0
226847 0
194537 0
230979 1
279816 0
232446 0
160700 0
171315 0
278125 0
137508 0
005406 0
195267 0
014859 0
221818 0
146512 0
228603 1
273846 0
228602 1
109712 0
194534 0
228601 0
260762 0
130264 0
133949 0
071434 2
104607 2
071405 1
104578 1
004455 0
171319 0
193890 0
226405 0
079967 0
284576 0
152530 0
122056 0
265937 0
289070 0
080664 0
148757 0
151705 0
029105 0
280606 0
254139 0
250119 0
257507 0
205983 1
205950 1
275316 0
184418 0
133620 0
170266 0
229177 0
257278 0
226469 0
154464 0
221780 0
008000 0
259793 0
231153 0
218242 0
123843 0
051813 0
256560 0
245978 0
287469 0
225605 0
265591 0
013206 0
255822 0
201135 0
111521 0
074733 0
197028 0
260126 1
145510 0
264453 0
200839 0
265268 0
284570 0
121402 0
038990 1
152578 0
099830 0
