038793 1
046428 2
002426 1
079635 1
074739 0
112106 1
044282 0
113419 1
114502 1
114495 1
199083 1
131217 0
113309 1
113324 1
113378 1
113369 1
113123 1
113477 1
113380 1
113374 1
113317 1
113496 1
113502 1
025494 2
045228 2
045229 2
044676 2
045230 2
045236 2
044604 2
044608 2
046039 2
046162 2
038800 1
113355 1
113693 1
113688 1
113942 1
113936 1
113399 1
113489 1
113485 1
025505 1
113388 1
113441 1
113439 1
007875 1
113390 1
113765 1
113975 1
113702 1
113440 1
113973 1
113438 1
113777 1
113030 0
113769 1
113708 1
113311 1
126332 0
113277 1
113768 1
113480 1
113470 1
113326 1
115208 0
207265 0
114938 1
113527 1
113518 1
113405 1
113510 1
079668 0
113475 1
113455 1
113401 1
113407 1
114260 1
114254 1
113781 1
113782 1
191745 0
259182 1
113505 1
072187 0
264157 1
113403 1
262577 1
113444 1
041854 0
113571 1
113413 1
113566 1
111584 1
272460 0
016545 1
113723 1
113778 2
113720 1
078804 0
268861 0
113434 1
113511 1
113504 1
113362 1
113359 1
113433 1
015734 0
080076 0
196069 1
015136 1
119032 0
075430 0
076244 0
127184 0
043000 0
159415 0
075568 0
274564 0
113360 1
078361 0
038024 0
153363 2
113673 1
153365 2
002288 2
177252 2
159937 0
112636 0
085756 2
111541 1
113516 1
113525 1
085776 2
022301 0
045135 0
109115 0
074829 0
114735 0
113356 1
113531 1
113545 1
220745 0
113460 1
173382 1
162893 0
199467 0
081165 0
078685 0
069843 0
113322 0
113528 0
118898 0
162266 0
040866 0
076196 0
003000 0
080136 0
008787 0
247994 0
130684 0
088576 0
075875 0
114215 1
114111 1
139406 0
175679 0
191731 0
158107 0
114410 1
069859 0
022409 0
126659 0
115518 0
268873 0
113430 1
113431 1
114969 0
127162 0
078926 0
075392 0
075348 0
078390 0
114950 0
114947 1
114945 2
158345 0
092113 0
170190 0
123139 0
111610 0
218910 0
025404 0
274065 0
111932 0
121973 0
114966 0
118899 0
075854 0
006712 0
158252 0
126263 2
126222 1
126271 1
126257 1
126253 2
074933 0
110549 0
040762 0
115515 1
114944 0
115525 0
118942 0
017781 0
075708 0
222891 1
000342 0
118904 0
043310 0
150078 0
170191 0
159563 0
038033 0
113526 1
113517 1
233055 0
075515 0
114976 1
078903 0
079630 0
105359 0
034679 0
022395 0
117246 1
007813 0
116915 1
116260 1
145832 0
111308 0
130720 1
018271 0
043380 0
150025 0
007335 0
155314 0
082059 0
199238 0
126811 0
193410 0
002321 0
135148 0
171672 0
078678 0
124106 0
026544 0
088582 0
025152 0
000686 0
032616 0
134626 0
075643 0
220971 0
090867 0
257817 0
074937 0
003719 0
033009 0
148718 0
114949 0
101894 0
103032 0
081333 0
075782 0
074826 0
088580 0
005121 1
138617 0
119527 1
078378 0
274317 0
113347 0
121229 0
131900 0
159534 0
002152 0
054213 0
120268 0
117750 0
208442 0
128914 0
067123 0
205675 0
113603 0
052048 0
