064578 0
086457 0
050307 2
033382 2
047277 2
050457 2
087573 2
063986 0
273302 2
262917 2
080529 2
086269 0
087912 2
063150 2
085197 2
087617 0
257215 2
273538 2
111811 2
085072 2
042342 2
257221 2
032387 2
224352 2
034694 2
085893 2
111760 2
085195 2
224351 2
066406 2
084880 2
085188 2
273715 0
020205 2
032418 2
087528 2
087556 2
060816 2
050023 2
079851 2
088646 2
087960 2
089730 1
011051 0
087883 2
092043 2
089741 2
085127 0
085857 2
076262 2
087808 2
074944 2
092103 2
087961 2
092177 2
074961 2
026021 2
259595 2
050503 2
087812 2
064277 2
088668 2
273177 0
259586 2
260224 0
050070 2
126182 1
088975 0
079856 2
075221 2
074960 2
075350 2
260236 0
026130 2
081202 2
079292 2
259301 2
126196 0
081520 0
086281 2
273551 2
081228 2
089725 1
049475 2
086247 2
050534 2
109558 2
024555 2
086195 2
019546 2
067594 2
083085 2
081529 0
093167 0
049397 2
024498 2
084146 2
038222 2
144476 1
144206 2
085327 2
085454 0
038162 2
075088 2
075542 2
075260 2
144507 2
144252 2
025985 2
023641 2
025910 2
023753 2
067631 2
020981 2
041685 0
023834 0
087470 1
050451 2
041680 0
041004 0
083126 2
040941 0
097738 0
040923 0
040942 0
040808 0
083141 2
260392 0
097749 2
260387 0
067658 0
096160 2
050306 2
226250 2
064073 0
025882 2
040912 0
097807 0
092881 0
096120 2
064091 2
092809 0
092890 0
117581 0
273611 0
050455 2
050469 2
097289 2
036187 2
087863 2
051421 2
083324 2
087861 2
087862 2
036089 0
097366 2
027973 0
027998 0
051283 2
097433 2
046023 1
024738 2
081276 0
036377 0
182519 2
051578 0
096414 2
046005 0
059012 2
041907 1
036407 0
185809 0
265780 1
260256 0
036440 0
185802 0
087206 0
039992 2
047817 1
025918 2
016513 0
036376 0
024736 0
111631 0
090806 0
036297 2
090807 0
036452 0
020220 0
070531 0
103704 0
260257 1
024500 2
047799 2
041903 1
080176 2
112495 2
020217 2
112499 2
020216 2
051284 2
044865 0
024512 2
083398 0
044867 2
087137 0
024149 2
089846 2
042556 0
024509 2
042591 0
087136 0
044095 0
260258 1
048672 0
090855 0
020434 0
021151 2
048694 0
030281 2
080838 2
282110 0
021027 2
069506 1
102679 1
020995 1
109243 0
088695 0
069829 2
103002 2
109347 0
069489 0
102662 0
108005 0
089017 0
021024 2
152067 0
108028 0
089687 0
200139 0
090049 0
090063 0
101114 0
126414 1
109330 0
126448 0
109258 0
090288 0
089690 0
080824 2
067598 0
190880 0
249766 0
070831 0
104004 0
069800 2
102973 2
028895 0
067575 0
089774 0
220274 0
090125 0
175541 0
070861 1
104034 1
090289 0
026282 0
109273 0
220351 0
088162 0
058765 2
220276 0
179719 0
037485 0
126417 0
051108 0
128029 0
000370 0
129788 0
010673 0
141045 1
019666 0
069532 2
102705 2
262593 0
110407 0
280947 0
108655 0
108652 0
019670 0
257794 0
281394 0
037473 0
071439 0
104612 0
071399 0
104572 0
069765 2
102938 2
254847 0
069422 2
102595 2
141431 0
024777 2
024704 2
024209 0
024251 0
033668 0
070870 0
104043 0
070882 0
104055 0
034557 0
033410 0
033438 0
001436 2
024778 2
024705 0
180530 0
001831 0
271580 0
276170 0
070825 0
103998 0
070788 0
103961 0
092873 0
168576 0
236799 0
261086 0
070859 0
104032 0
271858 0
134161 0
225769 0
005186 1
111758 0
050824 2
276171 0
087827 2
271911 2
066837 0
263841 1
180445 0
050801 0
264417 0
028055 0
168560 0
168561 0
289679 0
024794 0
191559 0
285404 0
122907 0
108447 0
159633 0
085124 0
015435 0
125305 0
289673 0
066843 0
180637 0
023304 0
090003 0
024768 0
132772 0
198723 0
024491 0
102032 2
023744 2
087828 2
079830 0
114099 0
198734 0
201300 0
263890 2
134162 0
159628 0
023645 0
202625 0
092787 0
264107 2
199333 0
057405 0
150154 0
047688 0
129500 0
047452 0
014839 0
125880 0
017870 0
129192 0
150158 0
201479 0
090007 0
274621 0
020447 0
048037 0
223949 0
262160 0
087852 0
100779 0
085576 0
081856 0
081823 0
085973 0
100760 0
087393 0
085252 0
083754 0
083405 0
084200 0
089333 0
088233 0
087110 0
077840 0
089340 0
083392 0
076479 0
088239 0
083745 0
083317 0
085225 0
077062 0
077603 0
078813 0
077810 0
081948 0
087389 0
087094 0
078749 0
084797 0
069425 0
102598 0
065510 0
074635 0
068918 0
077014 0
082625 0
075332 0
086926 0
074518 0
089736 0
081167 0
075316 0
089734 0
078126 0
083020 0
085221 0
077431 0
085223 0
068627 0
085213 0
076200 0
016455 0
083060 0
075892 0
085218 0
087815 0
069648 0
102821 0
075884 0
198721 0
081155 0
084823 0
090880 0
079549 0
080315 0
087789 0
024463 0
198705 0
235845 2
198710 0
019428 0
087788 0
027917 1
065729 0
061077 2
168150 0
198739 0
