145072 2
168530 1
192073 2
099728 1
147702 2
177674 2
177735 2
177759 2
177758 0
258702 2
177734 0
037176 2
037318 2
149718 1
168527 2
272064 0
272091 0
272055 0
037251 2
163379 2
259343 2
193164 2
041935 2
165771 2
153984 2
150011 2
153966 1
152884 2
237588 2
152890 1
152896 1
035590 1
285272 2
285269 2
285261 2
285277 2
150029 2
100742 2
152075 2
145863 2
100768 2
267475 0
150019 2
208884 2
003080 0
150037 2
268368 2
261223 2
150031 2
285262 2
285270 2
285273 2
285278 2
137999 1
139511 2
150563 2
034925 2
265185 2
035139 2
190408 1
177673 1
002465 1
150026 2
258910 0
259221 2
151207 2
287875 2
034924 2
263670 1
226019 2
267191 1
277939 1
268383 2
277942 2
256706 0
256709 0
213033 2
028140 0
043037 1
266837 2
159282 2
002820 0
147414 1
019912 2
266856 2
038707 2
280341 1
044717 1
235287 2
267298 0
026915 2
235248 2
038385 0
235250 2
256705 2
288132 2
128777 2
150921 2
233010 2
044705 1
235256 2
188321 0
233026 2
192069 2
280360 2
256708 2
018475 2
128774 2
152504 2
279957 2
152030 2
149728 2
131565 2
014308 0
175467 0
147076 0
153100 0
270198 2
147086 0
227552 0
175466 0
191736 2
134905 0
175460 0
134997 0
129712 0
191737 2
134895 0
155907 1
133670 0
163186 2
132821 0
132780 0
132786 0
238047 0
134837 0
213077 0
224126 0
085633 0
132779 0
134830 0
133660 0
156837 0
132678 0
135019 0
224125 0
182694 0
190825 0
138374 0
153204 0
152505 1
144954 0
134832 0
241271 0
163155 2
145922 0
138382 0
138848 0
144956 0
134896 0
224124 0
134000 0
144948 0
168951 0
225002 0
144952 0
140848 0
243609 0
243630 0
243649 0
224094 0
144556 0
175487 0
132446 0
224096 0
132419 0
144945 0
157282 0
150915 0
153223 0
153224 0
129729 0
174824 0
132655 0
177432 0
129807 0
266333 0
258124 0
288441 0
194176 0
043080 0
157258 0
129849 0
002682 0
167215 0
002886 0
253748 0
267985 0
194219 0
129808 0
163134 0
163131 0
263662 1
151035 0
152112 0
141734 0
263694 1
151888 0
162192 0
268794 0
141772 0
258917 0
153060 0
266380 0
140293 0
267189 0
161736 0
126631 0
170278 0
259342 0
153061 0
149840 0
170307 0
164541 0
156841 0
056337 0
150027 0
170333 0
076564 0
146588 0
149576 0
136850 0
144068 0
163378 0
157512 0
235328 0
196808 0
279940 0
149490 0
153674 0
127209 0
168969 0
267178 0
136359 0
133167 0
279824 2
279819 2
144891 0
235321 0
165616 0
133319 0
141614 0
149841 0
170362 0
133379 0
152083 0
