151975 1
151970 1
039553 0
227899 1
089061 0
130622 1
089060 1
195548 1
000416 0
023634 0
224581 1
227906 1
000034 0
017925 0
131417 1
068098 1
113429 0
202158 2
264450 0
131710 1
077040 1
040248 0
019024 1
125217 1
008658 0
191765 1
264966 1
163710 1
126899 1
019049 1
211219 1
192383 0
117779 1
068097 1
009185 0
194911 1
131991 1
122735 1
068042 1
010035 1
126986 1
280349 1
011766 1
122835 0
122837 1
118117 1
004286 1
132649 1
079720 1
117670 1
006069 1
239801 1
019044 1
186153 1
150616 1
153092 1
068068 1
170341 1
170342 1
125215 1
163706 1
239926 1
240106 1
240178 1
240193 1
221910 0
124845 1
176005 1
127130 1
101432 1
142967 1
156429 1
133523 0
150646 1
014868 0
123258 0
011914 1
238718 1
123163 0
019052 1
069102 1
102275 1
143096 1
143097 1
193896 1
113498 0
170724 1
170725 1
175921 1
124686 1
170684 1
153547 1
006944 1
120565 1
079728 1
193884 1
193879 1
143114 1
018506 1
011435 0
125163 1
170685 1
170686 1
193883 1
133845 1
194990 1
134263 1
134292 1
124789 1
153089 1
146633 1
018784 1
195033 1
002786 1
265548 2
170340 1
265549 2
134010 1
134964 1
134184 1
242134 1
000862 1
013183 1
163938 1
134983 1
182699 1
160294 1
193361 1
011861 1
157978 2
136118 1
108531 1
163957 1
182728 1
128998 1
182764 1
182729 1
054705 2
124970 1
238727 1
136117 1
185796 1
238942 1
136186 1
163719 1
001618 1
157982 2
239496 1
124968 1
124971 1
000921 1
263623 1
163705 1
154697 1
018304 1
128899 1
223477 1
153304 1
289135 1
003963 1
242110 1
263622 1
154544 1
177036 1
177083 1
258684 1
263604 1
258700 1
258706 1
259550 1
155696 1
185844 0
136039 1
161392 0
019060 1
228038 1
153071 1
263513 1
137998 1
154560 1
008246 1
242111 1
242135 1
141961 1
238726 1
153072 1
010435 1
054618 1
131858 1
268346 1
236702 1
002292 1
136041 1
163921 1
160320 1
231767 1
167069 1
264978 1
191665 1
169151 1
242084 1
242092 1
142411 1
133846 1
137972 1
133844 1
242067 1
134871 0
169172 1
239536 0
137940 1
071597 0
104770 0
002787 1
136037 0
131676 0
134013 0
176264 1
269578 2
242133 1
204300 1
125709 0
284621 0
269692 1
169002 1
134709 0
181444 0
011905 1
269705 1
181392 0
185799 0
185847 0
182492 0
001613 1
181902 0
131866 1
069827 1
103000 1
175589 0
191824 0
069751 1
102924 1
289221 0
178146 0
155118 0
131650 0
137971 1
090379 0
182499 0
113554 0
153515 1
175685 1
182703 0
236703 1
178077 0
135220 1
289220 0
140623 0
178149 0
195220 0
268426 0
132641 1
109294 0
128133 1
125710 0
189891 0
265287 0
135680 0
179911 1
179912 1
185797 0
185845 0
196390 1
280430 1
178406 0
014825 1
017805 1
219454 1
134023 0
267006 1
112699 0
192125 1
204289 1
289357 1
178394 0
189677 0
031560 0
132089 0
285883 0
012616 1
179722 1
178239 0
269683 1
255914 1
255941 1
009288 1
121775 1
253540 0
253613 0
071541 0
128111 1
203475 1
200641 1
255850 1
289264 1
153577 1
255824 1
267083 1
200642 1
121774 0
088936 1
139313 1
191972 1
124862 1
008909 1
153513 1
153529 1
200643 1
008802 1
176638 1
202902 1
192126 1
269467 1
128693 1
088987 1
168804 1
223776 1
001449 1
159029 1
031676 1
018629 1
128686 1
131538 1
091687 1
236319 1
131478 1
236330 1
196226 1
223420 1
131491 1
100420 1
019724 1
191007 1
239548 2
066541 1
127607 1
100509 1
159008 1
271872 1
196218 1
159020 1
159023 1
126917 1
158874 1
190565 1
271971 1
180125 1
176822 1
190527 1
032430 1
125005 1
159026 1
124860 1
196481 1
069816 1
102989 1
032422 1
181986 0
197748 1
232048 1
196485 1
180128 1
185800 0
185848 0
131869 1
181993 0
191303 1
011219 1
156544 2
124511 1
238940 1
219606 0
081268 1
001480 1
153396 1
152259 1
141987 1
075940 1
155452 1
147384 1
147385 1
185981 1
180126 1
126281 1
053688 1
144752 1
195726 1
195728 1
195737 1
195739 1
195803 1
195806 1
195815 1
195817 1
195830 1
195870 1
195933 1
197869 1
199458 1
199482 1
126292 1
199483 1
190683 1
144806 1
199558 1
197871 1
191227 1
199502 1
124987 1
117429 1
019708 1
117614 1
195948 1
195939 1
087424 1
014462 0
123161 1
147495 0
196503 1
117616 1
190998 1
012992 1
076100 1
003786 0
043957 1
014530 0
176934 1
190903 2
035076 1
169131 2
169132 2
081210 0
003605 0
136327 0
011192 1
190942 1
278634 1
136337 0
145908 1
013603 1
076014 1
122874 1
100958 1
012665 1
044058 1
126900 1
136572 0
196425 1
196411 1
258385 1
169049 1
196549 1
035051 1
170418 1
170419 1
258341 1
278635 1
237242 1
148134 0
116797 1
000537 0
181014 1
240286 1
126888 1
238824 1
069602 1
102775 1
195744 2
070644 1
103817 1
176769 1
176770 1
195872 1
185915 0
156575 1
191062 1
176758 1
013938 1
144789 1
190842 1
161302 1
253833 0
240290 1
131711 1
076113 1
196370 1
170172 1
170173 1
002304 1
238941 1
240300 1
240291 1
126894 1
240318 1
195907 1
195901 1
240317 1
170171 1
116991 1
170410 1
156574 2
123357 1
169492 1
169493 1
169494 1
011986 1
122877 1
002859 1
069468 0
102641 0
195727 1
195814 1
159114 1
161268 1
195829 1
289654 1
169485 1
117315 1
195816 1
169488 1
018321 1
085843 1
224459 1
111425 1
195802 1
159042 1
272715 0
195805 1
128475 1
195932 1
159039 1
191599 1
126890 1
157425 1
157426 1
117316 0
259981 0
127028 1
081318 1
163213 1
076275 1
127382 1
128616 1
124492 1
195725 1
272723 0
212211 1
158944 1
109086 1
158921 1
001466 1
153027 1
164704 1
153181 1
153394 1
289627 1
167931 0
167932 0
163637 1
158876 1
159010 1
124180 1
176787 1
127472 1
070745 1
103918 1
126442 1
001271 0
132502 1
285882 1
167879 0
167880 0
021475 1
124510 1
129654 1
180468 0
110022 1
195869 1
128615 1
128717 0
153180 1
236265 1
117928 1
033773 1
090619 1
018585 0
128714 0
127471 1
153244 1
132521 1
195736 1
195738 1
153455 1
129616 1
017296 1
129598 1
153241 1
129653 1
153157 1
153158 1
153169 1
163514 1
159022 0
159025 0
159028 0
159031 0
126482 1
163495 1
132534 1
153488 1
153168 1
070670 1
103843 1
153028 1
236278 1
123356 1
004201 1
289617 1
176820 1
176819 1
014196 1
014200 1
146881 0
176831 1
012018 1
197330 1
169333 1
169334 1
163141 1
063835 1
110083 1
002369 1
006335 1
167490 1
167491 1
110105 1
136428 1
167914 1
167915 1
167842 1
170304 1
239089 1
098957 1
016629 1
242903 1
238089 1
136438 1
167486 1
167578 0
164470 1
195886 1
127495 0
286551 1
044550 0
202975 1
161933 1
018779 0
036367 1
007380 1
036409 1
242930 1
275358 1
130560 1
018174 1
128981 1
204168 1
042610 0
127504 0
202649 2
042641 0
182896 1
202976 1
210559 1
020739 1
081738 1
163145 1
082200 0
155853 1
065220 1
203116 1
082150 0
238093 1
209950 1
209387 1
063425 1
152962 0
152981 0
156204 1
207674 1
078326 1
036381 0
238108 1
197340 1
013266 1
169864 0
155969 1
169924 0
169925 0
170274 1
275351 1
210967 1
169265 1
100193 1
017582 1
156276 1
009517 1
178651 1
178625 1
178591 1
238103 1
027092 1
178586 1
255615 0
061379 1
012260 0
255790 1
255767 1
065211 1
255808 1
255879 1
169343 1
169344 1
154598 0
020732 1
127726 0
169285 1
208462 0
220161 0
220910 1
220178 0
017791 0
007459 1
262747 1
153399 1
037739 0
014666 1
126962 1
255747 0
042323 0
127775 0
127126 1
032661 0
153406 1
281777 1
184615 1
126797 1
098099 1
037741 0
019616 0
061381 1
156283 1
126777 1
289774 0
290045 0
290051 0
290099 0
078254 1
019633 0
019587 0
288774 0
000568 0
138540 1
139344 2
006475 0
284620 0
088628 1
126447 1
001598 0
010370 1
025466 1
110066 0
158122 1
158283 1
060805 0
143645 2
285524 0
011855 1
152134 0
199699 0
168333 0
011481 1
122749 1
158511 0
182265 0
098149 1
154896 0
112251 1
285515 0
087589 1
190624 1
011252 1
025423 1
112250 1
112384 1
126407 1
112388 1
088778 1
003141 1
139361 1
112391 1
219852 1
143646 1
143731 1
063850 1
010857 1
152908 1
192635 1
281167 1
195539 1
187303 1
192581 1
194080 1
202344 1
288077 1
110823 1
131203 1
124604 1
179696 1
081684 1
187304 1
153466 1
148190 1
195936 1
229437 1
081551 1
076770 1
043921 1
164802 1
019042 1
161283 1
149049 0
164944 2
148196 1
076393 1
195971 0
091267 0
278898 1
153504 1
242901 1
148197 1
107879 1
169329 1
169330 1
221922 1
016557 1
199411 1
179915 0
065277 1
076228 1
148191 1
076392 1
163902 1
035479 1
148198 1
125041 1
176382 1
164167 1
018578 1
156551 1
089472 1
018022 0
129093 0
289368 1
114588 1
033275 1
179916 0
190965 1
269597 1
152011 1
234620 1
164761 1
143944 1
271972 1
076345 1
018531 0
170473 1
170474 1
070522 0
103695 0
125141 1
114563 1
069402 1
102575 1
179876 0
179877 0
180048 1
016644 1
158207 1
160020 1
001498 1
077049 1
170463 1
143888 1
158200 1
114589 1
229431 1
176415 1
114593 1
161271 1
199442 1
159981 1
164126 1
161164 1
188320 1
242905 1
010837 1
125192 1
009885 1
180002 1
231895 0
158665 0
141966 1
038576 0
156917 1
225924 1
271860 1
179780 1
170398 1
170399 1
069367 1
102540 1
202073 0
170012 1
125195 1
163003 1
035723 1
013747 1
160014 1
179767 1
003794 0
199499 1
035725 1
269600 1
065728 0
231904 0
059072 0
038339 0
098556 0
242258 1
247365 1
193359 0
170375 1
143649 1
153581 1
012256 0
033352 1
246794 1
016618 1
125196 1
202084 0
077034 0
122460 1
272283 1
148906 1
161851 0
051575 0
087885 1
160319 0
272306 1
186730 1
160899 1
150546 1
225923 1
001753 0
144907 0
035482 0
169123 1
169358 1
169359 1
177040 1
141969 0
235163 1
169073 1
169074 1
075844 1
153582 1
098034 1
056339 0
252518 0
201952 0
165256 1
036463 0
063848 0
005600 0
120196 0
016530 1
205553 1
033344 1
144513 0
231278 1
012612 1
012613 1
123010 1
165254 1
248167 1
008544 0
186729 0
187504 1
187493 1
156941 1
221240 1
271867 1
221221 1
098004 1
060302 2
068343 1
026907 1
148070 1
269357 1
266094 1
266110 1
068310 1
122485 1
234430 1
169300 0
015745 1
148350 1
013410 1
050051 0
118945 1
016586 1
186680 0
271994 0
238728 1
219886 1
007207 0
120767 0
030505 1
238943 0
164823 1
150562 1
087905 1
262751 0
262837 0
160458 0
169137 0
169138 0
089471 1
238719 0
018219 0
128950 0
128992 0
129645 0
118960 1
171374 1
171373 1
191220 1
013741 0
269316 1
171375 1
231373 0
122461 0
171922 1
177032 0
234791 1
076662 0
010179 1
122487 1
155981 1
087906 1
058341 1
003477 1
007684 0
121125 0
198469 1
193997 1
134155 0
269432 1
231435 0
081685 0
192571 0
093371 0
193983 1
066956 1
166907 0
080057 0
169052 0
186677 0
082468 1
079982 0
278972 1
116919 0
273579 0
002795 1
029147 0
133843 1
184616 1
150547 1
128640 1
204312 0
193732 1
193832 1
133842 1
171670 1
191146 1
156034 1
269680 1
219892 1
128641 1
219455 1
269725 1
269727 1
269729 1
219907 1
012377 0
141663 0
141752 0
064820 1
064817 1
278967 1
158286 0
082305 0
017023 0
269317 1
066443 2
019766 1
029399 0
142068 1
193843 1
239744 1
029397 0
111642 1
017268 0
128571 0
128620 0
128622 0
128653 0
128655 0
128659 0
110941 1
151864 1
281950 0
018248 0
131951 0
142097 1
018509 1
229762 1
034336 0
003266 1
242286 0
099124 0
085205 1
120077 0
116653 0
090968 1
160827 1
226121 0
239746 1
183965 0
160868 1
270927 1
131952 0
071412 0
104585 0
005497 0
120078 0
190294 0
181452 1
032526 0
281977 0
188445 1
032643 0
129750 0
021376 0
156760 1
131581 0
183932 0
075913 0
075837 0
174990 1
190901 1
075502 0
190302 0
119018 0
241065 0
232212 1
075838 0
075516 0
140607 1
009693 0
226189 0
007414 0
120931 0
173158 0
108248 0
122100 0
270122 1
019392 0
273948 0
287670 1
270125 1
110951 1
140608 1
111647 1
229852 1
232246 1
174954 1
190896 1
239059 1
238609 1
286794 1
110734 1
286836 1
287677 1
287892 1
286815 1
220481 1
220479 1
185855 1
110757 1
185880 1
034379 0
111635 1
202826 1
170239 0
239024 0
217910 0
253349 0
111471 1
041084 0
265829 0
111473 1
017741 0
110752 1
191976 1
186048 1
180814 0
185666 0
111401 1
000482 0
139778 0
227568 0
168557 0
178270 1
048249 0
271934 1
111029 1
052900 0
069700 1
102873 1
269462 1
269472 1
012873 0
045248 0
180812 0
168875 0
191825 0
163689 1
111631 1
226534 0
264960 1
089148 1
162687 1
180055 0
108839 0
006776 0
085164 0
039842 0
012919 1
025781 0
090612 1
256813 1
015818 0
190603 1
238968 1
238953 0
090631 1
124002 0
090620 1
035690 1
025628 0
015206 1
125541 1
060497 0
008153 0
013084 0
152974 1
270325 1
270334 1
227586 0
222793 0
108573 1
075602 0
110739 1
145483 1
060376 0
014143 1
175588 1
027082 0
081291 0
111047 1
111476 1
111634 1
270315 1
110848 1
111323 1
111478 0
111393 1
111024 1
111299 1
230775 1
110783 1
110984 0
111860 0
111398 0
110822 1
163701 1
108620 1
108619 1
145486 1
271963 1
108753 1
111415 0
089167 1
108700 1
110986 0
269471 1
145480 1
108786 1
111289 1
111239 0
108844 1
108813 1
111240 0
108872 1
108794 1
111238 0
269423 1
112253 1
111043 0
034696 0
269461 1
032927 0
225084 1
034699 0
240452 1
269554 1
217696 1
269534 1
089168 1
112927 0
229918 1
229950 1
114323 0
061100 0
111214 0
284442 1
068688 1
280589 1
243655 1
111075 0
001237 1
286711 0
176414 0
008502 1
132030 1
176381 0
242902 0
075911 2
014230 0
275973 0
191104 1
169376 0
169377 0
152988 0
111281 0
152987 0
032910 0
251813 1
242942 0
176365 0
148024 0
098563 0
154494 1
068669 0
286721 0
286726 0
233728 1
171862 1
259013 0
241505 0
075863 1
146218 1
276015 0
035726 1
233767 1
233768 1
035693 1
008740 1
266832 0
075872 1
225078 1
251872 1
132496 1
132483 1
195909 0
160977 1
188785 0
260781 0
172094 1
195911 0
235384 0
035722 1
081810 0
003986 0
242979 1
040661 1
242940 0
233979 0
262601 0
082123 1
155837 0
198622 0
190720 0
233212 0
194955 1
007767 0
071492 1
104665 1
139905 0
000031 1
119734 1
185612 1
262430 0
171991 1
198573 0
169883 1
117945 0
151152 1
203169 0
086478 1
152863 1
115729 0
124706 1
199260 0
289659 0
203160 0
203172 0
050193 1
142305 0
020975 1
264823 1
191341 0
031047 0
142193 0
089955 1
014493 0
191399 0
199259 0
081811 0
197477 0
262474 0
199289 0
039019 0
099966 0
128167 0
255433 0
225192 0
224117 0
031076 0
163805 1
152864 1
035703 1
000618 1
243761 1
029341 0
010918 0
002563 0
017558 0
124007 1
109524 0
224082 0
139939 1
142284 0
128216 0
005288 1
253941 0
151504 1
060320 0
155593 1
191096 0
135104 0
038219 0
020948 1
134273 1
231390 0
165406 0
134293 1
265448 0
002499 0
089674 1
020946 1
243741 1
151527 1
124660 1
131445 1
151172 1
151166 1
155548 1
111312 0
155322 1
185887 1
155230 1
109293 0
253246 1
071620 0
104793 0
155219 1
109299 0
157948 0
071617 0
104790 0
155224 1
081359 1
001377 0
067650 0
060505 0
253078 1
116515 2
226269 0
060507 0
247289 0
200973 1
213230 0
175770 1
241767 1
267391 0
201082 1
231658 2
254408 1
255046 1
253245 1
048321 1
065267 0
039225 1
116960 1
279479 0
155216 1
005887 0
000635 1
231662 1
245019 0
256895 0
048264 1
024030 0
068140 0
185661 1
060493 0
185659 0
226390 0
266239 0
040622 1
038315 0
071688 1
104861 1
111417 0
081146 1
048293 1
210422 1
081336 1
156155 1
230796 0
231660 1
000165 0
108469 0
230598 1
064461 0
147468 0
285050 1
252605 0
028205 0
243982 0
226493 0
002444 1
102200 0
277007 1
063851 1
266242 0
267377 0
243973 0
027550 0
258967 0
281105 1
119209 0
210113 0
126272 1
079078 0
039230 1
118346 1
183742 0
151186 1
281109 1
276908 1
156170 1
156171 1
118434 0
157503 1
157504 1
157505 1
168597 1
168598 1
157495 1
157496 1
008511 1
168656 1
168657 1
040826 1
157341 1
040850 1
157433 1
004365 0
118497 0
154114 0
157605 0
157606 0
157607 0
157608 0
157609 0
157610 0
157611 0
157612 0
157613 0
157614 0
157615 0
157616 0
157617 0
157618 0
157619 0
157620 0
157621 0
157622 0
157623 0
157624 0
157625 0
157626 0
157627 0
157628 0
157629 0
149770 0
157597 1
236212 1
154147 0
152111 1
157595 1
256091 1
158528 0
126350 0
157604 0
152106 1
236195 1
181170 0
191975 1
138161 0
287003 0
018774 1
137634 0
025526 0
018929 1
233371 0
101370 0
285696 1
163791 1
215009 0
099846 0
230778 1
202760 0
138033 0
203023 0
239264 0
256300 1
242279 0
149681 0
236420 0
074424 0
107597 0
191540 1
125013 1
286870 0
238107 0
138149 0
155111 0
058793 1
163790 1
286993 0
191496 1
064495 0
023625 0
138153 0
138157 0
138229 0
191515 1
124965 1
152588 1
152597 1
256823 1
256831 1
187912 0
016704 0
182347 0
182326 0
192134 1
211276 1
255310 0
286005 1
211278 1
255314 0
238231 0
172739 0
179515 0
179471 0
182045 0
172269 0
234051 0
234048 0
211329 0
140409 0
002699 0
064343 0
191836 1
257969 0
124690 1
122464 1
012707 1
093081 0
132755 0
016900 0
214214 0
051113 0
008643 0
001839 0
111805 1
020719 0
109522 0
239876 1
011692 0
122819 0
112677 0
013947 0
096776 0
151085 0
033747 1
273696 0
027201 0
161033 0
109804 1
010397 0
190479 0
258726 0
177871 1
273700 0
068618 0
038967 0
124957 0
148499 0
011047 1
056270 0
142248 0
162950 0
258874 0
258960 0
258596 1
258598 1
143630 0
050824 1
081333 0
216167 0
093492 0
115276 0
056372 0
019892 0
258593 1
137213 1
096907 0
069137 0
102310 0
232632 0
108032 0
191719 0
074592 0
094044 1
050801 1
258997 1
259019 1
008250 0
153247 0
032108 0
063855 1
285667 0
036827 0
185320 1
258640 1
258678 1
094058 1
185243 1
258996 1
259018 1
067764 0
185984 1
018323 0
128894 0
159765 1
138894 0
031531 0
257991 0
007718 1
121152 1
024340 0
130961 1
007779 0
138897 1
019590 1
138924 0
240768 1
193209 1
143952 0
185972 1
019365 0
124776 0
053290 0
024339 0
023200 0
256241 0
161859 1
154405 0
161857 1
197066 1
197067 1
192960 0
143977 0
199882 0
064337 0
020974 1
127264 0
192978 0
174136 1
196107 0
193952 0
142603 0
193212 1
190201 0
019363 0
178024 0
281698 0
193914 0
045434 0
193210 1
157943 0
127279 0
067709 0
131171 0
263058 0
263064 0
212504 0
119963 0
129006 0
199881 0
279414 0
046422 0
231642 0
003427 0
130929 1
162050 0
242140 0
157060 1
127117 0
199391 0
141905 0
150005 1
183676 0
087208 0
164575 0
212540 0
143000 0
129003 0
256258 0
199615 1
035780 0
107984 0
196801 0
123605 0
164573 0
239753 0
224242 0
176788 0
224035 0
288813 0
046420 0
155555 0
155556 0
150078 0
197303 1
174129 1
199631 1
020945 1
157062 1
002566 1
151919 1
269509 0
077242 0
083200 0
077261 0
079015 0
000985 0
133798 1
138788 1
002068 0
138847 1
281292 0
141646 1
083975 0
008280 1
133517 1
207029 0
006027 0
125112 0
254023 0
254027 0
195885 0
209875 0
002611 1
259022 0
123236 0
138858 1
129032 2
266075 0
025117 0
239509 0
015815 0
287051 1
239524 0
014760 0
191834 0
146328 0
254008 0
015035 0
165264 0
081664 0
274578 0
006568 1
198267 1
011929 0
122867 0
275954 0
203537 0
133731 0
162518 0
074956 0
163472 0
158111 0
195923 0
101718 0
285199 0
191799 0
148866 0
165266 0
287056 1
195956 0
195542 0
006740 0
241084 0
191172 0
195945 0
184865 0
268246 0
268295 0
069015 0
150395 0
125901 0
228813 0
266651 0
267889 0
209817 0
009465 0
121927 0
013097 0
010877 0
228777 0
228422 0
070680 0
103853 0
093785 0
141901 1
279937 0
076397 0
076819 0
084275 0
192479 1
190951 0
192627 0
113629 0
285238 1
285237 1
287045 1
285231 1
129028 1
018123 1
129027 1
198274 1
054462 1
142197 1
185013 0
160472 1
013185 0
185000 0
045136 1
173188 0
159501 1
150379 0
039349 0
060401 0
160386 0
249127 0
023741 0
197129 1
210936 1
000430 0
016870 0
179209 0
173041 0
013180 0
197353 0
197144 1
155208 1
226696 0
054298 1
129785 1
085964 0
124551 0
042779 0
037806 0
009081 0
121588 0
135245 0
125642 0
210933 1
168850 1
188649 0
161395 0
197348 0
199977 0
261258 0
207952 0
016560 0
205950 0
191572 1
176692 1
193562 1
190795 0
233683 0
009722 1
122122 1
108142 0
181001 1
131386 0
193558 1
205983 0
061124 0
090011 1
141815 0
199025 0
167720 0
167721 0
242113 0
065209 0
035105 0
176694 1
192166 0
155264 2
001298 0
030525 0
190868 0
121587 0
178432 1
018661 0
185904 0
241133 0
087830 0
255757 1
134071 0
041865 0
130981 0
022522 0
148344 0
220633 0
190057 0
032949 0
257964 1
273009 0
182667 0
154441 0
155207 2
193566 1
154841 1
257953 1
193599 1
168683 1
176690 1
178431 1
259135 1
259139 1
259162 1
259175 1
259180 1
257447 1
259115 1
191565 1
191570 1
257378 1
260047 1
176689 1
189915 1
146996 1
190105 1
137146 0
204446 0
285246 0
029324 0
010369 0
155778 1
152837 1
231110 0
152821 1
086680 1
087744 1
174961 0
218891 0
202707 1
169914 0
030205 0
163019 0
197131 0
239455 0
153395 0
111000 0
289672 0
115606 0
108567 0
233403 1
239530 0
239531 0
162954 0
100483 0
192392 0
232171 0
195321 0
181297 0
090555 0
004755 0
119027 0
150685 0
189722 0
100479 0
170999 1
135509 1
136112 0
254935 0
100392 0
232017 0
030202 0
141033 0
235813 0
233448 1
070304 1
103477 1
191340 0
289920 0
254932 0
024835 0
095748 0
256485 0
099196 0
076286 0
100311 0
192889 1
086670 0
259982 0
199013 0
217868 0
031949 0
098158 0
197146 0
071701 0
104874 0
128320 0
076074 0
087701 1
288699 0
060870 0
028782 0
187828 0
190091 1
192858 1
171101 0
070203 0
103376 0
156999 0
145705 0
220403 0
155725 1
233389 0
074574 1
109964 0
166977 0
166978 0
081836 0
201711 0
154178 1
109407 0
153884 0
167038 0
167039 0
155755 2
166787 0
081849 0
065465 0
233380 0
074828 1
149357 0
287999 1
021275 0
153903 0
270040 0
090293 0
028532 0
154231 1
096707 0
101530 0
270104 0
177602 1
153912 0
171187 1
132550 0
109329 0
029146 0
096690 0
130045 1
100155 0
109346 0
001473 0
109962 0
067289 0
140509 0
152429 0
220329 0
151889 0
081733 0
109894 0
127523 0
180573 0
123474 0
188739 0
152166 0
111149 0
081267 0
035270 0
170217 1
017553 0
065941 0
028786 0
171180 1
139137 1
098909 1
040064 0
058602 0
152129 0
051691 1
165832 0
164880 0
001011 0
090253 0
186788 0
123462 0
122080 0
187212 0
164550 0
110459 0
081253 0
116717 0
235554 0
201561 0
153828 0
170095 1
170096 1
081261 0
098943 1
224320 0
081694 0
085876 0
060952 0
163560 0
139139 1
177601 1
288019 1
129974 1
179136 0
179138 0
230897 0
145900 0
262539 0
262401 0
182828 0
087350 0
004990 0
119210 0
119359 0
197818 0
196311 0
117246 0
182820 0
011167 0
185689 0
271052 1
172844 1
172841 1
178614 0
262302 0
223690 0
191793 0
008081 0
095592 0
072258 0
105431 0
111758 0
016746 0
151550 0
057453 0
171505 0
196199 0
197729 0
172908 1
014770 0
240039 0
062147 0
240215 0
240216 0
110081 0
092147 0
120724 0
230507 0
215171 0
265146 0
085307 0
085308 0
176958 0
251187 0
198888 0
267958 1
030553 0
266117 0
123911 0
057779 0
234009 0
157282 0
069392 1
102565 1
183133 0
278742 1
178422 0
077988 0
267957 1
216596 0
160293 0
100106 0
015974 0
009049 0
145924 1
217184 0
113975 0
072232 0
105405 0
007159 0
120727 0
166772 1
166773 1
258894 0
258949 0
198894 0
004636 1
100095 0
199027 0
011070 0
113973 0
004008 0
260610 0
226354 0
196206 0
273931 0
093405 0
118151 0
069242 1
267960 1
069340 1
102513 1
166595 1
268110 1
102415 1
069204 1
102377 1
278794 1
090585 0
090549 0
125147 1
278181 0
138992 0
012296 1
138969 0
147136 0
012372 0
122960 0
017728 0
129294 0
136132 0
048912 0
182407 0
254043 0
194189 0
088558 1
250897 0
254489 0
252840 0
252851 0
252131 0
252145 0
252168 0
252170 0
065587 0
081446 0
089571 0
089599 0
089601 0
089875 0
090164 0
090473 0
115970 0
088557 1
003156 0
002965 1
031430 1
014349 0
144118 0
153246 0
109577 0
023233 0
156111 0
071467 0
104640 0
064632 0
099649 0
255259 1
024376 0
099588 0
001507 0
109892 1
128730 0
082415 0
007951 0
109798 0
134133 1
042739 0
225178 1
093318 0
109890 1
257978 0
048206 0
273102 0
190895 0
195075 0
153065 0
250727 0
025862 0
155324 0
231212 0
126987 0
227055 0
094015 0
140915 0
249773 0
191202 0
099581 0
128665 0
051874 0
256774 0
152487 0
038215 0
152452 0
014210 0
131637 0
026641 0
149988 0
101039 0
225176 1
289971 0
289979 0
288680 0
096417 0
002961 0
168779 0
207243 0
090381 0
028461 0
190564 1
042563 0
042584 0
163020 0
162517 0
272357 0
162505 0
157840 0
275932 0
074670 0
214733 0
206164 0
024025 0
075243 0
177816 0
163887 0
268425 0
288646 0
283711 0
275892 0
028927 0
004590 1
009889 0
074882 1
081147 0
227680 1
091240 0
146639 0
034339 0
077902 0
033118 0
041190 0
080040 0
074905 1
003504 0
101156 0
155109 1
141171 0
117621 0
236460 0
242013 0
198436 1
279536 0
043433 0
181091 0
260868 0
200645 0
032957 0
188397 0
051677 0
265499 0
222990 0
043775 0
012200 0
241950 0
278938 0
216663 0
154794 0
007686 0
234362 0
088622 1
235622 1
235651 1
235655 1
235678 1
235965 1
015772 0
200504 0
111772 0
285347 1
255904 0
034358 0
181120 0
255647 0
200254 0
045629 0
010921 0
201514 0
140886 0
074881 1
168762 0
225211 0
225218 0
217882 0
030835 0
186059 0
030606 0
175622 0
002099 0
034385 0
227794 1
155108 1
199048 1
235964 0
235650 0
235654 0
235677 0
235621 0
189405 0
070959 0
104132 0
258844 0
183722 0
040370 0
193550 1
195835 0
183723 0
185126 0
012117 0
189321 0
126343 0
238063 1
195889 0
254262 0
113291 0
260208 0
278347 0
278705 0
233511 0
058616 0
167126 0
195833 0
195834 0
184132 0
180198 0
012184 0
144167 0
170932 0
050941 0
193720 0
286639 0
286712 0
286722 0
286727 0
167079 0
167080 0
286795 0
286816 0
286837 0
287671 0
180389 0
206445 0
197501 0
167859 0
193580 0
117718 0
281611 0
038332 0
124451 0
021285 0
078365 0
230912 0
160594 1
104714 0
159219 0
132910 1
258771 0
173644 0
111561 0
141149 0
197286 0
000573 0
037784 0
186999 0
046563 0
259610 0
113133 0
286136 0
258746 0
087330 1
230921 0
233993 0
279012 0
195749 0
276877 0
276886 0
233992 0
152346 1
191481 0
191652 0
064188 0
004882 0
233889 0
099394 0
188714 0
173727 0
010739 0
257670 0
083320 0
154097 0
086917 1
132938 1
160539 1
160531 1
132952 1
132955 1
110412 1
091332 0
210279 0
111225 0
027454 0
210710 0
000733 0
274535 0
014213 0
127855 0
141471 1
276527 0
059497 0
144106 0
010958 0
080232 1
258502 0
207446 0
252664 1
252756 1
252760 1
020300 0
235455 0
107907 0
101008 0
169656 0
276413 0
218020 0
210205 0
278263 0
011149 0
127911 1
178234 0
090275 0
002321 0
216939 1
063480 0
127897 0
115243 0
101263 0
158077 0
123202 0
163041 0
159413 0
069263 0
102436 0
252520 0
124001 0
012050 0
171480 0
155859 0
194488 0
020301 0
158729 0
043758 0
168996 0
168997 0
146053 0
075558 0
139934 0
127884 1
027696 0
258274 0
137107 0
185665 0
143447 0
288737 0
258272 0
268866 0
126201 0
144197 0
052879 0
286193 0
080051 0
287082 1
083291 0
001895 0
213695 0
043598 1
039228 1
151330 1
083274 0
043754 0
087381 0
288383 0
123212 0
044647 0
033398 0
117398 0
115053 0
116771 0
239328 0
132172 1
001078 0
287084 1
043606 0
098617 0
182612 0
157088 0
109543 0
158976 0
134261 0
180530 1
108035 0
133850 1
174672 0
211561 0
017778 0
140719 0
161349 0
094123 0
064849 0
087391 0
093945 0
225230 0
126549 0
159984 0
170650 0
156265 1
271549 0
087345 0
177469 0
132181 0
182542 0
235556 0
266557 0
060902 0
091158 0
141425 0
113719 0
266575 0
129824 0
222553 0
146492 0
020468 0
024495 0
272952 1
033294 0
155271 0
217555 0
244804 0
075811 0
101081 0
242239 1
194825 0
202659 0
082463 0
082493 0
244808 0
244811 0
244817 0
244824 0
244829 0
133241 0
024570 0
125033 0
241382 0
286304 0
041184 0
069432 0
102605 0
215476 0
242339 0
090807 0
201457 0
201459 0
201463 0
194964 0
167742 0
225175 0
232634 0
234714 0
288576 0
109396 0
133709 0
093936 0
133239 0
062910 0
012310 0
082070 0
034921 0
019431 0
181320 1
024492 0
003094 0
196179 0
287026 0
023435 0
094124 0
132141 0
184842 0
231930 0
167970 0
070851 0
180445 0
242247 1
133618 1
237676 0
204830 0
140512 0
071557 0
104730 0
273725 0
208996 0
099944 0
005063 1
143902 0
154115 0
018225 0
180175 0
038175 0
201105 0
200138 1
210414 0
169760 1
169761 1
200041 1
141959 0
226156 0
113681 0
226705 0
209658 0
012037 0
163163 1
278179 0
143788 0
052643 0
003062 1
001051 0
285276 0
147375 0
235461 0
032623 0
235464 0
181591 0
152469 0
000947 0
285275 0
255403 0
258875 0
195001 0
139776 1
204027 0
190765 0
101197 0
152992 0
012630 0
124547 0
136810 0
015270 0
235484 0
218560 0
124964 0
131331 0
274661 0
230007 1
000070 0
169676 1
197991 0
163239 1
091639 1
140806 0
282491 0
282504 0
282506 0
282563 0
282566 0
023751 0
068178 0
137257 0
157578 0
224014 0
235489 0
228417 0
018541 0
238030 0
016411 0
150426 0
019466 0
185776 0
252638 0
148523 1
221951 0
200137 1
035302 0
002975 0
258444 0
032712 0
140902 0
282640 0
169511 0
123583 1
154760 0
033407 0
163104 1
163107 1
123573 1
139845 1
014842 1
126875 1
002687 1
126293 0
143085 0
254539 0
133968 0
287748 1
142890 0
142892 0
182216 0
017473 0
001452 0
238791 0
182188 0
115840 0
256450 0
254580 0
130370 0
130422 0
190292 0
254606 0
076408 0
232761 0
034151 0
033104 0
162506 0
242224 0
042062 0
175791 0
003135 0
189919 0
027895 0
080425 0
272019 0
162496 0
143084 0
242253 0
234113 0
192131 0
071530 0
104703 0
287327 0
004896 0
119231 0
137160 0
063386 0
181705 0
276091 0
137169 0
191974 0
183224 0
017427 0
076097 0
039508 0
132163 0
016183 0
050472 1
183228 0
145669 0
033351 0
235683 1
230561 0
025715 0
108597 0
169923 0
287313 0
112688 0
133837 1
224011 0
017401 0
182285 0
134021 0
034159 0
098700 0
055931 0
088652 0
074624 0
004929 1
119285 1
109120 0
287316 0
085571 1
233487 0
242207 0
022519 0
133833 1
047163 0
224028 0
160979 0
173653 0
142330 0
152478 0
132221 0
234115 0
085448 0
133787 2
050335 0
133799 1
050334 0
117966 0
014277 0
167769 0
014132 0
016835 0
080465 0
082363 0
201132 0
139621 0
005671 0
120280 0
039957 0
286789 0
095436 0
133727 0
121278 0
260247 0
128006 0
142701 0
139550 0
081856 0
155838 0
009020 0
000472 0
004989 0
119358 0
193618 0
027430 0
158838 0
260240 0
008828 0
136531 0
188215 0
161029 0
081823 0
009050 0
121555 0
054367 0
158177 0
136528 0
084068 0
268789 0
169090 0
279083 0
195210 0
174744 0
226264 0
147453 0
128604 0
064912 0
138408 0
128658 0
079660 0
027399 0
008681 0
133725 0
136379 0
037803 0
015416 1
125323 1
257920 0
000917 0
079454 0
182560 0
142692 0
063923 0
042713 0
121524 0
031426 0
156621 0
186320 0
091179 0
193293 0
156539 0
189913 1
130847 1
130886 1
130900 1
218344 0
121554 0
242027 0
002836 0
232085 0
195772 0
239112 0
252969 0
136562 0
267703 0
006895 0
182911 0
151603 0
076403 0
239748 0
239751 0
239767 0
190899 0
190166 1
183971 1
169375 0
046129 0
050257 0
012282 0
122931 0
148530 0
050287 0
019691 0
153730 0
079964 0
177858 0
196030 0
238621 0
200292 0
001740 0
063328 0
152882 0
071953 0
072331 0
072634 0
072897 0
073157 0
073413 0
073675 0
073932 0
074192 0
105126 0
105504 0
105807 0
106070 0
106330 0
106586 0
106848 0
107105 0
107365 0
045325 0
141245 0
082079 0
042531 0
226543 0
057937 0
022930 0
130789 0
156629 0
196279 0
175509 0
149724 0
124876 0
041861 0
120203 0
195966 0
087382 0
197047 0
218483 0
125889 0
081422 1
066765 0
193824 0
001141 0
282361 0
230748 0
010496 0
011936 0
122871 0
110631 1
266884 0
011002 0
266971 0
010467 0
053306 1
027439 1
029482 0
038513 0
092220 0
117187 0
230752 0
143791 0
082074 0
098022 0
224509 0
190490 0
007383 1
145646 0
108632 0
084280 0
170777 0
208244 0
141009 0
071799 0
071905 0
104972 0
105078 0
230848 0
269745 0
266973 0
163529 0
010940 0
088596 0
081398 1
081416 1
081389 1
188625 0
188627 0
081435 1
189322 0
187317 0
081431 1
185989 0
187949 0
155854 0
196264 0
240192 0
241979 0
180990 0
235560 1
170477 0
254370 0
238273 0
238363 0
199330 0
160345 0
037816 0
238946 0
260048 0
240177 0
258779 0
136089 0
100335 0
