088377 0
286395 2
286399 2
089355 1
089341 1
088766 1
285887 2
089330 1
088750 1
285767 2
130439 0
285768 2
285815 2
285825 2
090603 1
285899 2
090592 1
005506 2
120088 2
254384 0
286396 2
286400 2
286386 2
120068 2
120069 2
036686 0
093922 2
120058 2
066712 0
067108 0
093953 2
286382 2
210650 0
194608 0
176167 0
211804 0
222631 0
002046 0
046234 0
135034 0
284253 0
225402 0
243747 1
243744 2
113487 0
283888 0
046184 0
220564 0
053401 0
275379 0
283955 0
225442 0
184155 0
075013 2
225360 0
088379 2
020426 0
115383 1
038388 0
087676 0
173255 0
175293 0
062648 0
224284 0
184249 0
040450 0
126596 1
131687 2
062636 0
266788 0
013198 0
173341 0
137358 0
211609 0
127025 0
265230 0
211796 0
147168 1
217215 0
172789 0
093977 2
041961 0
184133 0
176150 0
212021 0
211605 0
284386 0
267779 0
029256 0
074777 0
136069 0
283952 0
005772 2
120387 2
137366 0
035062 0
113707 0
184023 0
275324 0
211822 0
088385 2
088383 2
088397 2
093928 2
094023 2
088407 2
088417 2
093930 2
088415 2
074993 2
131709 1
077611 2
005643 2
244661 0
009419 1
121877 1
096701 1
096698 1
251742 0
244667 0
238875 0
075680 0
147926 0
231875 0
181607 0
089356 0
270538 0
287266 0
075686 0
285464 0
254256 0
077610 0
085625 0
050368 0
185634 0
186317 0
244665 0
284296 0
094928 0
218020 0
051012 0
085001 0
087683 0
098205 0
081504 1
185425 0
186194 0
181312 0
150886 0
281689 0
098568 1
010889 0
098209 0
237793 0
085074 0
077733 0
276214 0
288803 0
077750 0
242031 0
075336 0
069809 0
102982 0
111653 0
150880 0
181005 0
032980 0
091425 0
240964 0
095891 0
284272 0
091504 0
075340 0
183443 0
185297 0
185201 0
267212 0
093987 0
094935 0
079605 0
135654 0
120920 0
289776 0
067823 0
181394 0
185204 0
101862 0
111654 0
111666 0
142436 0
101086 0
045362 0
075638 0
091427 0
085647 0
192716 0
034684 0
150833 0
115318 0
149613 0
098542 1
017960 0
090100 2
075738 2
090190 2
247680 0
248099 0
098901 0
052029 0
052026 0
184801 0
184802 0
072242 0
105415 0
244767 0
072268 0
105441 0
114976 1
063730 0
063555 0
063509 0
060962 0
287162 0
244768 0
060960 0
100939 0
010412 0
048133 0
021706 0
287170 0
110916 0
093945 0
057286 0
164174 0
095887 0
096308 0
094123 0
185897 0
080312 0
197585 0
164166 0
077133 0
097706 1
