222411 0
015842 0
206534 0
051209 0
162602 0
139552 0
124761 0
216411 0
169254 0
169255 0
178482 0
051194 0
169347 0
243227 0
179014 0
231729 2
231734 2
221708 1
112948 0
243183 0
178553 0
178889 0
050832 0
178633 0
139622 0
178655 0
064044 0
243191 1
179088 0
093404 0
178596 0
124762 0
178333 0
178939 0
030920 0
178679 0
051215 0
178509 0
178014 0
068349 0
177984 0
243192 1
178438 0
179070 0
199560 1
064029 0
178966 0
179051 0
179079 0
178976 0
269428 0
080885 0
006008 0
250087 0
094462 0
179007 0
178353 0
206738 0
178469 0
254109 0
178295 0
178927 0
178830 0
179043 0
178117 0
178861 0
074629 0
178373 0
179078 0
178886 0
179085 0
178774 0
067416 0
182253 0
179013 0
178681 0
178962 0
149071 0
067413 0
178967 0
178816 0
178826 0
093456 0
178943 0
179082 0
051193 0
174162 0
179005 0
178766 0
177123 0
179036 0
065434 0
178905 0
178991 0
178641 0
178989 0
051186 0
178548 0
033666 0
178716 0
200983 1
243426 0
288057 0
288056 0
201081 1
200969 1
165103 0
083067 0
230009 0
262452 1
230159 0
080734 0
041103 0
196436 0
022376 0
219847 0
230166 0
041116 0
018663 0
233688 0
032794 0
211870 0
219756 1
028611 0
077779 0
163233 0
269301 1
219768 1
219918 1
279544 1
261018 1
261046 1
004328 0
260990 1
276206 1
220065 1
147377 0
147431 0
147577 0
081660 0
178675 0
220066 1
025214 0
086871 0
059140 0
046156 0
032133 0
151200 0
201400 1
087337 0
041627 0
260973 1
223702 0
165111 0
088248 0
088255 0
041276 0
263369 1
225149 0
260871 1
270873 0
221162 0
021704 0
019053 0
023147 0
003374 0
162917 0
023135 0
190192 0
275710 0
161512 0
019336 0
260972 2
022398 0
095209 0
162921 0
164504 0
155605 0
164492 0
019237 0
270829 0
188465 0
181541 0
086117 0
025828 0
275726 0
