015550 2
256745 2
165852 1
261316 1
261321 1
184504 2
163047 1
145670 1
189986 2
147481 1
151509 2
149124 1
181708 1
136599 2
265000 1
211729 1
181750 1
261323 1
181844 1
177035 0
229282 2
181748 1
151525 1
189857 1
181705 1
141136 2
002421 0
141135 2
141247 2
008965 2
016620 2
141250 2
211747 1
218031 0
237717 1
146972 1
013309 1
141246 2
225698 1
255471 2
151484 1
225696 1
207260 0
157225 1
279100 1
131480 2
157151 1
156034 1
162873 0
155623 2
264381 1
264471 1
224835 1
265060 2
150316 1
265002 1
264906 2
135806 1
087737 0
141752 1
136280 2
151074 1
153042 2
133573 1
239891 1
279102 2
225702 1
070591 2
103763 2
182204 2
265061 2
013738 2
182663 2
002420 1
135692 1
153089 2
159780 2
101618 0
170988 2
176596 2
135686 2
279149 2
077162 2
180000 1
115260 2
261985 2
155555 1
155556 1
070775 2
103948 2
171394 1
279138 2
221966 0
157104 1
176602 1
220310 2
199005 1
159219 2
150344 1
152523 1
136730 2
142319 1
155452 1
150102 1
003780 2
150104 1
070599 2
103772 2
141663 1
199007 1
000937 2
079924 2
176758 1
093487 2
176769 1
176770 1
083004 2
196162 1
070852 2
104025 2
199034 1
225567 1
153048 1
095839 2
199016 1
083008 2
077177 2
115251 2
176659 1
083022 2
001528 2
190344 1
190337 1
001111 1
252112 1
092708 2
155981 1
176629 1
097977 2
153097 1
002983 2
197801 1
197807 1
237720 1
067073 1
142237 1
016457 2
142330 1
195543 2
126685 2
019394 0
163705 2
196969 2
199539 1
142325 1
093244 2
183526 1
151946 0
195538 2
173126 1
190623 1
192637 2
191574 2
067114 2
265218 1
179913 1
159781 0
232886 1
136642 1
016535 1
156377 1
153176 2
199647 1
183977 2
190510 1
192639 2
153092 1
014584 2
190437 1
222048 1
008552 2
002496 0
191490 1
255391 2
136649 1
192189 2
093036 2
013648 2
164782 2
190432 2
014177 2
174882 1
130184 2
191464 2
083044 2
190492 1
155917 0
131249 2
222114 1
152438 1
190511 1
195535 2
095838 2
190482 1
192646 2
183565 1
092705 2
097951 2
176787 1
093245 1
093238 2
222425 1
191652 2
191481 2
130374 1
197766 1
154870 1
255290 2
148675 1
190517 1
195548 0
288894 1
288946 1
176946 1
141183 0
202462 2
200812 1
145337 1
085214 2
184974 1
188663 1
147385 1
193141 2
189381 1
001559 2
176951 1
188673 1
235767 1
002672 1
126648 2
157383 1
188662 1
067177 2
002694 2
152446 1
222049 1
141184 0
065410 2
158638 1
145705 1
085220 1
190819 1
195549 0
242264 0
242266 0
185093 1
195547 0
159233 1
016699 1
016628 2
009195 0
169151 1
150080 1
018537 0
185143 1
169026 0
196967 1
154742 1
196838 1
124314 0
225556 0
148003 0
195546 0
156624 1
259898 1
136794 1
225621 0
162050 1
138310 2
279061 1
254551 1
147384 1
009625 0
169012 1
252700 1
136790 1
259909 1
004558 1
189382 1
197060 1
181479 1
242140 1
158305 1
015236 0
125504 0
002124 1
085215 1
159744 2
159745 2
177153 1
087837 2
084902 1
014530 1
159758 2
014462 2
156613 2
159920 2
159921 2
181930 1
148134 1
157943 1
147495 1
248737 0
157978 1
167069 1
160464 2
158236 1
154129 2
248073 0
157982 1
176765 1
000537 1
231765 1
013665 2
134023 1
044638 2
155534 2
154719 0
255463 1
190416 2
164374 0
153570 0
138242 0
258385 2
252287 1
160744 2
160745 2
161271 1
164360 0
177332 2
170817 2
001565 2
014543 2
217698 1
231685 1
231684 1
247941 0
215314 1
217871 2
217877 2
134013 1
010435 1
260060 0
156565 1
210828 1
232158 1
261386 1
246455 0
234265 1
156612 2
157143 2
016710 1
220096 2
220105 2
153138 2
161164 1
037750 1
190560 2
045407 0
261396 2
211493 1
235220 2
183937 1
176303 0
220711 2
220716 2
136518 1
202662 1
263543 2
232131 1
061119 0
014058 1
220292 1
176184 0
175741 1
227557 1
185746 1
202452 0
227794 1
134021 1
176214 0
233212 1
153782 1
218693 2
182112 1
142411 1
137542 0
202687 1
170835 1
145655 1
179648 2
183933 1
258341 1
146563 1
182104 1
240349 1
255354 0
255937 0
236017 1
254552 0
235264 1
235505 1
157137 1
190294 2
156553 1
130154 1
228038 1
227680 1
190302 2
154542 1
234956 0
150928 1
140620 1
231614 2
224581 1
220259 2
231467 1
037650 1
177133 0
145398 1
117689 0
288988 1
190568 2
160932 0
160933 0
158874 1
160848 0
145400 1
037660 1
185745 1
194306 1
008506 1
144073 1
163163 2
194309 1
161198 1
220181 0
002813 2
244978 0
155931 2
202723 1
163104 2
282297 0
190702 2
215724 0
142874 1
024366 0
255433 2
223910 1
159436 1
136337 0
001530 1
184004 2
148120 0
278634 0
165519 0
165520 0
179127 1
154560 1
190911 2
192628 2
165479 0
165480 0
016926 1
227906 0
131208 1
288934 1
142247 1
191669 2
255403 0
190561 1
087834 0
223900 1
001560 2
223909 1
152259 0
171397 0
192204 0
143977 0
016593 0
064701 0
191719 0
158605 1
007207 0
120767 0
156954 2
233308 0
219371 1
237611 0
133139 2
000143 1
158603 1
156953 2
190563 0
186747 1
159023 2
159020 0
159008 0
002194 2
190235 1
208227 0
000952 0
155289 1
244301 1
236268 0
186746 1
019042 2
226396 0
195018 1
149930 0
002317 0
163518 1
163107 0
134263 1
134010 1
132649 1
028542 0
141832 0
163239 0
149929 0
150986 1
154696 0
265808 1
153828 2
093945 0
207402 2
140853 1
209635 0
094123 0
093936 0
094124 0
131991 0
134292 1
254438 1
235729 0
095419 0
123629 0
202679 1
170247 1
170238 1
134184 1
164028 1
164217 1
160182 0
175738 0
147631 2
085428 0
259495 1
085472 0
227798 2
149984 0
259247 1
164213 1
085517 0
179649 0
147063 1
261328 1
101156 0
095414 0
000432 0
014213 1
203376 1
234084 0
000510 0
017557 0
155869 1
195580 1
147074 1
157224 0
260057 0
157218 0
234088 0
228686 0
176083 0
191869 0
284521 0
140179 0
265548 0
189061 0
182699 1
085959 0
001895 0
194394 0
195770 1
153040 1
017473 0
015395 0
194911 1
141695 0
013987 1
182728 1
265844 1
182729 1
182764 1
261414 1
194990 1
195033 1
146353 1
195210 1
259215 0
182492 0
182499 0
182703 0
198598 1
212841 0
222205 1
198608 1
132444 1
195726 1
195728 1
195737 1
195739 1
195803 1
195806 1
195815 1
195817 1
195830 1
195870 1
195933 1
212809 0
000834 0
259214 0
196901 0
016671 0
206115 1
185748 0
141190 1
227749 0
250421 0
144585 0
195932 0
009758 0
136436 1
220111 1
221767 0
136442 1
250297 0
125163 0
201649 0
152908 1
253215 0
053447 0
250391 0
247499 0
195224 1
247440 0
200637 1
221873 0
247463 0
202483 2
179981 1
179986 1
159821 0
179982 1
214147 0
205653 0
228773 0
170010 0
170042 0
237386 1
192117 0
191557 2
242013 0
161283 0
136444 1
139776 0
179331 1
247164 0
241740 0
139845 0
170089 0
186752 0
245620 0
231564 0
241739 0
059205 0
170143 0
253344 0
154241 0
286472 0
185744 0
203337 0
154280 0
218589 0
115275 0
154279 0
153839 0
234242 0
093342 0
033839 0
195223 1
203000 0
202750 0
202999 0
202657 0
136353 2
179406 1
163428 1
179911 0
179912 0
179722 0
200642 0
209950 2
168749 1
013298 0
145387 0
011614 0
252176 1
000921 0
081318 0
156617 2
011620 0
122801 0
132575 1
267083 0
019508 0
276527 0
030390 0
181986 0
200641 0
028115 0
030145 0
183987 0
135149 0
030141 0
200643 0
053290 0
267006 0
028125 0
279098 0
221696 0
156610 0
064250 0
155185 0
267082 0
230829 0
030349 0
221536 0
030033 0
257790 0
257739 0
230749 0
176264 0
194818 0
223707 0
230738 0
232890 0
028497 0
223709 0
028475 0
175759 0
255161 0
255162 0
184218 0
230739 0
221919 0
221925 0
156760 0
195872 0
191007 0
276413 0
070232 0
103405 0
136911 1
028381 0
139313 0
008802 0
013124 0
029411 0
030135 0
263330 0
267441 0
267642 0
070189 0
103362 0
081810 0
181993 0
064249 0
017553 0
196226 0
004944 0
176819 0
144959 0
230307 0
257839 0
145594 0
226101 0
143006 1
171994 0
257789 0
010650 1
156608 0
142971 0
058476 1
143186 0
058519 1
154376 0
111703 0
228654 0
143173 0
156607 0
000951 0
127671 0
146509 0
005924 0
147811 1
268879 0
089471 0
189020 0
179106 0
219733 2
164302 0
268869 0
219342 0
050011 0
179121 0
179120 0
189065 0
255682 0
220253 0
067406 0
189042 0
002712 0
001926 0
199416 0
197330 0
034449 0
034450 0
219734 2
190854 0
049272 0
121900 0
014198 0
127305 0
050286 0
264433 0
089502 0
121909 0
050259 0
050003 0
163233 0
014211 0
128998 0
007459 0
127293 0
126057 0
121896 0
233788 0
038148 0
185101 0
279963 0
251044 0
140899 0
191582 0
146774 0
012550 0
123000 0
127187 0
168800 0
168803 0
199994 0
169172 0
020125 0
157562 0
079594 0
140895 0
028917 0
157771 0
135104 2
136572 0
068096 0
059908 0
263139 0
002257 0
150062 0
017153 0
177410 0
141934 0
022756 0
184751 0
156001 0
197348 0
251045 0
153071 0
197345 0
158299 0
133172 0
177066 0
014704 0
126013 0
219713 0
219711 0
219709 0
182413 2
037371 0
238110 0
238435 0
161441 2
263908 1
286723 0
061132 0
002051 0
161708 0
235753 0
027160 0
263954 1
035524 0
195816 0
143976 0
263733 0
045464 0
168591 0
053404 0
165744 0
195805 0
008659 0
195802 0
051284 0
238065 0
157878 0
237301 0
053846 0
286724 0
160458 0
237309 0
195829 0
140251 0
156533 0
231566 0
238436 1
194116 0
064791 0
101005 0
123530 0
160617 0
062465 0
181606 0
238606 0
125035 0
158540 0
069967 0
103139 0
155198 0
125019 0
031946 0
271364 0
001472 1
012710 0
161712 0
082702 0
082334 0
231513 0
147660 0
031949 0
197080 0
195725 0
069915 0
103088 0
010640 0
219299 0
190562 0
053302 0
147871 0
197109 0
156535 0
031820 0
168440 0
124101 0
220569 0
195869 0
231544 0
284246 0
284326 0
158539 0
026732 0
194610 0
195814 0
012460 0
122983 0
158537 0
233440 0
260056 0
284216 0
240663 0
012822 0
027430 0
275317 0
156900 0
151308 0
194606 0
161445 0
161446 0
130087 1
234075 0
001419 0
127607 0
127604 0
228714 0
185672 0
146695 0
185972 0
242617 0
177036 0
155814 0
233371 0
053443 0
020040 0
005078 0
119481 0
005181 0
119623 0
192571 0
156544 0
191974 0
207666 0
177032 0
185984 0
232036 0
221960 0
155934 0
235968 0
276970 0
289357 0
125006 0
192131 0
153016 0
128197 0
269578 0
232150 0
156511 1
000908 0
170684 0
011481 0
122749 0
195831 0
142491 0
232138 0
268346 0
260103 0
286653 0
134983 0
146602 0
231892 0
019227 0
229335 0
289264 0
231901 0
230394 1
194694 0
155533 0
153004 0
150013 0
042424 0
181084 0
003487 1
119428 0
089472 0
185981 0
269692 0
185800 0
185848 0
269705 0
026799 0
268952 0
166678 0
289766 0
210175 0
265549 0
140282 0
233355 0
142349 0
122830 0
196693 0
196698 0
147177 0
278984 0
132805 0
089328 0
258895 0
001504 1
029889 0
262135 0
278635 0
127508 0
064350 0
155789 0
155790 0
227986 0
190674 0
279099 0
230413 1
230393 1
009122 0
230293 0
230321 0
227828 0
074566 0
219344 1
114303 0
074795 0
113844 0
114430 0
126168 0
101416 0
011767 0
122836 0
122838 0
238162 0
238198 0
123158 0
001543 0
007589 0
121070 0
000745 0
196109 0
196110 0
223557 0
133240 0
087179 0
161783 0
133238 0
034729 0
176256 1
227207 0
010743 0
019566 0
227141 0
220320 0
009048 0
176138 0
122733 0
122734 0
227213 0
227221 0
276877 0
276886 0
