238411 0
269056 0
233640 0
266911 2
082766 0
231857 1
212162 2
236366 0
222787 1
269284 0
238035 0
211172 1
269014 1
238033 0
233660 0
256635 2
269219 2
201337 2
256543 2
222788 0
223369 1
269135 1
269138 1
266308 1
220497 0
250537 2
269363 2
269062 2
201474 2
079631 1
196905 1
255274 2
196356 0
196579 0
196603 0
269037 1
017038 2
141912 2
003475 0
131685 1
250695 2
223325 1
197225 1
268978 2
196297 0
269742 0
218536 2
223023 1
201475 2
006435 2
197532 0
196319 0
269109 1
212167 2
196208 0
220420 2
238097 0
232686 0
130337 2
130357 2
196309 0
205653 0
268985 1
138350 1
255389 0
255912 2
203124 1
240583 1
240617 1
223022 1
269737 0
269022 1
230770 0
255934 2
255945 2
255948 2
141915 2
207237 0
207281 0
238207 0
252188 0
141939 2
252142 0
257506 2
130371 2
201566 2
196578 1
162184 0
278862 0
197226 1
213100 0
269616 1
064895 2
257022 2
201550 2
225583 0
281452 1
207193 0
206995 0
223029 1
223031 1
223028 1
006608 0
150514 0
201707 2
201712 2
220465 2
201791 2
223019 1
150512 0
203131 1
205360 1
269604 1
203701 1
133944 2
220423 2
002886 2
220484 2
220483 2
094765 0
115046 0
266333 1
204547 2
064885 0
138405 2
151676 1
201603 0
196602 1
098053 1
151646 1
131696 2
151652 1
151649 1
130871 2
130864 2
130877 2
269254 2
141131 2
130860 2
266375 0
266378 1
114830 0
215692 0
150081 0
002207 1
194954 2
196091 0
264605 0
199777 1
219128 1
144328 0
114722 0
196095 2
170993 1
196355 0
138769 2
150066 0
263564 0
141101 2
274565 0
200375 1
139763 0
151658 0
155909 0
150072 0
204651 2
196058 0
139726 0
079638 0
018195 2
128964 2
129994 2
155674 0
195482 1
253060 0
214158 2
204937 2
192783 2
254778 0
224126 1
213570 0
131884 2
130898 2
152039 0
102075 0
076236 0
139718 0
150071 0
222593 2
150067 0
200540 0
133019 2
157353 0
243613 2
196998 0
093115 0
144135 2
220112 2
213686 0
157352 0
131713 2
131700 2
141082 2
140262 2
131790 2
222592 2
144271 2
131772 2
140220 2
144270 2
141100 2
143960 1
144100 2
133368 2
144128 2
219118 1
143958 2
131925 2
142750 2
143927 2
131701 2
214144 2
131876 1
270247 2
270249 2
199803 1
143165 1
143467 2
143938 2
269112 0
224094 1
143182 1
200380 1
142751 2
224124 0
192731 2
129989 2
144175 1
144164 1
224096 1
002264 0
140176 2
139396 2
129809 2
130952 2
134832 1
130844 2
144183 1
214163 2
138749 2
140186 2
002889 2
141345 2
144569 2
139314 2
199759 1
142745 1
129992 2
129937 2
129987 2
129934 2
144617 2
142691 1
144564 2
199804 1
144134 2
144556 2
002447 2
131761 2
144582 2
130280 2
197885 2
211720 0
134000 2
143415 1
130257 2
131763 2
269216 2
139765 2
131578 2
131570 2
141332 0
199784 1
002927 2
134064 2
136686 2
226463 2
275837 2
143421 2
130116 0
226533 2
134997 2
144160 2
002741 2
132655 2
199745 1
134896 2
143420 1
134068 2
139837 0
139296 2
139727 2
139399 2
139517 2
135019 2
134905 2
139522 2
131575 2
138803 2
131574 2
133670 2
131576 2
133984 2
144810 2
132786 2
132060 2
132821 2
002928 2
132780 2
138854 2
139211 2
144853 2
130230 2
130251 2
130265 2
138943 2
132779 2
138915 2
138843 2
226421 2
130253 2
003607 2
134093 2
138913 2
138931 2
132044 2
133660 2
275773 0
136638 2
134895 2
132678 2
134073 2
133812 2
130244 1
130243 1
144724 1
144725 1
138816 2
006734 2
138983 2
144722 1
144945 2
144948 2
144954 2
138810 2
140263 2
129712 2
010966 2
002682 2
144721 1
129729 2
138867 2
144632 1
129880 2
134830 2
129808 2
129807 2
002890 2
140394 2
002765 2
131748 2
129849 2
147416 2
144650 1
144048 2
144935 2
240494 0
147406 2
138767 2
147423 2
132446 2
161721 2
139067 2
138394 2
129834 2
132543 1
144956 2
138981 2
137392 2
132693 2
144952 2
006573 2
133780 2
140972 2
134837 2
130487 2
069628 2
102801 2
147614 2
133980 2
138797 2
013779 2
144968 2
133999 2
133638 2
132694 2
139198 0
133779 2
006634 2
133794 2
138990 2
138393 2
130491 2
069649 2
102822 2
144053 2
144060 2
132554 1
147609 2
069567 2
102740 2
133755 2
144054 2
139134 1
136931 0
138390 1
138848 1
136916 0
136929 0
140960 0
115297 2
140973 2
132459 2
147720 2
130495 2
132419 1
138973 2
137072 1
130497 2
130511 2
150966 0
136914 0
139439 1
147589 2
144590 1
147566 2
138748 2
138632 2
131805 2
138636 2
132642 2
130909 1
136825 0
008264 2
131608 2
131726 2
132431 1
130167 2
012785 2
146129 2
009964 2
150967 0
137299 2
131609 2
139987 2
138525 2
131799 2
139977 2
138507 1
132559 1
145922 0
138955 0
131611 2
114660 2
205350 2
177432 2
143408 2
008642 0
114662 2
136475 0
131600 2
131587 2
135993 0
132166 1
137183 0
130092 2
130401 1
132384 2
139758 2
085633 2
135877 0
006299 2
136933 1
135853 0
150915 2
132147 1
131588 1
132644 0
132159 0
150934 0
006417 2
139965 2
130696 2
130088 2
130704 2
130518 2
130522 2
130454 0
006624 2
130477 0
205351 2
130698 2
130756 1
141169 2
131565 2
130711 2
130798 1
006436 2
132129 0
130722 1
130751 1
006064 0
131717 0
115341 1
202756 0
202757 0
123283 2
123302 2
130824 1
196522 2
148166 2
202755 0
069824 2
102997 2
196670 2
138686 2
115349 1
129379 1
129378 1
131028 0
097146 0
266707 0
115354 1
129371 1
129372 1
006388 2
266709 0
129375 1
115381 1
147055 2
129014 2
097149 0
147360 0
197365 2
129376 1
130758 1
213024 0
129374 1
131860 1
018274 2
128911 2
017632 1
129355 1
129373 1
196366 2
196668 2
012079 2
122892 2
129381 1
213872 0
129019 2
202749 0
138498 0
131865 0
132555 1
142111 0
220506 0
255359 0
197336 2
280878 0
196661 2
148775 0
213514 0
115802 0
269160 2
250880 0
240261 0
147404 2
232400 0
142024 0
006369 2
250808 0
167296 2
167297 2
197544 1
189130 0
192997 1
220654 2
232406 0
195268 0
129434 1
129441 1
129456 1
129452 1
129447 1
129448 1
167248 2
167201 2
192939 1
225613 0
167146 2
109034 2
144420 0
196646 2
196655 2
140920 0
144406 0
131580 1
225970 0
015179 0
125566 0
133308 0
215715 0
091012 0
168267 0
168268 0
195404 2
199604 2
219124 0
133182 2
091021 0
215719 0
199638 2
220660 0
255577 0
150026 0
141986 2
138427 0
168168 0
161269 2
101241 2
151698 0
101245 2
141330 0
255923 0
144376 0
171700 1
131010 0
199778 1
195378 2
195349 2
215712 0
099474 0
101246 2
141583 0
201536 2
215706 0
101924 0
255523 0
133191 2
171709 1
195228 2
195236 2
147850 0
197932 2
197899 2
010285 2
122613 2
138575 0
101243 2
129127 0
141342 0
195317 2
076131 2
199491 2
129901 0
101252 0
131661 0
202105 0
117144 2
138543 0
138576 0
058497 0
018000 0
129109 0
173785 2
196680 2
282633 0
058557 2
155611 2
162711 2
182760 1
178091 0
155610 2
117370 2
130061 2
129059 0
157909 2
256122 0
199839 2
117348 2
117375 2
122612 2
000755 2
199376 2
194304 2
133169 0
194312 2
194316 2
194367 2
195204 2
171674 1
244696 1
171708 1
264721 0
133167 0
171667 1
182776 1
258822 0
173789 2
243609 0
243630 0
243649 0
221880 2
196802 2
217202 0
197822 2
258573 0
199203 2
222490 0
197819 2
275836 0
199174 2
201928 1
233904 0
240145 0
241271 0
231796 0
171673 1
152790 0
152791 0
196769 0
158296 2
132639 0
278925 0
278923 0
261139 0
257879 0
199075 2
280266 1
196730 0
230409 2
197256 2
253886 1
194849 0
193696 2
131663 2
192846 1
197180 2
182984 0
143317 0
240136 0
243735 0
197865 2
196748 0
197863 2
196886 2
152927 0
253883 1
194412 2
230436 2
037084 0
233909 0
256555 2
272657 0
136665 0
199079 2
201513 2
210000 0
190473 0
222313 0
140730 0
253631 0
198537 2
042733 0
278863 0
198339 2
202071 2
157805 2
002542 2
151691 2
202155 0
132148 1
289520 0
143316 0
198541 2
197966 1
235732 0
097596 0
131084 2
199090 2
198530 2
253896 1
198333 2
210601 1
131013 2
131138 2
132150 1
178351 2
132146 0
198312 0
151726 0
131228 2
132152 1
197930 0
198307 0
132160 1
132168 1
132153 1
132164 1
198304 0
002509 0
132161 0
178089 0
131235 2
080274 0
060019 0
177244 0
005969 0
008730 0
223636 0
160164 2
008865 0
137458 0
139456 2
214487 0
075516 2
235792 1
177438 0
075502 2
160208 2
177274 0
226019 0
139454 0
155497 0
200458 2
075759 2
075574 2
199086 0
165442 0
132145 0
167791 0
130228 0
231245 1
008887 0
014308 0
075749 2
177430 0
193071 2
252539 0
112654 0
031619 0
158363 0
266877 0
233997 0
140826 0
101256 0
196073 0
233401 0
076019 2
224562 1
155572 0
194183 2
197366 0
140037 0
147076 0
112718 0
194176 2
155565 0
072255 0
105428 0
092325 0
154218 0
155579 0
243294 0
150585 0
230688 0
147086 0
129686 0
256926 0
190459 2
201960 0
158022 0
108974 0
075989 2
112720 0
063084 0
151813 0
198813 0
138503 2
075838 2
075913 2
075837 2
194219 2
138508 2
193069 2
224628 1
224620 1
255415 0
190470 2
255441 1
220383 0
209385 0
084119 2
138496 2
084138 2
231163 1
271342 0
271348 0
289855 0
162879 0
289854 0
220377 0
256031 0
161997 2
255947 1
142085 0
246421 0
136170 0
241272 0
241273 0
095708 0
263645 0
131614 1
246429 0
270248 2
136168 0
229021 0
246416 0
273727 0
208355 0
193439 2
147946 0
161993 2
220341 0
147935 0
143273 0
255944 1
163692 2
131612 0
121933 0
133677 0
147934 0
166716 0
166717 0
147016 0
211379 0
096893 2
194840 1
222862 0
289871 0
231159 1
230503 0
138952 0
196600 1
034610 0
075967 2
131620 1
099857 0
260320 0
241097 0
140599 0
034658 0
067512 0
278168 0
201197 0
196211 2
170734 2
140848 0
006472 2
200919 0
229011 0
196598 0
131616 0
196210 2
076502 0
253139 0
197176 1
163307 0
255453 0
130351 0
221444 0
012900 0
192966 0
198346 0
155358 0
131850 0
037387 0
213979 0
275018 0
231166 1
255933 1
170668 2
270246 2
197170 0
138486 0
227023 0
226960 0
227007 0
131621 1
140369 0
256004 0
118579 0
194089 0
238303 0
004426 0
118598 0
131617 0
194100 0
254751 2
256637 0
284588 0
254707 2
178092 0
254747 2
194130 0
289329 0
274183 0
194035 0
134012 0
194136 0
206181 1
253573 0
226946 0
256706 0
256709 0
122308 0
260672 0
135216 0
076134 0
155508 0
196941 2
272364 0
207424 1
009987 0
122313 0
085175 0
194430 0
085274 0
256722 0
157282 2
274163 0
196928 2
152922 0
232257 1
194616 0
129054 0
152878 0
134642 0
173417 0
101352 0
000715 0
139789 0
042086 0
213841 0
093237 2
152635 0
139846 0
154683 0
130343 0
199876 0
151663 0
018134 0
129018 0
265046 2
186030 1
166385 0
166386 0
156127 1
239901 0
191302 2
260570 0
027786 0
076106 0
139346 0
077079 2
160247 2
194642 0
251187 0
191088 2
155214 0
130308 0
018126 0
151665 0
115048 1
258909 0
112228 0
114043 0
262857 2
155766 0
253604 2
262855 2
157258 2
077160 0
232808 1
232727 1
233090 1
162251 1
162243 1
177416 2
224125 0
252789 2
177419 2
064545 0
177418 2
262132 0
079861 0
182110 1
226018 0
253930 0
200686 0
258499 0
252870 2
233351 1
007318 0
120857 0
200687 0
254773 0
233326 1
135414 0
152553 0
147065 0
253856 2
202104 0
253844 2
199809 2
115051 0
233091 1
255087 0
115160 0
138656 0
217340 0
224029 2
192302 0
137425 0
196728 0
153662 0
077514 0
255186 0
132662 0
224014 2
201835 0
145928 0
191888 0
076192 0
196586 0
163267 0
163345 0
253750 1
256109 0
195999 0
082909 0
097216 0
287883 0
237240 0
211271 1
152616 0
017661 0
129338 0
222067 1
010163 2
122454 2
137462 0
210884 2
232568 0
132643 0
111333 0
096296 0
258572 0
079852 0
115165 0
177403 1
156501 1
202751 0
256563 1
137461 0
253728 1
163662 0
191921 0
136573 0
212006 0
011792 0
132996 0
096337 0
210882 2
217405 0
110295 0
062348 0
256085 0
115117 0
233334 0
199811 2
253827 2
253847 2
157465 0
156462 0
157466 0
156497 0
156464 0
256565 1
253658 1
156463 0
233410 1
233437 0
233419 0
233399 1
148935 0
148903 0
149118 0
268383 0
157512 0
148956 0
161056 0
148932 0
225907 0
277942 0
162165 0
227230 0
179531 0
258702 2
194875 0
198550 1
224569 0
153696 0
168938 0
259341 0
258047 2
012384 0
252472 0
006749 0
215247 0
279957 0
225555 0
224564 0
010227 0
122556 0
220628 0
253020 0
277939 0
263117 2
221908 0
085440 0
252486 0
249339 0
231339 0
198643 1
276249 0
045861 0
150077 0
069164 0
102337 0
254619 2
150073 0
071644 0
104817 0
182440 0
153037 0
177283 0
150037 2
136078 0
132416 0
233753 0
211319 1
189122 0
122110 0
183510 0
196145 1
225765 0
252471 0
230263 0
220630 0
233830 0
271181 0
071662 0
104835 0
150031 2
194489 0
196621 0
285980 2
012396 0
168677 2
058843 0
229970 0
230276 0
223581 0
143970 0
257309 0
225892 0
196009 0
222009 0
211347 1
150029 2
168736 0
198691 0
168740 0
150019 2
198692 0
254612 2
150011 2
258052 0
196104 1
241621 0
199808 0
242326 0
252463 0
252468 0
252469 0
242027 0
242321 0
061141 2
154184 0
211471 0
155578 0
061179 2
158169 0
144345 0
230101 0
211704 0
154057 0
231049 0
286301 0
155908 0
013729 2
024196 0
154185 0
154190 0
145015 0
221598 0
182809 0
193276 0
114734 0
230097 0
255377 0
233638 0
167810 0
161744 0
289858 1
281372 0
281419 0
266377 0
238294 1
061437 0
226924 0
241318 0
241322 0
242429 0
242443 0
018127 0
129025 0
182810 0
148691 0
256694 0
200962 2
230090 0
108166 2
143405 0
256615 0
201545 0
156083 0
197527 0
268409 0
143407 0
130212 0
286826 0
193164 0
182687 0
161573 0
259404 0
130309 0
251588 0
148311 0
202653 0
182815 0
097639 0
138491 2
151660 0
143202 0
194783 1
175695 1
101385 0
132453 0
234469 0
144747 0
161569 0
017949 0
129140 0
194177 0
071529 0
104702 0
127014 0
289870 0
108151 0
061161 0
061181 0
200950 2
145738 0
081539 0
205251 0
205280 0
222299 0
064209 0
190243 0
188780 0
007091 0
033516 0
256079 0
212272 0
061074 0
199875 0
178097 0
138891 0
098361 0
197390 0
213183 0
234428 2
197384 0
092694 0
220962 2
231486 1
013047 0
145731 0
238312 2
178095 0
289853 0
244395 0
230464 0
192338 0
258007 0
220920 2
232631 0
256503 0
131030 0
238308 1
131883 2
173188 0
099841 0
081541 0
061673 0
078896 0
139692 0
219386 1
235911 0
242727 0
244390 0
062346 0
198626 2
107848 2
256150 1
256314 0
058685 2
142214 0
198433 1
222587 0
135816 0
146988 0
198624 2
097187 0
197679 2
000468 0
215475 0
259985 0
112015 0
237587 0
138422 0
093913 0
107866 2
101097 0
241658 1
003499 0
260936 0
220011 0
173041 0
268368 0
235922 0
288441 0
198620 2
257516 0
231604 1
256449 0
256152 0
196296 0
171372 0
111818 0
108477 2
225002 0
190223 0
260453 0
139341 0
171376 0
132476 0
219365 1
198914 1
231485 0
241647 1
197674 2
131880 0
058713 2
238319 1
233013 0
199269 1
199268 1
242852 0
194843 0
253737 0
088588 0
272724 0
153213 0
088528 0
252876 0
231211 0
242242 0
273818 0
273816 0
087548 0
230192 0
253752 0
243507 2
272728 0
241816 0
256671 0
139479 0
260945 0
140396 0
273821 0
221404 0
221038 0
152620 0
254786 0
192801 0
264983 0
198482 0
273340 0
254818 2
259917 0
243648 0
139478 0
131242 0
195433 0
254813 2
145450 1
027818 0
256793 0
272704 0
222160 0
221415 0
196314 0
272164 0
211547 0
199473 2
254783 0
221267 0
117436 0
254768 0
177777 0
267838 0
151048 0
233011 0
131173 0
278084 0
211522 0
199383 0
059219 0
182623 0
233362 0
044359 0
059213 0
219674 0
154360 0
161371 0
210130 0
262737 0
233361 0
180090 0
232950 0
006302 0
146746 0
232701 0
206049 0
169661 0
253720 0
153881 0
259918 0
259920 0
145435 0
193318 0
115725 0
027925 0
198353 0
087529 0
269034 0
145434 0
199253 0
254812 2
199239 0
196940 0
196025 0
245035 0
264952 0
235250 0
139255 0
133126 0
041998 0
155711 0
245034 0
199408 1
003819 0
155713 0
118140 0
140598 0
196841 0
196843 0
235256 0
197285 0
196331 0
219595 2
255275 0
101520 0
235248 0
219956 0
217555 0
233026 0
256008 0
255088 0
136077 0
191052 0
148118 0
271652 0
240433 0
260527 0
010255 2
122582 2
255404 0
220568 0
255418 0
199985 1
189000 0
139964 0
233048 0
010257 0
122585 0
160135 0
192912 0
199976 2
201306 1
232337 0
151047 0
153303 0
154230 0
151641 0
190825 0
082920 0
189124 0
259581 0
122575 0
081226 0
138739 0
255925 0
162183 0
256058 0
250120 0
258885 0
129940 0
168951 0
148116 0
256618 0
233298 0
193228 0
163579 0
161955 0
139706 0
240222 0
287887 0
151041 0
189772 0
132975 0
287885 0
254806 0
234347 0
071913 0
105086 0
151065 0
256611 2
156077 0
072243 0
105416 0
265451 0
081185 0
178299 0
163269 0
061188 0
122559 1
122509 0
220168 2
112570 0
112572 0
256051 2
220155 2
274170 0
274530 0
112596 0
263028 2
112623 1
229587 0
231475 0
229592 0
201305 0
262206 1
254172 0
254171 0
199831 0
017965 0
129128 0
213550 0
098307 0
254001 0
168651 0
233323 1
158023 0
278799 0
199403 1
142126 0
116466 0
199878 1
264110 2
254287 0
037135 0
130573 0
237515 2
160262 0
261602 0
017540 0
129413 0
037581 0
199879 1
137111 0
093093 0
262211 1
108494 0
197728 0
148064 0
267644 0
130567 0
146507 0
193079 0
227091 0
155366 0
017944 0
129145 0
229194 0
140814 0
194444 0
