211696 2
005575 2
120164 2
211748 2
181304 2
120154 2
211698 2
009042 2
005599 2
120194 2
119786 2
118709 0
118707 1
004581 1
118783 1
118647 1
118284 2
005498 1
120080 1
119613 2
011488 2
122751 2
005834 2
120455 2
119844 2
005371 2
119895 2
118385 2
120450 2
121363 1
120830 1
007949 1
121364 1
004703 1
118941 1
005309 2
119806 2
118940 0
126011 1
120130 1
005130 1
119537 1
137977 1
004212 2
118312 2
119361 1
004732 1
118990 1
014706 1
126010 1
120139 1
007942 2
121356 2
120142 1
053397 0
004575 1
118779 1
118285 2
118874 2
120140 1
009083 1
004783 1
119058 1
119032 1
120865 1
120156 1
004676 2
118896 2
120449 2
011924 1
005589 2
120180 2
130121 0
004994 1
119362 1
017892 0
258283 1
120031 1
142570 1
004682 2
118908 2
120959 1
142011 1
005132 2
119543 2
123931 1
004794 2
119072 2
126332 0
120960 1
010509 1
138972 2
212613 1
053371 0
277046 0
120032 1
005467 1
120033 1
004677 2
118897 2
120962 1
120963 1
120968 1
120969 1
007481 1
120971 1
118878 2
122760 1
122761 1
004271 2
118408 2
118392 2
133397 1
122764 1
002494 1
133396 1
119071 2
133391 1
118298 2
011676 1
014845 2
125872 2
119652 1
119145 2
122769 1
131017 1
130964 1
119651 1
133473 1
133481 1
005250 1
119719 1
118395 2
118393 2
131009 1
119136 2
011550 1
122772 1
015050 2
125674 2
005227 1
119678 1
004273 1
118414 1
011697 1
004270 2
118407 2
004531 1
118743 1
131008 1
119963 2
119081 1
005340 1
119848 1
128440 1
147869 1
118397 2
011763 1
129062 1
118398 2
004863 2
119154 2
004323 1
118445 1
129996 1
014967 2
125763 2
118428 1
005177 1
119618 1
240277 1
237275 1
144749 1
009549 1
240376 1
118748 2
144778 1
118751 1
144716 1
118755 1
118589 1
118412 1
130275 1
237753 1
119132 2
144892 1
004321 1
118443 1
118597 1
172766 1
285468 1
119177 0
172765 1
120172 1
147217 1
005583 1
120173 1
119193 1
119178 2
010276 1
122605 1
285461 1
124969 1
125764 2
011850 1
237672 1
124241 0
163863 1
163859 1
004818 1
119096 1
124964 1
015180 1
125565 1
005588 1
120179 1
005262 2
119732 2
011774 0
004422 1
118581 1
123232 2
004727 2
118988 2
151208 1
004417 1
118574 1
123554 1
163843 1
065690 0
098876 0
151196 1
011958 1
122873 1
004909 1
119259 1
118105 0
012521 0
007556 1
121047 1
098859 0
065684 1
012508 1
010102 1
122404 1
118932 0
001030 0
007894 1
121318 1
118572 1
004897 1
119232 1
004503 1
118702 1
012102 1
122895 1
123525 1
004896 1
119231 1
005499 1
120081 1
120949 1
120946 1
120077 2
120075 1
124743 1
176031 0
126306 1
131376 0
006915 1
120529 1
018264 1
128927 1
111721 1
123526 0
118273 2
111720 1
005497 2
120078 2
126300 1
121305 1
145646 1
146774 1
222331 1
124532 1
111712 1
176028 0
131384 0
122400 0
122012 0
124755 1
118526 1
111226 1
124919 1
005180 1
119622 1
135559 0
251045 1
008024 1
121425 1
007353 1
120888 1
120065 1
118502 0
251044 1
179808 1
118498 0
179744 1
179748 1
118500 0
069684 0
102857 0
069682 0
102855 0
155794 0
119414 0
155799 0
222433 1
069680 0
102853 0
069681 0
102854 0
101966 1
155788 1
069674 0
102847 0
118987 2
069679 0
102852 0
011978 0
122876 0
155801 0
118501 2
144627 0
005091 0
119497 0
120051 0
144652 0
176788 0
112892 2
069678 0
102851 0
112884 2
009601 1
012037 0
149390 1
118735 1
119217 1
011091 0
149927 1
117171 1
144327 0
117131 0
144625 0
144379 0
144374 0
017188 1
117130 0
147978 1
117112 0
144341 0
168029 0
118899 1
009072 1
121579 1
155830 1
028651 0
005214 1
119661 1
118904 1
117058 0
152934 0
184751 1
011740 1
140690 1
011487 1
001429 1
148588 1
090298 0
028580 1
123635 1
112830 2
090264 0
170197 1
147994 1
011739 1
114806 0
090384 0
007081 1
120677 1
032125 1
152937 0
012313 0
162838 1
118976 1
004331 2
118452 2
121900 1
114765 0
148818 0
007227 1
120784 1
009747 1
122143 1
118898 1
149585 1
149471 1
112845 2
121575 1
147989 1
007503 1
120993 1
005790 1
120399 1
147494 1
120958 1
120336 0
120703 1
004725 1
118984 1
008542 1
118409 2
140711 1
140682 1
123641 1
119626 1
009054 0
121559 0
123642 1
120268 0
009654 0
122075 0
118965 1
004532 0
118746 0
004991 1
119357 1
018451 1
128794 1
009342 1
121812 1
005251 0
119722 0
032127 1
121896 1
004500 1
118699 1
119649 1
004525 1
004275 2
118418 2
100257 0
121909 1
118948 1
123965 1
009050 1
121555 1
118955 1
012509 0
123970 1
121556 1
123973 1
008003 1
121411 1
121554 1
130492 0
123972 1
004951 1
119305 1
118961 1
121524 1
109519 2
095442 0
119935 2
006928 1
120542 1
028603 0
110272 0
046043 1
009959 1
124359 0
124663 0
120537 1
108060 0
091654 0
118983 1
009903 1
122246 1
110301 0
100853 1
125141 0
120472 0
009668 0
122088 0
046042 1
091132 0
004349 0
118483 0
010012 1
118778 1
118787 1
012464 1
122984 1
005570 1
120158 1
118698 1
005606 1
120207 1
125194 1
118967 1
115485 0
100852 1
046273 1
259688 1
005477 1
120041 1
007337 1
120872 1
004752 1
119024 1
115476 0
005261 1
119731 1
145726 1
005637 1
120241 1
100609 1
101974 0
009012 1
121533 1
120326 1
127093 1
121808 0
012128 1
009010 1
121530 1
009011 1
121531 1
119107 1
119576 1
118657 1
119312 0
124222 1
011904 1
122861 1
004982 0
119343 0
264478 1
004865 1
119157 1
264482 1
147205 0
009049 1
123708 1
007344 0
120878 0
118175 1
009561 1
122010 1
147126 0
278048 1
005737 1
120350 1
094934 1
119572 1
271954 1
243929 1
010221 0
122541 0
015404 1
125335 1
134106 1
004428 1
118605 1
011845 1
005794 1
120404 1
147122 0
009005 0
121525 0
167652 0
285303 0
115001 1
285313 0
271953 1
271956 1
253434 1
062059 1
004707 1
118950 1
058346 0
096417 1
116622 0
009071 0
121578 0
123503 1
253451 1
005260 1
119730 1
009562 1
252924 1
253238 1
253266 1
119019 1
253239 0
122011 1
124310 1
123524 1
114994 1
253585 1
253486 1
118115 1
015388 1
124264 1
278128 1
094929 0
133008 0
011941 1
132981 0
109740 1
011830 1
132971 0
133009 0
133010 0
174037 0
124403 1
124478 0
124485 1
124611 1
126789 1
109774 1
127851 0
235759 1
123599 1
011343 1
162456 1
006653 1
005815 1
120431 1
128793 0
068467 0
087316 0
139018 1
235639 1
005383 1
119914 1
176774 1
012438 0
122979 1
174092 0
139020 1
086550 0
128756 0
123585 1
086588 0
147017 1
018513 0
128755 0
007813 1
121229 1
162452 1
108793 1
192007 0
013988 1
086549 0
125487 1
124237 0
108402 1
192720 0
140289 1
135391 0
077923 0
123242 1
005832 1
120453 1
077917 0
079472 1
127053 1
011916 0
011751 0
077918 0
011991 1
135409 0
000812 1
146471 1
201259 0
135323 0
007182 0
120750 0
201262 0
119491 1
146451 1
145435 0
123654 1
124182 1
010303 1
062102 0
147587 1
289914 1
062097 0
109108 1
014020 1
146476 1
108253 1
108286 1
147607 1
000863 1
015264 1
125472 1
123282 1
124034 1
123656 1
120181 1
086129 1
005590 1
120183 1
008941 1
137865 1
145765 1
165130 1
147687 0
165129 1
118797 0
265436 1
115409 0
192942 0
137798 1
008472 1
012163 0
004601 0
118801 0
137264 0
141017 1
186176 0
017220 0
129658 0
159353 1
004624 1
118826 1
004816 1
119095 1
118816 0
155486 1
012516 0
122992 0
001184 1
155482 1
137097 1
159634 1
289915 1
006338 1
011893 0
137113 1
017366 1
157130 1
159576 1
136328 1
004432 1
118612 1
124036 1
125281 1
135637 1
144800 1
135283 1
133698 1
125280 1
141013 1
011755 0
123224 0
064004 1
075781 0
141018 1
014987 1
125741 1
159472 1
159474 0
144780 1
140895 1
223272 1
141586 0
259690 1
015468 1
125279 1
009612 1
135649 1
011974 1
243518 1
063325 0
128157 0
243012 0
140899 1
062173 1
284603 1
136338 1
141695 0
135298 1
001903 1
136346 1
170190 0
170191 0
135321 1
259692 1
133706 1
284604 1
260343 0
243604 1
122052 1
062183 0
259677 1
243562 1
142251 1
260304 0
170607 1
265395 1
006845 1
120486 1
260184 0
120422 1
120421 1
101238 0
149654 1
143821 1
141483 0
141844 1
101464 0
141785 1
255910 0
259671 1
264813 0
259673 1
278626 0
254593 0
131873 1
141790 1
258285 0
101415 0
019688 0
005818 1
120433 1
255873 0
135200 1
126348 1
127204 1
265415 1
126005 0
126365 1
258292 0
278620 0
027344 1
243132 1
006577 0
121095 0
176848 0
001036 1
109462 1
145839 0
014738 0
125969 0
168155 1
128239 0
011985 1
008329 0
128247 0
132862 1
126008 0
122853 1
255874 0
004385 1
118522 1
119013 1
007694 0
146509 1
031426 0
255700 0
011709 1
109568 1
017912 1
111510 1
193345 1
289290 1
145837 0
126811 1
076099 1
015166 1
136621 1
015158 0
125579 0
015111 0
125595 0
176838 1
227239 1
004942 1
119293 1
204137 0
131296 0
243979 0
145865 1
278552 0
118386 1
276696 1
145851 1
076059 1
004263 1
118399 1
126659 1
076009 1
136612 1
145892 1
289306 1
136567 1
289326 1
136938 0
119008 1
289305 1
289288 1
136552 0
165230 1
127189 1
165220 1
127188 1
125193 0
145651 0
162170 1
023054 0
125207 0
143409 1
162355 1
125209 0
146834 0
144221 0
010385 1
145085 0
134516 0
140933 0
038806 1
038807 0
149706 1
176256 0
145045 0
005831 1
120452 1
132864 1
175615 0
139561 1
168218 1
132861 1
000713 0
176138 0
039077 1
023547 0
149655 0
052070 0
131743 1
175646 0
139559 1
000843 0
148632 0
120444 1
097016 1
175627 0
052067 0
175738 0
046437 0
128370 1
228422 1
034641 1
175297 0
227248 0
189373 1
161841 0
176083 0
059788 0
120443 1
119254 0
202019 0
015594 1
120442 1
108297 1
007558 0
121049 0
096498 0
164145 0
202021 0
002992 1
115142 1
133085 1
015607 0
095630 0
116171 0
133261 0
015500 1
125255 1
133260 1
174487 0
202022 0
121044 0
197538 1
121234 0
116174 0
080017 0
120441 1
139617 1
139540 1
115163 1
120423 1
189449 1
189492 1
128246 1
002004 1
163861 0
171456 0
116614 0
116621 0
090393 0
108393 1
108368 1
108289 1
171403 0
009780 1
122175 1
136554 1
005236 1
119691 1
130114 1
243791 1
121340 1
002015 1
098963 0
090323 0
007990 1
121396 1
009204 1
009242 1
121718 1
165248 0
113360 1
153083 1
109221 1
120040 1
091576 0
115305 1
121339 1
006807 1
231149 0
091966 0
204214 0
178175 1
288492 1
091955 0
124995 1
288462 1
109081 1
111062 0
124204 1
114389 0
090026 0
165292 0
001493 0
194236 1
155826 1
155834 1
004469 0
118670 0
128477 0
142287 1
111045 0
124880 1
139601 0
145583 1
066958 1
139575 0
007661 1
121115 1
182768 1
231129 0
066968 1
066960 1
140948 1
123470 1
153013 1
000910 1
111027 0
036470 1
001780 0
231151 0
121383 1
067434 0
148263 0
010235 0
122570 0
140959 1
224948 1
215140 0
239010 1
164241 0
125175 1
117441 0
133837 1
129395 1
142166 1
125187 1
140956 1
124994 0
121317 1
239051 1
239052 1
239039 1
178442 1
288491 1
108946 0
123496 1
239361 1
121314 1
238990 1
239362 1
129398 1
145679 1
133833 1
123493 1
124916 1
182710 1
129343 1
133799 1
124261 1
129341 1
225169 1
224907 1
224908 1
133787 1
124881 1
182848 1
225166 1
124854 1
182867 1
124819 1
009001 1
121518 1
036468 1
011894 0
224870 0
018499 1
000522 1
069526 0
102699 0
183274 1
086672 1
132210 1
088225 1
115079 1
086361 1
132116 1
018256 1
128935 1
221534 1
068878 0
068887 0
068881 0
132226 1
258977 0
258929 0
088424 1
131474 0
015269 1
125469 1
004877 2
119181 2
089654 1
088436 1
182121 1
221535 1
150020 1
088369 1
191565 1
086303 1
257946 1
108164 0
153585 1
027443 0
186142 1
102002 0
108137 0
018013 1
118327 0
002007 0
111665 1
130070 1
100313 0
088442 1
004514 1
118719 1
119365 0
011346 1
260616 0
225993 0
148795 1
191572 1
005014 0
119393 0
222988 1
169408 0
191570 1
115078 1
130076 1
130078 1
257945 0
089628 1
183280 0
227207 1
227221 1
227213 1
191172 1
227224 1
152936 1
223487 1
223478 1
000752 0
257934 1
187131 0
230245 1
257387 1
015235 0
125505 0
014782 1
125948 1
009660 0
122079 0
186279 1
035232 0
089567 0
062099 1
186805 0
177604 1
164027 1
184793 1
257570 1
009078 1
121586 1
161499 1
257930 0
186801 0
145247 0
004859 1
119150 1
164021 1
158218 1
035231 0
197375 1
257444 1
257445 1
157994 1
161498 1
186790 1
186807 1
182137 1
222371 1
125104 1
018178 0
128976 0
197334 1
186800 0
007429 1
120942 1
119149 0
145286 1
126191 1
185853 1
191654 1
230204 1
187639 0
125125 1
176654 1
146161 0
227249 0
222652 1
008471 0
004720 1
118979 1
167878 1
176119 1
191680 0
128703 0
195553 1
276457 1
168987 0
180472 1
180478 1
123020 0
169029 0
197368 1
125950 1
123801 1
123754 0
169886 0
127178 1
027545 1
164023 1
169936 0
123711 1
167938 1
167939 1
180487 1
125126 1
180843 1
123824 1
180841 1
180678 1
177608 0
180888 1
180683 1
195554 1
158211 1
257332 0
126170 1
158208 1
222106 1
170195 0
157937 1
157966 1
257298 0
222713 1
197296 1
176165 1
233308 0
191099 0
157763 0
157767 0
161550 0
161551 0
170196 0
157800 0
124745 1
157799 0
257571 1
027889 0
027546 1
176176 0
157726 0
027892 0
225621 1
191355 0
195557 0
142932 0
151366 1
222712 0
124975 0
194676 1
223832 0
015318 1
125415 1
233294 1
108329 1
238615 1
263904 1
124767 1
238679 1
223253 1
135675 0
122295 1
198485 1
239387 1
018071 0
129067 0
152880 1
130095 1
191533 0
200206 0
232577 0
046441 0
155795 1
123548 1
147650 1
194680 1
012160 0
000065 1
193466 1
124771 1
194205 0
211455 0
124904 0
150003 0
200213 0
048970 0
145678 1
280013 1
124060 0
149189 0
011477 0
025951 0
125348 1
012148 0
225613 0
143498 1
124979 1
200214 0
242843 0
082137 0
123547 1
186859 0
012822 0
196958 1
125362 1
015389 1
125345 1
125346 1
125417 1
263999 0
280020 1
143456 1
000029 0
151403 0
212914 1
257524 0
151307 0
257522 0
007005 1
000076 1
197154 0
161485 0
230447 1
151317 0
280004 0
000008 1
230446 1
011964 1
171676 0
006926 0
120535 0
126915 0
278213 0
007342 0
120877 0
015332 1
125405 1
154833 1
177155 1
241298 1
018081 1
220747 1
220753 0
097488 0
154859 1
211560 1
195940 1
075650 1
110024 1
146985 0
190064 1
286169 0
132301 0
195246 1
199928 1
130684 1
009965 1
122296 1
135127 0
142828 0
004858 1
119148 1
005415 1
119972 1
142812 0
234067 1
195202 1
134664 1
130820 0
130828 1
111808 1
018520 1
169724 0
142830 0
195537 1
200783 0
067908 1
230435 0
014901 0
125823 0
015335 1
125402 1
036798 1
001926 0
097420 0
142783 0
011269 1
078676 0
140152 0
067168 0
017728 0
129294 0
142838 0
010217 0
122537 0
097380 1
142833 0
140155 0
150215 1
071433 1
104606 1
150223 1
141230 0
200805 0
125403 1
194019 1
194012 1
017818 1
125414 1
119971 1
007339 1
120874 1
071428 1
104601 1
015319 1
125413 1
241155 1
000342 1
190113 1
119961 1
183055 1
111100 0
183056 1
183053 1
182989 1
000113 0
151864 1
204353 0
204364 0
190112 1
145223 1
211532 0
085976 1
007817 1
121233 1
085898 1
123869 0
007792 1
260444 1
000420 1
183045 1
015305 1
125429 1
125430 1
009452 0
121902 0
123262 1
135206 1
145246 1
260381 1
015412 1
125326 1
197426 0
010379 1
102006 0
123875 0
005077 0
119479 0
060447 1
211444 0
056144 1
111197 0
221167 0
011552 0
011293 0
111932 0
198483 0
011768 1
262969 1
242420 0
011939 0
122872 0
166068 1
056058 1
142765 1
000115 0
024458 0
007983 0
121387 0
070528 0
103701 0
142562 1
024094 1
143038 0
123264 1
205341 0
205349 0
205342 0
008039 1
121433 1
119133 1
190039 1
260412 1
017378 0
129529 0
177693 1
177843 1
177509 1
177515 1
177525 1
255483 1
177778 1
000162 0
005650 0
190050 1
142556 1
005200 1
119648 1
009206 1
007085 0
262796 1
177845 1
009243 1
121719 1
119633 1
119646 1
177541 0
262808 1
262807 1
260198 1
166167 1
166256 1
134894 1
179101 1
058929 0
197387 0
055155 0
034810 1
034781 1
260153 0
026464 0
026544 0
230912 1
260122 0
244210 1
244220 1
179105 1
257817 1
097801 1
100415 1
230921 1
258710 0
258711 0
032178 1
242725 0
074799 1
231123 1
182221 1
202439 1
128070 0
148136 1
182698 1
257807 1
242712 0
287253 1
260713 0
015225 0
125519 0
010890 0
122475 0
077321 0
174501 0
148079 1
220529 0
197367 0
145611 0
145348 0
243760 0
095285 0
289481 0
125521 0
182666 1
244183 1
231082 1
289471 0
264476 1
074735 0
127312 1
195934 1
197382 0
147153 1
007434 1
120947 1
037432 1
010568 0
001197 0
185807 1
078186 0
163288 1
064110 0
163321 0
000010 1
070164 1
103337 1
054367 1
009838 1
122215 1
182247 1
119601 0
157562 1
057926 0
127629 0
190348 0
288037 1
120934 1
179110 1
016613 1
264465 1
288039 1
264602 1
182670 1
147146 1
264600 1
264194 1
161522 1
223476 1
200804 1
200799 1
182700 0
161546 1
161549 1
264182 0
147616 0
223458 1
157279 1
157280 1
184689 1
170878 1
147615 0
042208 1
154722 1
182733 0
276258 1
220313 1
064833 0
278964 1
118942 0
006525 1
195541 1
166913 1
173379 0
067123 1
014575 0
152754 1
137428 0
152763 1
060443 1
088302 1
067142 1
144645 0
130110 0
081437 1
116657 1
167141 0
137443 1
257558 1
140722 0
153584 0
016433 1
146027 0
075353 1
004617 1
118818 1
256383 0
116474 1
001231 1
169507 0
257555 1
154628 1
226009 1
226015 1
041660 1
018174 1
128981 1
080015 0
060702 1
111541 0
194282 0
192947 0
030002 1
148008 0
221711 1
192636 1
011867 0
142207 1
150078 0
082079 0
018088 0
182147 1
158077 1
077233 1
200727 1
200342 1
266253 0
276311 1
163384 0
149800 0
034587 0
052276 1
077942 1
076800 0
017507 1
129423 1
060341 1
116654 1
116328 0
129424 1
276334 1
042334 1
154647 1
116329 0
154694 1
129435 1
199905 1
276313 1
116302 1
118730 1
075338 1
029491 1
199898 1
060697 1
142199 1
077914 1
077934 1
008159 1
077257 1
154743 1
231842 0
240013 0
091265 1
218897 0
032115 1
225856 1
078849 1
194401 0
152764 1
016434 0
078830 1
216687 0
074539 1
216021 0
154774 1
032110 1
160401 0
139016 1
121906 0
164124 1
034679 1
131478 0
079758 0
240010 0
240809 0
240783 0
060753 0
114845 0
025957 1
067675 1
043676 0
265833 1
285671 0
131491 0
045667 0
225815 1
157935 0
018585 0
128714 0
163563 0
138961 1
240005 0
074531 0
124693 1
113692 0
080518 1
164127 1
240821 0
096553 0
194679 0
219869 1
265558 1
014143 1
218388 0
286744 1
219867 1
121150 1
065180 1
216634 0
000789 1
280581 1
219831 1
035934 0
060984 0
145947 1
145954 0
157980 1
179433 0
075858 0
045660 0
219947 1
027296 1
148808 0
220078 1
025942 1
148726 0
128717 0
220160 1
219845 0
219799 0
078787 0
084170 0
084156 0
219949 0
065161 1
266816 0
286741 1
154779 1
155489 0
139019 0
080510 0
225708 0
225705 0
152768 0
285856 0
133594 1
018998 0
004930 0
119286 0
076273 1
164948 0
153087 0
085861 1
038504 1
220610 0
046174 1
090210 1
020169 1
070071 1
103244 1
034581 1
017897 0
258985 0
002755 1
046107 1
109132 1
086490 1
061358 0
064984 0
037944 1
004339 0
118469 0
220589 0
051805 1
090561 0
076917 1
064811 1
109032 1
016649 0
017885 0
037997 0
003753 1
027685 0
063000 0
007285 0
109186 1
169090 1
076913 1
152106 1
090061 1
186041 1
152111 1
125229 0
125230 0
155928 1
000873 1
227560 1
233916 0
020171 1
131312 0
121221 0
027688 0
005299 1
119792 1
133572 0
129344 0
125254 0
109167 1
095190 0
155959 1
152221 1
152222 1
155967 1
185338 1
011181 0
018774 1
262129 0
001427 0
079754 0
071969 0
072347 0
072650 0
072913 0
073173 0
073429 0
073691 0
073948 0
155929 0
018803 1
156004 1
156008 1
155953 0
020193 1
051806 1
051828 1
185411 1
227441 1
002600 1
119764 0
002593 1
158348 0
156735 0
001087 1
185414 1
158314 0
095742 1
170166 0
158322 0
095852 1
227561 1
227831 0
095738 1
085872 0
095886 1
127226 0
113405 0
007266 1
120811 1
223426 1
223427 1
155349 0
007132 1
120712 1
109225 1
132867 1
192010 0
161783 0
028011 0
081667 1
155675 0
133172 0
037088 1
114585 0
076420 0
069502 0
102675 0
155679 0
033110 0
155789 1
155790 1
097186 1
113401 0
017218 1
129659 1
130627 1
156477 0
075874 0
166046 0
162689 0
120169 0
112198 1
097185 1
258005 1
156311 0
047415 0
149657 1
146899 0
180380 0
080740 0
125072 1
113942 1
235017 0
120695 1
114580 0
157075 0
274954 0
009008 0
121529 0
126201 0
162682 0
163350 0
040325 1
221790 0
241303 0
156476 0
161816 0
145706 0
066419 0
121527 0
111824 1
041036 0
234409 0
131024 0
128860 0
144043 1
016345 1
148604 1
095645 1
095617 1
149949 1
150010 1
150048 1
150069 1
150086 1
148563 1
018735 1
016375 1
007080 1
120676 1
005826 0
120439 0
112153 0
015612 1
111800 0
223267 1
113936 1
109224 1
144037 0
034543 1
120425 0
013133 0
145619 0
132818 1
149750 1
034562 1
060940 1
015577 1
018250 1
140902 1
018111 0
129047 0
134270 0
259964 1
227155 0
060896 1
086675 1
134251 0
169409 0
060945 1
145835 1
057891 1
086362 1
058008 0
122710 0
086337 1
125703 0
085622 0
288344 0
041866 0
006307 0
005092 1
169252 0
042213 1
050198 0
258002 1
125716 0
011310 1
132802 1
125002 1
132732 1
081603 1
125145 0
241646 0
032527 0
288376 0
259971 1
112148 1
147375 0
272768 0
287406 0
012273 1
079441 0
060619 0
080237 0
125901 1
007980 0
121384 0
003055 0
002306 1
120713 1
272755 0
058097 1
011330 0
122713 0
120668 0
075977 0
027047 0
168809 0
059466 1
269007 0
000582 1
014824 1
125892 1
100716 0
062582 0
062583 0
044400 0
125920 1
132746 1
125889 1
010358 1
122679 1
122645 1
081742 1
120694 1
149656 0
128125 1
127627 1
015128 1
125611 1
127595 0
127626 0
001564 1
125001 0
127398 0
130186 0
088688 1
148730 1
129063 0
037087 0
090438 0
124027 0
136521 0
005833 0
120454 0
000611 1
130284 1
174920 0
058120 1
017582 0
081113 0
075014 0
231560 0
159481 0
244017 0
168040 0
124030 0
111273 0
155665 0
231523 0
159480 0
081120 0
085484 1
017531 1
128610 1
031274 0
007224 1
135511 0
000411 1
111946 0
085528 1
281746 0
174848 2
185745 0
100914 0
282050 0
031664 1
085485 1
148229 0
286936 1
061881 0
138474 0
017867 0
129194 0
097645 0
124873 0
227250 0
005572 0
120160 0
099113 1
101066 0
290080 0
286954 1
099142 1
018075 0
129060 0
231124 0
080076 0
174836 1
000521 0
126591 0
111918 0
145220 1
201299 1
281713 0
123890 0
036160 0
154832 0
004572 0
118777 0
002288 1
148709 0
134232 0
201952 0
124864 0
049898 0
141363 0
085615 1
085598 1
088687 0
085745 1
031677 0
088677 0
130353 0
085781 0
174450 1
130274 0
130403 0
174543 0
004216 0
118316 0
155314 1
159754 1
128469 1
052043 1
288765 1
124774 1
112106 0
097092 1
242872 1
064553 1
285574 1
288783 1
125620 0
098388 1
222309 0
285563 1
128611 1
243379 1
175635 1
029979 1
001449 0
230978 0
151494 1
024475 0
152943 1
096939 1
109556 0
125613 0
275985 0
055254 1
011888 0
195133 1
255383 1
255384 1
004634 1
118839 1
124749 0
230415 0
255378 1
096914 1
095631 1
008369 1
070261 0
103434 0
244933 0
179849 1
074426 1
107599 1
226232 0
081593 0
243847 0
244931 0
015465 1
125282 1
017753 1
275238 0
143085 0
174437 0
091542 0
124765 0
165583 0
028648 0
244908 0
007512 0
121000 0
052048 1
124746 0
145268 0
178576 1
199964 1
118836 1
255385 1
256692 0
023591 1
275235 0
014042 0
256713 0
042558 0
288975 0
023732 1
088557 0
023592 0
000578 1
171672 1
095319 0
008536 0
256784 1
257575 1
118819 1
255331 0
255332 0
255327 0
072277 1
105450 1
255288 0
118741 0
199955 1
051989 1
125297 1
130523 1
098350 1
195121 1
243372 1
018165 1
255205 0
159814 1
221842 0
287586 0
052279 1
070178 1
103351 1
159863 1
124361 0
126612 1
178600 0
244982 0
287620 0
244983 0
011501 1
162025 0
162026 0
030197 0
243396 0
159860 1
053122 0
278215 0
256682 0
191274 0
125063 0
036450 0
159869 1
000675 1
040689 0
005469 1
120037 1
087311 0
074622 1
070344 1
103517 1
244997 0
134051 0
007145 0
120717 0
000575 1
108462 1
153363 1
066157 1
196779 0
074672 0
120693 0
070302 1
103475 1
005135 0
119548 0
249502 1
124740 1
134050 0
087539 0
145832 0
150085 0
147502 0
152938 0
139059 0
032833 0
249592 1
238899 0
070265 1
103438 1
203840 0
087314 0
254039 1
006083 1
276833 0
179097 0
077654 1
241813 0
241652 1
000134 0
009603 0
275937 0
051444 1
075571 0
042665 0
051802 1
087303 0
142488 1
071168 0
104341 0
071050 0
104223 0
071049 0
104222 0
071042 0
104215 0
159911 0
159914 0
160869 0
160870 0
160980 0
159937 1
130117 1
130046 1
108448 1
130528 1
076007 0
012656 1
006102 1
051798 0
166677 1
120036 0
010452 1
254025 1
069173 0
102346 0
166669 1
223941 0
126598 0
007585 1
121069 1
241736 0
168219 1
051987 0
100059 1
229909 1
273061 1
270928 1
058369 1
197681 0
150143 1
148593 0
080813 1
052046 1
026133 1
159684 1
199322 1
268813 0
059042 0
157434 0
082068 0
152168 0
043744 0
199325 1
231117 1
082736 1
078872 1
111026 0
111315 0
163385 1
157403 0
078764 0
150096 1
169791 0
163417 0
012294 0
169553 0
209602 0
169704 0
254571 1
059037 0
228382 0
008645 0
169544 0
055534 0
037821 1
127656 1
051988 1
050374 0
028099 0
009858 0
065178 1
023900 0
169578 0
130819 0
037802 1
110859 0
222449 0
001806 0
108153 0
037906 1
082462 0
004696 1
110932 1
163420 1
273065 0
066890 0
000260 0
037860 1
037801 1
037815 1
037888 1
037928 0
038925 1
082703 0
200050 1
009786 1
254565 1
127652 1
051949 1
081579 0
081744 0
273117 1
060289 0
277287 1
108555 0
147362 0
062093 0
004433 0
018120 1
129031 1
066644 0
005372 0
119896 0
150167 0
127470 0
069528 0
102701 0
113434 0
250310 0
076255 0
163041 0
015387 0
079536 1
019682 0
150191 0
017932 1
036465 0
127372 0
076742 0
076263 0
069527 0
102700 0
007672 0
006583 0
043487 0
017924 1
150173 0
043628 0
012548 0
116623 1
121176 0
075962 1
004431 0
118611 0
035994 0
006893 1
007032 1
007348 1
120526 1
120636 1
120881 1
125180 1
108557 1
043409 0
043419 0
017380 0
129527 0
129531 0
070655 0
103828 0
000306 0
126362 0
082118 1
179432 0
043449 0
043454 0
149576 0
150144 0
191636 0
075393 1
018496 0
026754 1
009941 0
043514 0
088433 0
005199 0
119647 0
043482 0
043497 0
071035 0
104208 0
227141 0
076256 0
157017 0
050794 0
079428 0
076038 0
017997 1
075959 0
108333 0
126881 1
129030 1
035815 1
285294 0
012468 1
081188 1
004462 0
118658 0
037797 0
007289 0
120831 0
285288 0
224647 0
015307 1
125426 1
018119 1
035837 1
046453 1
155806 0
060372 0
146945 0
028963 0
168465 0
008934 0
028965 0
004370 1
259168 0
280886 0
141927 0
089884 0
278406 1
007341 1
120876 1
168484 0
275796 0
052085 0
099571 0
090372 0
112140 0
164144 0
028632 0
275784 0
144362 0
164139 0
142563 0
007178 1
120744 1
007678 0
121122 0
079225 0
089860 0
084931 1
275859 0
071136 0
104309 0
028627 0
007031 1
120635 1
012014 0
065638 1
018621 0
128696 0
118442 0
168391 2
135556 0
119707 0
131288 0
058387 1
203148 0
203159 0
203163 0
203165 0
059437 1
143507 1
005190 0
119637 0
152986 0
030839 0
009431 0
121887 0
155831 0
183095 0
157365 0
170806 0
077678 0
279104 0
010218 1
009009 0
236867 1
193903 0
099593 0
067971 0
018033 0
129086 0
150887 0
082582 0
237505 0
120525 1
007061 0
120659 0
007347 0
120880 0
278408 0
006892 0
125427 1
087526 0
058416 1
252893 1
058463 1
140898 0
168388 0
124251 0
140894 0
199249 0
140892 0
124250 0
002870 0
140890 0
027360 0
237907 1
074626 0
170176 0
101911 1
124045 1
078390 0
140914 0
152346 0
253833 0
205383 0
278081 0
124252 0
064380 1
141287 0
140891 0
163071 0
124244 0
195666 0
083151 0
077976 1
183627 0
143000 1
231315 0
027362 1
038636 1
196660 1
195670 0
001851 0
004482 0
118686 0
278405 0
004625 0
118827 0
075021 0
124580 0
174535 0
130341 1
243981 0
126805 0
025092 1
101808 0
035258 0
194471 0
131000 0
237916 1
239386 0
131217 0
196667 1
030303 0
017449 0
060633 0
182586 0
237901 1
079726 1
262123 0
227228 0
118650 0
130967 0
095479 1
121004 0
035264 0
101665 0
237915 1
215358 0
086504 0
146849 0
279672 0
078987 0
124378 1
283750 0
051646 0
176638 0
182594 0
086161 1
215816 0
068151 0
124501 0
124287 1
086186 1
142603 0
094183 0
124079 0
094121 0
093907 0
124126 0
064406 0
034651 1
096618 0
096659 0
175520 1
162713 0
015463 0
125285 0
011701 1
167213 0
168228 0
168229 0
253083 0
231987 0
227893 1
048544 0
019554 0
017413 0
231983 0
033334 0
167740 0
228531 1
095660 0
228592 1
126497 0
109346 0
167221 0
167222 0
097799 0
031225 0
140116 1
015356 0
125375 0
232876 0
019557 0
167414 2
195294 0
109429 0
090647 0
126488 0
126874 0
169920 0
195315 0
087701 0
188924 1
096639 0
016221 0
126947 0
108279 0
124560 0
015452 0
125291 0
231569 0
158737 0
016545 0
064407 0
058740 1
064500 0
228536 0
110927 1
250921 0
120332 0
100317 0
235500 0
235244 0
199111 0
009873 0
001011 0
283688 0
143439 0
235497 0
231561 0
289258 0
125500 0
004594 0
118792 0
232885 0
163215 0
040307 0
090665 0
193445 0
010934 0
015245 0
125492 0
122846 0
178042 0
078472 0
006553 0
221268 0
222307 0
124553 0
234049 0
050196 0
032938 1
227885 1
140066 1
140067 1
188929 0
188925 0
008705 1
167430 1
167457 1
018603 1
128706 1
169430 1
021994 0
110858 0
127893 0
086248 1
086222 1
110815 0
140437 0
111183 0
282401 0
080895 0
111191 0
111192 0
065158 1
064745 0
017862 0
129200 0
138804 0
120043 1
171187 0
123440 0
148001 0
041219 0
064718 0
079028 0
118929 0
272825 0
188930 0
124540 0
097208 1
127953 0
123724 1
127535 0
128494 0
085029 0
015304 0
125431 0
188923 0
283439 0
285360 0
111233 0
149959 0
188926 0
025482 0
078806 1
155495 0
138537 0
086147 0
036456 0
149962 0
286330 1
186860 0
060615 0
128009 0
272832 0
188153 0
268617 0
268644 0
268758 0
018619 0
128697 0
221996 0
090513 0
146691 1
171180 0
240938 1
009849 0
122224 0
186917 0
131755 1
178132 0
137533 0
166552 0
163245 0
277439 0
256380 0
256384 0
096605 1
067134 0
125092 0
003670 0
221435 0
155689 1
138450 0
288546 0
041239 0
272892 0
115463 0
136308 1
136236 1
136508 0
097128 1
131740 1
064915 1
065078 1
097207 1
131750 1
286476 1
169449 0
065085 1
163634 0
163566 1
164794 0
164793 1
064909 1
096436 0
064795 0
064695 1
065173 0
042543 0
001018 0
146743 0
110638 1
120214 0
028065 0
140759 0
227334 0
085824 1
044608 1
014313 1
069988 1
103161 1
096423 0
227335 0
044604 1
115478 0
011804 0
058472 1
226313 0
038535 0
099525 1
109762 0
042544 1
085956 1
010179 0
122487 0
051329 0
078165 0
042492 1
009451 0
121899 0
183932 0
017429 1
130463 0
079483 0
119391 0
087318 1
212835 0
007335 0
120869 0
078934 0
005813 0
120426 0
143976 1
187786 0
110061 0
005219 1
022410 1
012147 0
037378 0
012694 1
019430 0
009150 0
121642 0
000283 0
230451 1
141336 0
108733 0
163553 0
172251 1
075394 0
122485 0
042530 1
120257 0
202452 0
123977 0
005017 0
119396 0
009683 0
122094 0
012704 0
005479 1
220801 1
069632 0
069636 0
102805 0
102809 0
113355 0
060713 0
042460 1
042468 1
042475 1
045228 0
045229 0
220434 1
099428 1
220485 1
220757 1
044676 0
045230 0
220756 1
046162 0
046039 0
154598 0
065172 0
146608 1
045236 0
134240 1
261576 0
285601 0
265064 0
037996 0
178426 0
020374 0
109942 0
145846 0
134193 0
205379 0
043446 0
160529 0
030142 0
005683 0
120298 0
075268 1
038132 0
135086 0
030256 0
289511 1
011959 0
215450 0
260173 0
043489 0
225994 0
224327 0
224331 0
180613 1
001141 1
065181 0
005663 0
120274 0
129750 0
146582 0
009783 1
005079 0
145780 1
265078 0
146159 0
151981 0
228150 0
015136 0
286758 1
113778 0
066533 0
136536 0
125693 0
043480 0
009864 1
168395 0
014065 0
188331 0
155428 0
078082 1
053960 0
173007 1
071687 0
104860 0
143977 0
075936 0
208366 0
209230 0
173008 1
066784 0
285455 0
138975 0
018095 0
005662 0
120273 0
082074 0
068459 0
234020 0
010294 0
224623 0
229910 0
231118 0
231130 0
231150 0
231152 0
243133 0
015123 0
173022 1
173028 1
289517 1
180659 0
127444 1
263302 1
170104 0
151725 1
131586 0
062199 1
259723 1
011655 0
186866 0
290059 1
179181 0
209349 0
112894 0
253225 0
280002 0
243078 0
085291 1
062455 1
129691 0
114945 0
028720 0
088502 1
097793 0
011340 0
122725 0
054426 1
253277 0
253284 0
034478 0
065030 1
027657 0
258491 0
258514 1
258516 0
259347 0
113190 0
180250 0
034278 0
177410 0
068792 0
259724 1
065041 0
180262 0
101840 0
071496 0
104669 0
263303 1
122724 0
041955 1
012980 1
001158 0
050234 0
131314 1
135331 0
062665 0
146697 1
152621 0
252941 0
180070 0
014904 1
125821 1
088477 1
051843 0
203862 0
215199 0
007744 0
121168 0
081148 0
215202 1
107858 0
061839 0
070474 0
103646 0
148264 0
018128 0
129024 0
058234 0
118760 0
041926 1
064351 0
037148 0
127445 0
064356 0
222828 0
139068 0
012057 0
044079 0
133882 0
287360 0
124236 0
121161 0
006712 0
185794 0
004633 0
118838 0
074551 0
088472 1
041891 1
131300 0
131301 0
054476 0
188412 0
005015 0
119394 0
142227 0
182911 0
281242 0
110268 0
145227 0
011989 0
144192 0
081165 1
227975 0
212060 0
025295 0
010149 0
197172 0
009872 0
110227 0
185752 0
188335 0
010157 0
148977 0
193015 0
155984 0
151705 0
195797 0
019217 0
282535 0
180027 1
153691 1
153718 1
182786 0
077944 0
216787 0
264818 0
116331 0
144196 0
126911 0
166248 0
197183 0
198998 1
197600 1
153645 1
123590 0
156526 0
075015 0
186265 1
175679 0
018630 0
128685 0
075059 0
135059 0
109082 0
155640 0
175334 1
193848 0
176837 1
009890 0
146821 0
155682 0
151404 1
004785 0
119060 0
012517 0
147337 0
135096 0
227265 0
226144 0
113527 0
075783 0
188750 0
050051 0
196244 0
226177 0
197159 0
090645 0
173881 0
195633 0
282612 0
143084 0
010175 0
122473 0
116440 0
088395 0
147012 1
272988 0
170670 0
288900 0
131297 0
186101 0
122471 0
171720 1
286539 0
146309 0
116303 0
199002 1
199008 0
176839 1
171677 0
146989 1
175355 1
175259 1
186289 0
176844 0
146975 1
175217 1
151407 1
227120 1
007474 0
035597 0
288192 0
079725 0
102081 0
089745 0
134669 0
140913 0
098430 0
234710 0
064910 0
153953 1
147847 1
093779 1
170420 0
230645 0
004411 0
118569 0
163142 0
150343 0
065872 0
072216 0
105389 0
161985 0
108321 0
089044 0
147955 0
088303 0
059888 0
066832 0
007144 1
120716 1
004966 1
119329 1
014785 1
125944 1
082583 1
221782 0
147963 0
187912 0
161984 0
155664 0
036217 1
128626 0
171009 0
122053 0
033549 0
223254 1
131594 0
194352 0
036352 1
059324 1
240914 0
069472 1
102645 1
194469 0
064095 0
175768 0
155594 0
288161 0
026070 0
059319 1
017309 0
142414 0
031859 0
261921 0
169733 1
238909 0
036098 0
018413 0
128838 0
144885 1
080349 0
165183 0
057925 0
148580 0
147941 0
184372 0
234690 0
150134 0
007387 0
120910 0
222535 0
035933 0
146976 1
146990 1
147013 1
146890 1
146874 1
051815 0
051762 0
051824 1
051848 0
051908 1
153986 0
051901 0
146889 0
169736 1
169800 0
169801 1
119542 0
011649 0
100910 0
132728 0
065084 0
012104 0
077940 1
288704 0
150171 0
158375 0
075058 0
044302 0
077576 0
213295 0
127914 0
149918 0
044290 0
018434 0
128808 0
146870 0
007930 0
151341 0
141851 0
146475 0
180034 0
101894 0
252410 1
141983 0
132199 0
254196 1
271594 0
090203 0
177548 0
010264 0
200385 0
118938 1
141784 0
052621 0
282068 0
169825 0
002136 0
140115 0
063307 0
028213 0
110820 0
127846 0
098459 1
261719 0
116014 0
268793 0
261246 0
149916 0
261428 0
168996 0
168997 0
077044 0
025874 0
001002 0
141783 0
141852 0
019820 0
141765 0
261277 0
261307 0
006803 0
052186 0
198958 1
275986 0
078878 0
090151 0
034317 0
266257 0
231308 0
045686 0
282092 0
120818 0
123718 0
025912 0
012178 0
149913 0
153782 0
124741 0
040146 0
141245 0
120748 1
261254 0
048729 0
198955 1
120747 1
077954 1
198961 0
198953 0
018502 1
196671 0
009161 0
121652 0
082701 0
254653 0
129664 0
234121 0
077957 1
031760 1
220746 0
021147 0
151370 0
148455 1
220752 0
079459 1
064361 1
017495 1
129432 1
051772 0
253090 0
180049 0
253019 1
126313 0
147677 0
258630 0
272606 0
065194 0
217311 0
134361 0
125218 0
039143 0
253248 0
177805 0
006487 1
077652 1
160827 0
184264 1
177806 0
058037 1
151026 0
184301 1
184273 1
188955 0
228764 0
258552 0
102034 0
184269 1
123420 0
147048 1
010461 0
230268 0
125457 0
057900 1
017970 1
244969 0
268792 0
074992 0
196683 0
184228 1
254628 0
159265 0
115317 0
040850 0
031515 0
131610 0
079681 1
147070 1
124906 0
143369 0
039225 0
196735 0
184770 0
084948 0
053290 0
159269 0
036035 0
120470 0
019079 0
160868 0
006759 0
256689 0
129346 0
000524 0
059873 0
111266 0
094463 0
226975 0
165280 0
041480 0
066395 0
169000 0
169001 0
091428 0
010826 0
079686 0
079458 0
079438 0
077661 1
017289 0
163388 0
124046 0
051485 1
037138 0
163424 0
285287 1
125523 1
085925 0
181307 1
285207 1
089471 0
058278 0
198417 0
145703 0
175676 0
124736 0
125975 0
237586 0
009048 0
180383 0
090719 0
237616 0
237621 0
060789 0
108800 0
280957 0
280375 0
280721 0
280746 0
280788 0
281118 0
281122 0
009845 0
122222 0
094566 0
199477 0
016041 0
009884 0
123146 1
127434 0
196069 0
044988 0
021770 0
030395 0
018437 0
157785 0
009586 0
198393 0
149795 0
143957 0
262965 0
147767 0
180382 0
217076 0
286241 0
234754 0
286238 0
157775 0
095736 0
090636 0
010313 0
122630 0
157772 0
069258 0
102431 0
028499 0
101736 0
051850 0
018409 0
135330 0
222336 0
130187 0
150882 0
286356 0
130390 0
082992 0
038659 0
118795 0
149821 0
085818 0
115395 0
217676 0
086275 0
037796 0
008045 0
121441 0
060331 0
108079 0
078235 0
069993 0
103166 0
021815 0
000949 0
193000 0
161519 0
125522 1
123150 1
123036 1
125532 1
060395 0
139104 0
044530 0
078527 0
114755 0
114683 0
132227 0
063327 0
114756 0
044443 0
004837 0
119114 0
078909 0
061227 0
079953 0
143803 0
264395 0
220557 0
090229 0
099408 0
148222 0
164341 0
090231 0
201805 0
201399 0
055728 0
276617 0
152881 0
016632 0
185151 0
101119 0
024176 0
010714 1
119544 1
079289 0
163558 0
277075 0
078565 0
118434 0
264459 0
194377 0
090242 0
155761 0
145450 0
141300 0
141302 0
088393 0
093743 0
009619 0
067406 0
194425 0
132485 0
012377 0
191703 0
177166 0
143800 0
007378 0
012281 1
242222 0
221333 0
260823 1
152284 0
284585 0
074613 0
067676 0
226178 0
115814 0
159016 0
003738 1
172894 1
243589 0
111222 0
087382 0
264831 0
016166 0
132460 0
230476 0
078645 0
140542 0
195305 0
078503 0
078053 0
120199 0
007041 0
126501 0
037059 0
134459 0
143764 0
135328 0
164255 0
074529 0
045031 0
063109 0
145455 0
009201 0
283752 0
181732 0
029788 0
138451 0
234027 0
184996 0
256379 0
084669 1
007087 0
120680 1
203878 0
084648 0
154180 0
258849 0
170202 0
170203 0
215993 0
139470 0
214488 0
021482 0
216604 0
258631 0
177770 0
039273 0
009928 0
089596 0
084641 1
177999 0
011134 0
176901 0
231467 0
173158 0
184988 0
117159 0
139074 0
014966 0
061264 0
036299 0
163382 0
178043 0
038351 0
088558 0
205346 0
168596 0
124226 0
277814 0
147081 0
134192 0
018398 0
128854 0
200802 0
088364 0
119073 0
151922 0
151907 0
205339 0
205348 0
168627 0
146261 0
258671 0
203873 0
203829 1
145871 0
009098 0
121602 0
128855 0
075643 0
038518 0
202154 0
262856 1
045499 0
011932 0
216332 0
024095 0
241743 0
124973 0
097566 0
095515 0
101099 0
076696 0
122206 0
000404 0
250987 0
111064 0
005220 0
119668 0
018383 0
146973 0
201645 0
197524 0
018293 0
061087 0
285467 0
243801 0
151688 0
148435 0
151792 0
200791 0
203631 0
151959 0
283749 0
084642 1
084683 1
083705 0
084704 0
084697 0
084698 0
005829 0
120445 0
120447 0
007079 0
120446 0
001543 0
254194 1
014669 0
126071 0
244963 0
108228 0
017143 0
123494 0
011446 0
070046 0
103219 0
123035 0
286890 0
102014 0
042486 0
215787 0
126206 0
244968 0
126082 0
179449 0
079863 0
216381 0
126180 0
126650 0
119340 1
018221 0
032542 0
007854 0
121273 0
126100 0
130508 1
014650 0
126096 0
041521 0
077479 0
032422 0
259711 1
228912 0
126077 0
086090 0
199911 0
002568 1
009244 0
121723 0
286889 0
109920 0
009148 1
123483 0
005416 0
119973 0
008022 0
121423 0
217974 0
162070 0
032736 0
118974 0
276092 0
009942 0
010185 0
069992 0
103165 0
006898 0
120515 0
215609 0
075436 0
