085524 2
164457 0
164686 0
156872 0
115245 2
065268 0
042326 0
025309 0
085495 0
005560 1
042319 0
133256 0
223786 0
152278 0
010305 1
085135 0
113573 2
099723 0
156873 0
164458 0
113643 0
164455 0
147403 0
163782 0
020081 0
164464 0
113600 2
164463 0
163905 0
164484 0
164271 0
163362 0
133251 0
164445 0
147393 0
133243 0
164153 0
164446 0
164425 0
201258 0
164270 0
131477 2
163877 0
164454 0
164402 0
152298 0
164437 0
164452 0
188475 0
133249 0
164428 0
164451 0
043640 0
163157 0
164041 0
164459 0
099798 0
018145 2
164406 0
112158 2
163875 0
152311 0
164842 0
164448 0
013081 0
