198719 1
198743 0
198733 0
198677 0
199202 0
035579 1
216420 0
198892 1
198902 1
198776 1
149512 1
015646 1
198852 1
149515 2
198944 1
206918 1
108254 0
202147 1
202176 1
050919 0
202185 1
198711 1
198939 1
198705 1
198933 1
198801 1
198856 1
198966 1
198663 1
198945 1
202212 1
198704 1
198738 1
198721 1
049954 1
074804 1
199190 1
198874 1
150111 1
160306 2
198730 1
198751 1
198769 1
198742 1
198732 1
198976 1
198771 1
147618 2
198765 1
198726 1
198668 1
198786 1
198660 1
198844 1
165031 1
147617 2
198896 1
147606 1
065796 1
198710 1
198789 1
025719 1
199493 1
198768 1
198754 1
147588 1
198669 1
199387 1
198707 1
245712 0
149852 1
198756 1
198785 1
198968 1
198739 1
200604 1
198835 1
149860 2
199159 1
199496 1
198666 1
147619 2
199384 1
198816 1
198793 1
198781 1
210839 1
200753 1
241507 1
198973 1
198814 1
200605 1
049866 1
200815 1
200574 1
198845 1
198792 1
198686 1
199161 1
082062 1
198783 1
200570 1
198784 1
200569 1
198683 1
198782 1
198688 1
198791 1
198712 1
200514 1
198823 1
200601 1
198822 1
198794 1
199183 1
198713 1
198706 1
199166 1
198795 1
198728 1
198731 1
200573 1
200516 1
198757 1
198689 1
200608 1
199200 1
198761 1
198667 1
198837 1
198718 1
198762 1
149876 1
049818 1
065794 2
198796 1
065792 1
198770 1
150677 1
150681 1
150658 1
150679 1
165021 1
149596 1
057016 1
198790 1
150985 1
049348 1
150690 1
152566 1
241515 1
152579 1
255353 1
049514 1
149597 1
199459 1
159218 2
078546 1
160355 1
082060 1
159230 1
199517 1
223669 1
278854 2
256989 1
243522 1
199471 1
082239 1
080088 1
198729 1
082331 0
039964 1
165418 1
199529 1
198780 1
198700 1
200249 1
074917 1
075495 1
149938 1
082203 1
074854 2
049860 2
198674 1
149600 1
074522 1
074853 1
046248 1
091169 1
074591 1
220642 1
077469 1
075528 1
065672 1
149937 1
028902 0
052221 1
198797 1
077635 1
046252 2
046247 1
074962 1
200289 1
077586 1
074945 1
200290 1
082705 1
075269 1
075559 1
075117 2
045899 2
069040 1
220375 1
198682 1
050055 1
082435 1
082763 0
045909 1
082601 1
043983 1
051331 1
198504 1
043986 2
198506 1
065582 1
016625 0
164824 1
083394 0
086516 1
083407 0
043998 1
075477 1
149540 1
056643 1
083326 0
052116 1
162241 1
078602 1
198722 1
083205 0
083204 0
083244 0
098370 1
199750 1
068155 1
087508 0
153322 1
078063 2
275872 0
042551 1
145570 1
148045 0
039946 1
158891 0
148148 0
198760 1
052126 1
272453 1
015582 2
161083 1
227990 1
039926 1
228092 1
075554 1
165001 1
057843 1
162339 0
200231 1
198111 1
176786 0
056583 0
065764 1
199755 1
161048 2
199770 1
075744 0
198044 1
162162 0
024710 0
224243 0
225423 0
024770 0
045815 1
198725 1
101991 0
056705 0
162157 0
057296 1
199850 1
224059 1
272462 1
039513 0
277408 1
252126 1
198701 1
075697 1
221164 1
126814 1
149342 0
224998 0
161042 1
161046 1
046624 1
015658 1
149523 2
015639 2
149553 2
065828 0
039503 2
272105 1
153874 1
277452 0
091844 2
091881 1
223496 1
046394 2
050899 2
158664 1
107927 0
039779 0
011450 1
050900 1
046354 1
039751 0
046316 1
270306 1
198716 1
067765 0
244264 0
191632 0
244271 0
199163 1
134025 0
046279 1
244286 0
277398 2
277409 2
277394 1
163657 1
045119 1
096368 1
067443 0
199849 1
022353 1
051426 0
051393 0
044663 2
015831 0
199367 1
046277 2
242332 0
161690 1
267055 0
267773 1
167918 0
167919 0
039713 1
198369 0
161689 1
267862 2
267088 0
009983 1
242292 0
220695 0
149266 0
272539 2
213492 1
272415 1
160573 0
220680 0
016245 0
085197 1
213495 1
220661 0
242314 0
222239 1
014473 0
250289 0
282375 0
222245 2
277416 1
086281 1
107933 0
015677 0
202237 0
167891 0
167892 0
015508 0
179025 0
271241 0
087470 1
033078 0
022349 2
086247 1
091351 0
202384 0
096172 1
199363 1
149643 0
024051 0
086195 1
218106 1
205181 1
203736 1
203752 1
213821 1
213310 1
058863 1
271981 1
272024 2
271668 1
199369 1
239837 1
152443 1
160378 1
085893 1
067594 1
163815 1
082265 1
062808 1
062805 2
062772 1
050873 2
079292 1
102032 1
163831 1
084146 1
266942 2
064953 0
098949 0
081228 1
205179 1
271851 1
266890 1
092908 0
045979 1
050812 2
189195 1
050451 1
079435 1
226569 1
272106 1
271909 1
182577 0
099041 0
046181 2
199365 1
065974 0
081202 1
017545 0
129410 0
085195 1
085188 1
085127 1
046168 1
129415 0
085698 0
085695 1
099343 0
199362 1
199358 1
116446 0
092961 0
100175 0
099700 1
099051 0
089928 2
126445 0
098003 1
141690 0
046167 1
049706 0
046163 2
050455 1
068938 1
201559 1
226152 0
221855 0
023070 2
023069 1
126653 0
093951 0
067631 1
022318 0
116412 0
023765 0
050306 1
158919 1
284322 0
135219 0
022309 0
023071 1
116408 0
023183 1
162065 0
046164 1
045384 0
023097 1
182598 0
223555 0
023096 1
046241 1
067658 0
046104 1
068966 1
068942 1
068954 1
062814 1
065239 1
065227 1
065243 1
065258 1
065270 1
045936 2
045701 1
089897 1
093167 0
049397 0
092873 0
240568 0
092787 0
049475 0
098690 1
045673 1
272023 1
092784 0
085857 0
094573 0
100779 1
276250 1
022326 1
098526 1
050237 1
099701 1
068816 1
046427 1
099409 1
276302 1
028660 1
051318 1
189117 0
094592 0
051308 0
087883 1
198295 0
047277 0
100760 0
277120 1
050307 0
086204 2
045628 1
089725 0
057023 0
075088 0
086201 2
086202 2
050457 0
161346 0
263992 0
099317 0
064578 0
075260 0
198310 0
199251 0
134625 0
116031 0
066406 1
108864 0
075542 0
089741 0
050801 0
226128 0
189524 0
000796 1
236514 0
085327 0
161320 0
168977 0
239620 0
058095 0
089730 0
050824 0
134662 0
085454 0
080176 0
023086 0
023143 0
219938 0
047799 0
239755 0
169021 0
023377 0
007052 0
120647 0
066583 0
083085 0
219929 0
045278 0
050885 2
239585 0
050887 1
021070 0
078158 0
021084 0
041481 1
273017 1
180737 0
064277 1
044167 0
044401 0
051214 0
001457 0
012776 0
025634 0
027356 0
023633 0
083306 0
281694 0
136198 0
020936 0
021079 0
059414 0
156230 0
163458 0
116051 0
016469 0
165964 0
165965 0
281815 0
051178 0
146158 0
281684 0
198799 1
039749 0
264932 0
026775 0
165265 0
036524 0
198827 1
088975 0
115684 0
076262 1
084018 0
117025 0
133175 0
035941 0
014212 0
003876 0
223329 0
045137 0
057266 0
057267 0
056989 0
176125 0
047439 0
220003 0
115822 0
180745 0
187479 0
045806 0
047495 0
051251 0
175986 0
049389 0
259819 0
170069 0
170070 0
004039 0
130467 0
039708 0
020134 0
024423 0
088091 0
038202 0
157981 0
156228 0
270737 0
048847 0
130457 0
165683 0
272551 0
050116 0
071614 0
104787 0
259791 0
012080 0
019929 0
272315 0
210756 0
117029 0
024794 0
051086 0
038144 0
197776 0
267143 0
130521 0
272533 0
277534 0
019080 0
084617 0
080529 1
028944 0
190878 0
149349 0
149375 0
190876 0
286793 0
240097 0
064073 0
100449 0
188383 0
201146 0
078313 0
142957 0
123488 0
263175 0
024723 0
100459 0
092043 0
149602 0
282205 0
100570 0
228504 0
108534 0
024766 0
244273 0
100462 0
083261 0
108515 0
100571 0
092103 0
240186 0
092177 0
074725 1
025396 0
228501 0
144847 0
128476 0
095225 0
092306 0
282177 0
053275 0
017300 0
129591 0
280923 0
272265 0
092099 0
273302 0
097738 0
201560 0
141334 0
144981 0
219986 0
112748 0
034274 0
040390 0
201067 0
229014 0
270397 0
085072 0
284685 0
037275 0
129597 0
287121 0
287112 0
271374 0
280919 0
129642 0
273538 0
098892 0
089312 0
123478 0
004105 0
129594 0
046849 0
129638 0
201145 0
010616 0
025219 0
149358 0
252776 0
142975 0
242533 0
164066 0
269275 0
004883 0
045085 0
150245 0
144931 0
022145 0
046101 1
129639 0
053844 0
017251 0
129631 0
262044 0
098177 0
260156 2
239120 0
155989 0
260154 1
046268 1
260159 2
260162 1
260152 2
260155 2
260157 2
260160 2
260163 2
276626 0
276414 0
276528 0
276529 0
260158 1
260161 1
270222 0
140034 0
020723 0
171805 0
048952 0
075135 0
078132 0
235852 0
049009 0
203074 0
052582 0
164808 0
077780 2
222822 0
222824 0
046263 0
038148 0
269014 0
048953 0
130439 0
029215 0
003870 0
153312 0
222832 0
222834 0
029971 0
068946 0
049932 0
023624 0
029943 0
095984 0
218489 0
238563 0
162642 0
041763 0
024695 0
225005 0
227463 0
262854 0
130589 0
162616 0
140044 0
030049 0
070002 0
103175 0
222825 0
065159 0
283004 0
268971 0
045791 0
221177 0
190480 0
084930 0
075852 0
274168 0
016132 0
146092 0
015650 0
039885 0
052575 0
049864 0
026221 0
119919 0
130562 0
095956 0
140043 0
075569 0
141848 0
059304 0
235845 0
228520 0
024371 0
145162 0
188144 0
164518 0
278371 0
160414 0
113727 0
021523 2
012675 0
178238 0
046225 0
260392 0
151260 0
236641 0
278375 0
276625 0
240398 0
021389 0
278376 0
266635 0
243572 0
159961 0
243578 0
278374 0
177699 0
222877 0
228007 0
021637 0
021401 0
222887 0
020669 0
187187 0
187185 0
021388 0
243510 0
228039 0
288615 0
267036 0
021387 0
004708 0
118952 0
136788 0
177745 0
267077 0
243537 0
023359 0
081489 0
023364 0
078184 1
023358 0
258883 0
270772 0
278505 0
045478 0
022139 0
288619 0
078180 1
162419 0
086269 0
288234 0
258792 0
076927 0
281583 0
016373 0
189118 0
177737 0
162435 0
124429 0
275999 0
021522 0
277118 1
127751 0
193926 0
194813 0
266892 0
281589 0
115116 0
219306 0
161605 0
258877 0
021359 0
077305 0
036376 0
015721 0
025897 0
240399 0
036378 0
238767 0
