044384 1
044349 1
044314 2
209902 1
044601 1
043765 1
242413 0
035765 1
044602 2
035123 1
041639 2
036140 2
044291 1
046014 2
044821 1
205162 1
035908 2
035860 2
046466 2
036135 1
044599 1
037793 1
045973 1
207646 1
217209 0
037794 2
040752 1
040755 1
044617 1
041626 1
046049 1
044616 1
032588 0
035773 1
045965 1
036141 1
035851 1
044577 2
045920 1
204479 1
217522 0
044445 2
040901 1
045014 1
044989 2
044584 1
045234 1
045916 2
035674 1
242531 0
045231 2
217907 1
216736 0
041632 2
044578 2
032572 0
044585 1
044698 2
040898 1
046546 1
035904 2
044203 1
044511 1
036104 1
041577 2
040792 1
051755 1
041594 1
032509 0
044268 2
036000 1
044642 2
045324 1
035900 1
044558 1
045896 1
035675 2
205164 1
044689 1
035757 1
035849 1
044736 1
036111 2
036308 1
212029 1
035748 2
205166 1
044442 2
045708 1
035929 2
044899 1
036275 1
044756 2
035755 1
035676 2
205156 1
035752 2
035783 1
046293 2
036765 2
035861 2
035797 1
035766 1
035759 1
035786 2
035872 2
035906 2
045318 2
035788 1
035785 1
035832 2
035817 2
035843 1
035838 1
044638 2
045511 1
040929 1
040928 2
035902 2
046519 1
035903 2
035792 1
035760 1
035758 1
035699 2
035981 1
046514 2
040982 1
044368 1
044731 1
035806 1
036034 1
040949 2
035756 1
037314 2
088107 1
035842 1
036340 1
035867 2
044633 2
045435 2
046594 2
035824 2
044732 2
045358 1
035918 1
044737 1
044939 1
044780 2
044327 1
044891 1
044001 2
035919 1
044738 2
036136 1
036142 1
044408 2
044157 2
044882 2
044936 1
044332 1
035873 2
046355 1
044582 1
044680 1
218004 1
039995 2
045356 2
044643 2
044474 1
045891 1
044745 1
037242 1
044775 2
044739 2
046117 2
040900 1
040822 2
039568 2
044593 1
044634 2
044503 1
044591 2
044759 2
044716 1
044721 1
044933 1
044762 1
045857 1
044748 1
046493 2
044264 1
046489 2
046459 1
035787 1
036702 2
035935 2
044746 1
046502 2
040937 1
044740 1
044733 2
045845 2
036131 2
044835 1
045889 2
044632 1
046476 1
035859 2
209417 1
040936 1
041014 2
035937 1
044743 1
040751 2
041119 2
046509 1
045862 1
035879 2
044253 1
044468 2
044537 1
046409 2
045854 1
044315 2
036372 2
045983 2
045468 1
035926 2
035925 1
035777 1
040902 2
044254 2
036123 1
035831 2
041480 1
044064 1
050961 1
045982 2
043995 2
045623 2
044239 1
045425 2
046411 2
044678 1
041536 2
045241 2
035948 1
044520 1
035951 1
044579 2
043895 1
035888 2
046375 1
036013 1
044525 1
044160 2
035878 2
040905 1
035846 1
046379 2
046491 2
035863 2
040816 2
101760 0
036242 1
035912 2
040962 1
044473 2
044906 1
045698 2
037685 2
045296 1
035978 2
036738 2
045117 2
045319 1
045307 2
045536 1
044278 1
044524 1
045268 2
035776 1
044162 2
205767 1
045928 1
040915 1
044323 1
205151 1
214288 1
035790 1
044777 1
044692 1
046462 2
044220 1
214463 1
040932 1
044405 1
040793 2
049302 1
042260 2
042840 2
215119 1
042358 2
041394 1
045624 1
044561 1
045692 1
040975 2
044273 1
037675 1
046461 2
049306 1
036098 1
045727 2
041306 1
045489 2
041388 1
035956 1
044032 2
040903 2
045999 1
217289 1
050685 2
045443 2
044498 1
045758 2
044767 1
035922 2
035778 1
044002 2
044568 2
209846 1
051516 1
035933 2
208357 1
054578 1
037065 1
044614 1
040783 2
051325 2
045998 1
264818 1
044613 1
045487 1
036160 2
045473 2
044536 1
036748 1
051148 2
044581 2
205765 1
044755 2
044223 1
216389 1
036907 1
214961 1
209446 1
044549 1
044387 1
207060 1
044307 1
044039 1
046047 1
264847 1
040819 2
264831 1
048134 1
043900 1
044747 1
040916 1
051339 1
035841 1
035791 1
048904 1
044735 1
041026 1
049892 2
046337 1
043977 1
044730 1
044688 1
044851 2
044600 1
045619 2
035927 1
036325 2
201226 1
035384 1
044781 2
046288 1
044375 1
045501 1
037146 2
051742 1
044603 2
044587 1
044685 1
035304 1
045367 1
045488 2
035286 1
044351 2
035283 1
045955 1
045532 2
049889 1
035649 1
045351 2
044636 2
046198 1
044571 1
035934 1
059415 1
044789 1
044149 0
044419 1
043922 1
044703 2
051064 2
045163 1
044098 2
043908 2
051482 1
051517 1
035744 1
213276 1
040907 1
044677 1
044256 2
043932 1
044955 1
044606 1
044357 1
050892 1
051333 1
044717 1
040821 1
044741 1
059086 1
044992 2
035711 2
110530 1
207006 1
037447 1
110561 1
218408 1
214705 1
045248 1
051744 1
051338 1
207658 1
044644 2
218332 1
044592 1
043982 1
045954 1
212460 1
040934 1
044605 1
050886 1
044310 1
040892 1
044705 2
215467 1
206535 1
035853 1
044589 1
048451 1
036990 2
044280 2
044626 1
045178 1
044353 1
205282 1
203894 1
217387 1
215570 1
140935 0
044648 1
044801 1
046196 1
044374 1
037033 1
037880 1
044129 1
036652 1
044152 1
037445 1
040935 1
044434 1
205560 1
037052 1
050766 1
044734 2
035789 0
206495 1
036978 1
037902 2
065434 0
044430 1
037924 2
044008 2
036663 1
044552 1
044195 2
036683 1
044197 2
045533 1
044272 1
045689 2
037528 2
051042 1
217389 1
045024 2
110569 1
044649 1
037779 1
036375 2
037213 1
044586 1
214352 1
037106 1
219480 1
212661 1
044559 1
051519 1
044693 1
210344 1
213628 1
044518 1
044631 1
044048 1
109397 1
037231 1
037306 2
203822 1
045801 1
044366 2
051514 1
214958 1
214960 1
205461 1
046276 1
044509 2
046414 1
060586 1
218016 1
218217 1
044506 1
205173 1
218177 1
079475 1
209847 1
148724 1
051605 1
051066 1
218949 1
045177 2
046361 1
037467 1
203999 1
036048 1
062819 1
258468 1
044495 2
044262 1
081180 1
044838 1
035923 2
034661 1
217334 1
208572 1
215268 1
113250 1
044687 1
062813 1
216276 1
208240 1
044391 2
258524 1
046102 2
035735 1
044402 2
044588 1
045420 1
210107 1
206342 1
217902 1
044770 1
039423 2
163893 1
044580 2
209365 1
209788 1
051664 1
035839 1
044163 2
036561 1
044389 1
210560 1
210290 1
163872 1
204592 1
046153 1
209430 1
036558 1
215154 1
044691 1
208545 1
205207 1
036085 2
138040 0
060535 1
163071 0
045005 1
045526 2
044742 1
035921 1
216044 0
216252 1
203660 0
213889 0
217113 1
203427 1
205039 1
216612 1
045164 1
045148 1
218888 1
138041 0
205445 1
051515 1
045818 1
205740 1
045703 1
049256 1
007782 1
045431 2
216602 1
217562 1
045582 1
164572 0
045817 1
044270 1
217761 1
217680 0
204946 0
205296 1
212784 1
215487 1
201991 1
204302 1
046418 1
286304 1
108793 0
075763 1
043876 1
214137 0
036186 2
210265 0
200446 0
209495 1
217498 0
204467 1
045201 1
044003 2
051173 1
135141 0
044358 1
216036 0
219502 0
217347 0
261822 0
035916 1
214194 0
048544 0
214371 0
261825 0
040802 1
216118 0
134910 0
044004 1
216007 0
045021 2
135069 0
217964 0
051554 2
044595 1
108253 0
203698 0
209916 0
203864 0
261736 0
215504 0
215033 0
077418 0
202850 0
204176 1
203838 0
045593 2
040779 1
045513 2
045152 1
019662 0
045505 1
044118 1
217770 1
204121 1
099315 0
021652 0
204122 1
051147 1
204171 1
204404 1
204172 1
204174 1
036267 1
050533 0
204175 1
066382 0
217784 1
044681 1
203956 1
168396 1
044726 1
036268 1
044007 2
035920 1
043962 1
036490 1
036263 1
048614 2
044248 0
045757 1
044501 1
040754 1
005425 1
039647 1
021726 0
035488 0
051558 1
048419 1
043972 2
075688 1
051330 0
035796 2
048832 1
037047 1
051506 2
029003 0
131314 0
044097 1
080617 0
051145 2
022325 0
021527 0
029006 0
035714 2
035430 0
090123 1
075683 1
086867 1
044596 2
035284 1
035287 1
035305 1
035314 1
035385 1
035421 0
086368 1
169219 1
037310 0
099378 0
040039 2
014207 1
022278 0
045497 2
043821 1
044316 0
035554 0
050921 1
039413 1
030527 0
054072 1
023450 0
035866 2
219876 1
044683 1
205506 1
090141 1
043939 0
041627 0
020010 0
045816 0
088254 0
044679 1
029059 0
116902 0
044618 1
043816 1
043815 1
043805 1
101771 0
044572 1
038656 1
037067 1
084332 0
044570 1
044948 1
038683 0
113470 0
044564 1
051340 0
044650 1
161996 0
212092 0
044020 2
036906 1
044620 1
044690 1
086482 1
121160 0
036250 1
204952 1
206669 1
204522 1
003860 0
000444 0
005484 0
037639 0
037634 1
056644 1
206103 0
006465 0
109039 1
015607 0
207796 0
050918 0
187827 1
162207 0
218425 0
142956 0
044702 1
007737 0
121162 0
210433 0
057367 1
035870 2
059403 1
205303 0
086468 1
040914 1
214953 1
015594 0
036071 1
058587 0
116080 0
119297 0
010494 0
050371 0
051086 1
114986 1
212097 0
200747 0
205753 0
044147 1
182937 0
218365 0
062794 0
204470 0
143093 0
044597 1
044700 2
040791 2
211719 0
079472 0
090513 0
287832 0
203373 0
046570 1
212978 1
281255 0
152118 0
218764 0
040395 0
043992 1
218974 0
038810 0
040076 0
057069 0
049010 0
240053 0
009197 0
121674 0
109054 1
100072 0
143094 0
213240 0
044261 1
044104 1
043951 2
044563 1
045754 0
036599 0
035805 1
042546 1
044630 0
042568 0
044697 0
050891 1
218368 1
209064 1
209651 1
209032 1
209663 1
210051 1
045357 1
209168 1
209174 1
209759 1
078716 0
210099 1
268198 0
191209 0
037279 0
045927 0
210292 1
162117 1
044886 0
046371 1
191218 0
114841 0
035784 1
016748 0
035818 2
207637 0
041352 1
250832 0
268307 0
044547 2
208794 0
176095 1
273746 0
195765 0
219497 0
117311 0
076497 0
051505 1
266958 0
203930 0
267825 0
078995 0
044065 2
266977 0
062266 0
023130 0
207725 0
043773 0
039121 2
044482 0
091114 0
027120 0
044226 1
099508 0
022746 0
035819 0
219487 0
204980 0
044455 0
037206 0
045964 0
191876 0
240967 0
204114 0
168498 0
285877 0
007997 0
038839 1
207588 0
115109 0
241241 0
207665 0
204594 1
068204 0
043948 0
158810 0
267801 0
201194 0
260131 0
035885 1
220596 0
209197 0
042512 0
022747 0
263631 0
268557 0
077783 0
050376 0
158155 0
218944 0
203283 0
203775 0
204798 0
212952 0
214064 0
204701 1
050684 2
044086 0
051036 0
082315 0
082320 0
044066 0
044087 0
042887 0
024284 0
043124 0
035833 2
175199 1
219357 1
024246 0
037564 1
044069 0
034949 1
099427 0
035708 1
274728 0
079001 0
095447 0
276131 0
216663 0
110430 0
256198 0
264813 0
048305 0
116077 0
208939 0
218483 0
217379 0
132533 0
204448 0
145793 0
095500 0
013018 0
051501 0
135413 1
034046 0
044047 0
123007 0
215403 0
040247 0
210399 1
157731 0
052748 0
137014 0
044112 1
044902 0
071527 0
104700 0
035165 0
206822 0
206824 0
000495 0
163830 0
219755 0
093877 0
044672 0
092655 0
037819 0
242137 0
022508 0
037122 0
262524 0
127095 0
145792 0
276136 0
045180 0
116172 0
211082 0
038093 0
077961 0
093905 0
207230 0
217935 0
207066 1
237962 0
113801 0
113997 0
210598 0
195086 0
109323 0
217401 0
243840 0
218466 0
118184 0
216408 0
046463 0
272089 0
090692 0
023924 0
204032 1
003705 0
046453 0
091654 0
204137 1
046441 0
066157 0
215326 0
037695 0
036301 0
156395 0
199477 0
209463 0
205137 0
037389 0
209973 0
000629 1
006789 1
218005 0
204989 0
222063 0
035313 0
001828 0
016007 0
218354 0
203368 0
218409 0
162432 0
035244 1
044567 1
259087 0
001711 0
036982 0
041937 0
175874 0
209996 0
047662 0
079865 0
036760 0
036897 0
085781 0
112155 0
269010 0
259090 0
222713 0
211420 0
037696 0
090705 0
220826 0
199531 0
155830 0
117866 0
036643 0
009297 0
037882 0
213483 0
205398 0
205399 0
080076 0
213544 0
041020 0
205259 0
269698 0
000401 0
068729 0
079131 0
213400 0
005767 0
120384 0
167966 0
274612 0
193760 0
205759 0
203246 0
018465 0
128785 0
056144 0
048244 0
203851 0
204903 0
085745 0
152436 0
066553 0
205145 0
118385 0
045562 0
045499 0
205200 0
076521 0
115622 0
116349 0
213513 0
043358 1
239573 0
117842 0
215106 0
037192 0
109526 0
032127 0
024295 0
033303 0
033364 0
081149 1
280816 0
035556 0
268161 0
210537 0
280817 0
021182 0
208550 1
019273 0
091214 0
152077 0
023136 0
217859 0
164061 0
045348 0
045658 0
041712 0
218583 0
019358 0
107987 0
019229 0
208222 0
152099 0
041668 0
041669 0
110678 0
203433 0
051544 0
033759 0
019354 0
203704 0
045182 0
078277 0
019353 0
160209 0
043538 0
028750 0
206182 0
044085 0
045728 0
268661 0
208804 0
012258 0
044145 1
174925 0
207568 0
023213 0
033689 0
115688 0
218823 0
038351 0
217274 0
217463 1
204600 0
049403 0
023285 0
079233 0
044788 0
215954 0
107691 0
235399 0
044209 0
214457 0
043933 0
219033 0
205502 0
074910 0
118010 0
045038 0
201178 0
051409 0
075035 0
218230 0
280800 0
268196 0
218039 0
049164 0
215941 0
118828 0
049331 0
009755 0
210231 0
136367 0
033780 0
163504 0
183711 0
137017 0
268225 0
043600 0
182775 0
023458 0
175423 0
043935 2
027253 0
274608 0
203518 0
050608 0
160534 0
218122 1
216304 0
214800 0
055703 0
013547 0
016214 0
201005 0
217852 0
055627 0
094411 0
081677 0
210353 0
219824 0
210540 0
081680 0
115548 0
039440 0
039482 0
097746 0
218082 0
223443 0
214732 0
088248 0
088255 0
092500 0
036963 0
009287 0
121773 0
092546 0
092557 0
058548 0
203688 0
058733 0
021736 0
204198 0
216658 0
203492 0
213217 0
236904 0
220885 0
011233 0
090964 0
204844 0
018732 0
216691 0
036797 0
009284 0
121771 0
008187 0
001140 0
209844 0
212821 0
211252 0
210616 0
090577 0
214672 0
037000 0
287462 0
046694 0
062389 0
067078 0
014916 0
099801 0
109239 0
021995 0
023173 0
087372 0
191399 0
217883 0
214874 0
085071 0
046273 0
267282 0
087055 0
163311 0
202925 0
214855 0
030218 0
217769 0
087015 0
097624 0
204188 0
113504 0
067085 0
212906 0
212907 0
014059 0
035656 0
204294 0
034643 0
170844 0
221378 0
217674 0
088467 0
088880 0
210139 0
168538 0
183281 0
036828 0
210555 0
118636 0
223263 0
036543 0
038237 0
205148 0
244844 0
093363 0
045782 0
036540 0
044458 0
093575 0
000269 0
086565 0
198767 0
078274 0
046258 0
079520 0
021747 0
012356 0
020562 0
038185 0
011288 1
267436 0
271413 0
219620 0
011195 0
093308 0
045784 0
283061 0
093295 0
273567 0
020202 0
134417 0
078679 0
086553 0
225603 0
268923 0
134419 0
046550 0
046540 0
078719 0
162676 0
045326 0
281095 0
078774 0
273662 0
043227 0
156496 0
078713 0
145654 0
012468 0
098530 0
077370 0
193903 0
164312 0
158342 0
112268 0
277986 0
007552 0
121037 0
159264 0
019505 0
173501 0
047575 0
069147 0
102320 0
286550 0
067803 0
005018 0
119397 0
099683 0
281326 0
143584 0
045310 0
288320 0
109554 0
074524 0
215231 0
110417 0
099185 0
155692 0
212522 0
046255 0
046299 0
037048 0
050874 0
207372 0
219130 0
269717 0
077384 0
041219 0
016955 0
289164 0
087709 0
289054 0
116355 0
289091 0
227537 0
001185 0
081696 0
214566 0
169842 0
169843 0
213085 0
214872 0
214314 0
203397 0
218148 0
203476 0
217344 0
203572 0
213125 0
168337 0
214267 0
130954 0
203272 0
214409 0
012932 0
011371 0
023248 0
199600 0
216074 0
128533 0
253050 0
213490 0
213561 0
037391 0
216149 0
035989 0
068480 0
078797 0
049337 0
044044 0
173377 0
197858 0
039694 0
216514 0
008670 0
210993 0
029268 0
209659 0
209886 0
040585 0
210486 0
220424 0
210324 0
022838 0
079239 0
208706 0
214319 0
005184 0
048876 0
044266 0
217690 0
275438 0
023245 0
092914 0
040573 0
216470 0
029979 0
003654 0
214302 0
021557 0
210985 0
218200 0
204403 0
058926 0
216313 0
218307 0
204089 0
211016 0
022548 0
167326 0
167327 0
214928 0
095948 0
204402 0
191332 0
204720 0
022056 0
145717 0
204126 0
200407 0
169833 0
042013 0
138694 0
035971 0
264833 0
200422 0
275439 0
115466 0
216238 0
208938 0
244908 0
268431 0
209519 0
015752 0
200423 0
045467 1
117349 0
207171 0
022049 0
213917 0
018324 0
128888 0
035303 0
078870 0
071253 0
104426 0
020299 0
163971 0
071192 0
104365 0
289907 0
077363 0
012734 0
008998 0
121515 0
077875 0
090476 0
084731 0
090436 0
088867 0
127989 0
097914 0
215553 0
197436 0
265355 0
117183 0
035420 0
045255 0
068070 0
031282 0
222307 0
258491 0
258514 0
258516 0
259347 0
116189 0
048767 0
032754 0
045158 0
010140 0
216489 0
044862 0
022661 0
042670 0
036060 0
089085 0
174699 0
209616 0
043258 0
288108 0
077520 0
044619 0
042131 0
068338 0
125035 0
046433 0
150158 0
056634 0
044144 0
209739 0
283074 0
067476 0
025274 0
205497 0
045855 0
239727 0
150154 0
222310 0
067479 0
219235 0
289859 0
082531 0
244957 0
088879 0
116950 0
022153 0
068947 0
114452 0
075162 0
203531 0
224798 0
137825 0
202907 0
222336 0
045838 0
212682 0
097559 0
265380 0
209755 0
050386 0
029226 0
011683 0
044863 0
078601 0
219479 0
042194 0
036759 0
130008 0
044082 0
033988 0
127154 0
206859 0
130003 0
156684 0
176609 0
079508 0
055563 0
267770 0
022561 0
209644 0
045080 0
204101 0
088247 0
019240 0
023326 0
114519 0
269033 0
269322 0
008262 0
187624 0
269329 0
204753 0
134842 0
248979 0
023347 0
130793 0
112310 0
021583 0
217756 0
220829 0
000162 0
050962 0
116160 0
