051099 2
054715 0
054407 0
054563 0
055047 0
055523 0
053476 1
054720 2
053322 0
053265 0
055289 0
053381 0
054359 0
054497 0
050164 2
053319 0
088138 2
055074 0
052695 0
059396 0
054983 0
048557 0
054088 0
052696 0
054981 0
051006 0
052712 0
054675 0
053162 0
053002 0
053703 0
053561 2
088112 2
054697 0
019248 2
055029 0
055363 0
054518 0
054272 0
052610 0
048476 0
056859 0
054528 0
055024 0
056226 0
057368 2
052613 2
053670 2
055277 0
050963 2
088131 2
059343 0
054927 0
052711 0
053996 0
222456 0
051033 2
053977 0
052727 0
054281 0
054512 0
052129 2
055014 0
057093 2
051087 2
054922 0
055010 0
052724 2
056849 0
056745 2
057244 0
243710 2
055123 0
054871 2
054005 0
055264 0
057131 0
083069 2
054147 0
052140 2
052826 0
055362 0
048603 2
053587 0
052747 0
052574 0
052771 2
055269 0
135172 2
082783 2
277543 2
056462 0
052718 2
056743 0
223313 2
223318 2
053963 0
052581 0
055520 0
055898 0
277523 2
135170 2
052738 0
135374 0
135179 2
003562 2
055599 2
223288 0
004440 2
198416 2
056361 2
080280 1
055470 2
080427 2
080399 2
022495 2
082759 2
053458 0
082609 2
026099 0
057100 2
055712 2
053228 2
022411 2
053570 0
056458 0
199169 2
054926 2
054076 2
199195 2
122348 2
134309 2
082744 2
199046 2
082591 2
053602 2
056857 0
082646 2
156681 0
048663 2
048488 2
048491 2
052537 2
055486 2
047658 2
122350 2
055416 2
054202 2
054896 2
168464 2
047581 2
202193 2
200230 2
202208 2
200629 2
071085 2
104257 2
200626 2
200630 2
054487 2
056316 0
055991 2
052516 2
081175 2
071084 2
104258 2
213258 2
213275 2
213616 2
010046 2
122351 2
082547 2
054790 0
053591 2
202245 2
220721 2
220725 2
056755 2
054884 2
054079 0
054097 2
056486 2
054761 2
220966 2
007987 2
121394 2
082391 2
220905 1
202386 2
053271 2
081121 2
053293 2
056087 0
134288 0
055645 2
056744 2
049841 2
113705 2
055291 2
054442 2
080965 2
082386 2
199994 2
081013 2
080365 2
053159 2
053000 2
121379 0
080993 2
082500 2
053001 0
054869 2
056516 0
056457 0
048456 2
055910 0
055391 0
056473 0
056182 2
080747 2
056741 2
057019 2
055087 2
054682 2
055463 0
080722 2
056714 2
082594 2
082544 2
055381 0
267459 2
051031 2
056492 2
053152 2
054331 2
053170 0
053013 0
052720 2
055146 2
055438 2
056680 2
055478 2
057335 2
082618 2
202631 2
113721 2
048384 2
052953 2
053610 2
053423 2
054916 0
054808 2
055287 2
138812 0
053003 2
050224 2
053534 2
055384 2
054811 0
055276 0
055880 2
053200 2
053627 0
055308 0
059400 0
080720 2
052269 2
056503 0
055588 2
056695 0
056278 2
060953 2
082244 2
053285 2
054531 2
053141 2
080756 2
116411 2
055456 2
052932 2
055612 2
056511 2
056622 2
057372 2
084108 2
055550 0
084107 2
054820 0
054899 2
056707 2
057032 2
052956 2
055185 2
048181 2
082598 2
049908 0
054877 2
056186 2
138865 0
054895 2
082660 2
080543 0
052833 2
052965 2
052268 2
080763 2
050150 2
082521 2
051869 2
082692 2
057128 0
080565 0
082690 2
051842 0
052838 2
080691 2
054201 2
052800 2
080791 2
080713 2
080772 2
053243 2
080712 2
055164 0
055323 0
053619 2
052146 2
080782 2
116415 2
056127 0
055311 2
053375 2
057036 2
080356 2
056700 2
054876 2
080736 2
054515 2
056962 2
077667 2
056841 2
053015 2
080773 2
054277 2
056737 2
053111 2
053512 2
055871 2
080724 2
084127 2
050137 1
053250 2
056430 2
054279 2
055982 2
056866 0
063658 2
053314 2
055020 0
054989 2
063807 2
080398 2
056461 0
054234 2
052755 2
056738 2
182919 2
052433 2
056742 2
056863 0
169436 2
055525 2
056808 2
182934 2
082711 2
182918 2
057376 0
054095 2
056789 2
054453 0
080520 2
055541 2
054049 2
050124 2
056615 2
236098 2
080397 2
055262 2
263346 0
054587 2
053408 0
163108 2
053124 0
056724 2
082300 2
054530 2
053071 2
052177 2
080449 2
082708 2
080682 2
182922 2
080447 2
082286 2
080498 2
080582 2
080309 2
080514 2
080735 2
181551 2
080368 2
181537 2
163105 2
061105 2
082803 2
080753 2
080588 2
061014 2
080784 2
082504 2
082797 0
056794 2
110933 2
080708 2
110901 2
080770 2
054471 2
080379 2
052179 2
052806 2
080471 2
082791 0
080613 2
054520 2
080714 2
080495 2
080474 2
080466 2
056227 0
048583 2
080701 2
080469 2
080349 2
082808 0
055174 2
080602 2
080611 2
056181 2
080702 2
080723 2
053007 2
080381 2
055356 0
055148 2
080584 2
059462 0
054904 2
053593 2
080571 2
080570 2
080783 2
056187 2
054577 2
080711 2
084847 2
236038 2
051032 2
051364 0
080341 2
080597 2
080669 2
053040 0
055190 0
093742 2
080768 2
054867 2
080729 2
053009 2
080754 2
056835 0
100425 2
080796 2
056832 2
093611 2
056397 2
100426 2
080340 2
056843 0
080657 2
055710 2
050202 2
053597 2
055445 2
056467 0
053650 2
054218 2
080360 2
054821 0
056381 0
056341 2
080700 2
080357 2
080694 2
080718 2
080785 2
080685 2
080793 0
080635 0
080591 2
082370 2
082383 2
080692 2
080740 2
080589 2
055592 2
080693 2
080284 0
054488 0
080792 2
080265 2
080149 2
050143 2
080363 2
055097 0
055467 2
053753 2
057330 2
081021 2
055468 2
083910 2
054901 2
053107 2
054834 2
055089 2
219939 0
057334 2
053241 2
053687 2
055309 0
055200 2
049042 1
046870 2
059273 2
056384 2
052910 0
055895 2
054090 2
055292 0
015803 0
050588 2
210232 0
055875 0
030859 2
053665 2
055154 0
054081 2
055270 2
083518 1
054179 2
056070 2
057049 2
054740 2
082673 2
054727 2
055068 2
083466 0
053521 2
054365 0
052954 2
051820 2
052911 0
052598 2
054194 2
053686 2
054127 2
053050 2
054003 0
080764 2
080715 2
057328 2
051359 2
083514 0
049683 2
083572 2
022232 0
055294 2
230776 0
056044 0
051819 2
053552 2
052722 2
052361 2
228639 2
055385 2
052515 2
051402 2
054439 2
029888 2
054968 2
054801 2
052837 2
082682 2
083907 2
056851 0
030857 0
052776 2
226994 2
054409 2
052354 2
076879 0
052495 2
029875 2
053163 2
053011 2
080978 0
083569 2
055587 0
227073 0
227093 1
228749 0
055245 2
227074 0
051337 2
053046 2
051376 2
082329 2
227963 0
053054 2
065922 2
056514 0
230312 0
271306 2
083513 0
054357 2
049406 2
048434 2
056346 2
055162 2
051486 2
054544 0
054908 2
230744 0
055331 2
059407 2
051005 2
051110 2
056114 2
059371 2
235123 0
052567 2
057140 0
050244 2
053705 2
230759 0
164202 0
054278 2
052780 0
056716 2
007026 0
050250 2
030259 2
084584 2
056210 2
271408 2
052779 2
053974 2
083557 2
049698 2
050214 2
054077 2
055471 2
055713 2
053600 2
055179 2
001538 0
054728 2
050466 2
082422 2
059422 2
021770 0
048484 2
056861 0
050778 2
054166 2
057002 2
082562 0
055723 2
056289 0
212612 0
039786 0
235121 0
080420 0
070975 2
104148 2
080346 2
055091 0
151125 0
053691 2
080171 2
057152 2
050251 2
271307 0
080221 2
051102 2
052544 2
049065 2
050670 2
271308 2
052768 2
052521 2
056498 2
090281 2
055995 2
056476 0
055790 0
051004 2
051582 2
047551 0
054452 2
050371 0
056342 2
054011 0
053272 2
056852 1
048750 2
056100 2
055500 0
056414 2
048202 2
050249 2
052701 2
050242 2
053030 2
033175 1
053485 2
055967 0
055159 0
054334 0
056061 2
052591 2
056254 0
062968 2
080730 2
056324 0
054445 2
158525 0
052302 2
144656 2
163241 2
049912 2
054274 0
056507 0
056530 1
052561 2
240947 2
055282 2
054803 2
054894 2
055621 0
052111 2
054857 2
076094 2
054283 2
235068 0
054224 0
055301 0
178390 0
055474 0
035487 0
057311 0
059290 0
056505 0
055877 0
056151 2
051780 0
285147 1
056504 0
055280 0
057353 2
052485 0
054117 2
059298 2
044050 0
051127 2
211196 0
144615 2
052748 2
053756 2
078186 0
049696 0
055516 2
052684 2
059315 2
054540 2
056515 0
055691 0
031705 0
053738 2
170418 0
170419 0
048442 2
285181 2
285184 0
052678 0
052555 2
052726 2
055908 0
084194 2
048531 2
054429 2
051160 2
050236 2
062870 2
048906 0
048907 0
052520 2
084192 2
052301 2
052686 0
053158 2
051615 2
052998 2
056097 2
052405 2
056326 0
089022 2
056152 2
062341 0
052939 2
055236 0
062343 0
053094 0
052926 2
054558 0
053477 2
053478 2
053479 2
054094 0
170352 0
087324 2
050426 2
054529 2
165864 0
056485 2
052762 2
150360 2
054872 2
055412 0
057079 2
057317 2
090645 0
053704 2
007807 0
054672 2
224970 0
166093 0
166094 0
053841 2
080148 2
263747 2
055951 2
056821 2
011997 0
054638 2
146406 2
056307 2
112682 0
080480 0
049117 2
057338 2
053185 2
050414 1
170349 0
054210 2
052741 0
081819 0
010653 0
054539 2
084586 0
053150 0
113508 0
095460 0
086428 0
048446 0
056263 2
055036 0
055060 0
053044 2
170347 0
219762 0
222233 0
163448 0
001360 0
054875 2
055521 2
056995 0
179595 0
065884 0
062324 0
054787 0
080268 2
263741 2
052866 2
052865 2
052938 2
052923 2
056095 2
050142 2
053020 2
048142 0
050837 2
052586 2
056773 2
055539 0
053286 2
053839 2
055488 2
052220 0
054887 2
053878 0
055600 2
055613 0
053245 2
053223 0
048129 0
054758 2
055142 0
055487 2
159804 2
053076 2
048831 2
249697 0
054987 2
000868 0
057336 0
056735 2
050323 2
056358 2
050118 2
049057 2
053867 2
050331 0
140752 0
081060 0
281678 0
197395 0
057139 0
052882 2
110075 0
055447 0
056419 0
019406 0
129876 0
056448 0
050826 0
056019 2
279848 0
024350 0
024444 0
057145 0
056629 2
056415 0
050177 0
054045 2
054921 2
055738 2
053070 0
053828 2
046923 2
055490 2
221643 0
132324 0
056820 2
052649 2
050315 0
081037 2
000649 0
035784 0
052542 2
047210 0
051034 2
057252 2
057253 2
057254 2
048416 2
054227 2
229741 0
029105 0
054105 0
054773 0
055442 2
057141 0
050241 2
049671 2
053745 2
098844 0
052744 2
052659 2
050967 0
055145 2
056627 2
052815 0
053039 0
052728 2
050116 2
052517 2
056968 2
052648 0
052657 0
057077 2
052638 0
054732 0
050865 0
056850 0
054526 2
056131 2
054225 0
144925 2
083799 0
064375 0
052636 2
052950 2
054542 2
054753 2
057138 0
052896 2
054714 2
013811 0
054665 2
081101 2
056318 0
054066 2
009106 0
052585 2
054393 0
080593 0
138675 0
032116 0
055258 2
267325 0
052785 2
054798 0
271761 0
055212 0
054601 2
052509 2
052862 2
058831 0
067223 0
211870 0
052340 0
050483 0
116895 0
077808 2
052280 0
002325 0
059909 0
055884 0
169098 0
169099 0
006394 0
267300 2
052887 2
055692 0
216670 0
050429 2
216906 0
055122 2
257418 0
267299 1
081685 0
026709 0
215576 0
055784 0
028796 0
054962 0
016865 0
081428 0
050845 0
267250 1
054535 2
056422 2
050621 2
054954 0
238921 0
055435 0
225135 0
054785 0
064580 0
071422 0
104595 0
012348 0
065246 0
137402 0
196679 0
054662 2
257779 0
081092 2
051008 0
097318 0
052491 0
055706 2
052846 2
056723 2
052840 0
052553 2
267233 2
267251 0
267232 1
267305 0
052764 2
267277 1
056870 0
078158 0
222336 0
061809 0
050347 0
267228 2
052743 0
056506 0
052427 0
056523 0
052729 0
155603 0
052633 2
037912 0
166498 0
166499 0
054415 2
044582 0
267231 2
255353 0
052742 0
192220 2
243024 0
243056 0
013484 0
056780 0
093584 0
052440 0
055888 2
055774 0
083465 1
231240 0
055992 2
074933 0
029849 0
089683 2
054138 0
283598 0
208066 0
289361 1
267246 0
052997 0
289050 0
052609 2
277841 0
144280 0
136448 0
054707 2
038692 0
053595 2
153522 0
056493 2
055401 2
082005 0
056239 2
109032 0
118386 0
056047 0
017380 0
129527 0
129531 0
052435 0
081988 0
056248 2
048940 2
250556 0
289158 0
044038 2
053831 0
283604 0
048792 2
053294 0
072054 1
072432 1
072735 1
072998 1
073258 1
073514 1
073776 1
074033 1
074293 1
105227 1
105605 1
105908 1
106171 1
106431 1
106687 1
106949 1
107206 1
107466 1
056153 2
054975 2
054971 2
056149 0
054817 0
054251 0
050213 2
049697 2
053810 0
055031 0
080207 1
225291 0
224205 0
195619 0
195620 0
055461 2
225289 0
053386 2
225338 0
053568 0
057136 0
054763 0
090695 0
281258 0
057329 2
054898 2
251093 0
098746 0
055216 0
225283 0
053736 2
057302 2
056287 2
054966 1
186744 0
053559 0
060512 2
015895 0
055101 0
054170 0
054197 0
269199 0
149736 0
052700 2
126359 0
055157 2
111402 0
019548 0
024533 0
056774 2
056018 2
053278 2
209748 0
056051 0
018314 0
056311 0
030568 0
113400 0
118074 0
267397 2
267406 2
267412 2
267414 2
056460 0
054140 2
056031 2
275725 0
053997 0
260076 0
055886 0
052580 2
054160 0
081811 0
026979 0
055434 0
254082 0
059890 0
223167 0
257931 0
056134 0
273990 0
052794 2
224415 0
270286 0
055655 0
054677 0
047723 0
052012 2
267245 2
054523 2
057310 2
267815 0
052371 2
053723 0
097990 0
064744 0
010891 2
273537 0
052550 2
052551 2
052746 0
052006 0
057318 0
052352 0
052685 0
056218 2
053057 0
054928 0
267396 0
055720 0
055018 2
083191 2
052891 2
011210 1
230946 0
050113 0
081756 0
227736 0
051509 0
049816 2
056200 0
233360 0
052027 2
052429 2
056240 2
083198 1
049230 0
057147 2
169692 0
050373 0
083461 0
056483 0
023244 0
193576 0
056284 2
026690 0
056091 0
059821 2
161154 0
052790 0
075040 0
056286 2
169691 0
176519 0
111126 2
048719 0
056285 2
056028 0
054519 2
052681 0
205675 0
046507 0
002396 1
055501 2
013459 0
090196 0
067473 0
045001 0
056770 2
069423 0
102596 0
218131 0
055990 0
012849 0
081427 0
055542 0
052901 0
036517 2
028329 0
038602 0
055506 0
049383 0
052037 0
195276 0
081644 0
013486 2
143598 0
048810 0
013517 2
083208 0
062192 0
280512 0
067247 0
057358 0
055963 0
267405 0
127097 0
052364 2
059411 2
075599 0
193555 0
055419 2
230951 0
157744 0
054115 2
097660 0
051403 0
055240 0
059439 0
133270 1
052884 0
054800 2
074727 2
054387 2
054679 0
013446 0
057132 0
013543 0
048197 2
056502 0
013359 0
082520 0
046766 2
054196 0
010907 2
055310 0
049843 2
082512 0
013494 0
153432 0
013515 0
013522 0
011216 0
144007 2
054789 0
055876 0
013487 0
038734 0
013477 1
025523 1
202792 0
020198 0
020199 0
054545 2
010919 0
056529 1
083639 0
054060 2
013376 0
055118 0
011220 0
145361 0
054951 0
080267 0
115384 0
136811 0
235486 0
235488 0
051120 0
260357 0
056762 2
066606 0
013847 0
056136 0
056469 0
109956 0
235441 2
087919 0
084129 0
039718 0
111645 2
052171 0
024000 0
006460 2
054273 2
052313 0
065805 0
056269 2
192018 0
055273 0
272760 2
054321 2
254292 0
126648 0
144392 0
164289 0
010970 0
069285 0
102458 0
054940 0
013761 0
158962 0
013836 0
055585 2
224622 2
054016 0
239582 2
057150 2
053560 0
083460 2
062606 0
056192 0
055918 0
053677 0
152356 0
013316 2
144398 0
137736 0
111680 0
224630 0
013509 0
053986 2
239581 0
011145 0
055007 0
056459 0
053281 2
275662 2
276982 0
267253 0
083542 0
084456 0
055404 0
056528 1
275663 0
055398 0
201538 2
054557 0
170268 0
003838 2
054536 0
054537 0
276979 0
152432 0
056522 0
077347 0
068000 0
276952 0
013441 0
269301 0
080671 0
055426 0
083550 0
081534 0
081934 0
084436 0
276980 0
053725 2
123516 2
267252 0
277391 0
176609 0
225747 0
275980 0
056975 2
241995 0
165656 0
165657 0
056036 0
056759 2
269278 0
056215 0
013438 0
099490 0
050013 0
056163 0
026557 0
031645 0
055976 0
054006 0
275580 0
238773 0
055110 0
050704 0
056338 2
138668 2
055947 0
157177 0
055850 0
054480 0
164409 0
069485 0
102658 0
051122 0
083773 0
095847 0
083517 0
170266 0
162525 0
003995 0
201600 0
130577 0
025803 0
275982 0
081209 0
056501 0
164408 0
056520 0
135716 0
054002 0
084591 0
055659 0
224865 0
083772 0
050492 0
054564 2
049189 0
048441 0
056760 2
123499 0
138802 0
006580 2
275914 0
259079 0
190817 0
224849 0
276236 0
013804 0
003937 0
053759 0
054900 0
263387 2
054275 2
056082 0
199194 0
224924 1
120020 0
055453 0
053194 0
144174 0
054505 0
205934 0
053520 2
010750 0
269561 0
010958 0
144006 0
055288 2
143595 0
010921 0
052839 0
055827 0
056011 0
053101 0
075155 0
010844 0
160123 0
160124 0
043846 0
255655 0
029228 0
100905 0
158425 0
167046 0
167047 0
052855 2
160278 0
044489 0
081983 0
168287 0
168288 0
055477 2
025471 0
052900 0
053635 0
014989 0
079536 0
281181 0
005478 0
120042 0
055263 0
273638 0
056245 0
144099 0
049030 0
161806 2
170592 0
252030 0
047397 0
064460 0
227123 0
053213 0
056071 0
138272 0
144091 0
010462 0
055524 0
188321 0
270711 0
199326 0
054902 2
016305 0
266165 0
046624 0
053578 0
052947 0
150685 0
114188 0
053438 2
158427 0
235020 0
010918 0
224925 2
080253 2
138813 0
013626 0
164917 0
053382 2
052524 0
224892 2
052496 2
053079 2
053574 0
224930 0
136171 0
056521 0
262369 2
262121 0
044270 0
262328 2
083629 0
041594 0
160021 2
203661 0
055235 0
054375 0
159953 0
262387 0
220066 0
085150 0
126294 0
056390 0
044434 0
063971 0
239596 0
239859 0
239945 0
062365 0
231368 0
231380 0
231437 0
231878 0
144037 1
054513 2
024411 0
114952 0
013133 0
145619 0
200355 0
039895 0
085303 0
054485 0
055329 0
053026 2
219673 0
202612 0
045896 0
193061 0
226858 0
108460 0
208242 0
083625 0
055733 0
041014 0
065851 0
055410 0
150689 0
229281 0
015742 0
022292 0
118786 0
235840 0
054350 0
151167 0
056867 0
144043 0
163209 0
051418 2
138861 0
076414 0
056842 1
054967 0
219918 0
050592 0
243186 0
053815 0
262052 0
262067 0
278962 0
036641 0
054270 0
054308 0
051733 0
010972 1
217244 0
055873 0
215723 0
056472 0
180824 0
226860 0
082574 2
219559 0
096376 0
055457 0
056621 0
049884 0
054402 0
064566 0
051387 2
257182 0
257170 0
055072 0
265712 0
265738 0
051929 2
053036 2
265740 0
266896 0
257196 0
009577 0
056532 0
056610 0
056327 0
053391 0
022110 0
064907 0
055845 0
055160 0
062931 0
005617 2
124272 0
055643 0
052694 0
095741 0
027434 0
278366 0
054892 0
179651 0
277898 0
055672 0
003841 0
026678 0
052857 0
257068 0
227948 0
027745 0
179650 0
054389 0
054937 0
065544 0
065545 0
070229 0
103402 0
059457 2
052224 0
000608 0
262748 0
055602 0
054831 0
222753 0
035764 0
003882 0
269201 0
025828 0
056206 2
158515 0
055244 2
086262 0
190199 0
006356 0
050613 0
230682 0
082188 0
056165 0
159259 0
076240 0
095589 0
113726 0
054674 0
002289 0
231754 0
054466 0
170049 0
077758 0
026234 0
056374 2
278437 0
151259 0
111418 0
055889 0
055243 0
053524 0
226944 0
156341 0
273590 0
281713 0
057333 0
180204 0
151059 0
080484 0
280807 0
057021 2
136165 0
013440 0
048448 0
051353 0
064540 0
281746 0
052934 0
052931 2
050956 0
121752 0
080377 0
121762 0
235487 0
050326 2
009293 0
121780 0
049079 0
013496 0
242518 0
050947 0
271310 0
222906 0
040130 0
092491 0
056812 0
052766 2
056635 0
221799 0
235485 0
049054 0
055617 0
140069 0
046312 0
274087 0
052592 2
006482 0
184549 0
184568 0
050254 2
270556 0
274803 0
271619 0
195966 0
195629 0
025804 0
087265 0
007041 0
013132 0
145618 0
085380 0
183763 0
265441 0
265461 0
080809 0
140665 0
055968 0
076137 0
221959 1
082920 0
196030 0
173461 0
042569 0
081802 0
052955 2
144405 0
034973 0
056978 0
273085 0
049305 0
118360 0
286068 0
066388 0
271431 0
216416 0
043747 0
007835 0
121252 0
179331 0
000801 0
163914 0
197601 0
057146 2
168426 0
168427 0
003858 0
083035 0
286093 0
055860 0
059879 0
273477 0
284266 0
169141 0
013762 0
083483 0
190140 0
182986 0
231487 0
229743 0
021760 0
056207 0
225890 0
052730 2
085924 0
022078 0
071810 2
104983 2
052556 0
052918 0
052915 2
052870 0
056199 0
050372 0
056351 2
052843 0
224512 0
056350 2
047018 0
055170 0
052892 0
275185 0
055469 0
136215 0
056386 0
055499 0
067415 0
053879 0
053142 1
054631 0
030108 0
055219 0
068072 0
056008 0
224940 0
005863 0
097355 0
276751 0
094457 0
053023 0
092076 0
097471 0
124425 0
056026 0
054996 0
096138 0
055187 0
144438 0
055909 0
053066 0
053724 2
055345 0
056477 0
186061 0
015506 0
262827 0
069952 0
103125 0
236490 0
048996 0
224588 2
225181 0
056518 0
136255 0
144207 0
232128 0
225188 0
069901 0
103074 0
097874 0
024520 0
052411 0
055483 0
051256 0
052871 2
137678 0
087596 0
082971 0
076492 0
193609 0
036760 0
036897 0
205340 0
208208 0
047495 0
053034 2
040716 0
064025 0
053743 0
