194093 2
071204 1
104377 1
071197 1
104370 1
279949 0
193574 2
194101 2
193567 2
202637 1
202635 2
266162 2
199484 1
199460 1
195746 2
128516 2
266163 2
202641 2
128517 1
149438 2
128556 1
196796 2
195747 2
190850 2
199454 0
014582 1
196798 1
149452 2
128559 1
227400 2
202640 1
170268 0
263608 0
190783 1
138807 2
195754 2
138819 1
220363 0
196321 2
170266 0
246616 0
196347 0
250119 0
202375 2
195760 1
196589 0
196253 2
207446 1
196307 2
196251 2
261747 2
202112 2
264963 2
273846 0
081906 0
192004 2
202122 2
152578 0
191964 2
196272 2
227402 2
265268 0
245978 0
152595 0
201273 0
016215 0
202931 1
201727 2
011758 2
202934 1
058787 0
234614 0
247888 0
213599 0
123732 0
027032 0
162613 0
260653 2
137196 0
071434 2
104607 2
075980 0
058790 0
011394 0
056505 0
198687 1
158013 0
278690 0
069370 0
102543 0
260660 2
264964 2
071405 1
104578 1
075930 0
196282 2
268696 0
246035 0
046209 0
044078 0
201737 2
201752 1
201781 2
224068 1
223996 1
223950 0
233314 1
201929 2
202936 0
201938 2
232213 0
232233 0
226412 0
147134 2
226469 0
233301 1
264171 0
147133 2
264166 0
196252 2
232206 0
008415 0
202834 0
201748 1
259817 0
201734 1
201740 1
230375 0
095410 0
202135 2
145521 1
018018 0
254686 0
202151 2
017415 0
095300 0
202157 1
014663 0
090146 0
137508 0
259793 0
207490 1
229177 0
254675 0
202148 2
013195 0
260768 0
000888 0
074733 0
140691 0
260762 0
017919 0
074713 0
079967 0
254555 0
094674 0
140650 0
228603 1
262760 1
289911 1
004455 0
000810 0
260767 0
262765 1
205224 2
205235 2
204850 0
202156 1
230150 0
260755 0
275434 0
275316 0
262757 1
137504 0
141681 0
014859 0
273546 0
260828 0
003507 0
283327 0
260827 0
078354 0
078487 0
228602 1
275445 0
219890 0
228601 0
110893 0
181985 0
261499 0
256364 0
201792 1
273543 0
013206 0
145553 0
100270 0
078302 0
066143 0
194545 2
254685 0
257093 1
257107 1
202134 1
257508 0
257512 0
266022 0
257519 0
257528 0
213893 0
257821 0
213890 0
254140 0
017265 2
129618 2
265937 0
265998 0
262885 0
263238 1
257507 0
258855 0
284576 0
213849 0
238194 0
258829 0
262004 1
251324 1
257820 0
230979 1
239776 0
239788 1
195592 0
239779 0
284570 0
239794 1
264453 0
239789 1
239782 0
239778 0
239792 1
239790 1
239797 1
261926 1
239793 1
232890 0
257072 0
280577 0
280606 0
261665 0
264387 0
255822 0
195267 0
254139 0
028824 0
016925 0
213803 0
281911 0
123866 0
275727 0
226847 0
133949 0
218242 0
258975 0
025891 0
257040 0
257042 0
275897 0
148220 0
219526 0
289475 1
283399 0
243453 0
152530 0
226405 0
111521 0
254126 0
218144 0
283402 0
231080 0
109712 0
265175 0
133948 0
256560 0
280844 0
254706 0
262736 0
265141 0
095981 0
231062 0
231063 0
001958 0
232446 0
121962 0
187139 0
235529 0
239774 0
219445 0
042151 0
281836 0
038990 1
195266 0
262758 1
262769 1
