158922 2
006786 2
120466 2
005342 2
119850 2
006780 2
119846 2
120462 2
075040 1
006785 0
120465 0
006784 0
120464 0
026641 2
027150 2
002204 2
155971 2
077760 2
026347 2
141615 0
033090 2
112565 2
082642 2
112584 2
285292 0
158965 0
077410 2
178752 1
006783 2
120463 2
178713 1
107948 2
224867 1
002461 0
076153 2
107959 2
224875 1
224876 1
075820 2
178696 1
232859 1
285286 0
075784 2
220481 2
178615 1
232864 1
075778 2
019066 2
230775 2
108052 2
079078 2
178592 1
160977 2
076403 2
076304 2
158971 0
011047 2
076286 2
015206 2
125541 2
018228 2
128947 2
161033 2
003986 2
127156 0
110114 2
220479 2
284679 1
217696 0
161029 2
011219 2
000428 2
080788 2
034150 2
000265 2
050374 2
284680 1
096720 0
224226 1
052946 2
110373 2
144752 2
050273 0
075342 1
117225 1
012260 0
082151 2
159895 1
144806 2
269910 0
049544 0
069102 1
102275 1
096724 2
207853 1
129711 2
165086 1
050964 0
159880 1
159881 1
165084 1
165140 2
159870 2
165121 2
165079 2
164990 2
159866 2
165105 2
159857 2
273696 0
129708 2
273700 0
131745 2
076984 0
076989 0
076898 0
075479 2
129675 2
076791 0
081075 1
069297 0
102470 0
077042 0
129700 2
076146 0
222792 0
165077 0
081045 1
077043 0
081072 1
153493 2
129689 2
194880 0
258684 0
258700 0
258706 0
259550 0
194881 0
039338 0
029250 0
059529 1
275892 2
109845 0
013171 0
130873 0
154598 0
275932 2
139571 0
194841 0
120358 0
207954 0
130677 0
130656 0
023054 0
021994 2
005745 0
120359 0
028694 0
132167 0
024295 0
014277 0
113720 0
065841 0
233901 0
233912 0
233914 0
234083 0
233896 0
080660 0
112912 0
188714 0
020969 0
020970 0
028676 0
109852 0
287406 0
027780 0
012942 0
269578 0
190903 0
033422 0
255343 0
078472 0
179334 0
022694 0
195886 0
255387 0
155853 1
269692 0
198749 0
046905 0
269705 0
025454 0
059686 0
033398 0
243663 0
144884 0
028905 0
032595 0
247692 0
081109 0
081090 0
153518 0
153530 0
059523 0
059651 0
155245 0
155274 0
206863 0
206665 0
230206 0
120592 0
226451 0
133799 0
206874 0
207864 0
045418 0
133787 0
229666 0
154782 0
120590 0
120596 0
225184 0
046420 0
230104 0
046422 0
120615 0
120589 0
020053 0
007018 0
120629 0
133833 0
120599 0
029536 0
029538 0
