256187 2
256429 1
256509 0
256204 2
256283 0
256341 2
256184 2
256342 2
256353 2
256398 2
256194 0
256157 0
256765 0
278461 0
256402 0
263018 0
286739 0
227148 0
023741 0
223918 0
087766 2
083568 1
080266 2
083230 2
084150 2
043632 1
078291 2
082624 2
046342 2
045776 1
041485 1
040149 1
044154 1
040906 1
080022 2
080450 2
029387 2
029074 2
034760 1
033626 1
030856 1
100013 2
085081 1
046055 2
004595 1
009038 2
057889 2
057882 2
111869 1
111870 2
286668 1
286704 2
162230 2
162298 0
269285 0
036212 2
007605 2
012441 2
151682 1
022532 2
258017 2
088011 1
066998 1
067524 0
034692 2
003013 2
134229 2
244411 0
131642 2
131648 2
131675 0
232637 2
232639 2
232604 0
111352 1
087542 1
087661 1
084929 2
084888 2
087559 1
087666 2
087725 2
051434 2
046637 1
057711 1
259246 0
140353 0
063289 0
233217 2
233238 2
233237 2
233255 2
010348 0
002094 2
265210 2
265322 2
260000 0
079578 2
083668 1
229648 0
263570 2
263571 2
100452 0
057024 0
170306 0
257527 2
258330 2
267192 0
268789 2
265662 0
281877 1
263337 0
086454 2
086412 2
086411 0
200549 0
042079 1
088179 1
124325 0
026892 0
084391 2
084237 2
084394 0
123030 0
243901 2
243883 2
243900 2
062104 1
231928 2
231975 0
219696 2
018392 0
260212 0
099323 0
228791 2
228913 2
115278 2
009523 2
121982 2
045183 0
116786 0
052593 0
204642 0
008726 2
131591 2
131592 0
045100 0
090596 1
090622 2
164644 2
273090 0
146479 0
034554 2
034546 2
193705 2
193785 2
193792 0
193790 0
035810 0
132017 0
128163 0
009521 2
121980 2
021844 0
009401 0
223119 2
223135 2
219498 2
279913 2
233790 2
233808 1
233802 2
233806 2
241865 2
233820 2
242056 2
242065 2
238505 2
239076 2
244454 2
244461 2
279127 2
279130 0
232586 2
232620 2
232592 2
232591 2
233791 0
233803 2
233807 0
233809 0
233821 0
241866 2
242057 0
242066 0
142105 2
141536 2
008431 2
141305 2
141326 0
008359 2
155203 2
170311 0
076423 2
000912 2
131639 0
259435 0
233317 2
233307 2
166819 2
186292 0
169931 1
001159 2
193830 0
098621 1
144692 2
155661 2
266988 2
266991 2
267186 2
267193 2
267195 2
267198 2
236157 2
236253 2
238506 2
239077 2
244455 2
244462 2
284669 2
284681 2
284693 2
286657 2
286735 2
244453 2
244460 2
286734 0
188749 2
005390 2
009596 2
093883 2
262608 2
262613 1
262625 1
262667 0
233390 0
197909 2
197921 2
200721 2
200762 2
197910 2
197922 2
200722 2
200763 2
264512 0
284692 1
111470 2
111481 2
284855 0
192001 0
267196 0
022258 2
065766 2
054993 1
000869 0
282759 0
189482 0
112037 2
022342 0
244882 0
137951 0
131054 0
256627 0
022317 2
022321 0
176390 0
036412 0
226071 0
281685 0
023460 0
255622 0
169786 0
030651 2
194086 0
131559 2
131560 2
131561 2
131563 2
131562 2
131555 0
140042 0
022335 0
156019 2
260012 2
279717 0
287092 0
154615 0
022331 2
024102 1
024101 1
024044 1
023709 1
029255 0
070798 0
267194 0
279270 2
279277 0
000895 2
101751 0
211739 0
187116 0
227632 2
227652 0
263008 1
262717 2
262710 2
262712 2
263338 1
263377 1
262731 2
262732 2
131742 0
244739 2
129930 2
230869 1
230855 0
131667 2
131669 0
131683 0
227669 0
064056 0
078280 1
064613 0
088844 2
088725 2
088523 2
085198 0
230868 0
269364 0
179244 0
159720 0
223118 0
285088 2
277932 0
286368 2
286901 0
261909 0
065983 0
277616 0
000870 2
131665 2
162229 2
162228 0
153500 0
084884 0
260019 0
281951 0
066306 1
076887 1
000829 0
253636 2
253718 2
100581 2
233499 0
027217 1
027001 0
044304 0
285006 0
065986 0
011547 0
122553 0
228604 0
111867 1
111785 0
088552 1
037473 0
269350 2
269351 2
269373 0
269376 2
269297 0
164536 2
164534 2
164532 0
282337 0
289809 0
280498 0
112291 0
227079 0
029011 0
064508 0
168553 0
044935 2
280454 0
160382 0
195570 0
263376 2
108716 0
017746 2
129277 2
267990 2
018009 0
103972 0
257810 0
045575 1
045573 0
045574 0
180188 0
273392 0
131647 0
279719 0
255675 1
118136 0
016895 0
051510 0
066242 0
259332 2
079715 0
200740 2
008060 2
121460 2
170182 2
167404 0
227837 0
044807 0
154578 2
154549 0
084087 0
157690 0
065806 0
273144 0
124048 0
122669 0
170277 0
000971 0
093208 0
026891 0
014253 0
255681 2
255687 2
255698 2
255719 0
255666 2
259679 0
044661 0
132573 0
008778 0
029034 0
128327 0
085236 0
061780 0
173884 0
161097 0
267197 0
181458 0
223134 0
265466 2
265469 1
265479 2
257740 0
252654 0
260081 0
225106 0
045549 2
045545 0
279074 0
133095 2
200819 2
200800 0
092044 0
234607 0
227874 0
004443 0
095872 0
096594 0
157230 0
200764 0
138596 2
138597 2
138728 0
138757 0
232023 1
232292 0
232037 0
286656 2
265661 0
021842 0
169754 0
033881 0
062785 0
142278 0
256598 0
111861 2
056799 0
011471 2
175713 0
264541 2
264514 2
224042 0
227160 0
085082 1
085068 2
050537 1
043624 1
059257 2
077613 2
065952 2
057700 2
030050 0
129692 1
232880 2
155029 0
064442 1
067241 1
067255 1
261227 2
155000 2
154998 2
075722 1
064444 0
265676 1
012352 2
033297 0
012582 2
196288 2
196289 2
091902 0
079747 0
255722 0
093898 2
095588 2
010042 0
000329 1
076835 1
116006 2
034179 1
233710 2
001143 0
262687 2
087719 0
028289 2
260840 0
169983 0
064174 2
064168 0
099581 0
288779 2
288780 2
095524 0
039559 1
039498 1
039522 0
245106 2
095472 0
269400 0
146336 2
243674 0
268459 2
262679 0
112328 0
007443 2
111570 1
111582 0
109983 0
110449 2
110479 0
046221 1
046040 2
046173 2
158262 0
122370 1
122371 2
010092 0
122390 0
010034 0
255736 1
289576 0
288446 2
288557 2
288447 2
009522 2
121981 2
244568 0
093659 0
079652 1
024397 2
024385 2
024283 2
257027 0
255716 0
039473 0
112003 0
263829 0
140767 0
242470 0
078405 0
063791 0
135572 1
243925 0
094243 1
094472 2
094539 1
260507 0
257621 2
227661 0
244592 0
017255 0
027994 1
075064 0
279290 0
110996 0
067243 0
121257 0
100404 2
050611 2
050346 0
269445 0
071138 0
085269 1
085253 2
233805 0
022390 0
011743 2
094776 0
109969 0
024037 0
064453 0
133065 0
090743 0
064617 1
064614 0
064616 0
280852 0
008057 0
282665 2
282685 2
148211 0
061998 1
000972 0
050085 1
050081 2
054600 1
061187 0
192519 2
165053 0
039458 1
038777 0
043603 0
080832 0
194782 2
194784 0
194785 2
194805 0
194814 2
067489 1
067746 0
148809 0
148344 0
018482 2
128764 2
060265 2
050824 0
169984 0
264335 0
256858 0
094222 0
202323 2
202272 2
202266 2
219402 0
267487 0
121450 2
121451 2
121452 2
008058 0
121457 0
190201 2
071412 0
107832 0
209943 2
092902 1
092912 2
202826 2
152134 0
043771 0
133111 1
045373 0
150110 0
033174 2
154684 0
179523 0
051914 0
145988 0
001858 2
168883 0
216287 0
200313 0
286473 0
143413 0
157376 0
272822 0
192485 0
087680 0
094049 0
235389 2
235407 0
130878 0
259555 0
260082 0
235193 0
024135 0
270786 0
152473 2
283164 1
273982 0
058531 0
232039 0
262702 0
096568 0
111880 2
041537 0
024870 0
124631 0
094752 1
094848 0
253496 2
253562 2
068637 0
273664 0
260920 0
082415 0
258329 2
257526 2
261131 0
114566 2
114627 2
114652 0
119574 0
122851 0
066039 0
107840 2
107901 2
066627 0
193590 0
044793 0
012042 0
159080 0
058856 0
034432 2
230390 0
046497 0
232042 0
032367 2
032431 2
177821 0
080336 0
091574 0
138863 2
201097 2
033401 0
259840 0
186454 0
150439 2
071174 0
066081 0
130209 0
067611 2
067614 2
182198 0
089585 0
220008 0
148262 1
148267 0
131712 0
212341 0
221869 0
071024 1
104197 1
071019 0
071125 1
104298 1
071102 0
104275 0
104192 0
071022 1
104195 1
039957 2
041021 2
050787 0
022938 0
227826 0
081415 0
061340 0
097289 0
039431 0
087208 0
099588 0
012244 0
066984 0
241468 0
287814 0
037842 0
259959 2
152694 0
175784 0
160877 2
160784 0
167951 0
070565 1
103738 1
067742 1
067753 0
067752 0
076481 0
061005 2
094341 2
094307 1
087543 0
063075 0
283798 0
058508 2
201420 0
169883 0
284312 2
284400 2
117907 2
117927 0
006189 2
136103 2
002762 0
167713 0
170112 0
090237 1
099248 0
048545 0
064077 0
069732 0
020313 0
136132 0
016914 0
108834 0
000813 2
127637 0
010350 0
143487 0
189103 0
035296 2
035351 2
091075 0
132577 0
101027 0
064461 0
025131 2
147844 0
010555 0
200620 2
286927 0
178145 2
177979 0
178140 0
008034 2
121430 2
098161 2
098180 0
129623 0
133094 2
175410 0
036096 0
126997 0
093668 0
263828 0
250429 0
169947 1
183337 2
147273 0
265629 0
000477 2
006169 2
000300 2
188561 0
128548 0
137592 0
006972 0
034627 0
052620 0
053746 2
256597 0
159719 2
159686 1
159703 0
174560 0
146683 0
126731 2
192247 2
224852 0
075924 0
232861 0
199855 0
122690 0
132112 0
083184 0
064632 0
286000 0
170026 2
126175 2
126201 0
034433 0
087761 0
060825 0
090745 0
182368 0
138487 0
178147 0
277296 0
138005 0
095881 0
155289 0
104585 0
121453 0
055271 0
257021 0
199225 0
035856 0
258894 0
035820 1
035811 0
270839 0
148373 0
183599 0
141039 0
035821 0
285939 0
266058 0
147440 1
067774 0
067987 0
092724 0
028171 2
028172 2
202592 0
160150 0
078941 0
231466 0
118865 0
104311 0
022368 0
023501 0
233506 0
224953 0
012768 0
116483 0
001025 0
017159 0
174519 0
266208 0
181966 0
031938 0
027035 2
027034 0
024137 2
024132 2
024105 2
024042 2
061887 2
061795 0
060065 2
050392 0
009073 2
121580 2
023956 0
023996 2
091713 0
023953 0
128383 0
135420 0
153939 0
024127 0
170407 0
038197 0
131679 0
065104 0
259508 0
140830 2
011367 0
130416 0
083145 2
083123 0
078580 0
289584 0
110997 2
063072 0
141318 0
089703 0
000833 0
164256 0
127840 0
286995 0
074976 0
244561 0
143466 2
202305 0
283178 2
283473 0
035132 2
152502 0
023988 0
002774 0
257104 2
257188 1
143422 0
035419 0
066158 0
152488 0
098268 2
008626 2
109212 0
014299 0
001228 0
024392 0
269733 2
055517 0
235504 2
235539 2
067652 0
155850 0
009271 0
007982 2
121386 2
121372 2
121454 0
033781 2
143272 2
143337 2
064783 0
028010 0
137118 0
183892 0
008443 0
024049 0
152491 0
051254 2
051133 0
131605 0
095673 0
024280 2
182755 0
048600 0
078776 1
199797 2
198402 2
198462 2
161190 0
199091 0
152245 0
031850 0
003997 2
013191 0
116551 0
022338 2
210617 0
111865 0
101871 0
008591 0
069638 1
102811 1
035394 0
024268 0
000020 0
202304 0
182649 0
161099 0
128289 2
013994 0
126942 0
228605 0
057724 0
148026 0
123830 0
156876 2
282800 0
024082 0
143373 2
023821 2
048604 0
222533 2
