230317 0
264419 0
270985 0
194182 0
197669 0
263494 2
263492 0
263493 0
273164 0
271698 2
271768 2
271351 2
271350 2
271355 2
271378 2
271834 2
271894 2
272000 2
271895 2
274307 2
274509 2
270358 1
270273 2
271990 2
271988 2
256655 0
274316 2
274506 2
270264 2
270361 1
274514 2
274519 2
276990 2
271394 2
256415 2
256411 2
271999 2
276113 0
271388 2
271393 2
271367 2
271283 2
276209 2
271520 2
271531 2
271542 2
276146 2
276158 2
277278 2
270922 2
270933 2
270982 2
286783 2
272220 2
272224 2
277292 2
277343 2
277290 2
243771 2
255783 2
288296 2
288310 2
288265 2
272219 2
272223 2
279586 2
279587 2
279601 2
259937 2
259941 1
277146 2
272169 2
272128 2
272129 2
272001 2
269253 2
269257 2
284745 2
284746 2
284744 2
271530 2
271540 2
270423 2
270435 2
268971 2
268931 2
277364 2
288487 2
288485 2
288476 2
288486 2
244533 2
256419 0
252303 2
236978 2
236986 2
270999 0
184875 2
230289 0
270625 2
107758 0
236641 0
004718 2
118970 2
004588 2
257612 2
257603 2
260562 2
186268 0
231427 0
178151 0
256474 0
269795 2
269180 2
270472 2
271087 2
271141 2
271242 2
260984 0
264069 2
264098 2
264099 2
269943 0
256169 2
256647 0
257604 0
151006 0
273711 0
231912 2
231908 2
231913 2
231888 2
231886 2
162249 2
162277 0
275280 0
128524 0
200650 0
265404 0
257613 2
265028 0
236795 2
259710 0
270142 2
270143 2
269944 2
271397 2
231185 0
271057 0
056148 2
256485 0
232390 0
166675 2
166676 2
166832 2
166674 2
230859 0
068071 0
270572 2
270356 2
270533 0
257384 1
258098 0
082651 0
155942 2
275686 0
182335 0
197155 0
257881 0
164033 0
274677 0
272819 0
055785 0
256422 0
041895 2
041782 2
279002 1
286424 2
286427 2
286426 2
286423 2
026175 2
270939 0
265074 1
265062 0
264921 0
288700 2
288698 2
264930 0
288522 2
288519 2
288513 2
022838 2
163016 0
165343 2
165345 2
165280 1
179394 2
165277 0
234399 0
176057 0
053259 2
054553 0
022464 1
192692 0
144172 0
018426 0
159790 2
159848 2
159864 2
173799 0
276230 0
231276 0
020292 1
122273 2
179362 2
179376 2
179396 2
175090 1
133325 0
256272 0
162688 0
115721 0
180003 0
133488 0
252746 2
256003 2
245012 2
254308 0
025657 2
127680 0
266188 0
288866 2
288867 2
263327 0
164103 0
003603 2
230831 0
162917 0
008279 0
289578 0
178887 2
179063 2
178863 2
230197 0
148390 0
267290 2
280417 0
069137 0
111911 2
111899 2
111905 2
112414 0
112181 0
111843 0
230890 0
219904 2
219909 2
220252 2
220999 2
230073 0
270169 2
271412 0
127730 0
112082 0
164354 0
013182 0
262671 0
023930 0
107794 0
114703 0
134015 0
019142 0
230303 0
030526 0
270918 0
162437 0
275472 0
186246 0
197647 0
259699 0
255353 0
271130 0
264363 2
264318 2
162772 0
178646 0
164102 0
271661 2
269631 0
162308 2
162306 2
054524 0
159148 0
025312 2
252524 2
282957 0
044175 0
144318 0
133315 0
262032 0
230904 0
199901 0
240865 0
182360 0
260865 2
260906 2
000661 0
132811 0
002586 2
133489 0
272820 0
232248 0
283600 0
268514 0
112180 0
164147 2
164122 0
164141 0
164129 0
163746 0
067323 0
201665 0
059580 0
196570 0
194269 0
271050 0
080743 0
135703 0
270986 0
174979 0
141828 0
270329 0
127674 0
266706 0
124461 0
237780 2
237779 2
236246 0
167309 0
013708 0
284843 2
284683 2
263331 0
196780 0
100032 0
041764 0
230473 0
230810 0
264928 0
169662 2
169638 2
034255 0
049031 0
276084 0
151820 0
265076 1
265063 0
272925 0
175936 0
182601 0
268774 0
256277 0
264920 2
115497 0
044394 0
275685 0
162927 0
151043 0
192835 0
268008 0
273162 0
112262 0
270532 0
166637 0
200613 0
164032 1
164128 0
164121 0
271591 0
232251 0
141647 0
128817 0
162663 0
089356 2
094425 0
044491 0
079215 0
180563 0
016466 0
283921 0
088695 0
230719 0
028518 0
023365 0
055176 0
111845 0
280761 0
230127 0
131063 0
162743 0
197151 0
218360 0
005424 0
266197 0
147879 0
233857 0
276248 0
275689 0
230849 0
264347 0
083053 0
102310 0
270987 0
002117 0
050479 0
075445 0
039221 0
262524 0
182634 0
051327 0
236939 0
038593 0
274611 0
271206 0
281239 0
034692 0
132810 0
192875 0
059608 0
174989 1
174988 1
167291 0
135705 0
055887 0
230671 0
270326 0
050500 0
230826 0
112021 0
265399 0
262683 0
262095 0
013651 0
173306 0
128816 0
124393 0
023296 0
182256 0
256320 0
002272 0
268467 0
271469 0
266755 0
133449 0
192836 0
196574 0
100036 0
072558 0
266296 0
283493 0
197118 0
155721 0
079503 0
276843 0
023917 0
230031 0
235447 0
134980 0
026074 0
021676 0
275638 0
162921 0
131082 0
043949 0
223155 0
178535 0
012167 0
230920 0
269628 0
051639 0
019439 0
274606 0
044925 0
288984 0
182609 0
086243 0
196781 0
166721 0
276247 0
125007 0
262094 0
272911 0
194043 0
273195 0
011191 0
030528 0
038723 0
133285 0
070569 0
221541 2
221928 2
222277 2
221012 2
270298 2
270299 2
282032 2
276138 2
289397 1
289398 1
283650 1
284823 1
281000 1
276973 1
283576 1
283638 1
276967 1
283577 1
276020 1
274253 0
068401 0
075085 0
283636 1
283635 1
281670 1
281662 0
282040 0
256840 2
270145 2
270144 2
270147 2
270148 2
270175 2
251147 1
241722 1
241725 1
241712 1
241752 1
241710 1
241723 1
241849 1
241724 1
259110 1
259114 1
241693 1
258102 1
241601 1
241952 1
241706 1
241753 1
241789 1
236241 2
234994 0
192599 0
272403 0
259113 1
259109 2
235335 0
279962 1
157136 2
157139 2
012058 2
000401 1
053288 2
011466 2
010320 2
130647 2
130641 2
130652 2
130658 2
130732 2
130908 2
124412 2
001495 2
012192 1
011907 1
124435 2
019438 2
011650 1
017213 2
098057 2
098058 2
017780 1
150757 0
090215 2
076767 1
011906 0
124338 2
124286 2
076270 0
016162 1
247415 0
016117 1
101997 1
068433 1
000100 1
015421 1
064941 1
064837 1
004067 1
154345 0
135551 0
119480 0
176821 0
115782 1
117757 1
014647 0
139097 0
009470 0
206357 0
271392 0
003755 1
088089 2
169183 0
279053 0
121400 0
066040 0
050270 0
023708 1
023811 0
035064 0
144136 0
041211 0
001833 2
281708 1
284241 0
263094 0
287750 0
107802 0
234807 0
139151 0
057396 0
003599 1
004895 1
119230 1
117016 0
023660 0
111376 0
048229 2
048223 2
048230 2
048285 0
271602 0
054209 0
030880 1
030889 1
007849 1
179129 2
023466 0
068864 0
016155 1
272783 0
030666 0
017639 1
087220 0
067444 1
067356 1
067327 0
123144 0
237638 0
100938 1
136349 0
163223 0
190852 0
114311 0
178613 0
234993 0
065390 0
289276 0
030596 0
017935 0
057113 0
020723 1
282041 0
255208 0
123900 2
024647 0
253712 0
274438 0
116550 2
083072 0
183066 0
111941 0
225781 0
031942 0
079463 0
168246 0
010272 2
107852 0
002344 2
043363 2
069958 0
042172 0
241215 0
013246 0
270645 0
275405 0
107697 0
066542 0
181309 0
041784 0
068443 1
068420 1
067424 0
067338 0
069794 2
102967 2
069838 2
103011 2
069142 0
098675 0
120555 0
185804 0
055964 0
154829 0
168504 0
109622 0
059967 0
259818 0
276922 0
199701 0
262723 0
083417 0
033785 0
223899 0
185633 0
274254 0
058091 0
079226 0
145135 1
013632 0
020544 0
026246 0
102315 0
018009 0
237486 0
268961 0
119351 0
284758 0
186350 0
010284 0
035060 0
235826 0
023543 0
273888 2
273903 2
271387 0
275857 0
251818 0
045613 0
052752 0
275071 0
039879 2
040328 0
111940 0
205891 0
119547 0
008338 0
168674 0
255659 0
186550 0
274401 0
167426 0
169184 0
016962 1
287346 0
222720 0
136059 0
074588 1
080113 0
080104 0
284242 0
144138 0
287127 0
005888 0
171487 0
178687 0
239568 0
109759 0
037340 0
176814 0
044167 0
076268 0
027253 0
244910 0
050369 0
233375 0
234829 0
166409 0
099683 0
277025 0
053153 0
195574 0
046481 0
273827 0
053613 0
112039 0
267183 0
035043 0
265371 0
108078 0
022186 0
276653 0
119426 0
146478 0
101898 0
182674 0
005624 0
255056 0
016842 0
028246 0
285546 0
141563 0
138799 0
190564 0
041785 0
278512 0
107716 0
188585 0
216496 0
103131 0
162594 0
094840 0
269452 0
015108 0
079738 0
055496 0
077357 0
093771 0
165265 0
284160 0
262911 0
003587 0
123025 0
010630 0
234845 0
237654 0
253674 0
289273 0
024616 0
165250 0
269159 0
002815 0
276956 0
192106 0
030632 0
233148 0
058386 0
172938 0
254803 0
120554 0
056640 0
114286 0
041206 0
275388 0
070410 0
095735 0
018698 0
266506 0
231175 0
014212 0
176832 0
070283 0
142809 0
244974 0
033722 0
234853 0
119352 0
042417 0
225764 0
057352 0
288166 0
225239 0
176918 0
042101 0
275081 0
269787 0
169153 0
181203 0
065344 0
263113 0
083415 0
142659 0
107799 0
181310 0
235039 0
143101 0
107677 0
253646 0
146695 0
018168 0
270656 0
094492 0
210727 0
183157 0
151122 0
226470 0
289344 0
068845 0
177931 0
266892 0
026016 0
054573 0
237673 0
273381 0
142245 0
284627 0
253678 0
061806 0
287717 0
280177 0
281038 0
128597 0
055462 0
272805 0
258805 0
169154 0
287339 0
168505 0
234856 0
113727 0
006957 0
165387 0
279056 0
123449 0
107972 0
271353 0
138974 0
241981 0
196440 0
185789 0
279055 0
287456 0
041731 0
058054 0
164223 0
256582 0
063730 0
234858 0
120228 0
281779 0
255422 0
271266 0
051395 0
231493 0
107678 0
266581 0
234250 0
065672 0
040862 0
145190 0
227416 0
277152 0
172931 0
267401 0
027229 0
264846 0
288815 0
033628 0
154506 0
045271 0
048685 0
255601 0
287117 0
127630 0
234818 0
163071 0
254807 0
165257 0
130177 0
109967 0
012781 0
015350 0
185192 0
237403 0
074907 0
183177 0
223813 0
052967 0
235066 0
042053 0
055647 0
222636 0
268508 0
022229 0
227723 0
021184 0
107801 0
276835 0
275573 0
156693 0
243582 0
284820 0
282174 0
008754 0
270662 0
120574 0
203881 0
114307 0
237645 0
005022 2
119401 2
014885 2
011628 2
010258 2
016149 1
036530 1
070538 2
103711 2
070479 2
103652 2
070452 2
103625 2
069400 2
102573 2
070404 2
103577 2
070643 2
103816 2
070628 2
103801 2
070540 2
103713 2
077133 2
017410 2
129499 2
053599 2
070228 2
103401 2
070191 2
103364 2
070192 2
103365 2
116218 2
014613 2
001215 2
000637 2
051153 2
043878 2
054555 2
130433 2
130744 2
000361 2
011829 2
001038 2
077929 0
050144 0
067049 1
099941 0
065849 1
136173 0
014945 0
040407 2
040330 0
031324 2
031255 2
064532 0
085169 0
130945 2
020574 2
179119 2
178922 2
068452 2
056754 2
057287 2
056299 0
030891 0
003574 1
005669 0
003695 1
075408 2
069460 2
102633 2
130104 0
034789 0
003720 1
006380 1
119214 0
003435 2
017104 2
017108 2
175035 2
175018 2
108535 0
050419 2
050321 2
026835 0
009036 0
001172 2
001225 2
131844 0
009526 0
003572 1
003473 0
010279 1
048340 0
119043 0
035375 0
281688 0
003823 1
006194 1
003887 1
013945 0
081074 2
044135 2
044010 2
045042 2
044652 2
044653 0
044541 0
085028 0
067932 2
068340 1
066050 1
066139 0
065710 1
069011 2
175112 0
003630 0
052782 2
052957 2
053077 0
051558 2
260121 0
130868 2
