187227 1
193625 1
193636 1
193621 0
193637 1
193638 1
193746 2
078716 0
183372 2
144269 2
011048 2
178458 0
130846 2
130899 2
130885 2
176986 2
176990 2
176984 2
176971 2
176981 2
176972 2
176980 2
184311 2
184304 2
173419 0
192796 2
201558 0
249427 1
152720 2
256381 2
176780 2
171128 2
021587 2
191253 2
107719 2
160046 2
160074 2
175367 1
152824 1
152833 1
152851 1
066802 2
066524 2
177013 2
177070 2
080444 1
007938 2
121351 2
173852 1
123391 2
176686 2
176636 2
176649 2
081232 2
169673 1
169687 2
169674 2
177912 1
178513 1
289368 2
279180 2
067093 2
067099 0
030649 0
220212 1
218213 2
218222 1
039138 1
222522 0
011899 2
007401 0
267917 0
130847 2
130886 2
130900 2
089470 2
199294 1
199330 2
199391 2
121978 0
155338 2
152990 0
177449 2
127090 0
175614 0
242648 0
210842 2
210827 2
210816 2
071706 1
104879 1
173343 2
148562 0
152261 0
082974 2
006838 0
255080 1
255056 2
255021 0
254963 0
179268 1
230067 0
011314 1
000882 2
075042 0
187344 0
199430 0
060448 0
052192 0
077709 0
019973 2
191910 0
215246 0
000010 0
167607 0
228395 0
118773 0
099605 2
124768 0
033495 0
011384 2
243930 0
231048 0
221504 0
179472 2
179479 2
179799 0
182587 1
182596 0
167590 0
015637 0
120293 0
013292 0
177160 0
201860 1
161091 0
209843 0
011331 0
159766 0
030620 0
075809 2
076133 0
232780 0
077779 0
165459 0
157401 0
018603 0
222529 0
256025 0
064929 0
002444 2
198377 0
024478 0
013067 0
201768 0
152711 0
102155 1
099971 0
099977 0
009518 0
180230 0
133937 0
005038 0
242782 0
141234 0
267911 0
077629 0
030552 0
192309 2
125922 0
107878 0
003896 0
015273 0
088183 0
182006 0
199396 0
161688 0
062499 0
128449 0
019849 0
135114 0
077535 0
178504 0
063760 0
187317 0
230114 0
139588 0
120333 1
121979 0
030753 0
005454 0
013765 0
180750 0
185092 0
221525 0
036312 0
127201 0
178464 0
064470 0
004077 0
017072 0
289828 0
161132 0
068481 0
030613 0
173426 0
167458 0
124770 0
223202 0
064777 0
004570 0
018804 0
198380 0
228397 0
179803 0
064875 0
043567 0
259588 0
178580 0
140171 0
077219 0
212294 0
232240 0
141224 0
085244 0
187328 0
220058 0
210023 0
125467 0
159787 0
179932 0
052189 0
084024 0
077824 0
178322 0
027960 0
119427 0
167591 0
128706 0
188064 0
242700 0
118774 0
138805 0
014809 0
192165 0
030549 0
180232 0
109215 0
136158 0
130852 0
026049 0
007842 0
025324 0
184325 0
161169 0
157342 0
167696 0
120009 0
187625 0
199395 0
181990 0
019336 0
123959 0
289827 0
003980 0
125177 0
083131 2
127367 0
116874 0
134957 0
006290 0
199423 0
159190 0
081861 0
157979 0
210320 0
033496 0
199539 0
205228 0
159769 0
174991 0
233102 0
264082 0
164120 0
173496 0
097712 0
036317 0
219389 0
157412 0
064905 0
231045 0
141210 0
077472 0
101760 0
173308 0
193394 0
167447 0
125909 0
133936 0
125468 0
259774 0
082827 0
030719 0
088228 0
156914 0
152837 0
012373 0
181960 0
030631 0
155221 0
133623 0
180159 0
182356 0
192166 0
124130 0
178331 0
134451 0
126882 0
163905 0
124616 0
131198 0
157343 0
159788 0
030404 0
124459 0
003944 0
289802 0
060431 0
193671 0
167585 0
188246 0
074668 0
199339 0
064600 0
159774 0
143214 0
217392 0
113685 0
125934 0
184326 0
000298 0
007261 0
033502 0
027374 0
204223 0
167462 0
187653 0
178332 0
289832 0
288654 0
270556 0
026037 0
153441 0
164017 0
281942 0
064913 0
187882 0
220142 0
088754 0
282311 0
289926 0
071373 0
134948 0
180223 0
172408 0
165141 0
001265 0
043545 0
123579 0
062442 0
036413 0
009364 0
030778 0
289438 0
141570 0
254321 0
064319 0
197763 0
140175 0
136680 0
030632 0
160105 0
125494 0
199647 0
184328 0
187334 0
200368 0
257906 0
252425 0
167310 0
120808 0
064907 0
264211 0
223456 0
263190 0
003866 0
213572 0
060453 0
193397 0
152821 0
136722 0
289024 0
075041 0
182908 0
170989 0
214103 0
131194 0
104546 0
151949 0
123418 0
111167 0
217930 0
002487 0
127089 0
134681 0
123697 0
097768 0
182927 0
064457 0
136238 0
134772 0
200232 0
125941 0
060460 0
243090 0
133802 0
124097 0
177287 0
187750 0
066046 0
031149 0
228426 0
252448 0
036903 0
281945 0
005891 0
145517 0
032366 0
263207 0
088731 0
074980 0
064822 0
160034 0
016988 0
068379 0
258323 0
139161 0
003861 0
151950 0
188071 0
109689 0
018622 0
015233 0
147604 0
213654 0
235761 0
076906 0
090752 0
162233 0
208985 0
159784 0
136776 0
004359 0
252439 0
133687 0
003292 0
093712 0
019699 0
064843 0
189813 0
228438 0
003859 0
064688 0
151952 0
180752 0
064435 0
212760 0
233891 0
124135 0
076081 0
123086 0
065599 0
032362 0
036522 0
243081 0
064409 0
037810 0
135873 0
200283 0
071314 0
192397 0
173327 0
128691 0
139128 0
282248 0
227855 0
043800 0
140133 0
219388 0
090694 0
102115 1
