151975 1
151970 1
227899 1
227906 1
019024 1
195548 1
224581 1
264966 1
264978 1
265549 2
265548 2
280349 1
004286 1
118117 1
117779 1
117670 1
039553 0
017925 0
152259 1
228038 1
157978 2
157982 2
154560 1
156544 2
019044 1
176264 1
000921 1
131991 1
019060 1
131710 1
268346 1
061100 0
000862 1
134184 1
134010 1
134292 1
134263 1
153072 1
153071 1
153304 1
142411 1
010435 1
194911 1
194990 1
195033 1
196390 1
200641 1
182699 1
182729 1
182728 1
182764 1
267006 1
267083 1
289135 1
001618 1
019049 1
176005 1
175921 1
153092 1
153089 1
123258 0
108531 1
163705 1
163719 1
177036 1
177032 0
040248 0
155452 1
169012 0
195901 1
195907 1
161302 1
161268 1
069751 1
102924 1
163710 1
163706 1
006944 1
120565 1
133845 1
002786 1
132649 1
018304 1
128899 1
128998 1
125163 1
125215 1
125217 1
019052 1
134964 1
134983 1
011914 1
150616 1
150646 1
018784 1
124970 1
124971 1
124968 1
134709 0
163921 1
003963 1
089061 0
000034 0
191007 1
238718 1
146633 1
186153 1
221922 1
221910 0
161392 0
161283 1
161271 1
143114 1
143096 1
143097 1
142967 1
163938 1
163957 1
202158 2
154697 1
154544 1
242134 1
242110 1
185796 1
185844 0
124686 1
264450 0
238726 1
242111 1
242135 1
242084 1
242092 1
242067 1
193361 1
011861 1
239496 1
263622 1
263623 1
263604 1
263513 1
156429 1
160294 1
160320 1
136118 1
136186 1
136117 1
124789 1
124845 1
001613 1
013183 1
006069 1
011905 1
231767 1
177083 1
002292 1
223477 1
012616 1
159029 1
159020 1
159023 1
159008 1
159026 1
158874 1
117614 1
117429 1
117616 1
123161 1
130622 1
153515 1
155696 1
009185 0
219454 1
231662 1
231658 2
018506 1
000416 0
054705 2
054618 1
141961 1
008246 1
127607 1
069827 1
103000 1
175589 0
131858 1
128133 1
128111 1
101432 1
169002 1
168804 1
176822 1
219606 0
124862 1
124860 1
159114 1
014825 1
077040 1
223420 1
229918 1
229950 1
066541 1
001480 1
170724 1
170725 1
170684 1
170685 1
170686 1
240286 1
240290 1
240291 1
240300 1
240318 1
240317 1
126917 1
169151 1
167069 1
169172 1
017805 1
124511 1
019042 1
126986 1
127130 1
126899 1
032430 1
032422 1
023634 0
031676 1
171670 1
171922 1
144752 1
011219 1
144806 1
122735 1
010035 1
011766 1
122835 0
011192 1
013938 1
144789 1
271872 1
271971 1
079720 1
079728 1
014868 0
185880 1
185855 1
138540 1
006475 0
176787 1
176819 1
176820 1
176831 1
253833 0
153582 1
153581 1
124492 1
091687 1
208462 0
211219 1
128616 1
128475 1
184431 0
196485 1
196481 1
160319 0
053688 1
100420 1
126292 1
126281 1
190565 1
190527 1
190683 1
199458 1
199482 1
199483 1
199502 1
199558 1
002304 1
153157 1
153168 1
153027 1
153181 1
153244 1
153180 1
153455 1
153158 1
153241 1
153169 1
153488 1
153028 1
155969 1
126482 1
126442 1
004201 1
117928 1
170410 1
170418 1
170419 1
169488 1
169492 1
169493 1
169494 1
169485 1
170172 1
170173 1
170171 1
157425 1
157426 1
169131 2
169132 2
169049 1
116991 1
116797 1
170341 1
170342 1
170340 1
169333 1
169334 1
169265 1
069816 1
102989 1
169343 1
169344 1
158122 1
158283 1
069602 1
102775 1
232048 1
081268 1
081210 0
008658 0
275358 1
275351 1
176934 1
191303 1
191227 1
238940 1
163213 1
163141 1
190942 1
191062 1
068098 1
068042 1
068097 1
068068 1
193896 1
193884 1
193879 1
193883 1
063835 1
063425 1
122874 1
069102 1
102275 1
070644 1
103817 1
191220 1
191146 1
075940 1
076100 1
076014 1
126900 1
126894 1
126888 1
035076 1
035051 1
012260 0
016629 1
141987 1
190842 1
239089 1
123357 1
117315 1
085843 1
197330 1
170304 1
197340 1
170274 1
239926 1
240106 1
240178 1
240193 1
239801 1
110823 1
061379 1
061381 1
158200 1
156941 1
156917 1
202976 1
203116 1
202649 2
080057 0
142068 1
142097 1
018321 1
025466 1
025423 1
132521 1
132502 1
132534 1
011855 1
238728 1
040661 1
190603 1
271972 1
272306 1
271860 1
272283 1
271867 1
271994 0
002499 0
016644 1
069367 1
102540 1
149049 0
278635 1
076275 1
018578 1
156574 2
043921 1
044550 0
210559 1
210967 1
081738 1
081684 1
081551 1
170012 1
075844 1
100193 1
098099 1
098149 1
163145 1
262747 1
010370 1
011252 1
144513 0
184615 1
234430 1
234791 1
159981 1
160014 1
160020 1
035479 1
167578 0
148190 1
148191 1
148196 1
148197 1
148198 1
150546 1
150562 1
150547 1
229437 1
229431 1
245019 0
065220 1
065211 1
065277 1
000618 1
033275 1
287748 1
033352 1
033344 1
078326 1
078254 1
202344 1
219907 1
219892 1
219886 1
030505 1
175588 1
125141 1
125041 1
012612 1
125192 1
125195 1
125196 1
012613 1
123010 1
122460 1
185887 1
017791 0
076770 1
076392 1
016557 1
247365 1
246794 1
248167 1
113429 0
170398 1
170399 1
182896 1
225924 1
225923 1
148906 1
086680 1
124706 1
124660 1
271934 1
100509 1
269578 2
012665 1
269692 1
269705 1
258700 1
258706 1
259550 1
258684 1
169285 1
002787 1
202975 1
111425 1
204168 1
153577 1
153513 1
153529 1
133844 1
133846 1
001449 1
158207 1
200642 1
200643 1
191972 1
192125 1
192126 1
179911 1
179912 1
179722 1
182492 0
137998 1
176638 1
137972 1
137940 1
137971 1
123356 1
202902 1
129654 1
129616 1
017296 1
129598 1
128615 1
129653 1
098957 1
125005 1
139313 1
008802 1
008909 1
088936 1
088987 1
196549 1
018174 1
128981 1
018629 1
128693 1
128686 1
131538 1
131478 1
131491 1
013603 1
223776 1
043957 1
003141 1
180125 1
180128 1
180126 1
195948 1
195939 1
196503 1
044058 1
238942 1
238727 1
270927 1
197748 1
090968 1
197869 1
197871 1
076393 1
076345 1
164167 1
076228 1
156575 1
090619 1
242133 1
181986 0
190903 2
087424 1
118960 1
118945 1
064817 1
064820 1
242258 1
148134 0
238943 0
050051 0
136039 1
132641 1
238824 1
136041 1
011986 1
122877 1
135220 1
124987 1
027092 1
236702 1
131386 0
234620 1
117316 0
242903 1
242930 1
009517 1
185612 1
188320 1
285882 1
170375 1
002369 1
161164 1
219852 1
179696 1
255615 0
019724 1
124604 1
019708 1
202073 0
163902 1
280430 1
278634 1
065728 0
001466 1
255790 1
255767 1
255879 1
255808 1
209950 1
006335 1
100958 1
164126 1
159039 1
158944 1
164704 1
163637 1
158921 1
163514 1
163495 1
209387 1
167842 1
167914 1
167915 1
167486 1
167490 1
167491 1
289654 1
039349 0
289627 1
195872 1
195744 2
289617 1
066443 2
013266 1
124510 1
035723 1
007459 1
035725 1
168333 0
035690 1
035482 0
070745 1
103918 1
070670 1
103843 1
014200 1
146881 0
075911 2
075863 1
075872 1
158876 1
159010 1
159042 1
159022 0
109086 1
018779 0
147385 1
147384 1
003786 0
176769 1
176770 1
176758 1
185800 0
018531 0
063850 1
107984 0
131711 1
069402 1
102575 1
077049 1
110105 1
237242 1
239059 1
238609 1
259981 0
143645 2
143646 1
143731 1
010857 1
181444 0
280589 1
195886 1
001498 1
236265 1
236278 1
238941 1
088628 1
088778 1
018022 0
286551 1
181014 1
269357 1
053290 0
196425 1
196411 1
191599 1
238089 1
238108 1
238093 1
231660 1
195726 1
195728 1
195737 1
195739 1
195803 1
195806 1
195815 1
195817 1
195830 1
195870 1
195933 1
196370 1
196226 1
196218 1
186048 1
110752 1
111642 1
111647 1
110757 1
111635 1
110734 1
111393 1
110739 1
110941 1
110951 1
110822 1
111471 1
111476 1
110783 1
111029 1
111401 1
111047 1
111631 1
111473 1
112253 1
112927 0
111398 0
269316 1
166595 1
166772 1
166773 1
007380 1
289357 1
289264 1
143944 1
143888 1
141966 1
141969 0
034379 0
058341 1
011993 0
123202 0
170473 1
170474 1
170463 1
068343 1
068310 1
152908 1
239548 2
284442 1
284620 0
253349 0
278898 1
231904 0
110066 0
169052 0
271963 1
286653 0
002859 1
060302 2
272715 0
127028 1
156204 1
156276 1
156283 1
014666 1
015323 0
081318 1
195727 1
195816 1
195805 1
195802 1
195829 1
195814 1
140607 1
140608 1
029324 0
224459 1
176382 1
176415 1
153466 1
220910 1
122485 1
281777 1
010179 1
122487 1
122461 0
169924 0
153396 1
190998 1
288077 1
255914 1
255941 1
255850 1
255824 1
258385 1
258341 1
205553 1
000482 0
266094 1
266110 1
136428 1
136438 1
203475 1
204300 1
204289 1
021475 1
281167 1
082468 1
108573 1
110022 1
110083 1
000537 0
242979 1
139361 1
139344 2
029397 0
130560 1
127471 1
127472 1
127382 1
152011 1
212211 1
034699 0
133833 1
133787 2
133799 1
133837 1
152962 0
005600 0
156551 1
012377 0
174990 1
060805 0
026907 1
124690 1
001753 0
227568 0
036367 1
036409 1
036381 0
112384 1
112251 1
112250 1
112388 1
112391 1
121774 0
153394 1
032661 0
012873 0
169329 1
169330 1
076113 1
068688 1
068669 0
124180 1
220479 1
035726 1
109396 0
131866 1
131869 1
191765 1
020739 1
154494 1
160899 1
235163 1
007767 0
071412 0
179915 0
170239 0
160827 1
160868 1
077034 0
098034 1
098004 1
011481 1
122749 1
089471 1
089472 1
258967 0
131203 1
144907 0
087885 1
007207 0
178651 1
178625 1
178591 1
178586 1
169123 1
169073 1
169074 1
193732 1
193983 1
193832 1
193997 1
187493 1
187504 1
171375 1
171374 1
171373 1
164944 2
164802 1
015745 1
017023 0
131951 0
154598 0
041084 0
099124 0
193359 0
185915 0
018219 0
001598 0
003477 1
018509 1
007718 1
121152 1
147468 0
151864 1
219455 1
158286 0
190901 1
190896 1
141752 0
198469 1
119018 0
232212 1
232246 1
202826 1
161933 1
127726 0
155853 1
258874 0
288774 0
091267 0
153399 1
153406 1
126890 1
236703 1
236330 1
236319 1
181452 1
186788 0
060505 0
001271 0
231278 1
066956 1
177040 1
142305 0
015206 1
125541 1
163003 1
164823 1
012184 0
012992 1
145908 1
269683 1
269467 1
179209 0
190965 1
099966 0
278972 1
085205 1
126447 1
242224 0
199259 0
195725 1
195932 1
195869 1
195736 1
195738 1
238103 1
164761 1
111634 1
111860 0
220481 1
042610 0
289368 1
230775 1
153504 1
108619 1
108620 1
108753 1
108700 1
108786 1
108813 1
108794 1
108844 1
108872 1
110848 1
111024 1
111323 1
111299 1
111478 0
110984 0
012018 1
174954 1
020732 1
081810 0
009885 1
087905 1
087906 1
165256 1
165254 1
242901 1
242905 1
158665 0
269317 1
278967 1
134155 0
166907 0
231373 0
019766 1
048249 0
177871 1
017582 1
217696 1
126797 1
126777 1
126407 1
169300 0
086478 1
269597 1
269600 1
281950 0
155981 1
156034 1
012256 0
019363 0
169883 1
183722 0
111289 1
181297 0
183965 0
262751 0
001895 0
259624 0
070522 0
010837 1
143649 1
009693 0
226534 0
240452 1
037739 0
255433 0
039225 1
039230 1
241767 1
242286 0
013747 1
199411 1
199442 1
225084 1
063375 0
001237 1
132030 1
191665 1
050193 1
241065 0
069700 1
102873 1
056339 0
085164 0
079078 0
064337 0
008511 1
008153 0
195971 0
232632 0
011435 0
016530 1
191399 0
129750 0
191976 1
191975 1
191825 0
029147 0
270325 1
270334 1
270315 1
239746 1
239744 1
111239 0
076662 0
188445 1
185661 1
185659 0
145483 1
145486 1
145480 1
194080 1
239024 0
287670 1
287677 1
287892 1
286815 1
286794 1
286836 1
168875 0
264823 1
192571 0
005497 0
134293 1
134273 1
151152 1
074424 0
253246 1
253078 1
178270 1
191096 0
227680 1
275973 0
156760 1
039019 0
252518 0
014143 1
256813 1
122837 1
059072 0
139905 0
069468 0
071688 1
104861 1
190692 0
014462 0
233728 1
233767 1
233768 1
035703 1
035722 1
020974 1
152987 0
013410 1
025526 0
089148 1
089167 1
163805 1
035693 1
143568 0
135104 0
032526 0
176414 0
124002 0
003986 0
173188 0
147375 0
052900 0
001377 0
230778 1
157605 0
020975 1
020948 1
020946 1
018585 0
111043 0
169376 0
243761 1
235554 0
229762 1
229852 1
133523 0
193212 1
193210 1
116717 0
162687 1
018929 1
152588 1
152597 1
231212 0
200973 1
027926 0
277007 1
276908 1
287999 1
199882 0
030835 0
008740 1
193843 1
126272 1
186729 0
109577 0
074624 0
182407 0
238107 0
015818 0
160458 0
116919 0
262430 0
002444 1
011929 0
021376 0
132782 0
045248 0
242940 0
016618 1
251813 1
251872 1
191540 1
191496 1
191515 1
133843 1
133842 1
002795 1
107879 1
092794 0
203160 0
236212 1
199699 0
178024 0
285667 0
204312 0
116653 0
007414 0
127126 1
126962 1
063848 0
159413 0
191104 1
114563 1
133517 1
002611 1
189892 0
256300 1
281698 0
152452 0
038576 0
183676 0
035270 0
082305 0
013741 0
265448 0
230598 1
075913 0
154405 0
279937 0
090612 1
090631 1
090620 1
190294 0
108567 0
273579 0
008399 0
127504 0
217910 0
202262 0
031047 0
167038 0
061637 0
199615 1
199631 1
276091 0
155111 0
263058 0
091666 0
101008 0
081359 1
158511 0
174136 1
131445 1
000031 1
154231 1
185666 0
060497 0
184616 1
243887 0
192479 1
197348 0
150129 1
150110 1
009049 0
163019 0
014493 0
181170 0
042779 0
027082 0
151527 1
151504 1
020998 0
203537 0
258596 1
258598 1
258593 1
258997 1
259019 1
258640 1
258678 1
127076 0
124547 0
141901 1
018323 0
019587 0
226354 0
180468 0
169914 0
238704 0
233979 0
222990 0
206445 0
010918 0
139844 0
063956 0
148499 0
125112 0
034336 0
239876 1
023200 0
190057 0
240191 0
033773 1
256895 0
064343 0
077261 0
092814 0
143630 0
253606 0
051113 0
027550 0
174744 0
258726 0
167126 0
111214 0
060952 0
079389 0
261258 0
175622 0
063480 0
012810 0
071410 0
101718 0
268425 0
233889 0
220881 0
177201 0
025781 0
169358 1
169359 1
209875 0
110986 0
125642 0
098022 0
137634 0
111813 0
015815 0
137476 0
242541 0
196107 0
010921 0
038315 0
093081 0
181091 0
117220 0
177816 0
099846 0
023741 0
193827 0
045180 0
177549 0
147495 0
221951 0
027184 0
081811 0
270941 0
191083 0
262837 0
041190 0
071467 0
169377 0
217555 0
157948 0
132262 1
186680 0
076948 0
069387 0
128714 0
019812 0
082200 0
080465 0
081291 0
219783 0
095454 0
111240 0
063797 0
164575 0
164470 1
157606 0
269745 0
144063 0
146742 0
180048 1
186730 1
146182 0
275317 0
104640 0
115840 0
122100 0
238968 1
242307 0
271713 0
139939 1
187212 0
183742 0
176381 0
102641 0
242091 0
007821 0
143085 0
003794 0
222793 0
265151 0
240308 0
076097 0
011305 0
159624 0
015772 0
152487 0
191341 0
019365 0
120931 0
080542 0
128894 0
281977 0
103695 0
167149 0
122867 0
042627 0
167039 0
197353 0
255403 0
128717 0
183932 0
190302 0
075837 0
138169 0
148583 0
167075 0
109524 0
199881 0
038339 0
068736 0
182560 0
167079 0
063386 0
203175 0
031076 0
168557 0
173041 0
233992 0
143796 0
111238 0
120078 0
111075 0
107597 0
139778 0
189910 0
169375 0
263064 0
077242 0
157607 0
127495 0
183723 0
071463 0
240374 0
258023 0
213797 0
009807 0
231435 0
253245 1
254408 1
255046 1
193209 1
157504 1
157505 1
157503 1
157495 1
157496 1
157433 1
157341 1
151166 1
151186 1
151172 1
168656 1
168657 1
168597 1
168598 1
154114 0
114588 1
152134 0
114589 1
114593 1
131417 1
199499 1
148350 1
201082 1
089168 1
221240 1
221221 1
089674 1
089955 1
258996 1
259018 1
227794 1
148070 1
081336 1
081146 1
040826 1
040850 1
016586 1
243741 1
005288 1
119734 1
225078 1
288019 1
152111 1
152106 1
018774 1
270122 1
270125 1
236195 1
002563 0
046422 0
154178 1
089060 1
159025 0
163689 1
163701 1
152974 1
269462 1
269472 1
269554 1
269423 1
269534 1
269471 1
187912 0
019392 0
071541 0
174129 1
126350 0
128640 1
128641 1
167879 0
007684 0
115636 0
138897 1
138847 1
138858 1
138788 1
002566 1
234048 0
264960 1
149770 0
081685 0
242942 0
020945 1
154896 0
243655 1
129003 0
117945 0
260208 0
137146 0
180002 1
179780 1
179767 1
262474 0
008544 0
192134 1
191836 1
002068 0
256091 1
256823 1
256831 1
226269 0
159028 0
155593 1
155548 1
155322 1
155230 1
155219 1
155224 1
235384 0
141646 1
008280 1
005887 0
016870 0
181993 0
197477 0
191652 0
163790 1
163791 1
146218 1
255747 0
108839 0
159765 1
207029 0
013097 0
172094 1
171991 1
171862 1
137213 1
040622 1
132496 1
132483 1
152864 1
152863 1
150005 1
153547 1
004882 0
051575 0
194955 1
133798 1
116515 2
116960 1
155837 0
286711 0
020719 0
161859 1
161857 1
108032 0
093371 0
098563 0
006027 0
048321 1
048293 1
082123 1
071492 1
104665 1
225192 0
013185 0
249127 0
192960 0
024030 0
274578 0
007779 0
266075 0
130961 1
130929 1
125013 1
124965 1
039842 0
241505 0
115606 0
265829 0
079015 0
038219 0
119209 0
165895 0
014196 1
210933 1
210936 1
114323 0
109293 0
033747 1
238719 0
175685 1
175770 1
157597 1
157595 1
215009 0
000985 0
219906 0
124007 1
279479 0
151919 1
111805 1
197144 1
197129 1
191172 0
096690 0
142603 0
159031 0
257969 0
108469 0
288813 0
018661 0
138924 0
154147 0
188785 0
002699 0
035780 0
281105 1
281109 1
243982 0
230507 0
048264 1
017558 0
008502 1
254489 0
109522 0
133731 0
228813 0
063851 1
063855 1
096417 0
252605 0
050801 1
050824 1
115729 0
056270 0
069015 0
156155 1
156170 1
156171 1
202760 0
011692 0
197066 1
197067 1
197303 1
236460 0
188649 0
185848 0
019892 0
283711 0
160977 1
011047 1
150395 0
132755 0
157060 1
200504 0
129785 1
