222411 0
015842 0
206534 0
051209 0
139552 0
162602 0
124761 0
051194 0
216411 0
231729 2
231734 2
221708 1
200983 1
199560 1
201081 1
200969 1
243227 0
243183 0
018663 0
263369 1
260990 1
260991 0
040992 0
221740 1
022682 0
281366 0
222280 0
004895 0
261019 0
115505 0
243192 1
243191 1
093618 0
253905 0
225282 0
093404 0
116322 0
264098 0
039968 0
033442 0
044538 0
261047 1
254322 0
045088 0
188743 0
200517 0
087497 0
053519 0
269428 0
217186 0
221115 0
234818 0
069670 0
119230 0
254681 0
118559 0
185741 0
178904 0
081210 0
071810 0
012622 0
163875 0
045890 0
088605 0
138092 0
093744 0
252282 0
169347 0
001953 0
027985 0
222276 0
030188 0
107759 0
273790 0
013642 0
006008 0
119566 0
171190 0
222751 0
066518 0
264069 0
237960 0
219295 0
208428 0
253816 0
093995 0
277460 0
226867 0
093456 0
071363 0
115822 0
086598 0
276094 0
255261 0
178950 0
087451 0
215815 0
030109 0
286079 0
102843 0
209703 0
044810 0
254757 0
111154 0
173341 0
153363 0
250087 0
278325 0
217862 0
056148 0
234807 0
241415 0
104983 0
201920 0
219244 0
175409 0
154826 0
045439 0
146356 0
169254 0
095780 0
042876 0
185130 0
257183 0
112459 0
278144 0
043609 0
051215 0
135013 0
151015 0
211114 0
229416 0
272819 0
264099 0
287949 0
178482 0
229360 0
107772 0
045806 0
214293 0
041379 0
060963 0
221122 0
163947 0
124931 0
169255 0
118653 0
066261 0
116512 0
277941 0
104536 0
223093 0
179569 0
278084 0
272833 0
219939 0
162088 0
083033 0
165161 0
046601 0
096122 0
038797 0
035630 0
045112 0
069591 0
047962 0
239836 0
234829 0
149071 0
060821 0
193560 0
209621 0
066948 0
081674 0
220279 0
004159 0
178640 0
059179 0
179805 0
062241 0
264930 0
118742 0
066997 0
162669 0
142620 0
238137 0
116049 0
193858 0
211563 0
111123 0
100955 0
201275 0
276121 0
166570 0
195057 0
233190 0
033044 0
088300 0
229721 0
112991 0
200593 0
064044 0
051195 0
102764 0
039075 0
288630 0
018985 0
065434 0
279087 0
008641 0
220791 0
040091 0
255265 0
010320 0
178973 0
190520 0
229202 0
119216 0
146355 0
185670 0
066759 0
269541 0
234845 0
031540 0
094227 0
118461 0
082351 0
061603 0
253321 0
162525 0
006157 0
257105 0
277799 0
175390 0
057801 0
088776 0
178267 0
113471 0
256003 0
163944 0
060679 0
226470 0
151136 0
136692 0
075285 0
178956 0
222808 0
174162 0
154824 0
015010 0
182569 0
178623 0
045888 0
258891 0
077783 0
010054 0
080885 0
065732 0
272824 0
055015 0
219218 0
044965 0
158889 0
287950 0
138078 0
139622 0
116047 0
110785 0
146349 0
126334 0
077932 0
185712 0
053721 0
137300 0
024826 0
234853 0
184046 0
168931 0
071695 0
203971 0
239936 0
178014 0
166495 0
047700 0
238154 0
021350 0
089514 0
084270 0
094435 0
076386 0
015775 0
254109 0
051186 0
178333 0
175490 0
175932 0
195032 0
212425 0
047712 0
236102 0
286934 0
066909 0
253319 0
149113 0
094462 0
140323 0
038804 0
229391 0
188131 0
042069 0
235858 0
255346 0
084738 0
067007 0
046387 0
179051 0
036773 0
116031 0
120403 0
091502 0
082113 0
114369 0
218563 0
027658 0
113351 0
211851 0
030920 0
227367 0
220325 0
061599 0
206738 0
114310 0
006557 0
252959 0
065931 0
175384 0
042431 0
137311 0
210810 0
178472 0
035670 0
047267 0
229106 0
123353 0
166496 0
067051 0
210491 0
234856 0
279063 0
168816 0
206262 0
064029 0
038746 0
183808 0
115593 0
024793 0
051216 0
053842 0
104868 0
178514 0
179840 0
229718 0
027790 0
089527 0
084248 0
169760 0
003874 0
222811 0
018684 0
178652 0
211297 0
172516 0
048921 0
112948 0
179566 0
067154 0
238160 0
257345 0
006226 0
234858 0
178258 0
057469 0
146352 0
162062 0
148566 0
052747 0
223774 0
109710 0
262385 0
051193 0
178117 0
253107 0
276990 0
011594 0
178655 0
279413 0
050567 0
162700 0
084268 0
111674 0
199334 0
286797 0
071108 0
264928 0
194474 0
169171 0
206688 0
029674 0
219219 0
235826 0
098150 0
218896 0
100804 0
285806 0
004185 0
048850 0
098341 0
214527 0
004832 0
012984 0
229396 0
260419 0
238180 0
169761 0
178405 0
276792 0
067416 0
146478 0
271206 0
006552 0
025780 0
063225 0
188213 0
254462 0
147480 0
047416 0
265303 0
051166 0
148170 0
179014 0
070711 0
188804 0
167142 0
190580 0
217911 0
113202 0
231727 0
166488 0
042205 0
257379 0
056947 0
045887 0
250819 0
266273 0
119249 0
070517 0
088402 0
014394 0
235039 0
035109 0
113458 0
228389 0
138804 0
051217 0
254253 0
205468 0
178295 0
034664 0
244398 0
235317 0
110186 0
036822 0
229107 0
262143 0
238196 0
256188 0
080665 0
042096 0
226472 0
050515 0
284460 0
252311 0
148050 0
019801 0
236697 0
176777 0
150468 0
146342 0
167143 0
271130 0
075433 0
178886 0
104281 0
234994 0
234245 0
176459 0
141621 0
023000 0
171247 0
286164 0
261018 1
261046 1
243426 0
260871 1
260904 1
269301 1
260972 2
260973 1
260971 1
262452 1
083067 0
275710 0
201255 1
201258 1
201400 1
165103 0
200476 1
221913 2
221911 2
219516 1
219493 1
222073 1
219182 1
219135 1
222234 1
219756 1
219768 1
197356 1
244521 1
244513 1
262159 1
142145 0
220010 1
220015 2
220016 2
230837 1
279544 1
164492 0
029261 0
142184 0
219942 1
019053 0
261311 1
261313 1
059140 0
275726 0
032794 0
225149 0
163880 0
276206 1
041627 0
028611 0
265165 0
115807 0
019237 0
163233 0
188465 0
219661 1
205443 0
288056 0
196436 0
164504 0
142200 0
225150 0
032836 0
028432 0
270873 0
219510 0
270915 0
095209 0
022398 0
015065 0
046562 0
052860 0
220424 0
147377 0
065268 0
226247 0
220679 0
151200 0
081660 0
233688 0
225151 0
058295 0
275736 0
220066 1
220065 1
219918 1
288057 0
077365 0
211870 0
230166 0
041103 0
262155 0
115926 0
028855 0
279543 0
022244 0
088248 0
045809 0
099594 0
162921 0
179398 0
219847 0
209409 0
229563 0
025214 0
022376 0
098222 0
136259 0
199182 0
223166 0
188462 0
232047 0
083018 0
230159 0
270917 0
041116 0
126329 0
205221 0
022401 0
117989 0
214259 0
009426 0
052847 0
219487 0
279476 0
125665 0
059149 0
270829 0
022238 0
162917 0
088255 0
229607 0
226339 0
086484 0
221162 0
045551 0
028845 0
083166 0
027057 0
164290 0
147431 0
243465 0
006639 0
087337 0
174678 0
115338 0
221402 0
028390 0
205446 0
027018 0
054530 0
035966 0
027104 0
230009 0
209783 0
211409 0
235872 1
013161 0
036558 0
051274 0
115948 0
043798 0
178675 0
085563 0
210930 0
083011 0
231673 0
229617 0
036561 0
032133 0
188475 0
274597 0
025257 0
270824 0
220703 0
219514 0
077779 0
093329 0
166287 0
083153 0
109765 0
041325 0
214222 0
205187 0
045884 0
154898 0
004283 0
086871 0
242598 0
115806 0
180567 0
083032 0
203776 0
147577 0
219673 0
162927 0
241933 0
174630 0
115934 0
025614 0
219268 0
273154 0
163885 0
022405 0
126330 0
060606 0
018757 0
223513 0
041609 0
007089 0
024143 0
181541 0
188679 0
054450 0
044250 0
019336 0
023183 0
262573 0
219550 1
150949 0
000494 0
219857 0
266107 0
202565 0
025520 0
054520 0
211443 0
115473 0
029675 0
190322 0
166288 0
046434 0
042016 0
231665 0
051265 0
273838 0
214069 0
226341 0
033594 0
220696 0
003762 0
041276 0
115590 0
028342 0
055164 0
116317 0
158086 0
192332 0
109741 0
284623 0
045596 0
205193 0
243459 0
192328 0
030518 0
163332 0
161852 0
108158 0
025258 0
159309 0
279534 0
158570 0
079326 0
139291 0
109788 0
242606 0
223702 0
024006 0
046156 0
188305 0
025828 0
083387 0
273074 0
041346 0
139347 0
050310 0
156351 0
045885 0
204163 0
079577 0
062781 0
262292 0
231656 0
241804 0
086117 0
266212 0
164498 0
187725 0
289343 0
064233 0
109993 0
040840 0
045985 0
135641 0
264409 0
126331 0
065058 0
055185 0
240900 0
281965 0
190438 0
209123 0
028366 0
266696 0
042528 0
101959 0
235031 0
188438 0
014045 0
164542 0
163853 0
024576 0
168464 0
227601 0
169683 0
192264 0
223504 0
065127 0
025677 0
254372 0
284627 0
188643 0
169352 0
113727 0
238981 0
164494 0
205445 0
043439 0
040913 0
222932 0
275725 0
181534 0
139343 0
202297 0
023065 0
030559 0
109999 0
005750 0
155605 0
161771 0
115600 0
045416 0
267282 0
031620 0
239261 0
044567 0
262294 0
279682 0
003264 0
023135 0
082131 0
126434 0
266217 0
087091 0
264723 0
044341 0
054425 0
177336 0
169256 0
197894 0
063575 0
273698 0
206975 0
164537 0
018787 0
101389 0
188665 0
046004 0
120366 0
139375 0
049754 0
042736 0
115346 0
254378 0
125494 0
014180 0
188288 0
275735 0
097111 0
181522 0
241833 0
035868 0
238920 0
205740 0
075321 0
030575 0
029562 0
062576 0
025484 0
116583 0
211798 0
284010 0
025762 0
289268 0
161864 0
219665 0
160370 0
115597 0
180468 0
024577 0
209896 0
110174 0
023147 0
266489 0
055970 0
034210 0
141388 0
087105 0
025832 0
002048 0
049365 0
082139 0
126530 0
288051 0
009413 0
238982 0
109986 0
164371 0
030558 0
006481 0
025448 0
044569 0
141874 0
023068 0
257623 0
155532 0
042033 0
062577 0
180752 0
097921 0
207771 0
221429 0
239934 0
050458 0
095592 0
012968 0
254380 0
000882 0
082936 0
262574 0
161854 0
026790 0
040045 0
101338 0
125468 0
138763 0
207400 0
017075 0
071227 0
238948 0
221704 0
058159 0
063607 0
220447 0
118100 0
027960 0
213725 0
086896 0
049672 0
024026 0
137599 0
034340 0
160721 0
208275 0
050300 0
162819 0
034216 0
051852 0
163740 0
121872 0
286574 0
048301 0
266101 0
278172 0
050572 0
164586 0
156425 0
013243 0
050440 0
254382 0
035869 0
085574 0
110247 0
062784 0
096578 0
061796 0
160364 0
239773 0
259632 0
041548 0
044606 0
252864 0
041088 0
097932 0
015273 0
025413 0
022728 0
288052 0
222127 1
219549 1
222235 1
217215 1
191748 0
115527 0
219995 2
219972 1
218890 0
208102 0
211241 1
221868 2
221861 1
191747 0
162992 0
077374 0
222155 0
095941 0
163027 0
196650 0
163203 0
169167 0
221997 0
243351 0
221864 0
268084 0
223679 0
264035 0
198220 0
134320 0
144427 0
230849 0
095965 0
221191 2
219394 0
175610 0
175611 0
117103 0
162643 0
173060 0
170269 0
204341 0
116849 0
262158 0
135450 0
131798 0
198245 0
191360 0
225941 0
218869 0
279788 1
279792 1
280647 0
219763 1
