238411 0
233640 0
269056 0
082766 0
266911 2
266308 1
264605 0
236366 0
231857 1
196905 1
194954 2
205360 1
223029 1
223028 1
223031 1
223022 1
223023 1
223019 1
222593 2
222592 2
230770 0
220112 2
255934 2
255945 2
255948 2
199777 1
223325 1
199778 1
254773 0
220465 2
220420 2
220484 2
220483 2
220423 2
214158 2
214144 2
195482 1
197226 1
197225 1
219124 0
197822 2
197819 2
280266 1
270248 2
270246 2
200380 1
200375 1
226018 0
218536 2
203701 1
204547 2
204937 2
204651 2
197885 2
196095 2
270247 2
270249 2
253886 1
253883 1
201513 2
196602 1
196578 1
196355 0
252870 2
252789 2
256555 2
199839 2
275836 0
233997 0
235792 1
211720 0
263564 0
278925 0
259341 0
170993 1
281452 1
245034 0
181061 0
253856 2
253844 2
253847 2
253827 2
173785 2
173789 2
018195 2
128964 2
138350 1
150514 0
131696 2
131713 2
131700 2
131701 2
131685 1
006608 0
131578 2
131570 2
131575 2
131574 2
131576 2
131925 2
130337 2
130371 2
130357 2
130167 2
129994 2
130265 2
130257 2
129849 2
129880 2
002447 2
130280 2
130898 2
141915 2
141939 2
141912 2
139582 0
133308 0
138405 2
006435 2
002889 2
133812 2
003607 2
139396 2
139314 2
139296 2
002890 2
133980 2
133999 2
002741 2
140263 2
132060 2
132044 2
132554 1
141131 2
141101 2
141082 2
151646 1
152927 0
220654 2
220660 0
006299 2
069628 2
102801 2
069567 2
102740 2
069649 2
102822 2
226533 2
226463 2
226421 2
275837 2
275773 0
132642 2
132643 0
130909 1
177432 2
085633 2
139758 2
138394 2
138393 2
138390 1
147423 2
147416 2
147406 2
138507 1
130758 1
097639 0
152604 0
196769 0
238035 0
213183 0
266709 0
131612 0
152616 0
069824 2
102997 2
280878 0
258909 0
201536 2
197863 2
199203 2
199174 2
213024 0
193696 2
231796 0
193069 2
240261 0
130061 2
000755 2
168938 0
223369 1
076131 2
093115 0
197532 0
197390 0
102075 0
255359 0
289520 0
258702 2
263117 2
235732 0
255912 2
243609 0
144328 0
201791 2
201566 2
201550 2
201707 2
201712 2
133182 2
133167 0
133191 2
133169 0
132639 0
257879 0
192846 1
199086 0
197180 2
197176 1
197170 0
256635 2
256543 2
224029 2
224014 2
261139 0
256565 1
256563 1
199876 0
256671 0
244395 0
217340 0
196309 0
140599 0
250695 2
250537 2
241658 1
241647 1
196356 0
196331 0
186030 1
230090 0
255389 0
256637 0
157512 0
198433 1
198914 1
042733 0
077514 0
258047 2
258052 0
152603 0
289858 1
289870 0
289853 0
253604 2
249339 0
256821 0
231486 1
231485 0
194783 1
178092 0
084138 2
107725 0
222067 1
273727 0
182110 1
225970 0
240617 1
240583 1
201475 2
201337 2
201474 2
211172 1
212162 2
212167 2
201603 0
203131 1
203124 1
222787 1
222788 0
027275 1
076502 0
274170 0
170617 0
269062 2
268978 2
269254 2
269112 0
243629 0
167296 2
167297 2
211379 0
252486 0
263645 0
255453 0
255923 0
114066 0
269135 1
269109 1
269219 2
269138 1
269363 2
269284 0
269037 1
268985 1
269014 1
269216 2
269160 2
269616 1
269604 1
269022 1
269737 0
269235 1
269234 0
269041 1
268988 1
194849 0
014815 0
282633 0
189772 0
115046 0
232257 1
233351 1
233326 1
267644 0
278167 0
079631 1
079638 0
220497 0
155366 0
254778 0
037135 0
224125 0
177777 0
253573 0
175695 1
226946 0
234469 0
196211 2
196210 2
156127 1
042086 0
151660 0
269060 0
161291 0
253060 0
289855 0
076224 0
138374 0
078896 0
076787 0
240692 0
027913 0
219386 1
219365 1
071913 0
196208 0
225583 0
278433 0
162243 1
162251 1
162165 0
213872 0
092694 0
196166 1
196087 1
024196 0
197966 1
197930 0
129940 0
258885 0
082909 0
098053 1
017038 2
150512 0
279720 0
237588 2
237587 0
234428 2
157352 0
155508 0
003475 0
149925 0
256694 0
206049 0
158162 0
240222 0
072037 0
198550 1
274183 0
227091 0
097181 0
257309 0
255274 2
243613 2
255404 0
276249 0
251187 0
158318 0
097596 0
241272 0
199473 2
197285 0
201960 0
071912 0
199976 2
199985 1
223581 0
238097 0
282883 0
129901 0
211347 1
211319 1
040624 0
259918 0
197366 0
196579 0
253207 0
231774 1
226767 0
233752 0
223065 0
178037 0
196297 0
190243 0
230101 0
278863 0
150066 0
162184 0
252539 0
264952 0
286597 0
262735 0
170751 0
229194 0
145474 0
249523 0
205653 0
177545 0
213100 0
063103 0
232686 0
233660 0
044359 0
194455 0
062201 0
286583 0
257506 2
271652 0
190408 1
112948 0
233638 0
223579 1
254813 2
254818 2
254786 0
254783 0
110774 0
079828 0
222267 1
222256 0
093093 0
260936 0
257610 0
199875 0
273821 0
222229 0
238380 0
034949 0
196748 0
092465 0
278923 0
238310 0
201586 0
257022 2
274565 0
220168 2
220155 2
201306 1
262206 1
278799 0
263028 2
231475 0
256051 2
221823 1
263642 2
229592 0
250255 2
250234 2
264110 2
254172 0
230012 1
274530 0
266877 0
256719 1
256720 0
229587 0
061342 0
201980 0
252142 0
130230 2
130251 2
130253 2
129809 2
130243 1
130244 1
129989 2
129937 2
129987 2
129934 2
129992 2
139765 2
139727 2
139522 2
139517 2
139399 2
132655 2
134832 1
132786 2
132821 2
132779 2
132780 2
129729 2
129808 2
129807 2
135019 2
134997 2
134896 2
134905 2
143165 1
143182 1
132693 2
132678 2
132694 2
129834 2
142750 2
129712 2
133368 2
142751 2
142745 1
130860 2
130871 2
130877 2
130864 2
144128 2
140262 2
144271 2
143960 1
144270 2
144100 2
143927 2
143958 2
143938 2
140220 2
130952 2
143467 2
138854 2
138843 2
138816 2
138803 2
138913 2
138943 2
139211 2
138915 2
138931 2
138867 2
133670 2
133660 2
138767 2
131790 2
131772 2
192783 2
134895 2
140176 2
142691 1
134000 2
143415 1
143421 2
138810 2
143420 1
002682 2
130116 0
136638 2
136686 2
144810 2
144724 1
144725 1
144853 2
144722 1
144721 1
144632 1
144617 2
144650 1
144582 2
140186 2
144183 1
144164 1
144175 1
138983 2
144569 2
189130 0
134093 2
134068 2
002928 2
134073 2
133984 2
138797 2
006573 2
144564 2
115297 2
139067 2
144948 2
144954 2
144945 2
144952 2
144935 2
144956 2
138848 1
144556 2
002886 2
133638 2
137392 2
134830 2
133780 2
134064 2
013779 2
144968 2
138769 2
134837 2
133794 2
133944 2
133779 2
132446 2
002927 2
138973 2
138749 2
139134 1
138981 2
139198 0
002264 0
132459 2
147614 2
147609 2
006734 2
138748 2
002765 2
133755 2
130487 2
130491 2
141100 2
147589 2
130511 2
130497 2
130495 2
132543 1
137072 1
213686 0
131028 0
138955 0
147720 2
178351 2
161721 2
178089 0
140394 2
192731 2
199491 2
130092 2
132419 1
130088 2
114660 2
144590 1
199803 1
140960 0
114662 2
006634 2
138990 2
138632 2
138636 2
138525 2
214163 2
219128 1
199759 1
199804 1
130844 2
012079 2
122892 2
144135 2
132559 1
144160 2
144060 2
010966 2
144053 2
144048 2
144054 2
144134 2
008264 2
150966 0
199745 1
199784 1
136916 0
131565 2
130522 2
130518 2
130704 2
130696 2
130698 2
130711 2
130401 1
130477 0
253896 1
132431 1
193071 2
197865 2
137183 0
209385 0
123283 2
123302 2
139987 2
139977 2
139965 2
009964 2
171700 1
131805 2
131799 2
219118 1
233334 0
138686 2
139837 0
177430 0
131608 2
131609 2
131611 2
131588 1
145922 0
140369 0
131600 2
131587 2
131884 2
131876 1
131761 2
131763 2
131748 2
131726 2
002207 1
133019 2
136475 0
131717 0
130228 0
254707 2
254751 2
254747 2
144420 0
196091 0
141345 2
141332 0
167248 2
167201 2
167146 2
132129 0
202757 0
202105 0
137299 2
201305 0
171709 1
171667 1
171674 1
171708 1
171673 1
182984 0
151698 0
196670 2
196668 2
196661 2
115802 0
205351 2
205350 2
006417 2
006624 2
141169 2
138503 2
138508 2
006472 2
138498 0
006388 2
202071 2
132384 2
150026 0
147566 2
136933 1
006064 0
192997 1
192939 1
012785 2
146129 2
215692 0
129371 1
129372 1
017632 1
129355 1
129379 1
129378 1
129375 1
129376 1
129373 1
129374 1
129381 1
129452 1
129447 1
129456 1
129441 1
129434 1
129448 1
232400 0
129014 2
018274 2
128911 2
129019 2
147065 0
080274 0
196886 2
148775 0
199638 2
199604 2
194183 2
194176 2
194219 2
115341 1
115349 1
115354 1
115381 1
224126 1
224094 1
224124 0
140920 0
148166 2
240145 0
197365 2
197336 2
157909 2
132555 1
190473 0
147404 2
005969 0
220506 0
138496 2
101939 0
230165 1
084119 2
139439 1
135853 0
168168 0
232808 1
232727 1
233090 1
233091 1
138575 0
231163 1
231159 1
231166 1
231245 1
255947 1
255944 1
255933 1
193164 0
262211 1
132147 1
132166 1
132159 0
262363 2
262395 0
230265 1
230287 0
266333 1
266378 1
266375 0
143273 0
272657 0
210601 1
198643 1
198692 0
018126 0
132148 1
224096 1
221880 2
214487 0
178091 0
137458 0
244696 1
131661 0
157805 2
182760 1
240494 0
196728 0
225555 0
131860 1
131865 0
222862 0
142111 0
196522 2
196366 2
130756 1
130798 1
130824 1
130454 0
138486 0
222313 0
200540 0
264721 0
195268 0
112654 0
140973 2
140972 2
255441 1
255415 0
140730 0
199831 0
153696 0
131013 2
110295 0
196802 2
194089 0
150585 0
147055 2
231775 1
219595 2
219117 0
132644 0
215719 0
141583 0
233323 1
085444 0
147850 0
237240 0
233437 0
200458 2
256004 0
131663 2
076019 2
075989 2
200962 2
200950 2
239901 0
150915 2
150934 0
195999 0
198813 0
161269 2
196998 0
008642 0
223636 0
010227 0
201197 0
139763 0
211271 1
213979 0
071529 0
062348 0
196940 0
072255 0
161056 0
224569 0
262341 2
161744 0
151649 1
151676 1
151652 1
151658 0
279957 0
206181 1
207424 1
202751 0
130309 0
196941 2
177416 2
177418 2
177419 2
177403 1
131580 1
198691 0
213514 0
278857 0
178366 0
138427 0
192302 0
140848 0
225907 0
196009 0
014308 0
256031 0
148903 0
132416 0
150967 0
158169 0
221038 0
121933 0
201545 0
254812 2
142785 0
143316 0
197544 1
130751 1
130722 1
196928 2
143408 2
006436 2
196655 2
