278758 0
070284 2
103457 2
070151 2
103324 2
070059 2
103232 2
070056 2
103229 2
070061 2
103234 2
070085 2
103258 2
070108 2
103281 2
070010 2
103183 2
097701 0
109380 2
109381 0
098366 2
094699 2
096207 2
096231 2
096201 2
096181 2
102061 2
097696 0
101876 0
095986 2
095958 2
093948 2
094056 2
094074 2
094081 2
094046 2
093698 2
093892 2
093931 2
093942 2
091317 2
091286 2
132568 0
051651 0
098529 2
098620 2
098633 2
098525 2
098508 2
096061 2
095005 0
097345 0
131127 2
137329 0
095978 2
196375 1
197193 2
197191 2
197197 2
275779 2
184601 0
175594 2
241136 2
018169 2
128986 2
129068 0
084568 2
181536 2
144990 2
145317 0
093973 2
012267 2
123285 0
175188 0
098200 2
114290 0
092070 2
092249 2
093856 0
094178 2
092793 0
094400 2
094432 2
094353 2
094245 2
092951 2
092934 2
118516 2
004419 2
093044 2
092942 0
066294 2
064514 0
189892 0
119260 0
064517 2
065068 2
065101 2
065663 0
085090 0
098779 2
098801 2
196637 0
001887 2
126367 1
141527 2
141970 2
189164 2
189169 2
192032 2
126366 0
186742 2
186703 0
006933 2
120556 2
189109 0
065032 2
257529 0
134330 0
112496 2
117907 2
007070 0
064547 2
060989 2
060988 2
060995 2
064198 2
064162 2
114654 0
091563 0
119685 2
098726 2
098771 2
098707 2
098848 2
064244 2
061054 2
102025 1
102009 0
094388 2
094380 2
220821 2
220835 2
180037 0
002688 2
124355 0
064658 0
069222 0
012480 2
192808 2
192823 2
277403 2
068022 2
113131 0
015608 2
019788 0
077894 0
051107 0
090497 2
090713 0
097344 0
061502 0
182023 0
114787 0
184920 0
078631 2
022227 0
085449 0
233014 0
007726 0
079190 2
079227 2
064258 0
097097 2
097101 2
096153 2
096022 2
096026 2
096024 2
010345 0
027551 0
140005 2
139872 0
142617 2
134798 0
201675 0
033372 2
041008 0
027752 0
070042 2
103215 2
071051 0
104224 0
071052 0
149451 0
039416 0
255632 0
104225 0
178829 0
032446 2
032502 2
032485 2
031921 2
096761 2
092884 0
235247 0
008726 2
288763 0
084759 0
191865 0
265871 0
007449 0
135475 0
070389 0
005062 2
119461 2
192295 0
270503 0
228551 0
034542 0
067094 0
011817 0
186999 0
272453 0
186065 0
199296 0
006630 2
093570 2
094027 2
116552 0
008728 0
184774 2
184777 2
284999 0
005187 2
119632 2
063855 2
034850 0
236815 0
097666 0
007253 0
017996 0
099460 0
152348 0
101868 0
180836 0
051206 0
225504 2
225505 2
089848 0
152421 0
032701 0
132602 0
094057 0
189910 2
189923 2
042065 0
282997 0
187031 0
053459 0
064634 0
114207 2
076396 0
195769 0
061365 2
061368 2
260688 0
267466 0
211536 0
019255 0
027448 0
087768 0
237711 0
193153 0
169211 0
092399 0
257832 0
123281 0
095300 0
066151 0
233343 0
135376 0
195935 2
049393 0
019794 0
284462 0
086695 0
285312 0
150976 0
127161 0
045549 0
096797 0
013816 0
008758 0
258659 0
195875 0
270102 0
138087 0
122662 0
184903 0
008929 0
086462 2
095834 0
193384 0
282949 0
064298 0
124350 0
101875 1
071246 0
093337 0
137910 0
267359 0
021988 0
121156 0
143299 0
027416 0
020986 0
063857 0
132572 0
007273 0
109457 0
028721 0
189080 0
180662 0
097522 0
091986 2
092104 0
092113 0
008009 2
187674 0
027725 0
092791 0
114577 0
288814 0
102395 0
041942 0
085032 0
222713 0
134343 0
220400 0
280032 0
098602 0
014778 0
051059 0
132606 0
273039 0
103562 0
196725 0
078452 0
277431 0
142027 0
039365 0
114999 0
022184 0
044913 0
230288 0
135047 0
289105 0
284570 0
110030 0
007993 0
050096 0
199309 0
274862 0
169868 0
095989 0
092379 0
148852 0
033646 0
153034 0
257827 0
064677 0
150126 0
128153 0
238763 0
187160 0
024703 0
110755 0
011274 0
168964 0
051198 0
042063 0
091107 0
080659 0
015684 0
089242 0
254744 0
180635 0
255188 0
152313 0
097622 0
009136 0
179815 0
202369 0
049402 0
002716 0
269418 0
118256 0
191873 0
079079 2
199123 0
034514 0
094043 0
226930 0
115083 0
121716 0
164591 0
173583 0
243931 0
236781 0
211355 0
031157 0
225812 0
187744 0
011723 0
285014 0
140511 0
095410 0
052502 0
077066 0
270438 0
196641 0
076854 0
284762 0
151002 0
259243 0
097414 0
260704 0
066074 0
014223 0
141581 0
022178 0
095833 0
051112 0
076787 0
282325 0
235498 0
287475 0
277015 0
126899 0
259553 0
244079 0
021779 0
044605 0
145585 0
169475 0
001925 0
270034 0
064571 0
257355 0
226250 0
172090 0
135378 0
027717 0
265273 0
163487 0
067145 0
123373 0
093477 0
097690 0
276249 0
196811 0
281346 0
088364 0
186395 0
127223 0
193186 0
283205 0
027694 0
109035 0
270279 0
154238 0
029266 0
051192 0
045119 0
265845 0
104419 0
281430 0
150103 0
080217 0
189126 0
010790 0
277427 0
191507 0
180696 0
144458 0
097481 0
033587 0
025548 0
254729 0
169929 0
271801 0
039421 0
090599 0
028724 0
007437 2
120948 2
145805 0
143336 0
098578 0
097925 2
097920 2
097949 2
064203 2
064219 2
097817 2
097815 2
097857 2
097808 2
097821 2
101190 2
101189 2
096936 2
096894 2
099342 2
099357 0
032442 2
032450 2
144933 1
108202 2
084567 2
084566 2
084559 2
084558 2
112385 2
111963 2
093941 2
093938 2
108817 2
096209 2
096206 2
094071 2
094008 2
094612 2
094558 2
094020 2
094019 2
114462 2
114382 2
114384 2
098777 2
098644 2
098629 2
098639 2
098784 2
098793 2
099092 2
099104 2
098097 2
098059 2
098070 2
098021 2
098020 2
098029 2
098010 2
098028 2
098068 2
097973 2
098104 2
095399 0
120430 2
005817 2
120432 2
128152 2
131413 0
096043 2
096071 2
189162 2
189161 2
189160 2
094209 2
140247 2
140355 2
140266 2
041509 2
005543 2
120122 2
119701 2
146000 2
145974 2
133951 0
063264 2
063267 2
184854 2
139721 2
084628 2
084631 0
096003 2
096049 2
096002 2
095882 2
100245 2
100034 2
004171 2
118279 2
133940 2
187021 0
132001 2
099515 2
132567 0
066285 2
067592 2
067563 2
067615 2
067636 2
067649 2
078739 2
078741 2
078746 2
078778 2
078772 2
078271 2
097157 0
063851 1
063850 2
126999 2
074433 2
107606 2
072263 2
105436 2
017937 0
063058 2
061364 2
138970 2
139214 2
260644 2
125036 2
094758 2
094754 2
094949 1
094368 2
094385 2
094379 2
094377 2
094378 2
094369 2
094244 2
074842 2
096648 2
108802 0
005703 2
120323 2
095413 2
095398 2
094587 2
125023 2
125021 2
095659 2
098362 2
098360 0
086581 2
086596 2
086637 2
181843 0
238700 2
133661 2
133721 2
116149 0
111735 0
094055 2
094054 2
096240 2
117575 2
074864 2
075008 2
094522 2
100464 0
098375 2
015251 2
125486 2
062701 2
063759 2
117927 2
116551 2
116967 2
117163 2
132577 0
099192 2
136132 0
099083 2
099069 2
061383 2
099790 0
061385 2
256268 2
256266 2
256264 2
256259 2
256244 2
258755 2
148908 2
131020 2
131016 2
131014 1
131482 2
155560 2
131490 2
131493 2
131505 2
131460 2
155568 2
128136 2
202877 2
202878 2
202529 2
133912 2
133919 2
133920 2
133773 2
194511 2
164635 2
164649 2
152489 2
152492 2
152457 2
151732 2
060971 2
060968 2
061662 0
011334 2
122716 2
122714 2
122712 2
122708 2
122690 2
142387 2
142394 2
164910 2
144446 2
099295 2
268459 2
142538 2
140525 0
165225 2
153562 0
195952 2
164228 2
164156 2
169756 2
168553 2
169771 2
169746 2
169786 2
169787 2
169754 2
169750 2
169744 2
195950 2
233721 1
234100 2
261063 2
149696 2
132764 0
138447 0
275361 2
199021 2
179523 2
279290 2
253577 0
156293 0
001778 2
006972 2
120597 2
002762 0
192494 0
098797 2
098781 2
100428 2
100378 2
100279 2
100303 1
093802 2
127702 0
093699 0
018460 2
128788 2
007217 2
120778 2
120708 1
120594 2
009871 2
122229 2
114151 2
090626 0
096656 2
128869 2
128871 2
128870 2
093912 2
079654 0
117703 2
117708 2
117710 2
017676 2
129322 2
095524 2
112328 2
128225 0
256483 2
253255 0
093889 2
093940 2
131994 0
184857 0
060902 2
257540 2
257534 2
257539 2
131999 2
131996 2
131993 2
128747 2
101226 2
142421 2
000920 1
099649 2
099588 2
099581 2
079747 0
094832 2
014334 0
243724 0
099731 2
099730 2
078237 2
078325 2
078236 2
078345 2
078404 2
142622 1
098354 0
237341 2
225522 0
095448 0
065854 2
065858 2
067847 2
063331 0
066154 0
130164 0
059452 0
092536 2
098280 2
011947 2
162077 0
010253 0
117564 2
117556 2
006934 2
120557 2
133887 2
149386 0
101791 2
099647 0
137323 0
108710 2
095745 0
108127 2
145310 0
272041 0
032896 0
109421 2
141038 2
144337 2
140978 2
140980 2
270229 0
097333 2
097335 2
084626 2
084634 2
084629 2
084649 2
065856 2
065895 2
065912 2
001194 0
155289 2
092971 2
076285 2
004379 2
118512 2
101255 0
257600 0
086157 0
094232 0
090825 0
018552 1
128739 1
132019 0
086654 2
004518 2
118728 2
102108 0
114208 0
122607 0
129155 0
228449 0
094848 2
094752 2
145627 0
151154 2
151373 2
182022 0
189118 2
098461 0
176745 2
176747 0
133746 2
138037 2
088008 2
087998 2
064669 2
146133 0
065986 0
169797 2
169798 2
169781 2
116573 2
233737 0
097945 0
001228 0
110452 2
169282 0
139541 2
202627 0
128476 0
098277 0
112806 2
001330 2
144985 0
243194 0
159093 0
070319 2
103492 2
070323 2
103496 2
070100 2
103273 2
070114 2
103287 2
070341 2
103514 2
070390 2
103563 2
100758 2
100751 2
100741 2
098443 2
098411 2
098850 2
098847 2
098810 2
098751 2
098441 2
098505 2
098977 2
098972 2
098409 2
219616 2
041810 2
086802 0
135036 0
101942 0
164940 0
252455 0
002844 1
138849 0
045212 2
114552 2
114618 2
094346 1
094296 0
099248 0
112092 2
112096 2
013611 0
007756 2
121178 2
062733 2
058989 0
064516 2
063416 0
230392 2
260138 0
219985 2
114843 0
152784 0
082453 0
159737 0
132135 0
099792 2
079580 0
098180 0
099086 0
223994 0
011643 0
142410 1
142637 2
097898 0
070285 2
103458 2
070117 2
103290 2
070364 2
103537 2
070424 2
103597 2
257559 2
163927 2
070450 2
103623 2
070494 2
103667 2
162048 2
097830 2
097974 2
152115 2
114596 2
224903 2
224901 2
224815 2
224893 2
224748 2
224743 2
224816 2
224690 2
224894 2
224741 2
224759 2
193910 2
193987 2
146800 2
144464 2
144447 2
144519 2
108731 2
108729 2
261057 2
261068 0
281621 2
176683 2
176680 2
099293 0
143414 0
151160 2
151168 2
098497 0
194936 0
152337 2
152334 2
093853 2
093794 2
157676 2
144461 2
144448 2
149293 2
159806 2
159802 2
159879 2
159878 2
159884 1
159886 0
162959 2
163061 2
162985 2
163208 2
170092 2
169455 2
139618 2
139619 2
220815 0
101555 2
244452 0
101412 2
087982 2
192455 2
142511 2
142521 2
281187 2
281036 2
281012 2
280920 2
280972 2
085261 2
085285 2
259558 0
165988 2
131746 2
166008 2
011266 0
155575 0
052272 0
069740 2
102913 2
017392 2
129516 2
017318 2
129572 2
130291 2
130292 2
130318 2
130398 2
163724 2
163725 2
219542 2
163730 2
163727 2
101633 2
101635 2
128920 2
083156 0
143222 0
266984 0
010318 2
122637 2
268490 2
268829 0
190371 0
085206 0
137519 0
199741 2
266398 2
148104 2
279608 0
007411 0
094389 2
094390 2
094387 0
235939 0
020886 0
087986 0
098324 2
098321 2
098300 2
098302 2
119458 0
017936 2
129156 2
086514 2
101209 2
100286 2
071377 2
104550 2
071364 2
104537 2
092554 2
092542 2
154698 2
112821 2
112834 2
190368 0
158158 2
083309 2
083328 2
083343 2
009607 2
122050 2
159721 2
159716 2
159666 2
160190 0
110351 2
099878 2
099834 2
099786 2
258918 0
077026 2
076870 2
077029 2
069170 2
102343 2
087602 2
076093 2
142441 2
086655 2
083900 2
244562 0
177947 2
177952 2
178726 0
068637 0
086601 2
139690 2
141550 2
138528 2
138516 2
162827 2
162829 2
086741 0
138878 2
013745 0
188211 0
113262 2
155996 2
138459 2
138425 2
138468 2
138363 2
094068 2
112769 2
131654 2
092526 0
137110 0
099343 2
093951 0
005707 2
120328 2
098061 2
098056 0
131145 0
201468 0
253372 0
108711 2
108730 2
108732 2
146719 2
111268 2
111269 2
111293 2
095032 2
094973 2
094827 2
094729 2
094749 2
146071 2
131498 2
131495 2
131510 2
131501 2
167959 2
152714 2
179214 2
035821 0
092872 0
109713 0
232460 1
187114 0
145064 0
273924 0
111794 2
111762 2
071022 0
201732 2
004409 2
118566 2
124914 2
182823 2
188852 0
114819 0
242819 0
056274 2
056677 2
048075 2
048069 2
095579 0
094297 0
010774 2
232587 2
232593 0
177027 0
126897 2
093478 2
092937 2
093054 2
093035 2
079592 0
119744 2
119743 2
119753 2
005284 2
119772 2
146128 0
261062 0
114971 2
095614 0
061265 0
034164 0
061345 2
061340 2
079302 0
133795 2
133536 2
133533 2
133543 2
133539 2
014791 2
133015 0
067902 0
098949 2
146534 2
100571 2
100462 2
132366 2
095086 0
018477 0
168684 2
168685 2
139363 2
143423 2
143418 2
176748 0
062972 2
062992 2
089087 2
005432 2
119989 2
119916 0
080336 0
091352 0
009408 2
121866 2
001235 0
198038 2
083261 0
117639 2
259094 0
083299 0
014186 2
270840 0
118199 0
092710 0
058856 2
263934 0
057700 0
096401 0
009147 2
121639 2
139053 0
231476 0
100685 0
149212 2
149318 2
232847 0
096986 0
131134 0
015129 2
125610 2
094051 0
171578 2
171511 2
171512 2
018112 2
129046 2
129078 2
129074 2
266836 0
017589 2
129394 2
129397 2
128137 0
230643 2
287256 0
194115 0
133208 0
190027 2
226152 0
110298 0
114259 2
114263 2
221324 0
196446 2
201811 0
138061 0
061045 2
251229 0
109030 0
098446 2
098413 2
099430 0
111377 0
098198 0
066301 0
124658 0
094990 2
032198 2
064317 2
064285 2
031159 2
031144 2
032221 2
032223 2
032224 2
241537 2
241538 2
241468 2
288561 2
288756 2
288729 2
252750 0
093668 2
025131 2
223292 0
094426 2
094442 2
098499 0
069157 0
001120 0
287892 0
258395 1
094550 2
099527 2
099401 2
099521 2
097677 2
267964 0
187548 0
092987 0
131985 0
092406 0
004032 0
044916 0
170306 0
100266 2
062946 2
062988 2
062970 2
051976 0
098447 2
012499 0
066425 0
083858 0
009233 2
121709 2
094525 2
058285 2
058271 2
092644 0
088055 0
150027 0
051632 0
217314 0
092622 0
188782 0
094025 0
162429 2
062945 0
194856 0
002414 1
065686 2
132006 0
157796 0
180465 2
180514 2
071817 0
144692 2
135685 2
014257 0
067216 2
016974 0
146910 0
099273 0
191781 2
191401 0
191787 2
191798 0
010349 2
122671 2
009919 0
137967 2
137945 2
116483 0
094490 0
064817 0
095225 2
243192 0
201858 2
210042 0
114954 0
092891 0
143480 0
153606 0
198529 0
068938 0
156890 0
085204 0
004198 2
156660 0
064971 0
131833 0
190412 0
092794 0
268171 0
060859 2
058096 2
058014 2
058093 2
070933 2
104106 2
068431 2
085081 0
095937 2
095961 2
096033 2
035856 0
198142 0
068254 0
151386 0
116110 0
096685 2
058050 2
119158 2
119139 2
119213 0
171491 2
101669 0
094698 2
100459 2
100449 2
100570 2
198007 2
149319 2
197928 2
197893 2
133467 0
288510 2
137991 2
093659 2
094355 2
162986 2
163062 2
177516 2
093010 2
095228 0
071135 2
104308 2
094319 2
126898 2
129223 2
219441 2
219476 2
219420 2
219372 2
017845 2
129219 2
129224 2
129222 2
063001 2
062991 2
063021 2
098423 0
112868 2
112754 0
094564 2
138334 2
138336 2
138306 2
100241 2
147674 2
147680 2
147638 2
147627 2
147651 2
147626 2
033115 2
033131 0
260347 0
068432 2
110609 2
110582 2
110676 2
124676 2
124691 2
142123 2
142059 2
141978 2
109125 2
084521 2
084690 2
084692 2
081324 2
081330 2
081320 2
068505 2
109027 2
156303 0
061086 2
018674 2
108624 2
001997 0
033130 1
196450 2
087980 0
108091 0
121563 2
009061 2
121566 2
284367 0
114529 0
005176 0
018362 0
083219 2
083222 2
162409 2
144444 0
114915 2
163739 0
009125 0
166059 0
280229 0
002717 2
111530 2
111259 2
239097 0
132045 2
007940 2
121353 2
111511 2
109982 0
177695 0
033351 0
004565 2
004507 2
118714 2
004538 2
000105 0
150615 0
061832 0
157024 0
255889 0
120702 0
086015 2
199217 0
084391 2
084237 2
083220 2
062156 0
009409 2
121867 2
070582 2
103755 2
005956 2
280215 0
095638 2
095217 2
095230 2
095423 0
101880 0
071710 2
104883 2
071684 2
104857 2
072189 2
105362 2
061144 0
075324 2
075341 2
075588 2
094481 2
033125 0
136574 0
125422 0
147441 2
147443 2
147422 2
147420 2
145419 0
131292 2
262736 0
093015 0
219310 0
098045 2
228333 0
142650 2
142636 2
009035 2
120928 0
098342 0
286317 0
015363 0
086213 0
130081 0
199448 2
061219 0
163720 0
135076 0
157033 0
142106 2
007759 2
121183 2
085623 2
085591 2
029478 2
029520 2
136763 2
270839 0
159722 2
132097 2
001307 0
095654 0
076683 2
228778 0
076297 0
094344 0
005152 0
025595 0
002569 0
098315 0
191802 0
147572 2
147559 2
147576 2
043302 0
139416 0
065901 0
288653 0
093772 2
093747 2
101096 0
093645 2
036482 0
244662 0
141249 2
008402 2
010474 0
140235 0
255270 2
261718 0
095234 0
039340 2
032200 2
034577 2
042388 0
110896 0
058024 2
101989 0
066421 0
069856 2
103029 2
144015 0
118533 0
132566 0
006872 2
120500 2
197502 2
052300 2
176743 0
007349 2
120882 2
121180 0
070701 2
103874 2
093182 2
119236 0
063334 0
113123 0
088908 0
252749 0
082319 2
086138 0
011275 2
122691 2
112951 2
112958 2
236593 0
035984 0
144525 0
063274 0
053145 2
145074 0
240475 0
116147 0
164606 0
132137 0
053539 2
065074 2
065096 2
126771 0
180954 0
041234 0
094913 2
099698 0
063415 0
084144 0
094960 0
033547 0
138445 0
187313 0
161444 2
161412 2
161413 2
161400 0
064614 2
064616 2
064617 2
005404 2
119951 2
004400 2
118544 2
118542 2
118529 2
149964 0
075722 2
083323 2
096680 2
058532 0
078690 0
229457 0
064932 0
253210 2
033595 0
086487 2
285062 2
141673 0
137006 0
258512 0
173653 0
042454 2
069841 2
103014 2
131665 0
090613 0
271931 0
084041 0
075319 2
069757 0
198524 0
230390 0
086603 2
004124 2
118235 2
280090 2
143422 0
283164 2
283473 2
283178 2
128216 2
128167 2
011993 2
017314 0
158750 2
132000 0
099992 0
279285 0
127219 0
112401 2
095965 2
283794 2
158434 2
158390 2
003745 0
239705 0
155235 0
154140 0
236358 2
236564 0
075262 0
176756 0
045323 0
130169 0
123979 2
288482 0
001054 0
093114 0
046239 0
145372 0
085383 2
085355 2
146570 2
014105 0
058855 0
209680 2
