088377 0
002679 1
001444 1
086851 0
086698 0
091798 0
133642 1
133632 1
133668 1
133774 1
133770 1
133703 2
133702 2
133709 2
133707 2
132050 1
132010 1
132008 1
133331 2
133299 2
133302 2
133297 2
133119 2
133100 2
133093 2
133088 2
133612 1
133610 2
133611 1
133959 0
133729 1
133730 1
133723 1
132046 1
133868 0
001458 2
133941 2
002855 1
163967 0
133427 1
134305 0
134952 0
173061 0
133951 2
169288 0
132136 1
134343 0
183839 0
132839 1
132830 1
133869 0
002777 0
134001 0
132037 0
003102 0
157658 0
258326 0
114837 0
226431 0
001445 1
002845 0
131640 0
043123 0
066977 0
001024 0
143263 0
112327 0
003207 0
268095 0
130517 0
092448 0
131862 0
159142 0
145792 0
284346 0
052235 0
133898 0
133866 0
031768 0
134330 0
002592 0
012355 0
126796 0
284756 0
150141 0
079272 0
091686 0
017962 0
002770 0
091636 0
135696 0
209986 0
095443 0
002218 0
270239 0
194966 0
260756 0
084442 0
014210 0
116986 0
133657 0
070187 0
176600 0
273638 0
180329 0
155855 0
017462 0
153681 0
011392 0
175700 0
150632 0
233085 0
265397 0
002867 0
155920 0
067017 0
199299 0
091797 0
131687 0
268251 0
279443 0
001150 0
010301 0
098407 0
131641 0
268292 0
133067 0
262339 0
004750 0
215093 0
043112 0
080829 0
154353 0
163061 0
068429 0
003066 0
060251 0
256021 0
002364 0
044767 0
006681 0
215367 0
285606 0
265776 0
034686 0
112325 0
136714 0
202240 0
095218 0
001526 0
160433 0
092292 0
107898 0
152734 0
067015 0
161031 0
108769 0
230168 0
034180 0
032138 0
191264 0
241946 0
133713 0
132583 0
134297 0
268166 0
123043 0
014692 0
160723 0
025983 0
177221 0
079280 0
098405 0
076236 0
017902 0
178814 0
043291 0
149143 0
285699 0
150094 0
097044 0
188811 0
002797 0
127650 0
029887 0
131671 0
103360 0
001265 0
177086 0
175958 0
100535 0
028984 0
158998 0
094469 0
214749 0
150637 0
152399 0
262362 0
023567 0
166595 0
188795 0
265449 0
273846 0
236600 0
243466 0
002126 0
265143 0
114868 0
011997 0
031566 0
002659 0
162985 0
153706 0
202928 0
237808 0
131643 0
238930 0
158975 0
076676 0
023496 0
209496 0
037168 0
270626 0
072225 0
027857 0
017537 0
035593 0
180331 0
215087 0
002929 0
077927 0
080388 0
289203 0
031769 0
093829 0
166905 0
002935 0
261487 0
160596 0
116981 0
037912 0
150140 0
183843 0
114369 0
040647 0
126028 0
284811 0
095498 0
010146 0
285707 0
268379 0
265392 0
207158 0
191228 0
280110 0
269794 0
268417 0
032171 0
179115 0
016338 0
218284 0
037771 0
003046 0
061507 0
140654 0
175815 0
190334 0
162959 0
283854 0
225933 0
256033 0
005927 0
218697 0
183903 0
150603 0
134415 0
009332 0
209907 0
283702 0
215094 0
227604 0
043675 0
153673 0
031542 0
099233 0
028057 0
268380 0
151664 0
270380 0
003444 0
215417 0
002186 0
105398 0
154599 0
107815 0
133806 0
042719 0
268274 0
169747 0
091891 0
268187 0
089330 0
195142 0
188990 0
202915 0
159001 0
000526 0
081425 0
091237 0
191287 0
089563 0
268321 0
265646 0
164438 0
148777 0
079306 0
023563 0
041016 0
268896 0
123044 0
221068 0
288469 0
204583 0
091485 0
093816 0
177085 0
031658 0
168942 0
184075 0
261218 0
285723 0
183851 0
287696 0
097781 0
098251 0
166959 0
010259 0
160561 0
286399 0
035814 0
157329 0
003323 0
053744 0
111512 0
160652 0
069579 0
241941 0
087673 0
080089 0
269262 0
196499 0
166862 0
256034 0
270617 0
149113 0
028983 0
215830 0
268143 0
273249 0
243444 0
098465 0
077082 0
202929 0
211299 0
160279 0
097851 0
237818 0
108781 0
062544 0
093446 0
208294 0
049229 0
092050 0
026883 0
268180 0
285727 0
031450 0
227648 0
134626 0
259872 0
062165 0
032141 0
256408 0
226125 0
026382 0
089242 0
003098 0
272658 0
216658 0
265215 0
188803 0
141159 0
026713 0
160653 0
268878 0
166772 0
066047 0
183856 0
036086 0
139543 0
052161 0
264293 0
179678 0
268805 0
261488 0
283717 0
252979 0
029473 0
218113 0
238503 0
023000 0
208100 0
002686 0
022061 0
257049 0
050044 0
082557 0
213819 0
018984 0
074740 0
285736 0
265492 0
220877 0
166958 0
268314 0
205034 0
130160 0
268275 0
102752 0
062526 0
231636 0
089355 0
165076 0
272657 0
100526 0
207843 0
006248 0
223575 0
160255 0
098487 0
216828 0
032166 0
082025 0
287710 0
186291 0
257935 0
023545 0
268157 0
223128 0
204585 0
285746 0
087716 0
149559 0
163572 0
183860 0
013018 0
145595 0
031622 0
166773 0
268129 0
268182 0
160694 0
075562 0
268313 0
261574 0
229973 0
188809 0
209859 0
216696 0
123045 0
169749 0
268305 0
013968 0
166783 0
003308 0
167338 0
200921 0
097870 0
264763 0
163845 0
285698 0
269111 0
256409 0
089288 0
258857 0
089284 0
217872 0
183864 0
206218 0
166998 0
160325 0
287611 0
098250 0
045818 0
276347 0
257668 0
218325 0
265305 0
281764 0
156189 0
133188 2
133171 2
157848 0
147739 0
158089 0
133669 2
133480 1
181042 0
131319 0
127977 0
131953 2
131613 0
132080 1
140098 0
133312 0
186587 0
182014 0
133664 2
133675 2
133598 1
133684 1
133365 1
133358 2
132922 0
141143 0
130313 0
132952 1
132938 1
132910 1
132955 0
132396 0
142036 0
133389 0
132135 2
148999 1
149000 0
148142 0
001109 1
007099 0
007436 0
007046 0
001580 1
108996 0
164294 0
132020 1
132019 1
132017 1
132182 2
132203 2
131954 2
132052 1
133891 0
132865 2
131605 0
109543 0
141756 0
138824 0
132677 0
097530 0
131683 0
005320 1
119825 1
119817 0
133219 0
109787 0
131631 0
133737 0
147564 0
133015 0
181041 0
130320 0
189117 0
117555 0
137420 0
140477 0
140124 0
142078 0
110527 0
123725 0
138779 0
148993 0
181971 0
131975 2
131988 2
131970 1
180609 0
157854 0
142046 0
143015 0
134449 0
112622 0
145300 0
131675 0
139214 0
133674 0
130164 0
009742 1
122139 1
122129 1
122110 1
122059 1
132898 2
111595 0
117943 0
137993 0
110599 0
133746 1
138037 0
133621 2
135126 0
138300 0
188534 0
107706 0
136733 0
261782 0
002488 0
102019 0
099179 0
131615 0
135594 0
179699 0
132606 0
148143 0
134005 1
133376 0
146481 0
010357 0
129815 0
138468 0
130492 0
133208 0
133063 0
134278 0
135695 0
131755 0
125010 0
147895 0
145426 0
133828 0
129638 0
161340 0
140270 0
134317 0
099888 0
131729 0
181051 0
131733 0
132853 0
141182 0
147736 0
148972 0
131623 0
099181 0
145240 0
133044 0
140395 0
111657 0
140078 0
154119 0
131563 0
141868 0
136332 0
137525 0
138970 0
001073 0
162939 0
159141 0
099453 0
011293 0
138307 0
133841 1
133829 1
132743 0
137421 0
131648 0
133769 0
134915 0
186600 0
137780 0
131699 1
138309 0
142982 0
137131 0
132624 0
140123 0
142926 0
161339 0
117766 0
140052 0
130169 0
158368 0
147270 0
132071 0
131628 0
130567 0
181962 0
139470 0
132524 0
134171 0
141959 0
095442 0
017787 0
140126 0
123843 0
156680 0
134342 0
132572 0
131008 0
130297 0
140479 0
144849 0
135974 0
131669 0
132176 0
133270 0
131307 0
133736 0
111579 0
180059 0
138298 0
176882 0
131843 0
136757 0
140528 0
140094 0
183235 0
138859 0
131625 0
131530 0
007635 0
145068 0
136979 0
132592 0
132837 0
140230 0
157771 0
185882 0
147905 0
128476 0
131561 0
151240 0
018134 2
129018 2
129054 2
129059 1
134989 0
134919 0
133028 0
134108 0
134126 0
138836 0
132150 0
143509 0
134835 0
142680 0
131731 0
148168 0
134895 0
138459 0
141626 0
134078 0
089727 0
131781 0
133667 1
136078 0
133559 0
137143 0
131688 0
131095 0
158429 0
135009 0
132168 0
133242 0
146856 0
131849 0
142684 0
136077 0
132108 0
199789 0
130750 0
129849 0
141687 0
136823 0
157973 0
012502 0
132177 0
184695 0
129264 0
131665 0
144448 0
131627 0
132602 0
137510 0
188539 0
136302 0
141762 0
144921 0
131116 0
134436 0
148167 0
140445 0
132158 0
133660 0
140525 0
144229 0
130573 0
165300 0
121098 0
141185 0
137534 0
138881 0
136870 0
129389 0
139595 0
148252 0
133332 0
108057 0
131730 0
111519 0
135645 0
132164 0
141835 0
140420 0
004912 0
130863 0
138322 0
131667 0
139969 0
150577 0
130197 0
145412 0
139619 0
133764 0
134837 0
138456 0
136740 0
133061 0
131306 0
136763 0
134095 0
138396 0
132248 0
143480 0
131009 0
134975 0
141128 0
133854 0
134020 0
181306 0
189195 0
131607 0
131777 0
134167 0
144349 0
141688 0
140232 0
182032 0
132166 0
166779 0
017304 0
183557 0
143883 0
131834 0
132171 0
133406 0
148227 0
133810 0
138870 0
140423 0
130216 0
132157 0
124880 0
141843 0
131800 0
140967 0
141568 0
138770 0
140520 0
111453 0
137778 0
179966 0
136331 0
144242 0
130358 0
184730 0
137520 0
001382 0
133680 0
135694 0
129987 0
130574 0
148615 0
160284 0
085755 0
146383 0
154475 0
139983 0
138425 0
133768 0
129584 0
018514 0
145707 0
131704 0
140311 0
147953 0
140211 0
129625 0
146522 0
168892 0
132148 0
138915 0
144938 0
137068 0
131706 0
134437 0
160360 0
137560 0
134101 0
169613 0
131750 0
142715 0
145066 0
132791 0
140237 0
132306 0
133430 0
139975 0
131732 0
140209 0
139968 0
131635 0
148649 0
140320 0
017447 0
131562 0
132103 0
147313 0
132173 0
148128 0
132102 0
141181 0
183361 0
146638 0
133638 0
161123 0
147887 0
132070 0
122416 0
133431 0
151383 0
133766 0
139989 0
139736 0
128754 0
132159 0
136068 0
129848 0
130093 0
140568 0
131792 0
141019 0
178016 0
156257 0
144032 0
133620 0
135999 0
143884 0
133416 0
139505 0
157347 0
143252 0
132431 0
130361 0
145370 0
144937 0
136838 0
129934 0
124639 0
143525 0
149318 0
141118 0
158864 0
130955 0
178015 0
135640 0
131308 0
145148 0
163728 0
145079 0
133670 0
010118 0
144196 0
145692 0
133034 0
124854 0
129473 0
157764 0
141172 0
164863 0
145640 0
002772 2
132860 2
133656 1
132825 1
132824 1
132807 1
132805 2
132803 2
002698 1
261991 0
009594 0
133581 2
139093 0
133253 0
127896 0
133585 2
133735 2
134076 2
131690 0
133665 2
133663 2
133649 2
114749 1
114712 0
100189 0
108036 0
093071 0
127799 1
017250 0
043358 0
133252 0
150008 0
001240 1
110963 0
011838 0
141911 0
144352 0
004877 0
133721 1
133661 1
133348 1
133582 1
132771 1
179120 0
231334 0
158866 0
017831 1
017760 0
133200 1
005188 0
108044 0
132858 1
128652 0
133874 2
133853 2
133871 1
132751 1
132685 1
132670 1
132666 2
156534 0
133283 0
009735 0
109530 0
002717 0
258190 0
128431 0
133753 0
001242 1
123034 1
123037 0
028378 0
007221 0
101109 0
133138 0
010369 0
007044 0
115341 0
179121 0
133915 0
092308 0
134275 1
130385 0
123874 0
108586 0
097699 0
080201 0
001744 0
101081 0
006188 0
127903 0
017246 0
134024 0
108060 0
112385 0
142314 0
092125 0
100266 0
133586 0
001459 0
113106 0
159872 0
119181 0
087548 0
149404 0
091449 0
017268 1
128571 1
128620 1
128622 1
128653 1
128655 1
128659 1
128658 0
128654 0
178066 0
148508 0
017629 1
129357 1
129405 1
129429 0
137070 0
115381 0
127888 0
127107 0
116616 0
122132 0
109641 0
151419 0
110962 0
003340 0
012491 0
017832 1
109011 0
101782 0
109211 0
123953 0
133568 0
001062 1
082652 0
274731 0
133347 0
179106 1
099196 0
094081 0
102051 0
133901 0
139656 0
126165 0
007447 0
261760 0
001140 1
095373 0
001131 1
002894 0
141889 0
009072 0
133556 1
133555 1
133552 1
131633 1
