211696 2
211748 2
181304 2
211698 2
126011 1
014706 1
126010 1
138972 2
120130 1
120139 1
120142 1
120140 1
120156 1
005589 2
120180 2
004783 1
119058 1
011488 2
122751 2
004581 1
118783 1
005575 2
120164 2
120154 2
005599 2
120194 2
009042 2
119613 2
118385 2
004271 2
118408 2
014845 2
125872 2
005834 2
120455 2
120450 2
120449 2
005309 2
119806 2
119786 2
005371 2
119895 2
119844 2
118395 2
118398 2
118397 2
004270 2
118407 2
118393 2
118392 2
005132 2
119543 2
004794 2
119072 2
119071 2
004273 1
118414 1
118428 1
004323 1
118445 1
119178 2
004877 2
119181 2
119177 0
014967 2
125763 2
125764 2
118751 1
118755 1
118748 2
004727 2
118988 2
118987 2
004212 2
118312 2
015050 2
125674 2
007481 1
120971 1
120963 1
120969 1
120968 1
120962 1
120960 1
120959 1
123931 1
005130 1
119537 1
118273 2
118707 1
118709 0
004575 1
118779 1
122760 1
122761 1
122764 1
122769 1
011550 1
122772 1
130964 1
131009 1
131017 1
131008 1
007949 1
121364 1
121363 1
129062 1
011697 1
011676 1
133397 1
133396 1
133481 1
133473 1
133391 1
002494 1
011763 1
129996 1
137977 1
010509 1
142570 1
011924 1
007942 2
121356 2
128440 1
119652 1
119651 1
005250 1
119719 1
005340 1
119848 1
005227 1
119678 1
258283 1
004863 2
119154 2
119963 2
240277 1
240376 1
237275 1
237753 1
142011 1
147869 1
010276 1
122605 1
237672 1
172766 1
172765 1
144749 1
144778 1
144716 1
144892 1
118284 2
118285 2
004676 2
118896 2
118874 2
004682 2
118908 2
118298 2
119145 2
119136 2
147217 1
005177 1
119618 1
009549 1
163863 1
163859 1
285468 1
285461 1
004732 1
118990 1
130275 1
015180 1
125565 1
118589 1
118597 1
151208 1
151196 1
004677 2
118897 2
118878 2
120032 1
005467 1
120033 1
120031 1
120830 1
120865 1
004422 1
118581 1
004531 1
118743 1
004321 1
118443 1
118412 1
119032 1
119081 1
004818 1
119096 1
118940 0
005262 2
119732 2
123554 1
005588 1
120179 1
005498 1
120080 1
004909 1
119259 1
001030 0
123232 2
011958 1
122873 1
005214 1
119661 1
119649 1
119626 1
005180 1
119622 1
120172 1
005583 1
120173 1
119193 1
120949 1
120946 1
007353 1
120888 1
118932 0
222331 1
222433 1
004897 1
119232 1
062059 1
036470 1
124755 1
062097 0
140690 1
140711 1
140682 1
008542 1
278048 1
278128 1
148818 0
004896 1
119231 1
064811 1
145646 1
120075 1
005499 1
120081 1
251045 1
006915 1
120529 1
011974 1
011343 1
096939 1
096914 1
119361 1
004994 1
119362 1
118904 1
118899 1
118898 1
009562 1
122011 1
119217 1
004991 1
119357 1
006807 1
007661 1
121115 1
009204 1
009242 1
121718 1
036468 1
126811 1
126659 1
126365 1
126348 1
170190 0
034679 1
130110 0
026464 0
007813 1
121229 1
119935 2
005794 1
120404 1
031664 1
031677 0
118735 1
009959 1
167652 0
118647 1
173379 0
123708 1
212613 1
001184 1
034562 1
008941 1
015388 1
118386 1
062099 1
004385 1
118522 1
009864 1
260184 0
062173 1
062183 0
081113 0
257807 1
257817 1
262807 1
262808 1
015500 1
125255 1
080015 0
036352 1
036217 1
265395 1
265415 1
265436 1
241652 1
282092 0
111932 0
060443 1
242843 0
004339 0
169936 0
096417 1
009083 1
114945 0
127053 1
128239 0
258002 1
003670 0
131872 1
019642 0
126881 1
125180 1
125063 0
118760 0
119132 2
222489 0
138836 0
277287 1
004473 0
195940 1
194012 1
194019 1
174848 2
174836 1
024475 0
067123 1
067142 1
184689 1
202439 1
220313 1
227250 0
286744 1
286741 1
213295 0
179433 0
175679 0
123264 1
123262 1
016433 1
097208 1
097128 1
097207 1
053122 0
011888 0
153363 1
159937 1
147615 0
069502 0
158077 1
169304 0
195541 1
192636 1
112818 0
199928 1
227560 1
227441 1
227561 1
287253 1
241298 1
241155 1
000342 1
019682 0
002288 1
079758 0
241303 0
081437 1
130819 0
159480 0
075393 1
039225 0
007224 1
009783 1
174535 0
077654 1
074672 0
039273 0
124378 1
124287 1
125125 1
125126 1
091542 0
017970 1
017289 0
101894 0
005737 1
120350 1
120326 1
082736 1
082703 0
024176 0
019644 0
113942 1
113936 1
113311 0
119961 1
017531 1
012980 1
082272 0
222336 0
148808 0
061839 0
036798 1
163558 0
019820 0
042670 0
145850 0
260343 0
069419 0
007875 0
000046 0
263303 1
226299 0
033647 0
038133 0
006276 0
202077 0
019430 0
016388 0
062102 0
036410 0
075268 1
126332 0
222523 0
170191 0
227249 0
022301 0
204855 0
155984 0
072062 0
065084 0
179755 0
026848 0
024458 0
006761 0
203208 0
124746 0
005571 0
167213 0
116285 0
170104 0
027491 0
044683 0
004703 1
118941 1
102675 0
145134 0
006792 0
110638 1
114095 0
147284 0
118469 0
175676 0
262331 0
037996 0
079318 0
179432 0
024269 0
282068 0
146737 0
128247 0
038727 0
265422 0
017892 0
118650 0
118938 1
078731 0
110670 0
194929 0
124774 1
124765 0
124749 0
113532 0
019630 0
011739 1
007227 1
120784 1
011740 1
120077 2
005497 2
120078 2
007556 1
121047 1
111721 1
111720 1
111712 1
111226 1
069684 0
163843 1
004417 1
118574 1
118572 1
118502 0
011774 0
118976 1
118501 2
194236 1
155799 0
015404 1
125335 1
195537 1
120065 1
017188 1
149927 1
004500 1
118699 1
179744 1
179748 1
179808 1
119414 0
009747 1
122143 1
262969 1
262796 1
011850 1
009601 1
007894 1
121318 1
121305 1
124241 0
227239 1
009049 1
259688 1
009342 1
121812 1
285303 0
028580 1
254593 0
011487 1
004725 1
118984 1
118965 1
007503 1
120993 1
007081 1
120677 1
120958 1
120703 1
005790 1
120399 1
120336 0
009668 0
127093 1
118778 1
118955 1
118983 1
118961 1
118948 1
118787 1
258005 1
012508 1
159754 1
005477 1
120041 1
001429 1
005570 1
120158 1
004503 1
118702 1
118526 1
118698 1
018451 1
128794 1
192720 0
004525 1
120051 0
011845 1
119107 1
004865 1
119157 1
159863 1
159814 1
037088 1
028603 0
034543 1
006928 1
120542 1
120537 1
118657 1
124969 1
009054 0
012128 1
012521 0
005606 1
120207 1
012464 1
122984 1
009903 1
122246 1
101238 0
005637 1
120241 1
125104 1
130095 1
011941 1
253585 1
253486 1
253266 1
253238 1
252924 1
253239 0
011904 1
122861 1
124403 1
124478 0
251044 1
239010 1
239051 1
239052 1
239039 1
239362 1
239361 1
238990 1
017220 0
235759 1
235639 1
255483 1
117131 0
152938 0
088424 1
088436 1
088369 1
088225 1
088442 1
131384 0
098859 0
271953 1
271954 1
271956 1
221535 1
221534 1
222652 1
222106 1
223272 1
191172 1
224647 0
004263 1
118399 1
220529 0
094934 1
094929 0
009012 1
121533 1
146476 1
146451 1
013988 1
014020 1
146471 1
005415 1
119972 1
119971 1
007339 1
120874 1
007342 0
008536 0
264482 1
264478 1
222988 1
109740 1
109774 1
108793 1
109108 1
108402 1
264813 0
018264 1
128927 1
097488 0
193466 1
233308 0
146774 1
101966 1
155314 1
009011 1
121531 1
223941 0
008024 1
121425 1
012313 0
009010 1
121530 1
010012 1
008003 1
121411 1
004951 1
119305 1
112892 2
112884 2
112845 2
112830 2
100257 0
124919 1
124743 1
123965 1
123970 1
123972 1
123973 1
126306 1
126300 1
005236 1
119691 1
009780 1
122175 1
124359 0
009838 1
122215 1
123525 1
123526 0
009050 1
121555 1
121554 1
121524 1
153585 1
148263 0
123641 1
123642 1
123635 1
011709 1
095515 0
221167 0
124964 1
065690 0
147994 1
149471 1
149585 1
147978 1
147989 1
147494 1
060341 1
149390 1
145726 1
125693 0
147587 1
147607 1
147126 0
137264 0
118105 0
128756 0
130684 1
007182 0
220747 1
220753 0
009561 1
122010 1
128370 1
128246 1
000010 1
151864 1
007337 1
120872 1
114806 0
124904 0
141286 0
193345 1
011939 0
165130 1
165129 1
169408 0
010385 1
124611 1
012438 0
007344 0
253434 1
253451 1
135200 1
089654 1
133594 1
135556 0
189373 1
189449 1
200342 1
201399 0
166677 1
166669 1
145651 0
259690 1
259692 1
259677 1
124745 1
124771 1
228422 1
197538 1
012037 0
123711 1
123801 1
123824 1
125901 1
012148 0
011477 0
141336 0
186800 0
198485 1
121095 0
004966 1
119329 1
005135 0
240809 0
223832 0
100716 0
130627 1
023054 0
122012 0
086129 1
230912 1
230921 1
289290 1
289288 1
289305 1
289306 1
289326 1
244210 1
244183 1
244220 1
137428 0
278964 1
076099 1
284604 1
284603 1
174487 0
176031 0
276696 1
289914 1
176788 0
109519 2
066958 1
066968 1
066960 1
115079 1
115078 1
192007 0
117171 1
010102 1
122404 1
122400 0
111510 1
157130 1
227221 1
227207 1
227213 1
227224 1
085622 0
009071 0
120268 0
004331 2
118452 2
095852 1
095738 1
095886 1
095645 1
095617 1
095742 1
141483 0
004594 0
190039 1
190050 1
058346 0
257571 1
263904 1
257570 1
263999 0
130284 1
110024 1
191654 1
123496 1
123470 1
123493 1
144800 1
144780 1
100852 1
100853 1
100609 1
101974 0
146985 0
119491 1
122853 1
243132 1
243791 1
180487 1
180472 1
180478 1
197426 0
194680 1
194679 0
001036 1
131873 1
000713 0
005818 1
120433 1
120422 1
006845 1
120486 1
120421 1
007429 1
120942 1
257558 1
257555 1
097801 1
100415 1
007512 0
124532 1
157562 1
157279 1
157280 1
161522 1
029491 1
030002 1
124693 1
000065 1
111541 0
144627 0
216021 0
005092 1
145583 1
202720 0
126191 1
126170 1
143821 1
177155 1
198483 0
046441 0
124226 0
113360 1
166913 1
008472 1
141013 1
141017 1
141018 1
015166 1
046042 1
046043 1
012273 1
126005 0
168155 1
054367 1
109132 1
005832 1
120453 1
005815 1
120431 1
012468 1
179101 1
109032 1
109186 1
182221 1
182247 1
234020 0
060447 1
087318 1
238679 1
239387 1
238615 1
191099 0
169090 1
058097 1
058008 0
258552 0
144221 0
007005 1
109462 1
087316 0
088302 1
182121 1
177604 1
204137 0
258849 0
127629 0
056144 1
056058 1
186142 1
115305 1
197334 1
197296 1
178175 1
178442 1
278081 0
161546 1
161549 1
108253 1
108286 1
125194 1
115476 0
180843 1
180841 1
180678 1
180683 1
180888 1
189492 1
171456 0
123503 1
123524 1
259673 1
259671 1
046273 1
005261 1
119731 1
005260 1
119730 1
124767 1
145679 1
089628 1
142251 1
179105 1
124182 1
124034 1
120181 1
005590 1
120183 1
009612 1
122052 1
089567 0
076059 1
076009 1
123654 1
123656 1
109568 1
004752 1
119024 1
119019 1
124036 1
126789 1
004428 1
118605 1
243929 1
068467 0
109167 1
124222 1
124310 1
124264 1
177608 0
179110 1
116622 0
192942 0
125889 1
118409 2
004275 2
118418 2
123282 1
123242 1
118967 1
191274 0
121234 0
005831 1
120452 1
120443 1
120444 1
120442 1
120441 1
120423 1
000113 0
091576 0
000029 0
055155 0
223476 1
223458 1
011830 1
111062 0
001903 1
130353 0
197375 1
197368 1
011751 0
125141 0
010303 1
288492 1
288462 1
288491 1
224948 1
224907 1
224908 1
225169 1
225166 1
032127 1
032125 1
231151 0
159472 1
159474 0
121340 1
121339 1
121317 1
007990 1
121396 1
121383 1
257387 1
257444 1
257445 1
257332 0
183274 1
182137 1
191565 1
191570 1
191572 1
184793 1
278213 0
186859 0
127204 1
127189 1
127188 1
127178 1
004859 1
119150 1
119149 0
154647 1
154628 1
154694 1
152764 1
155489 0
288037 1
288039 1
150020 1
177843 1
177845 1
177541 0
124975 0
160849 0
079472 1
186279 1
125487 1
015264 1
125472 1
123754 0
075781 0
011985 1
222713 1
194205 0
256383 0
004514 1
118719 1
230245 1
230204 1
123020 0
184751 1
134664 1
211560 1
145678 1
080618 0
230447 1
230446 1
230435 0
132862 1
124237 0
002015 1
142287 1
142166 1
132864 1
132861 1
140289 1
004942 1
119293 1
002992 1
125193 0
011964 1
100059 1
134106 1
146099 0
131296 0
012516 0
008039 1
121433 1
005200 1
119648 1
119633 1
122475 0
144645 0
018499 1
004982 0
074539 1
074531 0
167878 1
167938 1
167939 1
170196 0
190064 1
190113 1
183055 1
183053 1
190112 1
183045 1
012163 0
015305 1
125429 1
125430 1
120472 0
135391 0
196958 1
166167 1
166068 1
166256 1
142562 1
142556 1
090393 0
085976 1
085898 1
064380 1
000076 1
149657 1
015612 1
276334 1
276311 1
276258 1
276313 1
000873 1
122295 1
127312 1
234067 1
164021 1
164027 1
164023 1
014782 1
125948 1
004624 1
118826 1
118816 0
039077 1
038806 1
038807 0
281278 0
009660 0
149656 0
082068 0
112106 0
007285 0
177525 1
177509 1
177515 1
177693 1
177778 1
145247 0
052067 0
027344 1
168388 0
001087 1
185853 1
185151 0
205342 0
015468 1
125279 1
147687 0
067908 1
134251 0
260444 1
260381 1
098963 0
064004 1
128157 0
136554 1
143409 1
075874 0
095190 0
015332 1
125405 1
015335 1
125402 1
280013 1
280020 1
152768 0
108164 0
174037 0
176837 1
176839 1
176844 0
011755 0
032115 1
032110 1
158218 1
256682 0
149654 1
011991 1
197154 0
119365 0
151403 0
182710 1
182768 1
182848 1
000752 0
064553 1
071433 1
104606 1
071428 1
104601 1
070528 0
077917 0
011893 0
289915 1
155826 1
155834 1
153013 1
145223 1
145246 1
142765 1
143038 0
133008 0
151494 1
010235 0
133706 1
133698 1
132210 1
132226 1
132116 1
015269 1
125469 1
121808 0
286169 0
074799 1
074735 0
124995 1
125187 1
125175 1
124994 0
027892 0
034641 1
223426 1
223427 1
124204 1
124261 1
255910 0
010221 0
097186 1
097185 1
004816 1
119095 1
030303 0
055254 1
124880 1
124916 1
124881 1
124854 1
133085 1
011916 0
014987 1
125741 1
200783 0
111026 0
153083 1
063325 0
204214 0
131024 0
288344 0
146509 1
152880 1
004617 1
118818 1
118730 1
009072 1
121579 1
121575 1
000008 1
140959 1
018250 1
146834 0
125072 1
144942 0
176774 1
095285 0
155830 1
012102 1
122895 1
155349 0
015318 1
125415 1
227248 0
124663 0
102002 0
199477 0
148588 1
115485 0
017728 0
242420 0
004572 0
178600 0
200000 0
131288 0
037087 0
020169 1
020171 1
020193 1
145839 0
124485 1
243012 0
098388 1
051805 1
108329 1
241736 0
050198 0
000863 1
000812 1
001197 0
096498 0
052276 1
164948 0
064110 0
043676 0
165230 1
165220 1
235017 0
015225 0
123599 1
123585 1
118500 0
004707 1
118950 1
195934 1
148350 0
155795 1
191680 0
016434 0
155789 1
155790 1
124060 0
007980 0
276457 1
264602 1
264600 1
264476 1
176119 1
017366 1
186778 0
220160 1
219869 1
219867 1
219831 1
219845 0
219799 0
278406 1
168219 1
091265 1
121900 1
069526 0
126591 0
197681 0
186176 0
141765 0
221790 0
194676 1
119013 1
119008 1
285671 0
288783 1
288765 1
195246 1
133837 1
133799 1
133833 1
133787 1
234409 0
225993 0
152936 1
145045 0
025951 0
231842 0
137865 1
137798 1
131743 1
032616 0
011894 0
167141 0
171403 0
002306 1
145450 0
176654 1
007153 1
120721 1
120704 1
007335 0
009008 0
067134 0
175738 0
146732 0
163384 0
202019 0
168987 0
179849 1
136521 0
120668 0
193445 0
005833 0
007085 0
183056 1
182989 1
125403 1
125414 1
015319 1
125413 1
125950 1
121314 1
125280 1
125281 1
224870 0
015412 1
125326 1
264465 1
124819 1
264194 1
264182 0
161499 1
161498 1
195202 1
260412 1
006338 1
002004 1
125417 1
125348 1
125362 1
015389 1
125345 1
125346 1
260616 0
260198 1
158211 1
158208 1
157763 0
149706 1
015594 1
032178 1
223267 1
260153 0
140956 1
140948 1
086550 0
280004 0
121909 1
121896 1
051806 1
051828 1
278408 0
176165 1
176176 0
148795 1
183280 0
009206 1
142207 1
142199 1
008159 1
170607 1
098350 1
149189 0
009243 1
121719 1
119646 1
034587 0
187131 0
146161 0
175297 0
095442 0
060633 0
149655 0
182867 1
027545 1
027546 1
135206 1
134894 1
134516 0
157800 0
162170 1
133260 1
133261 0
223487 1
223478 1
018174 1
128981 1
290080 0
124027 0
010890 0
090298 0
243518 1
243604 1
243562 1
243979 0
130820 0
010379 1
137443 1
076273 1
076917 1
076913 1
116657 1
116654 1
116474 1
116328 0
002007 0
005091 0
090210 1
090061 1
001926 0
241646 0
136621 1
136567 1
121559 0
201952 0
253308 0
175615 0
137113 1
137097 1
136346 1
136338 1
135649 1
136328 1
135637 1
135321 1
134232 0
139018 1
006653 1
139020 1
188153 0
004720 1
118979 1
005299 1
119792 1
018013 1
140899 1
140895 1
002755 1
018520 1
018081 1
000115 0
148593 0
027296 1
115001 1
114994 1
115142 1
115163 1
116621 0
028651 0
275784 0
075650 1
280581 1
060702 1
060697 1
089596 0
075977 0
140898 0
118175 1
118115 1
227141 0
067675 1
014143 1
209602 0
024094 1
126201 0
009001 1
121518 1
004858 1
119148 1
265558 1
265833 1
266816 0
009965 1
122296 1
116329 0
113405 0
148730 1
148709 0
086672 1
086361 1
086303 1
153087 0
223253 1
140933 0
120040 1
027047 0
195553 1
190348 0
122979 1
017885 0
004349 0
153584 0
131474 0
139561 1
139559 1
139617 1
125002 1
125001 0
148008 0
004930 0
108297 1
078934 0
009452 0
212914 1
046174 1
046107 1
150003 0
065180 1
065161 1
125145 0
134050 0
077233 1
127627 1
008471 0
127595 0
142932 0
231123 1
231082 1
005650 0
086490 1
052043 1
011269 1
070164 1
103337 1
064833 0
082137 0
035934 0
133572 0
077321 0
175635 1
130341 1
038659 0
075353 1
095611 0
074426 1
107599 1
072277 1
105450 1
075014 0
123547 1
123548 1
159576 1
126915 0
111808 1
111100 0
116614 0
034810 1
034781 1
259964 1
259971 1
078872 1
031426 0
071969 0
010568 0
260122 0
116171 0
115409 0
244982 0
230978 0
195666 0
124560 0
152221 1
152222 1
018803 1
127398 0
075571 0
007266 1
120811 1
007132 1
120712 1
120695 1
117441 0
227155 0
021994 0
124740 1
035232 0
144043 1
144037 0
149750 1
015577 1
256713 0
012160 0
011310 1
010358 1
122679 1
122645 1
010217 0
257524 0
041036 0
095319 0
148220 0
018434 0
182666 1
000411 1
171676 0
033110 0
109221 1
109081 1
242712 0
186807 1
186801 0
044400 0
260713 0
148632 0
145348 0
036160 0
012294 0
140152 0
112148 1
120878 0
244933 0
001231 1
011978 0
163321 0
258929 0
018413 0
015128 1
125611 1
088688 1
011293 0
000675 1
130046 1
052048 1
051989 1
150215 1
150223 1
185807 1
007694 0
090438 0
265064 0
007585 1
121069 1
026133 1
057891 1
147153 1
119497 0
062093 0
058120 1
148079 1
005219 1
182698 1
040325 1
222371 1
113434 0
269007 0
014824 1
125892 1
125920 1
139601 0
000910 1
005469 1
120037 1
005572 0
110268 0
166046 0
238899 0
007178 1
120744 1
120713 1
120694 1
004469 0
007145 0
017924 1
017997 1
017429 1
017378 0
268813 0
128477 0
257946 1
257945 0
129344 0
119254 0
081188 1
085956 1
150167 0
005077 0
111665 1
140722 0
254039 1
254025 1
147955 0
118442 0
231149 0
071035 0
015111 0
000521 0
144362 0
205379 0
111273 0
006553 0
119548 0
121556 1
011878 0
120169 0
006525 1
109429 0
127226 0
179097 0
064500 0
273117 1
064984 0
211532 0
170197 1
162838 1
200804 1
200799 1
186041 1
129398 1
013133 0
131478 0
011768 1
017218 1
129659 1
011181 0
109225 1
109224 1
058929 0
221996 0
111946 0
146945 0
009941 0
063109 0
148229 0
145227 0
126612 1
199111 0
095479 1
064351 0
097092 1
038636 1
244017 0
194471 0
000575 1
080076 0
222828 0
147337 0
157017 0
016375 1
016345 1
148604 1
149949 1
150010 1
150048 1
150069 1
150086 1
148563 1
018735 1
064406 0
249502 1
249592 1
163385 1
274954 0
283750 0
079754 0
127893 0
157767 0
123440 0
128125 1
034581 1
244997 0
025957 1
142488 1
127626 0
001564 1
018120 1
129031 1
017932 1
118942 0
289481 0
012517 0
069678 0
087311 0
128610 1
015465 1
125282 1
125297 1
280886 0
123890 0
168809 0
135127 0
054426 1
079328 0
065638 1
037432 1
005416 0
114593 0
124864 0
287406 0
119747 0
185794 0
143000 1
132867 1
011701 1
133172 0
120561 0
222449 0
155679 0
128070 0
243379 1
185338 1
258710 0
070261 0
001806 0
135283 1
135298 1
139540 1
007061 0
007080 1
120676 1
005826 0
136612 1
129395 1
129341 1
129343 1
162355 1
164124 1
164127 1
163861 0
017818 1
163420 1
108946 0
075338 1
185411 1
185414 1
142603 0
025942 1
016613 1
147146 1
200727 1
199905 1
199898 1
002600 1
002593 1
085824 1
125703 0
130528 1
007792 1
007817 1
121233 1
130117 1
012656 1
010452 1
182670 1
182700 0
126598 0
094183 0
088687 0
060940 1
060896 1
060945 1
011501 1
120439 0
051987 0
132818 1
000578 1
130523 1
077257 1
080017 0
000843 0
120036 0
108289 1
108368 1
108393 1
150078 0
273061 1
273065 0
119764 0
018256 1
128935 1
147616 0
169409 0
009078 1
121586 1
120877 0
182733 0
243372 1
017897 0
065178 1
163563 0
119133 1
120659 0
095631 1
108462 1
108448 1
125613 0
077942 1
077934 1
077914 1
078849 1
078830 1
128469 1
078787 0
128611 1
001011 0
041866 0
122088 0
145947 1
145954 0
084170 0
060753 0
008329 0
195554 1
165583 0
135675 0
176838 1
176848 0
161783 0
147017 1
055534 0
145765 1
004433 0
124361 0
017912 1
168040 0
129030 1
018119 1
099113 1
099142 1
174501 0
080813 1
152937 0
074622 1
045667 0
059466 1
258985 0
060289 0
148136 1
162689 0
182147 1
006926 0
151307 0
108153 0
174437 0
220078 1
219949 0
009603 0
090647 0
164144 0
121150 1
111027 0
141844 1
141785 1
141790 1
155482 1
145851 1
145865 1
140902 1
130114 1
168218 1
148726 0
083151 0
042208 1
041660 1
042334 1
170878 1
157994 1
157937 1
157966 1
171672 1
147650 1
036450 0
161841 0
157935 0
151366 1
227831 0
108555 0
229909 1
231117 1
159353 1
159634 1
004634 1
118839 1
118836 1
174920 0
037944 1
037997 0
145835 1
158314 0
121176 0
203148 0
031274 0
220610 0
286936 1
286954 1
117130 0
101665 0
285313 0
138450 0
118498 0
145286 1
038504 1
017582 0
015307 1
125426 1
145706 0
126805 0
157980 1
161485 0
124979 1
000260 0
180380 0
170195 0
116302 1
159860 1
159869 1
159911 0
159914 0
149800 0
126362 0
040689 0
199964 1
199955 1
162456 1
162452 1
127656 1
285574 1
285563 1
029979 1
132732 1
132802 1
