085524 2
010305 1
010298 1
018145 2
115245 2
113573 2
113600 2
117089 1
117761 1
082362 2
005560 1
131477 2
111995 2
112019 2
115942 2
115917 2
112171 2
112158 2
112176 1
009879 2
122234 2
081830 2
152278 0
025309 0
089564 0
132334 0
111675 0
164457 0
131875 0
062170 0
174844 0
042326 0
065268 0
221096 0
193731 0
099723 0
201258 0
132336 0
020081 0
113643 0
043640 0
188475 0
085495 0
021747 0
135618 0
132537 0
147403 0
180752 0
182113 0
062111 0
152311 0
047560 0
132268 0
156872 0
223786 0
164875 0
115757 0
158691 0
002358 0
080625 0
188437 0
133256 0
164455 0
132332 0
138560 0
244262 0
145490 0
262452 0
174839 0
152298 0
085563 0
137288 0
076822 0
131798 0
164686 0
266540 0
013081 0
169352 0
281550 0
031633 0
109522 0
243372 0
013161 0
177722 0
132523 0
197891 0
164842 0
042319 0
188752 0
278218 0
007881 0
216401 0
282576 0
015065 0
090045 0
052830 0
114393 0
166273 0
156873 0
244339 0
022398 0
085135 0
099798 0
050907 0
062098 0
164402 0
001535 0
170908 0
040468 0
134331 0
238233 0
044803 0
147393 0
095202 0
029059 0
244048 0
113466 0
164484 0
016660 0
188756 0
180109 0
175917 0
077879 0
132413 0
131812 0
163814 0
062143 0
137862 0
200665 0
095819 0
007341 0
138065 0
002952 0
169256 0
133211 0
124904 0
086457 0
031731 0
186193 0
201255 0
116368 0
132314 0
025568 0
086871 0
121303 0
164874 0
043837 0
133243 0
131469 0
125665 0
025139 0
192215 0
051241 0
266582 0
076227 0
164640 0
155443 0
092783 0
000023 0
094406 0
175806 0
001617 0
182108 0
028855 0
188724 0
164857 0
277128 0
028750 0
162627 0
166274 0
032651 0
201081 0
194471 0
192212 0
188825 0
177440 0
041627 0
282382 0
191578 0
076815 0
164406 0
092971 0
132525 0
193349 0
131791 0
177620 0
006341 0
164425 0
006608 0
037165 0
010881 0
013657 0
020817 0
003692 0
244061 0
050108 0
023338 0
188472 0
058497 0
001077 0
069001 0
133251 0
132553 0
161350 0
044727 0
116370 0
177681 0
145688 0
269301 0
234712 0
085076 0
231646 0
062089 0
170465 0
163233 0
027663 0
194954 0
040743 0
163925 0
188726 0
047346 0
172740 0
031516 0
128465 0
192317 0
010561 0
132348 0
095780 0
165103 0
163782 0
156456 0
120876 0
092778 0
161732 0
028845 0
087682 0
166139 0
070682 0
052909 0
132270 0
276288 0
182151 0
191485 0
124906 0
031648 0
027104 0
188725 0
062137 0
024555 0
232047 0
130693 0
158756 0
001539 0
050902 0
162632 0
125425 0
056468 0
203776 0
164639 0
024358 0
044726 0
251070 0
196905 0
097385 0
164216 0
111851 0
036240 0
200969 0
254591 0
051170 0
138601 0
107706 0
265807 0
088972 0
031742 0
058710 0
087789 0
050098 0
161347 0
064092 0
219756 0
197741 0
025551 0
058909 0
164454 0
044169 0
175892 0
284887 0
124761 0
224796 0
133249 0
041408 0
118262 0
164434 0
027567 0
095817 0
086371 0
207950 0
132798 0
192211 0
089759 0
043891 0
192328 0
025589 0
158231 0
094667 0
131432 0
132263 0
162580 0
091214 0
193611 0
054925 0
165540 0
163181 0
060486 0
092612 0
133789 0
208612 0
188305 0
097641 0
075408 0
134318 0
043147 0
117496 0
238310 0
089329 0
119233 0
124903 0
252294 0
132976 0
171137 0
018511 0
234755 0
020891 0
132442 0
041609 0
034153 0
137812 0
163905 0
220497 0
100677 0
192172 0
111854 0
138602 0
237483 0
287509 0
006233 0
108206 0
164653 0
023329 0
061188 0
243426 0
027625 0
175803 0
103855 0
069883 0
164449 0
265814 0
164663 0
276206 0
089460 0
037727 0
043554 0
167642 0
033670 0
243379 0
194540 0
024498 0
002948 0
267883 0
164502 0
231342 0
272621 0
143951 0
124662 0
146850 0
289175 0
252296 0
198699 0
089909 0
145766 0
192214 0
080305 0
269555 0
190438 0
109387 0
260406 0
164153 0
007218 0
287707 0
036344 0
124885 0
126163 0
143185 0
045538 0
258546 0
133312 0
055711 0
071504 0
268976 0
018908 0
165541 0
238989 0
276343 0
217390 0
024357 0
071070 0
222408 0
197831 0
068554 0
219349 0
045033 0
022376 0
171152 0
164997 0
095936 0
092697 0
170370 0
177350 0
034108 0
071279 0
112805 0
025583 0
163143 0
087950 0
283681 0
009953 0
266254 0
188288 0
046645 0
164609 0
094840 0
124907 0
070218 0
009901 0
118881 0
164464 0
164623 0
144409 0
025214 0
103056 0
189654 0
023000 0
069387 0
164751 0
185432 0
083549 0
040803 0
132984 0
281942 0
192264 0
176290 0
192267 0
143237 0
017000 0
133832 0
120780 0
086527 0
104243 0
131387 0
112709 0
027985 0
089007 0
063477 0
132482 0
205091 0
114366 0
221441 0
076103 0
116305 0
121026 0
161371 0
031741 0
276306 0
171122 0
240325 0
195086 0
118552 0
195305 0
104677 0
163890 0
275363 0
283400 0
038568 0
159505 0
164463 0
029135 0
069460 0
104452 0
101650 0
199839 0
287708 0
167538 0
164987 0
087337 0
266255 0
188444 0
164428 0
131147 0
237714 0
080586 0
124564 1
124569 1
