085524 1
010305 0
018145 2
115245 2
113573 2
113600 2
010298 2
082362 0
117089 0
131477 0
065268 2
156872 2
156873 2
025309 2
188475 0
201258 0
043640 0
022398 0
135618 1
131875 2
131798 2
131812 2
131791 2
002358 1
002952 1
134318 2
188725 0
047560 2
266540 2
266582 2
027104 0
192317 0
180752 1
041627 2
262452 2
269301 0
013161 0
015065 2
125665 2
165103 2
028855 2
028845 2
033670 2
147577 2
147431 2
147377 2
188438 1
188465 0
275726 2
275736 2
275710 2
243426 1
019053 0
087337 2
169352 1
169256 1
163233 2
083067 1
027960 1
025214 0
086871 1
085563 2
046562 1
200983 2
221708 2
178675 2
199560 2
201081 1
200969 2
181541 2
181534 2
181522 2
219756 2
219768 2
201400 0
232047 0
054450 2
054425 2
028390 0
276206 1
041609 1
203776 2
272621 2
221441 2
159465 2
125337 0
037044 0
128375 2
202519 1
243192 2
243183 2
243191 2
018757 0
219847 2
088248 0
125331 0
008667 0
025589 0
188305 0
032651 0
109765 0
146850 0
188679 0
190438 0
045985 1
046004 1
286574 0
270635 1
174678 0
269555 1
025484 0
005560 0
235031 0
135992 0
010561 0
022376 0
085278 2
085293 2
192040 0
156353 1
156398 0
166198 0
209374 0
137812 0
031741 0
166273 0
188462 0
188437 0
177350 0
158185 0
110705 0
164041 0
177934 0
015417 0
167552 0
289343 1
289268 1
089329 1
116031 0
065142 0
163958 0
201255 0
176290 0
040803 2
188643 0
085088 0
004986 0
268394 1
268476 1
269011 1
267266 0
056468 0
164955 0
062015 0
111995 0
052860 0
192328 0
125322 0
093618 0
188756 1
188752 1
188724 1
188726 0
187725 1
187728 1
252363 0
117761 0
188472 0
202928 0
088255 0
188701 1
188698 1
188288 0
192264 0
028342 1
028366 0
210340 0
036240 0
002302 0
115757 0
025568 1
075777 0
133510 0
196140 0
050108 0
024630 0
075493 0
216825 0
166187 0
177336 0
164751 0
273333 0
055240 0
188518 1
188514 1
188611 0
187820 0
116482 0
058909 0
176308 0
244014 0
137288 0
025583 0
040276 0
174630 0
088058 0
044731 0
111803 0
062860 0
123094 0
212190 0
242131 0
286572 0
006341 1
224023 0
166274 0
283854 0
283681 0
278800 0
225351 0
166199 0
177901 0
272015 0
164876 0
167538 0
176251 0
010441 0
116058 0
188602 0
003692 0
202496 0
273007 0
062098 0
001724 0
140701 0
255036 0
182315 0
253359 0
271710 0
272766 0
164639 0
143951 1
223133 0
093744 0
086527 0
033872 0
174650 0
187803 0
058104 0
244061 0
163979 0
052847 0
218151 0
130525 0
267257 0
065125 0
051941 0
050098 0
059846 0
261286 0
075568 0
196102 0
166139 0
227868 0
031742 0
164462 0
205034 0
051703 0
177911 0
127117 0
002942 0
112019 0
190071 0
166188 0
202915 0
286652 0
071536 0
179047 0
115760 0
234485 0
091772 0
199377 0
164857 0
266326 0
271065 0
241970 0
231342 0
161881 0
013251 0
158186 0
217390 0
164956 0
164786 0
042270 0
036344 0
273588 0
193672 0
266530 0
196150 0
260756 0
244048 0
275363 0
164467 0
225352 0
146556 0
115917 0
119353 0
237361 0
114393 0
277726 0
115846 0
271044 0
174844 0
032031 0
157432 0
271773 0
202929 0
022556 0
062089 0
101897 0
164220 0
075334 0
027664 0
283713 0
276288 0
119566 0
258175 0
278809 0
033873 0
022636 0
099164 0
264450 0
133832 0
253380 0
079407 0
190079 0
200665 0
251070 0
024331 0
008187 0
075530 0
130526 0
244262 0
164816 0
244015 0
177287 0
193611 0
164954 0
167866 0
275113 0
093548 0
091522 0
086371 0
164653 0
163143 0
192030 0
173315 0
138560 0
034914 0
093782 0
044169 0
254623 0
283403 0
117724 0
051945 0
017000 0
148844 0
180721 0
200343 0
066632 0
164623 0
164394 0
044134 0
224172 0
150103 0
158453 0
071517 0
268581 0
009879 0
087950 0
252294 0
093936 0
132976 0
170578 0
287066 0
219027 0
112176 0
242644 0
012483 0
192299 0
221303 0
257117 0
164415 0
192745 0
045538 0
275366 0
164502 0
174628 0
025713 0
033860 0
266576 0
193215 0
114372 0
016660 0
255180 0
133312 0
023338 0
083527 0
115942 0
062111 0
165393 0
217918 0
108206 0
145537 0
192350 0
001752 0
055711 0
252296 0
164953 0
193713 0
167867 0
087283 1
019695 0
024555 0
047346 0
034713 0
031835 0
274377 0
038568 0
219349 0
069067 0
178806 0
162338 0
080282 0
287241 0
234273 0
097898 0
257167 0
259532 0
088120 0
164640 0
098878 0
091066 0
193643 0
051170 0
272936 0
022555 0
273250 0
168396 0
145766 0
187375 0
255405 0
096996 0
276343 0
238989 0
078995 0
037382 0
058710 0
157431 0
069026 0
075433 0
177681 0
101936 0
133789 0
174625 0
041146 0
229089 0
191835 0
164445 0
094124 0
003824 0
069017 0
242633 0
258507 0
044323 0
090735 0
092599 0
104690 0
033779 0
164724 0
112171 0
110755 0
145382 0
131194 0
174839 0
165369 0
063302 0
287244 0
043047 0
195368 0
021558 0
254903 0
097384 0
122234 0
164461 0
264070 0
114374 0
257462 0
136433 0
013657 0
270829 0
040778 2
196436 1
231729 2
231734 2
059140 1
059149 1
042736 1
043439 0
044250 1
279544 1
035966 0
270873 0
082131 2
082139 2
081660 0
164504 2
164492 1
163880 1
019237 0
288056 0
162927 0
062473 1
061796 1
032133 2
101389 0
031620 1
032811 1
030282 1
025448 0
023147 0
024026 0
058295 1
263369 0
160721 0
270824 0
041103 1
041116 1
151200 1
086117 1
045809 0
028611 0
009413 0
028432 0
269556 0
098222 1
153126 0
086484 1
139042 0
040992 1
051265 0
080734 0
225149 1
225150 0
225151 0
002393 0
260990 1
261018 1
261046 1
042016 0
214878 0
243459 0
223166 1
229563 0
115807 1
115806 1
007089 0
198291 0
233688 0
032836 1
032794 1
025257 0
029261 0
058159 2
161512 0
082130 0
058926 1
163027 0
067419 0
041276 0
260871 0
190322 2
188665 0
095209 1
025413 1
028610 0
162921 0
024439 1
043798 0
023183 1
254321 1
254322 1
023135 0
126329 0
023068 1
023065 1
022682 1
155605 0
224622 0
052743 1
052729 0
112097 0
023063 0
198224 0
115926 0
211798 0
022244 0
261311 0
083032 0
187316 1
187307 1
044567 0
040999 0
288057 0
243465 1
101338 0
229607 0
025614 1
041121 1
045984 0
040913 0
180750 0
049754 0
045812 0
027825 1
064064 1
064054 1
230009 0
019336 0
062807 0
022405 0
223504 1
223513 1
077365 0
221180 0
099965 0
041690 0
009426 1
243227 1
018663 1
039805 0
041325 1
041346 1
162992 0
055970 1
041247 1
041088 1
041091 1
041086 1
041074 1
045551 1
045596 1
045821 0
287500 0
038130 0
159309 0
161303 0
121872 0
266532 0
003762 1
135641 2
033594 1
083018 0
050145 0
116317 0
116583 0
162917 0
021704 0
225165 1
226319 1
225177 1
225167 1
096579 0
161771 0
061400 0
024073 0
060606 1
062996 0
164291 0
034982 2
169683 0
279520 0
026790 0
160364 0
010216 0
088254 0
022427 0
081855 0
051354 0
143486 0
277907 0
188743 0
136349 0
083387 1
108158 0
029562 0
050317 0
093329 1
142145 0
005750 0
027315 1
281965 0
077779 0
042013 0
061088 1
243315 0
211122 0
025828 0
067221 0
050026 1
157679 0
014596 0
042528 0
273838 0
219918 0
080459 0
063587 0
266697 0
164675 0
286997 1
287006 1
286763 1
014207 0
142837 0
065001 0
260972 0
037349 0
137533 0
160649 0
267286 0
027018 1
087451 0
109741 1
015273 0
243994 0
143947 0
010190 0
281375 0
045810 1
097812 1
045885 1
045884 1
050572 1
082105 0
043817 0
050708 0
050300 1
050452 1
050109 1
041548 0
032897 1
262155 0
025520 0
049672 0
022238 0
079577 0
007309 0
161852 0
042509 0
141750 0
166287 0
219942 1
025677 0
165388 0
029675 0
288051 0
229617 0
038516 0
049682 0
155532 1
014045 0
101316 1
154120 0
134989 0
115948 1
115934 1
116322 0
101230 0
084456 0
220424 0
087356 0
046156 0
050380 0
242598 1
242606 1
022268 1
022272 0
022401 0
048301 1
043221 0
191194 0
120366 0
022529 0
212408 0
270915 2
270917 1
274597 1
048617 0
219825 0
083011 1
019849 1
022480 1
264409 0
075321 0
142184 0
050209 0
269876 0
198311 0
126330 0
252492 1
252501 1
