250302 1
250390 1
240797 1
086986 1
086998 1
080670 1
080644 1
087065 1
086943 1
087068 1
087069 1
277198 1
277200 2
277204 1
101905 1
269006 1
066933 1
243873 1
243825 1
243783 1
243867 1
243913 1
078083 1
078074 1
091637 1
086886 1
086897 1
087037 1
087040 1
089292 1
005708 1
087067 1
067757 2
086775 1
086783 1
020327 2
088160 1
088143 1
086649 1
086677 1
269503 2
269506 2
280271 1
280238 1
087030 1
087062 1
090870 1
090829 1
077470 1
078213 1
078068 1
078046 1
278912 2
278867 1
168254 1
168033 2
168006 1
243884 1
077649 1
077701 1
086826 1
086877 1
089267 1
019535 1
226249 1
241467 1
085671 1
085661 1
228417 1
240766 1
078013 1
030733 2
087041 1
087036 1
243994 1
251520 1
086892 1
086922 1
278712 2
089733 1
090043 1
249389 1
248977 1
254972 1
243626 1
241195 1
098874 1
098921 1
211669 1
086719 1
086754 1
087029 1
087059 1
278591 1
250819 1
278814 1
271433 1
271603 2
261153 1
255880 1
259928 1
259889 1
278761 2
086239 1
086220 1
108396 1
090758 1
090709 1
090848 1
090827 1
090860 1
087320 1
087323 1
087307 2
087306 2
086818 1
257788 2
227981 2
272285 1
020021 2
020022 2
019998 2
006931 1
087428 1
276174 2
276176 2
230705 2
199461 2
080709 1
046157 2
085559 1
085314 1
029598 1
241149 1
005608 1
120211 1
148885 2
148950 2
148647 2
147386 2
232999 1
163304 1
242592 2
270287 2
264291 2
078323 1
163295 1
120209 1
237701 0
240241 1
242790 1
199595 2
087278 1
199481 2
199550 2
097311 1
097250 1
087412 1
087411 1
087410 1
087414 1
222744 2
120150 2
005597 1
120192 1
223695 1
223673 2
091070 1
091059 1
086767 1
086800 1
030734 1
233263 2
233126 2
233141 1
278442 2
284298 1
089540 1
089535 1
066876 1
086794 1
243616 1
082889 1
251352 1
233303 1
101904 1
278154 1
078179 2
086034 1
086080 1
271161 0
120281 1
087384 1
233697 1
094120 1
028237 1
241217 1
249343 1
249219 1
272699 1
272661 1
255890 2
087032 1
087049 1
086546 2
086536 2
086554 2
086524 1
278753 2
278771 2
237031 1
241435 1
258775 2
258760 2
262078 2
262079 2
241169 1
233247 2
235820 1
087395 1
070581 1
103754 1
070580 1
103753 1
070598 1
103771 1
005714 1
241536 1
241436 1
127931 1
239575 1
029270 1
235828 1
244078 1
243882 1
233693 1
185465 0
019330 2
019327 2
005672 1
120283 1
241439 1
117254 1
233331 2
089324 1
240303 1
087581 1
087614 1
087604 1
087889 1
087893 1
087963 1
081353 1
081350 2
078218 1
078168 2
127871 1
080467 1
080470 1
080440 1
078095 2
087888 1
278453 1
093897 1
255884 1
005716 1
120335 1
252918 1
118131 1
271127 2
272331 2
249956 1
256857 1
271134 1
249830 1
252371 1
252440 1
273467 0
087892 2
067016 1
067006 1
271620 1
271630 1
272888 1
067144 1
067159 1
087962 1
080806 2
080801 2
080808 2
080506 1
276478 2
276493 2
032384 1
277014 0
032359 2
032357 2
032314 2
108822 1
108846 1
108848 1
140256 1
081057 2
029071 1
029069 2
029067 2
147608 2
210741 1
133695 0
087354 1
087355 1
226422 1
007212 1
120769 1
086418 1
080786 1
067035 1
113062 1
007734 1
200622 1
200346 1
200733 1
200621 1
244165 1
226464 1
029433 2
256920 2
235829 2
243786 1
243784 1
222603 1
078024 1
078084 1
066812 1
278142 1
235849 1
236582 0
278250 2
278251 2
278285 2
278291 2
278198 0
277659 2
249549 0
249831 1
086974 1
091111 1
087417 1
087100 1
083096 1
077875 1
086166 1
077619 1
077432 1
077433 1
077324 1
077310 1
086150 1
254158 1
244831 1
244799 1
239936 1
239836 1
239871 1
066935 1
265815 1
227732 1
074487 1
074488 1
107660 1
107661 1
082856 1
158989 0
236618 0
014852 1
087238 1
066777 1
229689 1
229745 1
248689 1
087366 1
087363 1
083027 1
083039 1
249405 1
233400 1
032835 1
081474 0
066934 1
278878 1
