229351 1
229356 1
229358 1
234490 1
231388 1
234119 1
233919 1
227946 2
234388 1
234389 2
231229 1
231233 1
231243 1
231230 1
231234 1
231244 1
231228 2
231232 2
231242 2
228972 2
231283 2
231286 2
231313 2
231307 2
229194 2
229047 2
229357 2
229359 2
229021 0
231411 1
231424 2
231409 1
231609 1
017844 2
229352 2
234086 1
239745 0
234390 2
231271 2
231255 1
231272 2
231302 2
242928 2
242982 1
242922 1
242910 1
242895 2
256312 2
256301 1
196314 1
196586 1
196598 1
196600 1
229361 2
229424 2
229310 2
221595 2
221631 2
221636 2
221682 2
231112 1
231119 1
194720 1
194722 1
234052 2
234087 2
234012 1
158734 1
229548 2
229439 1
136301 1
136299 1
136326 1
229179 2
229238 2
229516 2
229531 1
136293 0
229241 1
229011 2
229207 2
239800 0
009330 0
078643 0
235785 0
284870 0
239739 0
155765 0
136208 0
121806 0
286225 0
036968 0
277318 0
235780 0
053735 0
289520 0
276842 0
108442 0
223731 0
155221 0
034657 0
188331 0
278665 0
225208 0
008118 0
098527 0
157085 0
036989 0
130804 0
127474 0
268582 0
176254 0
238310 0
221084 0
027551 0
164707 0
221746 0
250053 0
034301 0
234054 0
288603 0
010596 0
275059 0
009997 0
287509 0
027094 0
202817 0
066210 0
254244 0
165120 0
083645 0
019510 0
149800 0
037111 0
108564 0
289519 0
127621 0
261940 0
265349 0
015940 0
123784 0
060937 0
097901 0
160394 0
031097 0
233503 0
020842 0
001482 0
239899 0
235962 0
232600 0
157633 0
006608 0
168221 0
008597 0
139348 0
130712 0
185559 0
036765 0
223679 0
277310 0
037038 0
065602 0
281130 0
192722 0
219487 0
058207 0
280239 0
136521 0
192293 0
046356 0
048885 0
287276 0
240363 0
187612 0
017270 0
221073 0
153991 0
034611 0
261031 0
004915 0
275102 0
139128 0
004887 0
233847 0
014216 0
037050 0
109367 0
143289 0
275039 0
243567 0
164711 0
007859 0
274441 0
053557 0
188312 0
007807 0
095636 0
158571 0
142988 0
015836 0
022646 0
135646 0
127473 0
072014 0
122322 0
285506 0
242900 0
170555 0
177084 0
232579 0
188141 0
115705 0
003425 0
230651 0
066251 0
097423 0
157631 0
270811 0
269484 0
198648 0
172175 0
239897 0
030739 0
184413 0
070016 0
212294 0
235952 0
059658 0
143546 0
256950 0
130730 0
093759 0
254247 0
275048 0
188166 0
085575 0
081880 0
159185 0
027717 0
180856 0
159525 0
286571 0
144156 0
221074 0
060028 0
170988 0
119415 0
081860 0
118189 0
116613 0
057328 0
207585 0
240362 0
288599 0
071825 0
109689 0
082990 0
059824 0
259082 0
175819 0
119200 0
058767 0
241637 0
030432 0
192436 0
233513 0
123783 0
282049 0
269712 0
012236 0
173411 0
031069 0
159660 0
264440 0
228823 0
288291 0
007713 0
075777 0
182799 0
114058 0
014232 0
136536 0
271181 0
072392 0
057176 0
138312 0
071548 0
029400 0
219510 0
212509 0
068931 0
140541 0
269852 0
285486 0
013457 0
265812 0
223396 0
254435 0
010568 0
209700 0
090410 0
034018 0
188162 0
287272 0
164420 0
054964 0
087711 0
181988 0
100865 0
193632 0
048099 0
060994 0
139161 0
212292 0
242149 0
038702 0
138115 0
002696 0
043131 0
170556 0
165877 0
261884 0
223155 0
242396 0
275052 0
114305 0
172846 0
235969 0
256354 0
059675 0
203478 0
284259 0
037001 0
080755 0
196485 0
237007 0
288520 0
058150 0
113609 0
135353 0
080897 0
059922 0
061355 0
149315 0
006125 0
153971 0
097960 0
185209 0
098996 0
017679 0
156973 0
030744 0
271745 0
230274 0
010785 0
116297 0
147470 0
286570 0
080313 0
187585 0
086020 0
222033 0
288312 0
156728 0
072695 0
243570 0
121146 0
206963 0
258524 0
079704 0
194934 0
103189 0
235951 0
190611 0
117538 0
223077 0
123908 0
248100 0
038865 0
274592 0
057141 0
049167 0
188205 0
033495 0
005289 0
259532 0
091594 0
034665 0
264452 0
236565 0
025640 0
127589 0
114569 0
164407 0
271184 0
145834 0
062612 0
252435 0
170547 0
002421 0
076567 0
051616 0
098576 0
104721 0
159306 0
142963 0
140458 0
143187 0
134898 0
070166 0
268504 0
069960 0
030249 0
169762 0
025980 0
022675 0
274591 0
176092 0
001163 0
065678 0
235429 0
065890 0
119412 0
096438 0
056961 0
270516 0
219514 0
013188 0
235929 0
270973 0
210007 0
059905 0
219878 0
221048 0
261316 0
002746 0
072958 0
127735 0
055285 0
233868 0
119751 0
039404 0
193615 0
079435 0
104998 0
254444 0
058195 0
008584 0
158413 0
190618 0
139709 0
125302 0
114057 0
152200 0
285482 0
284257 0
255544 0
161063 0
199155 0
008600 0
020487 0
272890 0
139124 0
110656 0
100854 0
269714 0
151486 0
172892 0
049060 0
056141 0
032961 0
163028 0
242340 0
062565 0
103133 0
135309 0
274117 0
185210 0
073218 0
196813 0
276481 0
190281 0
191485 0
069787 0
019071 0
097384 0
145843 0
171453 0
002167 0
062345 0
138247 0
085426 0
030738 0
009013 0
276642 0
181053 0
223954 0
127359 0
022945 0
142218 0
239329 0
155637 0
231148 2
231120 1
208778 0
191439 1
191054 1
196315 1
196587 1
196599 1
196601 1
191448 1
196537 0
191053 1
207182 0
170262 1
170559 2
170739 2
170767 2
