194093 2
194101 2
193574 2
193567 2
195747 2
195746 2
195754 2
195760 1
196253 2
196251 2
190783 1
190850 2
202635 2
202637 1
202641 2
201727 2
201737 2
201752 1
202640 1
199484 1
199460 1
224068 1
223996 1
223950 0
227400 2
227402 2
199454 0
201734 1
201740 1
128556 1
128517 1
128559 1
128516 2
013195 0
071204 1
104377 1
071197 1
104370 1
279949 0
196252 2
196798 1
196796 2
196347 0
201938 2
201929 2
202122 2
202112 2
202375 2
202135 2
207446 1
202151 2
202148 2
202157 1
202156 1
264963 2
264964 2
149438 2
149452 2
191964 2
192004 2
266163 2
266162 2
260660 2
260653 2
202934 1
202931 1
207490 1
261747 2
140650 0
202134 1
257093 1
066143 0
014582 1
196272 2
196282 2
196321 2
196307 2
170268 0
239788 1
239779 0
239782 0
263608 0
280576 1
280605 1
194545 2
071434 2
104607 2
071405 1
104578 1
123732 0
190688 1
246616 0
239776 0
005406 0
202842 1
251324 1
220363 0
130264 0
198687 1
191406 0
223429 0
028824 0
011758 2
200627 0
011394 0
078302 0
161008 1
161045 1
273846 0
262758 1
262769 1
262771 1
262775 1
262782 1
275727 0
138807 2
138819 1
152578 0
137196 0
126210 0
196647 1
258855 0
183555 0
141401 0
133948 0
239778 0
129549 0
196589 0
145521 1
183714 0
205950 1
205983 1
147445 0
054429 0
244535 0
109730 0
017265 2
129618 2
152530 0
136818 0
112917 0
027374 0
080664 0
281836 0
135093 0
075980 0
139029 0
277066 0
006065 0
169959 0
165282 0
239774 0
006218 0
129687 0
257655 0
046209 0
265548 0
086399 0
133949 0
250119 0
067160 0
234614 0
143800 0
081906 0
078123 0
207374 0
028076 0
257458 0
000427 0
280943 0
062050 0
201273 0
109874 0
027032 0
262925 0
138811 0
081539 0
146457 0
151259 0
153285 0
255089 0
128910 0
077797 0
223430 0
170266 0
268451 0
138359 0
192272 0
011810 0
061127 0
158904 0
072138 0
089242 0
006005 0
254938 0
002838 0
108030 0
260542 0
258975 0
158013 0
269456 0
004397 0
226185 0
115219 0
039555 0
018138 0
016215 0
275899 0
011034 0
058787 0
245978 0
160333 0
154212 0
007994 0
109702 0
220523 0
265268 0
109139 0
275096 0
145355 0
018807 0
274524 0
254582 0
164807 0
008558 1
140280 0
139028 0
145510 0
281837 0
183718 0
017112 0
163934 0
285506 0
277215 0
139057 0
272803 0
135264 0
082737 0
177590 0
121299 0
171284 0
056505 0
271861 0
000610 0
006153 0
163337 0
139033 0
044078 0
008550 0
169960 0
028086 0
145016 0
278549 0
213599 0
216504 0
092331 0
019252 0
260292 0
045951 0
149275 0
259935 0
135090 0
133950 0
061733 0
067141 0
289265 0
200554 0
152595 0
152465 0
015343 0
081541 0
117209 0
280942 0
089288 0
253747 0
042563 0
258829 0
058846 0
078307 0
273869 0
278693 0
171505 0
159212 0
242003 0
143668 0
141890 0
234146 0
075930 0
033503 0
244559 0
241568 0
115242 0
002837 0
025686 0
170134 0
159084 0
232308 0
254305 0
247888 0
143366 0
061025 0
149034 0
112908 0
265549 0
182042 0
234594 0
193811 0
139034 0
027023 0
134968 0
242727 0
006213 0
020678 0
277068 0
066128 0
008460 0
143764 0
189463 0
268696 0
280945 0
002023 0
280019 0
136482 0
256226 0
279792 0
117237 0
082847 0
046356 0
062030 0
059334 0
154619 0
254965 0
057662 0
163937 0
230692 0
272847 0
268572 0
189205 0
260545 0
254543 0
164330 0
286123 0
246035 0
268700 0
081716 0
177591 0
234425 0
152540 0
149263 0
053684 0
117182 0
184577 0
169854 0
186282 0
045952 0
275929 0
201884 0
018919 0
028083 0
058790 0
005907 0
140115 0
274499 0
254780 0
067460 0
264394 0
037673 0
256842 0
151746 0
264954 0
261827 0
278125 0
035758 0
072516 0
042567 0
140535 0
254342 0
272328 0
281825 0
275095 0
153232 0
196339 0
005968 0
139001 0
260297 0
004533 0
097181 0
141834 0
116647 0
058665 0
109319 0
170135 0
158916 0
220931 0
257657 0
270569 0
014153 0
150339 0
056707 0
040366 0
254292 0
259936 0
143803 0
061024 0
062337 0
258927 0
044070 0
135078 0
185549 0
108035 0
277230 0
171258 0
164805 0
197751 0
136566 0
046194 0
024019 0
153836 0
255243 0
261211 0
066127 0
042584 0
038086 0
116202 0
223960 0
123040 0
227101 0
189466 0
005947 0
061920 0
019813 0
040259 0
159254 0
253010 0
137267 0
092181 0
232072 0
108348 0
066817 0
204747 0
188122 0
260294 0
241419 0
175499 0
169856 0
007706 0
154592 0
289312 0
050260 0
228468 0
116999 0
147524 0
269464 0
285489 0
281828 0
133267 0
019746 0
025264 0
177588 0
101091 0
061930 0
135604 0
156361 0
256385 0
081726 0
058782 0
192244 0
274489 0
025492 0
270975 0
256273 0
254346 0
143762 0
217704 0
115873 0
117389 0
133063 0
177486 0
186829 0
082840 0
139584 0
280944 0
273224 0
153233 0
242618 0
280014 0
003908 0
072819 0
272580 0
082998 0
159159 0
275966 0
226600 0
072139 0
255017 0
186712 0
020677 0
069370 0
181089 0
060302 0
201781 2
201748 1
202936 0
147134 2
147133 2
257107 1
232213 0
196656 0
204850 0
226412 0
014663 0
262760 1
262757 1
262765 1
264171 0
259817 0
233314 1
233301 1
137508 0
228603 1
