064578 0
086457 0
050307 2
050457 2
080529 2
076262 2
087883 2
088975 0
066837 0
066406 2
064277 2
085197 2
085195 2
085188 2
085127 0
083085 2
083126 2
083141 2
075088 2
075260 2
075542 2
086195 2
086247 2
086281 2
085893 2
081202 2
081228 2
080176 2
064073 0
093167 0
085327 2
085454 0
096160 2
063150 2
096120 2
085857 2
089741 2
089730 1
089725 1
092177 2
092043 2
092103 2
024555 2
024498 2
085072 2
079292 2
023641 2
023753 2
096414 2
033382 2
084146 2
026021 2
026130 2
049475 2
049397 2
025985 2
025910 2
097289 2
087912 2
025882 2
087573 2
087617 0
087470 1
042342 2
024738 2
024736 0
047277 2
032387 2
032418 2
224351 2
224352 2
063986 0
257215 2
257221 2
273177 0
083324 2
083398 0
097366 2
097433 2
144206 2
024500 2
144252 2
259595 2
011051 0
259586 2
111811 2
262917 2
041685 0
023834 0
259301 2
260392 0
039992 2
089690 0
084880 2
087528 2
087556 2
260256 0
086269 0
025918 2
144476 1
144507 2
075350 2
075221 2
111760 2
079851 2
074961 2
079856 2
030281 2
074944 2
074960 2
059012 2
033410 0
126182 1
126196 0
024149 2
020205 2
051283 2
051284 2
092881 0
024251 0
051421 2
087861 2
087863 2
087862 2
087808 2
087960 2
051578 0
087812 2
087961 2
048672 0
050469 2
067594 2
087137 0
067631 2
034694 2
067658 0
044865 0
020981 2
050503 2
050534 2
060816 2
088646 2
088668 2
282110 0
050306 2
050455 2
050451 2
109558 2
024512 2
024509 2
024704 2
024777 2
036187 2
050023 2
036297 2
024794 0
050070 2
226250 2
097738 0
210371 0
089846 2
027973 0
038162 2
042556 0
024778 2
038222 2
047817 1
047799 2
024705 0
092873 0
069506 1
102679 1
064091 2
080824 2
080838 2
044095 0
070831 0
046023 1
046005 0
260224 0
273302 2
155671 0
081520 0
273538 2
273715 0
036089 0
020447 0
117581 0
097749 2
020434 0
090855 0
097807 0
128029 0
273551 2
273611 0
109347 0
260387 0
110407 0
185809 0
111490 0
265780 1
041907 1
041903 1
112495 2
128418 0
041680 0
112499 2
090806 0
048037 0
210656 0
047517 0
260257 1
260258 1
024788 0
141045 1
093346 0
141431 0
087136 0
040923 0
044867 2
271580 0
020216 2
020220 0
020995 1
021027 2
020217 2
021024 2
021151 2
263841 1
263890 2
264107 2
069829 2
103002 2
069800 2
102973 2
069532 2
102705 2
069765 2
069422 2
102938 2
102595 2
131656 0
017870 0
081529 0
202606 0
081823 0
020151 0
092809 0
000379 0
095867 1
095872 0
087206 0
261086 0
182519 2
048694 0
090007 0
108447 0
109243 0
027998 0
126448 0
010673 0
040808 0
040635 0
058765 2
033668 0
024209 0
022433 0
260236 0
189610 0
142444 0
099904 0
104004 0
019546 2
