145072 2
149718 1
139511 2
133893 0
147702 2
192073 2
177674 2
177735 2
177759 2
145863 2
152890 1
152884 2
152896 1
192069 2
188321 0
208884 2
213033 2
177734 0
152504 2
153984 2
153966 1
152505 1
156841 0
258702 2
165771 2
163379 2
150011 2
150019 2
150029 2
150031 2
150026 2
150037 2
139763 0
265185 2
285262 2
285270 2
285273 2
285278 2
152075 2
150563 2
151207 2
193164 2
237588 2
268368 2
268383 2
163186 2
149840 0
163155 2
163131 0
267191 1
233010 2
233026 2
266333 0
226019 2
237587 0
213077 0
277942 2
277939 1
153100 0
256706 0
168530 1
168527 2
267475 0
150921 2
272064 0
259343 2
099728 1
261223 2
100768 2
131565 2
159282 2
100742 2
235287 2
235248 2
235250 2
235256 2
191736 2
058144 1
191737 2
058130 0
058216 0
152030 2
151035 0
037176 2
058080 0
147414 1
235328 0
259221 2
034925 2
035139 2
034924 2
131578 0
266380 0
037318 2
037251 2
035590 1
041935 2
177758 0
141734 0
227552 0
258910 0
019912 2
149194 0
287875 2
285272 2
285261 2
285269 2
285277 2
149728 2
279957 2
041934 0
002465 1
268794 0
058191 0
133169 0
175467 0
093247 0
129110 0
190408 1
147120 0
085633 0
289329 0
225002 0
156837 0
263670 1
270198 2
178095 0
003080 0
151676 0
019911 2
192094 0
147353 0
224125 0
136818 0
220506 0
002820 0
256709 0
263662 1
263694 1
137999 1
259342 0
243398 0
155907 1
