151975 1
151970 1
261429 0
197045 0
207589 0
227899 1
227906 1
019024 1
195548 1
224581 1
264966 1
264978 1
265549 2
265548 2
280349 1
004286 1
118117 1
117779 1
117670 1
039553 0
272508 0
131710 1
131991 1
000862 1
000921 1
001618 1
196226 1
196218 1
134292 1
134263 1
134184 1
134010 1
194911 1
194990 1
195033 1
196390 1
200641 1
254911 0
200642 1
200643 1
002787 1
223776 1
181986 0
153072 1
133844 1
133846 1
153071 1
123258 0
153304 1
008802 1
139313 1
008909 1
196549 1
195547 0
267006 1
267083 1
195901 1
163710 1
195907 1
163706 1
069751 1
102924 1
081810 0
006944 1
120565 1
063480 0
125163 1
018784 1
125215 1
269600 1
125217 1
040248 0
269597 1
289221 0
182699 1
017925 0
182729 1
182728 1
011914 1
182764 1
202158 2
179911 1
152259 1
179912 1
179722 1
179915 0
182492 0
081268 1
081210 0
132649 1
157978 2
157982 2
154560 1
228038 1
146633 1
238718 1
163938 1
163957 1
221922 1
156544 2
134964 1
163921 1
221910 0
134983 1
219906 0
134871 0
154697 1
011861 1
124970 1
154544 1
124971 1
124968 1
128998 1
186153 1
242134 1
018304 1
150646 1
003963 1
128899 1
150616 1
019044 1
133845 1
002786 1
176264 1
242110 1
242133 1
238726 1
161392 0
089061 0
264450 0
242111 1
242135 1
193361 1
242092 1
143114 1
242067 1
242084 1
239536 0
195210 0
108531 1
238940 1
143096 1
143097 1
142967 1
142411 1
242091 0
054705 2
054618 1
010435 1
136118 1
136039 1
136186 1
124789 1
136117 1
136041 1
271872 1
124845 1
271971 1
127607 1
001613 1
231767 1
236702 1
161283 1
161271 1
124511 1
161164 1
156429 1
160294 1
124686 1
019049 1
238107 0
160320 1
176638 1
141961 1
176822 1
185915 0
008246 1
160905 0
122735 1
011766 1
122835 0
289135 1
124862 1
017805 1
128616 1
269578 2
006069 1
124860 1
269692 1
010035 1
269705 1
117614 1
117429 1
128475 1
128615 1
129654 1
117616 1
159029 1
159026 1
129653 1
159023 1
238942 1
129616 1
159020 1
017296 1
159008 1
158874 1
129598 1
013603 1
238727 1
159042 1
159114 1
122837 1
158876 1
177083 1
159010 1
159022 0
238728 1
269357 1
163145 1
123161 1
153515 1
158875 0
069827 1
153577 1
136037 0
103000 1
238943 0
153513 1
289357 1
153529 1
155452 1
155555 0
289264 1
147385 1
018506 1
192125 1
147384 1
269316 1
269317 1
176005 1
175921 1
032430 1
191972 1
178146 0
019060 1
159025 0
014462 0
192126 1
009185 0
032422 1
223477 1
136337 0
223420 1
185796 1
180126 1
180128 1
185844 0
180125 1
077040 1
001449 1
285882 1
169002 1
239548 2
177036 1
088936 1
280430 1
001480 1
088987 1
019724 1
163705 1
168804 1
279937 0
177040 1
019708 1
130622 1
163719 1
000416 0
219606 0
202902 1
147495 0
148134 0
100958 1
263604 1
284620 0
258700 1
263623 1
263513 1
159028 0
196411 1
258706 1
196425 1
259550 1
258684 1
155556 0
236703 1
236330 1
126917 1
031676 1
255850 1
238719 0
101008 0
236319 1
000034 0
242903 1
043957 1
255914 1
255941 1
242930 1
044058 1
255824 1
011905 1
242905 1
184431 0
135220 1
125005 1
242901 1
126899 1
124987 1
250897 0
000635 1
091687 1
159357 0
238941 1
195814 1
002699 0
185800 0
195829 1
195805 1
090968 1
029398 0
126900 1
195727 1
126888 1
254489 0
126894 1
195932 1
195816 1
195802 1
195725 1
195869 1
195736 1
195738 1
090619 1
238108 1
238089 1
238093 1
238103 1
196485 1
270927 1
196481 1
069102 1
102275 1
159031 0
255747 0
195744 2
135261 0
176758 1
176769 1
195872 1
176770 1
126890 1
011219 1
144752 1
195948 1
278634 1
278635 1
195939 1
196503 1
170724 1
176831 1
128111 1
128133 1
195726 1
176820 1
144806 1
195728 1
197748 1
195737 1
195739 1
195803 1
176787 1
195806 1
159009 0
195815 1
170725 1
176819 1
195817 1
197869 1
195830 1
195870 1
195933 1
170685 1
170686 1
170684 1
007207 0
237242 1
197871 1
066541 1
126986 1
127028 1
242902 0
153581 1
087424 1
127130 1
075940 1
153582 1
011192 1
182499 0
002859 1
013938 1
144789 1
169131 2
153092 1
153089 1
253349 0
076100 1
090011 1
012992 1
181014 1
145908 1
076014 1
169132 2
159039 1
070644 1
158944 1
169049 1
103817 1
168333 0
158921 1
164704 1
123422 0
163637 1
070745 1
163514 1
163495 1
103918 1
070670 1
103843 1
190565 1
071467 0
126292 1
126281 1
176934 1
177032 0
132502 1
190527 1
190683 1
132521 1
199458 1
199482 1
199483 1
242904 0
259549 0
199558 1
199502 1
191303 1
191227 1
199411 1
199442 1
199499 1
221221 1
132534 1
100420 1
275973 0
101432 1
190903 2
263622 1
112388 1
176806 0
167879 0
221240 1
112391 1
163213 1
112384 1
112251 1
163141 1
112250 1
170341 1
100509 1
170342 1
190842 1
239089 1
238609 1
156034 1
170340 1
239059 1
269683 1
155981 1
269467 1
211219 1
023634 0
289627 1
289654 1
183965 0
269462 1
012665 1
269472 1
289617 1
269554 1
269534 1
269423 1
269471 1
269461 1
191096 0
195971 0
288077 1
200973 1
018174 1
128981 1
018022 0
232048 1
201082 1
013410 1
276908 1
238824 1
123357 1
289368 1
277007 1
209950 1
209387 1
196370 1
226269 0
019052 1
126442 1
126482 1
153027 1
288719 0
068042 1
123356 1
001271 0
201105 0
208462 0
127382 1
009517 1
111425 1
068068 1
170304 1
170274 1
153028 1
197330 1
197340 1
013266 1
153181 1
278898 1
153244 1
157943 0
153157 1
153455 1
153466 1
127471 1
153180 1
153168 1
009885 1
127472 1
007459 1
153241 1
153158 1
176382 1
153504 1
155969 1
153169 1
068097 1
153488 1
169864 0
176415 1
068098 1
014200 1
153243 0
014196 1
104640 0
169333 1
170171 1
153396 1
169485 1
169334 1
170172 1
169265 1
035076 1
035051 1
146881 0
170410 1
153393 0
251813 1
169492 1
170173 1
251872 1
070522 0
169493 1
169488 1
169494 1
190942 1
191062 1
258385 1
170418 1
117928 1
169285 1
170419 1
004201 1
110066 0
169343 1
169344 1
110105 1
170473 1
002292 1
044550 0
013183 1
152908 1
169329 1
167486 1
170474 1
132641 1
169330 1
014666 1
167490 1
170463 1
258341 1
167491 1
268346 1
079720 1
169151 1
079728 1
167914 1
036463 0
167069 1
025466 1
025423 1
181993 0
169172 1
167915 1
167842 1
167126 0
001598 0
063835 1
089060 1
063425 1
069816 1
014868 0
069367 1
178591 1
102989 1
102540 1
164944 2
069602 1
164802 1
154598 0
164761 1
017558 0
126407 1
102775 1
126797 1
017582 1
180675 0
161302 1
178651 1
126777 1
161268 1
178625 1
169300 0
178586 1
190965 1
157425 1
171375 1
001753 0
069700 1
253833 0
102873 1
193896 1
157426 1
053688 1
171374 1
171373 1
193884 1
193983 1
160319 0
158122 1
153395 0
256091 1
158283 1
165256 1
222793 0
165254 1
256823 1
153394 1
193879 1
193883 1
256831 1
193997 1
169924 0
167149 0
193732 1
182265 0
169123 1
157387 0
193832 1
162505 0
182216 0
018661 0
169073 1
018321 1
076275 1
082123 1
066443 2
169074 1
165264 0
007380 1
002687 1
082318 0
015745 1
006335 1
202975 1
019616 0
204168 1
202976 1
017023 0
253620 0
203116 1
002369 1
202649 2
071492 1
001895 0
133618 1
104665 1
060505 0
042653 0
169375 0
113429 0
064817 1
064820 1
043921 1
160899 1
187504 1
220910 1
011481 1
003141 1
122749 1
202826 1
002836 0
187493 1
210559 1
109086 1
153406 1
002304 1
065198 0
289659 0
153399 1
103695 0
152134 0
243655 1
210967 1
170793 0
018509 1
285515 0
137971 1
141987 1
137940 1
137972 1
137998 1
014530 0
118960 1
118945 1
219455 1
061379 1
061381 1
204289 1
018531 0
040622 1
243982 0
204300 1
203475 1
063850 1
063851 1
014825 1
219454 1
079454 0
160472 1
086478 1
160386 0
122874 1
082468 1
012616 1
131711 1
167578 0
008658 0
159765 1
018219 0
011986 1
122877 1
193391 0
191007 1
266094 1
117315 1
131478 1
190998 1
131491 1
131538 1
224459 1
037697 0
117316 0
018629 1
128686 1
128693 1
266110 1
239496 1
063956 0
240286 1
027184 0
003605 0
131203 1
071446 0
018585 0
176381 0
138540 1
006475 0
240290 1
130560 1
124492 1
161933 1
234051 0
179876 0
024097 0
170398 1
240291 1
131417 1
240318 1
240317 1
124510 1
240300 1
137599 0
184615 1
219852 1
162549 0
286551 1
011471 0
116991 1
074574 1
071530 0
170399 1
170375 1
233913 0
002563 0
182228 0
134155 0
125041 1
087885 1
116797 1
074828 1
016629 1
140607 1
140608 1
185880 1
166977 0
164167 1
018248 0
185855 1
205553 1
181452 1
078726 0
087905 1
239854 0
144907 0
087906 1
125141 1
156575 1
078326 1
018779 0
125192 1
078254 1
077034 0
027092 1
266413 0
125112 0
033275 1
075844 1
033344 1
160458 0
156574 2
081684 1
081738 1
170471 0
033352 1
125195 1
060302 2
070853 0
125196 1
068343 1
239746 1
081551 1
156551 1
012612 1
255757 1
255615 0
133517 1
098957 1
012613 1
002611 1
239744 1
068310 1
116960 1
123010 1
247289 0
116515 2
242258 1
144513 0
233728 1
081318 1
191220 1
063855 1
233767 1
199027 0
281777 1
013819 0
179696 1
239801 1
233768 1
178024 0
188320 1
191146 1
180814 0
003477 1
275358 1
275351 1
152962 0
265499 0
011855 1
052900 0
165266 0
239926 1
240106 1
240178 1
240193 1
076113 1
169315 0
098563 0
128950 0
153254 0
149049 0
007684 0
108142 0
287670 1
048321 1
286815 1
286794 1
048293 1
286836 1
125710 0
287677 1
167448 0
238968 1
013747 1
148024 0
287892 1
239024 0
155696 1
109299 0
131386 0
229918 1
229950 1
194080 1
090379 0
199391 0
169925 0
148190 1
286638 0
148198 1
148191 1
148196 1
148197 1
001466 1
167079 0
207674 1
231895 0
175589 0
021475 1
009049 0
276015 0
190603 1
191825 0
126447 1
281167 1
131445 1
143645 2
188031 0
065220 1
000031 1
239803 0
065211 1
010370 1
131858 1
065277 1
010857 1
270122 1
011252 1
184616 1
270125 1
143646 1
143731 1
131869 1
131866 1
011993 0
100193 1
098149 1
027926 0
000408 0
242113 0
098099 1
193843 1
065728 0
069468 0
202073 0
018578 1
124604 1
167883 0
129750 0
069015 0
085843 1
065587 0
168875 0
035479 1
025781 0
150546 1
131952 0
150562 1
109962 0
191799 0
035690 1
167931 0
150547 1
035482 0
012018 1
124180 1
231662 1
019042 1
236265 1
116946 0
231904 0
167038 0
024030 0
040661 1
236278 1
191540 1
035723 1
200515 0
175582 0
231658 2
231660 1
191515 1
110823 1
191496 1
262601 0
158074 0
032949 0
035725 1
234620 1
110752 1
027550 0
114588 1
003266 1
111473 1
081359 1
158207 1
111478 0
158200 1
286711 0
114563 1
159219 0
114593 1
119209 0
114589 1
081336 1
081146 1
281698 0
111471 1
035722 1
035726 1
156917 1
122460 1
111299 1
202344 1
111393 1
111323 1
111476 1
122461 0
035703 1
156941 1
228044 0
191599 1
110739 1
278355 0
185013 0
110951 1
110941 1
175588 1
185981 1
185984 1
035693 1
110848 1
111024 1
185972 1
241979 0
034332 0
111642 1
026907 1
111647 1
104703 0
277488 0
185848 0
110734 1
111635 1
110757 1
163902 1
111860 0
121125 0
122485 1
101370 0
108573 1
164126 1
111029 1
111631 1
111401 1
016557 1
111047 1
231278 1
225924 1
176135 0
110984 0
111398 0
280867 0
225923 1
089472 1
108620 1
111634 1
146218 1
108753 1
185887 1
089471 1
234430 1
108619 1
110783 1
185612 1
108700 1
234791 1
108786 1
010179 1
110822 1
108844 1
108813 1
122487 1
012256 0
108794 1
108872 1
182703 0
235384 0
005600 0
030505 1
175791 0
129093 0
112253 1
122464 1
110986 0
112927 0
075911 2
199631 1
110272 0
019392 0
199615 1
265587 0
069402 1
075863 1
102575 1
075872 1
111214 0
186059 0
262751 0
077049 1
111289 1
264823 1
134709 0
186048 1
195966 0
255767 1
270325 1
255808 1
058341 1
255790 1
255879 1
270334 1
270315 1
032927 0
111000 0
018323 0
076393 1
076770 1
071541 0
111240 0
034336 0
229437 1
076392 1
076345 1
238273 0
076228 1
270333 0
286639 0
076662 0
080057 0
160906 0
139344 2
151350 0
204312 0
128641 1
038315 0
114323 0
235163 1
213139 0
266088 0
229431 1
186062 0
170012 1
139361 1
111239 0
271972 1
111415 0
107904 0
091158 0
272306 1
041084 0
034379 0
139905 0
262837 0
170239 0
272283 1
012377 0
196107 0
211438 0
188445 1
160827 1
268426 0
128640 1
181170 0
186730 1
113498 0
186729 0
271860 1
160868 1
008740 1
180002 1
162687 1
053290 0
020739 1
271867 1
255647 0
180048 1
110022 1
229762 1
179767 1
229852 1
110083 1
128717 0
020975 1
003721 0
020948 1
258705 0
020946 1
242979 1
175685 1
020732 1
179780 1
163790 1
175770 1
163791 1
273579 0
288774 0
203175 0
161395 0
160020 1
284442 1
267391 0
098617 0
145483 1
145486 1
038219 0
247365 1
246794 1
160014 1
159981 1
145480 1
219886 1
248167 1
020974 1
144197 0
272188 0
020945 1
202908 0
019766 1
124002 0
185666 0
034699 0
104714 0
227568 0
000537 0
101718 0
162517 0
142193 0
070189 0
044647 0
153307 0
142068 1
021376 0
076819 0
142097 1
219892 1
219907 1
081685 0
262474 0
189321 0
170462 0
112677 0
212280 0
156760 1
111043 0
160293 0
242942 0
158665 0
269509 0
262747 1
068688 1
232212 1
156204 1
158286 0
156276 1
141425 0
156283 1
232246 1
169376 0
267082 0
071620 0
210936 1
071414 0
075291 0
016618 1
271994 0
013741 0
116653 0
210933 1
152981 0
267804 0
281950 0
016644 1
125709 0
081811 0
196801 0
050051 0
068669 0
076074 0
117945 0
071597 0
068736 0
148070 1
016586 1
277619 0
036409 1
099966 0
091267 0
036367 1
036381 0
185799 0
159413 0
115729 0
189698 0
007767 0
194951 0
089866 0
278972 1
001498 1
151919 1
152974 1
034385 0
126350 0
037741 0
162614 0
139939 1
042610 0
278967 1
159501 1
119734 1
192571 0
132755 0
183676 0
179877 0
000482 0
067709 0
090631 1
090612 1
215009 0
090620 1
016530 1
195886 1
133843 1
178234 0
155853 1
005288 1
031531 0
152096 0
185000 0
002795 1
133842 1
071412 0
148350 1
286721 0
226534 0
272059 0
066956 1
111772 0
014230 0
190952 0
182188 0
141905 0
163805 1
170472 0
140509 0
158838 0
015206 1
286726 0
234362 0
200292 0
061100 0
125541 1
195885 0
191976 1
191975 1
199289 0
111238 0
001237 1
154760 0
141646 1
132030 1
071479 0
107984 0
192134 1
008280 1
009722 1
001530 0
002499 0
122122 1
266403 0
191836 1
118346 1
152837 1
176694 1
152487 0
118434 0
060805 0
176692 1
152821 1
004365 0
176690 1
008544 0
176689 1
132496 1
079982 0
132483 1
136428 1
003986 0
048912 0
189915 1
004990 0
259125 1
136438 1
190105 1
190091 1
163689 1
123212 0
171922 1
191765 1
018134 0
104585 0
130961 1
171670 1
191665 1
130929 1
163701 1
199699 0
015035 0
119018 0
077070 0
233448 1
128714 0
233403 1
141966 1
043621 0
259165 0
141969 0
231965 0
150310 0
178462 0
197477 0
233380 0
118497 0
239928 0
163833 0
289774 0
004755 0
060320 0
151172 1
151166 1
151152 1
216531 0
071557 0
089729 0
272983 0
181444 0
149297 0
233389 0
258967 0
155580 0
134293 1
011435 0
134273 1
151550 0
128992 0
178406 0
151186 1
019365 0
234048 0
157495 1
124529 0
240192 0
220481 1
220479 1
258274 0
009740 0
230775 1
090610 0
166907 0
152987 0
225084 1
157504 1
200645 0
188692 0
157505 1
157496 1
028205 0
171862 1
272723 0
225078 1
157503 1
157341 1
157433 1
168656 1
242286 0
168657 1
285050 1
168597 1
099124 0
201953 0
168598 1
253078 1
253246 1
254408 1
255046 1
253245 1
154114 0
182667 0
145669 0
093371 0
125013 1
124965 1
128894 0
008511 1
201952 0
182347 0
285246 0
179916 0
083320 0
104652 0
080425 0
158976 0
179471 0
146328 0
009889 0
157363 0
182896 1
241767 1
154494 1
190901 1
217696 1
054462 1
054298 1
180220 0
154147 0
023625 0
149681 0
190896 1
247293 0
090569 0
001377 0
211276 1
211329 0
080542 0
000947 0
129645 0
108248 0
152111 1
152106 1
018774 1
151864 1
255310 0
264242 0
155264 2
133523 0
225192 0
027082 0
000618 1
150395 0
007414 0
286712 0
147481 0
126728 0
189677 0
172739 0
146996 1
039228 1
039349 0
257953 1
048249 0
133850 1
185904 0
257964 1
010527 0
226354 0
259135 1
155208 1
224915 0
211278 1
155207 2
154841 1
179515 0
009020 0
113554 0
034696 0
203023 0
163020 0
257378 1
111312 0
286008 0
034339 0
260047 1
265829 0
259115 1
029324 0
224000 0
236420 0
186072 0
240108 0
262597 0
172094 1
259139 1
259162 1
257447 1
259175 1
171991 1
007779 0
276413 0
259180 1
258699 0
064343 0
135245 0
012260 0
052879 0
024025 0
255314 0
144924 0
180055 0
119210 0
140409 0
085205 1
188785 0
139776 1
257969 0
164470 1
230778 1
124007 1
191824 0
268701 0
115243 0
013947 0
016900 0
163472 0
139845 1
288711 0
139550 0
143649 1
231435 0
051113 0
180255 0
166391 0
071525 0
010837 1
143944 1
042641 0
257978 0
255045 0
143888 1
158111 0
002359 0
141171 0
017737 0
203160 0
067764 0
121223 0
143882 0
231642 0
111417 0
127126 1
146238 0
126962 1
088628 1
241972 0
153547 1
042713 0
088778 1
137919 0
039842 0
268007 0
195790 0
232634 0
007718 1
190564 1
014143 1
038215 0
089148 1
089168 1
121152 1
087589 1
089167 1
060297 0
195833 0
126272 1
089674 1
089955 1
152011 1
124547 0
116931 0
155311 0
059072 0
276877 0
202084 0
262539 0
182326 0
187078 0
188707 0
203115 0
281977 0
110904 0
176365 0
014673 0
021953 0
177201 0
191104 1
156155 1
091332 0
124957 0
259022 0
280864 0
012037 0
156170 1
290045 0
156171 1
064337 0
166787 0
148906 1
157088 0
017268 0
254927 0
257991 0
145670 0
135509 1
039508 0
194159 0
141532 0
191172 0
217910 0
169377 0
241065 0
210422 1
194995 0
070304 1
242307 0
094044 1
271871 0
169355 0
103477 1
094058 1
124706 1
070203 0
255433 0
103376 0
074625 0
104587 0
145705 0
195772 0
026641 0
207243 0
270040 0
194441 0
193580 0
019363 0
245019 0
124660 1
086670 0
139621 0
027992 0
012873 0
108630 0
127308 1
137898 0
127322 0
274578 0
151085 0
131951 0
109804 1
221951 0
007842 0
050801 1
231252 0
138897 1
115276 0
050824 1
188260 0
081446 0
002566 1
190951 0
238231 0
115634 0
138847 1
127355 0
021285 0
006568 1
138858 1
138788 1
167150 0
266103 0
108922 0
139137 1
187956 0
147468 0
155837 0
181320 1
007716 1
163003 1
269553 0
000935 0
005887 0
164823 1
232632 0
190479 0
197047 0
009288 1
009693 0
127376 0
139139 1
032957 0
213230 0
013005 0
111075 0
169883 1
043435 0
149770 0
121774 0
004882 0
187215 0
193704 0
121775 1
138145 0
129785 1
190895 0
091666 0
011929 0
151527 1
183722 0
151504 1
266075 0
134133 1
002965 1
180198 0
198267 1
159233 0
195956 0
157597 1
056270 0
157595 1
002961 0
181297 0
109293 0
017741 0
259981 0
230768 0
164880 0
144616 0
198274 1
185665 0
182238 0
034453 0
155577 0
071688 1
130045 1
129974 1
101102 0
108469 0
256485 0
288813 0
182045 0
264960 1
108241 0
148809 0
262401 0
187212 0
104861 1
149357 0
189892 0
124653 0
029147 0
240768 1
276886 0
144409 0
080051 0
124551 0
244003 0
010877 0
273102 0
174990 1
254407 0
042616 0
150685 0
142890 0
174954 1
091206 0
087701 1
240105 0
233979 0
050193 1
195220 0
168543 0
069263 0
184592 0
027696 0
258874 0
185320 1
253540 0
111363 0
158381 0
185243 1
140719 0
154896 0
003786 0
014213 0
069242 1
102415 1
193720 0
197144 1
137634 0
039019 0
228813 0
166772 1
069204 1
102377 1
166773 1
193448 0
284641 0
166595 1
280474 0
041190 0
005983 0
201967 0
121587 0
008643 0
008081 0
130134 0
151070 0
006099 0
088622 1
164905 0
197129 1
221956 0
091157 0
081849 0
167080 0
017728 0
179209 0
226390 0
276527 0
017587 0
172269 0
090293 0
260868 0
120196 0
187912 0
182407 0
278742 1
