088377 0
286395 2
286399 2
286386 2
286396 2
286400 2
286382 2
285767 2
285768 2
285815 2
285825 2
285899 2
285887 2
244768 0
130439 0
005506 2
120088 2
120069 2
120068 2
120058 2
203620 0
005772 2
120387 2
005643 2
279973 0
110916 0
147168 1
147167 0
093922 2
093953 2
093977 2
093928 2
094023 2
093930 2
090603 1
090592 1
183443 0
088417 2
088415 2
088397 2
088407 2
088379 2
088385 2
088383 2
077733 0
089355 1
089341 1
089330 1
088766 1
088750 1
009419 1
121877 1
081504 1
074993 2
075013 2
244661 0
077611 2
273492 0
131687 2
010889 0
131709 1
075738 2
017960 0
090100 2
090190 2
096701 1
096698 1
085625 0
077460 0
093987 0
111749 0
009912 2
122256 2
090405 0
095887 0
034684 0
075686 0
007704 0
091896 0
077174 0
142436 0
098476 0
285621 0
126596 1
197585 0
072242 0
004910 0
052029 0
117974 0
053401 0
288803 0
095877 0
184801 0
100948 0
081378 0
185201 0
185897 0
089271 0
080312 0
244767 0
075834 0
096308 0
121134 0
070428 0
019394 0
095891 0
115383 1
135034 0
095242 0
163454 0
114976 1
118899 0
098568 1
098542 1
243747 1
243744 2
098901 0
254384 0
075638 0
218020 0
111654 0
115518 0
095563 0
086524 0
096005 0
075106 0
212163 0
220439 0
002046 0
146041 0
097706 1
097747 1
097632 0
089356 0
095197 1
116392 1
116727 1
116349 1
138058 1
180663 1
004768 0
115378 0
047488 0
077133 0
223983 1
224168 1
134512 0
013253 0
040024 0
247680 0
041694 0
231238 0
121883 0
058162 0
192708 0
077750 0
060962 0
008054 1
067823 0
114974 0
107749 0
101997 0
079226 0
275523 0
007607 0
009706 0
009422 0
134305 0
071308 0
064937 0
004691 0
028674 0
023312 0
135139 0
040008 0
185204 0
164067 0
108724 0
114877 0
071243 0
116033 0
117333 0
069400 0
069189 0
052026 0
077591 0
135903 0
251742 0
117386 0
276190 0
200935 0
094928 0
004790 0
031737 0
100939 0
029386 0
127190 1
127193 0
127206 0
266837 0
004592 0
181607 0
100940 0
043260 0
070878 0
055514 0
048133 0
046234 0
010412 0
076777 0
096621 0
094117 0
112560 0
284253 0
115344 0
083621 0
100183 0
116966 0
110778 0
033229 0
137371 0
096129 0
040044 0
058317 0
211804 0
098454 0
255012 0
134582 0
088119 0
114878 0
071589 0
147412 0
046184 0
075680 0
114112 0
121897 0
000328 0
050368 0
140282 0
226002 0
007247 0
164174 0
062859 0
059778 0
097770 0
217975 0
062852 0
115352 0
150880 0
146102 0
283888 0
248099 0
053607 0
100612 0
160441 0
104481 0
063196 0
117334 0
187606 0
117973 0
113274 0
065445 0
051912 0
288798 0
088036 0
021706 0
048282 0
196391 0
011349 0
130022 0
252508 0
066942 0
077598 0
211734 0
068759 0
080781 0
026011 0
276374 0
105415 0
101167 0
102362 0
188734 0
262120 0
085647 0
095996 0
079568 0
193205 0
040051 0
072268 0
142237 0
007573 0
069333 0
211796 0
182269 0
222631 0
096813 0
063339 0
238420 0
147413 0
052162 0
193794 0
271620 0
083624 0
231875 0
116196 0
066871 0
124072 0
156723 1
077349 0
103601 0
211944 0
057286 0
118791 0
077216 0
255177 0
008384 0
137966 0
116114 0
219308 0
090597 0
115515 0
120494 0
185214 0
184903 0
290010 0
078125 0
130409 0
047525 0
288794 0
283955 0
184802 0
254385 0
089588 0
190165 0
015438 0
029037 0
000916 0
095049 0
203888 0
099395 0
055369 0
285464 0
056394 0
051313 0
032980 0
036995 0
130870 0
131052 0
075336 0
091427 0
026853 0
085001 0
233923 0
081615 0
104762 0
244667 0
081152 0
105441 0
102573 0
021875 0
135443 0
287162 0
252346 0
211808 0
275573 0
108270 0
005075 0
063730 0
244169 0
157709 0
043148 0
120787 0
097624 0
035202 0
250787 2
250772 2
050636 0
252231 0
095909 0
066873 0
071086 0
270645 0
261876 2
288805 0
225402 0
075701 0
235586 0
252232 0
033059 0
087691 0
133674 0
186956 0
235583 0
211838 0
206271 0
211625 0
142931 0
171054 0
262585 0
165381 0
071313 0
076690 0
253706 0
001243 0
044497 0
038501 0
065177 0
007163 1
118721 0
118758 0
114885 0
031393 0
017311 0
131280 0
284289 0
076602 0
095224 0
118898 0
231175 0
284386 0
118891 0
186961 0
271691 0
116601 0
088968 0
113301 0
026875 0
087386 0
088649 0
267779 0
119073 0
225360 0
039660 0
077622 0
127857 0
074777 0
271177 0
072122 0
180723 0
039710 0
028324 0
060960 0
149682 0
015236 0
115525 0
225442 0
233958 0
112513 0
049410 0
203840 0
135190 0
094123 0
094513 0
281602 0
121449 0
252248 0
100555 0
044350 0
104259 0
269965 0
052462 0
164166 0
270009 0
004425 0
150886 0
270026 0
067674 0
135652 0
265952 0
023602 0
127710 0
080369 0
089673 0
176602 0
058089 0
013246 0
077610 0
084979 0
020426 0
004681 0
111224 0
140040 0
089488 0
278812 0
147926 0
217215 0
211609 0
029256 0
029425 0
239868 0
077427 0
089425 0
127973 0
088863 0
111035 0
273498 0
078768 0
140884 0
135897 0
070404 0
006390 0
234796 0
284469 0
085211 0
142891 0
128053 0
254362 0
180404 0
048265 0
009195 0
099412 0
076631 0
229254 0
016882 0
142968 0
238040 0
127285 0
125040 0
006469 0
225104 0
071651 0
094555 0
044481 0
259525 0
003330 0
128036 0
075340 0
101862 0
270191 0
035115 0
100248 0
269835 0
088363 0
276238 0
079605 0
285615 0
078770 0
075101 0
265992 0
087372 0
040552 0
055509 0
210650 0
107853 0
039979 0
154796 0
085412 0
212442 0
099340 0
058058 0
140226 0
066872 0
017346 0
283952 0
072500 0
099941 0
068373 1
104416 0
225550 0
168375 0
226025 0
098453 0
119635 0
070811 0
102505 0
089845 0
054252 0
108759 0
040553 0
069947 0
059513 0
074832 0
251162 0
147402 0
082438 0
033233 0
063555 0
121397 0
028969 0
066712 0
244175 1
224206 0
281820 0
070602 0
244174 1
244147 0
244148 0
284137 0
066874 0
288067 0
227522 0
184920 0
079870 0
039934 0
076160 0
034234 0
121884 0
281607 0
075408 0
065150 0
134547 0
094118 0
270123 0
126359 0
093762 0
234918 0
281649 0
279432 0
253743 0
070259 0
112259 0
093911 0
275204 0
259078 0
046344 0
035199 0
185465 0
289909 0
071590 0
075132 0
093945 0
165597 0
099679 0
149156 0
061629 0
272888 0
131268 0
035039 0
141090 0
059519 0
244316 0
067946 0
006216 0
060546 0
043922 0
032591 0
279972 0
095192 0
211689 0
065087 0
118907 0
130576 0
276191 0
076693 0
066875 0
120001 0
110029 0
072803 0
178083 0
285564 0
254450 0
083618 0
266740 0
190484 0
112817 0
011899 0
061572 0
099145 0
126163 0
075109 0
127120 0
276014 0
223675 0
236191 0
283433 0
137358 0
011656 0
139072 0
008874 0
001571 0
149669 0
175958 0
146494 0
270656 0
085408 0
237204 0
065464 0
238086 0
238057 0
080456 0
051916 0
034367 0
017648 0
234528 0
052318 0
266856 0
262146 0
287170 0
139063 0
065075 0
234864 0
087657 0
083620 0
005496 0
179293 0
234846 0
131221 0
096741 0
271630 0
085759 0
232618 0
104486 0
150205 0
087475 0
039980 0
130287 0
087274 0
035266 0
254374 0
076636 0
237531 0
224284 0
139066 0
012142 0
100004 2
017690 0
134095 0
243785 0
093894 0
066387 0
104824 0
069787 0
136119 0
016699 0
096302 0
169077 0
282003 0
017616 0
271200 0
122813 0
097336 0
001478 0
279836 0
081366 0
009528 0
122778 0
076629 0
096305 0
129552 0
083586 0
092720 0
212021 0
005452 0
114159 0
237338 0
082466 0
054112 0
048685 0
093749 0
033675 0
097306 0
119261 0
135626 0
113794 0
285938 0
145016 0
282127 0
167911 0
176006 0
082186 0
032548 0
145671 0
003115 0
260121 0
128463 0
265950 0
192617 0
089840 0
085723 0
006843 0
263094 0
267224 0
236145 0
136911 0
180415 0
185019 0
061180 1
061162 1
186631 0
281842 0
064754 0
039939 0
094259 0
181295 0
113367 0
127378 0
068441 0
078486 0
063972 0
244485 0
187669 0
258888 0
254789 0
018972 0
283916 0
253967 0
143398 0
016117 0
251192 0
261780 0
062241 0
258884 0
072856 0
206301 0
067522 0
196133 0
211606 0
088177 0
234854 0
285358 0
087868 0
126728 0
067952 0
185355 0
143907 0
244181 0
078041 0
235927 0
279837 0
103577 0
115325 0
180796 0
281647 0
254825 0
075125 0
211822 0
204964 0
112312 0
163785 0
269934 0
021705 0
251199 0
039750 0
230862 0
009918 0
043193 0
211875 0
100030 0
277403 0
142456 0
114749 0
094850 0
117628 0
280565 0
119935 0
043908 0
138532 0
047860 0
253104 0
096309 0
121062 0
068306 0
270127 0
170847 0
089220 0
284766 0
116107 0
097323 0
027665 0
288792 1
009902 0
288795 0
084847 0
225405 0
198565 0
015671 0
235892 0
275190 0
034274 0
062927 0
004562 0
063509 0
135625 0
151118 0
048305 0
039730 0
177927 0
145904 0
042706 0
176596 0
079542 0
052450 0
241932 0
137366 0
149683 0
275688 0
186194 0
288793 0
130323 0
241639 0
039469 0
211605 0
027007 0
249738 0
087648 0
137305 0
188151 0
015018 0
073066 0
002239 0
057308 0
281845 0
075956 0
180560 0
187615 0
186023 0
085352 0
182998 0
070954 0
260123 0
066829 0
040137 0
238144 0
126326 0
285381 0
276214 0
261164 0
230714 0
287560 0
177436 0
259082 0
049173 0
251522 0
026865 0
081341 0
013224 0
258725 0
288804 0
266742 0
196134 0
233375 0
214312 0
279841 0
085548 0
029075 0
140246 0
108799 0
000308 0
102960 0
022101 0
148177 0
109913 0
198927 0
144132 0
040181 0
272602 0
053596 0
158961 0
095888 0
055476 0
107852 0
226024 0
243930 0
245087 0
062294 0
038804 0
189237 0
131716 0
200195 0
127234 0
241928 0
066964 0
285871 0
080752 0
217978 0
063948 0
109075 0
140885 0
062985 0
118904 0
128433 0
244332 0
049056 0
129367 0
017328 0
225099 0
275205 0
250984 0
135444 0
050633 0
281683 0
191895 0
023861 0
054340 0
190481 0
088345 0
216828 0
148576 0
243790 0
093852 0
083913 0
034510 0
001378 0
238797 0
193807 0
133458 0
242240 0
098232 0
134893 0
177907 0
066925 0
168901 0
214324 0
153955 0
287207 0
211718 0
081159 0
097803 0
186950 0
178283 0
065077 0
111083 0
029070 0
185634 0
077773 0
113088 0
038404 0
045424 0
029243 0
070683 0
113917 0
093936 0
085003 0
072200 0
248359 0
101914 0
262927 0
050395 0
043785 0
270662 0
228075 0
118771 0
172770 0
288796 0
238875 0
063113 0
278601 0
255788 0
103432 0
050012 0
243452 0
228017 0
236291 0
040173 0
008408 0
016906 0
078207 0
159104 0
017860 0
199063 0
238039 0
141877 0
062819 0
289844 0
070538 0
034988 0
141592 0
094124 0
185359 0
253094 0
209406 0
043856 0
071016 0
130830 0
183204 0
084881 0
177271 0
283224 0
018973 0
122245 0
202744 0
101639 0
125707 0
115736 0
009985 0
174704 0
052460 0
035064 0
053145 0
185899 0
193204 0
284272 0
009036 0
211633 0
282265 0
101372 0
109109 0
010480 0
237793 0
068330 0
253186 0
264583 0
081708 0
144421 0
040450 0
120006 0
088539 0
113376 0
068850 0
087683 0
136268 0
093764 0
270014 0
134791 0
260478 0
061848 0
114712 0
147792 0
093748 0
069460 0
063818 0
013198 0
018959 0
270277 0
234859 1
234872 0
234703 0
145921 0
114187 0
093704 0
156468 0
113379 0
090125 0
234743 0
018836 0
135447 0
092943 0
161512 0
235773 0
036502 0
001606 0
046889 0
095051 0
186195 0
089400 0
221619 0
285357 0
254833 0
062813 0
086369 0
235894 0
277821 0
133870 0
186208 0
235895 0
077607 0
103984 0
091425 0
279434 0
040617 0
158693 0
192040 0
097269 0
019512 0
012544 0
238528 0
081278 0
174412 1
