256945 0
230335 2
230340 2
230428 2
230355 1
230426 2
206291 1
206280 1
206269 2
230364 2
230363 2
223497 2
196063 2
258140 1
193018 0
230344 1
230337 2
204674 2
204476 2
231924 0
257920 1
264311 1
198025 1
198244 1
258353 1
243031 1
277428 1
192945 1
275171 1
254519 1
235789 1
256116 1
253810 1
184158 2
253813 1
229488 1
184192 2
192678 2
192677 2
237009 1
192675 2
192663 2
192655 2
254610 1
194742 1
194745 1
275049 1
253648 1
237403 1
275053 1
225781 1
274684 1
273940 1
234111 1
202248 2
275057 1
275060 1
275022 1
225764 1
276653 1
225396 1
225455 1
225391 1
227723 1
280219 1
274755 1
190852 1
200051 1
234068 2
182488 2
279053 1
279055 1
176308 2
267334 1
234066 1
273216 1
269307 1
232476 1
234114 1
273448 1
201220 1
228971 1
170618 2
268961 1
231898 1
202805 2
235141 1
192572 1
221180 1
234820 1
018787 1
279002 1
267160 1
226749 1
211234 1
157915 2
192394 1
276458 2
274541 1
152397 2
286424 1
197763 1
012750 2
152394 2
234849 1
158185 2
244319 1
198024 1
191185 2
286427 1
158186 2
234413 1
234835 1
234744 1
190644 2
153792 1
256582 1
234736 1
230065 2
256447 2
285320 1
163471 0
210727 1
191890 1
284974 1
210361 1
267933 1
285304 1
263989 1
284985 1
197039 1
184530 2
159852 2
257589 1
244305 1
243640 1
184556 2
253072 1
184555 2
244397 1
184588 2
244399 1
184518 2
287774 1
243634 1
287546 1
160331 2
244416 1
171519 1
187255 2
187259 2
236111 1
255674 1
257974 1
255652 1
162819 2
198889 1
213213 1
257973 1
241490 1
164146 0
256043 1
259841 1
258195 1
279064 1
239343 1
199042 1
199044 1
199096 1
196081 1
154957 2
221402 1
254994 1
240271 1
278512 1
244910 1
179398 1
199069 1
199068 1
216295 1
162876 2
254248 1
274764 1
018698 1
162882 2
259015 1
155031 2
259514 1
154786 1
267238 1
274779 1
274670 1
154775 1
267401 1
274719 1
274365 1
154568 1
276906 1
229631 2
154881 0
229438 1
279422 1
154591 1
268031 1
271679 1
164091 1
257108 1
192558 1
154482 1
222521 1
154490 1
284330 1
221429 1
082641 1
158714 1
156647 2
002622 2
173650 1
282846 1
010786 2
220748 1
158606 1
276658 1
002815 1
156642 1
165387 1
219675 1
221656 1
219727 0
269168 1
154734 0
272303 1
154898 1
279771 1
282864 1
282847 1
221637 1
221581 1
278243 1
221887 1
222055 1
283188 1
071106 1
127117 2
127264 1
127279 2
284161 1
104279 1
274562 2
071104 1
278606 1
104277 1
278621 1
155576 1
278569 1
277173 1
277175 1
285653 1
274658 1
154427 1
274680 1
007158 2
274662 1
138253 1
082639 0
138290 1
149142 1
157679 1
138763 0
257094 1
152276 1
129926 0
255411 1
153710 1
116046 0
153712 1
256932 1
016635 1
244972 1
267629 1
257361 1
275061 1
244964 1
275400 1
244971 1
270939 1
256880 1
270986 1
275062 1
274678 1
270958 1
274772 1
270993 1
244973 1
257390 1
244974 1
247029 1
275135 1
275163 1
257443 1
271313 1
257370 1
256970 1
247385 1
154958 1
257499 1
274685 1
257138 1
257038 1
247415 1
274996 1
274786 1
257503 1
275000 1
274797 1
275414 1
270987 1
276843 1
270967 1
256892 2
173331 2
278702 1
193241 2
278785 1
173330 2
274620 1
247384 1
257161 1
276971 1
257313 1
247028 1
274713 1
275403 1
274625 1
274998 1
277000 1
274997 1
275074 1
274716 1
275486 1
274746 1
275079 1
275395 1
275416 1
275001 1
274736 1
274579 1
275402 1
257302 1
151544 1
257307 1
274706 1
257324 1
275212 0
275396 1
274777 1
256931 2
274703 1
257117 1
169647 1
274711 1
275399 1
275415 1
151318 1
256890 2
201672 2
257402 1
275002 1
276861 1
274733 1
151306 1
153556 1
275033 1
151305 1
201691 2
274768 1
156351 1
173216 2
276864 1
274741 1
274739 1
275076 1
274709 1
270948 1
173213 2
153571 1
153558 1
275078 1
270979 1
275413 1
274635 1
274841 1
274762 1
274778 1
162056 2
269894 1
173202 2
156693 2
274712 1
274737 1
274724 1
242337 1
274640 0
274783 1
274757 1
274674 1
274742 1
275260 1
274836 1
274962 1
153535 1
275038 1
274595 1
221981 1
274701 1
256888 2
240284 1
278615 1
173207 2
276849 1
278547 1
274740 1
276844 1
257140 1
275125 1
275137 1
242333 2
276664 1
156124 2
139392 1
274838 1
274760 1
274727 1
153052 1
274626 1
274720 1
221847 1
016029 1
221903 1
274667 1
275275 1
274573 1
274815 1
275121 1
151313 1
155167 0
276744 1
275151 1
139475 2
137861 1
161176 1
137821 1
276648 1
161388 1
151310 1
256940 2
138385 1
151545 2
152398 2
150202 1
274744 1
189917 1
150125 1
000106 1
276651 1
150117 1
274871 1
274632 1
137833 1
154788 2
275071 2
137856 1
274820 1
154789 2
274830 1
279051 1
257110 1
279059 1
276748 0
137374 1
148992 1
164291 2
137364 1
274749 1
275081 2
172953 2
274566 1
138292 0
137316 1
279065 1
276677 1
137288 2
274775 1
161303 1
137293 1
274734 1
202656 1
153458 0
176466 1
274570 1
274873 1
275659 1
195894 1
275068 1
233991 0
172878 1
257320 1
257321 1
173314 2
266772 1
172954 2
161146 1
154771 1
172929 2
173248 2
275401 1
257166 1
275026 2
269048 1
201954 2
256889 2
161847 1
173257 2
173318 2
173326 2
275857 1
276668 1
274602 1
275069 1
257172 2
269074 1
274627 1
161356 1
268780 1
275032 1
275030 0
268611 1
267124 1
274747 1
266768 1
275398 1
266443 1
274585 1
266069 1
275664 1
266362 1
274748 1
210492 1
197756 1
197214 1
197205 1
163129 2
257234 2
165833 1
163126 2
274633 1
266072 1
274732 1
257937 1
265282 1
165747 1
268960 1
274639 1
274601 1
265329 1
274600 0
268944 1
173329 2
273426 1
190808 1
173389 2
165837 1
190778 1
265315 1
273451 1
265245 1
265224 1
268954 1
268762 1
257365 2
173397 2
165875 1
175742 0
266784 1
269036 1
190827 1
269614 1
275350 1
276700 1
196878 0
269611 1
257237 1
257374 1
257438 1
257393 1
165716 1
268663 1
275349 1
165743 1
274568 1
269602 1
173411 0
166056 1
268674 1
160817 0
269465 1
179117 0
269020 1
167223 0
269547 1
268678 1
267989 1
247387 1
275509 1
275594 1
270981 1
256867 1
201070 1
273961 1
158332 0
270881 1
275006 1
158948 2
273936 1
237434 1
273221 1
257420 1
153738 1
276749 1
274016 1
201148 1
270935 1
270889 1
201059 1
201142 1
270953 1
257426 1
247346 1
270994 1
278684 1
274754 0
237420 1
237419 1
153085 2
257168 1
237435 1
257134 1
256987 2
276808 1
161192 0
157893 2
154824 1
154429 1
257167 2
278640 1
190777 1
157887 1
276359 1
276767 1
276357 1
002315 1
154826 1
229348 1
256965 2
275178 1
176421 1
025714 1
165398 1
077143 1
278641 0
034166 0
025296 1
276338 1
133162 1
270892 0
276380 1
176220 1
276566 1
247309 1
257415 1
140008 0
274592 1
205411 1
275472 1
245033 1
276593 1
281936 1
117133 1
159003 1
173386 1
159004 1
275280 1
250460 2
244873 2
204806 1
117120 1
276992 1
286426 1
257135 1
173381 1
256993 1
173408 1
173686 1
176408 1
257158 0
283475 0
153968 2
226723 0
224069 1
173898 1
286423 1
253792 0
232463 2
275430 1
177565 1
198157 1
276996 1
274807 1
173362 0
274801 1
177571 1
275283 1
275292 1
160962 1
274609 1
272223 0
274805 1
198455 1
274605 0
193971 0
198415 1
177920 1
141975 1
148961 0
153978 1
278532 1
271054 1
271059 1
177971 1
163762 1
178083 1
197244 1
198115 1
160865 1
271077 1
271036 1
197992 1
198118 1
238482 2
256893 1
271032 1
177885 0
278538 1
278540 1
275738 1
264989 1
197993 1
276339 1
276358 1
198101 1
142066 0
276360 1
276381 1
148555 0
276567 1
276716 1
276678 1
276715 1
274617 1
264027 1
274624 1
137220 2
187276 1
225454 1
154802 2
154517 2
257218 1
173315 2
257207 2
278629 0
150088 1
156492 1
154790 2
275031 0
225395 1
173042 1
154518 2
154811 1
277003 1
281038 1
278383 1
154764 1
079258 1
079259 1
005083 0
275805 1
173200 2
278386 1
176221 1
277004 1
156493 1
173205 1
224392 1
156486 1
223961 1
276848 1
176426 1
253652 0
176222 2
154126 2
141561 2
154131 1
075049 0
173296 1
276002 0
224160 1
276842 1
271322 1
267262 0
256982 1
173561 1
269246 1
173588 0
273262 1
225780 1
264799 1
271304 1
174422 1
277283 0
173805 1
271110 1
223899 0
174407 1
276742 1
174423 1
271601 1
190386 2
141958 0
014352 1
264858 1
275485 1
015744 1
132816 1
156494 0
275491 1
264860 0
012978 0
018867 0
276659 1
168132 0
264990 0
163455 1
174625 0
225787 1
181744 1
154671 1
264770 0
132796 1
154672 0
136199 1
273250 1
132716 1
285989 1
278559 1
285953 1
174697 1
132795 1
094328 1
147163 0
188814 0
174734 1
117901 0
047416 0
027124 0
052775 1
174863 1
174874 1
154756 1
176693 1
154813 0
278550 1
275070 1
142793 0
223479 1
052637 1
154749 2
132873 1
176731 1
276379 1
278551 1
015890 1
176735 1
162338 2
182631 1
176733 1
257678 1
176695 1
132834 1
132868 1
182637 1
063302 0
176738 2
275884 1
257672 2
133857 1
271124 1
158036 1
148787 1
211766 1
211580 1
173412 2
154902 1
211767 1
004144 1
002819 1
274636 1
118253 1
148772 2
275059 1
201578 0
278798 1
001552 1
138289 0
157176 1
063605 0
194719 1
276565 1
173415 2
173400 2
219643 1
173409 2
275056 1
219622 1
278734 1
221755 1
273305 1
264409 0
194727 1
238226 0
157181 1
211005 0
194510 0
275583 1
275080 1
150878 1
010552 1
230626 1
154130 0
275048 1
275581 1
273903 1
188101 2
193077 0
271065 1
230616 1
273888 0
273246 1
275365 1
271044 1
276757 0
275521 1
119489 0
271073 1
271391 1
229334 0
273214 1
275052 1
271015 1
276689 1
222898 0
271509 1
085631 1
094331 0
271508 1
085621 1
206973 0
128527 1
006983 0
201060 0
278616 1
278548 1
271406 1
271301 1
141321 0
270801 1
167973 0
171566 1
271591 1
171555 1
276667 1
278790 0
010931 0
128670 0
100648 1
138236 2
008754 2
087281 1
093474 0
049168 1
138237 1
255347 0
049176 1
279031 1
279770 1
250845 0
087259 0
172767 2
278917 1
041905 1
274574 1
270802 1
270798 1
013218 0
270992 1
138624 1
048718 2
172779 1
280025 1
275397 0
138605 0
257133 0
267771 0
253516 0
226748 0
280043 1
280084 1
257502 1
240606 0
012969 0
257498 0
280079 1
276822 1
101407 1
174650 0
280023 0
257121 1
272190 1
257127 1
276825 1
087144 0
173347 2
278637 1
097090 0
154522 1
173413 2
272193 1
019032 1
272403 1
154524 0
178286 0
272169 2
270957 1
278632 1
272128 2
100091 0
053844 0
209438 0
276801 1
272129 1
099631 0
114937 0
140626 0
272001 2
287543 0
262802 0
228168 0
276731 1
276738 1
271076 1
097100 1
168501 2
168502 2
168489 1
128671 1
196459 1
173334 1
168532 1
286643 1
202961 0
017340 0
272460 0
158453 1
256886 2
286782 1
286714 1
142249 0
196066 0
114191 0
154763 1
154809 1
154843 1
286809 1
154173 1
154068 1
278915 0
154633 1
154632 1
276939 1
153988 0
162815 1
276945 1
260981 0
114233 0
154836 1
154845 1
274020 1
257145 1
277516 1
259194 0
162906 0
257157 1
274366 1
214390 1
274014 1
129556 0
057706 0
257805 1
280206 0
277212 1
275363 1
253812 1
111499 1
164369 1
286781 1
154823 1
154067 1
161226 0
277228 1
267161 0
110352 1
097112 1
257800 1
276736 1
192994 0
154481 1
154489 0
277517 1
256927 1
286808 1
087129 0
257181 0
277681 1
153969 1
138735 0
276732 1
154793 0
187805 1
280041 0
221693 0
267885 0
137300 0
277615 1
275366 1
172888 0
276733 1
187815 2
275422 1
004884 0
173398 2
009509 0
238381 0
187237 0
172896 2
260364 1
004428 0
162356 1
173307 2
275039 0
137311 0
162351 1
278916 1
260380 1
173388 1
147090 0
256411 0
149983 1
160616 2
141319 0
280024 1
228611 0
173308 2
141362 0
173327 2
280042 0
030131 0
280083 0
057616 0
173190 0
201533 0
160610 2
119254 1
283476 1
283447 1
273815 0
014907 1
174628 0
270775 1
