222411 0
015842 0
206534 0
051209 0
124761 0
139552 0
162602 0
051194 0
216411 0
231729 2
231734 2
221708 1
200983 1
199560 1
201081 1
200969 1
201400 1
201255 1
201258 1
200476 1
221913 2
221911 2
219516 1
219493 1
222073 1
222127 1
219549 1
222234 1
222235 1
219182 1
219135 1
197356 1
191748 0
217215 1
220010 1
220015 2
220016 2
219995 2
219972 1
219768 1
219756 1
211241 1
053519 0
208102 0
162992 0
222155 0
225425 0
230837 1
280647 0
218890 0
078158 0
269301 1
243426 0
244513 1
244521 1
236826 0
262159 1
265165 0
115527 0
225149 0
260871 1
260904 1
077365 0
263369 1
260971 1
260972 2
260973 1
261018 1
261046 1
260990 1
270873 0
139169 0
279792 1
243351 0
279788 1
260991 0
164504 0
279544 1
029261 0
142145 0
262452 1
115600 0
230849 0
028855 0
243227 0
219942 1
019053 0
277997 0
275418 0
032794 0
173060 0
065268 0
279543 0
219767 0
209294 0
139836 0
261311 1
261313 1
261019 0
115807 0
275710 0
028432 0
263615 0
221868 2
221861 1
043798 0
022405 0
268219 0
050936 0
258542 0
262158 0
243465 0
219918 1
220065 1
220066 1
258445 0
211870 0
198220 0
276206 1
158691 0
220772 0
221740 1
219661 1
205443 0
221875 1
221770 1
280206 0
276205 0
022682 0
221864 0
281366 0
006243 0
266724 0
232609 0
219763 1
083067 0
220424 0
027508 0
243191 1
243183 0
243192 1
288057 0
163089 0
191747 0
278802 0
284943 0
162525 0
039042 0
164492 0
270915 0
179398 0
163880 0
219510 0
116849 0
077374 0
115926 0
269643 0
025214 0
022398 0
221997 0
223679 0
278307 0
164043 0
198245 0
253914 0
053112 0
018663 0
142184 0
264675 0
174250 0
245006 0
056316 0
147377 0
059140 0
163233 0
269304 0
221693 0
028611 0
019237 0
115822 0
162425 0
229563 0
186756 0
041627 0
095941 0
163027 0
261047 1
212535 0
006703 0
142200 0
006444 0
199182 0
022376 0
288056 0
269751 0
243352 0
264038 0
219487 0
044851 0
198035 0
134320 0
220394 0
151200 0
220067 0
242605 0
230859 0
225150 0
032836 0
214259 0
228507 0
056361 0
196436 0
269070 0
095209 0
280715 0
269117 0
116322 0
123798 0
278805 0
162921 0
162510 0
279682 0
243350 0
267586 0
162308 0
009119 0
006341 0
223288 0
042205 0
225956 0
262573 0
163203 0
038951 0
228883 0
221191 2
