278758 0
070284 2
103457 2
070151 2
103324 2
070059 2
103232 2
070056 2
103229 2
070061 2
103234 2
070085 2
103258 2
070108 2
103281 2
070010 2
103183 2
112385 2
111963 2
108202 2
097701 0
261760 0
041509 2
099086 0
108802 0
041810 2
041953 0
093938 2
093941 2
093892 2
093931 2
093942 2
094008 2
094071 2
109380 2
098366 2
109381 0
069762 0
099069 2
099342 2
099357 0
099790 0
094699 2
098070 2
098021 2
099083 2
114382 2
114462 2
098104 2
114384 2
098059 2
098097 2
098644 2
098639 2
098629 2
098020 2
097817 2
097815 2
098784 2
098793 2
099092 2
099104 2
098777 2
097808 2
097821 2
098029 2
098010 2
098028 2
098068 2
097857 2
097973 2
097830 2
097974 2
097925 2
094612 2
079592 0
097920 2
094558 2
097949 2
116573 2
093698 2
099192 2
097157 0
094056 2
094081 2
094550 2
094481 2
094074 2
094046 2
093948 2
096207 2
117575 2
094564 2
095986 2
138037 2
095958 2
062153 0
125023 2
125021 2
096231 2
119817 0
096201 2
096181 2
100245 2
108817 2
100034 2
004518 2
102061 2
004379 2
118512 2
118728 2
095399 0
004409 2
101226 2
004171 2
118566 2
118279 2
006934 2
140247 2
097696 0
094055 2
140355 2
140266 2
020886 0
094054 2
120557 2
094051 0
097344 0
101876 0
098797 2
098781 2
099515 2
125036 2
138970 2
111293 2
111268 2
111269 2
133661 2
139214 2
041917 0
096936 2
101255 0
133721 2
146000 2
018552 1
096894 2
145974 2
128739 1
095978 2
131127 2
095032 2
128871 2
145317 0
018460 2
128788 2
128747 2
093114 0
138459 2
138425 2
004032 0
138468 2
094973 2
128870 2
094827 2
112572 0
094729 2
094698 2
128869 2
117703 2
094749 2
004124 2
118235 2
096043 2
117708 2
096648 2
096003 2
094019 2
094020 2
093973 2
117710 2
096002 2
261084 0
007411 0
117564 2
096049 2
101189 2
099792 2
095882 2
098499 0
092794 0
243722 0
101190 2
096209 2
096206 2
117556 2
131994 0
094068 2
012267 2
187021 0
100464 0
236564 0
196375 1
097345 0
135085 0
005062 2
119461 2
119264 2
119260 0
101555 2
101412 2
007874 0
108127 2
017303 0
117966 0
096240 2
100286 2
133940 2
109421 2
113717 0
118516 2
095659 2
004419 2
114151 2
123285 0
132568 0
109713 0
098362 2
098360 0
183235 2
133951 0
090946 0
121410 0
187114 0
092536 2
092971 2
095413 2
091982 0
095398 2
094587 2
095404 2
131145 0
137329 0
197193 2
074842 2
092554 2
197191 2
098620 2
092542 2
098529 2
197197 2
095826 2
098525 2
092463 2
098633 2
092526 0
098508 2
093912 2
005432 2
119916 0
093889 2
102131 0
075008 2
093940 2
097333 2
074864 2
093853 2
093794 2
095303 2
097335 2
085090 0
119989 2
096061 2
094235 2
094232 0
095347 2
095965 2
095084 0
095941 2
088008 2
087998 2
094229 0
087982 2
275779 2
092937 2
114787 0
100227 0
086514 2
087986 0
101875 1
067592 2
093478 2
101868 0
067615 2
067563 2
002717 2
067636 2
064669 2
067649 2
068254 0
004198 2
108731 2
108729 2
108710 2
094178 2
100428 2
100279 2
100378 2
108711 2
100303 1
108730 2
108732 2
108624 2
094852 0
071453 2
104626 2
092949 0
111794 2
111762 2
094209 2
068298 0
099824 0
243192 0
093802 2
066421 0
086581 2
086596 2
086637 2
071716 0
086654 2
092951 2
098354 0
061186 0
094935 0
092934 2
086655 2
107776 0
114915 2
086741 0
101791 2
114911 0
086776 0
114837 0
094522 2
156660 0
094440 2
098324 2
078739 2
078741 2
078746 2
078772 2
098300 2
095614 0
098302 2
078778 2
098321 2
231476 0
095225 2
114207 2
095228 0
078271 2
132001 2
051651 0
091317 2
074433 2
079654 0
091286 2
068434 0
131999 2
131993 2
072263 2
131996 2
105436 2
107606 2
001235 0
102108 0
114971 2
114208 0
095217 2
143423 2
143418 2
099271 2
143414 0
133891 0
095230 2
071499 0
139721 2
001330 2
141970 2
131020 2
095432 0
017937 0
092601 2
095086 0
092615 2
131016 2
095524 2
131014 1
060971 2
131460 2
131482 2
096401 0
060968 2
061662 0
131490 2
131493 2
131505 2
092875 0
142421 2
126999 2
109676 0
128136 2
001887 2
138849 0
098280 2
138061 0
094848 2
094752 2
148908 2
133746 2
010253 0
120708 1
065101 2
007217 2
120778 2
065068 2
120594 2
009871 2
122229 2
065663 0
155568 2
155560 2
099295 2
099293 0
279290 2
272041 0
164635 2
164649 2
162048 2
142538 2
268459 2
063264 2
114863 0
142394 2
138878 2
064517 2
133912 2
133919 2
063267 2
133920 2
133773 2
151732 2
102086 0
179523 2
142387 2
152489 2
189892 0
152457 2
152492 2
063331 0
202877 2
202878 2
164910 2
140525 0
061265 0
202529 2
201732 2
256266 2
275361 2
233721 1
256268 2
011334 2
256264 2
152334 2
152337 2
115150 0
256259 2
256244 2
122716 2
122712 2
142511 2
122714 2
194511 2
129585 0
111377 0
258755 2
122708 2
234100 2
142521 2
182823 2
164156 2
108806 0
163061 2
164228 2
175594 2
165225 2
006972 2
122690 2
162959 2
169756 2
120597 2
199021 2
162985 2
163927 2
169786 2
224903 2
224901 2
168553 2
169771 2
169787 2
010474 0
169746 2
169754 2
163208 2
169750 2
169744 2
063058 2
257529 0
224816 2
126367 1
224894 2
224748 2
153606 0
224893 2
224815 2
224743 2
224741 2
193910 2
000920 1
131413 0
224759 2
069740 2
224690 2
102913 2
101989 0
001120 0
131746 2
098200 2
098375 2
096986 0
130398 2
098045 2
146800 2
193987 2
165988 2
130164 0
085184 0
066285 2
128226 0
119474 0
176680 2
266984 0
063759 2
166008 2
176683 2
079580 0
138447 0
085068 0
157676 2
194942 0
014334 0
170092 2
138528 2
281621 2
159878 2
138516 2
104889 0
159806 2
159884 1
144448 2
159802 2
159879 2
032198 2
083156 0
169455 2
244452 0
099273 0
133208 0
159886 0
199741 2
144461 2
001778 2
155575 0
257559 2
124914 2
017392 2
114205 0
017676 2
219542 2
129322 2
129516 2
257540 2
257534 2
155289 2
092070 2
005817 2
120432 2
120430 2
257539 2
265488 0
092249 2
130291 2
130292 2
130318 2
017318 2
093856 0
158238 0
148809 2
132577 0
129572 2
001997 0
163724 2
220574 0
261063 2
163725 2
123281 0
001821 0
163730 2
093095 0
163727 2
179214 2
184854 2
184857 0
132566 0
260347 0
261057 2
261068 0
243927 0
071377 2
112328 2
076870 2
104550 2
071364 2
104537 2
077026 2
069170 2
220609 0
102343 2
077029 2
177516 2
167959 2
188852 0
017314 0
005703 2
163739 0
120323 2
111735 0
142441 2
121547 0
281187 2
011266 0
192455 2
094380 2
099248 0
117907 2
235939 0
032221 2
090825 0
201468 0
032223 2
114954 0
117927 2
094388 2
131985 0
281036 2
190368 0
138306 2
138334 2
138336 2
138363 2
005707 2
162429 2
117163 2
281012 2
032224 2
190412 0
280972 2
084566 2
280920 2
147441 2
242819 0
084567 2
084568 2
147420 2
084559 2
084558 2
079747 0
116551 2
116967 2
147422 2
147443 2
093719 0
001228 0
085285 2
085261 2
090133 0
070582 2
127166 0
103755 2
120328 2
110351 2
085206 0
092793 0
068637 0
162827 2
142636 2
142650 2
162829 2
100741 2
129155 0
139541 2
181843 0
007437 2
120948 2
120928 0
142617 2
070148 2
153527 0
103321 2
001203 0
086725 0
237341 2
142637 2
070343 2
018134 0
162986 2
084634 2
103516 2
139618 2
139619 2
163062 2
084649 2
100751 2
223994 0
184858 0
142410 1
007056 0
163741 0
149293 2
084631 0
132602 0
100758 2
086601 2
009607 2
090497 2
122050 2
099761 0
280215 0
062156 0
135520 0
099647 0
157033 0
131414 2
131421 0
142106 2
144464 2
144447 2
090713 0
146532 0
084628 2
136132 0
116147 0
144519 2
177947 2
144446 2
094754 2
177952 2
178726 0
192032 2
143222 0
031159 2
094758 2
084626 2
094949 1
091352 0
084629 2
259558 0
060989 2
266398 2
094368 2
060988 2
031144 2
064203 2
064219 2
094244 2
098779 2
094369 2
094377 2
098801 2
060995 2
094378 2
064162 2
064198 2
094385 2
094379 2
006872 2
087602 2
119685 2
199448 2
099834 2
119701 2
120500 2
010349 2
199462 2
099878 2
005543 2
099786 2
120122 2
122671 2
199420 2
139690 2
197928 2
083309 2
144933 1
188211 0
095423 0
011222 0
197893 2
076093 2
198038 2
083328 2
198007 2
132135 0
130081 0
153562 0
076285 2
144337 2
141038 2
131986 0
077763 0
083343 2
140978 2
140980 2
148104 2
152115 2
158158 2
093951 0
238700 2
199699 0
062701 2
135685 2
002762 0
117639 2
134798 0
187313 0
009919 0
126771 0
267776 0
052084 0
132567 0
081142 0
083900 2
152714 2
058989 0
127702 0
258918 0
146071 2
084521 2
084690 2
177027 0
148703 0
084692 2
084712 2
144444 0
084711 2
097843 0
084714 2
084707 2
009409 2
121867 2
121859 2
279608 0
221758 0
235950 0
171511 2
087980 0
033125 0
070319 2
079079 2
171578 2
171512 2
098576 0
261062 0
083219 2
171491 2
083222 2
107846 0
125011 0
025131 2
103492 2
070323 2
103496 2
070100 2
070364 2
103273 2
094390 2
070285 2
070114 2
083254 2
139825 0
103287 2
083253 2
070117 2
103290 2
103458 2
219985 2
103537 2
070424 2
094389 2
103597 2
086157 0
083279 2
070450 2
190371 0
094387 0
159721 2
159716 2
084391 2
162409 2
084237 2
103623 2
070494 2
159666 2
057700 0
103667 2
199217 0
098946 0
084394 2
070341 2
014186 2
103514 2
070390 2
116747 0
103563 2
083220 2
110452 2
104672 0
150386 0
097690 0
133210 0
160190 0
099161 0
220835 2
091584 0
220821 2
065854 2
166779 0
098342 0
018362 0
132366 2
181801 0
094832 2
098441 2
098505 2
089198 0
095448 0
065858 2
236593 0
098411 2
084041 0
168117 0
161412 2
067847 2
000972 1
149166 0
161444 2
161413 2
064317 2
161400 0
095937 2
064285 2
091338 0
233277 0
146719 2
153746 0
112806 2
090613 0
098443 2
095961 2
156303 0
096033 2
018112 2
129074 2
129046 2
129078 2
189162 2
007940 2
095638 2
056274 2
078325 2
189169 2
189164 2
095600 0
189161 2
121353 2
137910 0
085623 2
078345 2
088441 0
085591 2
097742 0
078404 2
078236 2
098461 0
189160 2
078237 2
142622 1
198142 0
094490 0
065986 0
059452 0
095579 0
127087 0
112821 2
112834 2
056677 2
134639 0
062130 0
048069 2
244562 0
048075 2
268175 0
159722 2
093409 0
195952 2
240111 0
112769 2
083226 0
122194 0
099992 0
233730 0
086283 2
195950 2
195935 2
111259 2
128167 2
270839 0
129059 0
111349 0
139053 0
137110 0
061383 2
061385 2
061365 2
066306 0
205910 0
149696 2
112773 0
096761 2
094381 0
158434 2
096656 2
098850 2
098810 2
061364 2
158390 2
128216 2
098847 2
098751 2
181971 0
052272 0
145059 0
061368 2
136103 0
098067 0
119458 0
098497 0
116149 0
155996 2
131423 0
166522 0
164548 0
239097 0
011993 2
065856 2
064514 0
255889 0
085204 0
161443 2
012090 2
252852 0
065895 2
161410 0
065912 2
109982 0
262790 0
142540 0
230587 0
076683 2
266836 0
120924 0
268490 2
159101 2
060902 2
159093 0
201811 0
010261 0
145064 0
083854 0
268829 0
174656 0
075324 2
258512 0
098179 0
175188 0
075588 2
225544 0
075341 2
169797 2
075609 0
169781 2
169798 2
169282 0
093874 0
256130 0
064516 2
015251 2
186742 2
172768 0
125486 2
186703 0
016908 0
074763 0
149386 0
161411 0
061345 2
100549 0
096685 2
094400 2
097084 0
071710 2
112772 0
079302 0
063415 0
094432 2
094353 2
018469 0
101209 2
061340 2
116746 0
086487 2
144525 0
104883 2
095006 0
000184 0
072189 2
105362 2
071684 2
104857 2
219997 0
094245 2
069856 2
112134 0
103029 2
097898 0
061045 2
061086 2
132006 0
112401 2
086015 2
226243 0
164606 0
130134 0
113262 2
061144 0
280136 0
111367 0
007759 2
157032 0
063851 1
078530 0
121183 2
226799 0
069757 0
283473 2
063850 2
098977 2
228333 0
152785 0
033115 2
093573 2
033131 0
062157 0
180514 2
287256 0
163440 0
093565 2
065032 2
180465 2
098972 2
011143 0
283178 2
280180 0
283164 2
098848 2
098707 2
086138 0
084945 2
046980 2
098771 2
098726 2
085081 0
085103 0
064218 2
260644 2
094297 0
141527 2
090626 0
020980 0
028838 0
243183 0
191347 0
146514 0
098160 0
181536 2
168684 2
140197 0
168685 2
286317 0
132614 0
033130 1
058096 2
067094 0
084144 0
066294 2
032134 2
046905 2
098383 0
137945 2
058050 2
098409 2
083329 0
110609 2
145310 0
220815 0
058014 2
058093 2
219441 2
219476 2
096236 0
219420 2
032206 2
027448 0
098446 2
098180 0
051632 0
060859 2
144985 0
098413 2
063418 0
137967 2
219372 2
168732 2
168733 2
149319 2
149318 2
169139 2
149212 2
093182 2
132045 2
137991 2
102025 1
066587 0
161920 0
173196 0
002281 0
058505 2
169140 2
063416 0
012795 2
064582 2
122580 0
102009 0
096983 0
071212 0
095424 0
146110 2
146128 0
169287 0
230390 0
182023 0
162208 0
088919 0
139416 0
124355 0
168889 0
111530 2
032896 0
159801 0
079190 2
023098 0
265209 0
032338 2
128225 0
079743 0
064820 0
097631 0
241537 2
114290 0
079227 2
256590 0
241468 2
032407 2
061749 0
149617 0
101633 2
053539 2
070888 0
094296 0
241538 2
169567 2
101669 0
169549 0
193467 0
083225 0
111511 2
162209 0
151386 0
098315 0
189109 0
111909 2
092710 0
036482 0
145142 2
062733 2
252455 0
118111 2
267234 0
017936 2
064258 0
131134 0
118121 2
129156 2
288561 2
116148 0
232460 1
118112 2
041234 0
251229 0
129223 2
181611 0
018477 0
151154 2
121026 0
129224 2
101635 2
288510 2
197138 0
145156 0
066154 0
097895 0
006383 0
066425 0
134919 0
129222 2
145242 0
058789 2
017845 2
151373 2
112754 0
002688 2
112295 0
094346 1
129219 2
151160 2
147909 2
147835 2
097272 0
288756 2
017740 2
072109 0
288729 2
129280 2
013611 0
128152 2
101187 0
271282 2
132764 0
122607 0
010705 2
252749 0
176756 0
240635 0
151168 2
271136 0
112868 2
128432 0
044916 0
134713 0
090584 0
268474 0
095526 0
026685 0
147627 2
177695 0
271137 0
109960 0
236358 2
067483 0
016573 0
085248 0
179551 0
161919 0
168946 0
059455 2
240431 0
131654 2
230742 0
147638 2
271022 0
147680 2
147674 2
001233 0
147651 2
262399 0
033107 0
060845 0
175706 2
168890 0
201605 0
014791 2
099698 0
147626 2
052466 0
132097 2
035821 0
095786 2
157905 0
114552 2
018674 2
144974 0
110617 0
031968 2
031591 2
000858 0
093044 2
142123 2
142475 0
142059 2
031604 0
141978 2
197136 0
241136 2
001307 0
114596 2
114618 2
121123 0
092942 0
146966 0
091116 0
210746 0
064244 2
198127 0
061054 2
032012 2
033351 0
122643 2
187119 0
201858 2
033675 0
086828 0
069157 0
010351 2
033372 2
122672 2
016861 0
288941 0
194966 0
070933 2
122654 2
122665 2
122598 2
122595 2
104106 2
122547 2
031478 2
071135 2
104308 2
210042 0
108847 2
110582 2
122561 2
081330 2
007726 0
110676 2
108814 2
101039 2
081324 2
086802 0
108773 2
133015 0
075319 2
083322 0
267964 0
121209 0
081320 2
109125 2
110550 2
039735 0
141213 2
141180 2
124676 2
124691 2
101440 2
000809 0
139048 0
101437 2
196637 0
168306 0
011607 2
000105 0
122798 2
198159 0
122794 2
033664 0
126897 2
069222 0
122795 2
099731 2
128780 0
068431 2
111257 0
126898 2
070701 2
063001 2
068505 2
099730 2
253342 0
103874 2
068432 2
063021 2
062946 2
281456 0
062988 2
062991 2
062970 2
001194 0
116772 2
125422 0
090540 0
263934 0
002844 1
061502 0
013609 0
094525 2
003267 0
094355 2
134146 0
278519 0
214395 0
138445 0
097677 2
099527 2
138919 2
099401 2
058253 2
177685 0
050705 2
050699 2
139688 0
099521 2
262386 0
085145 0
099176 0
146709 2
282029 0
098198 0
138900 2
110915 0
156664 0
094319 2
148757 0
006652 0
058264 2
174605 0
007794 0
234836 0
115026 0
127149 0
157039 0
006189 0
064547 2
058856 2
012609 0
066422 0
271292 0
010774 2
056296 0
068448 0
097733 0
089089 0
281458 0
256483 2
131997 0
009414 0
098335 0
163430 2
083434 0
243954 0
011817 0
001054 0
108061 0
243264 0
202678 0
161224 0
033595 0
132000 0
271476 0
085165 0
089215 0
099614 0
234951 0
184478 0
128183 0
181941 0
205055 0
158725 0
058301 2
130169 0
141773 0
181501 0
270840 0
098450 0
098582 0
160292 0
015363 0
252922 0
058274 2
108967 0
100685 0
183511 0
097807 2
243928 0
097749 0
145968 0
033547 0
007756 2
121178 2
170604 0
176745 2
233769 0
156661 0
075722 2
132137 0
137008 0
140477 0
096340 0
032502 2
093015 0
176743 0
180954 0
112092 2
112096 2
155236 0
273394 0
121541 0
076297 0
009147 2
032450 2
031921 2
178560 0
076438 0
032442 2
032446 2
032485 2
154676 0
244272 0
121639 2
097738 0
166482 0
009125 0
067216 2
258741 0
176741 0
067145 0
119744 2
068422 0
018624 0
060253 0
179518 0
253325 0
094966 0
176747 0
052093 0
133828 0
157795 0
133887 2
192494 0
109027 2
277403 2
109021 0
098328 0
117563 0
152923 0
052117 0
068022 2
186297 0
012582 2
016714 0
109025 2
098613 0
095005 0
176748 0
012662 0
009818 0
023328 0
109020 0
064817 0
181471 0
225504 2
088908 0
230643 2
194115 0
004538 2
188181 0
007070 0
194510 0
067953 0
181962 0
240630 0
225505 2
225522 0
135155 0
064613 0
001990 2
010302 0
124350 0
070757 0
058286 2
004507 2
219616 2
128937 0
004565 2
143213 0
150439 0
118714 2
125371 0
287670 0
157024 0
006214 0
039814 0
113131 0
074562 2
080038 2
182969 0
131292 2
109024 0
109026 0
190193 0
074788 2
012237 0
154698 2
196450 2
141318 0
138454 0
179180 0
086462 2
166326 0
159729 0
032200 2
072053 0
062992 2
145074 0
000329 2
099334 0
156662 0
090502 0
062972 2
196446 2
010265 0
066376 0
086198 0
150863 0
232153 0
092399 0
097481 0
099818 0
009233 2
129692 0
060871 2
092379 0
123864 0
230954 0
032340 2
109253 0
034577 2
032341 2
121709 2
039340 2
231762 0
198536 0
063391 0
127784 0
064971 0
064953 0
281462 0
018560 0
058199 0
032328 2
088044 2
088043 2
138444 0
158750 2
099405 0
101978 2
261763 0
102038 2
015129 2
189080 0
069174 0
137413 0
125610 2
058024 2
039277 0
032401 2
114999 0
035188 0
003627 0
128920 2
030579 0
089087 2
004154 0
155235 0
080336 0
029478 2
208821 0
086603 2
088917 0
232821 0
195994 0
086693 0
226163 0
201334 0
044724 0
134819 0
061219 0
095745 0
164909 0
017448 0
189126 0
155212 0
205097 0
029520 2
093668 2
234850 0
086062 0
018953 0
260348 2
090835 2
069841 2
058019 2
042243 0
093659 2
110863 0
092033 0
058026 0
260318 0
103014 2
255861 0
090504 0
095584 0
148272 0
260323 2
051779 0
013745 0
092410 0
061832 0
093460 0
155213 0
121128 0
258492 0
237999 0
082319 2
119743 2
152331 0
083323 2
279015 0
064145 2
048081 0
178354 0
035811 0
032833 0
196067 0
194936 0
148940 0
085839 0
117382 0
182846 0
132201 0
137323 0
165313 0
062987 0
097474 0
095234 0
133028 0
119753 2
141550 2
244339 0
050158 0
018169 2
114843 0
141249 2
089981 0
129068 0
149385 0
008402 2
009267 2
030201 0
098075 0
128986 2
099398 0
258395 1
160358 2
005284 2
