248179 2
248350 1
246306 1
251499 1
248746 1
246184 1
249641 1
248531 1
245822 1
246683 1
250299 1
246276 1
246167 1
250065 1
246833 1
246569 1
246510 1
245436 1
248062 1
245173 1
245137 1
247715 1
246202 1
247999 1
249234 1
245974 1
245370 1
250221 1
250052 1
250973 1
247528 1
246675 1
246218 1
248829 1
247478 1
251254 1
248705 1
250920 1
246957 1
249236 1
248933 1
246534 1
248036 1
246749 1
246872 1
247558 1
248135 1
249103 1
253320 1
249568 1
245911 1
251297 1
246566 1
247630 1
245866 1
245871 1
248734 1
246340 1
248192 1
249490 1
248539 1
245611 1
246423 1
247536 1
251124 1
246603 1
247638 1
246594 1
251630 1
246910 1
246971 1
247447 1
250592 1
250816 1
248391 1
246293 1
245448 1
247200 1
248088 1
247403 1
248246 1
250064 1
246815 1
245877 1
247187 1
245973 1
248056 1
248183 1
249280 1
245631 1
245211 1
247687 1
248230 1
248750 1
245496 1
248732 1
249758 1
249138 1
248162 1
249689 1
248591 1
248551 1
249067 1
251401 1
245932 1
246323 1
249417 1
246312 1
248430 1
248836 1
245424 1
245183 1
247792 1
252352 1
251995 1
248006 1
249464 1
247124 1
248887 1
248905 1
246401 1
248035 1
246914 1
248857 1
249212 1
246826 1
245487 1
247603 1
247766 1
245810 1
251232 1
249249 1
245837 1
246743 1
247700 1
248381 1
246715 1
245383 1
245741 1
248626 1
247497 1
246923 1
246375 1
245750 1
248945 1
249328 1
247847 1
250579 1
247146 1
249646 1
247292 1
245999 1
248881 1
246851 1
245995 1
246372 1
246446 1
249668 1
248538 1
249245 1
251488 1
248143 1
246913 1
250505 1
247015 1
247294 1
248797 1
246554 1
247642 1
248388 1
247508 1
246723 1
246329 1
245401 1
245684 1
248762 1
247157 1
250937 1
248186 1
249565 1
248972 1
245737 1
245854 1
246586 1
245403 1
250542 1
246700 1
247942 1
247791 1
249965 1
247320 1
246177 1
248204 1
251243 1
250220 1
246239 1
248864 1
246106 1
247996 1
248345 1
246108 1
248891 1
247566 1
245706 1
254596 1
245693 1
245992 1
245418 1
247636 1
253140 1
249297 1
250346 1
250486 1
250013 1
248911 1
246949 1
245707 1
248872 1
245926 1
245434 1
248728 1
246653 1
245546 1
250975 1
252665 1
249079 1
248638 1
249724 1
248568 1
248395 1
249699 1
251244 1
249047 1
247286 1
248692 1
247519 1
247782 1
246369 1
249472 1
251423 1
246023 1
249330 1
249840 1
246830 1
248668 1
249813 1
246582 1
248893 1
246626 1
248411 1
245762 1
249260 1
250206 1
248285 1
245614 1
248701 1
250955 1
245325 1
245789 1
247373 1
247773 1
247972 1
255358 1
251084 1
248117 1
248922 1
245275 1
246289 1
247269 1
250774 1
249848 1
247184 1
245470 1
246296 1
250030 1
247983 1
246619 1
246036 1
249115 1
246935 1
249746 1
246682 1
247305 1
246620 1
245229 1
248550 1
250566 1
248011 1
250083 1
251564 1
250117 1
249325 1
249261 1
254117 1
246413 1
247621 1
246880 1
247582 1
247904 1
248173 1
247634 1
249283 1
246719 1
248959 1
249715 1
245681 1
247228 1
245283 1
248266 1
245148 1
246418 1
247857 1
245474 1
248495 1
246690 1
250550 1
245202 1
250977 1
250852 1
249679 1
249885 1
246172 1
249974 1
247315 1
247057 1
251183 1
247311 1
246652 1
249790 1
246311 1
247263 1
246791 1
249442 1
245199 1
247988 1
249860 1
245371 1
247514 1
249843 1
248138 1
250303 1
249113 1
250192 1
245643 1
248892 1
250568 1
250269 1
247727 1
245367 1
251233 1
247859 1
247665 1
249309 1
253398 1
247958 1
248686 1
249117 1
247616 1
246730 1
250653 1
245146 1
245175 1
247128 1
247853 1
246504 1
245127 1
247121 1
246694 1
252673 1
247139 1
245426 1
248174 1
249516 1
247189 1
247540 1
250634 1
248392 1
249478 1
247209 1
248157 1
248459 1
249609 1
246610 1
245713 1
247432 1
245566 1
249624 1
248930 1
246555 1
248796 1
248808 1
246576 1
250764 1
246208 1
249501 1
247107 1
246708 1
245635 1
247108 1
248046 1
245168 1
247420 1
250842 1
245329 1
247861 1
248764 1
247069 1
246786 1
251157 1
249763 1
250308 1
246279 1
247845 1
247152 1
250283 1
247475 1
248044 1
247631 1
248806 1
250226 1
245392 1
253048 1
249058 1
249705 1
250029 1
250381 1
247270 1
246760 1
246420 1
247243 1
251279 1
249393 1
246783 1
245161 1
248164 1
249051 1
248142 1
246866 1
248240 1
248024 1
249598 1
249262 1
250753 1
247214 1
250724 1
246805 1
249341 1
248815 1
251897 1
249224 1
246064 1
250513 1
249654 1
247314 1
249986 1
250135 1
247748 1
245856 1
247653 1
247261 1
249611 1
246981 1
249270 1
250960 1
250184 1
248123 1
246104 1
250831 1
246855 1
249717 1
251014 1
250839 1
248185 1
250416 1
245842 1
245817 1
248278 1
247764 1
249367 1
246770 1
247161 1
246287 1
247581 1
249604 1
247357 1
249281 1
251356 1
247784 1
248018 1
250470 1
249320 1
247771 1
249118 1
245733 1
247517 1
247278 1
247281 1
249784 1
246048 1
249727 1
251208 1
246927 1
246843 1
248987 1
246146 1
245248 1
248301 1
246604 1
250836 1
247465 1
247460 1
249605 1
245297 1
245126 1
249797 1
246091 1
248685 1
246111 1
248777 1
245931 1
249978 1
251309 1
249253 1
246660 1
248081 1
251805 1
248084 1
247259 1
248439 1
245580 1
248297 1
246609 1
245881 1
247103 1
245238 1
249656 1
247674 1
245360 1
248703 1
247225 1
247127 1
250095 1
250509 1
249093 1
246799 1
249119 1
245493 1
249733 1
247504 1
247454 1
247987 1
247835 1
245547 1
247523 1
248245 1
247619 1
249354 1
249494 1
246126 1
249574 1
248022 1
251412 1
248188 1
245276 1
251264 1
249050 1
245621 1
248347 1
249248 1
247924 1
247296 1
248091 1
247258 1
248601 1
245957 1
245451 1
248502 1
247359 1
245503 1
250089 1
248328 1
247570 1
246452 1
245670 1
245303 1
247654 1
246821 1
247509 1
250432 1
248133 1
247239 1
250090 1
246144 1
245934 1
245696 1
245337 1
247313 1
248360 1
249623 1
247082 1
249217 1
246960 1
248720 1
250912 1
247943 1
248216 1
245619 1
250125 1
250185 1
249166 1
248664 1
246238 1
245159 1
245770 1
247176 1
245790 1
249165 1
247522 1
246448 1
248805 1
249446 1
249586 1
246044 1
247141 1
247944 1
248424 1
246825 1
248051 1
246790 1
245251 1
248816 1
246343 1
246378 1
249175 1
246269 1
246407 1
246157 1
246463 1
247398 1
248603 1
247367 1
246726 1
246307 1
249825 1
246668 1
245774 1
253624 1
246314 1
250415 1
247993 1
246139 1
247881 1
249184 1
248704 1
248037 1
249132 1
248065 1
249445 1
246891 1
250534 1
246258 1
246982 1
255084 1
246532 1
245254 1
248445 1
246243 1
249838 1
246399 1
250236 1
249560 1
247159 1
250056 1
245495 1
251800 1
246335 1
246232 1
249300 1
251784 1
250754 1
247920 1
245963 1
249128 1
246761 1
250447 1
246321 1
250785 1
245699 1
252537 1
247976 1
247125 1
245519 1
246025 1
245533 1
249285 1
249836 1
248558 1
245444 1
247356 1
247651 1
246087 1
246670 1
247055 1
247953 1
245425 1
249653 1
247213 1
245589 1
248974 1
245743 1
246435 1
247172 1
249156 1
248358 1
247549 1
252305 1
248488 1
247625 1
250304 1
245220 1
248655 1
249710 1
249026 1
246194 1
248380 1
246003 1
248076 1
246941 1
247190 1
245135 1
247433 1
246012 1
247772 1
248785 1
247873 1
249021 1
247754 1
248691 1
251185 1
247992 1
249799 1
246300 1
249241 1
249112 1
245630 1
245559 1
248825 1
246169 1
245848 1
248548 1
245742 1
245675 1
249196 1
250498 1
254100 1
246896 1
249580 1
246917 1
248657 1
248068 1
245288 1
246490 1
248963 1
247246 1
245698 1
245273 1
248078 1
248063 1
245149 1
245498 1
245660 1
249194 1
247201 1
246389 1
249589 1
247823 1
251002 1
248636 1
253330 1
247882 1
251025 1
248160 1
249524 1
249193 1
247756 1
245937 1
247334 1
246795 1
248683 1
246320 1
247036 1
249016 1
246393 1
245902 1
248273 1
247065 1
247840 1
249323 1
248296 1
253494 1
248122 1
251991 1
247971 1
247337 1
247755 1
248258 1
246933 1
245577 1
248071 1
246348 1
245352 1
247038 1
247041 1
245604 1
248559 1
248858 1
246382 1
246257 1
246999 1
251348 1
245525 1
245272 1
247880 1
250547 1
248156 1
248341 1
251102 1
247050 1
249060 1
248513 1
254160 1
248631 1
250404 1
247710 1
248848 1
246116 1
249619 1
247341 1
247947 1
247019 1
247203 1
247207 1
246903 1
249771 1
247731 1
247856 1
250756 1
246691 1
250805 1
248544 1
246478 1
250366 1
247222 1
250040 1
245117 1
248004 1
250511 1
246644 1
247832 1
249557 1
248940 1
245876 1
245941 1
255816 1
246164 1
246936 1
248316 1
249271 1
247957 1
246744 1
245543 1
248196 1
246846 1
248914 1
253684 1
248883 1
250281 1
250535 1
245599 1
247666 1
247806 1
249291 1
247404 1
251061 1
245983 1
248346 1
249137 1
249035 1
245269 1
245894 1
249701 1
245510 1
246898 1
250312 1
247476 1
249983 1
247848 1
247948 1
246956 1
247844 1
248569 1
248218 1
246055 1
245632 1
248680 1
249233 1
248533 1
247600 1
252059 1
248770 1
246806 1
246196 1
246344 1
247134 1
245583 1
247249 1
246059 1
251470 1
247369 1
245411 1
250531 1
247148 1
252383 1
246141 1
246842 1
249902 1
246030 1
245310 1
249959 1
246984 1
246371 1
245768 1
248159 1
249170 1
248755 1
249126 1
245685 1
252432 1
247878 1
250003 1
245678 1
246953 1
247008 1
248849 1
249327 1
246782 1
246724 1
246014 1
246777 1
252348 1
246334 1
245326 1
249535 1
245333 1
251667 1
248710 1
246228 1
247046 1
248115 1
248753 1
248038 1
249970 1
248830 1
251920 1
246456 1
247438 1
246337 1
252490 1
246549 1
250277 1
247014 1
249915 1
249471 1
247722 1
247231 1
250602 1
246092 1
248632 1
249182 1
246869 1
247757 1
250191 1
245820 1
246351 1
248414 1
247439 1
248368 1
250459 1
246256 1
247400 1
247803 1
248579 1
246007 1
248337 1
245454 1
247917 1
251100 1
248521 1
250274 1
246462 1
248319 1
250151 1
245814 1
247542 1
251197 1
246072 1
247158 1
246703 1
247950 1
245180 1
247837 1
245143 1
245672 1
246808 1
246412 1
245560 1
248293 1
245607 1
245653 1
249394 1
246217 1
247980 1
246834 1
249572 1
246370 1
245328 1
248552 1
247959 1
249730 1
245920 1
245603 1
245222 1
247250 1
250901 1
247658 1
245565 1
249081 1
247391 1
246710 1
246905 1
247104 1
250275 1
246075 1
247797 1
249077 1
248272 1
248503 1
249469 1
247235 1
245701 1
245978 1
251308 1
248289 1
249127 1
248407 1
245785 1
254281 1
246009 1
246742 1
245993 1
245174 1
245947 1
247937 1
245299 1
251265 1
247534 1
248243 1
246613 1
248261 1
249910 1
248471 1
248166 1
246272 1
246788 1
249963 1
247096 1
246803 1
246666 1
249753 1
252379 1
248199 1
248593 1
251394 1
247111 1
246205 1
245633 1
247991 1
245760 1
246894 1
245879 1
248354 1
251017 1
246656 1
250289 1
246508 1
247310 1
255815 1
246597 1
246970 1
247300 1
246640 1
248609 1
248265 1
246775 1
246439 1
246659 1
248485 1
246028 1
248032 1
248375 1
245818 1
247319 1
251700 1
245358 1
247547 1
249324 1
248967 1
250367 1
247535 1
247097 1
248085 1
247080 1
249483 1
249665 1
245655 1
245578 1
250318 1
248468 1
245658 1
248727 1
245884 1
250728 1
245567 1
245880 1
248910 1
248754 1
246946 1
246618 1
246581 1
245765 1
251501 1
246547 1
248966 1
246221 1
248231 1
246379 1
253185 1
246621 1
249731 1
246074 1
245504 1
249468 1
248850 1
252842 1
250128 1
249584 1
245864 1
250514 1
250036 1
252378 1
245680 1
245463 1
247795 1
249898 1
248578 1
245812 1
246282 1
246380 1
249012 1
248238 1
246224 1
245286 1
247151 1
249318 1
246090 1
253641 1
249232 1
249022 1
251261 1
247322 1
245553 1
248643 1
248116 1
247192 1
247659 1
248093 1
245857 1
247818 1
250553 1
247640 1
249414 1
249444 1
248428 1
251099 1
245901 1
247623 1
252428 1
247985 1
246686 1
252326 1
247879 1
245735 1
246925 1
245797 1
249441 1
245221 1
245613 1
247280 1
247668 1
245121 1
246607 1
246890 1
246823 1
249070 1
248784 1
246260 2
246245 1
246027 1
248532 1
247099 1
249452 1
247030 1
245359 1
246328 1
248050 1
245169 1
248074 1
250168 1
249243 1
246483 1
246772 1
245376 1
250245 1
247173 1
247350 1
250215 1
245203 1
246545 1
247100 1
248787 1
245744 1
249750 1
249122 1
245986 1
246773 1
249808 1
247396 1
249460 1
248790 1
250770 1
249203 1
246469 1
246577 1
245710 1
248281 1
249036 1
248029 1
248841 1
246642 1
246341 1
247175 1
250941 1
247913 1
245414 1
245150 1
249204 1
246414 1
245574 1
251393 1
246972 1
248304 1
245788 1
247422 1
249964 1
249585 1
250543 1
249505 1
250424 1
246969 1
251390 1
247377 1
247468 1
245351 1
245949 1
248546 1
246733 1
246219 1
249186 1
248226 1
247907 1
250153 1
249387 1
246916 1
249632 1
248425 1
248479 1
248979 1
245751 1
247672 1
248198 1
248058 1
245259 1
246179 1
250217 1
248814 1
248419 1
248271 1
245803 1
250859 1
245906 1
246614 1
247140 1
245388 1
249152 1
247154 1
247906 1
246362 1
246298 1
247138 1
248250 1
247868 1
246669 1
245551 1
245640 1
249866 1
247331 1
248054 1
245497 1
247459 1
248711 1
248064 1
252307 1
246785 1
246852 1
246485 1
246471 1
248641 1
248885 1
246692 1
253820 1
246053 1
245869 1
246475 1
249207 1
248097 1
245945 1
247199 1
245935 1
246103 1
249416 1
251608 1
250235 1
248333 1
252739 1
245998 1
246658 1
249538 1
247430 1
248045 1
247699 1
249726 1
246491 1
248325 1
247024 1
250258 1
247820 1
245651 1
246084 1
248723 1
250848 1
247735 1
247327 1
247031 1
249348 1
246717 1
249124 1
245833 1
245271 1
248822 1
248264 1
249220 1
247975 1
249503 1
248519 1
248005 1
247615 1
245828 1
250076 1
245834 1
249381 1
245953 1
245736 1
251671 1
249010 1
252099 1
247718 1
249369 1
247694 1
245819 1
248205 1
249310 1
245782 1
250502 1
245320 1
247769 1
248678 1
247578 1
245712 1
250583 1
248506 1
245752 1
246402 1
249269 1
247016 1
246968 1
249228 1
249136 1
251565 1
247945 1
246273 1
248208 1
250850 1
246137 1
246047 1
249045 1
246778 1
245366 1
245479 1
245883 1
247933 1
247056 1
246796 1
245943 1
245266 1
251019 1
251640 1
246515 1
247421 1
247360 1
245153 1
247351 1
247966 1
249286 1
249709 1
251248 1
246672 1
250633 1
249189 1
246509 1
246294 1
249257 1
250386 1
245625 1
246738 1
250356 1
249425 1
246528 1
248429 1
247318 1
245657 1
247586 1
247750 1
248847 1
250478 1
246427 1
248406 1
247017 1
245910 1
245727 1
252309 1
245896 1
245915 1
246388 1
245197 1
248195 1
246017 1
247118 1
249721 1
248244 1
246415 1
245745 1
248426 1
250047 1
248475 1
249308 1
248237 1
247512 1
246488 1
249002 1
250408 1
248367 1
248553 1
245616 1
246065 1
248580 1
246737 1
248397 1
248938 1
247960 1
247457 1
249947 1
248291 1
248880 1
249188 1
246958 1
248592 1
250309 1
249226 1
245489 1
245427 1
248505 1
247790 1
250786 1
246962 1
246283 1
249242 1
245787 1
248500 1
245850 1
250313 1
249306 1
249650 1
246285 1
245292 1
245889 1
245480 1
248652 1
246130 1
247896 1
246080 1
248756 1
249485 1
247793 1
249658 1
245184 1
252677 1
248832 1
250804 1
250525 1
245119 1
250026 1
247770 1
245532 1
251235 1
247817 1
246392 1
245766 1
247336 1
247402 1
247122 1
250524 1
246481 1
251111 1
249084 1
250098 1
247776 1
247425 1
250538 1
245976 1
248357 1
253708 1
245648 1
245397 1
250103 1
249162 1
245855 1
250175 1
248642 1
247678 1
247767 1
249545 1
250201 1
246381 1
245792 1
247066 1
246939 1
251708 1
248658 1
254293 1
246681 1
247467 1
250450 1
246387 1
246705 1
251465 1
246699 1
248907 1
245695 1
249476 1
246542 1
248951 1
245917 1
250041 1
249252 1
249108 1
245344 1
245191 1
246195 1
246374 1
245302 1
248574 1
246500 1
249104 1
246868 1
247602 1
246797 1
245656 1
245332 1
245928 1
250841 1
245600 1
252265 1
246718 1
250101 1
248541 1
248672 1
247706 1
253157 1
247697 1
248083 1
247626 1
248520 1
246526 1
249078 1
246451 1
248629 1
247163 1
253188 1
245783 1
247061 1
246428 1
247445 1
247916 1
246227 1
245649 1
248315 1
249007 1
246633 1
247458 1
248302 1
250212 1
249990 1
245728 1
246225 1
248698 1
245870 1
249017 1
249284 1
247388 1
246480 1
250800 1
246181 1
246940 1
250345 1
251299 1
247364 1
251990 1
254365 1
249648 1
252889 1
249009 1
246029 1
249159 1
247919 1
249180 1
246599 1
249410 1
249316 1
247696 1
248322 1
248747 1
248498 1
246278 1
249761 1
246133 1
251027 1
249827 1
252795 1
245749 1
249822 1
245218 1
248324 1
245714 1
249397 1
248118 1
246275 1
247613 1
246564 1
245841 1
251239 1
245924 1
245944 1
245256 1
247060 1
249087 1
250815 1
250216 1
248526 1
247858 1
250799 1
250469 1
245385 1
251519 1
249960 1
250418 1
250023 1
246802 1
249237 1
249370 1
246447 1
246237 1
247738 1
248793 1
247257 1
245508 1
248310 1
250536 1
248715 1
247981 1
249183 1
247407 1
250734 1
250523 1
245216 1
248031 1
249059 1
246426 1
247326 1
252708 1
246519 1
248463 1
249462 1
245697 1
247866 1
250789 1
247849 1
247244 1
248131 1
245836 1
252927 1
245873 1
249277 1
246764 1
249719 2
245725 1
246033 1
248993 1
246587 1
248718 1
250649 1
248028 1
247829 1
249660 1
246533 1
251223 1
247915 1
247186 1
249282 1
247491 1
248114 1
249702 1
245709 1
248470 1
250958 1
245985 1
253001 1
248134 1
247526 1
249135 1
245573 1
247804 1
249411 1
247304 1
250315 1
248812 1
248435 1
246711 1
248130 1
250451 1
250305 1
249244 1
246919 1
249504 1
248111 1
248906 1
250455 1
246938 1
248311 1
250668 1
247977 1
245572 1
247406 1
245473 1
246424 1
247044 1
249991 1
246464 1
248924 1
247839 1
249521 1
245615 1
250722 1
245929 1
246716 1
247889 1
246305 1
251040 1
248870 1
246937 1
248811 1
245505 1
250106 1
250994 1
247120 1
249033 1
245731 1
248543 1
249500 1
245686 1
245179 1
250084 1
247461 1
246008 1
246303 1
247575 1
248070 1
248929 1
248317 1
245637 1
245996 1
247518 1
245571 1
247909 1
249418 1
248823 1
248233 1
246246 1
245758 1
251037 1
245475 1
250307 1
245878 1
247291 1
250393 1
246211 1
245673 1
247546 1
245771 1
246617 1
246755 1
246353 1
248751 1
246514 1
246667 1
248699 1
247695 1
248308 1
248895 1
251365 1
246263 1
246839 1
247982 1
247979 1
246152 1
247018 1
248217 1
247560 1
246265 1
247624 1
247470 1
250033 1
251955 1
248714 1
248197 1
246563 1
245380 1
246013 1
249781 1
252901 1
247037 1
246077 1
249728 1
247136 1
250651 1
248673 1
247303 1
248457 1
247482 1
248613 1
246244 1
251097 1
246107 1
245754 1
252716 1
248853 1
248528 1
251503 1
249259 1
246489 1
245405 1
247895 1
248305 1
246288 1
252796 1
246058 1
248879 1
246005 1
249116 1
245617 1
247747 1
245652 1
247441 1
249645 1
246571 1
245285 1
248021 1
249398 1
245141 1
248222 1
250167 1
245212 1
247333 1
251146 1
247596 1
246465 1
247852 1
245464 1
248563 1
248869 1
251693 1
249762 1
247448 1
247875 1
249627 1
246756 1
248644 1
248075 1
249582 1
249133 1
246198 1
246358 1
247144 1
247042 1
247712 1
248402 1
246187 1
250667 1
248041 1
245952 1
248229 1
246409 1
249816 1
247503 1
250945 1
248583 1
248182 1
246538 1
250791 1
248190 1
246459 1
248921 1
248441 1
251013 1
245987 1
248713 1
247698 1
247431 1
250783 1
245501 1
246560 1
248535 1
248961 1
250593 1
250796 1
248748 1
250555 1
245400 1
249000 1
246043 1
248724 1
245301 1
246154 1
249694 1
250257 1
245346 1
245844 1
247236 1
245568 1
248332 1
250144 1
249155 1
246441 1
248934 1
248014 1
249509 1
247827 1
247584 1
245550 1
246561 1
245757 1
248662 1
250953 1
250507 1
245223 1
249491 1
245485 1
246593 1
251096 1
247253 1
252058 1
247006 1
249621 1
246729 1
248026 1
247872 1
249612 1
251039 1
246520 1
249644 1
247734 1
249317 1
248124 1
246754 1
249213 1
247752 1
248719 1
247255 1
248212 1
250726 1
247965 1
249153 1
246864 1
245527 1
245245 1
249319 1
245982 1
248073 1
247583 1
246437 1
246583 1
248671 1
248260 1
251853 1
246403 1
249274 1
248694 1
245966 1
247869 1
248481 1
249526 1
247408 1
248366 1
245679 1
248700 1
251960 1
246950 1
246759 1
246781 1
247830 1
248206 1
247670 1
248615 1
253513 1
247567 1
248242 1
246349 1
250797 1
246911 1
248490 1
247330 1
247040 1
249684 1
247541 1
249096 1
248415 1
247573 1
245800 1
246551 1
248807 1
247155 1
249029 1
246687 1
251388 1
246270 1
251532 1
246831 1
246045 1
247389 1
246615 1
250413 1
249364 1
249688 1
251170 1
246234 1
249556 1
250179 1
248666 1
248331 1
249083 1
251108 1
251104 1
245372 1
250374 1
246242 1
246689 1
247863 1
245305 1
252095 1
247196 1
251668 1
247205 1
248137 1
248998 1
248757 1
254103 1
247078 1
246853 1
247565 1
250466 1
249336 1
250371 1
246304 1
246643 1
246197 1
251032 1
245557 1
247934 1
249107 1
247807 1
249235 1
247254 1
247444 1
255545 1
249749 1
247724 1
246317 1
245606 1
248760 1
246751 1
249439 1
249264 1
248175 1
247344 1
247938 1
248389 1
247129 1
245761 1
247831 1
248581 1
246878 1
249681 1
247846 1
250463 1
246736 1
245138 1
247418 1
247043 1
248604 1
246143 1
250928 1
247989 1
251000 1
248653 1
248918 1
245378 1
252414 1
248976 1
247493 1
249511 1
253751 1
249371 1
247886 1
246430 1
248902 1
249334 1
248413 1
246943 1
245386 1
246140 1
246813 1
246473 1
246876 1
252511 1
251695 1
251632 1
245988 1
247865 1
245176 1
245581 1
248545 1
245439 1
246654 1
249091 1
247720 1
245777 1
245860 1
246024 1
245315 1
248432 1
246018 1
246539 1
246886 1
249729 1
248362 1
245912 1
248314 1
249704 1
250714 1
250983 1
249256 1
250818 1
249823 1
250311 1
247939 1
250574 1
248647 1
248434 1
246857 1
246562 1
248661 1
246461 1
246346 1
248012 1
249421 1
246226 1
246284 1
249785 1
248454 1
246313 1
245853 1
249637 1
249292 1
245627 1
247633 1
248067 1
247090 1
247798 1
250172 1
249027 1
246537 1
250545 1
246338 1
246829 1
246175 1
245623 1
245484 1
252735 1
247994 1
245940 1
249216 1
250359 1
246908 1
249607 1
247707 1
245608 1
247564 1
247995 1
246513 1
249149 1
248608 1
247969 1
246888 1
249413 1
250652 1
248627 1
247739 1
246132 1
248733 1
249748 1
247609 1
248969 1
248903 1
250054 1
255201 1
247484 1
247669 1
250944 1
246454 1
249595 1
246800 1
247063 1
250540 1
247660 1
245178 1
247768 1
246112 1
247450 1
249028 1
250321 1
245318 1
248633 1
248210 1
246986 1
249326 1
247796 1
250340 1
245767 1
248364 1
251249 1
248831 1
246394 1
249969 1
248702 1
248474 1
245669 1
245243 1
245460 1
247588 1
249100 1
247002 1
247543 1
249677 1
246356 1
248106 1
249594 1
247317 1
250028 1
247545 1
246954 1
247622 1
245446 1
248047 1
249148 1
249998 1
245936 1
246680 1
247256 1
250288 1
247836 1
246602 1
248946 1
246522 1
245689 2
247730 1
246255 1
248763 1
249076 1
247197 1
250440 1
251334 1
245408 2
247115 1
252956 1
247822 1
249038 1
245965 1
249063 1
246151 1
245250 1
248995 1
247353 1
247802 1
246702 1
247824 1
250860 1
250324 1
247918 1
245598 1
250965 1
248019 1
249851 1
246841 1
249230 1
249457 1
250209 1
250708 1
246189 1
248562 1
246867 1
246959 1
247810 1
247091 1
249759 1
249238 1
249484 1
245840 1
245433 1
249651 1
245661 1
247949 1
249430 1
248619 1
250161 1
247834 1
247241 1
247760 1
254439 1
249590 1
247501 1
246262 1
248000 1
245136 1
247544 1
249120 1
249071 1
247283 1
246206 1
248180 1
247925 1
252441 1
249290 1
247202 1
245639 1
248290 1
248259 1
250414 1
248772 1
248639 1
248709 1
246807 1
250956 1
250173 1
250298 1
250468 1
248932 1
245478 1
247329 1
248991 1
247339 1
248221 1
249548 1
246951 1
249456 1
251086 1
248453 1
246223 1
249845 1
247376 1
253305 1
245806 1
246264 1
250196 1
250721 1
250411 1
246037 1
250659 1
252025 1
247089 1
245165 1
246627 1
246655 1
248669 1
250600 1
246168 1
245307 1
246318 1
247247 1
248865 1
245587 1
248396 1
248334 1
247708 1
246774 1
250631 1
254738 1
245708 1
247571 1
248141 1
246998 1
247022 1
249647 1
245123 1
249487 1
246268 1
246873 1
247921 1
245702 1
249513 1
255905 1
254127 1
249433 1
245666 1
249374 1
247355 1
248177 1
246854 1
254200 1
250370 1
247472 1
247081 1
248766 1
248412 1
248637 1
249903 1
245852 1
246745 1
248214 1
251495 1
246041 1
246467 1
248094 1
249053 1
247324 1
246299 1
247298 1
250080 1
245500 1
246158 1
247039 1
248742 1
249562 1
251015 1
250806 1
250336 1
245308 1
248824 1
246450 1
249331 1
245457 1
248385 1
248620 1
245970 1
247905 1
248588 1
248342 1
245830 1
247935 1
249229 1
248079 1
245776 1
245893 1
249669 1
248147 1
247652 1
245236 1
245267 1
245556 1
247183 1
248735 1
247952 1
249008 1
248582 1
248778 1
245588 1
248915 1
250609 1
249696 1
246575 1
245186 1
245512 1
246411 1
249541 1
247736 1
249302 1
247538 1
245313 1
245662 1
248263 1
250100 1
250058 1
246552 1
248771 1
248855 1
249634 1
246993 1
252323 1
248189 1
247855 2
246932 1
246068 1
246477 1
248288 1
248759 1
245585 1
249018 1
245131 1
247070 1
246608 1
249143 1
245440 1
245779 1
250365 1
245781 1
247416 1
249409 1
249353 1
249666 1
251688 1
245801 1
247211 1
245958 1
247378 1
248493 1
248086 2
245961 1
250349 1
247045 1
247009 1
247366 1
246201 1
250154 1
248775 1
246470 1
248228 1
247049 1
250039 1
249013 1
245345 1
246425 1
248665 1
249809 1
245450 1
245312 1
249024 1
248132 1
248119 1
245843 1
249519 1
248496 1
245490 1
246150 1
249659 1
249239 1
245835 1
246019 1
249481 1
246945 1
247113 1
249349 1
245396 1
252734 1
246926 1
249065 1
248781 1
245443 1
251405 1
245930 1
245231 1
246173 1
247323 1
250999 1
248570 1
248087 1
248235 1
254161 1
247427 1
250730 1
246809 1
245687 1
249864 1
249631 1
252313 1
248736 1
248925 1
249602 1
247469 1
248675 1
246136 1
246474 1
247667 1
246856 1
247898 1
245629 1
247487 1
250453 1
247728 1
245431 1
247033 1
248477 1
249984 1
246174 1
247147 1
249988 1
248363 1
247079 1
247419 1
249561 1
245350 1
248307 1
245968 1
248508 1
247494 1
245410 1
248693 1
248284 1
250481 1
246548 1
248800 1
246793 1
245280 1
250373 1
245384 1
245468 1
247021 1
247345 1
247821 1
247156 1
247340 1
248448 1
249480 1
246063 1
247986 1
246695 1
249255 1
249655 1
249479 1
246578 1
249208 1
245353 1
247843 1
249322 1
249453 1
250007 1
250603 1
245545 1
246750 1
245544 1
245808 1
248547 1
249579 1
248896 1
248416 1
245724 1
251123 1
248154 1
248298 1
250108 1
245704 1
250666 1
247067 1
245469 1
247577 1
247116 1
246565 1
246874 1
248716 1
249906 1
245122 1
246865 1
249436 1
248722 1
248741 1
247532 1
245316 1
250078 1
245379 1
249395 1
253079 1
250442 1
246638 1
248968 1
246512 1
248390 1
248151 1
249195 1
248660 1
251296 1
246801 1
246494 1
248587 1
249682 1
250743 1
245909 1
249094 1
246780 1
246634 1
248630 1
249025 1
246955 1
248282 1
251849 1
247973 1
245933 1
248107 1
247206 1
249985 1
246974 1
246879 1
246646 1
246002 1
245477 1
248247 1
245521 1
247464 1
247399 1
247897 1
246082 1
247073 1
249158 1
246444 1
247556 1
248203 1
247047 1
247026 1
247814 1
247643 1
246040 1
246405 1
249052 1
248220 1
246277 1
248928 1
247343 1
245373 1
248418 1
248320 1
250107 1
248253 1
250792 1
245644 1
250419 1
246367 1
249949 1
248382 1
248744 1
249360 1
245846 1
248194 1
249768 1
245133 1
247227 1
251571 1
249458 1
248997 1
246952 1
247862 1
251606 1
250070 1
248607 1
252184 1
245399 1
246588 1
250177 1
248059 1
248015 1
249620 1
251771 1
248773 1
248717 1
247085 1
248403 1
250072 1
245513 1
247646 1
250681 1
245260 1
247451 1
245420 1
249597 1
250692 1
251827 1
246523 1
245888 1
247645 1
250731 1
248326 1
246398 1
246884 1
245461 1
245882 1
246368 1
245628 1
248916 1
250102 1
246989 1
248648 1
245232 1
246212 1
248899 1
251092 1
248497 1
246466 1
246518 1
247610 1
251312 1
247587 1
246445 1
245799 1
246920 1
248369 1
245829 1
251751 1
247703 1
249351 1
248433 1
248542 1
246840 1
251387 1
247496 1
247809 1
245195 1
246051 1
252798 1
246928 1
245824 1
249687 1
248512 1
245904 1
248465 1
245609 1
251220 1
251456 1
245167 1
250605 1
247649 1
247962 1
246895 1
245526 1
249225 1
246498 1
248983 1
251498 1
247215 1
246828 1
252819 1
247375 1
248150 1
249782 1
249506 1
250856 1
251350 1
245382 1
247442 1
253932 1
246347 1
247617 1
249764 1
248794 1
248826 1
251684 1
245723 1
245226 1
247429 1
245663 1
247780 1
247032 1
249014 1
250565 1
247059 1
246625 1
248211 1
249211 1
246210 1
251604 1
248201 1
249914 1
248927 1
249181 1
247717 1
247194 1
250046 1
246832 1
246671 1
249973 1
250570 1
248300 1
250745 1
248684 1
249311 1
249037 1
248371 1
251121 1
247462 1
250857 1
248139 1
248564 1
249041 1
246076 1
249056 1
250492 1
248165 1
248128 1
247086 1
247412 1
248055 1
248108 1
248901 1
245905 1
246079 1
245900 1
245257 1
248318 1
246360 1
250266 1
246544 1
247087 1
247618 2
245626 1
247506 1
246991 1
245665 1
245132 1
245393 1
245327 1
247594 1
249495 1
251090 1
246747 1
249288 1
248248 1
249020 1
247035 1
251218 1
250113 1
245321 1
248611 1
246235 1
247145 1
246739 1
246365 1
246963 1
248743 1
246114 1
247870 1
245700 1
245394 1
251114 1
245784 1
249449 1
248279 1
245368 1
249161 1
246601 1
245364 1
245330 1
251620 1
246433 1
245794 1
248942 1
249185 1
253507 1
248852 1
247299 1
247753 1
246885 1
248516 1
245430 1
247279 1
246836 1
245466 1
247888 1
248573 1
246978 1
249105 1
245435 1
245946 1
248129 1
247639 1
245759 1
252268 1
245355 1
245942 1
245369 1
247137 1
249357 1
249999 1
249082 1
250457 1
247608 1
251210 1
248267 1
247777 1
247721 1
247435 1
250765 1
249191 1
248394 1
245462 1
246170 1
245342 1
245205 1
247352 1
249779 1
252344 1
246859 1
246887 1
246921 1
247940 1
246811 1
248323 1
246848 1
249390 1
248737 1
249581 1
246567 1
246119 1
249106 1
247405 1
246192 1
247815 1
245471 1
245816 1
246516 1
245279 1
250801 1
247779 1
246580 1
246021 1
250372 1
245193 1
246674 1
250427 1
253303 1
245948 1
246286 1
248749 1
247301 1
247964 1
246145 1
245249 1
252908 1
248730 1
248707 1
245377 1
246357 1
253628 1
248843 1
247576 1
248178 1
247110 1
248958 1
245561 1
247027 1
245863 1
247500 1
249391 1
246185 1
245664 1
252214 1
246996 1
246543 1
250133 1
250164 1
250237 1
249015 1
245422 1
245207 1
245270 1
250686 1
246050 1
248981 1
246900 1
248919 1
249534 1
253433 1
248769 1
248803 1
251041 1
247732 1
246535 1
247119 1
249853 1
247411 1
246089 1
245729 1
245240 1
249636 1
247681 1
251231 1
245171 1
245950 1
254013 1
250811 1
245476 1
245540 1
245239 1
250160 1
246912 1
245677 1
245827 2
248476 1
246231 1
245156 1
248679 1
247785 1
247774 1
248845 1
253683 1
247749 1
246787 1
247984 1
250150 1
248373 1
247778 1
246714 1
248353 1
248594 1
246502 1
250044 1
247295 1
247287 1
251240 1
253637 1
250989 1
249110 1
248996 1
249812 1
253171 1
248098 1
249493 1
251262 1
247000 1
246438 1
248089 1
249793 1
249001 1
249201 1
248821 1
249075 1
246909 1
251311 1
248622 1
249536 1
248355 1
248738 1
245921 1
248207 1
251204 1
246997 1
246081 1
245721 1
247262 1
249461 1
248052 1
246678 1
246648 1
249783 1
247132 1
247555 1
246316 1
253002 1
245482 1
246816 1
249777 1
249447 1
245969 1
247742 1
245506 1
252573 1
245204 1
250104 1
245569 1
248971 1
245903 1
246240 1
246767 1
247761 1
247758 1
245671 1
254468 1
248868 1
248507 1
247342 1
249563 1
247910 1
246325 1
245509 1
246944 1
245624 1
250972 1
245885 1
246062 1
248965 1
246295 1
246918 1
246010 1
247929 1
245989 1
248352 1
251050 1
247502 1
248939 1
248374 1
247598 1
246496 1
246015 1
246391 1
247842 1
250782 1
245215 1
248854 1
248656 1
246985 1
253599 1
246442 1
253544 1
248835 1
245676 1
251268 1
245130 1
250444 1
246162 1
246540 1
245542 1
250780 1
247068 1
245145 1
250437 1
245361 1
246768 1
248889 1
250530 1
248181 1
252238 1
246863 1
247963 1
246031 1
247931 1
248172 1
246315 1
246942 1
247335 1
250630 1
246214 1
248462 1
250970 1
250704 1
250454 1
249735 1
247671 1
246094 1
245730 1
249437 1
250214 1
249575 1
249685 1
250595 1
251829 1
247914 1
249431 1
246155 1
246889 1
245959 1
248446 1
248321 1
245847 1
245975 1
247306 1
247663 1
250197 1
245638 1
248286 1
248540 1
250851 1
249517 1
250820 1
246449 1
246361 1
245225 1
246105 1
248379 1
247076 1
248651 1
247595 1
245747 1
245125 1
251277 1
247954 1
247182 1
249788 1
245972 1
248780 1
245838 1
249448 1
245262 1
245868 1
252929 1
249273 1
252355 1
248153 1
248555 1
245357 1
248096 1
249111 1
250643 1
249054 1
245984 1
250559 1
245341 1
245317 1
246193 1
255325 1
245636 1
247126 1
248398 1
248820 1
248953 1
249150 1
249466 1
247264 1
247686 1
247071 1
245481 1
245268 1
246161 1
247606 1
247386 1
250810 1
248193 1
248257 1
248585 1
251500 1
249747 1
246987 1
246850 1
246188 1
247486 1
253334 1
246070 1
249798 1
245281 1
251824 1
248618 1
245780 1
249895 1
249378 1
246732 1
245772 1
249272 1
247871 1
246460 1
246585 1
249711 1
246497 1
250377 1
245539 1
250479 1
249981 1
248329 1
247058 1
245865 1
250350 1
246038 1
245740 1
245726 1
247533 1
247274 1
247106 1
249101 2
245298 1
249522 1
247490 1
248917 1
245291 1
249776 1
251699 1
245641 1
249610 1
246309 1
246881 1
247661 1
248788 1
245164 1
250889 1
245845 1
246673 1
247083 1
247998 1
247105 1
247321 1
249587 1
245428 1
245597 1
247655 1
249265 1
248624 1
248936 1
246827 1
250012 1
247477 1
251353 1
246117 1
245802 1
246073 1
248687 1
250284 1
248529 1
245142 1
246901 1
249786 1
251994 1
247237 1
248645 1
250032 1
249662 1
248049 1
245295 1
248438 1
247048 1
248554 1
248109 1
254794 1
246364 1
249497 1
246966 1
248530 1
245437 1
247775 1
248688 1
248268 1
246431 1
247423 1
245582 1
249675 1
250059 1
246713 1
250200 1
248640 1
247003 1
248225 1
247781 1
248023 1
246113 1
249267 1
251089 1
250178 1
246247 1
246410 1
249550 1
253638 1
252424 1
250357 1
251358 1
246071 1
245282 1
245296 1
249392 1
250824 1
245811 1
245769 1
246203 1
250208 1
248361 1
249057 1
248674 1
249434 1
248101 1
248343 1
247794 1
251988 1
248988 1
246128 1
247074 1
249765 1
247456 1
248616 1
247034 1
249218 1
245690 1
246746 1
245867 1
249043 1
246061 1
247515 1
246645 1
249358 1
248155 1
249145 1
250323 1
247010 1
248105 1
246875 1
245990 1
249789 1
251797 1
246820 1
247193 1
248537 1
250986 1
249299 1
246975 1
248458 1
251194 1
248187 1
248306 1
247828 1
246725 1
248295 1
245522 1
249630 1
254184 1
247198 1
248598 1
249569 1
248254 1
249279 1
249451 1
245407 1
252996 1
246384 1
249966 1
246930 1
249547 1
245517 1
249046 1
249023 1
245962 1
247485 1
249040 1
245763 1
247380 1
246468 1
246849 1
249199 1
248861 1
250935 1
249633 1
246396 1
245258 1
245235 1
248252 1
248422 1
246557 1
246453 1
246163 1
246458 1
250193 1
251583 1
247426 1
250521 1
247607 1
252780 1
246838 1
247819 1
249732 1
248489 1
248274 1
250758 1
248113 1
249164 1
247455 1
248589 1
252087 1
247505 1
247841 1
249092 1
248856 1
252302 1
248007 1
248886 1
248191 1
248948 1
247641 1
245746 1
246753 1
247062 1
251549 1
245162 1
246992 1
246054 1
246373 1
246536 1
249086 1
248954 1
249338 1
245507 1
249102 1
246769 1
248163 1
252787 1
246138 1
246121 1
252896 1
246432 1
250368 1
250443 1
249671 1
245734 1
250669 1
248874 1
248146 1
247635 1
245659 1
247511 1
249819 1
247488 1
249337 1
247219 1
251444 1
247648 1
252900 1
247968 1
245228 1
246844 1
246704 1
250612 1
248034 1
246125 1
250497 1
249171 1
246748 1
245492 1
247434 1
250744 1
246727 1
246110 1
247673 1
250759 1
247179 1
247297 1
246570 1
247527 1
249600 1
248501 1
247838 1
249240 1
246345 1
248421 1
246182 1
251200 1
248908 1
245494 1
249756 1
248299 1
246419 1
245277 1
251209 1
247614 1
247368 1
248799 1
246556 1
248654 1
246129 1
248634 1
245190 1
248372 1
246241 1
247361 1
246057 1
245432 1
248561 1
245914 1
253136 1
248449 1
248534 1
250387 1
249510 1
245839 1
249474 1
245230 1
248294 1
248494 1
248356 1
248804 1
245529 1
254490 1
245688 1
245612 1
249415 1
250233 1
248527 1
249438 1
247701 1
246377 1
248572 1
251048 1
245823 1
246215 1
248239 1
249321 1
249214 1
245502 1
248001 1
247449 1
248819 1
245591 1
248596 1
248184 1
251171 1
248765 1
250732 1
246824 1
246611 1
245455 1
248677 1
248215 1
247525 1
249333 1
254512 1
247453 1
247084 1
248048 1
249114 1
246934 1
250966 1
245805 1
245213 1
247093 1
249428 1
248303 1
245748 1
245467 1
255097 1
248292 1
246069 1
253369 1
253309 1
251188 1
248042 1
246016 1
246049 1
249090 1
249355 1
247302 1
246693 1
248061 1
248798 1
248515 1
250627 1
247524 1
248931 1
248827 1
251445 0
247004 1
245340 1
249289 1
248480 1
247013 1
247572 1
246980 1
245139 1
248681 1
245890 1
246297 1
246882 1
247437 1
249095 1
250344 1
246302 1
247401 1
245997 1
249720 1
246574 1
247705 1
248466 1
248145 1
253617 1
251186 1
248370 1
245821 2
249305 1
249061 1
246135 1
246336 1
247531 1
245773 1
245514 1
251049 1
247876 1
248973 1
251420 1
247716 1
245210 1
247885 1
251161 1
246004 1
249080 1
250564 1
245515 1
249069 1
253475 1
246376 1
245555 1
248251 1
245324 1
246584 1
249072 1
246134 1
250803 1
248590 1
250597 1
251119 1
246142 1
247548 1
245347 1
245188 1
245732 1
249855 1
247075 1
249613 1
245552 1
245548 1
245160 1
248060 1
251269 1
254145 1
248443 1
247637 1
247218 1
246020 1
246233 1
248518 1
249673 1
250035 1
248882 1
250244 1
246641 1
245887 1
245363 1
250642 1
245348 1
248900 1
250097 1
248851 1
250079 1
248033 1
250069 1
247088 1
248478 1
255263 1
245187 1
247926 1
246798 1
247112 1
245166 1
247510 1
248697 1
250648 1
248169 1
247204 1
247188 1
249399 1
247052 1
248043 1
250693 1
245826 1
248937 1
245938 1
250182 1
248663 1
250506 1
247167 1
251396 1
245524 1
247805 1
246948 1
246385 1
248338 1
249473 1
247936 1
247562 1
251574 1
246765 1
248280 1
250995 1
249672 1
248690 1
247744 1
245362 1
249352 1
245549 1
249693 1
251568 1
246397 1
245831 1
247162 1
245683 1
250551 1
247474 1
249396 1
245720 1
251680 1
249315 1
249388 1
246728 1
247974 1
247479 1
248767 1
247628 1
247354 1
247927 1
245170 1
246789 1
247428 1
248234 1
245562 1
248731 1
249384 1
248452 1
249146 1
247930 1
245241 1
247226 1
247725 1
245255 1
246965 1
247053 1
247284 1
249404 1
248525 1
252601 1
245287 1
245955 1
247483 1
249507 1
253039 1
249039 1
247554 1
247325 1
250238 1
246976 1
249708 1
248536 1
251026 1
248451 1
248878 1
247054 1
245196 1
249676 1
247362 1
248427 1
250938 1
248833 1
246484 1
245825 1
247682 1
248158 1
246067 1
250369 1
251028 1
247229 1
249206 1
247903 1
250578 1
248013 1
245237 1
249888 1
246159 1
245429 1
247094 1
246122 1
245602 1
249443 1
245395 1
250060 1
250388 1
254300 1
252230 1
247381 1
245971 1
247892 1
246236 1
246386 1
251112 1
246281 1
249312 1
245570 1
245336 1
248010 1
248809 1
249802 1
250049 1
253356 1
248708 1
248560 1
245705 1
245554 1
246568 1
246961 1
246657 1
245563 1
253435 1
245979 1
249514 1
248232 1
246589 1
247185 1
248923 1
245892 1
245541 1
247492 1
274656 1
245343 1
248464 1
247452 1
249643 1
250539 1
251176 1
245778 1
247023 1
248491 1
250075 1
245862 1
247568 1
255160 1
250517 1
248283 1
246511 1
249770 1
245381 1
248682 1
248136 1
249005 1
247131 1
248866 1
248524 1
248577 1
248077 1
245875 1
251807 1
247813 1
250188 1
248726 1
246531 1
246395 1
245322 1
246662 1
247123 1
247025 1
255260 1
249626 1
246771 1
248920 1
253113 1
249423 1
246166 1
247890 1
247005 1
250515 1
248104 1
246319 1
245809 1
245334 1
249131 1
249031 1
249004 1
246698 1
250247 1
248605 1
252741 1
247238 1
249576 1
247466 1
246436 1
248729 1
249670 1
246267 1
245300 1
249583 1
245227 1
247900 1
252661 1
253471 1
246148 1
248327 1
249379 1
250268 1
246006 1
250148 1
245528 1
246591 1
249157 1
249800 1
250599 1
245694 1
245261 1
245956 1
251221 1
248016 1
245109 1
246229 1
245488 1
245535 1
248176 1
248576 1
248405 1
247709 1
245674 1
247932 1
249716 1
249123 1
251717 1
248009 1
274062 1
247611 1
250617 1
248813 1
247363 1
248566 1
245499 1
247955 1
248510 1
250562 1
245925 1
245402 1
247133 1
246056 1
249304 1
250439 1
245595 1
246837 1
245858 1
247690 1
247711 1
249975 1
248256 1
248810 1
247605 1
245703 1
245536 1
246118 1
251214 1
247410 1
247135 1
250590 1
247520 1
249366 1
248249 1
246455 1
248964 1
247217 1
245793 1
254191 1
245151 1
248442 1
246165 1
251713 1
250213 1
246479 1
250333 1
249250 1
248224 1
247922 1
251407 1
251238 1
249268 1
249849 1
247745 1
247165 1
245922 1
246476 1
248834 1
246931 1
248431 1
248092 1
246947 1
248027 1
246906 1
248417 1
246308 1
250757 1
249432 1
245472 1
246616 1
251022 1
250195 1
245416 1
247912 1
247801 1
245144 1
245201 1
249210 1
246630 1
250165 1
254093 1
245278 1
246078 1
250647 1
245798 1
247650 1
248818 1
245177 1
246383 1
245452 1
249200 1
249073 1
245157 1
246845 1
245421 1
251359 1
245610 1
250629 1
248377 1
245807 1
253542 1
247883 1
246000 1
249854 1
246663 1
245756 1
246035 1
250449 1
246493 1
245815 1
245304 1
274381 1
248387 1
248514 1
247051 1
252921 1
245043 1
247149 1
248386 1
247612 1
248842 1
246731 1
250143 1
247733 1
247170 1
249537 1
254973 1
245716 1
250475 1
253405 1
247092 1
253465 1
250159 1
247765 1
250057 1
253146 1
246204 1
247537 1
247593 1
245654 1
246404 1
246266 1
253174 1
247417 1
245964 1
247850 1
250314 1
251592 1
249588 1
251354 1
248269 1
247580 1
248275 1
252682 1
247374 1
248789 1
247688 1
247516 1
248330 1
249867 1
245564 1
253066 1
246907 1
245538 1
249837 1
249691 1
252314 1
245390 1
250763 1
246366 1
249227 1
248393 1
248472 1
248126 1
245081 1
248348 1
249307 1
246120 1
249068 1
247657 1
249044 1
246501 1
245886 1
249332 1
246124 1
248339 1
245314 1
252327 1
246046 1
249680 1
252982 1
249221 1
248667 1
246093 1
256224 1
273929 1
249792 1
246706 1
251458 1
255965 1
246149 1
249542 1
246893 1
246598 1
254104 1
252820 1
247970 1
245634 1
245319 1
245715 1
247288 1
247620 1
248053 1
248383 1
245311 1
246612 1
254567 1
246550 1
248913 1
250473 1
246814 1
247967 1
248614 1
246499 1
249382 1
245939 1
247498 1
247001 1
248795 1
248003 1
248125 1
247704 1
245140 1
245086 1
249772 1
254723 1
247551 1
250601 1
250061 1
250295 1
248467 1
250011 2
246559 1
247446 1
249859 1
246352 1
250292 1
245593 1
247272 1
246861 1
248504 1
249570 1
248209 1
247307 1
252722 1
246720 1
250446 1
247751 1
254560 1
276618 1
248072 1
251404 1
252512 1
246712 1
251222 1
275322 1
247224 1
249197 1
245458 1
276584 1
248376 1
250005 1
245872 1
247282 1
246486 1
245483 1
247833 1
251992 1
250445 1
255997 1
254692 1
251408 1
251597 1
254639 1
247276 1
248287 1
249386 1
245049 1
246995 1
246199 1
245717 1
254998 1
246359 1
252452 1
248950 1
252681 1
250187 1
246776 1
251250 1
249030 1
249459 1
249097 1
248436 1
246127 1
248898 1
245129 1
250491 1
245172 1
246596 1
252828 1
255194 1
257015 1
247884 1
250608 1
246964 1
245082 1
248599 1
275644 1
249049 1
251215 1
275649 1
245459 1
247349 1
253715 1
248110 1
249674 1
256213 1
249667 1
249695 1
249752 1
249187 1
251428 1
246679 1
249169 1
246505 1
245438 1
251794 1
249979 1
250436 1
245409 2
250171 1
247679 1
251386 1
249875 1
245335 1
