211696 2
211748 2
181304 2
211698 2
126011 1
014706 1
126010 1
138972 2
120130 1
120139 1
120142 1
120140 1
120156 1
005589 2
120180 2
004783 1
119058 1
011488 2
122751 2
004581 1
118783 1
005575 2
120164 2
120154 2
005599 2
120194 2
009042 2
119613 2
118385 2
100189 0
004271 2
118408 2
005834 2
120455 2
120450 2
120449 2
005309 2
119806 2
119786 2
005371 2
119895 2
119844 2
014845 2
125872 2
118395 2
118392 2
118393 2
004270 2
118407 2
118398 2
118397 2
005132 2
119543 2
004794 2
119072 2
119071 2
125865 2
130855 2
087372 0
014967 2
125763 2
125764 2
132770 2
001681 2
001586 2
001766 2
014848 2
125868 2
012509 0
001063 2
005498 1
128168 2
120080 1
131101 2
131021 2
128533 0
015050 2
125674 2
119136 2
119145 2
132773 1
132778 1
118284 2
118285 2
118298 2
004212 2
118312 2
132767 2
118709 0
119032 1
007942 2
121356 2
119081 1
005130 1
119537 1
007481 1
120971 1
120968 1
120969 1
120963 1
120962 1
120960 1
120959 1
112735 0
118874 2
004676 2
118896 2
004682 2
118908 2
122760 1
122761 1
122764 1
122769 1
011550 1
122772 1
123931 1
007949 1
007496 0
121364 1
121363 1
130964 1
131017 1
131009 1
131008 1
004818 1
119096 1
137977 1
142570 1
004273 1
118414 1
118428 1
004422 1
010509 1
004323 1
118445 1
118581 1
129996 1
011676 1
004863 2
133397 1
119154 2
133396 1
002494 1
133391 1
133481 1
133473 1
120075 1
005499 1
120081 1
118273 2
011763 1
011697 1
120065 1
120040 1
118589 1
118755 1
119652 1
118597 1
004575 1
005250 1
119651 1
118779 1
119719 1
118748 2
005340 1
118751 1
119848 1
011924 1
119963 2
120693 0
118932 0
147869 1
144749 1
129062 1
240277 1
144778 1
005227 1
144716 1
119678 1
240376 1
144892 1
065684 1
237275 1
237753 1
065690 0
128440 1
009549 1
124969 1
237672 1
258283 1
118501 2
118948 1
285468 1
124964 1
147217 1
004727 2
118955 1
172765 1
172766 1
005177 1
118988 2
010102 1
118987 2
163863 1
118983 1
126306 1
146774 1
010276 1
126300 1
122404 1
118961 1
120865 1
119618 1
011774 0
163859 1
005497 2
120077 2
120830 1
122400 0
034410 0
285461 1
120078 2
142011 1
122605 1
151208 1
118105 0
151196 1
163843 1
007556 1
011740 1
155799 0
004677 2
118897 2
118878 2
176028 0
005262 2
119732 2
121047 1
123554 1
009601 1
130275 1
005588 1
011894 0
004732 1
120179 1
118990 1
005214 1
120172 1
119661 1
119626 1
119649 1
005180 1
005583 1
004503 1
119622 1
120173 1
120051 0
004321 1
124241 0
118412 1
118443 1
011739 1
004865 1
131743 1
009747 1
004531 1
119107 1
118702 1
119157 1
118743 1
011487 1
122143 1
123287 1
118976 1
118965 1
118526 1
011850 1
004607 1
028651 0
118809 1
118799 1
017843 0
007227 1
004994 1
120784 1
004725 1
118984 1
004500 1
015180 1
118699 1
125565 1
119362 1
119361 1
012313 0
006915 1
118967 1
004417 1
004951 1
119305 1
118735 1
120529 1
118572 1
118904 1
118899 1
118574 1
179808 1
179748 1
004707 1
118898 1
004896 1
118950 1
124755 1
004525 1
118502 0
004594 0
009342 1
271953 1
119231 1
179744 1
271954 1
135556 0
005261 1
119731 1
271956 1
005477 1
120041 1
123503 1
121812 1
004625 0
005260 1
118698 1
018451 1
121808 0
005570 1
119935 2
128794 1
123524 1
115485 0
108356 0
005794 1
120158 1
120404 1
119730 1
118657 1
120032 1
004428 1
118605 1
011941 1
120031 1
012516 0
118778 1
010149 0
006940 0
009903 1
005467 1
012464 1
119414 0
243929 1
120033 1
118787 1
122984 1
125194 1
122246 1
006928 1
119177 0
119336 0
120542 1
120537 1
107847 0
005606 1
123973 1
123965 1
010221 0
120207 1
174037 0
120181 1
123970 1
009054 0
058979 0
001429 1
123972 1
126789 1
005590 1
009005 0
120183 1
001030 0
116622 0
124182 1
004909 1
009654 0
119259 1
235639 1
141906 0
124034 1
101966 1
124036 1
168029 0
005637 1
167586 0
120241 1
120326 1
005737 1
007503 1
120993 1
120350 1
120703 1
205007 0
235759 1
120958 1
007081 1
133010 0
120677 1
032782 0
119217 1
005790 1
123654 1
123656 1
120399 1
120268 0
124222 1
123526 0
157130 1
011289 0
004991 1
119357 1
120336 0
124310 1
118940 0
124264 1
124743 1
124919 1
012128 1
004752 1
192942 0
119024 1
124032 0
018264 1
128927 1
118498 0
009049 1
198745 0
119019 1
121234 0
007894 1
111442 0
121305 1
115409 0
121318 1
069684 0
243816 0
004331 2
118452 2
145865 1
145851 1
118409 2
145892 1
004275 2
118418 2
118707 1
118647 1
011978 0
259688 1
004514 1
278128 1
148588 1
005236 1
118719 1
124359 0
111721 1
119691 1
278048 1
114765 0
123525 1
201262 0
111720 1
062099 1
111712 1
008024 1
111226 1
119193 1
121425 1
148818 0
017366 1
068467 0
133008 0
008003 1
119572 1
011893 0
120949 1
118500 0
119576 1
112830 2
112845 2
112884 2
123224 0
112892 2
100257 0
124408 0
120946 1
007353 1
120888 1
012270 0
109519 2
077917 0
000812 1
091654 0
121411 1
007153 1
147994 1
000863 1
100853 1
120721 1
120704 1
121900 1
147978 1
149471 1
121559 0
101238 0
147494 1
100852 1
147989 1
100609 1
101974 0
149585 1
121896 1
135200 1
121340 1
121909 1
017188 1
121339 1
121317 1
121314 1
149927 1
184751 1
160574 0
007329 0
009668 0
015577 1
007798 0
149750 1
059788 0
127204 1
149657 1
127189 1
127188 1
015404 1
034679 1
015612 1
125335 1
124611 1
141604 0
127093 1
012438 0
015388 1
004601 0
127178 1
146834 0
127053 1
120444 1
004703 1
123605 0
126365 1
011269 1
126348 1
244814 0
182319 0
126811 1
126659 1
120443 1
120442 1
149656 0
120441 1
120423 1
005831 1
120452 1
004982 0
036470 1
127851 0
131740 1
005818 1
131750 1
131755 1
123470 1
118941 1
005091 0
120422 1
036468 1
120433 1
006845 1
124403 1
123493 1
120486 1
123496 1
124478 0
124485 1
120421 1
142036 0
111062 0
126591 0
186866 0
118938 1
129063 0
007661 1
141927 0
121115 1
006807 1
009242 1
122541 0
009204 1
174545 0
121718 1
149654 1
015607 0
015468 1
125279 1
125280 1
125281 1
123599 1
121044 0
131376 0
123585 1
009012 1
121533 1
122979 1
009011 1
121531 1
005383 1
004469 0
124904 0
131288 0
176788 0
119914 1
183274 1
098963 0
183280 0
009780 1
010217 0
145726 1
090298 0
109462 1
109568 1
088688 1
122175 1
131217 0
088687 0
253238 1
088677 0
227239 1
004572 0
252924 1
253266 1
066419 0
068459 0
253434 1
253451 1
253239 0
253585 1
253486 1
145651 0
097092 1
005135 0
221534 1
221535 1
008329 0
114389 0
183150 0
069472 1
148808 0
069502 0
053397 0
102675 0
011709 1
140690 1
140711 1
220529 0
260343 0
222331 1
140682 1
008542 1
222433 1
119178 2
202022 0
004432 1
086550 0
004849 2
122075 0
118612 1
006577 0
095442 0
151288 0
167652 0
119131 2
009078 1
102645 1
119116 2
121586 1
062173 1
062183 0
130095 1
169408 0
132828 0
012508 1
182137 1
004877 2
011343 1
007771 0
058346 0
130110 0
141285 0
011958 1
119181 2
222652 1
222106 1
141483 0
079472 1
148263 0
122873 1
144800 1
118929 0
123642 1
144780 1
015166 1
119132 2
123641 1
115476 0
120713 1
176654 1
011845 1
120694 1
123635 1
007182 0
015235 0
180613 1
015594 1
005815 1
149706 1
120987 0
124361 0
195553 1
195554 1
191172 1
119073 0
177805 0
152937 0
012163 0
109221 1
120431 1
109081 1
005832 1
155801 0
120453 1
108946 0
243979 0
108297 1
009001 1
121518 1
108393 1
108368 1
195557 0
108289 1
128370 1
133085 1
108793 1
109108 1
108286 1
108253 1
108402 1
109740 1
119149 0
086129 1
128246 1
130284 1
108586 0
125141 0
109774 1
086672 1
123282 1
123242 1
223272 1
120750 0
232577 0
102857 0
086303 1
212914 1
130353 0
086361 1
285303 0
137865 1
125487 1
225613 0
212835 0
004897 1
182867 1
119232 1
121554 1
130474 0
108466 0
006338 1
186807 1
137798 1
154507 0
094934 1
015264 1
137264 0
102034 0
009050 1
005469 1
012517 0
128545 0
094929 0
120037 1
120036 0
007818 0
125472 1
186790 1
121555 1
186800 0
222371 1
121524 1
130274 0
166669 1
015269 1
125469 1
132116 1
130403 0
278213 0
122088 0
132210 1
132226 1
075781 0
009431 0
116621 0
189373 1
194676 1
287406 0
004617 1
189449 1
117131 0
146985 0
118818 1
011985 1
118730 1
064725 0
186801 0
015111 0
166677 1
189492 1
171456 0
126077 0
171403 0
089860 0
062059 1
062097 0
007429 1
120942 1
014782 1
260616 0
118175 1
133698 1
118115 1
004482 0
125948 1
199928 1
133706 1
125950 1
149655 0
145646 1
140933 0
115481 1
244210 1
186142 1
132981 0
260713 0
222449 0
244183 1
124143 0
255910 0
244220 1
000713 0
001903 1
146476 1
146471 1
013988 1
146451 1
185853 1
243923 0
014020 1
183095 0
115478 0
195551 0
124767 1
149800 0
004146 0
124995 1
012102 1
167740 0
265436 1
265415 1
015258 0
285313 0
007337 1
265395 1
257570 1
120872 1
124745 1
122895 1
124771 1
125175 1
125187 1
124979 1
124994 0
125072 1
174920 0
124975 0
257571 1
263904 1
227560 1
227441 1
263999 0
159863 1
001184 1
007344 0
227561 1
233308 0
135323 0
000008 1
011649 0
257524 0
114208 0
222988 1
000065 1
124532 1
243981 0
009660 0
144221 0
125901 1
257522 0
159754 1
264813 0
125889 1
011862 0
000113 0
227249 0
159814 1
124237 0
087316 0
159937 1
223941 0
062102 0
018250 1
124663 0
186805 0
124749 0
125002 1
119497 0
222118 1
125001 0
175615 0
165129 1
170607 1
007144 1
145772 0
258631 0
165130 1
001036 1
118723 0
162170 1
153083 1
162355 1
285574 1
163861 0
131873 1
242843 0
285563 1
151403 0
142251 1
164255 0
080017 0
088225 1
088369 1
121556 1
008472 1
124724 0
088424 1
115474 0
091320 0
211455 0
141013 1
120716 1
088442 1
088436 1
012160 0
141017 1
116623 1
011991 1
141018 1
158218 1
261722 0
257444 1
128610 1
158208 1
257387 1
012377 0
133039 0
257445 1
158211 1
257298 0
157799 0
257332 0
128611 1
011830 1
159204 0
124027 0
114580 0
140289 1
164241 0
128469 1
123232 2
221996 0
130341 1
127656 1
028580 1
009010 1
131872 1
190348 0
141336 0
111932 0
000162 0
157800 0
239051 1
239052 1
118801 0
221790 0
121530 1
239039 1
251044 1
007221 0
269446 0
028632 0
239010 1
238990 1
251045 1
010012 1
028603 0
239362 1
094566 0
101415 0
137927 0
239361 1
227213 1
046042 1
007145 0
278215 0
193345 1
161499 1
120470 0
161498 1
125505 0
006307 0
145085 0
117171 1
127652 1
227207 1
227221 1
227224 1
119312 0
046043 1
190634 0
046273 1
157726 0
009612 1
174487 0
004812 0
122052 1
197426 0
000016 0
194205 0
017753 1
128157 0
187639 0
014669 0
164661 1
143084 0
243132 1
023225 0
011904 1
164593 0
135127 0
115001 1
114994 1
122861 1
243791 1
018256 1
015305 1
149390 1
128935 1
244997 0
231149 0
151307 0
125429 1
125430 1
128494 0
140566 0
063327 0
096417 1
064380 1
064406 0
064500 0
117112 0
028627 0
167141 0
170867 0
088621 0
164139 0
114806 0
027344 1
018499 1
119491 1
011751 0
064407 0
264478 1
147687 0
000752 0
157763 0
147502 0
128860 0
225994 0
128721 0
119343 0
015128 1
195537 1
123824 1
222713 1
195940 1
264482 1
164565 0
086588 0
194019 1
194012 1
147587 1
125611 1
128239 0
147607 1
123890 0
115142 1
158320 0
123801 1
284603 1
125620 0
123711 1
284604 1
259690 1
192947 0
054426 1
054476 0
196244 0
161550 0
012273 1
017220 0
145053 0
027892 0
098859 0
115163 1
259692 1
143821 1
054546 0
116614 0
010185 0
164144 0
144652 0
161551 0
259677 1
157562 1
161546 1
222535 0
169409 0
012148 0
120747 1
274954 0
259671 1
259673 1
243604 1
243518 1
018075 0
147105 0
191771 0
231129 0
161522 1
158987 0
161549 1
011916 0
157279 1
125613 0
157280 1
194236 1
102002 0
141286 0
134106 1
097016 1
096498 0
164482 0
005220 0
140956 1
204137 0
120748 1
145045 0
243562 1
140959 1
096618 0
012333 0
191565 1
150020 1
128725 0
284585 0
043480 0
140948 1
160401 0
145703 0
035232 0
240821 0
002559 0
191570 1
135409 0
006926 0
191572 1
133837 1
118777 0
133799 1
075331 0
133833 1
133787 1
177287 0
007990 1
118827 0
164541 0
193466 1
122079 0
124629 0
120878 0
121383 1
131384 0
121396 1
009150 0
135391 0
162456 1
140902 1
108329 1
162452 1
146509 1
169252 0
129060 0
124746 0
077321 0
069682 0
140759 0
224948 1
120717 0
125703 0
132862 1
002007 0
254593 0
010303 1
224907 1
186859 0
121004 0
096659 0
124880 1
224908 1
224870 0
225169 1
001018 0
124881 1
177155 1
225166 1
067971 0
002015 1
145583 1
124916 1
145679 1
096553 0
112198 1
112153 0
124854 1
111824 1
124819 1
145678 1
139470 0
124204 1
231151 0
124774 1
111800 0
199477 0
015500 1
125255 1
032127 1
190039 1
112894 0
174848 2
126170 1
078797 0
174836 1
032125 1
122710 0
190050 1
141300 0
132864 1
124261 1
173379 0
087526 0
132861 1
197681 0
004966 1
127125 0
002004 1
137443 1
191274 0
126191 1
136554 1
223832 0
119329 1
122537 0
126915 0
097008 0
066157 1
090264 0
039077 1
145247 0
125362 1
015465 1
174092 0
038806 1
056144 1
038807 0
124765 0
125282 1
125297 1
029646 0
203829 1
125348 1
015318 1
125415 1
056058 1
084931 1
119548 0
009083 1
215442 0
182121 1
125417 1
015389 1
125345 1
000029 0
125346 1
178442 1
288975 0
082582 0
244982 0
118797 0
147126 0
244017 0
118942 0
095742 1
130820 0
018383 0
095617 1
185752 0
121095 0
004859 1
095738 1
095645 1
095852 1
095886 1
147337 0
119150 1
046453 1
027545 1
215450 0
147205 0
111918 0
111665 1
004858 1
046441 0
119148 1
119133 1
178175 1
017912 1
228422 1
129658 0
055155 0
152938 0
129341 1
008536 0
119542 0
195556 0
172251 1
185794 0
142287 1
027546 1
129395 1
036450 0
124060 0
124031 0
142166 1
018619 0
129343 1
231842 0
129398 1
163553 0
137413 0
145800 0
128841 0
098876 0
157767 0
076099 1
053960 0
152934 0
076059 1
133260 1
134942 0
127627 1
057925 0
076009 1
133261 0
128125 1
031426 0
184793 1
012014 0
121235 0
127595 0
119544 1
121150 1
179432 0
023054 0
127626 0
030303 0
222556 0
067434 0
128247 0
127398 0
174501 0
080076 0
258977 0
255560 0
229909 1
182710 1
176031 0
004942 1
124030 0
165220 1
118792 0
130819 0
119293 1
182768 1
122992 0
130838 0
009505 0
182848 1
128489 0
006723 0
120472 0
146401 0
035231 0
113360 1
127893 0
018174 1
165230 1
140437 0
194679 0
128981 1
289914 1
175297 0
202019 0
000010 1
024423 0
123494 0
191793 0
165248 0
155789 1
086549 0
002992 1
128703 0
280013 1
111510 1
280020 1
177604 1
231117 1
150887 0
275859 0
280004 0
020169 1
020171 1
177608 0
020193 1
001564 1
261902 0
175627 0
097488 0
135559 0
180843 1
170190 0
155790 1
115468 0
135132 0
130499 0
278081 0
285294 0
152936 1
290080 0
280002 0
186146 0
064833 0
128697 0
181732 0
272755 0
180472 1
180841 1
004720 1
118686 0
180888 1
118979 1
130121 0
180487 1
180678 1
180478 1
111198 0
180683 1
058369 1
069526 0
119309 1
119339 1
166913 1
090778 0
122853 1
058416 1
009072 1
119340 1
130861 2
052279 1
058387 1
058463 1
157411 0
118670 0
159472 1
145611 0
007434 1
287253 1
124560 0
120947 1
023900 0
126005 0
158993 0
005650 0
159576 1
004462 0
121575 1
159474 0
121579 1
120934 1
018630 0
099142 1
035121 0
254039 1
215427 0
099113 1
085291 1
165292 0
254025 1
175738 0
001087 1
167414 2
122876 0
231124 0
124165 0
169724 0
010358 1
089745 0
102006 0
167430 1
011310 1
010218 1
126911 0
225993 0
004634 1
166248 0
134516 0
288492 1
058993 0
084600 0
288462 1
122645 1
242872 1
167457 1
118819 1
133594 1
166068 1
118741 0
203680 0
288491 1
159353 1
288037 1
101894 0
122679 1
075650 1
159634 1
166167 1
118836 1
288039 1
118839 1
067675 1
179849 1
060443 1
037088 1
110024 1
001807 0
166256 1
185338 1
225621 1
170197 1
185414 1
162838 1
164027 1
034543 1
060341 1
120980 0
034562 1
166552 0
223426 1
223427 1
009561 1
185411 1
122010 1
223267 1
163288 1
164023 1
164021 1
165583 0
122012 0
289481 0
163321 0
117130 0
139020 1
017309 0
191654 1
191680 0
019688 0
011477 0
184988 0
222712 0
125041 0
179097 0
018585 0
276696 1
191099 0
012310 0
011964 1
004825 0
120535 0
012521 0
155794 0
145450 0
024568 0
215358 0
128756 0
220313 1
069678 0
225650 0
082736 1
139018 1
082703 0
141618 0
095631 1
023901 0
006653 1
006525 1
080564 0
244933 0
111233 0
100719 0
004385 1
095190 0
118522 1
122295 1
123843 0
191355 0
278405 0
289915 1
110268 0
197538 1
023732 1
195549 0
023591 1
197375 1
260184 0
197368 1
141139 0
154722 1
180027 1
116654 1
116657 1
116474 1
196958 1
126612 1
168155 1
147362 0
214792 0
116328 0
023592 0
154743 1
142078 0
082137 0
126598 0
116302 1
255483 1
109032 1
154774 1
148220 0
256383 0
116329 0
054367 1
180034 0
260304 0
109186 1
154779 1
163071 0
144627 0
195202 1
153585 1
124736 0
195246 1
014219 0
180659 0
256379 0
136552 0
171672 1
170166 0
227250 0
007336 0
122485 0
109132 1
109167 1
124251 0
140722 0
141586 0
111946 0
155830 1
276334 1
202439 1
094892 0
233294 1
160348 0
125716 0
183627 0
176199 0
276311 1
186101 0
174450 1
276313 1
276258 1
052070 0
157075 0
002040 0
134253 0
223487 1
201299 1
174543 0
164341 0
223478 1
286169 0
175646 0
169886 0
091265 1
123264 1
085622 0
123262 1
146161 0
262969 1
262808 1
193861 0
262796 1
120169 0
115408 0
262807 1
124864 0
200342 1
126332 0
004930 0
149046 0
121642 0
278406 1
243078 0
033110 0
075393 1
111045 0
024475 0
240013 0
148593 0
278408 0
223253 1
128562 0
011552 0
000843 0
093743 0
170191 0
101464 0
141363 0
007558 0
009562 1
129625 0
007005 1
147122 0
242712 0
122011 1
289258 0
036299 0
219947 1
125125 1
059042 0
257807 1
125126 1
007335 0
220747 1
125104 1
168484 0
151864 1
272775 0
085976 1
085898 1
220753 0
026544 0
095630 0
115305 1
168395 0
025295 0
209602 0
097420 0
124250 0
015307 1
114489 0
158455 0
125426 1
090665 0
125427 1
162689 0
153013 1
090384 0
219949 0
199766 0
101081 0
155826 1
257817 1
131478 0
144327 0
029432 0
264395 0
101994 0
155834 1
005285 0
010379 1
177806 0
004624 1
231205 0
078186 0
007512 0
064811 1
005014 0
011346 1
117058 0
118826 1
285288 0
042208 1
220078 1
275796 0
101911 1
185745 0
118816 0
064351 0
198483 0
092229 0
001422 0
119365 0
193000 0
041660 1
042334 1
077233 1
017897 0
046107 1
124553 0
007342 0
111222 0
135321 1
137097 1
137113 1
126755 0
046174 1
133257 0
135649 1
077257 1
089654 1
111027 0
018022 0
136346 1
036456 0
136338 1
135283 1
126008 0
135298 1
135637 1
170176 0
067123 1
067142 1
143085 0
102851 0
241298 1
241155 1
145286 1
136328 1
128977 0
010179 0
089628 1
155064 0
066960 1
089567 0
121000 0
145220 1
066968 1
136621 1
179105 1
066958 1
016166 0
008369 1
123073 0
110820 0
015225 0
153363 1
220746 0
164124 1
043446 0
129779 0
179101 1
114845 0
179110 1
157980 1
131314 1
167878 1
164127 1
155314 1
269873 0
264155 0
136567 1
167938 1
096914 1
186279 1
131312 0
143507 1
144645 0
231303 0
040689 0
097801 1
254571 1
091576 0
167939 1
096939 1
231987 0
254565 1
136612 1
216634 0
098845 0
116440 0
100415 1
098430 0
079405 0
197334 1
000420 1
045660 0
124693 1
012305 0
085824 1
131301 0
160570 0
121640 0
085956 1
024458 0
015332 1
125405 1
006083 1
170196 0
178600 0
006102 1
240783 0
148079 1
016613 1
015335 1
125402 1
200206 0
128017 1
147616 0
147615 0
128070 0
169936 0
273117 1
168040 0
197296 1
192010 0
143439 0
007980 0
125063 0
125403 1
234067 1
125414 1
127535 0
151317 0
059437 1
067908 1
121577 0
268617 0
015319 1
110272 0
125413 1
014575 0
081188 1
125523 1
125519 0
119390 0
238679 1
125521 0
000522 1
197154 0
222307 0
188955 0
148435 0
151494 1
077914 1
238615 1
015412 1
077942 1
002306 1
239387 1
057891 1
053122 0
077934 1
061143 0
125326 1
036798 1
176774 1
058008 0
090210 1
078830 1
170195 0
078787 0
011804 0
200804 1
063325 0
134110 0
190064 1
078849 1
190113 1
183056 1
145971 0
288710 0
128701 0
183053 1
183055 1
135675 0
200799 1
152763 1
199898 1
130463 0
182989 1
190112 1
183045 1
018088 0
037378 0
171676 0
264459 0
090061 1
143409 1
200727 1
125532 1
113942 1
058097 1
120214 0
042558 0
031664 1
058120 1
199905 1
113936 1
131300 0
155428 0
084170 0
010385 1
084156 0
004696 1
031677 0
120877 0
005092 1
152754 1
125693 0
125522 1
029491 1
220610 0
161841 0
090393 0
004905 0
030002 1
131474 0
168987 0
144341 0
186041 1
149615 0
080015 0
176848 0
175520 1
032178 1
150078 0
016375 1
136938 0
018520 1
075353 1
148563 1
016345 1
075338 1
148604 1
018081 1
000873 1
037432 1
149949 1
150010 1
009838 1
017818 1
282349 0
026464 0
150048 1
150069 1
150086 1
138537 0
018735 1
122215 1
038535 0
121516 0
078472 0
014738 0
051805 1
012037 0
051806 1
003284 0
080813 1
148795 1
220186 0
268644 0
051828 1
031225 0
140189 0
192720 0
032110 1
123552 0
089044 0
119391 0
222309 0
175679 0
159481 0
032115 1
223254 1
142562 1
221711 1
289306 1
285207 1
142556 1
007817 1
285287 1
256692 0
175676 0
007792 1
121233 1
098388 1
289326 1
071433 1
077918 0
015158 0
007585 1
289305 1
154180 0
008471 0
289290 1
098350 1
052276 1
104606 1
097380 1
164948 0
120043 1
071428 1
121069 1
195555 0
104601 1
289288 1
145835 1
119286 0
198485 1
069674 0
169029 0
041866 0
168219 1
108462 1
280581 1
179433 0
108448 1
231560 0
082068 0
148136 1
024094 1
074799 1
005479 1
078676 0
074735 0
163563 0
258985 0
145832 0
182698 1
182733 0
227120 1
070528 0
111197 0
148977 0
137533 0
182221 1
169430 1
230912 1
230921 1
288964 0
034641 1
108279 0
182247 1
102847 0
119103 0
120514 0
139575 0
163566 1
100059 1
169449 0
111315 0
163634 0
230245 1
145846 0
230204 1
052048 1
034587 0
051987 0
152880 1
079438 0
005299 1
095674 0
164793 1
164794 0
027889 0
119792 1
014670 0
008039 1
230446 1
051989 1
118555 0
121433 1
140155 0
157935 0
230447 1
230435 0
230415 0
000076 1
005415 1
119972 1
119633 1
034781 1
004816 1
005200 1
119648 1
138474 0
119095 1
119971 1
163342 0
034810 1
009243 1
009206 1
119764 0
119646 1
121719 1
118533 0
148726 0
052043 1
007085 0
260444 1
119961 1
168388 0
260381 1
145839 0
009965 1
194680 1
000789 1
183270 0
103701 0
119393 0
007339 1
230978 0
240809 0
164145 0
120874 1
123146 1
134664 1
123150 1
052046 1
075014 0
051988 1
260412 1
150882 0
000115 0
028648 0
276457 1
122296 1
115078 1
182786 0
114589 0
115079 1
066784 0
289259 0
244743 0
065638 1
123036 1
127226 0
051949 1
125969 0
202720 0
011501 1
182762 0
130828 1
081165 1
155788 1
050196 0
260198 1
260122 0
011755 0
225555 0
242725 0
260153 0
000675 1
087318 1
060896 1
007285 0
157966 1
060940 1
060945 1
140520 0
095285 0
273061 1
130684 1
009858 0
000342 1
124650 1
157937 1
273065 0
124734 0
060619 0
234409 0
163384 0
200082 0
108153 0
145765 1
112106 0
005528 0
111541 0
135086 0
009161 0
130046 1
016545 0
143456 1
130186 0
157994 1
055534 0
065178 1
031515 0
075977 0
186886 0
115512 0
169801 1
070474 0
060289 0
143498 1
144037 0
148632 0
018803 1
176838 1
117918 0
124740 1
152221 1
079758 0
191533 0
012656 1
018013 1
001231 1
031274 0
152222 1
184689 1
199322 1
199325 1
071035 0
065180 1
155361 1
150223 1
136536 0
220925 0
103646 0
186778 0
168218 1
169800 0
150215 1
249502 1
147017 1
132199 0
141785 1
141844 1
169733 1
155486 1
009786 1
185807 1
169825 0
133009 0
066890 0
141790 1
058895 0
220434 1
018513 0
042543 0
100716 0
065161 1
155482 1
026133 1
147650 1
137428 0
249592 1
145947 1
188153 0
146608 1
001197 0
145837 0
034581 1
046804 0
169736 1
257558 1
151366 1
152943 1
257555 1
242420 0
050198 0
136521 0
177693 1
176901 0
147375 0
115463 0
004433 0
275784 0
070261 0
170878 1
134894 1
223458 1
289110 0
006250 0
177778 1
223476 1
135206 1
220550 0
177525 1
144379 0
176165 1
130508 1
220801 1
177509 1
177515 1
113401 0
227831 0
060447 1
001427 0
176119 1
140899 1
014319 0
178588 0
005416 0
140895 1
082079 0
176176 0
077923 0
220485 1
195593 0
030253 0
196779 0
160362 0
167221 0
145954 0
075104 0
111026 0
017132 0
220757 1
169507 0
220756 1
048544 0
009845 0
061227 0
150085 0
123035 0
154833 1
027360 0
154859 1
203867 0
177548 0
132728 0
060984 0
118794 0
163417 0
127629 0
123483 0
185919 0
259168 0
002136 0
147153 1
069679 0
120869 0
147146 1
086161 1
086186 1
071969 0
180262 0
086222 1
157771 0
155767 0
180380 0
058929 0
086248 1
027296 1
140913 0
122222 0
238899 0
031860 0
087539 0
127903 0
011330 0
224647 0
042492 1
173827 0
234754 0
078390 0
145246 1
176837 1
228531 1
036026 0
126412 0
176839 1
075571 0
228592 1
176844 0
145223 1
027443 0
228536 0
018434 0
042544 1
042530 1
158607 0
147847 1
199111 0
042460 1
042468 1
180049 0
142765 1
042475 1
192636 1
142488 1
272779 0
143038 0
010568 0
128009 0
110638 1
002442 0
060615 0
219869 1
220160 1
010452 1
219867 1
130627 1
138909 0
195541 1
219845 0
169314 0
219831 1
181307 1
060395 0
146475 0
111808 1
017378 0
160221 0
163330 0
125595 0
162275 0
102855 0
042458 0
090647 0
219799 0
162682 0
079726 1
060372 0
011430 0
270928 1
078987 0
108458 0
150167 0
244983 0
058740 1
