084219 1
051271 0
084287 2
084125 2
083958 2
083953 2
083965 2
083968 2
081589 2
083943 2
081650 2
084080 2
084202 2
083753 2
083746 2
083896 2
083906 2
115400 2
084248 2
083537 1
083530 2
083999 2
084191 2
084183 2
051488 2
051379 1
080394 2
083444 2
083432 2
084271 2
276731 0
084307 1
083135 1
084006 2
082031 2
115253 1
075309 2
075311 2
084477 1
115355 1
075414 2
075418 2
082091 2
082884 2
075505 2
084384 2
082096 1
075513 2
075511 2
083693 2
083698 2
074954 2
074947 2
075500 2
075517 2
084327 1
084213 2
079218 2
075503 2
075501 2
075518 2
081027 2
079363 2
079223 2
077600 2
084096 1
079364 2
075159 2
077606 2
079188 2
075161 2
084416 2
083111 2
092037 1
082459 2
078080 2
082490 2
078164 2
084128 1
081685 2
078144 2
078104 2
078188 2
078234 2
078252 2
083171 2
082887 1
091397 1
084381 1
079200 2
079172 2
083173 2
078085 2
083179 2
078442 2
078452 2
079145 2
078440 2
114464 1
083059 1
075415 2
082743 2
082757 2
083019 1
078098 2
078128 2
082822 2
043963 2
075417 2
044184 2
082063 2
082071 2
075315 2
084152 2
114640 1
079641 2
081701 2
114483 1
114647 1
082829 2
075593 2
084090 2
084155 2
078445 2
082828 2
084157 2
044367 2
051528 2
043943 2
044080 2
044166 2
051503 2
051368 2
051143 2
044072 2
043889 2
082615 1
078630 2
079644 2
079129 2
081897 2
081709 2
083479 2
137680 1
078093 2
043937 2
078659 2
079167 2
079288 2
044074 2
113836 2
051251 2
083119 1
083168 1
044115 2
044075 2
113800 2
075608 2
075906 2
082627 1
079291 2
075051 2
083053 2
114413 2
081721 2
114603 2
083497 2
081754 2
084469 1
082124 2
044258 2
043991 2
084336 2
043879 2
044255 2
082144 2
043927 2
114894 2
084439 1
045040 2
114932 2
044339 2
081648 2
043929 2
044832 2
044100 2
044850 2
045120 2
051078 2
045144 2
084098 2
084116 2
044773 2
084413 1
114972 1
044221 2
081890 2
081922 2
084216 2
082075 2
051500 2
081229 2
081674 2
082077 2
079325 2
081901 2
051079 2
081903 2
074869 2
044028 2
045205 2
074557 2
083563 2
115347 1
084005 1
115445 1
181231 1
050972 2
115039 1
078259 2
115034 1
074528 2
051074 2
181262 1
078285 2
114873 2
051255 0
079670 2
114989 1
075472 2
084031 2
083988 2
084322 2
083559 2
181198 1
181139 0
112097 2
114414 2
051068 2
075561 2
084292 2
083887 2
114908 2
050832 1
084286 2
083884 2
084104 2
084083 2
051557 2
084475 2
055782 0
075325 2
051187 2
084085 2
051073 2
210897 1
084317 2
210962 1
084110 2
074907 2
084249 2
043965 2
051194 2
211015 1
079837 2
211014 1
279827 1
083700 1
084472 2
015108 2
083977 2
219889 1
114436 2
084073 2
081794 2
219891 1
079793 2
083962 2
084045 2
269649 1
044193 2
084255 2
080884 2
079970 2
269586 1
081814 2
277006 1
080019 2
269658 1
045143 2
081768 2
080867 2
276904 1
083071 1
084335 2
082779 2
114556 2
084457 2
211776 1
051431 2
078458 2
114467 2
083811 2
115343 2
083723 2
114487 2
081907 2
077703 2
051412 2
051397 2
114570 2
114465 2
114484 2
051395 2
084348 2
083739 2
114258 1
044238 2
081615 2
075186 2
079341 2
084696 1
043864 2
083975 2
081720 2
083786 2
051150 2
114295 1
081911 2
075191 2
223506 1
078823 2
081637 2
044218 2
079360 2
045204 2
081748 2
223511 1
081482 2
084211 2
084474 2
051107 2
084479 2
136059 1
084283 2
270009 1
137440 0
115446 1
084175 2
083990 2
084232 2
082651 1
082073 2
081807 2
270015 1
025548 0
074721 2
270013 1
271840 1
084617 1
271898 1
082080 2
044106 2
051210 2
084265 2
083961 2
084345 2
082093 2
082099 2
051069 2
180323 1
044108 2
082577 2
084017 2
081506 2
136354 1
115703 1
078043 2
180277 1
115918 0
044194 2
043966 2
051193 1
051195 1
078049 2
083955 2
083699 2
044023 2
083694 2
075143 2
082769 2
084113 1
082764 2
083957 2
084231 2
269640 1
115674 1
270014 1
084226 2
115629 1
084147 2
185592 1
075464 2
115497 1
108045 1
115322 2
115676 1
084360 2
075137 2
034620 0
081728 2
084383 2
081963 2
084097 2
051218 2
075120 2
081778 2
075312 0
084304 2
079642 2
084178 2
128261 0
082002 2
082088 0
084100 2
115508 1
082029 2
007106 2
115394 2
051198 1
082629 1
084154 2
084117 2
083029 2
080366 2
051186 1
083697 2
084153 2
084583 2
083207 2
081933 2
084074 1
120705 2
083037 2
084387 2
083931 2
083932 2
083667 1
083691 2
084038 2
082614 2
051094 1
084775 1
084339 2
115292 2
084596 2
084331 2
051209 1
185585 1
185588 1
051202 2
220514 1
080424 2
120692 2
185578 1
051204 1
051207 2
220004 1
114982 2
115113 2
051213 1
185561 1
084718 0
083305 1
051192 1
220007 1
084306 2
084042 2
114007 2
084267 2
115430 0
114009 2
186597 1
084076 2
084318 2
115121 2
271686 0
051206 1
180299 1
051166 0
186599 1
113971 2
084011 1
051059 1
083996 1
084106 2
115280 2
084052 2
084270 2
114848 2
084268 2
271101 1
184968 1
271153 1
180635 1
062670 2
051197 1
113997 2
184837 1
184499 1
179693 1
084053 2
084111 2
179703 1
179961 1
179963 1
114987 2
051217 2
074903 0
080217 2
051215 1
051223 1
277015 1
179999 1
180033 1
084759 2
051211 1
180626 1
180614 1
051216 1
114003 2
180595 1
051221 1
114018 2
114023 1
084691 2
180592 1
113986 2
080236 2
185562 0
053248 0
081889 2
114852 2
051081 1
078303 2
083969 2
084805 2
084377 2
051189 1
051219 1
051112 1
084754 2
051201 1
081896 2
180032 0
051200 1
114015 2
154470 0
051203 1
084365 2
114710 2
080426 2
051191 1
115435 2
051199 1
114990 2
050849 1
114961 2
051208 1
051092 1
051205 1
051123 1
084043 2
114648 1
084075 2
089290 1
115136 2
280412 0
115105 2
114741 2
115090 2
125655 1
051222 1
