085524 1
010305 0
018145 2
115245 2
113573 2
113600 2
010298 2
082362 0
112019 0
080586 0
117089 0
065268 2
156872 2
156873 2
188475 0
025309 2
201258 0
043640 0
022398 0
135618 1
002358 1
002952 1
134318 2
002393 0
131875 2
131798 2
131812 2
131791 2
134989 0
047560 2
137335 0
266540 2
266582 2
266697 0
012210 0
237246 0
188752 1
188756 1
188724 1
156669 0
188725 0
014596 0
188305 0
192317 0
028855 2
028845 2
188438 1
188465 0
275726 2
275736 2
275710 2
270824 0
147577 2
147431 2
147377 2
202336 0
188462 0
027104 0
033670 2
013161 0
188437 0
032811 1
041627 2
232047 0
169352 1
169256 1
262452 2
030282 1
034268 0
269301 0
031620 1
243426 1
163233 2
165103 2
083067 1
015065 2
125665 2
087337 2
086871 1
178675 2
086117 1
054450 2
054425 2
085563 2
027960 1
181541 2
181534 2
181522 2
025448 0
008667 0
201081 1
200969 2
082131 2
082139 2
200983 2
164504 2
164492 1
163880 1
101389 0
160649 0
046562 1
162927 0
059140 1
059149 1
042736 1
044250 1
043439 0
196436 1
279544 1
164498 1
199560 2
086484 1
164494 1
221708 2
062473 1
231729 2
231734 2
201400 0
058295 1
019237 0
260990 1
261018 1
261046 1
133240 0
288056 0
098222 1
041609 1
009413 0
203776 2
233688 0
040992 1
019053 0
007089 0
028432 0
199440 0
081660 0
161509 0
061796 1
219756 2
219768 2
198291 0
067419 0
270829 0
157915 0
058159 2
263369 0
276206 1
088248 0
028390 0
201255 0
044238 0
243192 2
243183 2
243191 2
045809 0
041116 1
041103 1
032133 2
032651 0
264137 0
286574 0
080734 0
065001 0
275725 0
098951 0
243930 0
045271 0
126330 0
270873 0
270635 1
162921 0
032836 1
024026 0
029261 0
041121 1
051265 0
289343 1
289268 1
211557 0
269555 1
269508 0
243459 0
022376 0
029049 0
243227 1
200365 0
005560 0
098950 0
269934 0
164675 0
115807 1
115806 1
278505 0
198224 0
035966 0
223166 1
023147 0
051490 0
088255 0
042016 0
109765 0
211798 0
027825 1
275735 1
288636 0
214878 0
262573 0
243321 0
083166 0
283483 0
052743 1
052729 0
288057 0
022682 1
028611 0
188679 0
031742 0
022405 0
024439 1
230009 0
025257 0
023183 1
040913 0
041247 1
221740 0
243465 1
045985 1
046004 1
023503 0
023135 0
190438 0
236341 0
243406 1
243411 1
188472 0
243416 1
243419 1
243425 1
243427 1
162992 0
131028 0
163027 0
124382 0
188726 0
198226 0
277116 0
005750 0
135486 0
041088 1
041091 1
041086 1
041074 1
242301 0
025413 1
160721 0
242605 0
162917 0
115433 0
032794 1
160206 0
219847 2
035001 0
064054 1
064064 1
279543 0
180752 1
084821 0
180750 0
075456 0
014778 2
045551 1
035478 0
045596 1
008291 0
045416 0
254322 1
083153 0
218352 0
046128 0
001236 0
009426 1
122303 0
288085 0
043798 0
027131 0
188643 0
032358 0
138686 0
025214 0
025589 0
044567 0
265349 0
260991 1
261019 1
261047 1
101338 0
261311 0
133985 0
095209 1
045812 0
254321 1
023068 1
023065 1
266717 0
023007 1
261313 0
045871 0
253914 0
161303 0
019780 0
052847 0
063843 0
028610 0
221981 0
270602 0
264409 0
019779 0
279751 0
266575 0
273790 1
273798 0
053935 0
287506 0
126329 0
095567 0
061131 0
040778 2
040803 2
071227 0
197336 0
082936 0
025583 0
155605 0
078968 0
116080 0
260971 0
077374 0
082130 0
190322 2
144655 0
254757 1
253816 1
253905 1
254681 1
151200 1
160370 0
117300 0
270821 1
271065 0
270930 1
270969 1
270940 1
270971 1
188602 0
269556 0
120366 0
008711 0
275793 0
192328 0
081855 0
038130 0
095482 0
088247 0
188611 0
274038 0
279175 0
028366 0
018757 0
266107 0
131385 0
223504 1
223513 1
149965 1
149966 1
082138 0
004764 0
280767 0
014223 0
025614 1
097921 0
222411 0
041325 1
077365 0
129054 0
197894 0
041346 1
225149 1
225150 0
037046 0
055813 0
031741 0
058926 1
062807 0
225151 0
114339 0
045810 1
260871 0
019336 0
031458 0
197998 1
198035 1
155532 1
028342 1
058294 0
155639 0
139042 0
277771 0
109986 0
229563 0
041690 0
286572 0
230159 0
022244 0
009626 0
052071 0
266101 0
262574 0
231559 1
280967 0
146212 0
010216 0
229607 0
080861 0
083032 0
155626 0
011197 0
269524 0
014045 0
253915 0
209054 0
085755 0
253916 0
286997 1
287006 1
286763 1
286775 1
161512 0
283192 1
283190 1
283220 1
283223 1
283191 1
288149 0
018134 0
219942 1
288194 0
116317 0
198311 0
224069 0
025258 0
122343 0
126434 0
275785 0
191138 0
035789 0
024576 0
270459 0
052860 0
083387 1
080459 0
045984 0
270915 2
270917 1
274597 1
138480 0
033226 0
068441 0
270925 0
188288 0
137812 0
115926 0
192264 0
079742 0
219135 1
219182 1
288140 0
064233 0
088254 0
134919 0
002892 0
199182 0
229617 0
040999 0
287950 0
146270 0
126331 0
211241 0
047897 0
056140 0
043817 0
093225 1
093266 1
054587 0
287837 0
176114 0
285990 0
027834 0
093308 0
018663 1
150329 0
272621 2
221441 2
125337 0
159465 2
125331 0
128375 2
276205 0
219918 0
037044 0
004046 0
202519 1
006341 1
203181 0
188825 0
027315 1
266532 0
113800 0
180748 0
089622 0
221913 0
158086 0
003748 0
259632 0
131477 0
268394 1
268476 1
269011 1
187927 0
147203 0
134005 0
048903 0
010561 0
093329 1
044870 0
125494 0
078158 0
159309 0
289776 0
079380 0
021451 0
043630 0
231358 0
037066 0
015417 0
092388 0
014207 0
123826 0
264035 0
126530 0
025677 0
274528 0
068142 0
125322 0
025484 0
097780 0
054099 0
137090 0
123748 0
167767 0
262159 1
136003 0
174678 0
156964 0
161852 0
161771 0
160364 0
008489 0
109993 0
243994 0
041276 0
129059 0
005083 0
270424 0
260972 0
093295 0
219767 0
142145 0
287951 0
033594 1
060606 1
210307 0
280794 0
281366 0
029675 0
097588 0
216609 0
025762 0
269527 0
097932 0
144875 0
062826 0
121872 0
110705 0
288051 0
275271 0
049754 0
095485 0
264038 0
267093 0
048685 0
273074 0
049672 0
195399 0
186610 0
244298 0
277259 0
156183 0
087497 0
039805 0
055108 0
167421 0
062996 0
046003 0
165388 0
241407 0
025714 0
225165 1
225167 1
225177 1
226319 1
226318 1
117761 0
101316 1
240103 0
062954 0
096341 0
270252 0
187725 1
