250302 1
250390 1
240797 1
086986 1
086998 1
087065 1
080670 1
080644 1
086943 1
087068 1
087069 1
277198 1
277200 2
277204 1
101905 1
269006 1
066933 1
243873 1
243825 1
243783 1
243867 1
243913 1
086886 1
086897 1
087037 1
087040 1
086892 1
086922 1
086649 1
086677 1
087029 1
087059 1
020327 2
086775 1
086783 1
088160 1
088143 1
087067 1
091637 1
030733 2
243626 1
089267 1
078083 1
078074 1
241195 1
241149 1
243616 1
241217 1
241435 1
241436 1
241439 1
278912 2
278867 1
077649 1
077701 1
078068 1
078046 1
090709 1
090758 1
090848 1
090827 1
090860 1
019535 1
090870 1
090829 1
067757 2
226249 1
078013 1
269503 2
269506 2
086719 1
086754 1
077470 1
086826 1
086877 1
280271 1
280238 1
087030 1
087062 1
005708 1
089292 1
078213 1
228417 1
168254 1
168033 2
168006 1
089733 1
090043 1
243884 1
251520 1
241467 1
243994 1
240766 1
211669 1
085671 1
085661 1
278814 1
098874 1
098921 1
249389 1
087041 1
087036 1
248977 1
254972 1
278712 2
278591 1
250819 1
278761 2
261153 1
255880 1
089324 1
259928 1
118131 1
259889 1
227981 2
108396 1
020022 2
020021 2
019998 2
272285 1
276174 2
276176 2
101904 1
087320 1
087323 1
087307 2
087306 2
086818 1
257788 2
086239 1
086220 1
232999 1
080709 1
046157 2
199461 2
148885 2
148950 2
148647 2
147386 2
270287 2
242592 2
264291 2
199595 2
199481 2
199550 2
237701 0
230705 2
242790 1
078179 2
240241 1
006931 1
085559 1
085314 1
087428 1
222744 2
078323 1
223695 1
066876 1
223673 2
163304 1
087278 1
097311 1
029598 1
097250 1
278453 1
087412 1
087411 1
087410 1
087414 1
163295 1
120209 1
005608 1
120211 1
086150 1
086166 1
120150 2
005597 1
120192 1
086794 1
233263 2
241536 1
233126 2
233141 1
278442 2
233303 1
237031 1
284298 1
086767 1
086800 1
271433 1
271603 2
258775 2
258760 2
089540 1
127931 1
249343 1
278753 2
278771 2
262078 2
262079 2
089535 1
091070 1
271620 1
091059 1
271630 1
249219 1
271127 2
271161 0
082889 1
258215 2
272888 1
087581 1
278154 1
087614 1
233697 1
087604 1
087889 1
087893 1
087963 1
030734 1
087384 1
271295 2
255890 2
271134 1
251352 1
087888 1
272331 2
120281 1
241169 1
127871 1
272333 2
271297 1
261764 2
233247 2
005672 1
070580 1
261871 2
070581 1
103754 1
103753 1
070598 1
120283 1
103771 1
273467 0
087395 1
255884 1
233331 2
019330 2
233693 1
261872 2
086034 1
019327 2
086080 1
028237 1
278356 2
252918 1
087032 1
256857 1
229131 2
094120 1
087049 1
087892 2
140256 1
272422 2
243882 1
086536 2
254657 0
087962 1
093897 1
081057 2
086546 2
086524 1
086554 2
256214 1
087354 1
261296 0
140385 2
087355 1
140331 2
140387 2
278198 0
256279 1
140335 2
140350 2
249830 1
126403 0
029433 2
029270 1
140390 0
067016 1
185465 0
252371 1
249956 1
252440 1
080786 1
260251 0
081353 1
032384 1
081350 2
240303 1
249831 1
081474 0
032359 2
272699 1
007212 1
249832 1
251422 0
032357 2
032314 2
260413 0
067006 1
235820 1
120769 1
235828 1
272661 1
235829 2
239575 1
234619 0
244078 1
277014 0
029071 1
140342 0
029069 2
029067 2
225939 1
083096 1
108822 1
233400 1
067035 1
210741 1
235849 1
086418 1
227732 1
007734 1
256920 2
108846 1
014852 1
276493 2
117254 1
078095 2
256878 1
226422 1
222603 1
080467 1
057903 2
226464 1
066935 1
244831 1
074487 1
276478 2
244799 1
074488 1
108848 1
197530 0
080470 1
107660 1
078168 2
080440 1
067144 1
078218 1
229638 2
005714 1
067159 1
235870 0
107661 1
236618 0
243784 1
229637 0
243786 1
003437 2
240922 1
228646 2
200346 1
078084 1
244165 1
067126 0
078024 1
082856 1
200621 1
228665 2
087417 1
248689 1
080806 2
066812 1
236755 0
113062 1
200622 1
200733 1
080801 2
080808 2
278878 1
080506 1
249405 1
083027 1
091111 1
140399 0
127597 2
133695 0
083039 1
087238 1
127596 2
249549 0
080810 0
077875 1
