229351 1
229356 1
229358 1
234490 1
231388 1
233919 1
234119 1
227946 2
234388 1
234389 2
231229 1
231233 1
231243 1
231230 1
231234 1
231244 1
231228 2
231232 2
231242 2
228972 2
229194 2
229047 2
229357 2
229359 2
229021 0
231283 2
231286 2
231313 2
231307 2
231271 2
231272 2
231255 1
231302 2
231411 1
231424 2
231409 1
136485 0
231609 1
017844 2
242928 2
242982 1
242922 1
242910 1
239745 0
242895 2
196600 1
196314 1
196586 1
196598 1
136512 0
229352 2
234390 2
256312 2
256301 1
194720 1
194722 1
231119 1
231112 1
229361 2
229424 2
231120 1
231148 2
221595 2
229310 2
221631 2
208778 0
234086 1
221636 2
221682 2
234012 1
234087 2
234052 2
229516 2
142218 0
229531 1
229179 2
229238 2
229241 1
229439 1
229548 2
136301 1
136299 1
136326 1
239253 0
136208 0
220444 0
143206 0
229289 0
263117 0
239329 0
241105 0
226654 0
229207 2
289099 0
235168 0
229011 2
239800 0
158734 1
191448 1
191439 1
191054 1
196315 1
196587 1
196599 1
196601 1
191053 1
161987 0
170262 1
170559 2
224521 0
169215 0
170739 2
170776 1
