226419 1
202309 1
199662 1
199768 1
211355 1
201723 1
201733 2
253060 1
207523 2
191960 1
191952 1
192027 1
233435 2
141618 0
199799 1
199800 1
242624 2
240501 2
199644 0
210978 1
225400 2
229632 2
196270 2
258244 1
152740 0
257917 2
275029 2
256433 0
258502 2
275040 2
211988 0
275063 2
269513 0
242947 2
243224 1
115184 0
229701 2
243208 1
250887 2
229964 2
229876 2
234372 2
243497 1
287168 2
258373 2
258357 2
244136 1
244143 1
243496 1
287669 2
234371 2
243401 1
243402 1
243811 1
250338 1
250339 1
243818 1
243528 0
243857 1
243780 1
243779 1
243862 1
256551 1
243559 1
243558 1
243843 1
243834 1
244363 1
244341 1
183845 2
256770 2
183853 1
256767 2
208546 2
202237 1
202384 1
202398 0
244732 0
282164 2
243826 0
271663 2
251938 0
271664 2
261392 0
275249 0
187602 2
206808 1
201638 1
108832 1
200003 1
199967 1
108880 1
108911 1
108912 1
109176 1
109210 1
109198 1
015242 0
202262 1
184706 1
201964 1
201963 1
201958 1
184695 2
210803 2
210735 2
207193 1
255936 1
256022 1
256099 1
222259 0
203074 0
205796 2
206995 1
206423 2
206434 2
202794 1
208579 1
080223 2
202344 1
210756 1
201756 1
216167 1
256403 0
243186 1
210965 2
210748 2
253501 2
202796 0
255060 1
184747 1
204245 1
254881 0
025484 0
253557 2
208051 1
197534 1
253570 2
253575 2
253602 2
253600 2
253675 2
253701 2
197450 1
197440 1
257343 1
253354 2
244471 2
257243 1
257272 1
253425 2
253449 2
128627 1
253502 2
128478 1
244451 2
253558 2
253571 2
253576 2
228781 1
228910 1
098618 0
205619 0
203070 0
017574 2
201815 1
203076 2
203072 2
101493 1
227462 1
227546 0
252372 0
155811 1
019075 1
265042 1
199789 0
201813 1
199226 1
199222 1
199153 1
199154 1
136116 0
199156 1
226922 1
199160 1
067839 1
067843 1
253569 0
244261 2
244353 2
067812 1
001554 1
244423 1
244426 2
244365 1
244436 2
244366 1
244367 1
080833 1
113760 0
206698 2
206720 2
206709 2
254637 1
080961 1
186283 0
029303 0
262867 1
206885 2
244425 2
224535 2
262872 1
064349 1
257421 0
146539 2
237379 2
237336 2
