198719 1
198743 0
198677 0
198852 1
198856 1
198733 0
198776 1
198801 1
198707 1
198785 1
198792 1
202147 1
198667 1
198663 1
198705 1
198710 1
198769 1
198933 1
199190 1
198765 1
198966 1
198704 1
198721 1
198976 1
198738 1
198751 1
198786 1
198730 1
198835 1
198945 1
198874 1
198726 1
198742 1
198844 1
198771 1
198793 1
198768 1
198732 1
198789 1
198668 1
198660 1
199493 1
198896 1
198783 1
198791 1
198669 1
198739 1
198845 1
199496 1
199159 1
200604 1
198814 1
198666 1
198683 1
198686 1
198754 1
200605 1
198784 1
198756 1
198794 1
198823 1
198968 1
200570 1
200569 1
198816 1
210839 1
200574 1
198973 1
199161 1
198712 1
198688 1
198822 1
198782 1
198795 1
200573 1
198939 1
200514 1
198944 1
198713 1
200601 1
200516 1
198689 1
198731 1
199183 1
199166 1
200608 1
198706 1
199200 1
198728 1
198757 1
198837 1
198761 1
198762 1
198892 1
198902 1
198770 1
198790 1
200753 1
200815 1
198718 1
198781 1
198796 1
199459 1
202176 1
199471 1
199517 1
199529 1
198780 1
198797 1
198711 1
198674 1
198682 1
198722 1
198760 1
198700 1
198729 1
206918 1
199384 1
199387 1
198716 1
198701 1
199750 1
199755 1
252126 1
198725 1
228092 1
227990 1
244264 0
130457 0
173153 0
199363 1
084018 0
198827 1
198799 1
199367 1
199369 1
024051 0
162642 0
074804 1
108254 0
202185 1
202212 1
065796 1
065794 2
065792 1
149515 2
149512 1
015646 1
147618 2
147617 2
147606 1
147588 1
147619 2
165031 1
074945 1
165021 1
149596 1
149597 1
256989 1
074962 1
152566 1
159218 2
152579 1
049818 1
200249 1
049866 1
200289 1
243522 1
159230 1
200290 1
049954 1
241507 1
057016 1
049348 1
149600 1
049514 1
165418 1
198504 1
241515 1
198506 1
078546 1
028902 0
082239 1
149860 2
082203 1
052116 1
082331 0
043983 1
149876 1
220642 1
052126 1
149852 1
255353 1
150658 1
043986 2
150677 1
051331 1
150679 1
150681 1
043998 1
150690 1
150985 1
165001 1
116165 0
278854 2
220375 1
052221 1
175446 0
077469 1
201119 0
149938 1
223669 1
046248 1
221164 1
075495 1
074917 1
074591 1
149937 1
082705 1
016625 0
074522 1
074853 1
082601 1
075528 1
074854 2
015582 2
046252 2
069040 1
075117 2
091169 1
046247 1
075135 0
082435 1
091844 2
039964 1
086516 1
075269 1
091881 1
056643 1
057296 1
075559 1
080088 1
205007 0
049860 2
164824 1
056583 0
065672 1
050055 1
065582 1
075477 1
075554 1
045899 2
045909 1
082062 1
176786 0
039946 1
078602 1
039926 1
082060 1
042551 1
199770 1
046316 1
046354 1
039513 0
082763 0
199850 1
078063 2
150111 1
223496 1
046394 2
077635 1
200231 1
199849 1
162241 1
077586 1
065764 1
065828 0
198369 0
098370 1
045815 1
015831 0
145570 1
277120 1
272453 1
025719 1
153322 1
067765 0
075697 1
039503 2
272462 1
050900 1
153874 1
224243 0
045101 0
050899 2
050919 0
158664 1
150721 0
161083 1
211232 0
270306 1
149540 1
272105 1
161046 1
199163 1
161048 2
161042 1
056705 0
011450 1
009983 1
015658 1
149523 2
015639 2
259826 0
160306 2
149553 2
160355 1
225005 0
267862 2
160378 1
015508 0
096368 1
096172 1
267773 1
205179 1
218106 1
205181 1
199362 1
199365 1
199358 1
203736 1
239837 1
203752 1
051393 0
275872 0
045384 0
046181 2
065974 0
046167 1
044663 2
045119 1
046163 2
046164 1
098526 1
098690 1
099409 1
272415 1
046241 1
272539 2
240568 0
075744 0
099701 1
099700 1
266942 2
266890 1
282375 0
277394 1
277398 2
277409 2
277408 1
163815 1
277452 0
163831 1
039713 1
046277 2
152443 1
068155 1
046279 1
045979 1
148148 0
057843 1
098003 1
161689 1
039751 0
272024 2
028944 0
046624 1
045936 2
161690 1
271981 1
271668 1
272023 1
271851 1
271909 1
082265 1
149349 0
025744 0
079435 1
272106 1
045278 0
046427 1
067594 1
108515 0
134025 0
058863 1
067631 1
263175 0
067658 0
062808 1
226128 0
046104 1
062805 2
276250 1
062772 1
276302 1
046168 1
050237 1
