051099 2
059396 0
054720 2
054675 0
054715 0
053703 0
056226 0
053228 2
053013 0
056808 2
056529 1
052269 2
052268 2
057019 2
056866 0
052800 2
052755 2
052537 2
052516 2
057335 2
057138 0
048663 2
048456 2
053285 2
053281 2
052140 2
052129 2
055463 0
053293 2
053243 2
053001 0
053009 2
056361 2
056316 0
054884 2
054811 0
053200 2
053015 2
046870 2
055599 2
054281 0
046766 2
055895 2
054409 2
054357 2
055790 0
050224 2
050150 2
057372 2
052542 2
052517 2
057128 0
053610 2
053593 2
055467 2
055645 2
056511 2
056622 2
056182 2
055875 0
055308 0
056181 2
051031 2
055877 0
054442 2
055287 2
055087 2
057032 2
054761 2
056695 0
054202 2
053597 2
056863 0
055020 0
163108 2
055438 2
054140 2
053314 2
163105 2
054869 2
053595 2
055216 0
052361 2
051032 2
052354 2
056680 2
055311 2
055292 0
056700 2
056507 0
055486 2
055190 0
056430 2
056789 2
054896 2
055967 0
054895 2
056127 0
056523 0
054201 2
055185 2
053278 2
055164 0
057093 2
055391 0
054867 2
055200 2
053687 2
054138 0
267459 2
056504 0
055159 0
057100 2
054787 0
056857 0
054439 2
055416 2
057368 2
059400 0
057131 0
056278 2
053271 2
057334 2
054393 0
055525 2
055541 2
053000 2
053564 0
054277 2
053159 2
053600 2
055356 0
053152 2
053003 2
053141 2
052965 2
053111 2
056227 0
055381 0
053250 2
057036 2
053007 2
056714 2
052953 2
057139 0
056492 2
054587 2
055991 2
054808 2
056503 0
052910 0
055910 0
054279 2
052932 2
053619 2
053665 2
056707 2
052146 2
056505 0
055612 2
055323 0
057002 2
054487 2
057376 0
054453 0
052838 2
056741 2
056461 0
053050 2
056794 2
056738 2
054876 2
056254 0
053046 2
054539 2
054097 2
055880 2
047658 2
047581 2
053423 2
054095 2
054901 2
055588 2
054003 0
052806 2
053375 2
054954 0
055384 2
054198 2
052762 2
056737 2
056460 0
056742 2
053759 0
056724 2
054234 2
052855 2
055146 2
056755 2
052956 2
055154 0
015803 0
052833 2
056516 0
055309 0
055871 2
054877 2
053650 2
051869 2
051842 0
056019 2
052720 2
056867 0
054076 2
055691 0
055712 2
053534 2
056832 2
056530 1
056467 0
055470 2
053512 2
059273 2
054278 2
059315 2
054679 0
053107 2
059343 0
053030 2
054218 2
054273 2
053079 2
057077 2
054160 0
052771 2
055468 2
054471 2
052724 2
055478 2
056384 2
055971 0
053602 2
048603 2
053408 0
054544 0
054365 0
054274 0
053391 0
055101 0
054331 2
202631 2
054179 2
055291 2
056841 2
057330 2
053124 0
054801 2
056835 0
059462 0
057140 0
053241 2
053011 2
053163 2
055072 0
053552 2
048557 0
054968 2
056186 2
048583 2
053054 2
054798 0
053044 2
054117 2
048484 2
198416 2
199195 2
063658 2
199046 2
063807 2
061105 2
199169 2
048488 2
061014 2
054016 0
054251 0
048491 2
215723 0
055398 0
051582 2
054094 0
054531 2
199994 2
053551 0
056615 2
054515 2
054821 0
055404 0
053036 2
054530 2
054577 2
051929 2
052931 2
056476 0
052722 2
052776 2
054998 0
052934 0
054520 2
056514 0
055550 0
051364 0
051615 2
053170 0
054488 0
050947 0
054503 0
057328 2
236098 2
236038 2
056773 2
057141 0
056962 2
151125 0
235068 0
062968 2
062870 2
056744 2
051337 2
051376 2
055873 0
051486 2
056151 2
055995 2
055908 0
055860 0
056457 0
051110 2
051102 2
054926 2
052911 0
057338 2
057136 0
055692 0
054090 2
053686 2
054275 2
055174 2
054894 2
052744 2
056187 2
052728 2
056843 0
054006 0
054903 0
055294 2
055982 2
055456 2
230946 0
048384 2
055280 0
056459 0
052741 0
057317 2
048181 2
054899 2
051005 2
057145 0
055331 2
051004 2
052177 2
054817 0
052179 2
056051 0
055301 0
053485 2
054904 2
055148 2
053568 0
056346 2
052837 2
056466 0
052954 2
056324 0
054558 0
055097 0
050202 2
054916 0
050143 2
054728 2
051402 2
051359 2
052544 2
056486 2
055270 2
052567 2
055876 0
049683 2
049042 1
054194 2
055587 0
055592 2
054127 2
054908 2
051033 2
056397 2
056610 0
262748 0
056770 2
055262 2
056381 0
057152 2
053071 2
051087 2
050137 1
057072 0
050124 2
053040 0
050963 2
055445 2
031705 0
055263 0
052939 2
052866 2
056852 1
056498 2
049406 2
052865 2
052938 2
056342 2
053878 0
054727 2
049065 2
048940 2
055245 2
054740 2
056326 0
056851 0
057311 0
054002 0
053704 2
054283 2
050466 2
056114 2
056522 0
076879 0
065922 2
053753 2
056100 2
050244 2
049698 2
050214 2
054077 2
054665 2
055471 2
055713 2
050251 2
051820 2
051819 2
049696 0
052788 0
050236 2
054834 2
050142 2
054800 2
057049 2
052926 2
052923 2
056061 2
055434 0
055710 2
056861 0
052598 2
055412 0
056210 2
054224 0
053974 2
056097 2
050118 2
060953 2
050429 2
052701 2
052686 0
086428 0
055162 2
055474 0
050116 2
049912 2
053738 2
055850 0
054983 0
050426 2
052433 2
050588 2
049843 2
052745 0
056968 2
052629 0
254620 0
055827 0
052586 2
055500 0
054871 2
052857 0
054875 2
055385 2
053958 0
062192 0
053691 2
055621 0
052862 2
054387 2
163241 2
052405 2
052748 2
052726 2
052846 2
050371 0
056095 2
056263 2
052950 2
054270 0
052840 0
055236 0
056131 2
055706 2
053148 0
055784 0
054529 2
055276 0
050326 2
043016 0
056473 0
054758 2
052712 0
054882 0
054049 2
056870 0
050956 0
050778 2
051127 2
054519 2
046923 2
051160 2
055282 2
065246 0
050670 2
254101 0
053521 2
082759 2
082744 2
082646 2
056070 2
054763 0
235121 0
053705 2
053867 2
080427 2
080399 2
047551 0
082783 2
054407 0
083069 2
052896 2
054989 2
200629 2
059290 0
200626 2
080365 2
200230 2
200630 2
213258 2
213616 2
055655 0
213275 2
078158 0
220721 2
050483 0
052887 2
054719 0
220725 2
220905 1
220966 2
082544 2
080783 2
080772 2
048434 2
082391 2
082500 2
048202 2
061809 0
082598 2
082386 2
082594 2
082660 2
082618 2
020016 0
054445 2
080782 2
080280 1
082692 2
080747 2
054526 2
080722 2
082690 2
080791 2
080773 2
080543 0
055273 0
080691 2
082547 2
048750 2
080736 2
080701 2
080720 2
048442 2
080756 2
048531 2
053223 0
080682 2
080724 2
080498 2
080449 2
080735 2
080340 2
080368 2
080602 2
080495 2
080723 2
080597 2
136212 0
080397 2
080694 2
080708 2
082521 2
080784 2
080714 2
080711 2
080770 2
080360 2
055258 2
080754 2
080753 2
080702 2
202193 2
080379 2
082609 2
082591 2
080718 2
202208 2
202386 2
080768 2
202245 2
080700 2
080284 0
080588 2
082711 2
082708 2
080613 2
055828 0
080520 2
080713 2
080357 2
080611 2
080763 2
080785 2
080582 2
080657 2
080712 2
080349 2
080514 2
080571 2
080796 2
080398 2
080685 2
080341 2
080471 2
080447 2
080474 2
080584 2
036170 0
182919 2
082244 2
080635 0
080469 2
182918 2
182934 2
182922 2
082808 0
181551 2
080466 2
080381 2
181537 2
080570 2
055426 0
080591 2
050250 2
044050 0
053627 0
054872 2
084847 2
082370 2
082504 2
080565 0
057079 2
080265 2
082383 2
080589 2
080149 2
082503 0
084108 2
080793 0
080693 2
080729 2
084107 2
088138 2
056087 0
084127 2
080792 2
088112 2
088131 2
082673 2
082682 2
110901 2
100425 2
080356 2
082300 2
082286 2
080309 2
100426 2
077667 2
050242 2
110933 2
080669 2
054682 2
040939 0
019248 2
053559 0
060512 2
056716 2
277523 2
097355 0
055521 2
022495 2
055179 2
093611 2
084194 2
093742 2
084192 2
080740 2
277543 2
170793 0
022411 2
080715 2
080764 2
054429 2
056502 0
122348 2
122350 2
113705 2
222456 0
010046 2
135172 2
044582 0
113721 2
135170 2
254661 0
122351 2
054481 0
135374 0
135179 2
050249 2
053756 2
054789 0
004440 2
134309 2
053736 2
053591 2
134288 0
116411 2
044038 2
082803 2
055918 0
082797 0
050967 0
030859 2
030857 0
116415 2
223313 2
168464 2
056192 0
223318 2
263346 0
080692 2
054857 2
003562 2
055310 0
082791 0
056341 2
054389 0
007987 2
057353 2
121394 2
121379 0
263747 2
029888 2
059371 2
029875 2
099529 0
144656 2
223288 0
010653 0
057132 0
050241 2
054773 0
144615 2
081175 2
049841 2
053150 0
080965 2
054563 0
263741 2
197395 0
081121 2
071084 2
104258 2
071085 2
081013 2
104257 2
080993 2
004253 0
271306 2
049908 0
082329 2
039786 0
082422 2
054638 2
051509 0
271408 2
159804 2
054823 0
271307 0
169436 2
052302 2
082562 0
049884 0
052515 2
052495 2
080363 2
070975 2
104148 2
083514 0
138812 0
055068 2
083518 1
052301 2
271308 2
090281 2
021760 0
089022 2
083513 0
055031 0
030259 2
156681 0
115026 0
052111 2
083465 1
054820 0
087324 2
022232 0
210232 0
233360 0
048719 0
054785 0
055118 0
045002 0
080171 2
211870 0
056044 0
080221 2
054631 0
224849 0
054197 0
029105 0
083910 2
222336 0
050931 0
053386 2
055617 0
080480 0
083907 2
111645 2
111680 0
212612 0
052955 2
054662 2
048441 0
054940 0
054732 0
052485 0
052918 0
136171 0
243710 2
084584 2
054921 2
050414 1
007807 0
054689 2
050323 2
050837 2
053476 1
055219 0
026099 0
076094 2
054672 2
052915 2
219939 0
056735 2
052870 0
055523 0
211196 0
055180 0
054967 0
050936 0
136448 0
081021 2
285147 1
000608 0
080978 0
083517 0
285181 2
173060 0
285184 0
010458 0
053094 0
052780 0
093584 0
053815 0
053560 0
112682 0
054753 2
052613 2
051780 0
054452 2
054601 2
095460 0
056723 2
056358 2
090196 0
090645 0
083466 0
019406 0
021129 0
056318 0
054674 0
055723 2
150360 2
050865 0
050621 2
056839 0
081428 0
052650 0
056745 2
232140 0
055659 0
050347 0
056515 0
054535 2
054375 0
082446 0
056493 2
056501 0
053057 0
052649 2
052648 0
057370 0
228639 2
082299 0
054166 2
080192 0
049507 0
226994 2
054914 0
019163 0
055845 0
055419 2
112661 0
227073 0
053026 2
054011 0
228749 0
227093 1
055951 2
083198 1
054513 2
057146 2
227074 0
083191 2
230312 0
080730 2
055488 2
033175 1
055487 2
055539 0
050164 2
053405 0
049117 2
049057 2
074727 2
047210 0
166498 0
052900 0
056018 2
056218 2
056287 2
055047 0
143571 0
054210 2
086262 0
080207 1
053272 2
082256 0
138813 0
118359 0
056200 0
277841 0
053477 2
055947 0
052610 0
052998 2
053158 2
056215 0
055170 0
083460 2
112318 0
084504 0
078186 0
055390 0
053478 2
053479 2
113369 0
205675 0
080420 0
056464 0
269199 0
089683 2
081427 0
016281 0
054887 2
138865 0
055506 0
170354 0
048476 0
054081 2
227963 0
053751 0
215923 0
039718 0
083639 0
048142 0
275662 2
275663 0
230744 0
002396 1
263387 2
275914 0
053382 2
113508 0
054962 0
048416 2
276236 0
053997 0
133270 1
231240 0
259079 0
061583 0
146406 2
056315 0
240947 2
056458 0
056240 2
053245 2
054088 0
055243 0
052815 0
055110 0
035784 0
048197 2
054225 0
052440 0
012348 0
053748 0
054105 0
048906 0
056496 0
257779 0
203878 0
054543 0
050177 0
050213 2
085303 0
098844 0
055123 0
054684 0
049697 2
052561 2
052520 2
005617 2
230759 0
055884 0
047018 0
056134 0
054227 2
083208 0
052696 0
055469 0
055720 0
055801 0
056520 0
053076 2
054987 2
022110 0
052868 0
054810 0
053039 0
054714 2
087919 0
056419 0
055235 0
059298 2
262052 0
066775 0
048907 0
055036 0
064540 0
062343 0
158515 0
054540 2
055074 0
124218 0
054505 0
081988 0
048831 2
083461 0
048792 2
055089 2
149736 0
064375 0
078434 0
056856 0
055345 0
056269 2
055992 2
053294 0
053745 2
053977 0
054564 2
083572 2
046744 2
083569 2
054652 0
083557 2
137402 0
056255 0
052869 0
289361 1
053670 2
289050 0
002255 0
138668 2
055600 2
048446 0
225135 0
053563 0
055473 0
055909 0
000868 0
228207 0
053213 0
054816 0
055516 2
083542 0
052882 2
053286 2
224970 0
056234 0
138802 0
080186 0
055366 0
121762 0
053458 0
056414 2
084507 0
056386 0
224892 2
083799 0
085150 0
224924 1
067247 0
219673 0
224925 2
052729 0
056485 2
083629 0
055890 0
053578 0
079668 0
054154 0
057080 0
054803 2
055447 0
054677 0
053034 2
056149 0
055365 0
224930 0
054981 0
054971 2
053023 0
269202 0
054975 2
054928 0
113509 0
006580 2
109546 0
056415 0
056820 2
056472 0
054480 0
054045 2
080148 2
052700 2
056497 0
053017 0
080268 2
059890 0
138675 0
056774 2
053027 0
056995 0
038734 0
056821 2
080671 0
050315 0
055142 0
157072 0
056528 1
080593 0
013446 0
166093 0
053171 0
024411 0
057336 0
161806 2
223375 0
048129 0
230776 0
053519 0
053841 2
053970 0
052779 2
227736 0
055091 0
055160 0
080484 0
053723 0
096927 0
080267 0
225913 0
056521 0
052768 2
056152 2
052685 0
052521 2
148135 0
059457 2
056532 0
222233 0
155979 0
055774 0
056327 0
063178 0
052659 2
