194093 2
194101 2
193574 2
193567 2
195747 2
195746 2
195754 2
195760 1
196253 2
196251 2
190783 1
190850 2
202635 2
202637 1
201727 2
202641 2
201737 2
201752 1
264171 0
202640 1
199484 1
199460 1
201781 2
233314 1
233301 1
227400 2
227402 2
202936 0
201734 1
201740 1
201748 1
201792 1
196796 2
196798 1
199454 0
266022 0
224068 1
223996 1
223950 0
232233 0
257519 0
196347 0
071197 1
104370 1
071204 1
104377 1
102206 0
230979 1
279949 0
195267 0
256560 0
230375 0
243514 0
257093 1
257107 1
243180 0
202112 2
202122 2
006791 0
202135 2
202934 1
202931 1
207490 1
204850 0
202134 1
202151 2
202148 2
213893 0
201938 2
201929 2
202157 1
202156 1
147134 2
202375 2
128556 1
128517 1
128516 2
128559 1
147133 2
264963 2
264964 2
289911 1
261665 0
196252 2
207446 1
262736 0
260660 2
260653 2
066143 0
196272 2
196282 2
260827 0
014582 1
231153 0
018018 0
205224 2
140650 0
149438 2
149452 2
191964 2
192004 2
220319 0
266163 2
266162 2
205235 2
187320 0
254140 0
016925 0
261499 0
261747 2
275434 0
196321 2
196307 2
170268 0
008415 0
219267 1
219274 1
078302 0
195266 0
288721 0
256364 0
235516 0
194537 0
264166 0
123732 0
251324 1
232890 0
131022 1
131019 1
131015 0
196656 0
283327 0
140691 0
131011 1
131026 0
273846 0
071434 2
104607 2
071405 1
104578 1
246616 0
262004 1
261926 1
004455 0
289475 1
025891 0
196589 0
014859 0
260828 0
202834 0
257508 0
238194 0
243190 0
131023 0
235529 0
079967 0
205950 1
205983 1
232213 0
110893 0
226412 0
137196 0
184418 0
254686 0
187139 0
011758 2
095981 0
220363 0
277066 0
273543 0
262885 0
138807 2
138819 1
197028 0
150863 0
198687 1
218242 0
231080 0
148757 0
100923 0
221720 0
194545 2
239776 0
199587 0
019308 0
145521 1
013195 0
017265 2
194534 0
129618 2
222236 0
074733 0
130264 0
258855 0
121962 0
254126 0
262758 1
262769 1
262771 1
262775 1
262782 1
