256945 0
230335 2
230340 2
230428 2
230355 1
230426 2
206291 1
206280 1
193018 0
206269 2
230364 2
230363 2
223497 2
196063 2
258140 1
230344 1
230337 2
204674 2
204476 2
198157 1
198455 1
198415 1
198115 1
198118 1
197992 1
197993 1
198101 1
264311 1
257920 1
193241 2
198025 1
198244 1
243031 1
274836 1
274838 1
275039 0
274998 1
192655 2
192663 2
192675 2
192677 2
192678 2
184158 2
184192 2
258353 1
192945 1
275171 1
254519 1
277428 1
256116 1
235789 1
253810 1
254610 1
253813 1
229488 1
237009 1
201220 1
182488 2
190852 1
225396 1
225455 1
225391 1
225781 1
225764 1
237403 1
276653 1
227723 1
280219 1
269307 1
253648 1
279053 1
273216 1
200051 1
273448 1
267334 1
279002 1
170618 2
268961 1
274684 1
274755 1
202248 2
176308 2
267160 1
202805 2
273940 1
285304 1
018787 1
231898 1
158185 2
157915 2
226749 1
192394 1
197763 1
158186 2
228971 1
275049 1
275053 1
275057 1
275060 1
275022 1
232476 1
279055 1
234835 1
234820 1
234849 1
152397 2
235141 1
286424 1
286427 1
256582 1
284974 1
012750 2
221180 1
192572 1
211234 1
234744 1
234736 1
153792 1
152394 2
276458 2
198024 1
287774 1
234111 1
234068 2
234066 1
234114 1
257589 1
284985 1
263989 1
256447 2
234413 1
267933 1
230065 2
190644 2
191890 1
018698 1
274764 1
287546 1
171519 1
210727 1
194742 1
210361 1
285320 1
274779 1
159852 2
194745 1
278512 1
274670 1
274719 1
274365 1
253072 1
243640 1
243634 1
236111 1
160331 2
254994 1
279064 1
255674 1
256043 1
255652 1
257974 1
268031 1
259841 1
163471 0
257973 1
259015 1
244910 1
162819 2
274541 1
279422 1
213213 1
179398 1
184530 2
184556 2
184588 2
184555 2
184518 2
162882 2
244319 1
244305 1
244397 1
244399 1
258195 1
276906 1
221402 1
259514 1
267238 1
267401 1
244416 1
154786 1
154568 1
082641 1
154482 1
155031 2
154490 1
239343 1
229438 1
154591 1
154775 1
154881 0
257108 1
198889 1
199042 1
199044 1
199096 1
240271 1
282846 1
282864 1
282847 1
164146 0
010786 2
241490 1
284330 1
216295 1
196081 1
127117 2
164091 1
199069 1
271679 1
162876 2
002622 2
221656 1
002815 1
276658 1
269168 1
274562 2
197039 1
221637 1
221581 1
187255 2
187259 2
254248 1
191185 2
192558 1
127264 1
127279 2
229631 2
199068 1
165387 1
158714 1
156647 2
156642 1
173202 2
220748 1
173650 1
219675 1
152398 2
219727 0
158606 1
256890 2
256888 2
256932 1
256880 1
256970 1
257390 1
257443 1
257038 1
257138 1
278243 1
221429 1
256892 2
257499 1
257503 1
222521 1
270939 1
154427 1
270986 1
270958 1
270993 1
138253 1
138290 1
222055 1
257094 1
274786 1
071106 1
104279 1
071104 1
104277 1
284161 1
257361 1
274996 1
274797 1
278606 1
278621 1
278569 1
272303 1
079258 1
079259 1
244972 1
244964 1
075049 0
279771 1
277173 1
201533 0
256931 2
277175 1
271313 1
278702 1
278785 1
255411 1
274678 1
274685 1
285653 1
274680 1
275400 1
275061 1
275062 1
275001 1
275403 1
274772 1
275000 1
275486 1
274736 1
275402 1
274997 1
275414 1
275416 1
275135 1
274703 1
274713 1
275395 1
275399 1
274711 1
275415 1
274706 1
275396 1
275413 1
274746 1
274762 1
274716 1
275002 1
274768 1
274757 1
274709 1
274742 1
274733 1
275076 1
274732 1
274640 0
173207 2
016635 1
139392 1
139475 2
138763 0
274744 1
275857 1
173213 2
275401 1
221887 1
162056 2
157679 1
173216 2
274783 1
275163 1
257313 1
256965 2
257415 1
197756 1
202656 1
276861 1
257370 1
274749 1
137220 2
156351 1
117133 1
274727 1
169647 1
156693 2
152276 1
154824 1
172953 2
172954 2
274734 1
274777 1
274962 1
137821 1
274778 1
153556 1
137861 1
137833 1
137856 1
275038 1
156124 2
153571 1
175742 0
256889 2
138385 1
154771 1
137364 1
153558 1
137374 1
153535 1
274620 1
137316 1
151313 1
154788 2
154789 2
257110 1
153968 2
275125 1
151310 1
173330 2
153710 1
153738 1
151545 2
150202 1
163129 2
163126 2
015890 1
173314 2
153085 2
151544 1
151306 1
151318 1
151305 1
173200 2
157893 2
274815 1
173318 2
270987 1
276843 1
172929 2
172878 1
154126 2
257393 1
257438 1
256867 1
242333 2
242337 1
000106 1
173326 2
201672 2
201691 2
275071 2
275081 2
177565 1
177571 1
158948 2
173248 2
173411 0
257937 1
244974 1
244973 1
244971 1
247029 1
247385 1
247415 1
257324 1
014352 1
147163 0
195894 1
276664 1
270967 1
269894 1
210492 1
274625 1
154790 2
154131 1
275074 1
154802 2
275078 1
275430 1
154734 0
189917 1
275079 1
275137 1
274820 1
257365 2
257374 1
275006 1
275283 1
247028 1
247384 1
275292 1
274830 1
257320 1
257321 1
274658 1
257166 1
274841 1
274871 1
274712 1
274662 1
257302 1
257307 1
257172 2
270981 1
270935 1
270881 1
270889 1
274635 1
154429 1
201954 2
266772 1
269074 1
266768 1
269048 1
274873 1
275026 2
268780 1
266443 1
266362 1
266069 1
266072 1
275659 1
268611 1
265282 1
265224 1
265245 1
265315 1
265329 1
275664 1
268960 1
274775 1
269611 1
274566 1
269614 1
275033 1
268663 1
268674 1
268678 1
268944 1
268954 1
269036 1
267124 1
269465 1
266784 1
269020 1
268762 1
269602 1
274724 1
274626 1
154764 1
269547 1
257161 1
257117 1
238482 2
276700 1
276808 1
274760 1
197214 1
267629 1
204806 1
205411 1
197205 1
257234 2
257237 1
257134 1
247387 1
247346 1
117120 1
264989 1
267989 1
244873 2
275260 1
274568 1
256987 2
274579 1
247309 1
245033 1
275212 0
257135 1
256993 1
154517 2
219199 0
257402 1
256940 2
274570 1
274754 0
034166 0
275275 1
176466 1
276864 1
274737 1
274740 1
153712 1
019032 1
264027 1
025714 1
025296 1
275068 1
281038 1
161388 1
137293 1
137288 2
016029 1
148992 1
173331 2
141561 2
276971 1
277000 1
099631 0
153978 1
154826 1
274674 1
275032 1
275398 1
273426 1
154811 1
157887 1
173042 1
154518 2
173205 1
275738 1
275069 1
275280 1
275472 1
274667 1
274741 1
274739 1
257140 1
275121 1
276668 1
177920 1
161847 1
161176 1
276677 1
154749 2
283188 1
179117 0
221981 1
163762 1
149142 1
154898 1
155576 1
085621 1
085631 1
077143 1
250460 2
148555 0
116046 0
274601 1
224069 1
173296 1
173561 1
257678 1
257672 2
274600 0
257168 1
257167 2
008754 2
274701 1
154522 1
119892 1
005462 0
154756 1
154902 1
193971 0
274720 1
237434 1
154813 0
275031 0
177971 1
197244 1
256893 1
163455 1
154671 1
182631 1
176693 1
182637 1
176731 1
176735 1
176733 1
176695 1
176738 2
154672 0
002315 1
161146 1
176408 1
176421 1
264409 0
190808 1
190778 1
190827 1
232463 2
201070 1
201148 1
201059 1
201142 1
237420 1
190386 2
237419 1
237435 1
276357 1
276359 1
276338 1
276593 1
270892 0
160962 1
161263 0
133162 1
150878 1
168132 0
153052 1
275350 1
275349 1
275509 1
275594 1
270953 1
094328 1
269246 1
148787 1
178648 1
178763 1
178769 1
178787 1
273262 1
173588 0
150088 1
165747 1
174422 1
174407 1
174423 1
276380 1
276566 1
276842 1
285989 1
276848 1
285953 1
190777 1
196879 0
160865 1
052775 1
052637 1
271304 1
271601 1
004144 1
118253 1
223899 0
275178 1
274595 1
273221 1
271110 1
174625 0
273451 1
276992 1
273961 1
276996 1
273936 1
274016 1
275485 1
275491 1
138236 2
138237 1
156492 1
156493 1
156486 1
276678 1
270994 1
273250 1
018867 0
188101 2
276744 1
279059 1
279051 1
279065 1
273214 1
164291 2
211766 1
173315 2
276844 1
276749 1
271059 1
271054 1
276659 1
278540 1
278616 1
278548 1
276379 1
275365 1
173329 2
225454 1
225395 1
229348 1
132816 1
132716 1
132795 1
132796 1
132834 1
132873 1
132868 1
226748 0
187276 1
165833 1
165837 1
165716 1
165743 1
165875 1
173381 1
173386 1
173408 1
166056 1
173686 1
158036 1
257158 0
157176 1
157181 1
273305 1
278532 1
278538 1
271036 1
271032 1
173257 2
173898 1
271044 1
225787 1
276748 0
165398 1
173412 2
275805 1
010552 1
255347 0
240284 1
177885 0
176220 1
155167 0
270802 1
270801 1
270798 1
260380 1
260364 1
006983 0
001552 1
068716 0
274632 1
156494 0
171566 1
171555 1
274627 1
276002 0
263187 1
263191 1
275070 1
257377 0
161303 1
161356 1
275080 1
277283 0
093474 0
173805 1
278386 1
278383 1
271322 1
224392 1
223961 1
224160 1
225780 1
221847 1
281936 1
257420 1
257426 1
082639 0
278550 1
278559 1
119254 1
276716 1
276715 1
162338 2
148772 2
256886 2
278547 1
278615 1
276849 1
158560 1
154524 0
257157 1
257145 1
271591 1
158551 0
136199 1
271508 1
271406 1
276565 1
271301 1
154503 0
049176 1
049168 1
041905 1
274605 0
278800 0
261022 0
262792 0
176221 1
164138 0
211580 1
211767 1
201060 0
276339 1
276358 1
276360 1
276381 1
276567 1
272169 2
272128 2
272001 2
272129 1
272403 1
271077 1
257805 1
257800 1
278551 1
092046 0
286426 1
286423 1
278684 1
273246 1
283475 0
178083 1
278640 1
278641 0
173308 2
221903 1
162351 1
162356 1
271391 1
271509 1
138624 1
138605 0
063605 0
173335 1
256982 1
272223 0
141975 1
142066 0
048718 2
175361 1
175605 0
153458 0
173327 2
176426 1
160817 0
254390 0
043746 0
278798 1
278734 1
147090 0
172779 1
153725 1
153749 1
163593 0
192994 0
276742 1
154516 0
172767 2
264799 1
264858 1
264860 0
271374 1
274633 1
274639 1
274573 1
286643 1
286782 1
286809 1
286714 1
047410 0
015744 1
271015 1
128527 1
128671 1
128670 0
174697 1
174734 1
174863 1
174874 1
276667 1
116876 0
273903 1
273888 0
262802 0
017581 0
271540 0
173347 2
027844 0
087281 1
087259 0
063302 0
276822 1
161192 0
274585 1
252220 0
275151 1
272190 1
272193 1
276939 1
277003 1
005083 0
276757 0
162815 1
162906 0
274607 0
173253 1
007158 2
274617 1
028877 0
276689 1
274624 1
173384 0
140626 0
173409 2
154538 1
271116 1
227973 0
276825 1
057339 0
160616 2
160610 2
154793 0
154957 2
181744 1
276596 0
277835 0
154958 1
138292 0
271124 1
278184 0
196066 0
154574 1
154575 1
173389 2
173397 2
173415 2
274636 1
119489 0
129926 0
173334 1
253389 0
004324 0
114018 0
154763 1
154843 1
154809 1
154173 1
154632 1
154836 1
153969 1
154067 1
154823 1
154068 1
153988 0
154845 1
154633 1
154481 1
154489 0
168532 1
168501 2
168502 2
168489 1
271076 1
173307 2
271065 1
158972 1
159062 0
141878 0
256927 1
173398 2
222898 0
270951 1
158453 1
275366 1
137300 0
275363 1
025713 0
275422 1
271106 1
274602 1
276642 1
257455 1
257454 1
173275 1
016720 1
188814 0
009675 1
122090 1
117104 0
114650 1
211511 0
229064 0
230626 1
230616 1
223479 1
219643 1
219622 1
275583 1
275581 1
221755 1
211005 0
229334 0
280080 0
282013 1
282011 0
227285 0
257502 1
194719 1
194727 1
164369 1
173400 2
165820 1
162782 1
162856 1
162860 1
173388 1
152236 0
277004 1
275884 1
165395 0
054380 0
136877 0
264990 0
257218 1
257207 2
276801 1
276945 1
158321 2
043658 0
278637 1
278632 1
257121 1
257127 1
194510 0
286808 1
286781 1
278844 0
154454 0
158332 0
126226 1
126217 0
238226 0
112792 1
274366 1
074751 0
221693 0
196459 1
190094 0
275521 1
017340 0
053248 0
094331 0
111499 1
110352 1
256411 0
168888 1
058756 0
253753 0
116100 0
087283 1
283476 1
283447 1
130177 0
188439 0
283448 1
283477 1
023325 0
014603 1
126152 1
005411 1
091768 1
091878 1
101407 1
100648 1
097100 1
097112 1
097090 0
011698 0
004366 0
101298 1
010142 0
277900 1
277919 1
114233 0
267885 0
224172 1
224061 1
224023 1
226400 1
226475 1
225946 1
226069 1
225752 1
225901 1
