222411 0
015842 0
206534 0
051209 0
139552 0
162602 0
124761 0
051194 0
216411 0
231729 2
231734 2
221708 1
200983 1
199560 1
201081 1
200969 1
243227 0
269301 1
022376 0
263369 1
260990 1
261018 1
261046 1
260991 0
041103 0
276206 1
243183 0
219182 1
219135 1
219768 1
115807 0
162921 0
018663 0
040992 0
022682 0
219918 1
220065 1
220066 1
115926 0
221740 1
077374 0
220424 0
053519 0
052860 0
018787 0
028432 0
289343 0
006341 0
281366 0
222280 0
045970 0
261019 0
022244 0
169352 0
207957 0
048050 0
225282 0
219550 1
169167 0
082089 0
041116 0
169347 0
273827 0
077779 0
160721 0
162927 0
006008 0
197998 0
261047 1
077361 0
164750 0
266211 0
188743 0
056316 0
243191 1
243192 1
238981 0
150103 0
163089 0
093618 0
023135 0
044567 0
271073 0
004895 0
042528 0
141975 0
082005 0
162917 0
066518 0
274135 0
267282 0
220447 0
081268 0
054981 0
225941 0
217295 0
116322 0
263615 0
003817 0
001953 0
219756 1
243426 0
201255 1
201258 1
201400 1
200476 1
221913 2
221911 2
219516 1
219493 1
222073 1
222127 1
222234 1
222235 1
219549 1
197356 1
230837 1
191748 0
217215 1
220010 1
220015 2
220016 2
208102 0
218890 0
260871 1
260904 1
262159 1
260972 2
260973 1
260971 1
244521 1
244513 1
115527 0
165103 0
262452 1
142145 0
211241 1
265165 0
219942 1
162992 0
279544 1
029261 0
279543 0
221868 2
221861 1
164492 0
288057 0
222155 0
198245 0
083067 0
219661 1
032794 0
243351 0
205443 0
275726 0
261313 1
261311 1
279792 1
279788 1
221875 1
219763 1
032836 0
270915 0
264035 0
230009 0
019053 0
223679 0
019237 0
095941 0
269368 0
191747 0
225149 0
163233 0
163203 0
022401 0
015065 0
219510 0
028611 0
268084 0
211870 0
187743 0
045809 0
269348 0
065268 0
162525 0
059140 0
139836 0
142184 0
134320 0
226247 0
269304 0
236978 0
151200 0
116956 0
099034 0
083011 0
135450 0
220679 0
058295 0
196436 0
221770 1
280647 0
219995 2
219972 1
