232732 1
232735 1
155445 0
192357 0
064906 1
064828 1
180026 2
188535 0
064808 1
064597 1
064766 1
064797 1
064931 1
064922 1
154395 2
064688 1
176622 2
176651 2
182927 1
076977 2
177987 1
177160 1
014050 1
160515 1
014471 1
287922 1
287928 2
287934 2
287980 1
289957 0
145857 1
013083 1
155800 1
018978 1
155433 1
257264 1
257231 1
288692 1
288572 1
178103 1
124017 2
124016 1
174773 1
154686 1
154668 1
064587 1
152261 1
082827 1
064862 1
065730 2
065599 2
077824 1
066356 1
232780 1
066269 1
284662 0
283802 1
123959 1
123579 1
123697 1
123993 1
123160 1
064483 1
064585 0
123983 1
152485 1
101240 1
101239 2
123067 1
123053 1
180547 1
124617 1
124601 1
123233 1
123137 1
187344 0
157056 1
014659 1
126087 1
164239 1
188154 1
188132 1
188128 1
157979 1
064404 2
085968 1
192395 0
166028 0
170585 1
170525 1
124627 1
124041 0
124459 1
078206 1
167543 1
167547 1
167548 1
168257 1
168030 1
167884 1
069190 2
102363 2
065660 1
064822 1
123998 1
233102 2
066228 0
152494 2
152479 1
152386 1
123989 1
283766 0
230350 0
101234 1
101217 1
101055 1
064875 1
064913 1
064905 1
182332 2
182331 2
124291 1
064319 1
075552 0
064439 2
064501 1
062746 1
176279 1
170382 1
170385 1
066347 1
066335 2
167592 1
064487 1
064495 1
187357 0
066445 1
189838 2
189849 1
189837 2
087545 1
167000 1
064821 2
064429 1
064920 1
064823 1
192469 0
170381 1
170384 1
170425 1
170426 1
170422 1
189836 1
252407 0
167602 1
167603 1
167582 1
192511 0
064414 1
077219 1
064882 2
164101 1
164016 1
163792 1
162727 1
086192 1
086184 1
168088 1
167942 1
188540 0
189530 2
189577 1
175829 1
048326 0
187695 0
069434 1
102607 1
187164 1
186868 1
018989 0
284512 2
284523 1
284549 1
284569 1
284516 2
071542 1
104715 1
199662 0
153025 1
229773 0
180591 0
265828 1
265960 1
266057 1
265901 1
265906 1
265853 2
265858 1
167604 1
167605 1
167583 1
166962 1
166963 1
166961 1
166872 1
013006 2
167525 1
167526 1
167509 1
162512 1
188071 0
187267 0
064443 1
066225 1
064869 1
170349 1
170347 1
187891 1
187399 1
080444 2
169181 0
182325 1
182330 1
210588 1
210624 2
192397 1
155656 1
155621 1
012743 1
151189 1
016988 1
260844 1
066091 1
066094 1
150737 2
127510 1
167593 1
167594 1
167584 1
187053 2
187072 1
064871 1
064872 1
064857 2
123999 1
068379 1
068174 1
123995 1
176827 0
235905 0
167643 1
167641 2
177251 1
064814 2
064907 1
179932 0
124321 1
064457 1
064600 1
111402 0
064472 1
064777 1
064592 1
167579 1
167596 1
167597 1
167559 1
167576 1
167577 1
124181 1
064929 1
167581 1
167599 1
167600 1
064843 1
289802 0
163112 1
163117 1
064848 1
067912 1
064805 1
124437 1
127367 1
064826 1
009364 1
131752 1
233541 1
014829 1
125888 1
124420 1
124341 1
124344 1
124340 1
124343 1
082766 1
047668 0
082809 1
082805 2
065904 1
064435 1
079186 2
079221 1
099575 1
188423 0
065969 1
065968 1
112921 1
177672 2
177696 1
177671 2
064790 1
065893 1
123940 1
015300 1
082812 1
156877 1
156914 2
013067 2
198890 0
083131 1
123992 1
086196 0
184519 0
230735 1
067599 1
230469 0
155257 1
152871 1
152910 1
152990 1
109561 2
066046 1
085386 1
124467 1
124470 1
124162 1
287271 0
174742 2
174739 1
174992 2
174991 2
169674 1
169687 1
160970 2
160995 1
279180 1
171128 1
169673 1
123391 1
081232 1
193625 1
193636 1
193621 1
193638 1
193637 1
267911 2
267917 2
178296 0
193746 1
276130 0
030649 0
064914 1
124130 2
124097 1
124135 1
012958 1
192545 0
076916 1
076921 1
069248 1
102421 1
069203 2
102376 2
074823 1
124425 1
124337 1
076973 1
076974 1
083034 2
082869 1
079032 1
124616 1
068308 1
066723 1
182336 1
071373 1
104546 1
071360 1
104533 1
071351 1
104524 1
087843 1
087754 1
084935 1
090333 2
087835 2
077286 1
077279 2
002487 0
015059 1
070355 1
103528 1
070356 1
103529 1
070389 1
103562 1
077132 1
068337 1
001323 1
077124 2
077187 1
167805 2
167788 1
168076 1
196153 0
167685 1
167686 1
123736 2
123726 1
123743 1
005863 0
185881 0
263808 0
068895 0
124548 2
124550 1
252856 2
252843 1
099605 1
130839 1
130800 1
000415 1
123091 1
130808 1
130836 1
000359 1
130817 1
018198 2
150565 1
016972 1
149428 1
130810 1
130835 1
130811 1
000320 1
124487 1
222775 1
000304 1
016864 1
151170 1
128439 1
123536 1
128430 1
015769 1
130805 1
130831 1
130739 1
130773 1
016844 1
151090 1
133034 1
016850 1
146663 1
016188 1
000391 1
150624 1
168934 1
124010 1
127238 1
123892 1
000327 1
127536 1
148201 1
148202 2
016566 1
000302 1
017179 1
000298 1
130852 1
149956 1
124466 1
016987 0
015597 2
123997 1
000312 1
130816 1
000390 1
130853 2
130859 1
130850 2
000299 1
130655 2
130672 2
130639 1
130628 1
154071 1
000360 1
150303 1
130833 1
183179 1
128151 1
130843 2
130869 2
151213 1
016858 1
222653 2
222655 2
127879 1
127825 1
000354 1
130799 1
130809 1
156197 2
000325 1
145836 1
017182 0
124438 1
124422 2
130837 1
000323 1
130807 1
222739 1
129718 1
000783 1
129868 2
129869 2
129874 1
130806 1
000322 1
130896 1
015580 1
130801 1
150087 0
068019 1
014506 1
000594 0
147460 1
130747 1
130840 1
130802 1
016841 1
000356 1
149316 1
130818 1
000326 1
015726 1
222923 1
000435 2
164995 1
013144 1
151137 2
151133 2
151124 1
124186 1
000431 1
196181 0
003641 0
017086 1
150323 1
082087 1
183584 1
183557 1
183611 1
065886 1
065865 1
003165 0
066131 2
066166 2
182363 1
152711 2
152713 1
187496 0
173060 0
066088 1
151602 1
150379 1
018716 2
150425 1
150434 1
064839 1
187696 1
187707 1
016933 1
150908 1
064893 1
108750 1
167886 2
167928 1
168506 0
000297 1
021798 0
016546 1
288712 1
288721 1
266056 0
125425 0
015790 1
064492 1
064475 1
185092 0
288776 0
003174 0
177912 1
124026 1
168927 1
168926 1
124427 1
099038 1
099027 1
099018 1
064841 1
287864 0
082658 2
082597 2
155665 1
092976 1
000353 1
095460 0
180076 0
076961 0
150985 1
150658 1
150677 2
150679 1
150681 2
150690 1
124015 1
064899 1
276204 1
251938 0
077806 0
016948 0
114249 1
112991 1
170863 0
065695 1
066462 1
183530 1
147305 1
101872 0
133118 2
133104 2
133173 0
256381 1
187334 1
187328 1
130812 1
000318 0
187802 0
042401 0
187382 1
064409 1
170154 0
007938 1
121351 1
064499 1
176324 1
076611 1
150759 1
176972 1
176980 1
176981 1
176971 1
176986 1
176984 1
176990 1
176780 1
153022 1
152720 1
186852 1
186853 1
170337 1
176636 1
176686 1
176649 1
178513 1
223926 0
249427 1
175367 1
192796 1
067093 1
067099 1
144269 1
039138 0
184311 1
184304 2
182260 2
182189 2
124260 1
078716 0
139588 1
005038 0
066802 1
066524 1
127090 1
030552 0
289368 1
015637 1
149620 1
188246 0
011048 1
160046 2
160074 1
160565 1
182908 2
176632 2
176633 2
176678 2
178322 2
178331 2
178332 2
178458 2
151379 2
151304 2
178464 1
172998 1
016803 0
151291 2
183372 1
016824 1
016859 1
180230 2
180232 1
007261 0
187227 1
177013 1
177070 1
184877 2
184878 0
180159 2
180223 1
114210 1
114068 1
021587 0
064455 1
130899 1
130885 1
130846 1
209843 1
210023 1
210320 1
178122 1
178107 2
224441 0
173419 1
173426 1
173496 1
155748 0
167590 1
167591 1
167585 1
107719 1
011899 0
120333 1
120293 1
227949 0
124234 1
121978 1
009518 2
121979 2
117758 1
117793 2
117792 1
002444 0
102079 1
102113 1
006838 1
102115 1
102074 1
102155 2
102027 2
152824 1
152833 1
152851 1
177196 1
125922 0
005454 1
120009 1
199396 0
086107 0
179268 1
221523 0
284568 1
284548 2
284522 1
263682 0
000716 0
064459 1
064460 1
036195 0
124768 1
124770 1
125177 0
188295 0
128349 1
066249 0
200283 0
007186 0
191253 1
128481 1
099971 1
099977 1
128632 2
064474 1
002230 0
201860 2
014590 0
076086 0
164120 0
255761 0
143610 0
124615 1
123925 1
124248 1
124257 1
019973 2
156726 0
080223 0
067251 1
065045 1
081761 0
082974 1
191910 2
192165 2
192166 1
130847 0
196906 2
196845 1
195702 0
107878 0
218734 0
007401 1
222522 0
031584 0
187204 0
124428 1
150720 1
115027 2
173852 1
133129 2
151450 1
151233 1
070966 0
127383 0
151231 1
153638 1
197811 0
202799 1
013466 0
075854 0
190044 0
017336 1
218213 1
218222 1
124145 2
124191 1
064928 2
267709 1
167458 0
124063 1
010497 0
192250 0
220212 1
180994 0
152127 1
133159 0
152047 1
152057 1
012680 0
179479 0
155599 1
201768 0
175542 0
017150 0
004302 0
243984 0
004041 2
152501 0
267710 2
267704 2
267701 1
124082 1
124093 1
124117 1
200239 0
039180 0
124516 1
124614 1
124353 1
124354 1
078480 1
176882 2
142926 0
276940 0
285889 0
202794 0
185055 0
089470 1
077354 2
077709 1
071481 1
104654 1
071514 1
104687 1
071482 1
104655 1
071513 1
104686 1
137603 2
137552 2
006290 1
119379 0
182006 2
181990 2
181960 2
155600 1
173808 2
173809 2
173835 1
123650 1
005963 1
064273 1
033495 0
196783 0
149852 0
064796 1
186569 0
136265 1
006698 0
114223 0
112948 1
235665 0
064523 1
064530 1
162032 2
162076 1
229985 0
070104 0
064818 1
224229 0
210842 1
210827 2
210816 1
078623 0
133623 1
064878 1
016963 1
118773 0
016953 1
150766 0
033571 0
064860 1
187317 0
149398 1
149400 2
201558 2
164663 0
141194 2
141162 2
141224 2
141234 2
141210 2
192309 0
101448 0
130564 0
285092 1
285209 1
140754 0
064785 2
064786 1
091236 0
006114 1
138805 0
064881 1
064900 1
268762 0
224488 0
099255 1
064599 1
263039 0
064850 1
133091 0
287834 0
064908 1
064520 1
037104 0
289955 1
289969 1
064640 1
052192 0
014828 1
125891 1
128446 0
015317 1
125416 1
143462 1
252446 1
064588 1
064557 1
124455 1
064598 1
087065 0
206828 0
124447 1
001597 1
182324 0
027100 0
076246 1
187508 1
154808 0
155338 1
284672 0
109967 0
066388 1
066332 1
145787 0
179799 0
065855 1
184890 0
127089 1
126882 1
111105 0
082238 1
082233 1
064782 1
130821 2
130830 1
181367 0
130544 1
000418 1
037819 0
064924 1
092305 1
092310 1
071706 1
104879 1
065833 1
136219 0
133098 2
252436 1
006451 0
025691 0
039584 0
064347 1
109215 0
098558 0
026469 0
102004 0
069987 0
064590 1
082617 1
082840 1
082847 1
127225 0
136637 1
082999 1
040907 0
009187 0
197999 0
084994 0
219040 2
218837 0
064619 1
170877 0
013250 1
123878 1
124255 1
123709 1
124205 1
128322 0
241672 1
241659 1
136316 0
098296 0
123700 1
066153 1
066149 1
066122 1
112010 0
064427 1
134153 0
123967 0
269823 0
064468 1
130813 1
000358 1
000319 1
066137 1
086368 1
086867 1
000398 1
161996 0
232708 1
232707 1
084314 0
009392 1
064467 1
124812 0
147688 0
167527 1
167528 1
167529 1
178101 0
120321 0
017691 0
154974 0
187855 0
124273 0
259120 0
034372 0
187653 1
064512 1
024782 0
085891 0
064390 1
064863 1
064470 0
221504 1
221525 1
236572 0
127371 0
064391 1
088349 1
088178 1
088180 1
015729 2
078078 1
078073 0
014827 1
125890 1
130079 1
130074 1
130073 1
082192 1
082197 1
124408 1
124424 2
124432 1
123883 1
123857 0
000308 0
223600 0
124395 1
031955 0
018767 0
123968 1
124397 1
124392 1
124217 1
124220 1
124371 2
124384 1
124390 1
124330 1
123823 1
124861 0
187625 1
011384 2
183738 0
124433 1
282202 0
011639 0
126933 0
076316 0
077876 0
126709 0
082120 0
149829 1
093431 0
109018 0
189259 1
189258 0
124351 1
124352 1
146944 0
062499 0
005236 0
124283 1
124442 1
100528 0
124326 1
124333 1
124349 1
124360 1
038818 0
134091 1
143550 0
192276 0
024116 0
006314 0
064840 1
124957 0
075809 2
076133 1
067907 0
218147 0
111434 1
111433 2
111432 2
111773 1
068659 1
070788 0
111388 2
044649 0
193012 0
070305 1
103478 1
070303 1
103476 1
064485 1
165939 1
082078 1
082159 1
015200 0
135156 0
024745 0
158450 0
001265 0
149794 1
150246 1
150247 1
131643 1
131640 1
131641 1
131671 1
130160 1
134626 1
130720 1
017867 1
129194 1
018271 1
128914 1
149281 1
148289 1
137577 0
017249 1
129633 1
151961 1
093449 0
218092 0
066656 0
074949 0
079404 1
079197 1
030973 0
124931 0
132125 0
230067 0
087881 0
201610 0
117379 0
123555 1
000527 1
194709 0
155432 1
173308 0
018429 0
077221 1
187186 0
077612 0
084024 1
014815 1
125903 1
189194 0
079268 0
086749 0
202148 0
206885 0
064526 1
064521 1
140175 0
067770 1
089271 0
192274 0
217569 0
187264 0
064768 1
049220 0
098457 1
098458 1
098456 1
098601 1
098561 1
098608 2
018023 0
099176 0
232370 1
232240 0
192475 1
192476 1
135060 1
135042 1
135044 1
135035 1
124872 0
124142 1
049909 0
081826 1
182414 0
064448 1
133528 0
139823 0
131900 1
133163 0
199294 0
133876 0
192224 0
157242 0
099016 1
099025 1
099032 1
099033 1
099030 1
099154 2
232755 1
035014 0
143910 1
143214 1
143755 1
165636 0
256964 0
124504 1
189591 0
070629 0
054262 0
144453 0
061282 0
276308 1
068481 0
009767 0
126179 1
126721 1
239393 0
115665 2
062082 0
063675 0
099724 0
162383 1
159766 0
123986 1
071001 0
244762 0
262596 0
192392 0
012257 0
017495 1
129432 1
136057 0
095462 0
117577 1
017231 1
177039 2
177043 1
007842 0
195905 0
127607 1
223066 0
084475 0
219602 0
000075 0
126815 0
123418 1
182587 2
182596 1
009345 1
121815 1
278167 0
064904 1
195562 2
151399 0
124118 0
124737 0
094878 0
054313 0
187358 0
141567 0
220679 0
134772 0
250361 0
123582 1
123571 1
011647 0
279797 0
110491 0
192539 0
029337 0
287737 0
133187 0
082049 1
149893 0
276088 0
069017 1
064683 1
283768 0
058587 0
099024 0
009395 0
014953 1
125782 1
009891 1
122237 1
128669 2
128525 1
153010 1
086850 1
015122 0
061852 0
034333 0
151165 0
232721 1
039348 0
086683 1
011263 1
122687 1
117449 0
126981 1
124013 0
087004 1
019849 0
082918 0
188537 0
195688 0
011314 0
214103 0
124521 0
284956 0
066338 0
177610 1
177605 2
064270 0
257210 0
098241 0
125018 1
018915 0
064471 1
003720 0
182516 1
182514 1
178741 1
182513 1
177121 0
155854 0
181942 0
143586 0
231938 0
257002 1
234952 0
115715 0
064739 1
277469 2
064458 0
016873 0
030620 0
036617 0
067657 0
257594 0
122701 1
011317 1
122702 1
122354 0
064671 1
179212 1
232724 1
232722 1
252665 0
129537 0
180984 0
003995 0
069549 0
112831 0
004552 0
066296 1
128641 1
128640 0
065850 1
065907 1
148562 0
025305 0
001057 0
178580 0
065868 0
025037 0
221503 0
000162 0
285585 0
051886 0
066145 1
075564 1
284825 0
154635 1
127103 0
077792 0
146588 0
192169 0
286968 0
064879 1
