015550 2
256745 2
229282 2
237717 1
261321 1
261323 1
261316 1
279149 2
279138 2
261985 2
265002 1
265000 1
237720 1
136599 2
136280 2
181705 1
181708 1
181750 1
181748 1
181844 1
145670 1
211729 1
211747 1
141250 2
141247 2
141246 2
141136 2
141135 2
147481 1
142319 1
136730 2
189986 2
184504 2
189857 1
163047 1
165852 1
151509 2
151525 1
151484 1
149124 1
157225 1
133573 1
224835 1
135806 1
135692 1
135686 2
003780 2
279102 2
279100 1
177035 0
115260 2
180000 1
225696 1
225698 1
225702 1
142237 1
197801 1
197807 1
197766 1
239891 1
136649 1
136642 1
225567 1
182663 2
220310 2
141752 1
182204 2
077162 2
070775 2
103948 2
070591 2
103763 2
079924 2
070599 2
103772 2
070852 2
104025 2
083004 2
083008 2
083022 2
093487 2
095839 2
092708 2
077177 2
115251 2
083044 2
093036 2
093244 2
097977 2
095838 2
092705 2
097951 2
093238 2
093245 1
126685 2
067073 1
067114 2
013309 1
218031 0
142330 1
142325 1
013738 2
008965 2
141663 1
016620 2
190344 1
190337 1
190437 1
190432 2
190517 1
179913 1
183526 1
196162 1
195549 0
150316 1
085214 2
085220 1
085215 1
087837 2
084902 1
150344 1
150104 1
150102 1
176596 2
176602 1
195543 2
190623 1
192637 2
191574 2
002420 1
176659 1
176629 1
154870 1
154742 1
196969 2
000937 2
002983 2
002421 0
001528 2
016457 2
176758 1
176769 1
176770 1
153089 2
156034 1
153042 2
153048 1
155981 1
159780 2
207260 0
199539 1
199647 1
222114 1
146972 1
222425 1
171394 1
152523 1
255471 2
016535 1
148675 1
145337 1
150080 1
264381 1
264471 1
130184 2
130374 1
159219 2
001111 1
002496 0
176787 1
126648 2
163705 2
155452 1
155555 1
155556 1
153092 1
153176 2
159781 0
153097 1
265061 2
264906 2
222048 1
183977 2
183565 1
170988 2
202462 2
176946 1
176951 1
162873 0
173126 1
232886 1
199034 1
199007 1
199016 1
199005 1
195538 2
190510 1
192639 2
190511 1
190492 1
195535 2
190482 1
192646 2
200812 1
288894 1
288946 1
222049 1
265218 1
255391 2
255290 2
235767 1
184974 1
014584 2
156377 1
252112 1
191490 1
191464 2
191481 2
191652 2
015236 0
151074 1
254551 1
155623 2
019394 0
087737 0
065410 2
014177 2
151946 0
265060 2
147385 1
147384 1
014530 1
014462 2
147495 1
157383 1
018537 0
002672 1
259898 1
259909 1
067177 2
156624 1
156613 2
164782 2
155917 0
192189 2
148134 1
162050 1
145705 1
008552 2
193141 2
013648 2
002694 2
158305 1
252700 1
169151 1
167069 1
157978 1
157982 1
000537 1
016699 1
001559 2
013665 2
158236 1
181479 1
242264 0
279061 1
190819 1
185093 1
185143 1
159233 1
258385 2
258341 1
158638 1
181930 1
157943 1
189381 1
189382 1
188673 1
188663 1
188662 1
169026 0
231765 1
136337 0
174882 1
131480 2
159744 2
159745 2
159758 2
159920 2
159921 2
160464 2
160744 2
160745 2
152446 1
155534 2
224581 1
196838 1
196967 1
197060 1
152438 1
225556 0
130154 1
016628 2
010435 1
142411 1
131249 2
154719 0
248737 0
242140 1
190416 2
153570 0
228038 1
170817 2
170835 1
179648 2
016710 1
156565 1
157143 2
154560 1
163163 2
163104 2
009195 0
194309 1
194306 1
001530 1
177332 2
156612 2
145655 1
190294 2
190302 2
190568 2
190702 2
190911 2
192628 2
000952 0
210828 1
134023 1
134013 1
134021 1
014543 2
252287 1
157137 1
156553 1
220096 2
217698 1
217871 2
220105 2
217877 2
220711 2
220716 2
218693 2
215314 1
001565 2
154129 2
153782 1
234265 1
235220 2
255354 0
153828 2
176765 1
175738 0
157151 1
157104 1
190560 2
140620 1
008506 1
117689 0
002124 1
153138 2
004558 1
044638 2
231685 1
231684 1
231614 2
161271 1
161164 1
255463 1
000921 0
175741 1
045407 0
227794 1
227680 1
138310 2
265548 0
263543 2
150928 1
016926 1
158874 1
159008 0
154542 1
215724 0
233212 1
138242 0
024366 0
232131 1
221966 0
231467 1
160932 0
232158 1
176303 0
255433 2
255403 0
185746 1
185745 1
186747 1
186746 1
202723 1
220181 0
220259 2
183937 1
183933 1
014058 1
146563 1
261386 1
261396 2
177133 0
254552 0
223910 1
223909 1
223900 1
260060 0
159436 1
155931 2
156954 2
156953 2
202452 0
155289 1
158605 1
158603 1
220292 1
254438 1
144073 1
202687 1
202662 1
145400 1
145398 1
142874 1
131991 0
136794 1
136790 1
154696 0
164028 1
164217 1
164213 1
001560 2
190561 1
190563 0
282297 0
195548 0
164374 0
061119 0
208227 0
160182 0
150986 1
244301 1
240349 1
234956 0
211493 1
219371 1
227798 2
177153 1
037750 1
037650 1
037660 1
179127 1
140853 1
184004 2
