278758 0
070284 2
103457 2
070151 2
103324 2
070059 2
103232 2
070056 2
103229 2
070061 2
103234 2
070085 2
103258 2
070108 2
103281 2
070010 2
103183 2
097701 0
109380 2
109381 0
098366 2
099069 2
099342 2
099083 2
099790 0
099192 2
097817 2
097821 2
097857 2
097808 2
096207 2
096231 2
096201 2
096181 2
097920 2
097925 2
097949 2
094699 2
095986 2
095958 2
108817 2
094081 2
094074 2
094056 2
093948 2
094046 2
096043 2
101190 2
101189 2
094020 2
094019 2
093973 2
098375 2
098200 2
096936 2
096894 2
101876 0
098059 2
098629 2
114205 0
098029 2
098010 2
098028 2
098068 2
095413 2
095398 2
094587 2
093698 2
101226 2
095978 2
093912 2
093938 2
093941 2
093892 2
093931 2
093942 2
094008 2
094071 2
114382 2
093114 0
140355 2
140247 2
140266 2
041509 2
018169 2
128986 2
129068 0
197193 2
197191 2
197197 2
132568 0
067592 2
067615 2
067563 2
187021 0
108127 2
098529 2
098620 2
098633 2
098525 2
098097 2
098644 2
098639 2
099092 2
099104 2
098784 2
098777 2
098793 2
097815 2
112385 2
098021 2
111963 2
098070 2
098020 2
099357 0
108202 2
097973 2
098104 2
114462 2
114384 2
094612 2
094558 2
097974 2
097830 2
098508 2
099515 2
067636 2
067649 2
261760 0
096209 2
096206 2
096003 2
096002 2
095882 2
096049 2
094522 2
094055 2
094054 2
097157 0
095399 0
097345 0
113717 0
138970 2
139214 2
133940 2
133951 0
100245 2
100034 2
146000 2
145974 2
131127 2
125036 2
098797 2
098781 2
196375 1
018552 1
128739 1
018460 2
128788 2
128871 2
128870 2
128869 2
102061 2
137329 0
108802 0
004171 2
118279 2
133661 2
133721 2
092794 0
128747 2
131994 0
004379 2
118512 2
097333 2
097335 2
108710 2
108729 2
108731 2
111268 2
111269 2
111293 2
117575 2
243722 0
098354 0
101255 0
096061 2
095659 2
119817 0
094068 2
003267 0
100428 2
100378 2
100279 2
100303 1
100464 0
094178 2
094209 2
079654 0
062130 0
012267 2
114151 2
123285 0
125023 2
125021 2
020886 0
094827 2
094729 2
094749 2
094698 2
095032 2
094973 2
092536 2
093889 2
093940 2
093853 2
093794 2
138459 2
138425 2
138468 2
096986 0
117703 2
117708 2
117710 2
004518 2
118728 2
138037 2
117564 2
117556 2
017303 0
116573 2
092971 2
096685 2
005062 2
119461 2
119264 2
119260 0
004409 2
118566 2
006934 2
120557 2
004124 2
118235 2
007411 0
261084 0
131145 0
098499 0
096240 2
118516 2
004419 2
096648 2
092951 2
092934 2
097696 0
108711 2
108730 2
108732 2
095614 0
109421 2
068254 0
092949 0
078739 2
078741 2
078746 2
078772 2
078778 2
078271 2
101555 2
101412 2
085145 0
135085 0
139721 2
017937 0
102108 0
183235 2
074842 2
075008 2
074864 2
086581 2
086596 2
086637 2
087982 2
088008 2
087998 2
087986 0
189892 0
086514 2
119916 0
116149 0
098362 2
098360 0
051651 0
141970 2
072263 2
105436 2
074433 2
107606 2
126999 2
131016 2
131020 2
131014 1
131482 2
131490 2
131493 2
131460 2
131505 2
128136 2
098324 2
098321 2
098302 2
098300 2
096418 0
011334 2
122716 2
122714 2
122712 2
122708 2
122690 2
155560 2
155568 2
060971 2
060968 2
061662 0
148908 2
132001 2
131999 2
131996 2
131993 2
143414 0
256268 2
256266 2
256264 2
256259 2
256244 2
005817 2
120432 2
120430 2
202877 2
202878 2
202529 2
194511 2
258755 2
151732 2
164228 2
164156 2
268459 2
017676 2
129322 2
224893 2
224815 2
224903 2
224901 2
224816 2
224894 2
224748 2
224743 2
224741 2
224759 2
224690 2
193910 2
193987 2
257559 2
257540 2
257539 2
257534 2
126367 1
153606 0
142538 2
144933 1
133912 2
133920 2
133919 2
133773 2
164635 2
164649 2
162048 2
182823 2
017392 2
129516 2
130291 2
130292 2
017318 2
129572 2
130318 2
219542 2
146800 2
152489 2
152492 2
152457 2
152337 2
152334 2
201732 2
233721 1
234100 2
196446 2
128920 2
266984 0
127702 0
257529 0
176683 2
176680 2
196450 2
099295 2
099293 0
279290 2
144446 2
144464 2
144447 2
144519 2
142387 2
142394 2
006972 2
120597 2
140525 0
142421 2
102086 0
131746 2
131985 0
163927 2
165225 2
165988 2
166008 2
244452 0
190371 0
179523 2
219863 0
275361 2
001887 2
199021 2
152115 2
144461 2
144448 2
164910 2
069740 2
102913 2
076870 2
077026 2
069170 2
102343 2
077029 2
087602 2
138447 0
005703 2
120323 2
167959 2
164606 0
281621 2
163724 2
163725 2
163730 2
163727 2
085206 0
188852 0
192647 0
001778 2
177516 2
058026 0
130398 2
010774 2
001330 2
132566 0
108624 2
001997 0
130164 0
242819 0
163208 2
162959 2
163061 2
162985 2
157676 2
235939 0
009607 2
122050 2
085261 2
085285 2
101633 2
101635 2
101669 0
110351 2
119474 0
009871 2
122229 2
159721 2
159716 2
159666 2
083309 2
083328 2
083343 2
083156 0
155575 0
076093 2
192455 2
064517 2
065101 2
065068 2
063759 2
063264 2
063267 2
063058 2
066285 2
065663 0
079227 2
079190 2
136132 0
169756 2
169786 2
169787 2
169771 2
168553 2
169746 2
169754 2
169750 2
169744 2
149696 2
237341 2
000920 1
111735 0
079747 0
223994 0
007217 2
120778 2
120708 1
120594 2
163739 0
138528 2
138516 2
158158 2
068637 0
149293 2
261063 2
261057 2
261068 0
160190 0
071453 2
104626 2
151160 2
151154 2
151373 2
151168 2
184854 2
184857 0
177947 2
177952 2
178726 0
186703 0
015251 2
125486 2
114654 0
068298 0
095524 2
256483 2
093802 2
099878 2
099834 2
099786 2
083900 2
139690 2
118533 0
233730 0
086601 2
117907 2
117927 2
116551 2
116967 2
117163 2
002762 0
130081 0
159802 2
159806 2
159878 2
159879 2
159884 1
159886 0
010253 0
063331 0
281187 2
281036 2
281012 2
280972 2
280920 2
146071 2
258918 0
192032 2
087980 0
066294 2
090497 2
090713 0
201468 0
231476 0
251229 0
162827 2
162829 2
162986 2
163062 2
142521 2
142511 2
141550 2
141249 2
008402 2
018362 0
219507 0
006933 2
120556 2
112496 2
141527 2
094848 2
094752 2
094232 0
007070 0
128152 2
144985 0
085081 0
062701 2
010474 0
253567 0
083219 2
083222 2
083254 2
083253 2
083279 2
078325 2
078237 2
078236 2
078404 2
078345 2
142622 1
076285 2
162409 2
088919 0
065032 2
112328 2
064258 0
162429 2
060902 2
219985 2
169282 0
094400 2
094353 2
094432 2
094245 2
097898 0
201858 2
210042 0
201811 0
238700 2
181843 0
280276 0
091286 2
091317 2
063851 1
063850 2
032198 2
060989 2
060988 2
064203 2
064219 2
060995 2
064162 2
066732 0
032221 2
032223 2
032224 2
007756 2
121178 2
143222 0
065858 2
065854 2
067847 2
061345 2
079302 0
066154 0
065686 2
092554 2
092542 2
092463 2
092526 0
092070 2
092249 2
093856 0
065856 2
018477 0
170306 0
065912 2
065895 2
083854 0
189162 2
189160 2
189161 2
189169 2
189164 2
061340 2
232460 1
138849 0
099731 2
099730 2
124914 2
012499 0
146719 2
137519 0
094990 2
064198 2
093772 2
101096 0
101791 2
095225 2
095228 0
195952 2
195950 2
195935 2
059452 0
144525 0
259772 0
157023 0
041234 0
122607 0
002844 1
280215 0
084521 2
084690 2
084692 2
169781 2
169797 2
169798 2
131413 0
272041 0
071022 0
098061 2
098056 0
090825 0
096761 2
096656 2
011266 0
158434 2
158390 2
170092 2
169455 2
181941 0
243927 0
223292 0
168684 2
168685 2
132080 0
031159 2
031144 2
093478 2
092937 2
225504 2
225505 2
225522 0
004198 2
156661 0
113262 2
092644 0
098280 2
099811 0
126897 2
126898 2
260644 2
009409 2
121867 2
156303 0
086462 2
084041 0
061265 0
114819 0
220574 0
139416 0
033130 1
271292 0
002414 1
142003 0
134639 0
187313 0
082453 0
194856 0
098045 2
189109 0
131292 2
230390 0
065901 0
133015 0
013745 0
181501 0
230643 2
067216 2
198524 0
064317 2
064285 2
111794 2
111762 2
155996 2
067893 0
145064 0
142441 2
139541 2
139618 2
139619 2
270839 0
164548 0
241468 2
241537 2
241538 2
084712 2
084714 2
084711 2
084707 2
288561 2
288510 2
288756 2
288729 2
252749 0
093668 2
093659 2
126784 0
089087 2
084634 2
084649 2
084631 0
085623 2
085591 2
132366 2
131654 2
121859 2
079592 0
110479 0
001120 0
177695 0
288653 0
133746 2
084567 2
084568 2
084566 2
084559 2
084558 2
119685 2
119701 2
005543 2
120122 2
099647 0
268490 2
268829 0
018112 2
129046 2
129078 2
129074 2
132137 0
175594 2
124355 0
283164 2
283178 2
283473 2
128216 2
128167 2
011993 2
017314 0
173653 0
088638 0
171578 2
171512 2
171511 2
171491 2
160139 0
123979 2
007759 2
121183 2
137110 0
112951 2
112958 2
137006 0
032442 2
032446 2
032450 2
031921 2
032502 2
032485 2
260138 0
107756 0
058856 2
070582 2
103755 2
266836 0
097807 2
097749 0
028838 0
176748 0
134077 0
090626 0
058096 2
058093 2
058050 2
058014 2
060859 2
033115 2
033131 0
086138 0
094525 2
094355 2
094319 2
033351 0
100798 0
132764 0
084628 2
042454 2
084626 2
084629 2
110484 0
066421 0
061054 2
064244 2
083083 2
002717 2
243192 0
244562 0
018674 2
016861 0
070933 2
104106 2
071135 2
104308 2
110582 2
110676 2
124676 2
124691 2
147674 2
147680 2
147638 2
147651 2
147627 2
147626 2
000105 0
118121 2
112401 2
094966 0
095786 2
142123 2
068431 2
068432 2
081324 2
081330 2
062733 2
064516 2
062946 2
062970 2
062988 2
064971 0
092872 0
138919 2
138900 2
121209 0
064547 2
042221 0
180954 0
134798 0
063415 0
163440 0
159101 2
159093 0
097843 0
253210 2
253178 2
087943 0
132045 2
098281 0
268171 0
086487 2
241136 2
275779 2
114787 0
187114 0
146709 2
155236 0
138061 0
094297 0
144337 2
141038 2
140978 2
140980 2
071377 2
104550 2
071364 2
104537 2
117639 2
148104 2
155289 2
098779 2
098801 2
004538 2
056274 2
056677 2
048069 2
095937 2
095961 2
096033 2
071710 2
104883 2
072189 2
105362 2
071684 2
104857 2
109713 0
048075 2
142059 2
141978 2
118112 2
118111 2
108847 2
108773 2
108814 2
063001 2
062991 2
063021 2
101440 2
101437 2
101039 2
081320 2
109125 2
122547 2
010351 2
122672 2
122643 2
122598 2
122595 2
122654 2
122665 2
122561 2
011607 2
122798 2
122794 2
122795 2
110550 2
109027 2
109025 2
109024 0
098612 0
068505 2
229599 0
279608 0
098450 0
224040 0
135076 0
078631 2
058505 2
100286 2
108091 0
007437 2
120948 2
181536 2
080038 2
074562 2
074788 2
058253 2
058264 2
194597 0
089981 0
058301 2
058274 2
127546 0
035984 0
092160 0
111259 2
114207 2
110609 2
075341 2
075324 2
004565 2
004507 2
118714 2
079079 2
033125 0
111530 2
111511 2
007940 2
121353 2
061832 0
075588 2
075609 0
116772 2
095600 0
009147 2
121639 2
009125 0
009408 2
121866 2
214395 0
109026 0
070319 2
103492 2
070323 2
103496 2
070364 2
103537 2
070117 2
070285 2
103458 2
103290 2
070424 2
103597 2
070114 2
070100 2
103273 2
103287 2
070450 2
103623 2
070494 2
103667 2
070341 2
103514 2
070390 2
103563 2
094758 2
094754 2
094949 1
094368 2
094377 2
094378 2
094369 2
094244 2
094385 2
094379 2
150027 0
118661 0
110617 0
036482 0
014334 0
240432 2
240487 2
217314 0
064514 0
143423 2
143418 2
086654 2
086655 2
086741 0
108806 0
114971 2
266398 2
287670 0
094388 2
094380 2
097344 0
001990 2
114529 0
093747 2
094390 2
094389 2
094387 0
093645 2
113334 0
189118 2
133795 2
133533 2
133536 2
133539 2
133543 2
133467 0
161444 2
161412 2
161413 2
161400 0
190890 0
101209 2
088043 2
088044 2
001758 0
052272 0
149385 0
001235 0
086015 2
138878 2
132177 2
132176 2
132171 2
179551 0
100458 0
017996 0
113123 0
142617 2
142637 2
142410 1
283794 2
283806 0
252455 0
152714 2
112134 0
090355 2
091352 0
010318 2
122637 2
209680 2
068448 0
131510 2
131501 2
131498 2
131495 2
131194 2
131198 0
198555 0
134146 0
003745 0
144444 0
017589 2
129394 2
129397 2
098342 0
005187 2
119632 2
129155 0
145074 0
174605 0
061045 2
061086 2
123864 0
179214 2
035821 0
063416 0
284367 0
114552 2
114596 2
114618 2
064218 2
061144 0
099527 2
099401 2
099521 2
058855 0
138363 2
138334 2
138336 2
138306 2
147441 2
147422 2
147443 2
147420 2
163720 0
139053 0
070343 2
103516 2
070148 2
103321 2
199448 2
199462 2
199420 2
058789 2
008411 0
146532 0
109030 0
009818 0
002569 0
100266 2
100241 2
132577 0
114915 2
146534 2
145372 0
011817 0
253137 0
115150 0
058381 0
099792 2
132097 2
001307 0
033547 0
017740 2
129280 2
150615 0
110452 2
005707 2
120328 2
095086 0
061219 0
039735 0
273924 0
225965 0
186297 0
197502 2
197476 2
197498 2
197474 2
197605 2
230392 2
120799 2
120785 0
009000 0
156898 0
270223 0
137413 0
131134 0
188782 0
151386 0
280229 0
219441 2
219476 2
219420 2
017936 2
129156 2
129223 2
017845 2
129219 2
129224 2
129222 2
219372 2
112868 2
112754 0
228333 0
035541 2
137945 2
137967 2
137991 2
137910 0
039340 2
145310 0
099086 0
229457 0
097677 2
112092 2
112096 2
257569 0
166326 0
126949 0
159722 2
142106 2
142650 2
142636 2
059978 2
075722 2
287256 0
098726 2
098771 2
098707 2
098848 2
002688 2
013611 0
014186 2
011726 0
152784 0
100758 2
100751 2
100741 2
093044 2
092942 0
086939 0
180465 2
180514 2
092710 0
064817 0
179751 0
095217 2
095230 2
168103 2
168117 0
076438 0
033372 2
128225 0
142986 0
020986 0
084391 2
065227 0
032200 2
034577 2
032328 2
032340 2
032341 2
062121 0
145142 2
145156 0
269126 0
032701 0
182023 0
094832 2
095448 0
252852 0
132020 0
149547 0
042434 0
137323 0
052300 2
052305 0
126366 0
093015 0
083220 2
131414 2
131421 0
078530 0
066301 0
062156 0
157032 0
175188 0
166059 0
020980 0
155212 0
226152 0
149212 2
149319 2
149318 2
146128 0
099398 0
180167 2
058285 2
058271 2
192494 0
032401 2
084237 2
084394 2
030579 0
271282 2
271136 0
198038 2
198007 2
197928 2
197893 2
255889 0
199217 0
244681 0
061365 2
061364 2
061368 2
061383 2
061385 2
061502 0
135685 2
149218 0
262736 0
150923 0
094051 0
070389 0
009233 2
121709 2
116747 0
220835 2
220821 2
067322 0
072109 0
133208 0
098505 2
098441 2
098461 0
098497 0
117563 0
236593 0
069841 2
103014 2
084144 0
244202 0
093054 2
093035 2
093010 2
056108 2
056357 2
084148 0
034164 0
101880 0
087668 0
034267 0
253372 0
094344 0
048081 0
135520 0
025595 0
240466 0
133887 2
119744 2
119753 2
119743 2
005284 2
119772 2
119158 2
119139 2
119577 0
119236 0
211970 0
098315 0
083261 0
257600 0
114954 0
132046 0
006872 2
120500 2
086283 2
158750 2
095965 2
095941 2
146074 2
146043 2
069157 0
001861 0
149767 0
099233 0
168892 0
077315 0
046980 2
046905 2
196637 0
009919 0
260973 0
136763 2
194115 0
210746 0
121563 2
009061 2
121566 2
015363 0
095745 0
098411 2
286317 0
271931 0
025330 2
193753 0
183892 0
066425 0
071052 0
109982 0
091927 0
084945 2
070221 0
138287 0
087632 2
085355 2
085383 2
063717 2
213854 0
140197 0
272191 0
043519 0
159801 0
219310 0
111377 0
136103 0
094027 2
120688 0
015129 2
125610 2
122705 2
011362 2
122728 2
023835 2
023769 2
015013 0
120928 0
258512 0
261062 0
094426 2
094442 2
007349 2
120882 2
010311 2
122626 2
011947 2
280090 2
118233 2
144015 0
010349 2
122671 2
235247 0
270840 0
032205 2
086603 2
085204 0
031695 0
088441 0
258395 1
260348 2
260323 2
153562 0
279285 0
015041 0
129316 2
017702 2
129308 2
058265 0
032231 0
010585 0
132135 0
098948 0
145420 0
260347 0
008726 2
187548 0
281458 0
079071 0
016514 0
009382 0
009035 2
