211696 2
211748 2
181304 2
211698 2
126011 1
014706 1
126010 1
138972 2
120130 1
120139 1
120142 1
120140 1
120156 1
005589 2
120180 2
004783 1
119058 1
011488 2
122751 2
004581 1
118783 1
005575 2
120164 2
120154 2
005599 2
120194 2
009042 2
119613 2
118385 2
004271 2
118408 2
014845 2
125872 2
005834 2
120455 2
120450 2
120449 2
005309 2
119806 2
119786 2
005371 2
119895 2
119844 2
118395 2
118398 2
118397 2
004270 2
118407 2
118393 2
118392 2
005132 2
119543 2
004794 2
119072 2
119071 2
004273 1
118414 1
118428 1
004323 1
118445 1
119178 2
004877 2
119181 2
119177 0
014967 2
125763 2
125764 2
118751 1
118755 1
118748 2
004727 2
118988 2
118987 2
004212 2
118312 2
015050 2
125674 2
007481 1
120971 1
120963 1
120969 1
120968 1
120962 1
120960 1
120959 1
123931 1
005130 1
119537 1
118273 2
118707 1
118709 0
004575 1
118779 1
122760 1
122761 1
122764 1
122769 1
011550 1
122772 1
130964 1
012509 0
131017 1
131009 1
131008 1
120040 1
007949 1
121364 1
121363 1
007942 2
121356 2
119652 1
119651 1
005250 1
119719 1
005340 1
119848 1
129062 1
011697 1
133397 1
133396 1
133481 1
133473 1
133391 1
002494 1
129996 1
011676 1
011763 1
011924 1
137977 1
010509 1
142570 1
011774 0
128440 1
118105 0
118285 2
118284 2
118298 2
004676 2
118896 2
118874 2
004682 2
118908 2
258283 1
119963 2
005227 1
119678 1
147869 1
144778 1
144749 1
144716 1
144892 1
172766 1
172765 1
009549 1
147217 1
240277 1
240376 1
237275 1
237753 1
142011 1
163863 1
163859 1
163843 1
005177 1
119618 1
119145 2
119136 2
285468 1
285461 1
004677 2
118897 2
118878 2
124969 1
124964 1
004732 1
118990 1
010276 1
122605 1
004863 2
119154 2
130275 1
120032 1
005467 1
120033 1
120031 1
118597 1
118589 1
004321 1
118443 1
118412 1
005498 1
120080 1
015180 1
125565 1
151208 1
151196 1
124241 0
004531 1
118743 1
155799 0
118940 0
120830 1
120865 1
005262 2
119732 2
119032 1
119081 1
004818 1
119096 1
004422 1
118581 1
120172 1
005583 1
120173 1
005588 1
120179 1
176028 0
119361 1
004994 1
119362 1
119193 1
011850 1
098859 0
011958 1
122873 1
001030 0
123554 1
237672 1
118932 0
120949 1
120946 1
007353 1
120888 1
069684 0
065684 1
065690 0
005180 1
119622 1
005214 1
119661 1
119649 1
119626 1
179748 1
179744 1
179808 1
004909 1
119259 1
007894 1
121318 1
121305 1
005091 0
004897 1
119232 1
222331 1
222433 1
011739 1
123232 2
120077 2
005497 2
120078 2
007227 1
120784 1
011740 1
009747 1
122143 1
118976 1
118501 2
007556 1
121047 1
004725 1
118984 1
118965 1
118967 1
004500 1
118699 1
112892 2
112884 2
112845 2
112830 2
008024 1
121425 1
004417 1
118574 1
118572 1
118502 0
009054 0
101966 1
006928 1
120542 1
120537 1
036450 0
120051 0
009601 1
100853 1
100852 1
100609 1
101974 0
005477 1
120041 1
018451 1
128794 1
009342 1
121812 1
011487 1
118955 1
118948 1
118983 1
118961 1
004865 1
119157 1
119107 1
012313 0
118899 1
118898 1
118904 1
118778 1
118787 1
005570 1
120158 1
118735 1
004896 1
119231 1
115485 0
001429 1
126306 1
126300 1
118698 1
018264 1
128927 1
004525 1
012508 1
012464 1
122984 1
125194 1
009903 1
122246 1
124755 1
123525 1
123526 0
005261 1
119731 1
005260 1
119730 1
007081 1
120677 1
007503 1
120993 1
120958 1
120703 1
005790 1
120399 1
120336 0
005606 1
120207 1
009668 0
004707 1
118950 1
011941 1
251045 1
251044 1
124222 1
124310 1
124264 1
124743 1
124919 1
123970 1
123965 1
123972 1
123973 1
124036 1
123654 1
123656 1
116623 1
116622 0
127893 0
005499 1
120081 1
120075 1
120065 1
012037 0
271954 1
271953 1
271956 1
119935 2
118657 1
004503 1
118702 1
118526 1
111721 1
111720 1
111712 1
111226 1
109519 2
127093 1
127053 1
005832 1
120453 1
005815 1
120431 1
007182 0
259688 1
135556 0
124359 0
121808 0
174037 0
004752 1
119024 1
119019 1
011830 1
100257 0
121900 1
121909 1
121896 1
140690 1
140711 1
140682 1
008542 1
149927 1
017188 1
012128 1
120326 1
005737 1
120350 1
011978 0
004428 1
118605 1
009049 1
117131 0
119217 1
004991 1
119357 1
017366 1
133008 0
145726 1
011845 1
094934 1
094929 0
062099 1
126789 1
036470 1
120181 1
005590 1
120183 1
123524 1
123503 1
124182 1
124034 1
086550 0
128370 1
128246 1
193345 1
146774 1
147994 1
149471 1
147989 1
147978 1
149585 1
147494 1
278048 1
278128 1
148818 0
285313 0
005637 1
120241 1
068467 0
148263 0
000863 1
000812 1
004982 0
115409 0
006915 1
120529 1
062173 1
062183 0
124403 1
124478 0
009654 0
118175 1
118115 1
062059 1
162456 1
162452 1
007344 0
121234 0
096939 1
096914 1
028651 0
012163 0
009083 1
062097 0
009204 1
006807 1
009242 1
121718 1
007661 1
121115 1
123599 1
123585 1
014294 0
007337 1
120872 1
077917 0
125280 1
125281 1
015468 1
125279 1
001184 1
128157 0
010303 1
011974 1
289915 1
289914 1
137264 0
004617 1
118818 1
118730 1
124237 0
123635 1
123641 1
123642 1
124027 0
264482 1
264478 1
004432 1
009011 1
121531 1
118612 1
009012 1
121533 1
124611 1
012438 0
010012 1
009010 1
121530 1
253585 1
253486 1
252924 1
253238 1
253266 1
253239 0
176774 1
147587 1
147607 1
167652 0
192007 0
087316 0
028580 1
028603 0
144652 0
253434 1
253451 1
005383 1
119914 1
101238 0
192942 0
201259 0
119576 1
119572 1
227239 1
194236 1
223272 1
222988 1
148726 0
101464 0
117171 1
198485 1
259690 1
259692 1
259677 1
259673 1
259671 1
108793 1
109108 1
108286 1
108253 1
108402 1
109740 1
109774 1
254593 0
015404 1
125335 1
015388 1
264813 0
015166 1
123224 0
011904 1
122861 1
012516 0
114806 0
001036 1
131873 1
152934 0
011916 0
000713 0
004816 1
119095 1
015500 1
125255 1
010221 0
126811 1
126659 1
009612 1
122052 1
258929 0
086129 1
257807 1
257817 1
012273 1
011985 1
123282 1
123242 1
075781 0
265436 1
265395 1
265415 1
126348 1
126365 1
128756 0
011893 0
130110 0
141013 1
008472 1
141017 1
141018 1
001903 1
123264 1
123262 1
170190 0
123708 1
147687 0
079472 1
142251 1
090298 0
005818 1
120433 1
120422 1
006845 1
120486 1
120421 1
004951 1
119305 1
212613 1
135391 0
284603 1
284604 1
175297 0
014987 1
125741 1
064004 1
149654 1
121095 0
143821 1
020169 1
020171 1
020193 1
015594 1
149706 1
011751 0
128247 0
125487 1
015264 1
125472 1
015577 1
149750 1
015612 1
149657 1
149656 0
122400 0
013988 1
146451 1
014020 1
146471 1
146476 1
127629 0
119491 1
064380 1
123754 0
046042 1
046043 1
046273 1
189449 1
189373 1
189492 1
171456 0
159576 1
159472 1
159474 0
015607 0
243132 1
243791 1
126005 0
239051 1
239052 1
239039 1
239010 1
239361 1
239362 1
238990 1
260343 0
032125 1
032127 1
098963 0
052070 0
225994 0
221167 0
058346 0
046441 0
165130 1
165129 1
015111 0
008941 1
113360 1
119013 1
119008 1
150020 1
080017 0
194205 0
095442 0
235759 1
235639 1
123496 1
123470 1
123493 1
008003 1
121411 1
184751 1
141286 0
005236 1
119691 1
131376 0
039077 1
038806 1
038807 0
027443 0
005469 1
120037 1
120036 0
204137 0
231149 0
141483 0
224948 1
224907 1
224908 1
225169 1
225166 1
224870 0
257570 1
257571 1
263904 1
263999 0
125141 0
121340 1
121339 1
121317 1
121314 1
007990 1
121396 1
121383 1
183274 1
183280 0
120444 1
120443 1
120442 1
005831 1
120452 1
120441 1
120472 0
111932 0
009780 1
122175 1
278213 0
126082 0
124204 1
124261 1
191172 1
124880 1
124881 1
124916 1
124854 1
124819 1
118797 0
243078 0
004572 0
101066 0
064110 0
015235 0
014319 0
066960 1
066958 1
066968 1
170607 1
162170 1
162355 1
169408 0
064406 0
227207 1
227221 1
227213 1
227224 1
222713 1
120423 1
163861 0
010385 1
004859 1
119150 1
119149 0
005794 1
120404 1
289290 1
289288 1
289306 1
289305 1
289326 1
175615 0
144800 1
144780 1
191654 1
191099 0
174487 0
130284 1
130353 0
122475 0
131296 0
069526 0
191680 0
124995 1
125175 1
125187 1
124994 0
011894 0
108297 1
108393 1
108368 1
108289 1
004624 1
118816 0
007980 0
223832 0
004514 1
118719 1
085622 0
238615 1
238679 1
239387 1
120268 0
280013 1
280020 1
280004 0
135200 1
011709 1
127204 1
127189 1
127188 1
127178 1
009660 0
286169 0
133085 1
165230 1
165220 1
007813 1
121229 1
027344 1
145651 0
069345 0
140722 0
075874 0
122853 1
186805 0
018256 1
128935 1
221534 1
221535 1
222106 1
222652 1
017220 0
009050 1
121555 1
121554 1
121524 1
233308 0
128703 0
198483 0
118647 1
035232 0
018619 0
004720 1
118979 1
115001 1
114994 1
115142 1
115163 1
116614 0
086672 1
086361 1
086303 1
182867 1
109221 1
109081 1
108946 0
015269 1
125469 1
132210 1
132116 1
132226 1
197538 1
195553 1
197375 1
197368 1
195554 1
195557 0
009001 1
121518 1
009078 1
121586 1
186807 1
232577 0
007429 1
120942 1
109568 1
109462 1
124663 0
133260 1
127627 1
128125 1
127626 0
182710 1
182768 1
182848 1
177604 1
177608 0
182137 1
260713 0
133261 0
122012 0
125180 1
097016 1
096498 0
119254 0
126881 1
227248 0
023054 0
143409 1
089654 1
089628 1
089567 0
090393 0
125063 0
009161 0
222371 1
208366 0
009505 0
145045 0
164027 1
164021 1
164023 1
145583 1
145679 1
000010 1
145678 1
135127 0
234020 0
009561 1
122010 1
111510 1
234067 1
041036 0
111197 0
187131 0
047662 0
097488 0
088225 1
088369 1
088424 1
088436 1
088442 1
088688 1
088687 0
011477 0
019688 0
077233 1
077257 1
096417 1
127312 1
126612 1
126598 0
122710 0
140289 1
132862 1
002007 0
018499 1
000752 0
111824 1
111800 0
005077 0
144221 0
036468 1
223487 1
223478 1
009562 1
122011 1
132864 1
132861 1
002004 1
142287 1
142166 1
002015 1
244210 1
244183 1
244220 1
133706 1
133698 1
134106 1
000522 1
145247 0
158218 1
161499 1
161498 1
158211 1
158208 1
157800 0
204214 0
182121 1
176837 1
176839 1
176844 0
136554 1
186279 1
191565 1
191570 1
191572 1
142932 0
184793 1
288492 1
288462 1
288491 1
027889 0
211560 1
211532 0
262969 1
262808 1
262796 1
262807 1
014782 1
125948 1
125950 1
258005 1
258002 1
011343 1
111045 0
200804 1
200799 1
200727 1
199905 1
199898 1
148079 1
016613 1
147615 0
255910 0
034679 1
167878 1
167938 1
167939 1
170195 0
230245 1
230204 1
230447 1
230446 1
230435 0
190064 1
190113 1
183053 1
183055 1
183056 1
182989 1
190112 1
183045 1
276696 1
130684 1
000342 1
230912 1
230921 1
076099 1
076059 1
076009 1
015332 1
125405 1
015335 1
125402 1
125403 1
125414 1
015319 1
125413 1
194680 1
124975 0
000873 1
223476 1
223458 1
007005 1
007342 0
155826 1
153013 1
155834 1
278964 1
126191 1
126170 1
015318 1
125415 1
125417 1
125348 1
125362 1
015389 1
125345 1
125346 1
000029 0
015412 1
125326 1
056144 1
056058 1
055155 0
257558 1
257555 1
257387 1
257444 1
257445 1
257332 0
256383 0
122295 1
148795 1
166068 1
166167 1
166256 1
130820 0
011964 1
037088 1
034543 1
034562 1
199928 1
167141 0
242843 0
165292 0
004930 0
004385 1
118522 1
032178 1
255483 1
187639 0
158077 1
227249 0
168155 1
005415 1
119972 1
119971 1
007339 1
120874 1
119961 1
153585 1
134664 1
108164 0
151864 1
067908 1
111062 0
026464 0
260444 1
260381 1
260412 1
260198 1
142562 1
142556 1
135206 1
134894 1
145835 1
145839 0
027545 1
027546 1
259971 1
259964 1
115079 1
115078 1
186041 1
152763 1
152754 1
060447 1
194012 1
194019 1
195537 1
195940 1
190039 1
190050 1
179101 1
179105 1
177155 1
085976 1
085898 1
257946 1
257945 0
095285 0
175768 0
111541 0
125693 0
241298 1
260153 0
179110 1
241155 1
157130 1
080015 0
119601 0
006525 1
010379 1
140899 1
140895 1
027296 1
234409 0
008039 1
121433 1
005200 1
119648 1
007085 0
034581 1
136567 1
136621 1
136612 1
024094 1
135675 0
276334 1
276311 1
276258 1
276313 1
119633 1
018520 1
017818 1
018081 1
000115 0
009206 1
009243 1
121719 1
119646 1
231123 1
231082 1
090210 1
090061 1
178175 1
178442 1
163384 0
186142 1
177693 1
177525 1
177509 1
177515 1
177778 1
197387 0
015305 1
125429 1
125430 1
000076 1
153584 0
155795 1
154628 1
154647 1
154694 1
152764 1
010461 0
288765 1
288783 1
053960 0
042208 1
041660 1
042334 1
144645 0
027047 0
097801 1
100415 1
145947 1
145954 0
289471 0
218897 0
179097 0
228422 1
067142 1
067123 1
116474 1
116657 1
116328 0
064811 1
075977 0
031426 0
195541 1
192636 1
195934 1
146161 0
276457 1
002992 1
220078 1
219947 1
219949 0
154832 0
031664 1
031677 0
116654 1
091265 1
004942 1
119293 1
155489 0
052276 1
085484 1
085528 1
085485 1
085615 1
085598 1
085745 1
085781 0
041866 0
132867 1
132818 1
127226 0
024458 0
043676 0
011991 1
034587 0
082079 0
190348 0
176788 0
149189 0
285856 0
044400 0
238899 0
011939 0
007792 1
007817 1
121233 1
145435 0
007289 0
142207 1
142199 1
008159 1
118500 0
001493 0
116329 0
197334 1
197296 1
014143 1
223426 1
223427 1
223267 1
152346 0
276833 0
005299 1
119792 1
119764 0
099113 1
099142 1
001427 0
037087 0
168987 0
145646 1
110024 1
126591 0
117441 0
010235 0
095631 1
095190 0
034641 1
108329 1
009965 1
122296 1
007285 0
286744 1
286741 1
121221 0
064553 1
031225 0
115305 1
125104 1
125125 1
125126 1
002755 1
002600 1
002593 1
011768 1
240013 0
004433 0
195202 1
195246 1
153087 0
011552 0
123711 1
123824 1
123801 1
242725 0
124060 0
280581 1
076273 1
076917 1
076913 1
164124 1
164127 1
060443 1
060341 1
264602 1
264600 1
264476 1
264465 1
264194 1
264182 0
265558 1
265833 1
266816 0
287253 1
197154 0
011310 1
010358 1
122679 1
122645 1
133594 1
070071 1
103244 1
095852 1
095886 1
095738 1
095742 1
095645 1
095617 1
007224 1
042558 0
016433 1
179433 0
253225 0
124485 1
016434 0
060984 0
119365 0
045667 0
001087 1
256682 0
088302 1
071433 1
104606 1
071428 1
104601 1
070528 0
035934 0
223253 1
005092 1
029491 1
030002 1
201952 0
028011 0
211455 0
113942 1
113936 1
258985 0
220747 1
220753 0
000065 1
124745 1
124767 1
124771 1
012148 0
000113 0
155928 1
155959 1
155967 1
155929 0
112106 0
050198 0
156004 1
156008 1
155953 0
146509 1
152936 1
149390 1
034781 1
034810 1
036798 1
199964 1
199955 1
175635 1
177541 0
067434 0
081437 1
139018 1
006653 1
139020 1
146985 0
253308 0
131594 0
162025 0
202439 1
163350 0
186859 0
004339 0
112148 1
126915 0
209602 0
227560 1
227441 1
227561 1
133837 1
133833 1
133799 1
133787 1
002306 1
121906 0
159754 1
159814 1
159863 1
159937 1
166677 1
166669 1
155314 1
197681 0
186790 1
186800 0
151494 1
168219 1
153363 1
164948 0
145765 1
147017 1
151307 0
212914 1
137428 0
025957 1
025942 1
166913 1
065180 1
065161 1
148008 0
183095 0
046174 1
046107 1
081120 0
191274 0
169090 1
014824 1
125892 1
125920 1
080518 1
080510 0
009008 0
078934 0
219869 1
219867 1
220160 1
219831 1
219845 0
219799 0
171676 0
266253 0
113405 0
260616 0
134516 0
141336 0
168040 0
243929 1
055254 1
196958 1
037432 1
140087 0
171403 0
067675 1
090438 0
066419 0
155789 1
155790 1
157562 1
161522 1
161546 1
161549 1
157279 1
157280 1
066784 0
163385 1
163420 1
145223 1
145246 1
142765 1
143038 0
150003 0
200342 1
119414 0
060702 1
060697 1
060753 0
082137 0
137443 1
124693 1
179849 1
244933 0
161550 0
012548 0
220610 0
180487 1
180472 1
180478 1
180843 1
180841 1
180678 1
180888 1
180683 1
017429 1
017378 0
222449 0
032115 1
032110 1
227141 0
015225 0
166046 0
008471 0
030839 0
074799 1
074735 0
051646 0
069502 0
133572 0
146834 0
290080 0
118826 1
125145 0
000420 1
109132 1
109167 1
243604 1
243518 1
243562 1
137113 1
137097 1
136346 1
136338 1
135649 1
136328 1
135321 1
135637 1
135298 1
135283 1
017728 0
148588 1
244017 0
159353 1
159634 1
054367 1
125703 0
064984 0
140898 0
169886 0
001197 0
147616 0
058008 0
074426 1
107599 1
072277 1
105450 1
063325 0
102002 0
152880 1
152221 1
152222 1
018803 1
120668 0
224647 0
075353 1
075338 1
163563 0
134270 0
017753 1
128070 0
155349 0
075650 1
011181 0
122979 1
127398 0
182221 1
182247 1
220529 0
010217 0
085861 1
085872 0
070164 1
103337 1
012521 0
075571 0
109556 0
284585 0
000411 1
124740 1
012656 1
006926 0
004858 1
119148 1
079758 0
140933 0
254039 1
254025 1
229909 1
231117 1
241646 0
005219 1
145268 0
018013 1
176654 1
257524 0
145832 0
134232 0
199111 0
220313 1
119133 1
193466 1
012102 1
122895 1
048970 0
109032 1
109186 1
079441 0
111808 1
111100 0
176119 1
176165 1
176176 0
018174 1
128981 1
131024 0
278081 0
121556 1
067168 0
260304 0
194676 1
121559 0
197426 0
017897 0
018165 1
076007 0
223941 0
228382 0
131474 0
260122 0
017582 0
017912 1
130095 1
145611 0
112198 1
112153 0
051805 1
051806 1
051828 1
111273 0
120713 1
120694 1
025912 0
010568 0
134051 0
077321 0
108555 0
275796 0
140152 0
115476 0
174450 1
174501 0
120878 0
064833 0
169409 0
182666 1
182670 1
182700 0
182698 1
182733 0
158314 0
227155 0
128477 0
123548 1
123547 1
138450 0
221996 0
137865 1
137798 1
006338 1
009838 1
122215 1
182147 1
007145 0
004469 0
249502 1
249592 1
262123 0
199477 0
118942 0
241303 0
139559 1
139561 1
139617 1
139540 1
288037 1
288039 1
256713 0
283439 0
159684 1
139601 0
131478 0
244982 0
129395 1
129398 1
129341 1
129343 1
062582 0
231129 0
140956 1
140959 1
140948 1
148808 0
131743 1
123020 0
012014 0
163288 1
163321 0
147153 1
147146 1
140902 1
148229 0
001926 0
148632 0
285671 0
018434 0
113692 0
265064 0
120169 0
064500 0
146027 0
174848 2
174836 1
080237 0
011269 1
074539 1
074531 0
135511 0
148730 1
148709 0
001231 1
017924 1
017997 1
017885 0
194679 0
180380 0
075014 0
188153 0
225856 1
225815 1
226009 1
226015 1
240809 0
159480 0
007266 1
120811 1
007132 1
120712 1
120695 1
007080 1
120676 1
005826 0
120439 0
243379 1
243372 1
124904 0
040325 1
139016 1
138961 1
139019 0
174437 0
194282 0
116174 0
165183 0
221790 0
116621 0
201299 1
164139 0
007672 0
005833 0
077942 1
077934 1
077914 1
078849 1
078830 1
078787 0
084170 0
109225 1
109224 1
079428 0
003753 1
174543 0
071969 0
003670 0
153083 1
121150 1
062102 0
141844 1
141785 1
141790 1
155482 1
155486 1
001564 1
127595 0
145851 1
145865 1
145892 1
225708 0
150078 0
130114 1
133172 0
009072 1
121579 1
121575 1
000008 1
017380 0
016375 1
016345 1
148604 1
149949 1
150010 1
150048 1
150069 1
150086 1
018735 1
148563 1
018250 1
059466 1
078390 0
112140 0
272768 0
122088 0
059437 1
243396 0
119343 0
277287 1
125072 1
033110 0
152938 0
121176 0
111946 0
161551 0
008329 0
002288 1
148593 0
000910 1
006307 0
230978 0
156485 0
009452 0
200783 0
170191 0
096553 0
018088 0
058929 0
125901 1
125889 1
015128 1
125611 1
125002 1
012160 0
227250 0
175646 0
004634 1
118839 1
118836 1
118819 1
118741 0
120693 0
004703 1
118941 1
124774 1
124749 0
006577 0
004431 0
152106 1
152111 1
018774 1
159860 1
159869 1
159911 0
159914 0
064351 0
148977 0
029979 1
030197 0
128610 1
071035 0
018071 0
074622 1
079754 0
038504 1
037944 1
037997 0
000134 0
059788 0
075962 1
075959 0
111665 1
021994 0
119497 0
278406 1
278408 0
095479 1
094183 0
010102 1
122404 1
125001 0
162713 0
125613 0
119132 2
128469 1
128611 1
124765 0
028648 0
126201 0
000843 0
081667 1
081603 1
081742 1
155801 0
004216 0
118498 0
027685 0
060619 0
124979 1
221842 0
100716 0
148220 0
130341 1
275985 0
017218 1
129659 1
032833 0
116302 1
147955 0
170197 1
162838 1
151366 1
203148 0
155679 0
031274 0
000582 1
130186 0
151403 0
100914 0
144043 1
144037 0
147362 0
178600 0
139059 0
160869 0
011888 0
015307 1
125426 1
125427 1
127656 1
127652 1
123890 0
011755 0
009959 1
076255 0
147375 0
130627 1
054426 1
054476 0
114585 0
071136 0
186801 0
111315 0
154722 1
154743 1
154774 1
036456 0
136938 0
160401 0
015465 1
125282 1
125297 1
086490 1
221711 1
052279 1
108462 1
108448 1
130819 0
040689 0
098388 1
098350 1
052043 1
060940 1
060896 1
060945 1
052048 1
051989 1
000675 1
130046 1
026133 1
011501 1
120877 0
066157 1
273061 1
080813 1
007585 1
121069 1
055534 0
051802 1
273065 0
051798 0
154779 1
052046 1
051988 1
051987 0
100059 1
065178 1
028099 0
060289 0
080076 0
008645 0
200050 1
199322 1
199325 1
007983 0
013133 0
051949 1
026544 0
077654 1
097186 1
097185 1
130070 1
130076 1
130078 1
023901 0
124361 0
243847 0
006583 0
082462 0
125620 0
126332 0
195666 0
005135 0
191703 0
132746 1
132802 1
132732 1
143084 0
012294 0
000578 1
130523 1
000575 1
130528 1
130117 1
069528 0
004462 0
270928 1
097092 1
005372 0
168465 0
007178 1
120744 1
007061 0
285294 0
120659 0
161783 0
081188 1
193903 0
082068 0
149800 0
037797 0
082582 0
169724 0
015387 0
150085 0
162689 0
050196 0
089884 0
087311 0
171187 0
122079 0
069678 0
230415 0
032527 0
084156 0
120425 0
273117 1
194471 0
268813 0
125716 0
288975 0
117130 0
113434 0
242872 1
