085524 2
010305 1
010298 1
018145 2
115245 2
113573 2
113600 2
117089 1
117761 1
082362 2
005560 1
131477 2
111995 2
112019 2
115942 2
115917 2
112171 2
112158 2
112176 1
009879 2
122234 2
037382 0
081830 2
089564 0
025309 0
152278 0
132349 0
164457 0
131875 0
087762 0
111675 0
062170 0
132334 0
042326 0
201258 0
099723 0
017510 0
174844 0
221096 0
065268 0
193731 0
188475 0
212188 0
095954 0
020081 0
223786 0
157690 0
043640 0
132305 0
147403 0
007787 0
113643 0
135618 0
021747 0
240932 0
085495 0
132537 0
047560 0
125540 0
062111 0
229940 0
133256 0
156872 0
182113 0
002358 0
115760 0
152311 0
132339 0
188752 0
132152 0
164686 0
261920 0
158691 0
164875 0
049952 0
231466 0
262452 0
180752 0
138560 0
115435 0
132336 0
244262 0
164425 0
007525 0
081717 0
174839 0
013081 0
013161 0
132268 0
080625 0
042319 0
131798 0
221103 0
152298 0
188437 0
271187 0
169352 0
268444 0
164484 0
096823 0
080586 0
124564 1
124569 1
