226419 1
211355 1
199662 1
199768 1
202309 1
201723 1
201733 2
253060 1
207523 2
191960 1
191952 1
192027 1
233435 2
141618 0
210803 2
210735 2
258244 1
242624 2
199799 1
199800 1
240501 2
229632 2
225400 2
196270 2
224535 2
216167 1
158246 0
257917 2
242947 2
243224 1
229701 2
229964 2
229876 2
250887 2
234372 2
234371 2
287168 2
287669 2
258502 2
253449 2
253502 2
253558 2
253571 2
253576 2
253425 2
253354 2
253675 2
253701 2
253600 2
253602 2
244451 2
244471 2
253557 2
253570 2
253575 2
253501 2
211988 0
256022 1
256099 1
255936 1
210965 2
210748 2
203076 2
203072 2
203074 0
197534 1
197450 1
197440 1
234290 1
234289 0
207193 1
206995 1
187602 2
108911 1
108832 1
108912 1
109176 1
109198 1
109210 1
108880 1
202237 1
202384 1
202398 0
184706 1
255060 1
184695 2
256767 2
256770 2
025484 0
183845 2
183853 1
205796 2
206423 2
206434 2
208579 1
080223 2
257272 1
257343 1
257243 1
228781 1
228910 1
227462 1
227546 0
243208 1
258373 2
258357 2
015242 0
201756 1
206808 1
210756 1
202794 1
201815 1
201813 1
184747 1
206698 2
206720 2
206709 2
251938 0
275029 2
275040 2
275063 2
210978 1
275249 0
243857 1
243843 1
243497 1
243496 1
243559 1
243558 1
243401 1
243402 1
243811 1
243818 1
243780 1
243779 1
243561 0
265042 1
243834 1
243862 1
244136 1
244143 1
244363 1
244341 1
250338 1
250339 1
208546 2
199226 1
199222 1
199153 1
199154 1
199160 1
199156 1
101493 1
255270 0
017574 2
200003 1
202344 1
201638 1
201964 1
201963 1
201958 1
208051 1
282970 0
244423 1
244426 2
244436 2
244365 1
244367 1
244353 2
244366 1
244261 2
237379 2
237336 2
237378 0
202262 1
199967 1
136116 0
257428 0
208975 1
208007 1
274359 0
208029 1
208997 1
208018 0
254637 1
244425 2
271664 2
271663 2
209712 0
115184 0
244732 0
128478 1
128627 1
155811 1
019075 1
262867 1
262872 1
258430 0
001554 1
206797 1
207204 1
194468 0
199482 1
199458 1
199483 1
199558 1
199502 1
208414 1
