145072 2
149718 1
258702 2
177758 0
147702 2
192073 2
177674 2
177735 2
177759 2
145863 2
152884 2
152890 1
152896 1
208884 2
213033 2
192069 2
188321 0
152504 2
153984 2
153966 1
152505 1
156841 0
165771 2
163379 2
237588 2
150019 2
150031 2
150029 2
150011 2
150037 2
150026 2
163186 2
163155 2
163131 0
153100 0
151888 0
193164 2
265185 2
285262 2
285270 2
285273 2
285278 2
152075 2
150563 2
151207 2
168530 1
168527 2
150921 2
259343 2
261223 2
226019 2
256706 0
159282 2
272064 0
099728 1
100768 2
100742 2
152030 2
151035 0
037176 2
034925 2
035139 2
034924 2
037318 2
037251 2
035590 1
258910 0
285261 2
285269 2
285272 2
285277 2
287875 2
149728 2
139511 2
277942 2
277939 1
268368 2
268383 2
267191 1
233010 2
233026 2
267475 0
235250 2
235287 2
235248 2
235256 2
191736 2
191737 2
243609 0
131565 2
279957 2
227552 0
041935 2
147414 1
132780 0
259221 2
002465 1
270198 2
190408 1
224125 0
263670 1
019912 2
003080 0
155907 1
175467 0
266380 0
225002 0
267298 0
150027 0
138374 0
263662 1
263694 1
213077 0
177734 0
085633 0
137999 1
164295 0
002820 0
152112 0
256708 2
256705 2
