238411 0
233640 0
269056 0
082766 0
266911 2
266308 1
266333 1
266375 0
266378 1
266377 0
264605 0
268383 0
236366 0
245034 0
231857 1
196905 1
231245 1
231159 1
231163 1
231166 1
205360 1
230770 0
194954 2
215692 0
197226 1
197225 1
196058 0
231153 0
223029 1
223028 1
223031 1
223022 1
223019 1
223023 1
196507 0
222593 2
222592 2
199784 1
199777 1
199759 1
199803 1
199804 1
199745 1
255934 2
255945 2
255948 2
220112 2
255947 1
255944 1
255933 1
199778 1
223325 1
242357 0
219128 1
219118 1
199491 2
220423 2
220465 2
220420 2
220484 2
220483 2
195482 1
214163 2
214158 2
214144 2
230436 2
230409 2
284588 0
254773 0
198813 0
219595 2
229616 0
205351 2
205350 2
197822 2
197819 2
210601 1
221880 2
221038 0
218842 0
250905 0
254751 2
254707 2
254747 2
253604 2
204937 2
204547 2
204651 2
203701 1
218536 2
253886 1
253883 1
253896 1
201513 2
271342 0
182984 0
274968 0
244696 1
197885 2
171700 1
171709 1
171674 1
171667 1
171708 1
171673 1
270247 2
270249 2
170993 1
272657 0
200380 1
200375 1
213686 0
223369 1
281452 1
076131 2
196998 0
275836 0
280266 1
219124 0
196602 1
196578 1
196355 0
252870 2
252789 2
226018 0
256926 0
278925 0
192783 2
192731 2
263564 0
196670 2
196668 2
196661 2
196655 2
196646 2
235732 0
202071 2
196728 0
222313 0
213979 0
256555 2
270248 2
270246 2
255359 0
018195 2
128964 2
199839 2
017038 2
150512 0
256565 1
256563 1
237240 0
256004 0
201928 1
230101 0
202757 0
196886 2
058557 2
063084 0
196095 2
240977 0
253060 0
192997 1
192939 1
192846 1
199086 0
255923 0
199638 2
199604 2
195404 2
195378 2
195349 2
195317 2
195236 2
195228 2
195204 2
197365 2
197336 2
260672 0
213024 0
131925 2
006734 2
211720 0
152927 0
006299 2
199269 1
199268 1
199253 0
138350 1
131685 1
153662 0
130357 2
130337 2
130371 2
132786 2
132780 2
132821 2
132779 2
132694 2
132693 2
132655 2
132678 2
129712 2
129729 2
129808 2
129807 2
129880 2
129849 2
129834 2
130244 1
130243 1
130230 2
130251 2
130253 2
130257 2
130265 2
131696 2
130116 0
135019 2
134997 2
134905 2
134895 2
134830 2
134837 2
133670 2
133660 2
138405 2
134000 2
133984 2
002889 2
139765 2
139727 2
139522 2
139396 2
139314 2
139399 2
139517 2
139296 2
002682 2
133638 2
138943 2
138913 2
138915 2
139211 2
138931 2
138867 2
138854 2
138843 2
138816 2
138803 2
138810 2
006573 2
138797 2
134832 1
139067 2
134896 2
133812 2
134064 2
002765 2
132446 2
132459 2
003607 2
133944 2
002886 2
138983 2
140262 2
140220 2
137392 2
140186 2
140176 2
002927 2
139726 0
131700 2
131701 2
131713 2
138981 2
144128 2
144271 2
144270 2
143960 1
144100 2
143927 2
143958 2
143938 2
143467 2
143421 2
143420 1
143415 1
143182 1
143165 1
142750 2
142751 2
142745 1
144582 2
144569 2
144564 2
144617 2
144556 2
131790 2
131772 2
131609 2
131608 2
131611 2
131588 1
002207 1
131600 2
131587 2
131884 2
133019 2
131575 2
131578 2
130952 2
131570 2
131574 2
131576 2
133368 2
131763 2
131876 1
131761 2
130860 2
130871 2
130864 2
130877 2
144853 2
144810 2
002264 0
129809 2
129937 2
129987 2
129934 2
129989 2
129994 2
129992 2
006634 2
144954 2
144952 2
144948 2
144956 2
144945 2
142691 1
013779 2
144968 2
144935 2
130280 2
138990 2
134068 2
134093 2
002928 2
134073 2
140263 2
138636 2
138632 2
138525 2
141131 2
141101 2
132060 2
141100 2
002741 2
141082 2
144183 1
144060 2
144164 1
144175 1
132044 2
144054 2
144053 2
144048 2
010966 2
006608 0
133980 2
133999 2
002890 2
002447 2
115297 2
133780 2
133794 2
133779 2
130898 2
132554 1
133755 2
012079 2
122892 2
140394 2
139198 0
069628 2
102801 2
069649 2
102822 2
069567 2
102740 2
138848 1
130844 2
144724 1
144725 1
144721 1
144722 1
144632 1
144650 1
161721 2
275837 2
130487 2
130491 2
085633 2
132419 1
132431 1
131805 2
132559 1
275773 0
150966 0
130495 2
130497 2
130511 2
136475 0
130167 2
130092 2
130088 2
138769 2
138749 2
139964 0
145922 0
131748 2
006624 2
008264 2
136686 2
136638 2
140960 0
114662 2
114660 2
131726 2
069824 2
102997 2
138394 2
138393 2
138390 1
138973 2
138955 0
131717 0
130522 2
130518 2
130704 2
130696 2
130698 2
130711 2
109034 2
132642 2
132644 0
130909 1
006435 2
006417 2
138767 2
131799 2
138748 2
139134 1
138686 2
138507 1
139758 2
123283 2
123302 2
006436 2
173785 2
009964 2
132384 2
139987 2
139977 2
139965 2
173789 2
178351 2
178089 0
136931 0
131565 2
147406 2
147416 2
147423 2
130401 1
130454 0
140369 0
143408 2
147614 2
147609 2
147720 2
147589 2
129371 1
129372 1
017632 1
129355 1
129375 1
129378 1
129376 1
129379 1
129373 1
129374 1
129381 1
129447 1
129452 1
129441 1
129456 1
129434 1
129448 1
131580 1
132555 1
093115 0
148166 2
141169 2
006388 2
194176 2
194183 2
194219 2
015179 0
177432 2
238035 0
151698 0
255577 0
133308 0
147566 2
132543 1
144590 1
137072 1
130758 1
220654 2
220660 0
130228 0
012785 2
146129 2
145015 0
141345 2
141332 0
115341 1
115349 1
115354 1
115381 1
101241 2
101245 2
101246 2
101243 2
101252 0
129014 2
129019 2
018274 2
128911 2
099474 0
138503 2
138508 2
138496 2
138498 0
147360 0
138575 0
135993 0
137299 2
136933 1
006064 0
226533 2
226463 2
226421 2
132147 1
132148 1
132166 1
132150 1
132159 0
177430 0
137183 0
232406 0
141915 2
141939 2
141912 2
132129 0
117370 2
117144 2
117348 2
117375 2
129901 0
136170 0
140920 0
010285 2
122613 2
122612 2
155610 2
155611 2
152790 0
006369 2
080274 0
147055 2
148775 0
280878 0
132168 1
132164 1
132161 0
250808 0
240145 0
132146 0
264721 0
131661 0
157909 2
130756 1
130751 1
130722 1
130798 1
130824 1
131084 2
131013 2
131138 2
131228 2
131235 2
131028 0
144135 2
144160 2
144134 2
133182 2
133191 2
133169 0
108974 0
139439 1
150026 0
202105 0
147086 0
194367 2
196680 2
115802 0
115046 0
141986 2
193439 2
258822 0
150585 0
197256 2
157805 2
158296 2
233904 0
193696 2
197932 2
197899 2
199376 2
194304 2
194312 2
194316 2
257879 0
220506 0
167296 2
167297 2
167248 2
167201 2
167146 2
168168 0
282633 0
160164 2
160208 2
197865 2
197863 2
037084 0
199203 2
199174 2
162879 0
210000 0
240261 0
092325 0
084119 2
084138 2
243609 0
141342 0
102075 0
201536 2
189130 0
000755 2
130061 2
261139 0
258573 0
190473 0
143317 0
131865 0
139456 2
139454 0
158363 0
132160 1
075502 2
075516 2
075574 2
075759 2
075749 2
075838 2
075913 2
075837 2
190459 2
190470 2
194412 2
196802 2
214487 0
132152 1
076019 2
075989 2
097596 0
132153 1
137458 0
240617 1
240583 1
143273 0
196769 0
162711 2
278168 0
167791 0
144420 0
099857 0
198530 2
198541 2
198537 2
199075 2
199079 2
199090 2
132639 0
231796 0
151691 2
151726 0
140848 0
140973 2
140972 2
131010 0
155497 0
129059 0
161269 2
155508 0
096893 2
147946 0
005969 0
225583 0
135216 0
131663 2
075967 2
006472 2
085274 0
233997 0
138486 0
091021 0
150077 0
196073 0
200458 2
130477 0
002542 2
002509 0
167810 0
220383 0
196211 2
196210 2
140826 0
161997 2
161993 2
196522 2
196366 2
138952 0
198339 2
198333 2
198312 0
079631 1
206181 1
207424 1
008642 0
289329 0
192966 0
251187 0
008887 0
197544 1
144328 0
196091 0
197180 2
198626 2
198624 2
198620 2
213841 0
191088 2
191302 2
170734 2
170668 2
166385 0
152553 0
163307 0
253856 2
253844 2
253827 2
253847 2
253930 0
255186 0
197366 0
042733 0
130351 0
240494 0
199408 1
263117 2
215715 0
278863 0
134012 0
194616 0
289519 0
147404 2
225970 0
157282 2
157258 2
079861 0
156127 1
202756 0
008865 0
158169 0
152616 0
201197 0
217202 0
269062 2
268978 2
269254 2
269112 0
266709 0
243613 2
260320 0
101256 0
194035 0
256109 0
225907 0
131620 1
131614 1
131612 0
131616 0
238097 0
152922 0
150514 0
198307 0
222862 0
200686 0
224126 1
224094 1
224096 1
224124 0
132145 0
131621 1
131617 0
060019 0
256079 0
255274 2
241272 0
255441 1
255415 0
256031 0
220497 0
140730 0
197532 0
201337 2
201474 2
201475 2
212162 2
212167 2
211172 1
222788 0
201603 0
114734 0
195268 0
201791 2
201566 2
201550 2
201707 2
201712 2
273727 0
114043 0
158022 0
258909 0
211379 0
235792 1
157352 0
139763 0
227023 0
150915 2
150934 0
150967 0
224125 0
138427 0
037581 0
018000 0
119284 0
139837 0
262132 0
222067 1
061141 2
061179 2
061161 0
041998 0
200540 0
085440 0
226019 0
061181 0
147065 0
201960 0
121933 0
194849 0
221444 0
253139 0
238207 0
153696 0
064545 0
133677 0
006302 0
254287 0
266877 0
199809 2
199811 2
265046 2
012900 0
130212 0
178092 0
243294 0
064895 2
064885 0
239901 0
093237 2
058843 0
196941 2
196928 2
139346 0
177416 2
177403 1
177419 2
177418 2
199876 0
202653 0
191888 0
213570 0
277942 0
224029 2
224014 2
163692 2
140599 0
194089 0
155358 0
112718 0
031619 0
076134 0
162165 0
198550 1
