194093 2
194101 2
193574 2
193567 2
195747 2
195746 2
195754 2
195760 1
196253 2
196251 2
190783 1
190850 2
202635 2
202637 1
202641 2
201727 2
201737 2
201752 1
264171 0
202640 1
199484 1
199460 1
201781 2
233314 1
233301 1
202936 0
227400 2
227402 2
199454 0
201734 1
201740 1
201748 1
201792 1
262765 1
262760 1
262757 1
266022 0
230375 0
213890 0
224068 1
223996 1
223950 0
232233 0
196798 1
196796 2
257512 0
263238 1
262885 0
264166 0
279949 0
226412 0
071197 1
104370 1
071204 1
104377 1
196347 0
128556 1
128517 1
128516 2
128559 1
202112 2
202122 2
202375 2
196252 2
202135 2
147134 2
147133 2
201938 2
201929 2
018018 0
078302 0
202157 1
202156 1
202134 1
264963 2
264964 2
202151 2
202148 2
202934 1
202931 1
260660 2
260653 2
207490 1
204850 0
257093 1
257107 1
289911 1
261665 0
207446 1
149438 2
149452 2
191964 2
192004 2
266163 2
266162 2
014582 1
140650 0
196272 2
196282 2
196321 2
196307 2
261747 2
257821 0
066143 0
232890 0
251324 1
011758 2
220363 0
220319 0
259817 0
137196 0
170268 0
254140 0
262758 1
262769 1
262771 1
262775 1
262782 1
123732 0
243190 0
262004 1
261926 1
131022 1
131019 1
131015 0
131011 1
131026 0
256364 0
138807 2
138819 1
071434 2
104607 2
071405 1
104578 1
004455 0
025891 0
110893 0
273546 0
258855 0
283327 0
289475 1
190688 1
273846 0
260768 0
194545 2
152530 0
239789 1
239788 1
239790 1
239792 1
239793 1
239794 1
