064578 0
086457 0
050307 2
050457 2
080529 2
076262 2
087883 2
088975 0
066837 0
066406 2
064277 2
085197 2
085195 2
085188 2
085127 0
083085 2
083126 2
083141 2
075088 2
075260 2
075542 2
093167 0
080176 2
085893 2
064073 0
085327 2
085454 0
086195 2
086247 2
086281 2
063150 2
096160 2
096120 2
081228 2
081202 2
085857 2
089741 2
089730 1
089725 1
092177 2
092103 2
080838 2
092043 2
080824 2
085072 2
084146 2
079292 2
087863 2
087862 2
087861 2
033382 2
097366 2
097433 2
087573 2
087617 0
087808 2
087960 2
087812 2
087961 2
087912 2
049475 2
049397 2
032387 2
042342 2
032418 2
047277 2
273177 0
041685 0
086269 0
067594 2
067631 2
067658 0
096414 2
092873 0
023834 0
063986 0
109253 0
020981 2
117581 0
087679 0
259301 2
075350 2
075221 2
079851 2
079856 2
074961 2
074944 2
074960 2
111760 2
092881 0
024555 2
024498 2
262917 2
257215 2
023641 2
023753 2
257221 2
224351 2
224352 2
259586 2
259595 2
144206 2
144252 2
026021 2
026130 2
011051 0
025910 2
111811 2
025985 2
260256 0
025882 2
260392 0
034694 2
144476 1
060816 2
050503 2
050534 2
144507 2
126182 1
126196 0
088646 2
088668 2
050023 2
050070 2
109558 2
024738 2
024736 0
024500 2
084880 2
087528 2
087556 2
024149 2
097289 2
059012 2
020205 2
024209 0
027973 0
024512 2
024509 2
051578 0
024777 2
039992 2
024704 2
011268 0
089690 0
051283 2
051284 2
051421 2
087470 1
050469 2
025918 2
048672 0
024705 0
044867 2
044865 0
024794 0
090855 0
042591 0
024491 0
036187 2
036297 2
038162 2
083324 2
087137 0
038222 2
044095 0
046023 1
046005 0
069489 0
069506 1
102679 1
050451 2
050306 2
050455 2
030281 2
081520 0
041907 1
069829 2
103002 2
069800 2
102973 2
069532 2
041903 1
102705 2
069422 2
102595 2
069765 2
102938 2
028849 0
261086 0
052382 0
132772 0
226250 2
260224 0
092809 0
040808 0
097738 0
083398 0
036089 0
033410 0
210371 0
058765 2
273302 2
273538 2
185809 0
273715 0
182519 2
020434 0
265780 1
089846 2
223199 0
282110 0
033668 0
267686 0
202606 0
111631 0
179719 0
090806 0
043907 0
001436 2
087206 0
024778 2
023645 0
041680 0
260257 1
260258 1
111758 0
260387 0
042556 0
273551 2
273611 0
047817 1
047799 2
047347 0
020447 0
126448 0
045012 0
024251 0
024788 0
016455 0
047688 0
128418 0
027998 0
140982 0
220274 0
128029 0
070831 0
271580 0
110407 0
010673 0
210656 0
036377 0
048037 0
131200 0
034557 0
109243 0
088695 0
064091 2
019546 2
087136 0
021151 2
090007 0
092787 0
021027 2
020995 1
021024 2
260637 0
097749 2
097807 0
098288 2
098386 0
048344 0
048694 0
112499 2
112495 2
028895 0
020220 0
070531 0
185802 0
258246 0
092890 0
019932 1
019945 0
090807 0
260236 0
016513 0
081529 0
089687 0
108655 0
235030 0
263841 1
263890 2
264107 2
024463 0
022433 0
159633 0
081823 0
261088 0
104004 0
081276 0
020216 2
114099 0
000530 0
096444 0
103704 0
020217 2
200139 0
155671 0
001831 0
109330 0
088162 0
087188 2
180637 0
024768 0
262593 0
020157 0
289679 0
059326 0
084016 0
019276 2
078126 0
273051 0
141045 1
251918 0
090880 0
141431 0
036308 0
021674 0
046229 0
057405 0
112601 0
255519 0
090049 0
086728 0
159628 0
051259 0
193267 0
024494 0
000379 0
026282 0
061258 0
017870 0
022234 0
089017 0
096643 0
024685 0
069396 0
148364 0
108447 0
085911 0
019541 0
019666 0
015454 0
141667 0
254847 0
169934 0
198758 0
081856 0
111488 0
140575 0
033078 0
047517 0
044987 0
019428 0
036069 0
092784 0
087827 2
087852 0
087828 2
085576 0
036376 0
126417 0
140118 0
044666 0
202892 0
129500 0
276170 0
021550 0
040912 0
249766 0
088239 0
016727 0
122907 0
050824 2
050801 0
269017 0
161577 1
016316 0
085280 0
082657 0
157444 0
008469 0
074758 0
081786 0
202064 0
155618 0
111634 0
048323 0
024906 0
128138 0
005448 0
083754 0
199338 0
129192 0
128422 0
083405 0
028966 0
150158 0
124003 0
041004 0
140182 0
198725 0
111683 0
000370 0
036407 0
259846 0
113126 0
198721 0
109347 0
033438 0
129788 0
230339 0
102569 0
130415 0
108476 0
019378 0
052430 0
047489 0
062070 0
085973 0
145358 0
255466 0
019754 0
168576 0
126414 1
279096 0
233504 0
037485 0
093066 0
040923 0
180530 0
111686 0
069425 0
023744 2
039686 1
087815 0
086644 2
086609 0
190880 0
038037 0
087064 1
087261 0
087275 0
056678 0
041644 0
075463 0
084186 0
051108 0
001072 0
050362 0
148697 0
084497 0
027958 0
016842 0
056636 0
079137 0
062774 0
067598 0
232182 0
047452 0
183982 0
027917 1
220003 0
078962 0
041711 1
049594 0
041645 0
175541 0
041336 0
087465 0
