256187 2
256429 1
256509 0
256204 2
256283 0
256341 2
256342 2
256184 2
256353 2
256398 2
256194 0
256402 0
256765 0
256157 0
278461 0
263018 0
286739 0
226071 0
193353 0
195565 0
026924 0
093595 0
256291 0
265210 2
265322 2
260000 0
260012 2
148262 1
148267 0
195234 0
266214 0
265662 0
288779 2
288780 2
195505 0
282665 2
282685 2
289576 0
148208 0
268600 0
264621 0
273664 0
286668 1
286704 2
111870 2
111869 1
085082 1
085068 2
085081 1
046055 2
087766 2
083568 1
080266 2
046342 2
050537 1
045776 1
082624 2
043632 1
043624 1
041485 1
078291 2
080022 2
059257 2
040906 1
040149 1
044154 1
065952 2
077613 2
029387 2
083230 2
029074 2
034760 1
100013 2
080450 2
084150 2
033626 1
030856 1
057700 2
155000 2
154998 2
030050 0
129692 1
067241 1
067255 1
004595 1
007605 2
051434 2
009038 2
001143 0
151682 1
162230 2
162298 0
012352 2
265676 1
269285 0
244411 0
057889 2
057882 2
003013 2
012582 2
134229 2
189482 0
000329 1
064442 1
064444 0
028289 2
075722 1
046637 1
057711 1
079747 0
115278 2
085253 2
085269 1
057024 0
099581 0
258017 2
116006 2
008726 2
079578 2
091902 0
009522 2
121981 2
111570 1
111582 0
083668 1
009523 2
135378 0
121982 2
064453 0
063289 0
170306 0
124325 0
232880 2
259246 0
012441 2
233217 2
233238 2
233237 2
233255 2
002094 2
232639 2
261227 2
084520 0
232637 2
232604 0
088011 1
281877 1
033174 2
033297 0
257527 2
258330 2
233710 2
262608 2
267185 0
262613 1
262625 1
262667 0
009401 0
263337 0
262717 2
262687 2
087542 1
164644 2
158262 0
008431 2
263008 1
141326 0
262710 2
084929 2
084888 2
262712 2
087559 1
263338 1
263377 1
087661 1
262731 2
262732 2
026892 0
087666 2
087725 2
087719 0
262702 0
141536 2
263571 2
263570 2
142105 2
135572 1
140353 0
008359 2
141305 2
162229 2
232586 2
052593 0
162228 0
232620 2
099248 0
128163 0
266988 2
256598 0
232592 2
232591 2
266991 2
267186 2
233791 0
267193 2
267195 2
267198 2
284669 2
284681 2
233803 2
233807 0
284693 2
286657 2
286735 2
238506 2
236157 2
239077 2
236253 2
244455 2
244462 2
267196 0
233809 0
139944 0
239076 2
244454 2
169983 0
244461 2
238505 2
233790 2
233808 1
233802 2
233806 2
241865 2
233820 2
242056 2
242065 2
219498 2
233821 0
200549 0
009521 2
121980 2
200762 2
245106 2
197921 2
197909 2
200721 2
169931 1
258329 2
257526 2
116786 0
279127 2
279130 0
244460 2
244453 2
241866 2
260212 0
242057 0
192001 0
260840 0
197910 2
197922 2
200722 2
200763 2
262679 0
067489 1
066998 1
067524 0
233805 0
267192 0
260081 0
070798 0
067746 0
155203 2
155029 0
193705 2
193790 0
064613 0
242066 0
103972 0
169984 0
193785 2
273090 0
193792 0
100452 0
144692 2
099323 0
243900 2
243901 2
243883 2
269364 0
263376 2
036212 2
200313 0
135376 0
131667 2
131683 0
067774 0
131669 0
155661 2
231928 2
231975 0
090596 1
132017 0
090622 2
022532 2
008057 0
286734 0
280498 0
062104 1
010555 0
193830 0
129930 2
090743 0
286368 2
056799 0
034554 2
034546 2
257021 0
087761 0
170311 0
289809 0
034692 2
039559 1
039522 0
243925 0
034377 0
071412 0
039498 1
123030 0
229648 0
288446 2
268459 2
288557 2
288447 2
170277 0
135542 0
256627 0
284855 0
204642 0
000020 0
281685 0
185196 0
279290 0
260920 0
035810 0
018482 2
128764 2
010348 0
188749 2
285088 2
148344 0
219696 2
042079 1
259332 2
168553 0
283164 1
283178 2
283473 0
078280 1
039473 0
045100 0
261909 0
267194 0
133095 2
264512 0
223119 2
087760 0
223135 2
243674 0
067081 0
009596 2
005390 2
140767 0
093883 2
093898 2
131742 0
095588 2
010042 0
109983 0
273144 0
100404 2
084391 2
257541 0
084237 2
084394 0
095472 0
109969 0
131591 2
104585 0
166819 2
131592 0
122708 0
112328 0
131054 0
146336 2
011743 2
088179 1
153500 0
281696 0
146479 0
170250 0
122669 0
196288 2
196289 2
154615 0
170182 2
230869 1
284692 1
001858 2
230855 0
064174 2
064168 0
192485 0
086454 2
086412 2
086411 0
094222 0
261131 0
148809 0
075064 0
200740 2
067745 0
094776 0
087543 0
078405 0
008060 2
121460 2
067243 0
156019 2
264514 2
211739 0
183599 0
090745 0
088844 2
088725 2
088523 2
264541 2
269445 0
012244 0
263829 0
229652 0
017746 2
129277 2
127092 0
244739 2
244568 0
067987 0
092902 1
065983 0
092912 2
186454 0
230868 0
228791 2
228913 2
267990 2
018392 0
023460 0
287092 0
095524 0
121257 0
184858 0
064632 0
029255 0
107840 2
131642 2
131648 2
107901 2
131675 0
085198 0
000912 2
094752 1
260019 0
094848 0
027994 1
131639 0
270839 0
159720 0
262624 0
022390 0
281606 0
257027 0
064508 0
022372 0
033401 0
265661 0
090968 0
183607 0
257028 0
232861 0
054993 1
024397 2
024385 2
024283 2
024280 2
045183 0
099588 0
052557 1
022335 0
091574 0
017255 0
223134 0
263828 0
187116 0
000972 0
170288 0
179244 0
137951 0
008778 0
046221 1
046173 2
046040 2
146709 0
140830 2
085015 0
226799 0
126997 0
111470 2
111481 2
233317 2
233307 2
174676 0
108768 0
001159 2
000869 0
223118 0
227632 2
227669 0
007443 2
063791 0
044935 2
012042 0
044661 0
264317 0
252654 0
227652 0
094049 0
045373 0
167951 0
111352 1
021844 0
121454 0
022338 2
063075 0
111867 1
267197 0
111785 0
286927 0
128289 2
045549 2
126942 0
045545 0
126950 0
279271 2
084918 0
279278 2
283799 0
129931 2
283887 0
111861 2
112003 0
286656 2
269733 2
087680 0
017701 0
000829 0
022258 2
226055 0
112037 2
279270 2
279277 0
200620 2
040977 2
046497 0
283798 0
257104 2
001997 0
283886 0
257188 1
235193 0
121453 0
192460 0
111880 2
287098 0
253496 2
259993 2
224042 0
253562 2
261191 0
233667 0
269350 2
277676 0
269351 2
269376 2
269373 0
269400 0
138728 0
131665 2
065766 2
260830 2
260934 0
131559 2
131560 2
131561 2
131563 2
131562 2
131029 2
130991 0
269297 0
131688 0
260960 0
094658 0
018330 2
165053 0
119260 2
119264 0
130965 1
268789 2
194086 0
131647 0
280852 0
264335 0
269298 2
227837 0
131712 0
147965 0
260022 0
131555 0
279242 2
279244 2
279292 2
044793 0
279713 0
098621 1
282759 0
169407 0
074976 0
060825 0
281192 0
279372 0
287097 0
259435 0
062522 0
090760 0
164929 0
130416 0
277932 0
005062 0
265700 0
186292 0
011270 0
228604 0
006972 0
130412 0
084884 0
255722 0
244882 0
034179 1
030651 2
119461 0
040963 0
044807 0
274846 0
253636 2
253718 2
051520 0
094307 1
094341 2
099649 0
287382 0
088552 1
035296 2
035351 2
000833 0
130379 2
035132 2
277983 0
204646 0
194883 0
227079 0
141032 0
033407 2
066306 1
033781 2
112504 1
203104 0
045575 1
256858 0
242470 0
045573 0
035419 0
045574 0
147736 0
128327 0
050611 2
286901 0
112291 0
115496 0
050346 0
032431 2
090237 1
022317 2
022331 2
008071 2
100461 0
022321 0
154578 2
154549 0
032367 2
067742 1
121261 0
067752 0
121467 2
045631 0
029055 0
143422 0
121455 2
063070 0
026891 0
098353 0
068226 0
076481 0
061005 2
233390 0
035394 0
067753 0
234223 0
058531 0
111397 0
059263 0
121285 0
090782 0
035779 0
138596 2
282310 0
121921 0
138597 2
267487 0
138757 0
131730 0
137953 0
065806 0
124631 0
138863 2
124048 0
030411 0
201097 2
283619 0
200723 0
199485 0
028010 0
261132 0
201295 0
008034 2
121430 2
076835 1
076423 2
223965 0
121372 2
007982 2
121386 2
124599 2
115970 0
133206 0
233464 2
127056 0
233460 0
255681 2
032965 0
255687 2
255698 2
255666 2
255622 0
112297 0
255719 0
255716 0
209943 2
079652 1
263521 0
124634 0
164532 0
078776 1
124632 0
124719 0
076887 1
131605 0
131577 0
272320 0
100581 2
109640 0
070565 1
103738 1
008591 0
007893 0
115026 0
061998 1
141044 0
169771 0
256597 0
117691 0
194999 0
021842 0
089703 0
071019 0
235389 2
235407 0
186473 2
044554 0
235539 2
171396 0
261133 0
079715 0
235504 2
081599 0
090781 0
069638 1
064077 0
085023 0
102811 1
054600 1
161097 0
154026 0
259449 0
259959 2
071174 0
036677 0
259555 0
066627 0
199797 2
140970 0
026886 0
011471 2
265629 0
006861 0
129623 0
066433 0
071024 1
092538 0
228127 0
006202 0
140550 0
045406 0
197028 0
104197 1
002430 0
104192 0
064783 0
071125 1
064614 0
060220 2
104298 1
071102 0
104275 0
065986 0
235195 0
110449 2
071022 1
110479 0
036412 0
093824 0
190201 2
104195 1
131754 0
102082 0
263575 0
221869 0
069732 0
154684 0
049375 0
121316 0
102905 0
139419 2
055517 0
082319 0
222554 2
140917 0
039458 1
161190 0
287698 0
195635 1
038777 0
000839 0
222533 2
130878 0
167845 0
211771 0
109725 0
273764 0
022365 1
023412 2
023413 2
023367 2
192183 0
143373 2
284492 0
195839 2
280885 0
022368 0
022355 0
037842 0
140033 0
228605 0
180188 0
138514 0
011367 0
040068 1
285499 0
029064 0
168883 0
010775 2
039544 2
256771 2
152134 0
000813 2
177821 0
097289 0
064224 0
260082 0
126566 0
171364 0
182209 0
142378 0
236112 2
236135 0
120490 0
198129 0
198402 2
279913 2
183337 2
148137 0
198462 2
183878 0
282550 0
124720 0
154556 0
182210 0
010902 0
267490 0
131557 2
131558 0
178184 1
256347 0
178154 0
174610 0
178147 0
094735 0
132019 2
132020 0
149447 0
169947 1
097160 0
183892 0
129685 0
224666 0
130309 2
130356 0
257621 2
244592 0
090817 0
233499 0
123830 0
096451 0
032970 1
048604 0
110544 0
260192 0
061340 0
268537 0
267981 0
122554 0
034602 2
034601 0
034432 2
157376 0
133078 0
067611 2
131030 0
262330 0
067614 2
211334 0
191203 0
131275 0
066984 0
137384 0
067652 0
192519 2
200819 2
110749 0
108716 0
040018 0
257533 0
221199 1
145302 0
048410 0
289584 0
279719 0
078237 0
035525 0
137592 0
195645 2
020313 0
027581 0
158564 0
131607 0
285006 0
065842 0
066677 2
157377 0
066694 1
200800 0
262740 0
060265 2
066650 2
066758 2
066790 2
066857 2
062833 0
200822 0
066385 0
094954 0
224519 2
224572 0
224677 0
224731 0
195845 0
075320 0
200764 0
224736 0
255736 1
224583 0
255675 1
174505 0
278030 0
131028 0
070910 1
104083 1
156427 2
156470 0
131467 2
131475 0
198370 0
012644 0
156469 2
244613 0
161074 0
108485 0
263326 1
131476 2
131410 2
191933 0
107831 0
131442 0
156629 0
082164 0
263321 2
044788 0
263320 0
087576 0
262973 2
051254 2
051133 0
045935 0
161099 0
262918 0
148026 0
160373 0
270786 0
029011 0
111082 0
009960 2
067655 0
133630 0
147440 1
063072 0
285667 0
070151 0
168734 0
108400 0
076862 0
131274 0
058860 0
143413 0
182205 0
083565 2
083566 2
000870 2
270794 0
252799 0
221198 0
061345 0
058532 0
011547 0
126175 2
022342 0
199950 0
042022 0
235967 0
148193 0
110262 2
110257 2
110254 0
177979 0
032506 0
148209 0
037013 0
112296 0
168720 0
037473 0
107876 0
000850 0
119864 0
230217 0
098871 0
233446 0
006883 0
140221 0
115096 0
110542 1
269354 0
258784 0
064062 0
177823 0
174578 0
087798 0
010350 0
029722 0
147391 0
223918 0
045216 1
024102 1
023709 1
024101 1
024044 1
094864 1
094867 0
182755 0
035529 0
150439 2
131635 0
118865 0
066364 0
045502 0
093810 0
199091 0
000822 0
042712 0
131733 0
231394 0
010844 0
078275 0
130863 0
061563 0
019556 0
098161 2
098180 0
157723 0
098268 2
159997 0
122768 0
067588 0
270262 2
227841 0
076955 0
081965 0
270289 2
270313 2
199225 0
281646 0
150327 0
068370 0
109467 0
000971 0
042717 0
170026 2
061045 0
069503 0
094243 1
046666 0
256609 0
127637 0
053746 2
094539 1
094472 2
255390 0
031902 0
091075 0
037048 0
122371 2
160648 0
162450 0
065981 0
264380 0
118533 0
010092 0
270312 0
256613 0
022341 0
159247 0
131273 2
122370 1
139061 0
122390 0
155850 0
014265 0
010034 0
270288 0
159719 2
022347 0
282761 0
011432 0
050081 2
050085 1
131613 0
157394 2
195566 0
159703 0
159686 1
181458 0
113269 0
267229 0
174560 0
083145 2
000519 0
083123 0
078580 0
061992 0
244306 2
244318 2
130201 0
052653 0
139360 0
001025 0
099797 0
198093 0
029966 0
277296 0
259574 0
096167 0
109466 0
055623 0
233508 0
256617 0
078540 0
066351 0
080832 0
169756 0
023953 0
011254 0
154589 2
145988 0
235194 2
087762 0
265469 1
102676 0
122553 0
265466 2
265479 2
154582 0
115987 0
125879 0
007834 0
117644 0
152473 2
152502 0
201420 0
152488 0
024105 2
024042 2
152491 0
137947 0
097636 0
289736 0
174519 0
175828 0
277345 0
260507 0
029251 0
033428 0
110309 0
254030 0
024392 0
140198 0
046911 0
235930 0
153373 2
154579 1
179160 0
024870 0
157262 0
104347 0
026888 0
243729 0
064616 0
132182 0
024047 0
085230 0
188106 0
145081 0
263111 0
262935 0
078345 0
143077 0
236391 0
194782 2
191191 0
194784 0
110996 0
194785 2
174468 0
197675 0
191157 0
113275 0
194805 0
224000 0
194814 2
160492 0
095673 0
024137 2
227840 0
087208 0
016895 0
137580 2
137598 2
039590 0
038372 0
024132 2
023996 2
192247 2
220008 0
023988 0
281140 0
024135 0
097873 0
026881 0
122742 0
023956 0
160718 0
061187 0
039345 0
258728 0
