145072 2
149718 1
139511 2
133893 0
139598 0
150011 2
150029 2
150037 2
150031 2
150019 2
150026 2
268368 2
268383 2
153100 0
266333 0
267191 1
267475 0
147702 2
192073 2
177674 2
177735 2
177759 2
145863 2
152884 2
152890 1
152896 1
188321 0
153984 2
153966 1
258702 2
165771 2
163379 2
177758 0
192069 2
256706 0
152504 2
193164 2
152505 1
156837 0
153674 0
265185 2
285262 2
285270 2
285273 2
285278 2
226019 2
152075 2
099728 1
100768 2
100742 2
237588 2
151207 2
150563 2
168530 1
168527 2
150921 2
261223 2
037176 2
159282 2
034925 2
035139 2
034924 2
037318 2
093247 0
037251 2
035590 1
277942 2
237587 0
277939 1
272064 0
149728 2
152030 2
151035 0
285261 2
285269 2
285272 2
285277 2
259343 2
208884 2
213033 2
243609 0
287875 2
041935 2
258910 0
002465 1
235287 2
131565 2
235248 2
235250 2
235256 2
150915 0
150027 0
169821 0
235328 0
003080 0
147120 0
259221 2
041934 0
019912 2
280878 0
213077 0
163186 2
163155 2
147414 1
163134 0
270198 2
191736 2
266380 0
191737 2
158296 0
233010 2
233026 2
019911 2
136850 0
155907 1
279957 2
056337 0
049376 0
225002 0
151888 0
136818 0
164470 0
177734 0
224125 0
128777 2
018475 2
128774 2
147353 0
259342 0
014308 0
165347 0
266837 2
266856 2
263670 1
014323 0
141772 0
140293 0
181728 0
170307 0
058144 1
058130 0
192966 0
137999 1
280360 2
280341 1
058080 0
190408 1
178095 0
217975 0
267298 0
289958 0
002820 0
001248 0
244528 0
163131 0
132226 0
256705 2
256708 2
116246 0
195404 0
043037 1
281446 0
038707 2
058216 0
043087 0
014327 0
128551 0
267189 0
160579 0
028370 0
264413 0
256709 0
132780 0
279824 2
279819 2
279829 2
058191 0
166230 0
022728 0
174824 0
286801 0
242242 0
272091 0
128385 0
152112 0
133191 0
175467 0
129035 0
272264 0
043080 0
033039 0
288132 2
288469 0
263662 1
263694 1
192108 0
242002 0
165420 0
234452 0
024029 0
170278 0
149391 0
177673 1
085633 0
114032 0
133167 0
065252 0
271273 0
175513 0
029743 0
147076 0
083221 0
185194 0
037767 0
157258 0
230420 0
131739 0
043090 0
167215 0
136219 0
238047 0
244393 0
235442 0
258124 0
253311 0
061197 0
279711 0
202105 0
041797 0
280829 0
149194 0
169636 0
286876 0
268619 0
258917 0
226219 0
149840 0
244604 0
163378 0
238043 0
132779 0
196808 0
144295 0
213514 0
244478 0
160297 0
268794 0
077911 0
235321 0
195364 0
153164 0
162693 0
259326 0
138374 0
252790 0
099668 0
