088377 0
286395 2
286399 2
286386 2
286396 2
286400 2
286382 2
285767 2
285768 2
285815 2
285825 2
285899 2
285887 2
244768 0
130439 0
271630 0
005506 2
120088 2
120069 2
120068 2
120058 2
203620 0
005772 2
120387 2
005643 2
279973 0
185897 0
185634 0
096698 1
096701 1
093922 2
093953 2
093977 2
093928 2
094023 2
093930 2
090603 1
090592 1
088417 2
088415 2
088397 2
088407 2
088379 2
088385 2
088383 2
089355 1
089341 1
089330 1
088766 1
088750 1
010889 0
074993 2
075013 2
089356 0
009419 1
121877 1
057286 0
007704 0
093987 0
081504 1
085625 0
131687 2
131709 1
077611 2
075738 2
000308 0
017960 0
090100 2
090190 2
095887 0
077733 0
090405 0
126596 1
147168 1
034684 0
197585 0
050368 0
075680 0
147167 0
009912 2
122256 2
111539 0
288803 0
071243 0
072268 0
150880 0
110778 0
017346 0
080312 0
115383 1
117973 0
114976 1
135443 0
004691 0
118899 0
115400 0
185214 0
095197 1
107749 0
065464 0
017311 0
115518 0
135034 0
072242 0
093894 0
053401 0
138058 1
184801 0
180663 1
047488 0
223983 1
224168 1
116392 1
116727 1
116349 1
008054 1
064937 0
040008 0
121883 0
117386 0
007607 0
192708 0
111749 0
231238 0
114877 0
115378 0
261876 2
023602 0
044497 0
013253 0
114974 0
092214 0
077598 0
244661 0
098568 1
098542 1
098901 0
168375 0
186961 0
088119 0
019394 0
134512 0
247680 0
055369 0
004768 0
108724 0
121897 0
052029 0
087868 0
116033 0
211838 0
097706 1
097747 1
097632 0
189509 0
100948 0
254384 0
033229 0
255012 0
220439 0
076631 0
075101 0
071308 0
077750 0
088363 0
084881 0
035266 0
000328 0
010412 0
273498 0
095242 0
002046 0
040024 0
077133 0
276190 0
004790 0
075834 0
026853 0
184920 0
095996 0
243744 2
243747 1
058162 0
067823 0
115515 0
009422 0
115344 0
217975 0
219308 0
096813 0
075078 0
116966 0
079226 0
060962 0
096621 0
045424 0
206271 0
142436 0
011349 0
117334 0
076690 0
287162 0
088036 0
284253 0
015438 0
121449 0
063339 0
251742 0
104416 0
040044 0
099941 0
282127 0
218020 0
104481 0
075336 0
046234 0
070428 0
050636 0
150205 0
135139 0
031737 0
004910 0
062859 0
186956 0
029425 0
147413 0
007247 0
114878 0
005075 0
244767 0
290010 0
142931 0
055514 0
007163 1
118721 0
118758 0
095224 0
098454 0
052026 0
124072 0
008202 0
069189 0
151118 0
