286272 1
286284 1
286273 1
286285 1
007096 2
112891 1
283431 0
259908 2
259912 2
261876 1
260139 1
260123 1
125938 2
014790 2
125937 2
186961 2
186956 2
177436 2
271118 1
269835 1
263037 0
237814 1
173708 1
286158 0
177927 0
280109 0
178283 1
285938 2
027498 1
254227 0
191743 1
191730 1
288012 2
191800 2
191846 2
062515 2
026004 1
026003 1
097341 2
097347 2
099178 2
099213 2
099347 2
288789 2
019356 1
019347 2
053532 1
278751 0
288786 0
053149 1
053147 1
050400 1
050290 1
029086 1
028881 1
050557 1
050487 1
050567 1
050515 1
029429 1
046800 1
046890 1
054314 1
053689 1
053972 1
053928 1
025623 1
029463 1
029466 1
085069 1
025164 1
039289 1
039287 1
053469 1
053300 1
055051 1
048687 1
050595 1
053211 1
050674 1
050571 1
053180 1
267034 1
267063 1
054477 1
054363 1
054399 0
059432 0
053210 1
053205 1
052689 0
054303 1
046386 1
283455 0
053267 1
046391 1
286617 2
053316 0
088968 1
088863 1
053100 1
053123 0
004200 1
288788 0
052810 1
053292 1
042924 0
082067 1
008997 0
144131 1
144144 1
015427 0
210687 0
054952 0
129362 0
054888 0
054229 0
283890 0
053907 1
054038 1
054169 1
054255 1
053213 1
053208 1
064251 0
108174 0
052142 1
008592 1
058832 0
050586 1
050579 1
057618 1
024451 1
054744 0
020734 0
285959 0
024431 1
024468 1
035205 1
026832 1
026825 0
139127 0
056786 1
131268 0
057171 0
048739 0
047185 1
047400 1
284274 0
054262 1
023590 0
051312 1
036502 0
051299 0
050996 1
050984 0
120907 0
195750 0
230911 2
050542 1
036054 0
052862 1
052846 0
054556 1
051016 0
053779 1
054113 1
083569 0
064252 0
024911 0
053708 1
086767 1
054870 0
178930 1
165415 0
086800 0
286124 1
286138 1
272888 0
283512 0
125314 0
084582 0
173317 0
028284 0
048921 0
042386 0
082922 1
077400 1
077388 1
000221 0
066409 0
279832 0
178501 0
285996 0
260436 0
092379 0
278756 0
053199 0
026991 0
268071 0
054048 0
054955 0
257562 0
284479 0
023574 0
005146 0
098314 0
029151 1
083557 0
028171 2
028172 2
121514 0
030119 0
023532 0
131212 0
224970 0
053519 0
058412 0
060879 1
129352 0
051048 0
196490 0
285647 0
158573 0
056870 0
165353 0
051830 1
010479 2
082889 1
079832 1
254226 0
021538 0
025534 0
278225 0
271620 0
065390 0
015131 0
053085 0
288787 0
279893 0
110285 0
088198 0
047770 0
059365 0
070348 2
103521 2
182419 2
052306 0
212001 2
204350 0
044157 0
079492 0
027006 0
108274 0
279780 2
279783 0
053075 0
008526 1
282019 0
093068 0
124506 0
074907 0
052338 0
204358 0
279841 0
004127 0
071465 2
104638 2
259980 0
274466 2
157127 2
157160 0
066403 0
123257 2
123149 2
052068 0
220084 0
014728 2
126368 2
126369 2
082856 0
129353 0
093120 0
186942 1
266636 0
189150 1
099552 0
057969 1
057972 1
170354 0
284287 0
169115 0
066812 1
000632 1
206821 0
068580 2
051056 0
070678 0
117885 0
233375 0
009658 2
234784 1
234729 1
124794 0
079313 0
237430 0
009401 1
052756 0
289754 1
011507 0
054110 0
083572 0
227153 0
176435 0
092399 0
196526 0
279836 0
067094 0
257511 0
196416 0
098252 0
017448 1
111311 0
067145 0
035498 0
112059 0
209083 0
051801 0
164307 0
085338 0
278867 0
257518 0
088160 0
045138 1
044668 0
001434 0
079010 0
256646 0
282704 0
086410 0
101140 0
034449 0
173874 0
069495 0
074739 0
095140 0
283244 0
024914 0
163076 0
021548 0
056968 0
093856 0
165274 0
278591 0
200346 0
243775 0
124482 0
091198 0
063568 0
162790 0
283631 0
209097 0
169116 0
065635 0
187869 0
129692 1
216287 0
100975 1
048919 0
004955 0
116343 0
230910 0
000329 0
040656 0
065771 0
130994 0
185368 0
017159 0
220152 0
083568 0
040794 0
220175 0
066174 0
131213 0
244940 0
020135 0
027570 0
054055 0
113256 0
041693 1
196523 0
116829 0
117797 0
064781 0
224282 0
277412 0
048542 0
036063 0
052288 0
070598 0
018053 0
220538 0
085081 0
012582 0
244781 0
110286 0
080322 0
086310 0
229731 0
185340 0
177907 0
266208 0
139542 0
121553 0
158574 0
226141 0
035091 0
272004 0
102668 0
071064 0
051621 0
224940 0
255303 0
141217 0
