222411 0
206534 0
015842 0
051209 0
139552 0
124761 0
162602 0
051194 0
178482 0
216411 0
231729 2
231734 2
288056 0
221708 1
200983 1
199560 1
201081 1
200969 1
201400 1
201255 1
201258 1
200476 1
221913 2
221911 2
219516 1
219493 1
222073 1
222127 1
219549 1
222234 1
222235 1
219182 1
219135 1
197356 1
191748 0
217215 1
220010 1
220015 2
220016 2
219995 2
219972 1
219768 1
219756 1
077374 0
230837 1
208102 0
211241 1
162992 0
218890 0
275418 0
265165 0
276206 1
142145 0
222155 0
115527 0
053112 0
230810 0
243426 0
078158 0
280647 0
219942 1
225941 0
221868 2
221861 1
219767 0
225150 0
139169 0
269301 1
260871 1
260904 1
263369 1
260971 1
260972 2
260973 1
260990 1
261018 1
261046 1
262159 1
260991 0
164504 0
270824 0
262452 1
065268 0
083067 0
173060 0
032794 0
244513 1
244521 1
207981 0
163027 0
279544 1
236826 0
022682 0
276205 0
243227 0
279543 0
264409 0
163233 0
225425 0
200517 0
219292 0
019053 0
266211 0
223288 0
221693 0
045809 0
095941 0
223679 0
151200 0
029261 0
265799 0
139836 0
004670 0
059140 0
221740 1
219661 1
205443 0
095209 0
280206 0
220679 0
261019 0
219510 0
217978 0
284943 0
262158 0
209055 0
281366 0
261313 1
261311 1
058295 0
164492 0
116849 0
191747 0
162643 0
230849 0
050936 0
115807 0
142184 0
214259 0
141793 0
279792 1
279788 1
221875 1
221770 1
083018 0
269643 0
261047 1
028855 0
268220 0
029503 0
006243 0
275710 0
217636 0
225421 0
198035 0
134320 0
220066 1
219918 1
220065 1
040992 0
039042 0
162525 0
032836 0
198220 0
278307 0
219763 1
258542 0
258445 0
019237 0
220067 0
262792 0
288057 0
229563 0
278805 0
211870 0
266724 0
045890 0
006703 0
048603 0
243351 0
264031 0
056316 0
022401 0
266216 0
028845 0
198245 0
