238411 0
233640 0
269056 0
082766 0
266911 2
266308 1
266333 1
266375 0
266378 1
264605 0
266377 0
268383 0
253728 1
253658 1
253750 1
254619 2
254612 2
260528 0
249140 0
255441 1
255415 0
230163 0
253060 0
272264 0
231857 1
231245 1
231159 1
231163 1
231166 1
231211 0
197226 1
197225 1
238924 0
196091 0
236366 0
256565 1
256563 1
255934 2
255945 2
255948 2
255947 1
255944 1
255933 1
284588 0
233670 0
237246 0
255830 0
254778 0
220423 2
220465 2
220420 2
220483 2
220484 2
230770 0
196905 1
214158 2
214163 2
214144 2
158025 0
215719 0
171700 1
171709 1
171708 1
171674 1
171667 1
171673 1
254768 0
225614 0
195482 1
176947 0
199784 1
199759 1
199777 1
199803 1
199804 1
199745 1
199491 2
223029 1
223028 1
223031 1
223019 1
220112 2
223022 1
199778 1
223023 1
205360 1
219128 1
253896 1
222593 2
219118 1
253886 1
253883 1
222592 2
196301 0
224828 0
272657 0
213979 0
204547 2
203701 1
218536 2
204937 2
204651 2
250905 0
201513 2
220383 0
219595 2
196998 0
246421 0
244696 1
223325 1
230436 2
230409 2
221598 0
256618 0
219117 0
200380 1
200375 1
192997 1
197885 2
192939 1
170993 1
270247 2
270249 2
233293 1
281452 1
233323 1
280266 1
256926 0
252789 2
252870 2
213686 0
235732 0
256555 2
278925 0
275836 0
201928 1
196602 1
192846 1
255359 0
196578 1
196355 0
199086 0
221880 2
229912 0
264983 0
215475 0
138350 1
271342 0
018195 2
128964 2
182984 0
150514 0
193071 2
193069 2
237515 2
151726 0
196886 2
199839 2
279720 0
197365 2
197336 2
224126 1
224124 0
213872 0
245035 0
197822 2
197819 2
173785 2
115046 0
250880 0
224094 1
180090 0
139289 0
173789 2
197728 0
224096 1
199811 2
196095 2
199809 2
192783 2
192731 2
131685 1
253020 0
277942 0
211720 0
196802 2
263117 2
202756 0
250120 0
275837 2
275773 0
256058 0
177419 2
177418 2
194089 0
177416 2
177403 1
214487 0
199253 0
177432 2
281372 0
207424 1
206181 1
153213 0
270248 2
199808 0
232598 0
270246 2
151660 0
196073 0
202653 0
273727 0
258702 2
258909 0
139789 0
219124 0
131696 2
254751 2
131700 2
254707 2
253604 2
254747 2
131713 2
131701 2
002207 1
133368 2
131609 2
131611 2
131608 2
131600 2
131587 2
131588 1
131790 2
131772 2
131884 2
133019 2
131876 1
133308 0
143182 1
131661 0
143165 1
131578 2
131575 2
131570 2
131574 2
131576 2
142750 2
130952 2
142751 2
142745 1
144128 2
144270 2
142691 1
130088 2
144271 2
131763 2
130092 2
144100 2
264721 0
130167 2
143960 1
143927 2
143938 2
131761 2
143958 2
143467 2
143415 1
143421 2
131748 2
143420 1
140262 2
129729 2
140220 2
129807 2
139765 2
138983 2
129808 2
129880 2
140176 2
140186 2
130860 2
129834 2
129849 2
139727 2
139522 2
139396 2
130871 2
139517 2
139399 2
129712 2
139314 2
141101 2
138405 2
139296 2
138981 2
194954 2
130864 2
141131 2
139211 2
132060 2
141100 2
144582 2
141082 2
138915 2
130877 2
138931 2
130898 2
138943 2
138913 2
132044 2
138867 2
138803 2
135019 2
134997 2
134905 2
130844 2
138816 2
133670 2
133812 2
138854 2
002927 2
144569 2
133660 2
138843 2
002886 2
132821 2
138810 2
002765 2
144617 2
132786 2
132780 2
144564 2
133638 2
002682 2
132779 2
006573 2
134093 2
134068 2
138797 2
134830 2
134895 2
144556 2
134064 2
002928 2
134073 2
133984 2
144810 2
003607 2
134837 2
132693 2
133944 2
138973 2
132694 2
002889 2
134000 2
134832 1
131925 2
133999 2
132446 2
130243 1
140263 2
130244 1
133980 2
138848 1
002890 2
134896 2
132655 2
136686 2
132678 2
130230 2
132459 2
144853 2
130251 2
130253 2
130257 2
137392 2
002741 2
136638 2
144954 2
138767 2
132419 1
144956 2
130280 2
006734 2
144650 1
139726 0
140394 2
130265 2
144948 2
139067 2
145922 0
144060 2
002264 0
144724 1
144952 2
144945 2
010966 2
133780 2
144048 2
115297 2
144054 2
144935 2
144053 2
132431 1
069824 2
133779 2
144722 1
006634 2
144721 1
102997 2
123283 2
133794 2
144632 1
144725 1
132642 2
013779 2
133755 2
132644 0
144968 2
136931 0
178351 2
136475 0
002447 2
114660 2
141345 2
138632 2
114662 2
138990 2
178089 0
123302 2
138636 2
069567 2
102740 2
141332 0
138525 2
138955 0
069628 2
102801 2
069649 2
102822 2
194176 2
144590 1
144164 1
143317 0
129994 2
129014 2
006435 2
132639 0
238035 0
130487 2
018274 2
129937 2
129987 2
129934 2
129809 2
137299 2
129989 2
128911 2
129019 2
129992 2
006417 2
130491 2
132554 1
130116 0
144183 1
194219 2
194183 2
006624 2
137183 0
130497 2
131805 2
012079 2
130909 1
144175 1
131799 2
138769 2
122892 2
130495 2
130511 2
130518 2
147423 2
147416 2
109034 2
147406 2
132386 0
138749 2
006436 2
138394 2
139758 2
138686 2
161721 2
130522 2
130704 2
158169 0
130696 2
138508 2
144135 2
139134 1
009964 2
130698 2
138390 1
130711 2
138393 2
141169 2
147609 2
139763 0
138503 2
138748 2
006299 2
140972 2
006608 0
147614 2
138498 0
138575 0
140960 0
147589 2
138507 1
139198 0
143408 2
008264 2
085633 2
112720 0
150966 0
132559 1
015179 0
139987 2
147720 2
147566 2
006472 2
205351 2
205350 2
138496 2
037084 0
140973 2
130454 0
131565 2
099474 0
161269 2
139977 2
148166 2
139965 2
147360 0
131726 2
012785 2
146129 2
017632 1
129379 1
129452 1
131717 0
129355 1
132384 2
129372 1
129371 1
129375 1
129376 1
129447 1
129378 1
129373 1
129374 1
129381 1
129441 1
129456 1
129434 1
144160 2
129448 1
195404 2
232406 0
195378 2
144134 2
195349 2
195236 2
195228 2
131580 1
195317 2
006388 2
117348 2
226533 2
130228 0
117144 2
117375 2
117370 2
138486 0
226463 2
260672 0
226421 2
195204 2
133182 2
151698 0
115341 1
133191 2
133169 0
137072 1
157909 2
115349 1
115354 1
136933 1
115381 1
101245 2
135993 0
254773 0
101241 2
006064 0
101246 2
101243 2
101252 0
177430 0
196009 0
140920 0
006369 2
239901 0
132555 1
132543 1
132166 1
136168 0
132147 1
132159 0
220654 2
133167 0
196680 2
220660 0
155611 2
147404 2
132152 1
139846 0
189130 0
155610 2
255577 0
140848 0
093115 0
129127 0
141939 2
132150 1
131883 2
132153 1
202751 0
132148 1
131880 0
202104 0
152635 0
132146 0
150585 0
141915 2
010285 2
141912 2
139439 1
132643 0
150081 0
132145 0
122613 2
196522 2
196366 2
122612 2
196211 2
140369 0
132168 1
155759 0
141583 0
196210 2
097596 0
280878 0
243609 0
202757 0
258572 0
199203 2
132164 1
233638 0
134989 0
199174 2
000755 2
014308 0
132161 0
130061 2
194367 2
132160 1
101256 0
119284 0
211782 0
129901 0
150029 2
150011 2
150037 2
150026 0
167201 2
213570 0
150031 2
150019 2
167296 2
167297 2
167248 2
167146 2
232400 0
131663 2
150967 0
168168 0
013729 2
225970 0
067512 0
240617 1
240583 1
076131 2
145015 0
268368 0
080274 0
177438 0
125566 0
130337 2
217202 0
152790 0
130357 2
144747 0
130371 2
220506 0
130401 1
130477 0
129124 0
240145 0
112761 0
230097 0
091021 0
075967 2
144328 0
147065 0
199638 2
240616 0
137425 0
199604 2
131620 1
006302 0
114734 0
131612 0
222313 0
131614 1
141330 0
108974 0
130756 1
131621 1
158023 0
238303 0
131617 0
238097 0
133028 0
199876 0
131616 0
152927 0
138543 0
148064 0
158296 2
144420 0
130751 1
130722 1
166207 0
240136 0
115048 1
130824 1
130798 1
196670 2
197256 2
092325 0
198626 2
196668 2
198624 2
196661 2
196655 2
115051 0
198620 2
196646 2
240261 0
158363 0
196621 0
155578 0
198541 2
198537 2
136929 0
199075 2
199079 2
199090 2
198530 2
238207 0
160164 2
233904 0
064895 2
064885 0
058557 2
130758 1
018126 0
160208 2
162879 0
115802 0
135853 0
238033 0
138576 0
213024 0
007476 0
085175 0
147850 0
255186 0
010257 0
202071 2
131865 0
260570 0
138891 0
111820 0
144345 0
200687 0
131084 2
008642 0
131138 2
131228 2
131013 2
168267 0
163692 2
131235 2
141986 2
222862 0
018134 0
017540 0
072255 0
200540 0
143316 0
197544 1
101352 0
140037 0
155222 0
190459 2
257879 0
147086 0
250808 0
190473 0
152620 0
147982 0
190470 2
132503 0
202105 0
202755 0
131028 0
092694 0
139718 0
148775 0
161997 2
095708 0
161993 2
261139 0
197679 2
008865 0
135877 0
037387 0
243735 0
150915 2
157805 2
137458 0
197674 2
150077 0
255923 0
194412 2
194616 0
239906 0
256503 0
198333 2
134642 0
222299 0
198339 2
198312 0
147055 2
215692 0
130570 0
018127 0
150934 0
253856 2
253827 2
253844 2
194642 0
253847 2
227023 0
155497 0
178091 0
198307 0
117436 0
099857 0
193696 2
225555 0
241271 0
140380 0
010255 2
241647 1
241658 1
122582 2
122559 1
122509 0
115985 0
241816 0
101385 0
145928 0
130237 0
017038 2
289519 0
133677 0
079631 1
201197 0
135216 0
079638 0
102075 0
165442 0
129054 0
157512 0
138952 0
191888 0
199269 1
196331 0
138656 0
196025 0
150512 0
199268 1
124819 0
223369 1
071812 0
197863 2
197865 2
133015 0
193164 0
256122 0
076670 0
200458 2
258499 0
138427 0
005969 0
199239 0
148903 0
002542 2
158022 0
002509 0
198304 0
196941 2
196928 2
132457 2
084138 2
084119 2
195999 0
149728 0
139837 0
240494 0
195433 0
222160 0
129686 0
159833 0
124726 0
077514 0
136916 0
232777 0
155508 0
210601 1
008887 0
288441 0
012900 0
010353 0
143407 0
075574 2
091012 0
162711 2
075759 2
075516 2
263564 0
075838 2
075502 2
075749 2
075913 2
075837 2
167810 0
130351 0
163811 0
225583 0
115977 0
253930 0
131010 0
198353 0
178092 0
196356 0
133126 0
037581 0
242242 0
266709 0
157353 0
081539 0
059213 0
213514 0
193439 2
082920 0
168268 0
136825 0
198482 0
135215 0
058497 0
139341 0
255523 0
011792 0
148691 0
138491 2
077478 0
027818 0
238380 0
091099 0
183510 0
253631 0
133629 0
139456 2
139454 0
138422 0
138484 0
131860 1
131850 0
252539 0
138492 0
114722 0
269062 2
253573 0
268978 2
278863 0
161056 0
140814 0
269254 2
152878 0
269112 0
151652 1
269219 2
151649 1
008534 1
269138 1
222490 0
232150 0
151676 1
132129 0
112623 1
136170 0
269284 0
255274 2
112572 0
112596 0
140847 0
205250 0
151658 0
140822 0
202749 0
225613 0
197366 0
076019 2
161573 0
150073 0
189122 0
075989 2
105428 0
112570 0
140828 0
130309 0
137462 0
269037 1
018000 0
062967 0
159764 0
136914 0
138892 0
156127 1
268985 1
258822 0
098053 1
197527 0
147946 0
094765 0
231796 0
097944 0
201536 2
162243 1
162251 1
221908 0
142126 0
142119 0
225907 0
232631 0
010163 2
002937 0
197384 0
122454 2
168677 2
063084 0
162165 0
266877 0
168736 0
010227 0
198550 1
122308 0
170734 2
168327 0
152604 0
157282 2
269014 1
198643 1
157258 2
198691 0
170668 2
198692 0
246429 0
168740 0
252486 0
255453 0
191088 2
266707 0
191302 2
279957 0
196058 0
168774 0
224029 2
257309 0
210000 0
269022 1
224014 2
160247 2
139582 0
269363 2
114043 0
139964 0
269135 1
129109 0
224569 0
090819 0
269109 1
127885 0
220497 0
151646 1
127014 0
282633 0
241786 0
226018 0
223636 0
055325 0
139346 0
269742 0
254287 0
162183 0
160392 0
114830 0
192966 0
199408 1
269034 0
144406 0
132453 0
252463 0
199403 1
129126 0
166385 0
243630 0
192338 0
211471 0
197180 2
197176 1
197170 0
143405 0
199878 1
071913 0
199879 1
151048 0
199374 0
265046 2
152311 0
213841 0
194840 1
286301 0
009987 0
139654 0
262857 2
000715 0
262855 2
182440 0
111521 0
154218 0
269616 1
196769 0
243613 2
215247 0
092389 0
255088 0
132476 0
269604 1
254813 2
222067 1
254818 2
119240 0
241949 0
197966 1
076502 0
256635 2
256543 2
254786 0
140826 0
151047 0
131734 0
244395 0
269216 2
254812 2
093715 0
197930 0
269160 2
061675 0
256615 0
255275 0
263645 0
186030 1
256031 0
178095 0
115117 0
115160 0
163662 0
008730 0
168969 0
256706 0
132396 0
224517 0
004534 0
131030 0
130991 0
224562 1
224620 1
224628 1
166386 0
254774 0
254783 0
258573 0
222587 0
131572 0
136078 0
189772 0
140599 0
146988 0
143273 0
226924 0
289329 0
064545 0
233830 0
194177 0
251187 0
227203 0
141315 0
075061 0
275018 0
194130 0
226019 0
167791 0
192302 0
112654 0
258047 2
132662 0
196748 0
230101 0
209385 0
141342 0
258052 0
249523 0
179531 0
254779 0
163345 0
151641 0
129018 0
152553 0
004962 0
199875 0
211379 0
151813 0
100306 0
003475 0
242027 0
286295 0
201960 0
208355 0
122663 0
115725 0
229357 0
117146 0
252472 0
157352 0
211271 1
255087 0
190825 0
140730 0
224564 0
289855 0
234469 0
193276 0
115720 0
256314 0
252471 0
258885 0
158024 0
112228 0
122556 0
212162 2
189124 0
108494 0
132548 0
212167 2
017949 0
146805 0
211172 1
222788 0
201337 2
201474 2
201475 2
201603 0
182785 0
198368 0
155565 0
160959 0
203124 1
235792 1
101939 0
220628 0
182683 0
087548 0
213550 0
166716 0
194430 0
203131 1
173833 0
178097 0
155214 0
256449 0
071529 0
286583 0
085274 0
220377 0
148367 0
134919 0
269235 1
259404 0
271348 0
269234 0
135816 0
230276 0
003588 0
137461 0
201586 0
066816 0
251616 0
222787 1
255109 0
254784 0
274183 0
147076 0
289853 0
230090 0
231604 1
231486 1
231485 0
162184 0
194304 2
199376 2
238294 1
194312 2
194316 2
196579 0
213100 0
197932 2
197899 2
238312 2
121933 0
238308 1
042733 0
238319 1
196603 0
140598 0
144228 0
131940 0
009029 0
118579 0
225621 0
243649 0
006749 0
143970 0
217405 0
111509 0
252364 0
154874 0
196011 0
198346 0
097639 0
155909 0
268409 0
161744 0
142085 0
144376 0
281446 0
224125 0
112015 0
116466 0
117966 0
200686 0
152039 0
157705 0
259341 0
259587 0
069164 0
060019 0
161416 0
182760 1
194180 0
194875 0
150066 0
134012 0
182776 1
147414 0
192335 0
238311 0
132447 0
197390 0
092687 0
221444 0
155766 0
066088 0
255912 2
220566 0
227204 0
182110 1
249339 0
096179 0
177274 0
256694 0
071694 0
154230 0
196843 0
122585 0
257506 2
242976 0
268422 0
151065 0
190751 0
098361 0
111333 0
177244 0
278168 0
233401 0
151041 0
272729 0
232686 0
274163 0
256637 0
027786 0
160135 0
177283 0
141093 0
223581 0
196600 1
155572 0
196598 0
196586 0
135194 0
152616 0
161254 0
197532 0
153364 0
205591 0
143202 0
097187 0
151039 0
241381 0
018333 0
200962 2
191921 0
276249 0
229047 0
222009 0
076549 0
196314 0
196297 0
242713 0
129025 0
156501 1
156497 0
104867 0
200950 2
101097 0
155711 0
253139 0
148118 0
157465 0
150063 0
153409 0
140209 0
182623 0
137460 0
157466 0
112777 0
256709 0
130308 0
156462 0
136573 0
156464 0
129775 0
254806 0
119325 0
156463 0
132416 0
182434 0
286377 0
130567 0
042086 0
101924 0
091872 0
220630 0
132440 0
269737 0
024196 0
190230 0
129059 0
254787 0
227007 0
273723 0
191776 0
182686 0
246416 0
241818 0
112234 0
007519 0
129413 0
217340 0
136077 0
230263 0
220011 0
114066 0
221992 0
114032 0
143259 0
239263 0
182563 0
184063 0
274968 0
274565 0
233827 0
218842 0
093237 2
196309 0
272164 0
115165 0
230755 0
196730 0
278167 0
219956 0
231339 0
260936 0
142214 0
219752 0
112713 0
104702 0
241272 0
199473 2
138739 0
007318 0
122313 0
212006 0
227552 0
146746 0
241848 0
162534 0
220568 0
012384 0
114813 0
195381 0
200837 0
129940 0
105086 0
282822 0
111818 0
233298 0
212272 0
211473 0
003499 0
076236 0
251652 0
090844 0
242707 0
200919 0
154031 0
099847 0
262132 0
155908 0
205278 0
201791 2
142024 0
139884 0
260320 0
004426 0
062348 0
195268 0
194783 1
201566 2
201707 2
201712 2
201550 2
260527 0
196728 0
150860 0
256759 0
245034 0
264984 0
250537 2
072243 0
012396 0
250695 2
233972 0
097149 0
139345 0
234955 0
220962 2
220920 2
155713 0
289858 1
289870 0
070312 0
235265 0
281417 0
221404 0
135414 0
202693 1
210884 2
202690 1
141425 0
210882 2
194849 0
194843 0
224810 0
127714 0
243648 0
272724 0
220623 0
129140 0
230056 0
096893 2
118598 0
264952 0
255389 0
289854 0
256109 0
272704 0
150593 0
076134 0
226960 0
151665 0
239587 0
142111 0
174503 0
071665 0
152918 0
262753 0
190408 1
226315 0
256717 0
260525 0
150662 0
260945 0
213183 0
256079 0
230464 0
011454 0
007361 0
037829 0
229077 0
163267 0
011293 0
027913 0
286587 0
269041 1
104985 0
272468 0
268988 1
061673 0
241898 0
162395 0
178366 0
191780 0
258507 0
252876 0
168338 1
148116 0
282706 0
155579 0
079861 0
196940 0
168323 0
150071 0
011838 0
011438 0
008862 0
114965 0
273818 0
252468 0
138382 0
126261 0
194035 0
110931 0
225002 0
196841 0
221267 0
269383 0
097597 0
001416 0
194136 0
139706 0
147016 0
230192 0
221038 0
255404 0
259581 0
220341 0
085444 0
285980 2
193079 0
085440 0
124358 0
002681 0
165873 0
156077 0
122575 0
097216 0
105416 0
096295 0
278862 0
260423 0
097181 0
151445 0
158044 0
160262 0
230688 0
241273 0
136356 0
194493 0
132776 0
069357 0
224144 0
233026 0
211704 0
221415 0
161215 0
076663 0
041998 0
145915 0
229970 0
132996 0
176950 0
154871 0
262737 0
232257 1
011923 0
182809 0
194444 0
232727 1
233090 1
050860 0
232808 1
219547 0
233351 1
233091 1
233326 1
017965 0
233334 0
133566 0
096228 0
