278758 0
070284 2
103457 2
070151 2
103324 2
070059 2
103232 2
070056 2
103229 2
070061 2
103234 2
070085 2
103258 2
070108 2
103281 2
070010 2
103183 2
112385 2
111963 2
108202 2
097701 0
261760 0
041509 2
099086 0
114382 2
114462 2
114384 2
116573 2
146000 2
145974 2
097157 0
125036 2
131127 2
018552 1
128739 1
093948 2
094056 2
094046 2
094074 2
094081 2
096207 2
108817 2
096231 2
096201 2
096181 2
095986 2
095958 2
097817 2
097815 2
097857 2
097821 2
097808 2
109380 2
098366 2
109381 0
097925 2
099342 2
097920 2
041810 2
099357 0
097949 2
041953 0
101226 2
094020 2
093938 2
093973 2
094019 2
093941 2
093892 2
093931 2
093942 2
094008 2
094071 2
041917 0
004379 2
004171 2
098375 2
118512 2
098200 2
140247 2
096936 2
140355 2
140266 2
096894 2
094612 2
094558 2
118279 2
113717 0
101189 2
101190 2
094550 2
094564 2
094481 2
096648 2
018460 2
111268 2
111269 2
128788 2
095978 2
128871 2
128870 2
111293 2
096043 2
101876 0
128869 2
133661 2
097084 0
096003 2
004518 2
133721 2
139214 2
096002 2
094749 2
095882 2
094827 2
118728 2
138970 2
096049 2
094729 2
094698 2
093912 2
095032 2
094973 2
094068 2
092875 0
101255 0
138459 2
138468 2
138425 2
131994 0
119817 0
135085 0
187021 0
098499 0
094522 2
067592 2
093698 2
067615 2
094055 2
067563 2
067636 2
067649 2
094440 2
094054 2
068254 0
117575 2
095614 0
094051 0
094699 2
079654 0
078739 2
100279 2
078741 2
134919 0
078746 2
078271 2
100428 2
100245 2
100034 2
117703 2
100303 1
117708 2
100378 2
078772 2
117710 2
078778 2
098059 2
098097 2
108802 0
117564 2
098644 2
098629 2
098639 2
098777 2
098354 0
098784 2
098793 2
098070 2
117556 2
099092 2
099104 2
098029 2
096240 2
098021 2
098010 2
098020 2
098104 2
003267 0
097973 2
098028 2
098068 2
097345 0
097830 2
097974 2
138037 2
005062 2
095399 0
096209 2
119461 2
119260 0
096206 2
099515 2
133940 2
012267 2
004124 2
114151 2
118235 2
072263 2
105436 2
074433 2
107606 2
128747 2
061662 0
062130 0
196375 1
020886 0
141970 2
017303 0
118516 2
004419 2
092971 2
132568 0
099083 2
126999 2
006934 2
004409 2
120557 2
118566 2
261084 0
139721 2
243722 0
017937 0
119916 0
098324 2
140525 0
131137 0
095398 2
098321 2
098300 2
098302 2
099069 2
007361 0
099192 2
096401 0
095413 2
092536 2
093478 2
092937 2
091983 0
102061 2
094587 2
092554 2
098797 2
092542 2
092463 2
092526 0
123285 0
114205 0
101555 2
101412 2
098781 2
097696 0
133951 0
093940 2
093889 2
093853 2
093794 2
079580 0
074842 2
095659 2
143414 0
063264 2
063267 2
109421 2
063331 0
075008 2
181801 0
095937 2
095961 2
096033 2
111530 2
111511 2
074864 2
065101 2
063058 2
095638 2
065068 2
095600 0
065663 0
100464 0
066285 2
087982 2
099790 0
100286 2
109982 0
145310 0
111259 2
100266 2
100241 2
088008 2
110452 2
058019 2
087998 2
087986 0
098179 0
002717 2
114654 0
132464 0
007411 0
093802 2
095965 2
095941 2
098362 2
098360 0
004198 2
011334 2
110609 2
108400 0
156664 0
122716 2
122714 2
122712 2
122708 2
122690 2
155289 2
102108 0
064517 2
243192 0
092794 0
095524 2
095234 0
099121 0
071453 2
104626 2
098045 2
098335 0
256268 2
068298 0
056274 2
256266 2
256264 2
056677 2
048069 2
256259 2
079592 0
256244 2
048075 2
209680 2
094209 2
155568 2
094178 2
230760 0
155560 2
065686 2
108127 2
202877 2
063759 2
202878 2
202529 2
065032 2
132001 2
131999 2
151732 2
131996 2
148908 2
131993 2
094852 0
120430 2
005817 2
120432 2
131020 2
131016 2
258755 2
131014 1
001235 0
131505 2
128136 2
131482 2
131460 2
131490 2
131493 2
060968 2
060971 2
176683 2
144337 2
005703 2
164649 2
176680 2
120323 2
164635 2
141038 2
071377 2
140978 2
268459 2
057700 0
140980 2
071364 2
099792 2
194511 2
110617 0
104550 2
111735 0
104537 2
162048 2
152489 2
099295 2
149293 2
007437 2
120948 2
152457 2
152492 2
152334 2
135685 2
152337 2
133912 2
266984 0
097344 0
133919 2
133920 2
133773 2
099293 0
152115 2
142538 2
117639 2
017676 2
129322 2
095225 2
095228 0
233721 1
146800 2
199217 0
163927 2
065895 2
224903 2
065912 2
065856 2
165225 2
224901 2
064258 0
193910 2
193987 2
224690 2
224816 2
224894 2
224748 2
224743 2
224815 2
224741 2
224893 2
224759 2
234100 2
017392 2
098342 0
120928 0
129516 2
017318 2
179523 2
129572 2
130291 2
199021 2
033372 2
279290 2
130292 2
130318 2
017314 0
167959 2
006972 2
120597 2
144461 2
243927 0
164228 2
144448 2
142421 2
163725 2
164156 2
157676 2
275361 2
163724 2
163730 2
119264 2
070076 0
132566 0
163727 2
036482 0
163739 0
260347 0
117907 2
133015 0
162959 2
163061 2
117927 2
162985 2
144447 2
164910 2
144446 2
155575 0
201732 2
153606 0
144464 2
158158 2
144519 2
163208 2
261063 2
150615 0
101989 0
009607 2
122050 2
165988 2
166008 2
116551 2
244452 0
116967 2
064669 2
117163 2
220815 0
136103 0
190412 0
261057 2
261068 0
145059 0
143423 2
177516 2
058026 0
116110 0
137329 0
242819 0
001997 0
177027 0
143418 2
092615 2
009871 2
122229 2
000972 1
092601 2
001887 2
101633 2
101635 2
115496 0
110351 2
101669 0
281621 2
002762 0
138447 0
158238 0
007217 2
120594 2
257559 2
257540 2
120778 2
000920 1
120708 1
257539 2
001120 0
033125 0
257534 2
159802 2
007726 0
010349 2
159806 2
159879 2
122671 2
159878 2
148809 2
159884 1
129155 0
085081 0
159886 0
192455 2
138528 2
009409 2
138516 2
153562 0
121867 2
177947 2
192032 2
001228 0
119474 0
069740 2
177952 2
179214 2
102913 2
126367 1
178726 0
163741 0
001778 2
011266 0
261062 0
130164 0
121859 2
162409 2
052093 0
143222 0
113262 2
093951 0
272041 0
010774 2
065986 0
066294 2
018134 0
083309 2
069762 0
007056 0
079190 2
083328 2
083343 2
079227 2
136132 0
189346 0
171578 2
171512 2
171511 2
171491 2
280215 0
142511 2
079079 2
108731 2
108729 2
170092 2
169455 2
142521 2
134639 0
083156 0
108710 2
189892 0
010474 0
099271 2
160139 0
237341 2
223292 0
151154 2
151373 2
142387 2
142394 2
151160 2
064817 0
137110 0
151168 2
142441 2
162827 2
090497 2
018112 2
162829 2
219542 2
149696 2
129046 2
129074 2
061265 0
163062 2
162986 2
129078 2
117713 0
101209 2
090713 0
236593 0
189164 2
201468 0
168732 2
152714 2
168733 2
153281 0
164606 0
164548 0
144444 0
130398 2
095217 2
220609 0
001203 0
189169 2
128183 0
189162 2
189161 2
189160 2
233730 0
093114 0
007759 2
131746 2
095230 2
121183 2
075588 2
131985 0
016714 0
186742 2
155996 2
148104 2
075609 0
186703 0
146071 2
149617 0
100447 0
090825 0
159721 2
098315 0
058856 2
128152 2
076870 2
159716 2
111377 0
159666 2
139416 0
199741 2
259558 0
160190 0
095423 0
234884 0
077026 2
062701 2
077029 2
098946 0
130169 0
078325 2
069170 2
102343 2
233769 0
168705 0
139690 2
099878 2
017740 2
137519 0
195952 2
129280 2
177529 0
078237 2
212419 0
099834 2
078345 2
078404 2
078236 2
099731 2
099730 2
099786 2
079747 0
195950 2
195935 2
142622 1
198524 0
085206 0
131423 0
086601 2
159722 2
011947 2
083900 2
085261 2
238700 2
187313 0
084144 0
085285 2
132366 2
141550 2
098292 0
076093 2
094380 2
156661 0
092070 2
085623 2
169567 2
141249 2
092249 2
236358 2
263626 0
085591 2
094388 2
178545 0
093856 0
008402 2
236564 0
161920 0
096685 2
084521 2
098160 0
017743 0
256483 2
094758 2
084690 2
084692 2
084712 2
084711 2
084707 2
087602 2
094754 2
084714 2
094949 1
116747 0
094368 2
083219 2
035984 0
094369 2
083222 2
083253 2
251229 0
094385 2
086487 2
083254 2
014406 0
094244 2
068637 0
095526 0
094379 2
099273 0
088978 0
083279 2
094377 2
094378 2
138287 0
156303 0
142106 2
076285 2
197193 2
197191 2
261688 0
092710 0
018362 0
288941 0
197197 2
094752 2
132567 0
258512 0
094848 2
085204 0
067216 2
019161 0
266398 2
083220 2
232460 1
001054 0
006872 2
120500 2
199699 0
086015 2
083854 0
287256 0
133208 0
162429 2
064514 0
138878 2
084634 2
142650 2
129279 0
086138 0
142636 2
088638 0
095432 0
071710 2
159093 0
088441 0
104883 2
071684 2
132045 2
104857 2
072189 2
109713 0
084649 2
062156 0
233731 0
105362 2
084631 0
084628 2
219441 2
251427 0
112134 0
094232 0
007070 0
084626 2
084629 2
124914 2
169549 0
084237 2
095424 0
219372 2
219476 2
280216 0
131498 2
219420 2
101875 1
268490 2
131510 2
084391 2
084394 2
131495 2
131501 2
101868 0
133746 2
271292 0
009233 2
257529 0
138444 0
121709 2
098801 2
086283 2
007940 2
268829 0
121353 2
098779 2
197138 0
189910 2
119744 2
009919 0
189923 2
108806 0
112754 0
129223 2
005284 2
083322 0
017936 2
129156 2
119743 2
129224 2
130081 0
017845 2
126897 2
119753 2
119772 2
001775 0
141527 2
119139 2
119559 0
129222 2
129219 2
119158 2
084567 2
140197 0
084568 2
098453 0
084566 2
084559 2
226799 0
084558 2
096761 2
010253 0
194936 0
098620 2
126898 2
119213 0
120924 0
165313 0
159101 2
096656 2
092644 0
149212 2
098529 2
087980 0
235939 0
098633 2
098525 2
112868 2
142475 0
012499 0
149318 2
252922 0
182823 2
142003 0
083899 0
098508 2
060989 2
096061 2
149319 2
125023 2
173180 0
125021 2
114207 2
146719 2
060995 2
189109 0
084041 0
100751 2
095579 0
064162 2
064198 2
179518 0
005404 2
060988 2
064203 2
097481 0
005707 2
181536 2
064219 2
100758 2
145064 0
092636 0
120328 2
100741 2
131292 2
099647 0
071970 0
097333 2
155212 0
119951 2
097335 2
097895 0
065858 2
240635 0
119685 2
281036 2
281187 2
001330 2
281012 2
280972 2
280920 2
114208 0
169282 0
005543 2
065854 2
067847 2
070319 2
119701 2
120122 2
012237 0
103492 2
070323 2
001767 0
109293 0
102009 0
103496 2
070364 2
095006 0
103537 2
066154 0
190371 0
228778 0
004400 2
092951 2
198007 2
070100 2
103273 2
070424 2
070285 2
103597 2
124355 0
070117 2
198038 2
197928 2
176677 0
118544 2
103458 2
197893 2
103290 2
118529 2
070114 2
118542 2
103287 2
062157 0
085165 0
092934 2
070494 2
070341 2
119236 0
103514 2
196067 0
103667 2
070450 2
103623 2
283164 2
166779 0
070390 2
283178 2
279608 0
103563 2
184854 2
184858 0
284367 0
228333 0
201334 0
142540 0
005152 0
175594 2
139541 2
283473 2
139618 2
139619 2
137450 0
115846 0
128216 2
128167 2
052300 2
231476 0
138061 0
002281 0
011993 2
270839 0
184857 0
126366 0
091445 0
145375 0
095404 2
187114 0
051651 0
085103 0
112328 2
005176 0
095303 2
108711 2
095826 2
159801 0
052272 0
067094 0
095347 2
052305 0
108730 2
158434 2
158390 2
132135 0
099176 0
108732 2
070582 2
086828 0
094229 0
142617 2
103755 2
235950 0
091286 2
108624 2
091317 2
128937 0
146128 0
181843 0
101791 2
083323 2
142410 1
142637 2
083329 0
122509 0
134798 0
092891 0
116147 0
091352 0
255889 0
097742 0
130134 0
005432 2
123315 0
119989 2
132614 0
063851 1
144933 1
220574 0
100549 0
251259 0
063850 2
083226 0
110454 0
059452 0
060902 2
198142 0
093015 0
147909 2
010265 0
014334 0
127149 0
090133 0
153527 0
258492 0
017589 2
147835 2
098208 0
002414 1
129394 2
144990 2
129397 2
070148 2
095874 0
064516 2
103321 2
094389 2
116746 0
154224 0
070343 2
158750 2
013745 0
103516 2
063416 0
005187 2
119632 2
076683 2
138363 2
138306 2
094387 0
119577 0
138334 2
138336 2
094832 2
081142 0
063418 0
183235 2
028838 0
002844 1
079071 0
094390 2
086603 2
095448 0
145372 0
225544 0
095084 0
093804 0
137006 0
094381 0
075341 2
176756 0
149679 0
075324 2
094490 0
173653 0
048659 0
009818 0
199448 2
199462 2
018169 2
078530 0
069841 2
129316 2
017702 2
129308 2
103014 2
129068 0
266985 0
199420 2
114787 0
226243 0
220821 2
085248 0
146532 0
152784 0
144985 0
220835 2
128986 2
123979 2
069157 0
208821 0
075722 2
069757 0
132577 0
133887 2
131414 2
111794 2
249865 0
268175 0
067865 0
252749 0
131421 0
223192 0
060253 0
111762 2
123773 0
108040 0
138445 0
180514 2
141517 0
180465 2
189212 0
123281 0
132572 0
147441 2
096986 0
189080 0
147420 2
147443 2
194115 0
147422 2
234836 0
017875 0
127555 0
127087 0
058989 0
077763 0
128226 0
120890 0
020980 0
109960 0
066421 0
099776 0
090626 0
085090 0
009382 0
089198 0
086596 2
139877 0
086581 2
137945 2
281456 0
090584 0
086637 2
128215 0
252852 0
130660 0
183511 0
226587 2
168893 0
239627 0
137967 2
137910 0
226665 2
062946 2
112257 0
032198 2
122580 0
168103 2
062970 2
168117 0
086654 2
062988 2
063021 2
155213 0
062991 2
150863 0
063001 2
018674 2
119615 0
014186 2
137991 2
157024 0
169287 0
192647 0
090540 0
016861 0
086655 2
129585 0
086741 0
012609 0
160033 0
018469 0
066425 0
068431 2
114965 0
146966 0
068432 2
197136 0
098328 0
004538 2
143263 0
086776 0
102086 0
063415 0
262736 0
180160 2
182160 2
102935 0
180178 2
059455 2
083232 0
161919 0
287670 0
094346 1
098726 2
091338 0
094296 0
180167 2
161444 2
031144 2
098771 2
098848 2
031159 2
161412 2
161413 2
233425 0
001233 0
161400 0
281462 0
098707 2
068818 0
241136 2
267460 0
035811 0
175188 0
079743 0
027486 0
006383 0
193467 0
149386 0
148467 0
265484 0
135520 0
060859 2
097690 0
032221 2
131562 0
131413 0
032223 2
010261 0
123323 0
155191 0
058014 2
032224 2
219310 0
275779 2
147636 0
132000 0
058093 2
114814 0
058096 2
058050 2
145142 2
033181 0
202678 0
097843 0
085383 2
116149 0
087632 2
076297 0
145009 0
085355 2
032200 2
156206 0
087668 0
032328 2
032341 2
057979 0
070933 2
104106 2
071135 2
004565 2
034577 2
104308 2
032340 2
093573 2
015251 2
145156 0
044804 0
033115 2
015013 0
125486 2
180061 0
110582 2
110676 2
032401 2
033351 0
093565 2
033131 0
004507 2
092793 0
118714 2
110550 2
124691 2
083083 2
217314 0
124676 2
030579 0
280180 0
064244 2
281620 0
061054 2
179551 0
111632 0
102025 1
183072 0
121831 0
156660 0
033130 1
111127 0
060493 2
262790 0
119562 0
231762 0
085184 0
051632 0
175377 0
031972 0
119458 0
241537 2
060507 2
241468 2
066422 0
099248 0
241538 2
189117 0
039814 0
230587 0
097631 0
060505 2
124350 0
092715 0
100186 0
064820 0
109676 0
255632 0
131654 2
002688 2
145165 0
067902 0
098443 2
124927 0
159737 0
112280 0
150923 0
140276 0
000809 0
097222 2
288561 2
288510 2
142466 0
097743 0
097199 0
256057 0
284997 0
010318 2
230390 0
097198 0
081324 2
116148 0
000858 0
130654 0
168684 2
168685 2
058789 2
009689 0
101440 2
081330 2
178631 0
131986 0
085919 0
122637 2
181111 0
228310 0
093044 2
098281 0
170297 0
081320 2
092942 0
101437 2
099614 0
147680 2
147638 2
147674 2
137323 0
255861 0
128432 0
147627 2
147651 2
001861 0
147626 2
098441 2
242597 0
003265 0
098505 2
088908 0
098461 0
170710 0
098229 2
064317 2
098228 2
108847 2
098214 2
093182 2
108814 2
271931 0
108773 2
142123 2
048248 0
141978 2
101039 2
118121 2
094400 2
064285 2
010705 2
094245 2
094353 2
094432 2
118111 2
061502 0
097898 0
142059 2
272906 0
288756 2
118112 2
181966 0
288729 2
095786 2
260973 0
152591 0
133818 0
059978 2
138900 2
134146 0
052117 0
141213 2
280274 0
090502 0
058286 2
109125 2
058253 2
058264 2
122561 2
141180 2
138919 2
068505 2
122595 2
165897 0
109025 2
094525 2
059811 0
000105 0
033547 0
122547 2
122643 2
122665 2
010351 2
058301 2
058274 2
177695 0
122672 2
086802 0
122598 2
094355 2
109020 0
094319 2
214395 0
122654 2
109027 2
089215 0
068434 0
089981 0
062733 2
012795 2
146110 2
041144 2
099398 0
233930 0
109024 0
079302 0
121209 0
109021 0
011607 2
097272 0
122795 2
068916 0
095525 0
122798 2
146709 2
205055 0
099233 0
122794 2
011275 2
116772 2
067145 0
009708 2
109026 0
112401 2
032134 2
071499 0
121123 0
155235 0
122691 2
121128 0
252750 0
137413 0
006214 0
098450 0
093460 0
041079 2
031591 2
031604 0
078525 2
098411 2
032206 2
031478 2
148905 0
034626 0
033107 0
027448 0
271476 0
061219 0
220319 0
280136 0
080585 0
086638 0
092199 0
263934 0
086157 0
032338 2
090236 0
013609 0
061379 0
067893 0
032407 2
126771 0
058505 2
146514 0
122195 0
098497 0
097137 0
018560 0
110896 0
188211 0
031968 2
052084 0
002384 2
064547 2
278519 0
112821 2
224040 0
048118 0
182023 0
244562 0
112806 2
145118 0
112834 2
059144 0
093613 0
155236 0
099649 2
059160 0
095934 2
112769 2
133891 0
095935 2
095933 2
099588 2
192495 0
099581 2
068448 0
095938 2
194999 0
095962 2
180059 0
229599 0
094075 0
090835 2
064971 0
096070 2
095932 2
096032 2
095927 2
096083 2
099732 0
098588 0
092399 0
194521 0
017239 0
205910 0
061368 2
093409 0
052689 0
096797 0
112144 0
157032 0
128225 0
072021 0
061365 2
050158 0
118533 0
061364 2
145187 0
252455 0
132764 0
144974 0
032012 2
109093 0
094426 2
260644 2
061383 2
061385 2
144525 0
071412 0
212162 0
099992 0
098791 0
147724 0
098850 2
098593 0
098810 2
098873 2
023277 0
094442 2
080038 2
098847 2
098751 2
097077 0
074788 2
130209 0
090355 2
008085 0
074562 2
228987 0
244272 0
099334 0
098947 2
085145 0
011817 0
283102 0
098825 2
062865 0
143213 0
098824 2
095883 0
147697 0
090504 0
084945 2
233277 0
064145 2
086939 0
288653 0
188807 2
112773 0
086514 2
012477 0
284063 0
235247 0
016514 0
132365 0
148357 0
131997 0
046310 0
256056 0
121550 2
108061 0
117605 2
009130 0
195954 0
117563 0
018091 0
062298 0
098067 0
123788 0
141904 0
035190 0
060974 0
098575 0
169756 2
090002 0
097733 0
108100 0
092379 0
099089 0
239337 0
169786 2
097131 0
129810 0
169746 2
131145 0
079336 2
169787 2
156662 0
112951 2
112958 2
063528 0
062121 0
168553 2
079505 0
256590 0
119252 0
169771 2
169754 2
163536 0
169750 2
169744 2
006189 0
127166 0
274552 0
249894 0
253255 0
033081 0
184478 0
099382 0
046432 0
114971 2
058855 0
094235 2
167713 0
177685 0
189118 2
189290 0
058246 0
126827 0
129692 0
189196 2
070068 0
015363 0
114529 0
102330 0
068744 0
077762 0
098280 2
012090 2
097133 0
064982 0
098924 0
023165 2
035188 0
039735 0
198555 0
068422 0
092837 0
092973 0
032699 0
097414 0
256209 0
112002 0
095584 0
145074 0
190027 2
219985 2
033071 0
090613 0
096153 2
025364 2
166326 0
071022 0
198159 0
019308 0
044724 0
094228 0
062153 0
088919 0
133284 0
243958 0
050186 0
178560 0
168802 0
031995 0
114999 0
025359 0
234850 0
051629 0
017894 0
092503 0
102125 0
114915 2
096022 2
114863 0
095005 0
279714 0
259365 0
024488 2
067483 0
123732 0
125371 0
096026 2
064849 0
019266 0
024485 0
031477 0
153746 0
114911 0
071716 0
273924 0
062764 2
135475 0
116463 2
062765 2
032896 0
077315 0
081343 0
062767 2
010270 0
028352 0
219616 2
092033 0
258741 0
141773 0
147530 0
095405 0
280276 0
094364 0
230392 2
101978 2
096024 2
115979 0
096071 2
064510 1
101187 0
154698 2
237999 0
027902 0
135097 0
102038 2
004513 0
041198 0
098277 0
041481 0
085082 0
123984 0
119583 0
007756 2
063717 2
152105 0
112772 0
121178 2
161410 0
017612 0
114854 0
018831 0
071746 0
127955 0
114618 2
121950 0
114552 2
032036 0
114596 2
231577 0
131194 2
166231 0
094916 0
131198 0
157023 0
115150 0
050571 0
083225 0
034161 0
253210 2
103249 0
077163 0
130293 0
253178 2
182022 0
061345 2
145877 0
179751 0
097097 2
009267 2
061340 2
088478 0
128920 2
033664 0
009157 0
097101 2
099527 2
020954 0
098061 2
099401 2
094990 2
095165 0
122194 0
132602 0
257977 0
099521 2
098220 0
104585 0
083270 0
202627 0
097677 2
174527 0
015129 2
092410 0
253372 0
122607 0
271961 0
223745 0
059005 0
279015 0
093772 2
125610 2
093747 2
098409 2
190368 0
086693 0
060871 2
099405 0
233737 0
086725 0
019249 0
127546 0
213854 0
001307 0
101096 0
026685 0
189345 0
134713 0
194942 0
110298 0
187838 0
161443 2
004181 0
181808 0
161411 0
098056 0
015451 0
163505 0
156622 0
017116 0
107776 0
093645 2
278694 0
014616 0
098756 0
240630 0
140739 0
061832 0
113123 0
006236 0
101880 0
098446 2
146035 0
003745 0
187119 0
110350 0
110336 2
252109 0
194597 0
133861 0
091982 0
098054 0
130653 0
095804 0
127549 0
010302 0
111909 2
069174 0
098413 2
012582 2
113131 0
112295 0
201858 2
098972 2
079016 0
064218 2
044883 0
034795 0
098977 2
058390 0
147690 0
061144 0
260980 0
061045 2
133028 0
144254 0
061086 2
001194 0
000329 2
089953 0
006652 0
181572 0
064582 2
026640 0
211970 0
195007 0
098938 2
099824 0
061749 0
098893 2
251971 2
177523 0
006053 0
170112 0
210042 0
015608 2
132006 0
131610 0
280229 0
098937 2
095528 0
032205 2
041234 0
094344 0
067953 0
145099 0
192494 0
063091 0
094937 0
093202 2
196086 0
270229 0
188181 0
149166 0
071655 0
085442 0
004164 0
093276 2
193477 0
053539 2
172897 0
280090 2
197605 2
239459 0
151391 0
202695 0
016365 0
169781 2
197476 2
169797 2
065538 0
169798 2
148098 0
140748 0
098949 2
259772 0
181501 0
116424 0
063407 0
057882 0
079370 0
097792 0
149547 0
197502 2
088621 0
099343 2
060192 0
110315 0
233014 0
014791 2
062683 0
175706 2
243954 0
043611 0
194510 0
091395 0
058532 0
156888 0
240929 0
063490 0
197498 2
087943 0
029085 0
136763 2
197474 2
201811 0
156973 0
182963 0
188531 0
088044 2
265488 0
067984 0
096680 2
159451 0
109253 0
252052 0
094297 0
135036 0
093686 0
189173 0
050705 2
088043 2
063334 0
085068 0
009285 2
050699 2
197503 0
116685 0
011868 0
187856 0
256839 0
085839 0
071441 0
182846 0
168889 0
003375 0
089123 0
008273 0
094310 0
062992 2
120799 2
120779 0
120785 0
176930 0
150439 0
139688 0
044916 0
133828 0
017089 0
034498 0
139825 0
062972 2
099816 0
100462 2
149421 0
100571 2
094966 0
256130 0
078690 0
132025 0
100570 2
023093 0
100459 2
100449 2
108771 2
166059 0
169139 2
066732 0
181941 0
169140 2
152305 0
149767 0
013611 0
005594 0
110457 0
027226 0
250673 0
264335 0
134956 0
149468 0
240475 0
120792 0
162208 0
253328 0
069647 0
061186 0
068820 0
012615 0
009147 2
121639 2
079376 0
161100 0
039340 2
162209 0
122590 0
009125 0
239458 0
146534 2
066111 0
088917 0
126784 0
089089 0
139382 0
104672 0
241508 0
102347 0
157905 0
121156 0
121851 0
283878 0
198477 0
088977 0
225504 2
192808 2
192823 2
196637 0
231578 0
187577 0
132046 0
098131 0
141937 0
145968 0
110449 0
220653 0
141050 0
196740 0
041551 0
277403 2
272039 0
092395 0
219863 0
158710 0
225505 2
083434 0
165334 0
146520 0
225522 0
007919 0
096971 0
039277 0
223099 0
025940 0
008779 0
097759 0
102820 0
005320 0
095168 0
277349 0
273394 0
142006 0
008318 0
096983 0
001990 2
258918 0
258806 0
016483 0
065104 0
156898 0
167395 0
066306 0
281461 0
116394 0
260975 0
258090 0
075262 0
050079 0
232153 0
051658 0
187479 0
128011 0
003793 1
085425 0
032986 0
082982 0
188852 0
096340 0
182969 0
160418 0
066626 0
097474 0
011624 0
121822 0
039028 0
112092 2
088046 2
132050 0
123486 0
235769 0
095833 0
046239 0
145395 0
141318 0
196450 2
132709 0
095086 0
150395 0
092580 0
112096 2
042243 0
196446 2
145419 0
109092 0
009660 0
181611 0
235852 0
098381 2
090089 0
230643 2
266836 0
009414 0
148272 0
097711 0
089406 0
118661 0
107988 0
256922 0
141688 0
243194 0
127313 0
032502 2
154676 0
259094 0
039270 0
276334 0
178354 0
032485 2
031921 2
032450 2
032442 2
032446 2
051682 0
095394 0
112095 0
110484 0
096559 0
149548 0
029478 2
065901 0
098582 0
082453 0
006742 0
042341 0
063090 0
057024 0
086462 2
005859 0
032245 0
100273 0
169640 0
128476 0
122622 0
041207 0
095231 0
137556 0
004912 0
084682 0
150910 0
230742 0
012480 2
232821 0
058396 0
225948 0
270840 0
029520 2
046980 2
185519 0
095745 0
096087 0
252824 2
121113 0
101942 0
046905 2
197231 0
036246 0
127784 0
147714 0
166479 0
268171 0
287892 0
118109 1
115107 0
032568 0
177521 0
270223 0
118207 1
066262 0
091927 0
099205 0
149893 0
210746 0
122592 0
016666 0
232288 0
231770 0
009035 2
132260 0
097415 0
012862 0
150945 0
062867 0
077588 0
132765 0
145371 0
211232 0
009100 0
010608 0
221576 2
098820 0
285018 0
157039 0
221577 0
017448 0
087921 0
117382 0
098383 0
033595 0
243928 0
258138 0
100222 0
262570 0
067182 0
253373 0
031202 0
133885 0
002674 0
181962 0
149385 0
240466 0
053145 2
145149 0
121874 0
146533 0
130207 0
197720 2
064953 0
109299 0
141430 0
089986 0
090767 0
261763 0
220265 0
159729 0
058094 0
066376 0
148210 2
058366 0
281404 0
012662 0
096137 0
075845 0
148219 2
149840 0
092858 0
141444 0
015250 0
163720 0
232570 0
017304 0
231509 0
093874 0
123864 0
147844 0
164940 0
166337 0
223994 0
170306 0
148208 2
148298 2
063105 0
051673 2
092426 0
110455 0
220811 0
146910 0
093636 0
067834 0
261785 0
175379 0
095731 0
127698 0
104614 0
127443 0
261129 0
124543 0
061672 2
006630 2
148193 2
010555 0
101490 0
148209 2
018477 0
075260 0
196725 0
148618 0
060966 0
196861 0
178301 0
114577 0
051690 0
031945 0
075319 2
093054 2
019626 0
117683 0
093035 2
121341 0
093010 2
142986 0
023268 0
020986 0
212547 0
119825 0
052131 0
112496 2
108919 0
074443 0
107817 0
014329 0
019002 0
100457 0
094164 0
281458 0
206258 0
233770 0
068022 2
150254 0
259788 0
025131 2
145627 0
161639 0
160358 2
089087 2
260138 0
039424 0
016908 0
000781 0
148211 2
071178 0
148227 0
099289 0
138752 0
265209 0
067081 0
167992 0
254985 2
254710 0
117460 0
135484 0
052466 0
101220 0
224238 0
164909 0
144950 0
063855 2
075257 0
258017 0
059189 0
088909 0
188271 0
142105 0
254082 0
135076 0
006933 2
098075 0
097833 0
098738 0
120556 2
243041 0
137008 0
166482 0
132177 2
099761 0
191787 2
254873 0
163586 0
016766 0
099170 0
132171 2
132176 2
266392 0
044246 0
191915 0
029455 0
124574 0
123774 0
114843 0
058265 0
144674 0
238935 0
082319 2
038171 0
244438 0
268654 0
236927 0
076438 0
226152 0
126610 0
278696 0
062905 0
191798 0
191802 0
162238 0
107616 0
128729 0
256278 0
188308 0
183325 0
168907 0
109691 0
132190 0
184459 0
096918 0
012189 0
265210 0
029759 0
191781 2
056799 0
131833 0
029182 2
092575 0
124595 0
051774 0
150636 0
142319 0
191401 0
150027 0
279174 0
257919 0
198042 0
114263 2
051976 0
181471 0
029245 0
114259 2
146133 0
229753 0
191309 0
211233 0
110978 2
082580 2
127702 0
111783 0
043249 0
124658 0
146570 2
182099 0
127543 0
137171 0
063811 0
255295 0
148708 0
129584 0
017570 2
051986 0
011152 0
255270 2
086032 0
093570 2
109298 0
129401 2
262269 0
254881 0
058208 0
140005 2
014105 0
029044 0
134902 0
133219 0
058024 2
077894 0
087518 0
084676 0
158627 0
051723 0
271941 0
221324 0
139872 0
004378 0
230954 0
156326 0
069625 0
060191 0
099654 0
259615 0
149052 0
007253 0
125488 0
181971 0
023472 0
090765 0
193753 0
086062 0
256207 0
104889 0
278338 0
063135 0
099264 0
184355 0
082421 0
032591 0
065305 0
041694 0
258884 0
152785 0
237711 0
178319 0
023970 0
071788 0
122597 0
137895 0
154498 0
092088 0
065074 2
065096 2
144015 0
119545 0
030246 0
086315 0
147572 2
089088 0
145420 0
096757 0
148271 0
070757 0
034604 0
129208 2
147559 2
096766 0
129384 0
093668 2
004025 0
286317 0
226045 0
103930 0
147576 2
093148 0
251411 0
093659 2
132606 0
019788 0
138454 0
129258 0
069222 0
289483 0
157037 0
129147 2
134819 0
146957 0
061669 0
129136 2
129160 0
129171 2
086053 0
129139 0
129157 0
042351 0
110479 0
189195 0
063106 0
178422 0
129158 0
199783 2
267234 0
243191 0
139875 0
287677 0
149140 0
084458 0
160602 0
151512 0
157030 0
151236 0
111371 0
004154 0
170640 0
149534 0
108967 0
017964 0
015979 0
157582 0
120702 0
115757 0
101087 0
014518 0
241666 0
145634 0
010214 2
079652 0
112882 0
058199 0
052118 0
122531 2
221273 0
160146 0
039431 0
259085 0
108209 0
079718 0
129132 0
221579 0
086846 0
011474 0
149592 0
257600 0
066587 0
184351 0
129129 0
287902 0
219498 0
091563 0
036254 0
144692 2
008726 2
168686 0
044313 0
170250 0
012484 0
276311 0
081361 0
177602 0
097369 0
098167 0
114290 0
097807 2
273001 0
035822 0
152923 0
097749 0
189126 0
145417 0
061677 0
111257 0
130325 0
268172 0
198285 0
263979 0
039752 0
211348 0
238556 0
263337 0
173353 0
017664 0
089912 0
081480 2
093699 0
084829 2
001821 0
166483 0
244339 0
173447 0
081487 2
136006 0
004319 0
146074 2
157347 0
146043 2
083261 0
034541 2
034533 2
083310 0
034574 2
168892 0
259768 0
094057 0
148757 0
156322 0
133210 0
128830 0
135548 0
096908 0
194966 0
005528 0
009061 2
121566 2
091584 0
041205 0
034603 0
131902 0
121563 2
064865 0
132097 2
166341 0
042844 0
024304 0
280365 0
088291 0
157761 0
017299 0
168946 0
185401 0
168381 0
149494 0
108484 0
064412 0
033635 0
089987 0
039658 0
110735 2
009208 0
263376 0
032701 0
149761 0
110857 0
211332 0
093156 0
036231 0
100458 0
238028 0
110313 0
025330 2
058378 0
243183 0
093095 0
084915 0
120952 0
069209 0
110915 0
139053 0
083300 0
060834 0
149012 0
009408 2
095162 0
089609 0
023971 0
034084 0
119039 0
240274 0
121866 2
007571 0
181563 0
009909 0
070701 2
103874 2
154688 0
179180 0
036837 0
099818 0
097738 0
099460 0
