088377 0
002679 1
001444 1
065960 0
199789 0
182014 0
086851 0
158228 0
091798 0
133642 1
133632 1
133668 1
157848 0
157973 0
137420 0
085755 0
132050 1
132010 1
132008 1
147739 0
132135 2
001458 2
131953 2
132080 1
132136 1
131954 2
132020 1
132019 1
132017 1
140052 0
147905 0
132052 1
133891 0
133951 2
133331 2
133302 2
133299 2
133297 2
133119 2
133100 2
133093 2
133088 2
133188 2
133171 2
132046 1
131985 0
181971 0
133612 1
133610 2
133611 1
133729 1
133730 1
133723 1
133675 2
133664 2
133598 1
133684 1
133365 1
133358 2
132922 0
133899 0
097530 0
133774 1
133770 1
001109 1
007099 0
133709 2
133707 2
133703 2
133702 2
142684 0
109543 0
163967 0
131605 0
133866 0
133427 1
144541 0
138970 0
133941 2
002855 1
011539 0
134952 0
133665 2
133663 2
133649 2
132952 1
132938 1
132910 1
132955 0
117943 0
133581 2
133735 2
005188 0
007635 0
066977 0
133959 0
127087 0
134915 0
179120 0
151768 0
134001 0
141756 0
156721 0
169288 0
133621 2
133746 1
133585 2
134076 2
134330 0
011422 0
107706 0
109787 0
132865 2
132860 2
133389 0
134007 0
132203 2
132182 2
132858 1
181051 0
099516 0
133737 0
001459 0
007436 0
134005 1
132088 0
132396 0
261991 0
003340 0
017898 0
158866 0
007046 0
261760 0
258190 0
138468 0
002488 0
137993 0
151489 0
151381 0
112757 0
133661 1
133721 1
002777 0
004274 0
133376 0
133480 1
133312 0
139214 0
138824 0
181041 0
131613 0
278519 0
132839 1
132830 1
100873 0
144196 0
093071 0
112622 0
133283 0
188534 0
121098 0
132286 0
132039 2
132021 2
132751 1
132685 1
132670 1
132666 2
139638 0
094074 0
258326 0
003628 0
002592 0
139093 0
140288 0
133044 0
127977 0
148999 1
149000 0
156534 0
145734 0
220236 0
001113 0
133901 0
001580 1
148707 0
100241 0
140098 0
157854 0
123874 0
130282 0
135710 0
146715 0
147564 0
158629 0
017268 1
128571 1
128620 1
128622 1
128653 1
128655 1
128659 1
133015 0
011942 0
133853 2
133871 1
133874 2
113106 0
109011 0
098692 0
130320 0
133748 0
187114 0
150008 0
130164 0
132407 1
164294 0
003674 0
133841 1
133829 1
002772 2
131975 2
131988 2
131970 1
127582 0
180609 0
178071 0
193105 0
132037 0
140777 0
131648 0
134024 0
128652 0
146884 0
189117 0
123725 0
140958 0
133586 0
135356 0
134275 1
131729 0
145240 0
144352 0
111657 0
066680 0
133669 2
109530 0
133063 0
043358 0
133131 0
009742 1
122139 1
122129 1
122110 1
122059 1
132898 2
132825 1
132824 1
132807 1
132805 2
132803 2
007044 0
002717 0
130385 0
133253 0
142385 0
117555 0
157771 0
123034 1
123037 0
134305 0
017629 1
100189 0
129357 1
129405 1
129429 0
137070 0
010357 0
009029 0
009594 0
133200 1
133195 1
011838 0
132606 0
001242 1
135126 0
138307 0
108060 0
123876 0
028378 0
092467 0
110527 0
131631 0
109360 0
133138 0
138779 0
158368 0
179121 0
132018 0
007671 0
148993 0
110963 0
141143 0
193112 0
142036 0
002364 0
134449 0
133559 0
131640 0
123834 0
130695 0
136086 0
122013 0
258204 0
132171 0
133347 0
112385 0
154653 0
179106 1
133219 0
011900 0
102019 0
131675 0
100313 0
149004 0
178066 0
154119 0
122131 0
160230 0
131615 0
127799 1
133869 0
161339 0
087364 0
093829 0
234370 0
127896 0
133915 0
017250 0
142314 0
108975 0
231377 0
118417 0
135974 0
109451 0
099196 0
094454 0
140094 0
130313 0
140020 0
183839 0
241349 0
148508 0
133348 1
127888 0
274731 0
133432 0
160300 0
133582 1
118751 0
094081 0
132771 1
111809 0
134064 0
091449 0
138870 0
166779 0
132959 0
123906 0
108996 0
130393 0
001600 0
111595 0
138456 0
160235 0
128658 0
112595 0
124121 0
108202 0
141911 0
135419 0
134596 0
085249 0
133753 0
091686 0
189103 0
111560 0
136331 0
133868 0
140512 0
117766 0
152045 0
