211696 2
211748 2
181304 2
211698 2
126011 1
014706 1
126010 1
138972 2
001681 2
001586 2
132770 2
125865 2
130855 2
001766 2
014848 2
125868 2
014845 2
125872 2
128168 2
001063 2
131101 2
131021 2
009042 2
005575 2
120164 2
120154 2
005599 2
120194 2
118385 2
004271 2
118408 2
128533 0
005834 2
120455 2
120450 2
120449 2
118398 2
119613 2
118395 2
118397 2
118393 2
118392 2
004270 2
118407 2
087372 0
005309 2
119806 2
100189 0
119786 2
005371 2
014967 2
119895 2
119844 2
125763 2
125764 2
120130 1
120139 1
120142 1
120140 1
120156 1
005589 2
120180 2
004794 2
119072 2
119071 2
005132 2
119543 2
004783 1
119058 1
004581 1
118783 1
011488 2
122751 2
004273 1
015050 2
125674 2
118414 1
118428 1
004323 1
118445 1
119145 2
119136 2
005130 1
119537 1
012509 0
004212 2
118312 2
120968 1
120963 1
007481 1
120971 1
120969 1
120962 1
120960 1
120959 1
123931 1
118709 0
118284 2
118285 2
007496 0
118298 2
007942 2
121356 2
122760 1
122761 1
122764 1
122769 1
118874 2
011550 1
004676 2
119081 1
118896 2
119032 1
122772 1
004682 2
118908 2
005498 1
119963 2
120080 1
004818 1
119096 1
007949 1
142570 1
010509 1
121364 1
121363 1
137977 1
011676 1
129996 1
011763 1
130964 1
131017 1
131009 1
131008 1
011697 1
133397 1
133396 1
133391 1
133481 1
002494 1
133473 1
129062 1
011924 1
118932 0
147869 1
004575 1
144749 1
144778 1
144716 1
144892 1
118779 1
240277 1
240376 1
258283 1
083837 0
128440 1
118755 1
118748 2
118751 1
131743 1
147217 1
005227 1
011850 1
119678 1
172766 1
172765 1
163859 1
163863 1
163843 1
124969 1
119652 1
135375 0
237275 1
119651 1
237753 1
124964 1
237672 1
285468 1
005250 1
119719 1
005340 1
155801 0
119848 1
118589 1
168029 0
285461 1
142011 1
118597 1
120031 1
005467 1
120033 1
120032 1
120040 1
113388 0
032782 0
015180 1
180383 0
125565 1
124241 0
120077 2
004677 2
118897 2
118878 2
004732 1
118990 1
004422 1
005177 1
119618 1
005497 2
118581 1
009549 1
120078 2
120830 1
005262 2
004531 1
120865 1
119732 2
005588 1
120179 1
130275 1
118743 1
011487 1
004321 1
118443 1
118955 1
176028 0
120172 1
006915 1
124755 1
118412 1
118948 1
005583 1
108297 1
118983 1
108289 1
108368 1
108393 1
118961 1
108356 0
120173 1
120529 1
004897 1
119232 1
101966 1
007556 1
058979 0
009601 1
100853 1
100609 1
118501 2
120441 1
120442 1
004514 1
118719 1
120423 1
007227 1
120784 1
100852 1
123554 1
101974 0
120443 1
120444 1
009747 1
121047 1
011740 1
005236 1
018075 0
118273 2
009668 0
009780 1
119691 1
005831 1
122175 1
120452 1
122143 1
011739 1
004863 2
118976 1
119154 2
111721 1
010276 1
122605 1
121556 1
111720 1
132767 2
111712 1
111226 1
004500 1
118699 1
112892 2
118105 0
112845 2
009342 1
036450 0
112884 2
112830 2
018451 1
128794 1
009903 1
121812 1
122246 1
007087 0
009054 0
009078 1
119361 1
010221 0
179808 1
179748 1
121808 0
179744 1
005477 1
120041 1
004994 1
119362 1
118778 1
109519 2
121586 1
005091 0
005570 1
118787 1
100257 0
120158 1
005637 1
120241 1
005261 1
004725 1
116623 1
119731 1
116622 0
118898 1
119626 1
005180 1
118984 1
005260 1
118899 1
118965 1
119730 1
005737 1
118904 1
119935 2
115476 0
119649 1
004417 1
012517 0
118967 1
005214 1
120350 1
119661 1
120326 1
004865 1
119107 1
119157 1
118574 1
118572 1
118498 0
118940 0
120218 0
119622 1
004896 1
011941 1
119231 1
012464 1
001429 1
122984 1
125194 1
123503 1
123654 1
004707 1
118950 1
120051 0
141618 0
123656 1
133010 0
065684 1
271954 1
124036 1
123524 1
012313 0
271953 1
151208 1
009001 1
271956 1
069682 0
005794 1
065690 0
005590 1
120181 1
121518 1
120404 1
120183 1
004727 2
151196 1
001030 0
120075 1
005499 1
120081 1
126789 1
120065 1
118988 2
102002 0
148977 0
120693 0
012128 1
127893 0
118987 2
145450 0
124522 0
120421 1
118502 0
006845 1
120422 1
005818 1
120433 1
120486 1
017366 1
004428 1
004752 1
118605 1
115485 0
119024 1
018264 1
118735 1
119019 1
243929 1
128927 1
164623 0
126306 1
004525 1
000812 1
000863 1
174037 0
126300 1
086672 1
086361 1
004625 0
118698 1
086303 1
124444 0
146774 1
118657 1
124743 1
066419 0
124919 1
011774 0
130669 0
004462 0
145726 1
004951 1
124182 1
124034 1
019688 0
124310 1
124222 1
124264 1
135556 0
203148 0
119305 1
119217 1
005606 1
009660 0
004991 1
119357 1
118707 1
120207 1
118647 1
127093 1
008003 1
124359 0
115409 0
086550 0
148808 0
118500 0
170017 0
121559 0
012516 0
119193 1
121411 1
124027 0
127053 1
133008 0
128370 1
008024 1
121425 1
124403 1
124478 0
009654 0
004503 1
118702 1
128246 1
120537 1
119414 0
192942 0
009005 0
068467 0
118526 1
006928 1
120542 1
012102 1
119177 0
122895 1
009050 1
121554 1
123526 0
011978 0
012163 0
124485 1
121555 1
123605 0
128247 0
098963 0
011845 1
121524 1
120949 1
162838 1
170197 1
114806 0
162456 1
120946 1
162452 1
147017 1
007353 1
145765 1
120888 1
011330 0
101776 0
153585 1
012508 1
145839 0
164948 0
118808 0
007429 1
168192 0
084931 1
251045 1
087526 0
120942 1
266075 0
145651 0
120713 1
251044 1
222331 1
123224 0
095442 0
120694 1
146834 0
004601 0
011269 1
004720 1
017188 1
149927 1
222433 1
114994 1
115001 1
004572 0
118979 1
114208 0
192007 0
118409 2
011958 1
007798 0
004275 2
118418 2
004703 1
007182 0
122873 1
131376 0
115142 1
007894 1
004331 2
121318 1
115163 1
121305 1
007503 1
116614 0
118941 1
118452 2
118938 1
120993 1
007081 1
120677 1
120958 1
120703 1
005790 1
120399 1
120336 0
150215 1
120268 0
243979 0
150223 1
124663 0
148263 0
141906 0
094934 1
011893 0
094929 0
121339 1
148588 1
121340 1
121317 1
244982 0
121314 1
111062 0
123470 1
170166 0
123496 1
123493 1
122400 0
018256 1
128935 1
098430 0
129063 0
122541 0
015269 1
010303 1
126591 0
028651 0
123599 1
128703 0
125469 1
132116 1
168218 1
169733 1
123585 1
132210 1
169800 0
132226 1
234409 0
169507 0
012037 0
116621 0
121234 0
009012 1
070597 0
005383 1
147978 1
119914 1
009505 0
119572 1
147994 1
136938 0
121533 1
004532 0
119576 1
147989 1
009011 1
149585 1
147494 1
149471 1
011552 0
169736 1
169825 0
121531 1
151307 0
193345 1
157935 0
007813 1
007990 1
069679 0
125141 0
121396 1
121229 1
133706 1
121383 1
133698 1
004982 0
122012 0
118797 0
174545 0
153083 1
170607 1
114389 0
162170 1
162355 1
135200 1
163861 0
128725 0
036456 0
083841 0
009161 0
285303 0
148632 0
133085 1
164255 0
123232 2
119497 0
008039 1
157130 1
121433 1
027362 1
007344 0
130095 1
015166 1
236867 1
004498 0
144780 1
124237 0
108793 1
109108 1
109740 1
252893 1
109774 1
144800 1
108402 1
108253 1
169801 1
108286 1
086129 1
075781 0
199249 0
164241 0
004432 1
118612 1
183095 0
119633 1
101415 0
005200 1
011830 1
119648 1
007085 0
122876 0
009206 1
152937 0
144627 0
011916 0
176267 0
120750 0
005552 0
077917 0
011709 1
076099 1
131384 0
076059 1
119646 1
095886 1
009243 1
076009 1
095738 1
095852 1
095645 1
121719 1
095617 1
095742 1
195553 1
123635 1
006577 0
195554 1
102855 0
007005 1
141483 0
062099 1
146509 1
123641 1
126659 1
195557 0
191172 1
123642 1
126811 1
126348 1
001184 1
147587 1
147607 1
289915 1
125281 1
117171 1
124745 1
149654 1
115481 1
126365 1
117131 0
264482 1
278861 0
015468 1
264478 1
109081 1
125279 1
125280 1
109221 1
115478 0
121095 0
086588 0
108946 0
111541 0
124767 1
080076 0
148726 0
124771 1
087316 0
101464 0
125072 1
140933 0
000008 1
124975 0
121516 0
013988 1
184689 1
181732 0
146476 1
131873 1
284585 0
110024 1
001036 1
146451 1
195555 0
127204 1
127189 1
146471 1
014020 1
127188 1
180049 0
164139 0
222988 1
240936 0
012438 0
284603 1
008542 1
036470 1
140682 1
284604 1
140690 1
232577 0
140711 1
183274 1
011991 1
000065 1
011904 1
191565 1
191570 1
122861 1
191572 1
130284 1
027344 1
130353 0
018250 1
183280 0
189373 1
036468 1
189449 1
118929 0
189492 1
096498 0
002814 0
171456 0
186807 1
187639 0
125889 1
260713 0
125901 1
062059 1
130274 0
062102 0
015594 1
126612 1
120696 0
148136 1
149706 1
126598 0
098859 0
125002 1
125001 0
000113 0
130403 0
149750 1
139548 0
015577 1
157937 1
009083 1
123525 1
122079 0
157966 1
057926 0
167213 0
157994 1
015612 1
118175 1
034679 1
186279 1
118115 1
149656 0
012160 0
149657 1
007661 1
004909 1
171403 0
119259 1
006807 1
121115 1
009204 1
009242 1
127178 1
098388 1
098350 1
182867 1
258671 0
121718 1
015404 1
141013 1
124361 0
008472 1
051805 1
188924 1
186800 0
012148 0
053397 0
015607 0
051806 1
051828 1
125335 1
188929 0
141017 1
152934 0
015388 1
141018 1
142488 1
142251 1
111932 0
007342 0
117441 0
097488 0
010452 1
173379 0
176788 0
253585 1
253486 1
253266 1
253238 1
252924 1
127444 1
253434 1
065178 1
253451 1
253239 0
068459 0
201952 0
122206 0
151403 0
009942 0
112106 0
097420 0
186805 0
126191 1
145247 0
111222 0
126170 1
221535 1
012273 1
192720 0
115474 0
221534 1
126915 0
199928 1
128610 1
128611 1
015235 0
069502 0
223272 1
100059 1
174920 0
128469 1
185807 1
111665 1
134253 0
239051 1
119073 0
108137 0
185919 0
239052 1
239039 1
239361 1
239010 1
239362 1
120877 0
238990 1
169724 0
113360 1
052046 1
187131 0
188925 0
051987 0
150020 1
137638 0
164144 0
090231 0
015500 1
125255 1
122088 0
056144 1
007818 0
125950 1
127656 1
045319 0
127652 1
188930 0
051988 1
052043 1
170878 1
051949 1
000713 0
014782 1
127851 0
175627 0
145286 1
145220 1
015128 1
125611 1
125948 1
125620 0
135127 0
056058 1
015465 1
125282 1
141363 0
011477 0
222652 1
122979 1
125297 1
186866 0
124611 1
188932 0
052048 1
143821 1
008369 1
124979 1
131288 0
137428 0
058346 0
222106 1
051989 1
130827 0
060372 0
009049 1
188926 0
058895 0
111918 0
007337 1
120872 1
265436 1
059788 0
259690 1
259692 1
259677 1
130110 0
259673 1
124532 1
259671 1
261722 0
191099 0
058929 0
128721 0
120472 0
123282 1
004750 0
150882 0
119343 0
166677 1
264813 0
166669 1
175615 0
097801 1
123242 1
157075 0
168596 0
060289 0
100415 1
111027 0
193015 0
242843 0
125613 0
078676 0
194236 1
159863 1
265395 1
169408 0
159937 1
265415 1
159754 1
275714 0
147687 0
159814 1
095630 0
141336 0
132862 1
098876 0
144221 0
285313 0
136552 0
280203 0
055155 0
222449 0
254593 0
146732 0
168219 1
164124 1
190348 0
063325 0
111045 0
017526 0
221167 0
186790 1
212914 1
002007 0
155789 1
125193 0
136521 0
155790 1
153363 1
164127 1
091265 1
148818 0
144652 0
113401 0
212835 0
186801 0
195940 1
195537 1
025092 1
001018 0
194019 1
194012 1
060896 1
223971 0
128070 0
166913 1
060940 1
060945 1
117130 0
140289 1
151317 0
170190 0
255899 0
155482 1
174487 0
193466 1
184751 1
124774 1
244983 0
026544 0
064833 0
035232 0
124765 0
155486 1
227560 1
227441 1
273061 1
123711 1
144645 0
123824 1
227561 1
195551 0
123801 1
007512 0
141790 1
141844 1
141785 1
124143 0
190039 1
190050 1
273065 0
011755 0
152938 0
170011 0
077918 0
124749 0
120878 0
186142 1
004469 0
223941 0
128860 0
177155 1
140899 1
050198 0
114765 0
140895 1
121575 1
079472 1
115408 0
193000 0
212613 1
000029 0
147205 0
197681 0
151888 0
124060 0
064811 1
146985 0
278213 0
009072 1
182137 1
140722 0
220747 1
121579 1
203840 0
130492 0
240821 0
278081 0
235759 1
222792 0
220753 0
159481 0
225621 1
235639 1
158607 0
278406 1
278408 0
179181 0
028963 0
015264 1
225613 0
009010 1
260616 0
228422 1
243604 1
007336 0
121530 1
009838 1
167652 0
155314 1
125472 1
122215 1
225650 0
146475 0
125487 1
289914 1
137264 0
218388 0
243518 1
231842 0
023054 0
243562 1
179101 1
179105 1
010012 1
191274 0
179110 1
227249 0
123494 0
227207 1
002559 0
227221 1
167141 0
244017 0
130121 0
060443 1
060341 1
227213 1
052085 0
227224 1
120748 1
125505 0
222713 1
222535 0
278405 0
149390 1
122992 0
145045 0
115463 0
119491 1
194205 0
120747 1
194676 1
195556 0
140956 1
227250 0
015111 0
140959 1
140948 1
028965 0
117112 0
010185 0
007144 1
173851 0
120716 1
163553 0
258929 0
008329 0
119312 0
009613 0
010217 0
170191 0
119365 0
233308 0
007145 0
145646 1
157562 1
146161 0
174848 2
174836 1
124031 0
151366 1
137865 1
137443 1
222712 0
150887 0
109568 1
046441 0
124746 0
036798 1
155788 1
010102 1
146159 0
139018 1
137798 1
006338 1
122404 1
006653 1
109132 1
145085 0
109462 1
055534 0
155794 0
109167 1
123890 0
109032 1
109186 1
188153 0
139020 1
197538 1
197375 1
000016 0
122710 0
130046 1
118942 0
197368 1
170867 0
111510 1
287253 1
133837 1
015318 1
128545 0
000675 1
004696 1
125417 1
125415 1
193025 0
133260 1
133261 0
161522 1
118801 0
089628 1
006926 0
125348 1
182121 1
157279 1
137097 1
157280 1
028580 1
125362 1
161546 1
089654 1
089567 0
127626 0
161549 1
028603 0
133799 1
125346 1
001564 1
127398 0
133833 1
015389 1
125345 1
169409 0
054367 1
155799 0
115512 0
133787 1
149655 0
164541 0
127627 1
186859 0
141286 0
064725 0
276258 1
135637 1
151725 1
258631 0
126412 0
017220 0
086549 0
140891 0
135649 1
136328 1
126911 0
137113 1
124995 1
285671 0
135283 1
276311 1
276334 1
136346 1
007817 1
136338 1
125175 1
276313 1
151705 0
135298 1
125187 1
135321 1
071433 1
260343 0
124994 0
007792 1
220529 0
062097 0
121233 1
118777 0
176848 0
015158 0
213516 0
244997 0
104606 1
071428 1
001903 1
160401 0
104601 1
129060 0
155675 0
000752 0
086337 1
176654 1
128125 1
085898 1
133039 0
085976 1
070528 0
175738 0
148008 0
154722 1
254571 1
223832 0
018520 1
018081 1
103701 0
111824 1
086675 1
086362 1
017818 1
273117 1
085622 0
111800 0
203943 0
225614 0
124629 0
254565 1
082068 0
154743 1
112198 1
127595 0
000115 0
188923 0
070474 0
144625 0
075977 0
112153 0
012333 0
161841 0
001422 0
007285 0
230245 1
230204 1
147650 1
154779 1
175679 0
125693 0
154774 1
176838 1
134516 0
285294 0
260184 0
131217 0
153365 0
123508 0
176901 0
182710 1
225508 0
201299 1
063327 0
180027 1
129343 1
228536 0
120535 0
174450 1
147153 1
152880 1
182768 1
180034 0
018619 0
182848 1
130627 1
027892 0
129398 1
004877 2
129395 1
129341 1
136001 0
119181 2
004825 0
000342 1
132864 1
132861 1
147146 1
018803 1
119178 2
140902 1
176837 1
174543 0
152221 1
130684 1
119132 2
002004 1
088225 1
173827 0
152222 1
088369 1
088424 1
027443 0
169252 0
011838 0
088436 1
002015 1
176839 1
167221 0
185920 0
088442 1
174501 0
103646 0
133009 0
175646 0
230447 1
154833 1
046043 1
230978 0
176844 0
154859 1
230415 0
028627 0
145837 0
168155 1
069526 0
058369 1
026464 0
128157 0
046273 1
149913 0
058463 1
058416 1
289258 0
058387 1
002992 1
124528 0
009612 1
125523 1
114819 0
125532 1
122052 1
015225 0
125521 0
240783 0
122713 0
046042 1
122853 1
147122 0
024475 0
015307 1
139561 1
125519 0
139559 1
139617 1
120169 0
037088 1
034543 1
034562 1
125426 1
151864 1
139540 1
075393 1
136344 0
125522 1
024458 0
125427 1
243981 0
007585 1
000873 1
121069 1
005135 0
081437 1
011964 1
190634 0
161498 1
142287 1
159472 1
109451 0
012294 0
161499 1
142166 1
161550 0
147658 0
009845 0
142124 0
198940 0
218897 0
004624 1
118816 0
075650 1
159474 0
230446 1
165183 0
158218 1
244210 1
244220 1
010379 1
088303 0
230435 0
159576 1
244183 1
135323 0
118826 1
143038 0
158211 1
202439 1
194679 0
157800 0
159634 1
158208 1
260304 0
234067 1
288037 1
221711 1
288039 1
157411 0
097016 1
096553 0
096618 0
157763 0
058008 0
140282 0
081045 0
005190 0
142414 0
233294 1
096659 0
057925 0
170806 0
075874 0
010218 1
257570 1
161551 0
257571 1
069678 0
145865 1
159353 1
263904 1
004905 0
257524 0
145851 1
145892 1
128017 1
066157 1
157799 0
152881 0
138804 0
077914 1
119149 0
153631 0
176119 1
077942 1
070945 0
257522 0
077934 1
169936 0
143571 0
142036 0
242872 1
263999 0
128841 0
028632 0
078830 1
161816 0
078849 1
176165 1
078787 0
153584 0
176176 0
088393 0
126005 0
147105 0
141165 0
091576 0
169029 0
121235 0
000843 0
163563 0
084156 0
087539 0
011343 1
231205 0
067168 0
080017 0
004482 0
231303 0
096417 1
101238 0
052279 1
127684 0
177604 1
024094 1
017912 1
205007 0
026133 1
124736 0
177608 0
016632 0
230773 0
084170 0
255910 0
078797 0
145583 1
195934 1
145679 1
099142 1
038806 1
046174 1
224948 1
225169 1
017897 0
018383 0
225166 1
224907 1
099113 1
224908 1
177528 0
046107 1
038807 0
008193 0
224870 0
157767 0
165230 1
039077 1
080518 1
032125 1
003753 1
145223 1
097092 1
126332 0
131296 0
260444 1
080510 0
262539 0
145246 1
165220 1
260381 1
011501 1
287063 0
008536 0
032127 1
010568 0
080015 0
064351 0
176774 1
180380 0
125041 0
072216 0
260412 1
142765 1
059486 0
148079 1
155830 1
018499 1
016613 1
051843 0
165248 0
260198 1
158987 0
257444 1
182698 1
163384 0
131750 1
010385 1
142562 1
147616 0
017932 1
067675 1
224647 0
006307 0
131740 1
005415 1
260153 0
221996 0
231735 0
131755 1
280581 1
272755 0
257445 1
257387 1
142556 1
198485 1
018120 1
129031 1
147615 0
257332 0
130508 1
125414 1
169886 0
260122 0
121150 1
138537 0
182733 0
014575 0
286744 1
102851 0
257298 0
015332 1
081188 1
102034 0
257558 1
196788 0
125405 1
171676 0
015335 1
125703 0
179097 0
257555 1
286741 1
182786 0
125402 1
125403 1
007339 1
258977 0
118670 0
015319 1
154598 0
256383 0
125413 1
119972 1
222556 0
122222 0
288492 1
119971 1
220313 1
120874 1
140759 0
120717 0
288462 1
288491 1
119961 1
130820 0
067123 1
099525 1
133594 1
015412 1
067142 1
099428 1
125326 1
078987 0
130861 2
165130 1
221790 0
165129 1
264476 1
009120 0
264465 1
000076 1
172251 1
066960 1
067971 0
169430 1
220746 0
097380 1
288975 0
264194 1
163566 1
128009 0
264182 0
143507 1
147126 0
179433 0
066958 1
145678 1
264602 1
141300 0
117058 0
066968 1
009324 0
169449 0
143409 1
264600 1
200799 1
128977 0
140437 0
135559 0
184988 0
200804 1
122475 0
085528 1
200727 1
129980 0
125716 0
195541 1
011751 0
192636 1
005014 0
005416 0
164794 0
196958 1
124819 1
199905 1
009562 1
155826 1
065161 1
163634 0
085484 1
142563 0
085485 1
065180 1
223478 1
155834 1
243791 1
199898 1
122011 1
153013 1
034810 1
034781 1
095190 0
178588 0
211455 0
124880 1
124854 1
124881 1
085615 1
124916 1
243132 1
085598 1
258292 0
085745 1
164793 1
175297 0
136536 0
135359 0
111064 0
223487 1
085781 0
144541 0
231129 0
230912 1
127953 0
082582 0
129625 0
002306 1
276696 1
256379 0
265833 1
124204 1
141927 0
124261 1
182762 0
009561 1
122010 1
265558 1
143439 0
155767 0
197334 1
255483 1
259964 1
197296 1
122075 0
259688 1
155361 1
230921 1
259971 1
122295 1
168391 2
007335 0
197154 0
149740 0
240013 0
027545 1
227239 1
123264 1
057891 1
027546 1
168388 0
123262 1
225555 0
266816 0
058097 1
118686 0
165292 0
112133 0
058120 1
004594 0
163417 0
143084 0
280020 1
168465 0
109225 1
285288 0
059324 1
280013 1
257807 1
108462 1
160302 0
108448 1
272775 0
147362 0
109224 1
280004 0
059319 1
257817 1
164027 1
280002 0
164021 1
126755 0
223476 1
289110 0
028011 0
278215 0
185414 1
185411 1
051908 1
185338 1
119393 0
164023 1
051901 0
004930 0
223458 1
095285 0
261719 0
010179 0
191680 0
051815 0
007266 1
051848 0
168395 0
167740 0
120811 1
166068 1
264289 0
007132 1
115079 1
166167 1
134106 1
016545 0
148220 0
004370 1
166256 1
115078 1
109556 0
001427 0
080813 1
014738 0
168987 0
148795 1
249502 1
004859 1
102675 0
139601 0
223426 1
166248 0
120712 1
120695 1
150078 0
223427 1
007080 1
242725 0
119150 1
051762 0
223267 1
183932 0
262969 1
125125 1
108153 0
007431 0
191654 1
125104 1
240809 0
020169 1
120676 1
119133 1
020171 1
004858 1
125126 1
111946 0
005826 0
262796 1
020193 1
089745 0
115305 1
249592 1
262807 1
262808 1
114803 0
120439 0
120425 0
079758 0
191355 0
186101 0
119148 1
258005 1
012299 1
135409 0
124251 0
121004 0
066784 0
200342 1
008471 0
255874 0
007031 1
060702 1
109220 0
060697 1
001493 0
124693 1
120635 1
120525 1
136567 1
219867 1
004385 1
219869 1
118522 1
060753 0
219845 0
007347 0
051824 1
244969 0
203829 1
120880 0
018088 0
220160 1
215450 0
119103 0
219831 1
219799 0
178175 1
168484 0
052276 1
227228 0
148229 0
168627 0
108329 1
041660 1
006892 0
042208 1
060633 0
136621 1
042334 1
031274 0
004942 1
119548 0
276457 1
231149 0
121525 0
125969 0
119293 1
178442 1
052067 0
144374 0
127226 0
094892 0
011346 1
042665 0
215442 0
176762 0
041866 0
115317 0
157726 0
034278 0
170176 0
136612 1
175520 1
051596 0
116657 1
052186 0
116654 1
194282 0
116474 1
116328 0
174542 0
017208 0
113692 0
289511 1
116329 0
017753 1
192947 0
015305 1
227831 0
069684 0
125429 1
125430 1
116302 1
146697 1
198314 0
258002 1
205383 0
133257 0
032110 1
059437 1
142078 0
145835 1
152936 1
032115 1
202019 0
289517 1
051646 0
114585 0
145832 0
145053 0
076007 0
178600 0
124046 0
186041 1
141139 0
074799 1
145846 0
016433 1
160214 0
129658 0
195594 0
275238 0
005832 1
191302 0
120453 1
077923 0
074735 0
167878 1
005815 1
120431 1
149800 0
124250 0
243760 0
075014 0
259694 0
009917 0
128701 0
243396 0
180382 0
152346 0
152754 1
151494 1
018128 0
034641 1
152763 1
144379 0
180472 1
007980 0
014669 0
074539 1
142207 1
074531 0
111198 0
167938 1
078645 0
142199 1
008159 1
163321 0
180678 1
090210 1
125579 0
230451 1
167939 1
180478 1
180888 1
170195 0
180683 1
122487 0
180843 1
067134 0
180841 1
090061 1
180487 1
122026 0
029491 1
004411 0
135264 0
124553 0
027296 1
170196 0
145268 0
290059 1
030002 1
088502 1
018165 1
286169 0
088433 0
005299 1
088477 1
070071 1
289288 1
240088 0
289305 1
287406 0
062093 0
289290 1
090264 0
199325 1
184793 1
119792 1
289306 1
255873 0
153060 0
103244 1
088472 1
158608 0
199322 1
289326 1
140890 0
178750 0
119764 0
150171 0
151026 0
010226 0
124030 0
042543 0
163288 1
042558 0
069149 0
272768 0
231123 1
142252 0
060619 0
082462 0
197426 0
012521 0
132199 0
231082 1
018630 0
154628 1
067908 1
069472 1
042492 1
128494 0
167430 1
042544 1
102645 1
171672 1
077940 1
124740 1
012310 0
196244 0
152943 1
113942 1
276112 0
012656 1
142273 0
278128 1
042460 1
113936 1
069988 1
158320 0
278048 1
225993 0
215787 0
154647 1
122846 0
227120 1
225856 1
154694 1
167414 2
111197 0
077954 1
082583 1
086161 1
155489 0
164068 0
152764 1
004617 1
255700 0
231117 1
120043 1
226009 1
167457 1
148993 0
225815 1
140566 0
121410 0
086186 1
229909 1
243379 1
243372 1
005479 1
103161 1
194680 1
141586 0
226015 1
130114 1
112894 0
203846 0
042468 1
118818 1
042475 1
225708 0
195202 1
222309 0
128685 0
042530 1
195246 1
121384 0
254025 1
118730 1
053122 0
034413 0
104118 0
077957 1
005092 1
278964 1
277287 1
022410 1
254039 1
169090 1
194401 0
094463 0
203881 0
129030 1
046453 1
018013 1
077661 1
011310 1
032178 1
017380 0
267525 0
086222 1
122645 1
231151 0
279104 0
147847 1
078186 0
200050 1
004634 1
258985 0
086248 1
010358 1
118839 1
200082 0
225705 0
074622 1
004511 0
122679 1
074672 0
031664 1
118741 0
087318 1
014042 0
006893 1
285207 1
007032 1
007348 1
165583 0
118836 1
031677 0
118819 1
160309 0
004433 0
005220 0
120526 1
050196 0
175676 0
041239 0
120636 1
118569 0
139595 0
018119 1
077576 0
112623 0
285572 0
119286 0
012377 0
120881 1
285287 1
222307 0
138589 0
112148 1
077652 1
176031 0
064004 1
127312 1
001087 1
123965 1
042213 1
123973 1
126008 0
149046 0
271656 0
078390 0
155928 1
259168 0
004187 0
146027 0
220752 0
155967 1
218589 1
123970 1
123511 0
155959 1
123972 1
030253 0
036465 0
155929 0
127535 0
198483 0
158314 0
032525 0
079681 1
018434 0
062150 1
001281 0
088302 1
203337 1
216021 0
190064 1
030251 0
156008 1
101911 1
156004 1
079459 1
155953 0
079458 0
118792 0
183055 1
079686 0
183053 1
082137 0
027889 0
190113 1
190112 1
079438 0
183056 1
182989 1
223253 1
108197 0
090229 0
288765 1
183045 1
288583 0
204137 0
037059 0
186860 0
000010 1
096939 1
096914 1
288783 1
007387 0
040325 1
068792 0
081165 1
136554 1
158375 0
147955 0
182221 1
153087 0
065194 0
182247 1
034587 0
206456 0
089368 0
111442 0
018174 1
072277 1
046804 0
128981 1
132867 1
253800 0
118658 0
145971 0
124252 0
166552 0
227893 1
062185 0
074426 1
102699 0
105450 1
158322 0
180163 0
018513 0
132818 1
062195 0
002442 0
012014 0
107599 1
186886 0
163215 0
083151 0
119339 1
119391 0
006083 1
095631 1
006102 1
216787 0
150167 0
066890 0
051485 1
150312 0
074752 0
176199 0
111315 0
011091 0
123724 1
044530 0
100731 0
004966 1
268861 0
070261 0
033680 0
173008 1
033110 0
227885 1
082118 1
224721 0
234500 0
195133 1
038504 1
124904 0
037944 1
037997 0
059672 0
231124 0
017997 1
144327 0
119309 1
123035 0
034581 1
195121 1
119340 1
044443 0
119542 0
000420 1
216687 0
046492 0
262129 0
127372 0
156477 0
170104 0
004339 0
007744 0
037378 0
270928 1
062221 0
262123 0
238615 1
173007 1
121000 0
134664 1
119329 1
173022 1
060984 0
069674 0
037797 0
116440 0
146060 0
198393 0
031515 0
173028 1
146899 0
017924 1
018178 0
119544 1
064380 1
124245 1
075353 1
200213 0
140115 0
135675 0
123708 1
082074 0
125595 0
134894 1
129424 1
239387 1
238679 1
148003 0
253308 0
042486 0
225590 0
093779 1
017507 1
129435 1
075338 1
124244 0
111026 0
017429 1
135206 1
009786 1
129423 1
060447 1
186778 0
075571 0
007341 1
120876 1
079726 1
045660 0
037996 0
016166 0
078872 1
094566 0
199964 1
256692 0
144341 0
017378 0
007289 0
021994 0
137927 0
148001 0
081744 0
199955 1
129529 0
191582 0
117608 0
064718 0
069528 0
078806 1
011939 0
132802 1
035231 0
144043 1
051850 0
275235 0
013133 0
143000 1
060615 0
119376 0
143976 1
142603 0
132732 1
062227 0
064984 0
179432 0
012468 1
168040 0
132746 1
113190 0
145619 0
009150 0
000582 1
100910 0
144037 0
121176 0
253083 0
275985 0
143085 0
090665 0
011894 0
017495 1
129432 1
036415 0
108557 1
202720 0
035815 1
266253 0
018022 0
163142 0
123593 0
007083 0
155831 0
035837 1
289005 0
090298 0
195549 0
108333 0
110638 1
157017 0
264833 0
000611 1
264395 0
123146 1
017531 1
101066 0
123150 1
256380 0
227155 0
101894 0
130186 0
138961 1
139016 1
100313 0
043676 0
110859 0
139019 0
123036 1
125283 0
145780 1
130828 1
128239 0
129412 0
099408 0
070178 1
059705 0
209667 0
103351 1
070344 1
070302 1
051802 1
103517 1
051772 0
079428 0
145611 0
103475 1
183079 0
241652 1
070265 1
103438 1
040689 0
011888 0
071168 0
122872 0
010714 1
012980 1
132981 0
186409 0
071050 0
032527 0
104341 0
123843 0
104223 0
082736 1
170202 0
153390 0
001231 1
202154 0
051798 0
122537 0
131474 0
156311 0
071049 0
082703 0
175334 1
062173 1
222371 1
071969 0
062183 0
175355 1
175259 1
031426 0
175217 1
241736 0
118827 0
230778 0
003738 1
209602 0
075104 0
034649 0
167222 0
150568 0
072347 0
082079 0
111808 1
000411 1
076742 0
159521 0
137263 1
197603 0
157980 1
111100 0
104222 0
088688 1
082585 1
128793 0
088687 0
086490 1
071042 0
082581 0
058037 1
167796 1
004805 0
194999 0
191533 0
071136 0
182147 1
159256 0
057900 1
059294 0
012751 0
145947 1
137205 1
006187 0
088677 0
064406 0
058234 0
058340 0
061358 0
215609 0
145954 0
027685 0
152768 0
085824 1
150173 0
037796 0
182666 1
119637 0
220533 0
009872 0
085956 1
028065 0
179849 1
142227 0
182670 1
182700 0
058278 0
010018 0
111224 0
133172 0
121642 0
014319 0
180169 0
062199 1
216332 0
009965 1
001011 0
175635 1
128756 0
123552 0
220619 0
134270 0
129417 0
241303 0
235111 0
000578 1
130474 0
125975 0
035934 0
058300 0
276092 0
010235 0
150143 1
165621 0
018502 1
223254 1
163330 0
150096 1
131300 0
133674 0
003620 0
011985 1
233373 0
120680 1
011340 0
114945 0
122296 1
254653 0
090647 0
018496 0
012694 1
007079 0
075962 1
130523 1
120470 0
149916 0
146849 0
063000 0
198033 0
081593 0
104309 0
108164 0
142883 0
064110 0
006525 1
185853 1
152284 0
102857 0
120446 0
002950 0
075959 0
104215 0
012548 0
045667 0
089571 0
147021 0
069527 0
278626 0
146401 0
080633 0
264818 0
128489 0
238884 0
028099 0
229910 0
148593 0
163420 1
037148 0
017779 0
163385 1
005829 0
109942 0
125229 0
035597 0
120445 0
168228 0
141287 0
037432 1
124032 0
038535 0
006440 0
120214 0
098459 1
071035 0
120447 0
031918 0
149681 0
042459 0
000134 0
185794 0
268792 0
168229 0
036442 0
238899 0
124650 1
165173 0
115609 0
116523 0
090393 0
125920 1
077233 1
116171 0
069173 0
076958 0
064407 0
242420 0
014824 1
125892 1
124560 0
220801 1
220757 1
220756 1
085291 1
168940 0
109429 0
130117 1
220485 1
075059 0
063109 0
220434 1
074626 0
090438 0
102346 0
077257 1
101840 0
081667 1
089554 0
119013 1
127839 0
012616 0
242263 0
023732 1
081603 1
000575 1
277439 0
130528 1
081579 0
065084 0
119008 1
163041 0
017892 0
011768 1
119973 0
023592 0
090515 0
058836 0
187337 0
112140 0
079191 0
135391 0
237907 1
181307 1
197529 0
017434 0
250310 0
183627 0
081742 1
119601 0
140114 0
286330 1
237901 1
023591 1
072650 0
005219 1
124540 0
150191 0
123586 0
135331 0
237915 1
289259 0
239386 0
237916 1
010157 0
121906 0
077321 0
120869 0
016375 1
003670 0
140913 0
227141 0
009858 0
009584 0
148563 1
016345 1
171720 1
148604 1
084669 1
077976 1
149949 1
150010 1
022409 0
150048 1
131301 0
108555 0
228531 1
128976 0
171677 0
150069 1
151404 1
150086 1
084648 0
018735 1
286476 1
139575 0
140914 0
286954 1
070164 1
103337 1
067434 0
020374 0
188931 0
079725 0
228592 1
131314 1
090384 0
134050 0
131312 0
204979 0
084642 1
084697 0
150144 0
110815 0
097816 0
007474 0
052278 0
119390 0
256665 0
200206 0
177541 0
011701 1
084641 1
161485 0
017867 0
145617 0
084683 1
084704 0
231569 0
286936 1
132728 0
115814 0
075394 0
258630 0
177388 0
194811 0
182319 0
048729 0
114882 0
116331 0
118650 0
261751 0
014143 1
085861 1
130463 0
151407 1
006983 0
083705 0
129194 0
084948 0
029979 1
052018 0
027360 0
123483 0
085872 0
127338 0
103434 0
084698 0
156076 0
124734 0
231315 0
201399 0
079483 0
150134 0
150085 0
285574 1
151370 0
199911 0
102847 0
184485 0
144192 0
075015 0
148580 0
125994 0
064500 0
155594 0
285563 1
288376 0
029646 0
196779 0
199627 0
000260 0
198316 0
004426 0
161151 0
203680 0
006583 0
162025 0
149959 0
115141 0
120980 0
128755 0
151363 0
059466 1
148435 0
198958 1
198955 1
244968 0
266257 0
140412 0
000522 1
124726 0
030197 0
143977 0
014785 1
089596 0
140898 0
129527 0
127339 0
011649 0
177999 0
127301 0
121077 0
160362 0
158348 0
016434 0
198961 0
170420 0
014657 0
065158 1
064915 1
102322 0
059888 0
064095 0
203873 0
067406 0
005011 0
042371 0
162689 0
203806 0
147375 0
085896 0
113528 0
125944 1
121973 0
030256 0
198953 0
169264 0
065085 1
014219 0
138953 0
064909 1
155495 0
014340 0
242712 0
065078 1
064695 1
125063 0
064795 0
025295 0
102081 0
018603 1
125180 1
019630 0
128706 1
126881 1
152986 0
170203 0
132196 0
065173 0
065172 0
180659 0
005650 0
128697 0
059345 0
148455 1
065181 0
146909 0
290080 0
015056 1
129344 0
085029 0
001418 0
240938 1
002136 0
085982 0
019554 0
069680 0
125669 1
075894 0
140116 1
286758 1
017970 1
118059 0
028213 0
196671 0
169314 0
079982 0
015123 0
145243 0
134251 0
129664 0
131586 0
186146 0
125976 0
125907 1
113518 0
125896 1
125887 1
069993 0
188324 0
102014 0
060395 0
148730 1
124983 0
209349 0
132485 0
018621 0
148264 0
148709 0
072913 0
244963 0
016221 0
040610 0
162682 0
231053 0
113317 0
095479 1
008705 1
140066 1
140067 1
019079 0
238909 0
159684 1
034643 0
123764 0
005251 0
196660 1
196667 1
017289 0
119385 0
186157 0
094183 0
014650 0
131297 0
126313 0
144885 1
094121 0
159860 1
001806 0
253833 0
119347 0
006672 0
133955 0
159869 1
079028 0
011430 0
017525 0
017369 0
159911 0
125254 0
124739 0
159914 0
117159 0
075936 0
050374 0
160980 0
064361 1
199111 0
007549 0
038636 1
021770 0
009009 0
014670 0
118703 0
114845 0
170687 0
126650 0
163567 0
116163 0
253019 1
078503 0
160869 0
160870 0
154180 0
282092 0
062455 1
061227 0
126071 0
110742 0
037802 1
037821 1
093907 0
038925 1
110820 0
037815 1
079835 0
199073 0
037860 1
019557 0
151348 0
037801 1
159204 0
037928 0
124045 1
142932 0
222336 0
126070 0
089860 0
076038 0
150003 0
037906 1
055728 0
118469 0
037888 1
115922 0
227797 0
173881 0
124126 0
076299 0
156476 0
146989 1
185752 0
136846 0
024095 0
078878 0
150163 0
111273 0
097972 0
263303 1
124079 0
120987 0
150158 0
134619 0
037798 0
078934 0
000571 0
121161 0
110061 0
111233 0
037087 0
079754 0
009620 0
146975 1
011959 0
186265 1
147012 1
018585 0
214488 0
005572 0
119288 0
120977 0
271594 0
180070 0
018095 0
177778 1
010461 0
174096 0
186289 0
177509 1
091542 0
179323 0
146889 0
177515 1
134669 0
180613 1
177693 1
146077 0
155679 0
205339 0
283750 0
013012 0
177525 1
155795 1
193861 0
145455 0
102853 0
197183 0
145912 0
015304 0
196773 0
159599 0
286889 0
153691 1
231987 0
021147 0
148800 0
153718 1
019655 0
108217 0
153645 1
230088 0
156485 0
147963 0
066533 0
152553 0
064286 0
231118 0
073173 0
123815 0
122334 0
012349 1
202452 0
042508 0
136339 0
218912 0
038351 0
079536 1
122956 1
090242 0
036410 0
018271 0
078909 0
199600 0
269027 0
002568 1
196683 0
126096 0
003447 0
085549 0
123020 0
076273 1
017843 0
076917 1
002548 1
076913 1
018531 0
055254 1
014313 1
191636 0
097185 1
263302 1
221435 0
119668 0
134242 0
234049 0
234020 0
005017 0
025951 0
060036 0
054426 1
032344 0
075780 0
222828 0
032542 0
117903 0
261576 0
097186 1
009431 0
119396 0
079225 0
147502 0
054476 0
180262 0
012073 0
196735 0
188412 0
067353 0
161840 0
122725 0
078472 0
135324 0
268813 0
287620 0
058472 1
077479 0
054546 0
159376 0
110932 1
110858 0
147767 0
040318 0
048544 0
075021 0
133155 0
008509 0
043487 0
168245 0
036035 0
281242 0
089044 0
075858 0
135330 0
130819 0
287586 0
130119 0
221226 0
004349 0
110927 1
139926 0
078082 1
139104 0
111191 0
255383 1
255378 1
011491 0
255385 1
111183 0
111192 0
005469 1
064124 0
141695 0
255384 1
256784 1
257575 1
147087 0
007854 0
145406 0
120037 1
259723 1
255327 0
095319 0
259724 1
034171 1
064553 1
034264 1
255288 0
001615 0
127434 0
255331 0
275796 0
255332 0
038132 0
120036 0
066644 0
147206 0
059042 0
096605 1
074992 0
005736 0
196732 0
044658 0
116736 0
013966 0
076382 0
241646 0
009504 0
078837 0
113405 0
261307 0
062665 0
035994 0
257945 0
017871 0
231561 0
079400 0
008645 0
124906 0
147970 0
143369 0
010175 0
096436 0
093183 0
192010 0
152621 0
184590 0
121900 1
255205 0
119962 0
150153 0
279672 0
114095 0
034651 1
028304 0
241155 1
241298 1
063703 0
027688 0
187786 0
254196 1
264831 0
134240 1
122473 0
140894 0
042458 0
252410 1
011880 0
108279 0
134193 0
052041 0
200385 0
172894 1
139549 0
005285 0
200085 0
234121 0
212060 0
102006 0
065030 1
269873 0
129108 0
121909 1
121896 1
030252 0
026754 1
160529 0
134192 0
018033 0
080237 0
008022 0
268873 0
159480 0
271635 0
005199 0
032938 1
238553 0
064372 0
165283 0
018998 0
240914 0
027781 0
125230 0
139351 0
019642 0
162026 0
079521 0
099571 0
109914 0
145475 0
145444 0
075643 0
283749 0
140892 0
034410 0
282068 0
135328 0
137533 0
101099 0
186917 0
009783 1
150343 0
035929 0
166046 0
011128 0
231076 0
151341 0
124165 0
129531 0
243923 0
147343 0
211560 1
149918 0
156349 0
202675 0
256713 0
037466 0
014987 1
139068 0
123399 0
147346 0
116014 0
211532 0
125741 1
174197 0
058740 1
191703 0
211444 0
005015 0
144940 0
199531 0
231130 0
243763 0
005663 0
118483 0
091428 0
007896 0
114969 0
185151 0
009603 0
150606 0
129024 0
259718 0
031225 0
210584 0
059037 0
017406 0
256384 0
017132 0
204353 0
286882 0
005704 0
127629 0
130967 0
077333 0
225876 0
073429 0
122570 0
006557 0
045044 0
118442 0
176638 0
171187 0
158077 1
155689 1
232876 0
034570 0
218964 0
128626 0
122471 0
148222 0
093758 0
110805 0
095466 0
259719 0
007809 0
119253 0
234027 0
102700 0
155930 0
242222 0
119722 0
018071 0
019038 1
144196 0
114412 0
149410 1
095515 0
128696 0
120071 0
145703 0
183965 0
089572 0
076111 0
041955 1
258683 0
033549 0
000910 1
000789 1
041926 1
041891 1
058993 0
151981 0
024030 0
139074 0
152111 1
152106 1
102852 0
018774 1
161783 0
236925 0
139441 0
120438 0
163569 0
097208 1
163176 0
155682 0
092097 0
042522 0
182824 0
178576 1
128808 0
257946 1
015178 0
123986 0
018372 0
096423 0
205342 0
231560 0
228382 0
204364 0
205341 0
257934 1
193445 0
111272 0
141772 0
021371 0
257930 0
001543 0
108060 0
002040 0
097793 0
195666 0
073691 0
097207 1
007890 0
155730 0
121423 0
097128 1
121887 0
260173 0
132727 0
162275 0
061806 0
069681 0
023547 0
178132 0
277814 0
121026 0
115763 0
004516 0
198998 1
116015 0
197600 1
128914 0
130341 1
030839 0
044608 1
085778 0
121168 0
180250 0
044604 1
119223 0
199002 1
006276 0
045229 0
122331 0
199008 0
120274 0
045228 0
003581 0
147731 0
017885 0
078667 0
044676 0
045230 0
155640 0
133241 0
169223 0
200802 0
262401 0
288344 0
188339 0
205349 0
152168 0
046162 0
115395 0
124378 1
288192 0
149962 0
124287 1
254015 0
156280 0
146976 1
120668 0
136308 1
146990 1
147013 1
117161 0
262856 1
202462 0
136508 0
210919 0
079409 0
136236 1
146890 1
146874 1
254194 1
131214 0
129093 0
162070 0
046039 0
131729 0
149189 0
178426 0
018398 0
075935 0
264847 0
146870 0
050794 0
123308 0
260823 1
244395 0
165790 0
263152 0
230100 0
045236 0
129086 0
224327 0
118555 0
202872 0
126206 0
124864 0
177547 0
135511 0
018221 0
033156 0
121273 0
119944 0
010428 0
127470 0
011446 0
168372 0
104208 0
171180 0
060320 0
031860 0
127686 0
174437 0
052621 0
078862 0
040134 0
124424 0
272777 0
135318 0
044302 0
015146 0
070165 0
187380 0
099508 0
004633 0
050051 0
011499 0
075268 1
170875 0
231726 0
145800 0
037337 0
134459 0
146994 0
258849 0
005764 0
077654 1
015352 0
025957 1
075373 0
131905 0
101665 0
051648 0
257201 0
030303 0
057552 0
046634 0
073948 0
177843 1
123754 0
177845 1
060533 0
025942 1
141604 0
081120 0
005813 0
123718 0
096398 0
119647 0
132807 0
012060 0
010038 0
128060 0
008323 0
177410 0
125594 0
034783 0
113702 0
205379 0
033334 0
195294 0
148609 0
146691 1
132971 0
001141 1
102854 0
182586 0
024216 0
129691 0
127358 0
146743 0
002755 1
002600 1
005683 0
157434 0
268617 0
227334 0
002593 1
224331 0
021482 0
088635 0
194058 0
009008 0
256780 0
187912 0
143175 0
080566 0
137963 0
001926 0
113355 0
130509 1
170726 0
005528 0
014040 0
120325 0
005662 0
082701 0
131769 0
090323 0
097799 0
125555 0
175768 0
090513 0
182594 0
268644 0
130504 1
157398 0
069458 0
250362 0
130546 0
012261 0
081113 0
229678 0
006712 0
162799 0
234162 0
066190 0
089640 0
147077 0
048970 0
100576 0
074208 0
075436 0
079441 0
203688 0
222308 0
243589 0
215427 0
110066 0
101695 0
197208 0
257198 0
098654 0
103166 0
004473 0
065638 1
009941 0
159191 0
120831 0
084321 0
155664 0
004875 0
051649 0
009829 0
147208 0
180122 0
123294 0
259711 1
111579 0
157771 0
078235 0
199805 0
118795 0
144352 0
177548 0
155011 0
070655 0
272779 0
004609 0
134446 0
005320 0
140864 0
256689 0
271940 0
081233 0
116174 0
256298 0
123287 1
002636 0
123805 0
061840 0
007930 0
217076 0
118292 0
121322 0
142892 0
118675 0
174535 0
134180 0
116554 0
050234 0
133572 0
122053 0
156268 0
069789 0
131571 0
060874 0
