084219 1
051271 0
084287 2
083958 2
083953 2
083965 2
083968 2
081589 2
081650 2
084202 2
083753 2
083746 2
276731 0
083943 2
084080 2
083896 2
083906 2
084125 2
084248 2
115400 2
084191 2
084183 2
083999 2
084096 1
084128 1
082031 2
083537 1
083530 2
080394 2
083135 1
079218 2
115253 1
075309 2
075311 2
075414 2
075418 2
075513 2
075505 2
075511 2
084327 1
075500 2
075517 2
074954 2
075503 2
074947 2
075415 2
075417 2
077600 2
079363 2
077606 2
084213 2
075593 2
079364 2
075159 2
075161 2
082091 2
083111 2
114464 1
082096 1
079223 2
084006 2
114483 1
075501 2
078252 2
083179 2
084307 1
075518 2
084416 2
079188 2
083693 2
083698 2
051379 1
051488 2
115355 1
078164 2
078144 2
043963 2
078104 2
044184 2
082884 2
075315 2
078080 2
084152 2
078085 2
083739 2
082459 2
081685 2
083171 2
083173 2
078188 2
084090 2
082490 2
084155 2
078234 2
084157 2
137680 1
051528 2
083786 2
082887 1
091397 1
092037 1
079200 2
079172 2
083059 1
083019 1
082743 2
082757 2
084477 1
114640 1
081027 2
078452 2
078440 2
082071 2
083119 1
083168 1
082063 2
084384 2
078098 2
114647 1
084381 1
081897 2
081701 2
075608 2
078442 2
078128 2
081890 2
044367 2
051503 2
082615 1
113836 2
113800 2
082822 2
082829 2
082627 1
075906 2
044115 2
051143 2
025548 0
081648 2
079145 2
079288 2
082828 2
044080 2
044072 2
051251 2
051078 2
050972 2
084469 1
079167 2
083053 2
084005 1
081674 2
078445 2
082124 2
082144 2
051074 2
079291 2
075051 2
081709 2
084439 1
082075 2
082077 2
081901 2
081922 2
081903 2
075313 0
114932 2
114894 2
084413 1
044258 2
043991 2
114413 2
043879 2
079325 2
044255 2
043927 2
045040 2
044221 2
044339 2
044832 2
044850 2
045120 2
044773 2
045144 2
114972 1
114603 2
081229 2
051079 2
045205 2
115347 1
115445 1
115039 1
115034 1
181231 1
079670 2
181262 1
115918 0
114989 1
078659 2
084336 2
181139 0
044100 2
115446 1
078630 2
112097 2
067319 0
043889 2
081721 2
112139 2
081728 2
181198 1
078259 2
079641 2
079644 2
051068 2
074869 2
044028 2
084116 2
075472 2
075561 2
111359 1
081754 2
081778 2
078285 2
043943 2
084098 2
114414 2
279827 1
044166 2
074528 2
079129 2
078093 2
074557 2
084322 2
061409 0
044074 2
044075 2
084472 2
083563 2
083559 2
115703 1
051073 2
084255 2
051368 2
084475 2
051500 2
051194 2
084031 2
210897 1
083884 2
083887 2
083988 2
114436 2
051557 2
084110 2
115674 1
084216 2
043937 2
084104 2
084317 2
114873 2
084045 2
055782 0
115497 1
114908 2
084073 2
115676 1
084249 2
043929 2
084335 2
083977 2
075325 2
084292 2
210962 1
277006 1
083723 2
211014 1
211015 1
015108 2
081963 2
079341 2
219889 1
276904 1
219891 1
082002 2
080884 2
051431 2
223506 1
223511 1
043965 2
044193 2
083700 1
270015 1
051395 2
270009 1
080867 2
079970 2
138557 0
114487 2
269586 1
108045 1
083811 2
084283 2
080019 2
050832 1
083479 2
083071 1
114467 2
269649 1
045143 2
084175 2
084232 2
270013 1
083497 2
270014 1
269658 1
082779 2
045204 2
079837 2
081768 2
051187 2
079793 2
074907 2
081794 2
051107 2
082764 2
084265 2
084231 2
083444 2
114556 2
082769 2
083432 2
044238 2
114258 1
114295 1
084457 2
084345 2
084696 1
136354 1
114570 2
078458 2
044218 2
136059 1
051412 2
114465 2
114484 2
083975 2
074721 2
051397 2
211776 1
081482 2
084360 2
083699 2
083962 2
084211 2
084474 2
081615 2
081506 2
084617 1
082651 1
083694 2
082099 2
084097 2
220514 1
082093 2
081637 2
220004 1
051150 2
043864 2
077703 2
115343 2
081720 2
079360 2
078823 2
084348 2
180323 1
220007 1
271101 1
084017 2
180277 1
051069 2
081814 2
271840 1
051255 0
083990 2
084226 2
081807 2
044106 2
084383 2
081748 2
078043 2
084286 2
078049 2
081911 2
271898 1
075186 2
137440 0
081907 2
084271 2
185592 1
079642 2
075464 2
084306 2
043966 2
044194 2
084479 2
115322 2
271153 1
082080 2
082073 2
115629 1
084178 2
051210 2
115394 2
075191 2
075143 2
051202 2
083957 2
084085 2
084304 2
083961 2
084331 2
114848 2
084596 2
115280 2
082029 2
044108 2
051207 2
084083 2
114852 2
083955 2
081933 2
185585 1
083931 2
269640 1
084339 2
185588 1
083932 2
084038 2
084583 2
084113 1
044023 2
185578 1
115430 0
185561 1
083996 1
084267 2
180299 1
084011 1
120692 2
083305 1
007106 2
084100 2
084117 2
120705 2
084147 2
083207 2
082577 2
082614 2
051218 2
084754 2
115136 2
115508 1
045498 0
082629 1
078303 2
080366 2
082089 0
084775 1
084153 2
115292 2
080424 2
080236 2
084718 0
084052 2
084106 2
084154 2
083940 2
075137 2
084074 1
083029 2
114007 2
075120 2
084053 2
062670 2
083037 2
280412 0
114009 2
084387 2
054388 0
113971 2
084118 2
083969 2
184968 1
080217 2
084759 2
084047 2
114982 2
051193 1
081889 2
084069 2
184837 1
154470 0
084042 2
114003 2
184499 1
271686 0
084043 2
054411 0
084076 2
084111 2
113986 2
185562 0
081896 2
114987 2
084691 2
084062 2
139787 0
084805 2
113997 2
080426 2
114023 1
051192 1
114018 2
051198 1
051094 1
051195 1
051186 1
084075 2
128261 0
277015 1
084101 2
051213 1
084112 2
051204 1
051206 1
051209 1
051211 1
051166 0
115435 2
051059 1
051197 1
180635 1
051092 1
051189 1
084270 2
277028 1
114015 2
186599 1
084377 2
051199 1
051221 1
050849 1
051112 1
186597 1
084365 2
051201 1
180614 1
114011 0
051217 2
115405 1
115466 1
051200 1
084268 2
179693 1
115467 0
114648 1
051216 1
051203 1
114673 1
051215 1
051081 1
179703 1
114523 1
051205 1
179961 1
180595 1
179963 1
179999 1
180033 1
051208 1
180626 1
180592 1
051219 1
084252 2
051191 1
002361 1
051123 1
051225 1
180032 0
098271 1
051223 1
187031 1
051175 1
051222 1
005371 0
054226 0
084206 2
186978 0
084197 2
045517 0
180630 1
051172 1
114115 1
084318 2
075166 2
084243 2
089290 1
180268 1
089197 1
079179 1
079774 0
084225 2
113976 0
089248 1
089249 1
089147 1
114218 1
114217 1
083578 1
089165 1
003679 0
114990 2
114961 2
059551 0
078247 2
053519 0
084131 2
114966 0
084149 1
143111 0
079147 1
088340 0
079114 0
084091 2
081698 2
115434 0
084222 1
084120 2
079254 1
083162 2
081713 2
083027 1
067417 0
051465 2
051375 2
083945 2
083161 2
084081 2
114511 2
115088 1
114530 2
165904 0
083702 2
079183 1
083039 2
084308 2
226776 0
165339 0
083701 2
047032 0
115104 1
114786 1
079255 1
054110 0
084103 2
084109 2
078147 2
083164 2
115529 0
083159 2
055899 0
115113 2
115121 2
044186 2
114710 2
071500 2
084217 2
104673 2
043964 2
114741 2
071547 0
051439 2
115069 2
029062 0
115132 2
115090 2
225812 0
115105 2
042033 0
175308 0
114342 2
083914 2
082964 2
278007 0
054412 0
083844 2
082969 1
084250 2
083836 2
071456 0
076597 0
083813 2
083918 2
114410 2
104720 0
053844 0
076601 0
115518 2
125148 1
124993 0
016630 0
047712 0
099679 0
116076 1
115515 2
137537 0
114343 2
074903 0
115525 1
115736 0
270284 0
276641 0
201061 0
115383 2
124527 0
104629 0
071386 0
227351 0
114976 2
053041 0
034620 0
083005 1
128267 0
083686 2
083684 2
146295 0
119442 0
004588 1
125655 1
078172 0
015082 1
277050 0
280411 0
004718 1
045438 0
118970 1
280733 0
114738 2
114703 2
079630 0
265028 1
124962 0
083614 0
010957 0
093452 0
229197 0
269943 0
082088 0
136324 0
035229 0
113964 1
137003 0
053248 0
252303 0
114601 0
113893 1
271689 0
048773 0
276732 1
276733 0
114646 0
115129 0
005990 0
218053 0
057616 0
084442 0
276736 0
138478 0
004884 0
047953 0
200993 0
221485 0
074985 0
055777 0
048050 0
210086 0
041971 0
046798 0
116196 0
054355 0
135092 0
228158 0
055462 0
185555 0
051414 0
054639 0
114953 0
141479 0
104559 0
174909 0
236978 0
074827 2
054356 0
097485 0
117659 0
114847 0
276748 0
012330 0
045890 0
183648 0
003130 0
236641 0
084224 2
124203 0
113430 1
234442 0
051511 1
179998 0
124139 0
113431 0
084281 2
047765 0
047851 0
047747 0
003291 0
220060 0
010893 0
223649 0
115819 0
114639 0
000567 0
269126 0
054099 0
041079 1
041144 0
046768 0
278006 0
116915 0
138192 0
032401 0
070972 0
080203 0
043609 0
032340 0
047267 0
113012 0
045439 0
276950 0
223835 0
005221 0
119444 0
225479 0
271910 1
241423 0
053453 0
124894 0
234528 0
185568 0
260862 0
025722 0
010417 1
194485 0
066934 0
135135 0
074738 0
183721 0
124899 0
165383 0
226706 0
114707 0
227734 0
112121 1
176323 0
205222 0
030579 0
276728 0
173558 0
003227 0
179702 0
055131 0
084842 0
119895 0
234386 0
054444 0
020190 0
128276 0
272819 0
084180 1
084238 1
272460 0
186366 0
180037 0
237963 0
085326 0
054335 0
182993 0
032341 0
048745 0
139866 0
115570 1
083616 0
271183 0
215284 0
222924 0
227388 0
112514 0
214881 0
041192 0
115625 0
047152 0
045933 0
041932 0
241415 0
264069 0
059415 0
034640 0
053073 0
054156 0
057706 0
201494 0
162525 0
136835 0
141238 0
134626 0
048832 0
053031 0
281366 0
271044 0
084516 1
083750 1
081413 1
081564 1
081369 1
047416 0
079026 1
076642 0
099680 0
076361 0
268971 0
271087 0
230289 0
113025 0
225476 0
003831 0
041822 0
226820 0
113249 0
141864 0
000087 0
275981 0
195515 0
179692 0
039980 0
214882 0
042070 0
057277 0
083846 2
084501 2
119844 0
084497 2
084496 1
084067 2
230303 0
050623 0
046251 0
077141 0
113896 0
080639 0
095997 0
114758 0
084016 0
114857 0
047296 0
008263 0
009535 0
138190 0
187342 0
115315 0
066221 0
026370 0
012052 1
069397 0
156354 0
047262 0
003697 0
127569 1
161417 0
139544 0
127573 0
028395 1
020762 0
006283 0
057777 0
115458 0
127574 0
074826 0
007142 0
159473 0
056261 0
011163 0
116260 0
271292 0
127575 0
054562 0
084851 0
066974 0
161418 0
119214 0
223982 0
056238 0
115215 0
274320 0
271341 0
083970 2
061471 0
067047 0
025848 0
118962 0
055620 0
141477 0
127576 0
023328 0
268931 0
005980 0
020356 0
162224 0
171022 0
227696 0
119192 0
034767 0
228925 0
278184 0
177748 0
169969 0
276738 0
074977 0
047229 0
277236 0
176383 0
225598 0
070878 0
113967 0
074737 0
046566 0
022466 0
117885 0
057278 0
080715 0
183728 0
080800 0
069586 0
183223 0
175255 0
055108 0
055489 0
274697 0
115491 0
032328 0
075100 0
189119 0
084540 1
079043 0
272362 0
102759 0
046862 0
026969 0
056371 0
166420 0
026850 0
057045 0
070284 0
008272 0
047359 0
044892 0
084821 0
210053 0
116030 2
271476 0
017285 0
142267 0
276891 1
051399 0
044019 1
044026 0
044167 0
115593 0
276673 0
276720 0
236986 0
115410 0
016713 0
139947 0
047057 0
134924 0
015608 0
045888 0
176335 0
051504 0
276725 0
075312 0
053604 0
075992 0
006270 0
127578 0
115419 0
075003 0
166063 0
039686 0
018635 0
116057 0
066038 0
116021 0
003946 0
220041 0
090425 0
276750 0
229810 0
237882 0
065117 1
114046 0
173060 0
142496 0
271511 0
176393 0
272466 1
273597 0
180738 0
057861 0
057279 0
000340 0
276735 0
089434 1
115822 0
089454 0
009265 0
271185 0
023656 0
089550 0
276990 0
099904 0
114937 0
005174 0
084843 0
102570 0
115761 0
276661 0
053395 0
054532 0
119786 0
113979 0
077374 0
141877 0
054374 0
045807 0
056148 0
157634 0
080686 0
118971 0
044401 0
134564 0
276679 0
074831 0
275427 0
112933 0
170629 0
108428 0
205780 0
047161 0
002208 0
141958 0
166309 0
047372 0
175630 0
090279 0
055631 0
177733 0
054569 0
048448 0
276741 0
040999 0
175455 0
272593 0
047105 0
142888 0
046601 0
114532 2
079051 0
114517 2
050738 0
114516 0
139853 0
114531 0
149071 0
122423 0
153646 0
082020 2
000867 0
057339 0
082034 2
051945 0
275280 0
020358 0
139804 0
113064 0
253767 1
034577 0
074849 0
012321 0
148718 0
064677 0
047987 0
205475 0
046349 0
067328 0
245250 0
204499 0
033081 0
166115 0
260562 0
247991 0
054455 0
161726 0
077370 0
083425 0
175610 0
099067 0
088950 0
137164 0
115421 0
203871 0
236992 0
220838 0
044053 0
047246 0
078131 0
116088 0
224877 0
240929 0
004728 0
137207 0
020357 0
034367 0
276927 0
090278 0
249804 0
075262 0
195221 0
274256 0
056614 0
084392 2
136109 0
066964 0
245047 0
159654 0
174651 0
074739 0
071743 0
197852 0
083793 0
054870 0
172992 0
044210 0
077422 0
071968 0
271234 0
054288 0
067871 0
056811 0
231427 0
232127 0
119573 0
245547 0
126568 0
053109 0
005624 0
111626 0
242697 0
277924 0
119612 0
116143 0
084801 0
274233 0
280947 0
097201 0
227183 0
271116 0
057623 0
009579 0
141334 0
039387 0
020304 0
084646 0
047705 0
275034 0
122943 0
124425 0
137236 0
067895 0
083697 2
083691 2
049104 0
083667 1
021477 0
056006 0
214795 0
051212 0
249884 0
174956 0
279850 0
166421 0
226433 0
165547 0
078006 0
135145 0
167767 0
278325 0
034626 0
236463 0
113162 0
053407 0
276667 0
084663 0
149281 0
269253 0
023869 0
093389 0
273452 0
077138 0
287506 0
032200 0
054860 0
137907 0
278334 0
074760 0
268975 0
276644 0
026427 0
176239 0
047052 0
114318 0
013446 0
057775 0
083942 2
147774 0
084078 2
003460 0
041173 0
260971 0
063050 0
156356 0
023509 0
047853 0
084209 2
246499 0
056317 0
109629 0
159470 0
179962 0
160850 0
114613 0
032757 0
151006 0
026434 0
040008 0
168729 0
005825 0
054587 0
085632 0
219440 0
084179 2
114949 0
176419 0
084229 2
066839 0
279304 0
053444 0
090307 0
134582 0
075024 0
016598 0
139552 0
083890 0
244181 0
047687 0
111628 0
069010 0
057704 0
138288 0
203793 0
057756 0
234787 0
005545 0
005968 0
054997 0
047645 0
026588 0
043833 0
168708 0
003440 0
165548 0
054071 0
072346 0
117857 0
254308 0
249870 0
162001 0
120124 0
057717 0
173658 0
080261 0
084811 0
094504 0
051941 0
277413 0
055546 0
074780 0
264099 0
079668 0
136145 0
024782 0
004620 0
274234 0
144741 0
112762 1
277689 0
116144 0
111717 0
266063 0
077136 0
053824 0
071849 0
276681 0
047668 0
041729 0
276737 0
182690 0
087134 0
083986 2
084033 2
111627 0
226746 0
151043 0
111641 1
173937 0
111715 0
054613 0
284744 0
109305 0
054230 0
113977 0
165919 0
053008 0
119935 0
012285 0
111649 1
111670 0
114942 0
126848 0
179960 0
140798 0
285511 0
062783 0
128153 0
054944 0
047758 0
047884 0
026175 0
053660 0
150820 0
048009 0
116049 0
250028 0
046785 0
097848 0
119567 0
229939 0
086921 0
141511 0
053642 0
115502 0
134719 0
114956 0
114988 0
103457 0
134629 0
089001 0
075256 0
166310 0
182156 0
249746 0
175554 0
023874 0
084296 0
226682 0
117757 0
271073 0
005794 0
229029 0
070009 0
115256 0
162772 0
039392 0
228793 0
148078 0
053153 0
057550 0
006698 0
278335 0
025692 0
047686 0
119216 0
113168 0
165317 0
142025 0
052071 0
054576 0
269257 0
150201 0
057741 0
166330 0
270029 0
082479 0
084880 0
169737 0
003306 0
055969 0
080096 0
055729 0
075341 0
046747 0
104145 0
027557 0
271931 0
134934 0
089179 0
083033 0
271763 0
196147 1
114948 0
039245 0
261317 0
117533 0
007976 0
056886 0
114991 0
077564 0
