229351 1
229356 1
229358 1
234389 2
234388 1
231388 1
234490 1
234119 1
233919 1
227946 2
231229 1
231233 1
231243 1
231230 1
231234 1
231244 1
231228 2
231232 2
231242 2
228972 2
231283 2
231286 2
231313 2
231307 2
231271 2
231255 1
231272 2
231302 2
229194 2
229047 2
229357 2
229359 2
229021 0
231409 1
231411 1
231424 2
231609 1
234390 2
017844 2
242982 1
242928 2
242922 1
242910 1
136485 0
242895 2
239745 0
234086 1
229352 2
256312 2
256301 1
194720 1
194722 1
196314 1
221595 2
231112 1
231119 1
196586 1
221631 2
221636 2
196598 1
221682 2
231120 1
196600 1
229424 2
229361 2
229310 2
142218 0
231148 2
239253 0
234087 2
234012 1
234052 2
136301 1
136299 1
136326 1
229439 1
229548 2
289107 0
239329 0
229516 2
229179 2
229531 1
229207 2
229238 2
229241 1
158734 1
155637 0
136293 0
228693 0
161987 0
241100 0
191054 1
191448 1
196315 1
196587 1
191439 1
196599 1
196601 1
229423 1
224895 0
208778 0
229255 0
009330 0
199878 0
222154 0
156658 0
196036 0
256031 0
265451 0
229289 0
171709 0
229011 2
200193 0
211929 0
155631 0
191053 1
136512 0
208779 0
156643 0
170262 1
170559 2
170767 2
170739 2
170776 1
170765 2
239800 0
265266 0
196537 0
221680 2
227212 0
206940 0
096583 0
169215 0
284870 0
229148 0
260624 0
142221 0
154551 0
195958 0
155615 0
229074 1
263117 0
137379 0
221681 2
221594 1
221630 2
221635 2
222240 1
197156 0
143601 0
228533 0
236007 0
136208 0
235780 0
240905 0
199804 0
143643 0
008674 0
232420 0
233952 1
233944 1
273053 0
196536 1
196538 0
239330 0
121913 0
211931 0
099712 0
236700 0
267532 0
231433 0
272957 0
015689 0
207182 0
190276 0
209427 0
231504 1
235168 0
234727 1
234782 1
234682 0
234726 0
220435 0
231431 0
238924 0
198601 0
137326 0
161991 0
078643 0
251280 0
224521 0
269539 0
234781 0
234886 0
235166 0
240121 1
155514 0
231777 0
056998 0
265272 0
191017 0
220444 0
121806 0
289099 0
227223 0
244621 0
239739 0
159994 0
072031 0
007800 0
234297 0
060918 0
198599 0
224144 0
197251 0
202410 0
140817 0
289101 0
143206 0
222988 0
239323 0
188119 0
234286 1
269447 0
188386 0
231212 0
233969 0
132792 0
234575 0
242821 0
232912 0
220856 0
115689 0
221752 0
001764 0
231304 0
278583 0
109472 0
239256 0
235167 0
043975 0
273998 0
222163 0
009546 0
155607 0
186792 0
171673 0
192008 0
238183 0
010247 0
254818 1
