226419 1
202309 1
253060 1
191960 1
192027 1
191952 1
233435 2
207523 2
199800 1
199799 1
199644 0
201723 1
201733 2
141618 0
258502 2
261671 0
223623 0
243224 1
243208 1
243497 1
257917 2
243496 1
243402 1
243401 1
243811 1
243818 1
243780 1
243779 1
244136 1
244143 1
243528 0
250339 1
250338 1
287168 2
229701 2
287669 2
258244 1
243559 1
243558 1
243862 1
243834 1
243857 1
243843 1
256434 0
211355 1
243826 0
211988 0
244363 1
205780 0
244341 1
250887 2
257243 1
257343 1
257272 1
244732 0
242947 2
227462 1
227546 0
271663 2
242624 2
275040 2
275063 2
271664 2
275029 2
228782 1
196270 2
228911 1
228781 1
228910 1
253501 2
199662 1
199768 1
253557 2
253570 2
253575 2
253600 2
253675 2
253602 2
253701 2
253425 2
253449 2
253502 2
253558 2
253571 2
253576 2
253354 2
244471 2
244451 2
210978 1
187602 2
210803 2
275249 0
253569 0
210735 2
207193 1
229632 2
206995 1
229876 2
229964 2
234372 2
205796 2
183845 2
183853 1
206423 2
108832 1
108880 1
108911 1
234371 2
108912 1
109176 1
109198 1
109210 1
015242 0
206434 2
240501 2
208579 1
202794 1
202237 1
202384 1
202398 0
201756 1
210756 1
184706 1
184695 2
128627 1
080223 2
206808 1
256767 2
210748 2
256770 2
128478 1
203074 0
210965 2
202470 0
201638 1
017574 2
256022 1
256099 1
255936 1
254637 1
255060 1
225400 2
199789 0
254881 0
224535 2
231133 0
208546 2
216167 1
203076 2
197534 1
197450 1
197440 1
203072 2
025484 0
184747 1
252372 0
201963 1
201964 1
243186 1
201958 1
200003 1
202797 0
101493 1
202963 0
199967 1
244423 1
244426 2
244436 2
244261 2
244365 1
202262 1
244353 2
202344 1
244366 1
244367 1
206698 2
237379 2
258373 2
258357 2
237336 2
237378 0
206720 2
206709 2
206885 2
244425 2
226922 1
165336 0
208051 1
206797 1
207204 1
203070 0
123878 0
234290 1
155811 1
199226 1
234289 0
201815 1
019075 1
262867 1
244435 0
201813 1
199222 1
209030 1
199153 1
281992 0
265042 1
199154 1
136116 0
199156 1
199160 1
199558 1
146539 2
262872 1
258430 0
282970 0
262174 0
199458 1
199482 1
152471 0
080833 1
199483 1
199502 1
190683 0
209712 0
208975 1
204245 1
257428 0
208007 1
202633 0
253926 0
208029 1
208997 1
208018 0
001554 1
208414 1
256551 1
200471 0
208678 1
256403 0
224398 0
064349 1
202689 1
263682 0
067843 1
067839 1
070171 2
103344 2
215569 0
070147 2
067812 1
103320 2
070150 2
103323 2
256168 0
197170 0
205619 0
244502 1
113760 0
226161 1
226164 0
257421 0
274359 0
210877 0
251938 0
229135 0
201516 0
032000 1
031977 1
187674 0
030165 0
035546 0
240791 0
190565 0
241117 0
243561 0
255270 0
086685 0
186283 0
229269 0
124458 0
196161 0
199236 0
282164 2
238027 0
098618 0
253574 1
230075 1
145487 0
080961 1
115184 0
190527 0
261392 0
261453 0
222262 0
088010 1
256173 0
235994 0
203057 0
240550 0
256433 0
215600 0
124470 0
264159 0
210885 0
208986 0
202796 0
276412 0
033087 0
006558 0
261667 0
233644 0
132183 0
243812 0
141604 0
275809 0
261530 0
127751 0
253995 0
288705 0
275521 0
152740 0
112197 0
250646 0
281926 0
282863 0
267709 0
124627 0
229250 0
025463 0
187662 0
010964 0
224627 0
261579 2
254225 1
254165 1
254170 1
254169 1
254186 1
267467 0
195561 0
240836 0
226869 0
261580 0
226560 0
160173 0
203050 0
217109 0
256432 0
256772 0
057897 0
256783 1
261575 0
028839 0
208535 0
261447 0
256803 0
222259 0
285761 0
265152 0
257456 0
193753 0
152484 0
222775 0
153111 0
283607 0
258446 0
256816 0
260615 0
252080 0
145492 0
115627 0
025686 0
269513 0
176461 0
076977 0
255691 0
256345 0
226559 0
274400 0
153174 0
133558 0
030168 0
075559 0
238226 0
282483 0
287843 0
253780 0
274418 0
094059 0
268337 0
275543 0
023279 0
197176 0
285025 0
160515 0
194468 0
229279 0
270363 0
283395 0
226411 0
231301 0
207754 0
275814 0
241459 0
148897 0
218910 0
229871 1
202795 0
229824 0
229820 0
165298 0
222265 0
226626 0
261287 0
008757 0
258440 0
235280 0
193517 0
215603 0
176462 1
176460 0
176458 0
276132 0
263418 0
139674 0
252426 0
052216 0
176447 1
242472 0
254793 0
241077 0
210852 0
144451 0
221278 0
230040 0
160194 0
258925 0
124617 0
225367 0
202334 1
202363 2
168904 0
278360 0
224976 0
226845 0
079186 0
192431 0
005950 0
240547 0
175846 0
234399 0
208062 0
193849 0
193521 0
275199 0
261528 0
153788 0
115188 0
127390 0
231208 0
145335 0
164877 0
196187 0
195625 0
180669 0
199251 0
223113 0
251950 0
273880 0
233928 0
230124 0
226645 0
193752 0
161523 0
220390 0
242010 0
287867 0
131206 0
124950 0
070126 0
287271 0
273798 0
111790 0
192326 0
244083 0
223889 0
228727 0
170811 0
243832 0
163117 0
269783 0
229146 0
262084 0
094062 0
266128 0
163167 0
198327 0
185881 0
097597 0
263740 0
261101 0
139406 0
062954 0
033082 0
277026 0
264160 0
