256187 2
256184 2
278461 0
226071 0
256402 0
256771 2
256765 0
227874 0
256204 2
223918 0
230869 1
256353 2
256341 2
227822 0
256429 1
284692 1
256509 0
256398 2
263018 0
286734 0
256283 0
286739 0
278668 0
230868 0
227839 0
227148 0
256627 0
064508 0
067773 0
227632 2
230855 0
133095 2
129930 2
203104 0
131667 2
256270 0
179244 0
064056 0
021844 0
229648 0
023741 0
256598 0
256223 0
111869 1
006202 0
263111 0
256194 0
157230 0
131683 0
282815 2
200723 0
111870 2
096574 0
286656 2
021842 0
226055 0
282800 0
279127 2
154615 0
162230 2
229652 0
276453 0
131669 0
256157 0
261909 0
266988 2
228604 0
131054 0
281821 0
022317 2
026892 0
084394 0
085015 0
263112 2
193094 0
228605 0
227652 0
260019 0
000837 0
256291 0
179248 0
256342 2
090622 2
266991 2
233217 2
027001 0
267186 2
267193 2
267195 2
267198 2
227669 0
265662 0
090596 1
100452 0
100461 0
284681 2
284693 2
286657 2
286735 2
000829 0
284669 2
267192 0
267185 0
267194 0
267197 0
279130 0
267196 0
232592 2
233238 2
233237 2
232586 2
233791 0
233803 2
233807 0
233809 0
233821 0
241866 2
242057 0
242066 0
232620 2
232591 2
232604 0
239076 2
244454 2
244461 2
002094 2
233255 2
238505 2
273090 0
233805 0
233790 2
233802 2
233806 2
279277 0
233808 1
241865 2
233820 2
141326 0
141305 2
273144 0
279271 2
279278 2
283799 0
283887 0
242065 2
283798 0
197909 2
141536 2
008431 2
197921 2
008359 2
232639 2
236253 2
242056 2
238506 2
239077 2
244455 2
244462 2
197910 2
197922 2
200722 2
200763 2
022321 0
232637 2
142105 2
283886 0
200762 2
200721 2
162298 0
022331 2
244460 2
236157 2
162229 2
244453 2
279270 2
162228 0
144692 2
046055 2
087766 2
264514 2
085082 1
085068 2
264512 0
051434 2
264541 2
022532 2
289809 0
083568 1
085081 1
057024 0
219498 2
023460 0
111867 1
233317 2
088011 1
233307 2
265676 1
260012 2
265210 2
265322 2
260000 0
057700 2
269364 0
151682 1
269285 0
080266 2
083230 2
170306 0
129692 1
043624 1
046342 2
170277 0
100013 2
170250 0
029074 2
043632 1
041485 1
232880 2
082624 2
012352 2
075722 1
193705 2
244411 0
064442 1
029387 2
193830 0
099581 0
166819 2
084150 2
099588 0
078291 2
099649 0
045776 1
050537 1
155203 2
155029 0
112328 0
258017 2
099323 0
134229 2
268459 2
036212 2
000329 1
003013 2
259246 0
115278 2
028289 2
079747 0
228913 2
033174 2
111785 0
077613 2
057889 2
040149 1
008726 2
030050 0
286668 1
033297 0
079578 2
030856 1
260840 0
260920 0
260192 0
245106 2
087542 1
111861 2
012582 2
007605 2
193785 2
111352 1
046637 1
155000 2
192001 0
244882 0
044154 1
033626 1
228791 2
193790 0
004595 1
281685 0
288779 2
263337 0
148809 0
071412 0
104585 0
131591 2
034760 1
080022 2
196288 2
193792 0
200549 0
286704 2
131642 2
067241 1
168553 0
112003 0
263376 2
064444 0
057882 2
196289 2
059257 2
040906 1
065952 2
067255 1
080450 2
154998 2
131648 2
087661 1
131592 0
057711 1
009038 2
288780 2
131675 0
087559 1
091902 0
116006 2
084929 2
261227 2
001143 0
123030 0
140353 0
084888 2
009523 2
121982 2
116786 0
257527 2
258330 2
189482 0
000912 2
067489 1
066998 1
164644 2
131639 0
062104 1
219696 2
146336 2
263570 2
260212 0
279290 0
169931 1
128289 2
128163 0
000972 0
064174 2
263571 2
085269 1
281877 1
009521 2
121980 2
012441 2
018482 2
128764 2
111570 1
085253 2
034692 2
045100 0
010348 0
122669 0
044661 0
067746 0
067774 0
243674 0
064168 0
124325 0
188749 2
067524 0
111582 0
135572 1
087666 2
268789 2
231928 2
094243 1
243900 2
054993 1
094472 2
011270 0
233710 2
045183 0
083668 1
158262 0
052593 0
288446 2
242470 0
257621 2
094539 1
262608 2
223119 2
223135 2
110449 2
282665 2
000920 0
132020 0
146479 0
070798 0
103972 0
087680 0
231975 0
243901 2
078405 0
017746 2
243883 2
282685 2
129277 2
262613 1
262625 1
110479 0
288557 2
087725 2
288447 2
262667 0
169983 0
262717 2
169984 0
262687 2
153500 0
110996 0
063289 0
110997 2
122370 1
280498 0
122371 2
009522 2
121981 2
017255 0
129623 0
010092 0
122390 0
289576 0
289584 0
244592 0
286473 0
024397 2
010034 0
244613 0
094752 1
282759 0
243925 0
093883 2
088523 2
024385 2
094848 0
135376 0
155661 2
090743 0
022335 0
194782 2
005390 2
126175 2
009596 2
287092 0
093659 0
124631 0
244561 0
007443 2
111470 2
135378 0
287098 0
148193 0
143422 0
010555 0
143413 0
282761 0
287097 0
063791 0
194784 0
046221 1
147844 0
095524 0
282767 0
282769 0
263008 1
088725 2
093668 0
112037 2
022338 2
148211 0
088844 2
143466 2
137592 0
066081 0
127637 0
194785 2
009658 0
202323 2
170026 2
046173 2
181458 0
111481 2
024283 2
137946 0
269445 0
124599 2
009401 0
121450 2
232861 0
236112 2
194805 0
181377 0
067243 0
216287 0
046040 2
202272 2
202266 2
121451 2
093898 2
121452 2
008058 0
121457 0
202305 0
236135 0
095588 2
010042 0
024280 2
100404 2
027994 1
262710 2
194814 2
109969 0
109983 0
262712 2
022258 2
086454 2
045373 0
030651 2
001159 2
022390 0
095472 0
022368 0
263829 0
284855 0
022365 1
192519 2
022355 0
263828 0
045216 1
263338 1
263377 1
094222 0
262731 2
262732 2
086412 2
034179 1
263575 0
086411 0
081070 0
263521 0
039559 1
011743 2
094658 0
034377 0
065983 0
259435 0
022372 0
260082 0
263321 2
094735 0
204642 0
190201 2
024870 0
080832 0
263326 1
094033 0
080984 0
065104 0
071138 0
104311 0
064453 0
044935 2
085198 0
000020 0
008057 0
121453 0
285088 2
244739 2
194086 0
092902 1
094776 0
152473 2
084918 0
165053 0
075064 0
022131 0
000869 0
042079 1
159720 0
287814 0
092912 2
168883 0
043603 0
219402 0
001858 2
263320 0
262973 2
107832 0
154549 0
286901 0
000477 2
224519 2
084391 2
199225 0
224572 0
224677 0
224731 0
224736 0
039498 1
224583 0
152502 0
039522 0
152488 0
152491 0
065766 2
006169 2
258329 2
084237 2
257526 2
008443 0
000300 2
131742 0
045575 1
014299 0
244568 0
140767 0
045573 0
002774 0
054600 1
277932 0
039431 0
262702 0
137951 0
045574 0
192485 0
138596 2
138597 2
008626 2
138728 0
182755 0
283164 1
034554 2
255681 2
269350 2
262918 0
226799 0
235219 0
039473 0
121257 0
029255 0
111865 0
140830 2
280852 0
284982 0
264621 0
107840 2
032431 2
177821 0
177823 0
177826 0
177828 0
177831 0
177838 0
243678 0
107901 2
202304 0
044904 0
138757 0
045406 0
284312 2
284400 2
209943 2
023821 2
279913 2
278030 0
148344 0
034546 2
050611 2
126942 0
044873 0
280661 0
211739 0
045549 2
283178 2
243707 0
269351 2
032367 2
126997 0
179523 0
098621 1
126201 0
243729 0
255666 2
269733 2
124634 0
273664 0
280659 0
200313 0
058531 0
262679 0
063075 0
164536 2
280633 0
031850 0
255687 2
255698 2
283473 0
255622 0
269373 0
269376 2
050346 0
255719 0
255716 0
164534 2
045545 0
164532 0
023719 0
269400 0
223118 0
223134 0
269298 2
164929 0
152134 0
260081 0
029055 0
202826 2
269297 0
029064 0
260507 0
040977 2
027217 1
055623 0
286927 0
055517 0
029722 0
060265 2
058856 0
046497 0
035810 0
227661 0
256858 0
257027 0
029011 0
254030 0
279717 0
081415 0
143337 2
081599 0
143272 2
114627 2
233667 0
260548 0
016664 0
273982 0
170407 0
170408 0
170409 0
170311 0
024102 1
111880 2
145988 0
273984 0
273959 0
170424 0
154684 0
024101 1
084380 0
016662 0
281861 0
160382 0
114566 2
279719 0
119574 0
259959 2
267487 0
267490 0
084366 0
257021 0
150439 2
001820 0
154648 0
085236 0
088552 1
233655 0
087719 0
002119 0
132487 0
252654 0
088179 1
089585 0
148262 1
024044 1
148026 0
035351 2
058508 2
064617 1
233668 0
285596 0
148267 0
133065 0
281192 0
017701 0
050085 1
199855 0
023709 1
114652 0
064616 0
064614 0
035296 2
050081 2
035132 2
122851 0
034432 2
050824 0
050801 0
261133 0
091075 0
155850 0
151197 0
143487 0
043771 0
087543 0
053746 2
079652 1
131559 2
178145 2
022342 0
159719 2
037473 0
038777 0
064613 0
159686 1
200740 2
159703 0
169947 1
066039 0
261131 0
059234 0
061187 0
037485 0
057724 0
177979 0
013994 0
068126 0
003997 2
100581 2
126731 2
169128 0
156019 2
000813 2
233506 0
261191 0
178140 0
128548 0
128584 0
101751 0
108332 0
008060 2
121460 2
097289 0
039957 2
227079 0
288456 0
013191 0
023501 0
033781 2
079766 0
156876 2
175633 0
257533 0
108881 0
048495 0
078280 1
039458 1
080336 0
061340 0
281617 0
108371 0
230390 0
202592 0
024135 0
061795 0
169883 0
079466 0
233514 0
141318 0
108834 0
279608 0
182198 0
131665 2
016895 0
093274 0
001303 0
023489 0
285667 0
220161 0
048604 0
161099 0
150327 0
150994 0
061887 2
035820 1
235193 0
264317 0
131561 2
131560 2
131562 2
131563 2
066158 0
160011 0
035419 0
035394 0
174560 0
174519 0
035811 0
201097 2
183337 2
131647 0
035821 0
174468 0
174132 0
170182 2
174128 0
000895 2
174488 0
187116 0
033401 0
174478 0
163127 0
174476 0
114844 0
010350 0
154956 0
186454 0
033407 2
170323 0
158984 0
118865 0
060065 2
196099 2
161742 0
050392 0
028010 0
259332 2
160012 0
138863 2
170226 0
064783 0
066242 0
160062 0
186292 0
130416 0
286368 2
233390 0
000833 0
109187 0
109212 0
169871 0
014126 0
220008 0
056799 0
200169 0
036412 0
198363 0
277296 0
277341 0
029417 0
169489 0
000971 0
030411 0
027035 2
177712 0
029392 0
277344 0
183892 0
186632 0
188792 0
083184 0
253718 2
187588 0
064780 0
076423 2
006972 0
120597 0
007834 0
121250 0
114831 0
095673 0
277345 0
178147 0
071174 0
104347 0
022938 0
277676 0
272932 0
068637 0
219863 0
147273 0
146426 0
272937 0
256597 0
071125 1
104298 1
076835 1
071102 0
104275 0
071024 1
104197 1
071019 0
104192 0
071022 1
104195 1
027034 0
253636 2
076887 1
024392 0
131555 0
024049 0
024373 0
024092 0
024137 2
131605 0
044807 0
094307 1
024132 2
061998 1
024105 2
140550 0
270786 0
270794 0
175713 0
175718 0
175725 2
175737 2
008591 0
267981 0
131679 0
061005 2
267990 2
066306 1
282310 0
094341 2
092074 0
001004 0
131557 2
227160 0
121454 0
069656 0
102829 0
052620 0
091574 0
132112 0
034433 0
282550 0
012244 0
092086 0
131577 0
004288 0
122553 0
224042 0
192247 2
131712 0
087761 0
095881 0
076481 0
235389 2
118136 0
029908 0
087760 0
129931 2
044793 0
133078 0
130209 0
109985 0
133084 1
253496 2
133111 1
005201 0
193590 0
008034 2
121430 2
023953 0
130207 0
180188 0
024042 2
067752 0
008071 2
121467 2
131680 0
002430 0
075092 0
277616 0
253562 2
259972 0
175828 0
281696 0
130878 0
041021 2
014265 0
018392 0
001025 0
023412 2
108716 0
131558 0
235407 0
050787 0
235504 2
235539 2
023367 2
121455 2
023413 2
257104 2
007982 2
121386 2
257188 1
121372 2
046235 0
066627 0
066694 1
066677 2
199797 2
141032 0
090745 0
141044 0
078776 1
000870 2
060825 0
023996 2
066459 0
090237 1
069732 0
102905 0
075924 0
024082 0
258806 0
099248 0
272822 0
066857 2
101027 0
169977 2
093810 0
060220 2
032970 1
066790 2
066758 2
