151975 1
151970 1
039553 0
227899 1
089061 0
130622 1
089060 1
195548 1
000416 0
023634 0
224581 1
227906 1
000034 0
017925 0
131417 1
068098 1
113429 0
202158 2
264450 0
131710 1
077040 1
040248 0
019024 1
125217 1
008658 0
191765 1
264966 1
163710 1
126899 1
019049 1
211219 1
192383 0
117779 1
068097 1
009185 0
194911 1
131991 1
122735 1
068042 1
010035 1
126986 1
280349 1
011766 1
122835 0
122837 1
118117 1
004286 1
132649 1
079720 1
117670 1
006069 1
239801 1
019044 1
186153 1
150616 1
153092 1
068068 1
170341 1
170342 1
125215 1
163706 1
239926 1
240106 1
240178 1
240193 1
221910 0
124845 1
176005 1
127130 1
101432 1
142967 1
156429 1
133523 0
150646 1
014868 0
123258 0
011914 1
238718 1
123163 0
019052 1
069102 1
102275 1
143096 1
143097 1
193896 1
113498 0
170724 1
170725 1
175921 1
124686 1
170684 1
153547 1
006944 1
120565 1
079728 1
193884 1
193879 1
143114 1
018506 1
011435 0
125163 1
170685 1
170686 1
193883 1
133845 1
194990 1
134263 1
134292 1
124789 1
153089 1
146633 1
018784 1
195033 1
002786 1
265548 2
170340 1
265549 2
134010 1
134964 1
134184 1
242134 1
000862 1
013183 1
163938 1
134983 1
182699 1
160294 1
193361 1
011861 1
157978 2
136118 1
108531 1
163957 1
182728 1
128998 1
182764 1
182729 1
054705 2
124970 1
238727 1
136117 1
185796 1
238942 1
136186 1
163719 1
001618 1
157982 2
239496 1
124968 1
124971 1
000921 1
263623 1
163705 1
154697 1
018304 1
128899 1
223477 1
153304 1
289135 1
003963 1
242110 1
263622 1
154544 1
177036 1
177083 1
258684 1
263604 1
258700 1
258706 1
259550 1
155696 1
185844 0
136039 1
161392 0
019060 1
228038 1
153071 1
263513 1
137998 1
154560 1
008246 1
242111 1
242135 1
141961 1
238726 1
153072 1
010435 1
054618 1
131858 1
268346 1
236702 1
002292 1
136041 1
163921 1
160320 1
231767 1
167069 1
264978 1
191665 1
169151 1
242084 1
242092 1
142411 1
133846 1
137972 1
133844 1
242067 1
134871 0
169172 1
239536 0
137940 1
071597 0
104770 0
002787 1
136037 0
131676 0
134013 0
176264 1
269578 2
242133 1
204300 1
125709 0
284621 0
269692 1
169002 1
134709 0
181444 0
011905 1
269705 1
181392 0
185799 0
185847 0
182492 0
001613 1
181902 0
131866 1
069827 1
103000 1
175589 0
191824 0
069751 1
102924 1
289221 0
178146 0
155118 0
131650 0
137971 1
090379 0
182499 0
113554 0
153515 1
175685 1
182703 0
236703 1
178077 0
135220 1
289220 0
140623 0
178149 0
195220 0
268426 0
132641 1
109294 0
128133 1
125710 0
189891 0
265287 0
135680 0
179911 1
179912 1
185797 0
185845 0
196390 1
280430 1
178406 0
014825 1
017805 1
219454 1
134023 0
267006 1
112699 0
192125 1
204289 1
289357 1
178394 0
189677 0
031560 0
132089 0
285883 0
012616 1
179722 1
178239 0
269683 1
255914 1
255941 1
009288 1
121775 1
253540 0
253613 0
071541 0
128111 1
203475 1
200641 1
255850 1
289264 1
153577 1
255824 1
267083 1
200642 1
121774 0
088936 1
139313 1
191972 1
124862 1
008909 1
153513 1
153529 1
200643 1
008802 1
176638 1
202902 1
192126 1
269467 1
128693 1
088987 1
168804 1
223776 1
001449 1
159029 1
031676 1
018629 1
128686 1
131538 1
091687 1
236319 1
131478 1
236330 1
196226 1
223420 1
131491 1
100420 1
019724 1
191007 1
239548 2
066541 1
127607 1
100509 1
159008 1
271872 1
196218 1
159020 1
159023 1
126917 1
158874 1
190565 1
271971 1
180125 1
176822 1
190527 1
032430 1
125005 1
159026 1
124860 1
196481 1
069816 1
102989 1
032422 1
181986 0
197748 1
232048 1
196485 1
180128 1
185800 0
185848 0
131869 1
181993 0
191303 1
011219 1
156544 2
124511 1
238940 1
219606 0
081268 1
001480 1
153396 1
152259 1
141987 1
075940 1
155452 1
147384 1
147385 1
185981 1
180126 1
126281 1
053688 1
144752 1
195726 1
195728 1
195737 1
195739 1
195803 1
195806 1
195815 1
195817 1
195830 1
195870 1
195933 1
197869 1
199458 1
199482 1
126292 1
199483 1
190683 1
144806 1
199558 1
197871 1
191227 1
199502 1
124987 1
117429 1
019708 1
117614 1
195948 1
195939 1
087424 1
014462 0
123161 1
147495 0
196503 1
117616 1
190998 1
012992 1
076100 1
003786 0
043957 1
014530 0
176934 1
190903 2
035076 1
169131 2
169132 2
081210 0
003605 0
136327 0
011192 1
190942 1
278634 1
136337 0
145908 1
013603 1
076014 1
122874 1
100958 1
012665 1
044058 1
126900 1
136572 0
196425 1
196411 1
258385 1
169049 1
196549 1
035051 1
170418 1
170419 1
258341 1
278635 1
237242 1
148134 0
116797 1
000537 0
181014 1
240286 1
126888 1
238824 1
069602 1
102775 1
195744 2
070644 1
103817 1
176769 1
176770 1
195872 1
185915 0
156575 1
191062 1
176758 1
013938 1
144789 1
190842 1
161302 1
253833 0
240290 1
131711 1
076113 1
196370 1
170172 1
170173 1
002304 1
238941 1
240300 1
240291 1
126894 1
240318 1
195907 1
195901 1
240317 1
170171 1
116991 1
170410 1
156574 2
123357 1
169492 1
169493 1
169494 1
011986 1
122877 1
002859 1
069468 0
102641 0
195727 1
195814 1
159114 1
161268 1
195829 1
289654 1
169485 1
117315 1
195816 1
169488 1
018321 1
085843 1
224459 1
111425 1
195802 1
159042 1
272715 0
195805 1
128475 1
195932 1
159039 1
191599 1
126890 1
157425 1
157426 1
117316 0
259981 0
127028 1
081318 1
163213 1
076275 1
127382 1
128616 1
124492 1
195725 1
272723 0
212211 1
158944 1
109086 1
158921 1
001466 1
153027 1
164704 1
153181 1
153394 1
289627 1
167931 0
167932 0
163637 1
158876 1
159010 1
124180 1
176787 1
127472 1
070745 1
103918 1
126442 1
001271 0
132502 1
285882 1
167879 0
167880 0
021475 1
124510 1
129654 1
180468 0
110022 1
195869 1
128615 1
128717 0
153180 1
236265 1
117928 1
033773 1
090619 1
018585 0
128714 0
127471 1
153244 1
132521 1
195736 1
195738 1
153455 1
129616 1
017296 1
129598 1
153241 1
129653 1
153157 1
153158 1
153169 1
163514 1
159022 0
159025 0
159028 0
159031 0
126482 1
163495 1
132534 1
153488 1
153168 1
070670 1
103843 1
153028 1
236278 1
123356 1
004201 1
289617 1
176820 1
176819 1
014196 1
014200 1
146881 0
176831 1
012018 1
197330 1
169333 1
169334 1
163141 1
063835 1
110083 1
002369 1
006335 1
167490 1
167491 1
110105 1
136428 1
167914 1
167915 1
167842 1
170304 1
239089 1
098957 1
016629 1
242903 1
238089 1
136438 1
167486 1
167578 0
164470 1
195886 1
127495 0
286551 1
044550 0
202975 1
161933 1
018779 0
036367 1
007380 1
036409 1
242930 1
275358 1
130560 1
018174 1
128981 1
204168 1
042610 0
127504 0
202649 2
042641 0
182896 1
202976 1
210559 1
020739 1
081738 1
163145 1
082200 0
155853 1
065220 1
203116 1
082150 0
238093 1
209950 1
209387 1
063425 1
152962 0
152981 0
156204 1
207674 1
078326 1
036381 0
238108 1
197340 1
013266 1
169864 0
155969 1
169924 0
169925 0
170274 1
275351 1
210967 1
169265 1
100193 1
017582 1
156276 1
009517 1
178651 1
178625 1
178591 1
238103 1
027092 1
178586 1
255615 0
061379 1
012260 0
255790 1
255767 1
065211 1
255808 1
255879 1
169343 1
169344 1
154598 0
020732 1
127726 0
169285 1
208462 0
220161 0
220910 1
220178 0
017791 0
007459 1
262747 1
153399 1
037739 0
014666 1
126962 1
255747 0
042323 0
127775 0
127126 1
032661 0
153406 1
281777 1
184615 1
126797 1
098099 1
037741 0
019616 0
061381 1
156283 1
126777 1
289774 0
290045 0
290051 0
290099 0
078254 1
019633 0
019587 0
288774 0
000568 0
138540 1
139344 2
006475 0
284620 0
088628 1
126447 1
001598 0
010370 1
025466 1
110066 0
158122 1
158283 1
060805 0
143645 2
285524 0
011855 1
152134 0
199699 0
168333 0
011481 1
122749 1
158511 0
182265 0
098149 1
154896 0
112251 1
285515 0
087589 1
190624 1
011252 1
025423 1
112250 1
112384 1
126407 1
112388 1
088778 1
003141 1
139361 1
112391 1
219852 1
143646 1
143731 1
063850 1
010857 1
152908 1
192635 1
281167 1
195539 1
187303 1
192581 1
194080 1
202344 1
288077 1
110823 1
131203 1
124604 1
179696 1
081684 1
187304 1
153466 1
148190 1
195936 1
229437 1
081551 1
076770 1
043921 1
164802 1
019042 1
161283 1
149049 0
164944 2
148196 1
076393 1
195971 0
091267 0
278898 1
153504 1
242901 1
148197 1
107879 1
169329 1
169330 1
221922 1
016557 1
199411 1
179915 0
065277 1
076228 1
148191 1
076392 1
163902 1
035479 1
148198 1
125041 1
176382 1
164167 1
018578 1
156551 1
089472 1
018022 0
129093 0
289368 1
114588 1
033275 1
179916 0
190965 1
269597 1
152011 1
234620 1
164761 1
143944 1
271972 1
076345 1
018531 0
170473 1
170474 1
070522 0
103695 0
125141 1
114563 1
069402 1
102575 1
179876 0
179877 0
180048 1
016644 1
158207 1
160020 1
001498 1
077049 1
170463 1
143888 1
158200 1
114589 1
229431 1
176415 1
114593 1
161271 1
199442 1
159981 1
164126 1
161164 1
188320 1
242905 1
010837 1
125192 1
009885 1
180002 1
231895 0
158665 0
141966 1
038576 0
156917 1
225924 1
271860 1
179780 1
170398 1
170399 1
069367 1
102540 1
202073 0
170012 1
125195 1
163003 1
035723 1
013747 1
160014 1
179767 1
003794 0
199499 1
035725 1
269600 1
065728 0
231904 0
059072 0
038339 0
098556 0
242258 1
247365 1
193359 0
170375 1
143649 1
153581 1
012256 0
033352 1
246794 1
016618 1
125196 1
202084 0
077034 0
122460 1
272283 1
148906 1
161851 0
051575 0
087885 1
160319 0
272306 1
186730 1
160899 1
150546 1
225923 1
001753 0
144907 0
035482 0
169123 1
169358 1
169359 1
177040 1
141969 0
235163 1
169073 1
169074 1
075844 1
153582 1
098034 1
056339 0
252518 0
201952 0
165256 1
036463 0
063848 0
005600 0
120196 0
016530 1
205553 1
033344 1
144513 0
231278 1
012612 1
012613 1
123010 1
165254 1
248167 1
008544 0
186729 0
187504 1
187493 1
156941 1
221240 1
271867 1
221221 1
098004 1
060302 2
068343 1
026907 1
148070 1
269357 1
266094 1
266110 1
068310 1
122485 1
234430 1
169300 0
015745 1
148350 1
013410 1
050051 0
118945 1
016586 1
186680 0
271994 0
238728 1
219886 1
007207 0
120767 0
030505 1
238943 0
164823 1
150562 1
087905 1
262751 0
262837 0
160458 0
169137 0
169138 0
089471 1
238719 0
018219 0
128950 0
128992 0
129645 0
118960 1
171374 1
171373 1
191220 1
013741 0
269316 1
171375 1
231373 0
122461 0
171922 1
177032 0
234791 1
076662 0
010179 1
122487 1
155981 1
087906 1
058341 1
003477 1
007684 0
121125 0
198469 1
193997 1
134155 0
269432 1
231435 0
081685 0
192571 0
093371 0
193983 1
066956 1
166907 0
080057 0
169052 0
186677 0
082468 1
079982 0
278972 1
116919 0
273579 0
002795 1
029147 0
133843 1
184616 1
150547 1
128640 1
204312 0
193732 1
193832 1
133842 1
171670 1
191146 1
156034 1
269680 1
219892 1
128641 1
219455 1
269725 1
269727 1
269729 1
219907 1
012377 0
141663 0
141752 0
064820 1
064817 1
278967 1
158286 0
082305 0
017023 0
269317 1
066443 2
019766 1
029399 0
142068 1
193843 1
239744 1
029397 0
111642 1
017268 0
128571 0
128620 0
128622 0
128653 0
128655 0
128659 0
110941 1
151864 1
281950 0
018248 0
131951 0
142097 1
018509 1
229762 1
034336 0
003266 1
242286 0
099124 0
085205 1
120077 0
116653 0
090968 1
160827 1
226121 0
239746 1
183965 0
160868 1
270927 1
131952 0
071412 0
104585 0
005497 0
120078 0
190294 0
181452 1
032526 0
281977 0
188445 1
032643 0
129750 0
021376 0
156760 1
131581 0
183932 0
075913 0
075837 0
174990 1
190901 1
075502 0
190302 0
119018 0
241065 0
232212 1
075838 0
075516 0
140607 1
009693 0
226189 0
007414 0
120931 0
173158 0
108248 0
122100 0
270122 1
019392 0
273948 0
287670 1
270125 1
110951 1
140608 1
111647 1
229852 1
232246 1
174954 1
190896 1
239059 1
238609 1
286794 1
110734 1
286836 1
287677 1
287892 1
286815 1
220481 1
220479 1
185855 1
110757 1
185880 1
034379 0
111635 1
202826 1
170239 0
239024 0
217910 0
253349 0
111471 1
041084 0
265829 0
111473 1
017741 0
110752 1
191976 1
186048 1
180814 0
185666 0
111401 1
000482 0
139778 0
227568 0
168557 0
178270 1
048249 0
271934 1
111029 1
052900 0
069700 1
102873 1
269462 1
269472 1
012873 0
045248 0
180812 0
168875 0
191825 0
163689 1
111631 1
226534 0
264960 1
089148 1
162687 1
180055 0
108839 0
006776 0
085164 0
039842 0
012919 1
025781 0
090612 1
256813 1
015818 0
190603 1
238968 1
238953 0
090631 1
124002 0
090620 1
035690 1
025628 0
015206 1
125541 1
060497 0
008153 0
013084 0
152974 1
270325 1
270334 1
227586 0
222793 0
108573 1
075602 0
110739 1
145483 1
060376 0
014143 1
175588 1
027082 0
081291 0
111047 1
111476 1
111634 1
270315 1
110848 1
111323 1
111478 0
111393 1
111024 1
111299 1
230775 1
110783 1
110984 0
111860 0
111398 0
110822 1
163701 1
108620 1
108619 1
145486 1
271963 1
108753 1
111415 0
089167 1
108700 1
110986 0
269471 1
145480 1
108786 1
111289 1
111239 0
108844 1
108813 1
111240 0
108872 1
108794 1
111238 0
269423 1
112253 1
111043 0
034696 0
269461 1
032927 0
225084 1
034699 0
240452 1
269554 1
217696 1
269534 1
089168 1
112927 0
229918 1
229950 1
114323 0
061100 0
111214 0
284442 1
068688 1
280589 1
243655 1
111075 0
001237 1
286711 0
176414 0
008502 1
132030 1
176381 0
242902 0
075911 2
014230 0
275973 0
191104 1
169376 0
169377 0
152988 0
111281 0
152987 0
032910 0
251813 1
242942 0
176365 0
148024 0
098563 0
154494 1
068669 0
286721 0
286726 0
233728 1
171862 1
259013 0
241505 0
075863 1
146218 1
276015 0
035726 1
233767 1
233768 1
035693 1
008740 1
266832 0
075872 1
225078 1
251872 1
132496 1
132483 1
195909 0
160977 1
188785 0
260781 0
172094 1
195911 0
235384 0
035722 1
081810 0
003986 0
242979 1
040661 1
242940 0
233979 0
262601 0
082123 1
155837 0
198622 0
190720 0
233212 0
194955 1
007767 0
071492 1
104665 1
139905 0
000031 1
119734 1
185612 1
262430 0
171991 1
198573 0
169883 1
117945 0
151152 1
203169 0
086478 1
152863 1
115729 0
124706 1
199260 0
289659 0
203160 0
203172 0
050193 1
142305 0
020975 1
264823 1
191341 0
031047 0
142193 0
089955 1
014493 0
191399 0
199259 0
081811 0
197477 0
262474 0
199289 0
039019 0
099966 0
128167 0
255433 0
225192 0
224117 0
031076 0
163805 1
152864 1
035703 1
000618 1
243761 1
029341 0
010918 0
002563 0
017558 0
124007 1
109524 0
224082 0
139939 1
142284 0
128216 0
005288 1
253941 0
151504 1
060320 0
155593 1
191096 0
135104 0
038219 0
020948 1
134273 1
231390 0
165406 0
134293 1
265448 0
002499 0
089674 1
020946 1
243741 1
151527 1
124660 1
131445 1
151172 1
151166 1
155548 1
111312 0
155322 1
185887 1
155230 1
109293 0
253246 1
071620 0
104793 0
155219 1
109299 0
157948 0
071617 0
104790 0
155224 1
081359 1
001377 0
067650 0
060505 0
253078 1
116515 2
226269 0
060507 0
247289 0
200973 1
213230 0
175770 1
241767 1
267391 0
201082 1
231658 2
254408 1
255046 1
253245 1
048321 1
065267 0
039225 1
116960 1
279479 0
155216 1
005887 0
000635 1
231662 1
245019 0
256895 0
048264 1
024030 0
068140 0
185661 1
060493 0
185659 0
226390 0
266239 0
040622 1
038315 0
071688 1
104861 1
111417 0
081146 1
048293 1
210422 1
081336 1
156155 1
230796 0
231660 1
000165 0
108469 0
230598 1
064461 0
147468 0
285050 1
252605 0
028205 0
243982 0
226493 0
002444 1
102200 0
277007 1
063851 1
266242 0
267377 0
243973 0
027550 0
258967 0
281105 1
119209 0
210113 0
126272 1
079078 0
039230 1
118346 1
183742 0
151186 1
281109 1
276908 1
156170 1
156171 1
118434 0
157503 1
157504 1
157505 1
168597 1
168598 1
157495 1
157496 1
008511 1
168656 1
168657 1
040826 1
157341 1
040850 1
157433 1
004365 0
118497 0
154114 0
157605 0
157606 0
157607 0
157608 0
157609 0
157610 0
157611 0
157612 0
157613 0
157614 0
157615 0
157616 0
157617 0
157618 0
157619 0
157620 0
157621 0
157622 0
157623 0
157624 0
157625 0
157626 0
157627 0
157628 0
157629 0
149770 0
157597 1
236212 1
154147 0
152111 1
157595 1
256091 1
158528 0
126350 0
157604 0
152106 1
236195 1
181170 0
191975 1
138161 0
287003 0
018774 1
137634 0
025526 0
018929 1
233371 0
101370 0
285696 1
163791 1
215009 0
099846 0
230778 1
202760 0
138033 0
203023 0
239264 0
256300 1
242279 0
149681 0
236420 0
074424 0
107597 0
191540 1
125013 1
286870 0
238107 0
138149 0
155111 0
058793 1
163790 1
286993 0
191496 1
064495 0
023625 0
138153 0
138157 0
138229 0
191515 1
124965 1
152588 1
152597 1
256823 1
256831 1
187912 0
016704 0
182347 0
182326 0
192134 1
211276 1
255310 0
286005 1
211278 1
255314 0
238231 0
172739 0
179515 0
179471 0
182045 0
172269 0
234051 0
234048 0
211329 0
140409 0
002699 0
064343 0
191836 1
257969 0
124690 1
122464 1
012707 1
093081 0
132755 0
016900 0
214214 0
051113 0
008643 0
001839 0
111805 1
020719 0
109522 0
239876 1
011692 0
122819 0
112677 0
013947 0
096776 0
151085 0
033747 1
273696 0
027201 0
161033 0
109804 1
010397 0
190479 0
258726 0
177871 1
273700 0
068618 0
038967 0
124957 0
148499 0
011047 1
056270 0
142248 0
162950 0
258874 0
258960 0
258596 1
258598 1
143630 0
050824 1
081333 0
216167 0
093492 0
115276 0
056372 0
019892 0
258593 1
137213 1
096907 0
069137 0
102310 0
232632 0
108032 0
191719 0
074592 0
094044 1
050801 1
258997 1
259019 1
008250 0
153247 0
032108 0
063855 1
285667 0
036827 0
185320 1
258640 1
258678 1
094058 1
185243 1
258996 1
259018 1
067764 0
185984 1
018323 0
128894 0
159765 1
138894 0
031531 0
257991 0
007718 1
121152 1
024340 0
130961 1
007779 0
138897 1
019590 1
138924 0
240768 1
193209 1
143952 0
185972 1
019365 0
124776 0
053290 0
024339 0
023200 0
256241 0
161859 1
154405 0
161857 1
197066 1
197067 1
192960 0
143977 0
199882 0
064337 0
020974 1
127264 0
192978 0
174136 1
196107 0
193952 0
142603 0
193212 1
190201 0
019363 0
178024 0
281698 0
193914 0
045434 0
193210 1
157943 0
127279 0
067709 0
131171 0
263058 0
263064 0
212504 0
119963 0
129006 0
199881 0
279414 0
046422 0
231642 0
003427 0
130929 1
162050 0
242140 0
157060 1
