088377 0
286395 2
286399 2
089355 1
089341 1
088766 1
285887 2
089330 1
088750 1
285767 2
130439 0
285768 2
285815 2
285825 2
090603 1
285899 2
090592 1
005506 2
120088 2
254384 0
286396 2
286400 2
286386 2
120068 2
120069 2
036686 0
093922 2
120058 2
066712 0
067108 0
093953 2
286382 2
210650 0
194608 0
176167 0
211804 0
222631 0
002046 0
046234 0
135034 0
284253 0
225402 0
243747 1
243744 2
113487 0
283888 0
046184 0
220564 0
053401 0
275379 0
283955 0
225442 0
184155 0
075013 2
225360 0
088379 2
020426 0
115383 1
038388 0
087676 0
173255 0
175293 0
062648 0
224284 0
184249 0
040450 0
126596 1
131687 2
062636 0
266788 0
013198 0
173341 0
137358 0
211609 0
127025 0
265230 0
211796 0
147168 1
217215 0
172789 0
093977 2
041961 0
184133 0
176150 0
212021 0
211605 0
284386 0
267779 0
029256 0
074777 0
136069 0
283952 0
005772 2
120387 2
137366 0
035062 0
113707 0
184023 0
275324 0
211822 0
088385 2
088383 2
088397 2
093928 2
094023 2
088407 2
088417 2
093930 2
088415 2
074993 2
131709 1
077611 2
005643 2
244661 0
009419 1
121877 1
096701 1
096698 1
251742 0
244667 0
238875 0
075680 0
147926 0
231875 0
181607 0
089356 0
270538 0
287266 0
075686 0
285464 0
254256 0
077610 0
085625 0
050368 0
185634 0
186317 0
244665 0
284296 0
094928 0
218020 0
051012 0
085001 0
087683 0
098205 0
081504 1
185425 0
186194 0
181312 0
150886 0
281689 0
098568 1
010889 0
098209 0
237793 0
085074 0
077733 0
276214 0
288803 0
077750 0
242031 0
075336 0
069809 0
102982 0
111653 0
150880 0
181005 0
032980 0
091425 0
240964 0
095891 0
284272 0
091504 0
075340 0
183443 0
185297 0
185201 0
267212 0
093987 0
094935 0
079605 0
135654 0
120920 0
289776 0
067823 0
181394 0
185204 0
101862 0
111654 0
111666 0
142436 0
101086 0
045362 0
075638 0
091427 0
085647 0
192716 0
034684 0
150833 0
115318 0
149613 0
098542 1
017960 0
090100 2
075738 2
090190 2
247680 0
248099 0
098901 0
052029 0
052026 0
184801 0
184802 0
072242 0
105415 0
244767 0
072268 0
105441 0
114976 1
063730 0
063555 0
063509 0
060962 0
287162 0
244768 0
060960 0
100939 0
010412 0
048133 0
021706 0
287170 0
110916 0
093945 0
057286 0
164174 0
095887 0
096308 0
094123 0
185897 0
080312 0
197585 0
164166 0
077133 0
097706 1
075834 0
079568 0
021875 0
127190 1
096302 0
220439 0
096005 0
095197 1
100183 0
097747 1
271620 0
076567 0
089530 0
011349 0
069400 0
102573 0
076569 0
069189 0
102362 0
255788 0
097336 0
094124 0
096305 0
097306 0
282265 0
255862 0
127378 0
272888 0
093936 0
147167 0
253721 0
108597 0
097323 0
100948 0
007704 0
121134 0
099395 0
089425 0
008801 0
095242 0
253642 0
075990 0
271630 0
180853 0
089459 0
096309 0
008448 0
017311 0
100940 0
116727 1
127193 0
076568 0
097269 0
068501 0
253706 0
116392 1
070404 0
116349 1
097632 0
127206 0
138058 1
223983 1
180663 1
004768 0
224168 1
040024 0
115378 0
114877 0
004691 0
040044 0
040051 0
040008 0
114878 0
114885 0
115344 0
058162 0
121897 0
192708 0
121883 0
064937 0
013253 0
063339 0
093762 0
009912 2
122256 2
116196 0
004790 0
062859 0
096621 0
044497 0
062852 0
275523 0
047488 0
039979 0
041694 0
093748 0
044481 0
093764 0
114112 0
093704 0
071308 0
104481 0
049410 0
093749 0
255177 0
076602 0
121884 0
096741 0
255012 0
001243 0
076777 0
063196 0
059778 0
076631 0
068373 1
114159 0
068759 0
071086 0
104259 0
039939 0
065177 0
116966 0
117334 0
052462 0
039934 0
039980 0
064754 0
098454 0
059513 0
000328 0
070878 0
104051 0
059519 0
070428 0
103601 0
039710 0
193794 0
094117 0
039660 0
271691 0
117333 0
076636 0
078768 0
258884 0
062294 0
040173 0
093894 0
165597 0
062819 0
258725 0
290010 0
005496 0
062813 0
096129 0
039750 0
147412 0
065075 0
071243 0
104416 0
090405 0
008054 1
015438 0
288798 0
288794 0
288805 0
126163 0
231238 0
033229 0
007163 1
134512 0
214312 0
214324 0
214376 0
214438 0
214440 0
026853 0
215830 0
026875 0
214244 0
043260 0
216828 0
216088 0
071313 0
104486 0
142237 0
065445 0
117973 0
065464 0
206271 0
075101 0
065453 0
130022 0
077598 0
266856 0
135190 0
031737 0
044350 0
075106 0
175958 0
176602 0
035199 0
079226 0
270009 0
075132 0
088119 0
088036 0
040552 0
040553 0
029425 0
018972 0
266837 0
238420 0
222636 0
214370 0
036995 0
117386 0
007607 0
089502 0
029386 0
235586 0
051912 0
146775 0
027207 0
286362 0
137371 0
028674 0
273492 0
140040 0
136911 0
271177 0
112560 0
216080 0
082466 0
012544 0
122997 0
082438 0
273498 0
046889 0
055514 0
285615 0
127883 0
083618 0
222627 0
072122 0
072500 0
072803 0
073066 0
073326 0
073582 0
073844 0
074101 0
074361 0
105295 0
105673 0
105976 0
106239 0
106499 0
118721 0
095224 0
007247 0
118758 0
118891 0
009706 0
114974 0
009422 0
004681 0
118907 0
083621 0
130409 0
113301 0
108270 0
000916 0
099412 0
083620 0
117974 0
244316 0
094555 0
094513 0
083624 0
244332 0
004425 0
130323 0
113367 0
095996 0
113379 0
130287 0
113376 0
085548 0
088174 0
100555 0
252508 0
142968 0
058089 0
058058 0
252346 0
084916 0
226002 0
100612 0
096066 0
095997 0
003330 0
085061 0
088539 0
112312 0
095049 0
250787 2
095909 0
055369 0
085011 0
108799 0
083586 0
131221 0
080781 0
233923 0
011656 0
122813 0
261876 2
130220 0
028324 0
086357 0
250772 2
252516 0
146569 0
122778 0
226025 0
086667 0
276190 0
033265 0
117729 0
142931 0
139072 0
139066 0
001571 0
219308 0
032591 0
118904 0
147413 0
143907 0
030678 0
066621 0
135443 0
066511 0
077427 0
039469 0
112259 0
065150 0
135139 0
226113 0
139063 0
077460 0
188734 0
118899 0
254362 0
101914 0
101916 0
193204 0
147402 0
282003 0
252231 0
252232 0
124072 0
281960 0
251162 0
186956 0
186961 0
180415 0
288067 0
180404 0
252248 0
238528 0
283224 0
077591 0
077622 0
180393 0
276374 0
211625 0
244175 1
078125 0
077615 0
048282 0
098453 0
088968 0
156723 1
081159 0
177436 0
251192 0
081152 0
254450 0
270191 0
052318 0
281602 0
077596 0
251199 0
239000 0
259525 0
259762 0
260876 0
270123 0
031393 0
269965 0
238797 0
270127 0
078087 0
243790 0
034510 0
243785 0
270124 0
028486 0
271118 0
024985 0
078096 0
046093 0
231175 0
048134 0
077608 0
116601 0
270026 0
243930 0
081708 0
079375 0
056394 0
140226 0
282704 0
254385 0
225357 0
066871 0
066873 0
211734 0
212163 0
165258 0
232618 0
081801 0
278812 0
180796 0
276976 0
061629 0
066872 0
066874 0
066875 0
081875 0
238487 0
173186 0
071589 0
104762 0
260123 0
048265 0
151118 0
260139 0
048305 0
042706 0
181295 0
182743 0
120001 0
179236 0
158961 0
165274 0
107749 0
244174 1
090597 0
008384 0
089588 0
157709 0
076160 0
244147 0
244148 0
227522 0
096813 0
110029 0
099145 0
087386 0
281820 0
176866 0
176841 0
253743 0
093911 0
149156 0
079870 0
234918 0
243895 2
243890 2
013246 0
075701 0
099679 0
108724 0
145921 0
145904 0
283916 0
191234 0
029075 0
084979 0
085034 0
029037 0
085003 0
087868 0
061180 1
140884 0
238057 0
087876 0
023887 0
062241 0
284766 0
167911 0
192617 0
281842 0
145671 0
186023 0
263094 0
120787 0
077349 0
010101 0
191436 0
061162 1
140885 0
158693 0
158695 0
048685 0
107853 0
115352 0
174704 0
005452 0
120006 0
127359 0
234528 0
061572 0
043785 0
013112 0
238044 0
234796 0
033233 0
043922 0
085036 0
009195 0
176832 0
111749 0
145016 0
092720 0
070610 1
103783 1
