256945 0
230335 2
230340 2
196066 0
173411 0
256982 1
256893 1
230428 2
206280 1
258140 1
257094 1
230355 1
286714 1
256889 2
286782 1
286809 1
286643 1
193018 0
257135 1
230426 2
264311 1
192655 2
256993 1
192663 2
173315 2
274854 0
244873 2
162338 2
267885 0
192675 2
192677 2
275069 1
192678 2
257374 1
275068 1
257365 2
273940 1
274600 0
257415 1
274836 1
202656 1
274541 1
264989 1
206291 1
210492 1
274838 1
256931 2
274753 0
257920 1
274998 1
275401 1
286781 1
274741 1
274772 1
275135 1
283476 1
173400 2
275664 1
257038 1
256970 1
275414 1
257138 1
268960 1
275415 1
190386 2
275163 1
256965 2
257393 1
286808 1
256932 1
256867 1
237009 1
196063 2
223497 2
230337 2
274739 1
196065 1
275403 1
258353 1
274709 1
257401 1
230344 1
257438 1
172953 2
257139 1
275395 1
275000 1
256880 1
256888 2
257443 1
257390 1
283447 1
274762 1
274997 1
198025 1
275416 1
257134 1
172954 2
274678 1
275413 1
243031 1
275396 1
274779 1
274996 1
274746 1
230364 2
275400 1
275171 1
274685 1
193241 2
275049 1
275053 1
275001 1
275486 1
275402 1
275057 1
275060 1
256890 2
184158 2
275022 1
274736 1
184192 2
254519 1
235789 1
274703 1
274713 1
274680 1
201220 1
274757 1
275399 1
256116 1
230363 2
274711 1
275659 1
257499 1
257503 1
277428 1
274706 1
275061 1
275002 1
198244 1
274768 1
274749 1
274764 1
274732 1
274744 1
269307 1
274786 1
192945 1
274742 1
274684 1
274733 1
263989 1
256987 2
274755 1
256892 2
274797 1
275062 1
259015 1
258195 1
269074 1
253810 1
274727 1
269048 1
190852 1
274716 1
268961 1
254610 1
257361 1
268780 1
198157 1
276653 1
266443 1
157915 2
253813 1
257313 1
170618 2
266362 1
275006 1
257023 1
256940 2
197756 1
266772 1
280219 1
195894 1
194742 1
275032 1
275398 1
257974 1
266072 1
198415 1
274777 1
265282 1
274871 1
198455 1
257234 2
242337 1
274962 1
206269 2
182488 2
279053 1
266069 1
257973 1
279055 1
274873 1
265245 1
265315 1
267334 1
229488 1
265224 1
267160 1
242333 2
265329 1
273448 1
237403 1
275076 1
232476 1
257589 1
234114 1
158185 2
266768 1
257237 1
198115 1
198118 1
194745 1
278512 1
197992 1
012750 2
192394 1
274579 1
200051 1
234835 1
284974 1
275078 1
231898 1
274783 1
234849 1
225781 1
234820 1
225764 1
275079 1
275026 2
275074 1
234111 1
257370 1
279002 1
225396 1
225455 1
267933 1
225391 1
286424 1
286427 1
276458 2
275430 1
284985 1
257324 1
274566 1
256582 1
274724 1
257168 1
176308 2
259841 1
274734 1
158186 2
273216 1
018698 1
234068 2
274712 1
082641 1
268944 1
287774 1
274562 2
275038 1
285304 1
205411 1
127117 2
234066 1
275039 0
160331 2
204674 2
279064 1
227723 1
257110 1
162882 2
204806 1
268954 1
010786 2
274670 1
269036 1
274568 1
274719 1
152397 2
274775 1
275125 1
275283 1
274658 1
269611 1
202805 2
269020 1
153792 1
018787 1
253648 1
202248 2
274365 1
226749 1
152394 2
244910 1
228971 1
235141 1
244319 1
256447 2
244305 1
282846 1
221180 1
197763 1
162819 2
282864 1
198024 1
210361 1
159852 2
154482 1
164091 1
191890 1
267238 1
244397 1
269614 1
230065 2
282847 1
287546 1
155031 2
171519 1
154568 1
268031 1
259514 1
154881 0
192572 1
127264 1
267401 1
154490 1
244399 1
256043 1
255674 1
184530 2
255652 1
154957 2
276906 1
241490 1
244416 1
234413 1
127279 2
284330 1
274778 1
154958 1
184588 2
211234 1
184556 2
253072 1
154591 1
213213 1
269168 1
179398 1
257167 2
275292 1
154786 1
257108 1
269465 1
002815 1
184555 2
221402 1
210727 1
234744 1
239343 1
162876 2
184518 2
254994 1
234736 1
267124 1
173202 2
229438 1
154775 1
279422 1
201691 2
154427 1
156647 2
285320 1
197993 1
236111 1
198101 1
163471 0
197039 1
190644 2
272303 1
201672 2
192558 1
275137 1
243640 1
156642 1
257166 1
274662 1
173213 2
243634 1
165387 1
276658 1
240271 1
221656 1
278243 1
002622 2
254248 1
158714 1
229631 2
221637 1
196081 1
173650 1
221581 1
198889 1
164146 0
199042 1
199044 1
199096 1
271679 1
284161 1
187255 2
216295 1
278606 1
278621 1
139392 1
285653 1
278569 1
152398 2
173216 2
201533 0
139475 2
220748 1
187259 2
247387 1
221429 1
138290 1
219675 1
257117 1
079258 1
079259 1
257161 1
138253 1
247346 1
257307 1
244974 1
269602 1
199069 1
156693 2
266784 1
274620 1
082639 0
071106 1
104279 1
201578 0
201580 0
173207 2
274830 1
201531 1
257678 1
016635 1
279771 1
158606 1
244973 1
257140 1
275857 1
162056 2
071104 1
104277 1
138763 0
157679 1
244972 1
153556 1
191185 2
275033 1
255411 1
152276 1
156351 1
269547 1
274626 1
175742 0
278702 1
237434 1
219727 0
275212 0
277173 1
274841 1
268611 1
244964 1
274640 0
247029 1
247385 1
270939 1
238482 2
117133 1
278785 1
275738 1
222521 1
169647 1
257172 2
153558 1
153535 1
199068 1
153571 1
270986 1
222055 1
244971 1
247415 1
268762 1
257302 1
154788 2
257672 2
156124 2
268663 1
154789 2
268674 1
270958 1
270993 1
257121 1
257321 1
221887 1
151544 1
283475 0
197214 1
138385 1
270981 1
268678 1
273426 1
247309 1
153738 1
245033 1
154771 1
151318 1
274601 1
151306 1
148992 1
274754 0
276664 1
274815 1
240547 0
267629 1
151305 1
274570 1
117120 1
197205 1
237420 1
256886 2
189917 1
275031 0
275397 0
277175 1
274635 1
137821 1
276861 1
154824 1
271313 1
034166 0
204476 2
154790 2
155167 0
137220 2
257402 1
270935 1
052775 1
283188 1
153710 1
099631 0
019032 1
154802 2
276379 1
157893 2
075049 0
274674 1
153968 2
257127 1
255347 0
137861 1
257320 1
052637 1
173330 2
274760 1
274737 1
275260 1
116046 0
270881 1
197244 1
269894 1
238226 0
240550 0
151313 1
008754 2
232463 2
153085 2
276700 1
270889 1
275071 2
275081 2
240284 1
247028 1
238381 0
137833 1
270987 1
137856 1
276843 1
137364 1
270967 1
276808 1
137374 1
173314 2
247384 1
158948 2
274820 1
274740 1
151310 1
154429 1
274625 1
276971 1
224069 1
150202 1
177565 1
276864 1
000106 1
237419 1
154764 1
201070 1
201148 1
177571 1
264027 1
277000 1
153712 1
137316 1
275275 1
157887 1
173200 2
153978 1
257937 1
173318 2
173042 1
190808 1
190778 1
176466 1
173331 2
025714 1
154826 1
190827 1
201142 1
154522 1
275280 1
237435 1
014352 1
173326 2
172929 2
151545 2
154671 1
257145 1
025296 1
168132 0
201059 1
154756 1
276668 1
275472 1
015890 1
163129 2
275121 1
274667 1
172878 1
177920 1
154126 2
154517 2
147163 0
163126 2
141561 2
274632 1
275805 1
276677 1
201954 2
137288 2
273262 1
161388 1
163762 1
119892 1
257157 1
016029 1
154811 1
176731 1
267989 1
193971 0
173296 1
176693 1
182637 1
015744 1
173248 2
182631 1
176695 1
176733 1
164138 0
176735 1
193948 0
173561 1
137293 1
176738 2
177971 1
154131 1
154749 2
154672 0
154734 0
005462 0
276359 1
153052 1
276357 1
273214 1
148787 1
154813 0
270953 1
276744 1
221981 1
233545 0
154898 1
150088 1
149142 1
077143 1
173588 0
276842 1
160962 1
119254 1
150878 1
274720 1
154524 0
173205 1
163455 1
154763 1
161176 1
285989 1
232499 0
274701 1
232778 0
276593 1
281038 1
154518 2
270892 0
233736 0
173412 2
002315 1
276742 1
154793 0
158560 1
138236 2
138237 1
001552 1
154516 0
153458 0
233292 0
234716 0
231924 0
018867 0
271304 1
211766 1
275178 1
154902 1
174422 1
276338 1
232295 0
229348 1
233388 0
154836 1
270802 1
275350 1
223899 0
279051 1
219199 0
162351 1
269246 1
165747 1
173329 2
154835 0
270775 1
279059 1
276749 1
273451 1
274595 1
162356 1
276992 1
169098 0
169099 0
176408 1
270798 1
164291 2
154503 0
271110 1
185670 0
005083 0
094328 1
196459 1
270801 1
154823 1
188101 2
275349 1
161847 1
225454 1
010552 1
176421 1
275509 1
271059 1
273961 1
133162 1
276678 1
271601 1
273221 1
276848 1
190777 1
161146 1
165398 1
264409 0
156492 1
276380 1
276566 1
250460 2
275594 1
132816 1
279065 1
276996 1
271054 1
273936 1
155576 1
278616 1
273250 1
285953 1
274016 1
257420 1
178083 1
275485 1
132716 1
085621 1
148772 2
278548 1
156493 1
132795 1
085631 1
225395 1
132796 1
160865 1
196879 0
281936 1
270994 1
276659 1
173257 2
174407 1
154843 1
276844 1
158551 0
148555 0
161303 1
275491 1
161356 1
165833 1
156486 1
276716 1
274605 0
260380 1
148545 0
129926 0
132834 1
221847 1
187276 1
132868 1
257426 1
272169 2
132873 1
165837 1
174423 1
177885 0
250845 0
154845 1
276002 0
271044 1
272128 2
176220 1
250875 0
211580 1
178763 1
141321 0
159003 1
159004 1
211767 1
275365 1
178648 1
278532 1
015398 0
272001 2
226748 0
254390 0
254378 0
254380 0
175361 1
254372 0
272129 1
174625 0
263191 1
154809 1
154173 1
278538 1
271036 1
271032 1
276715 1
178769 1
276748 0
263187 1
165716 1
276849 1
173381 1
165743 1
165875 1
273305 1
154632 1
173386 1
271374 1
178787 1
153969 1
276731 1
154067 1
271301 1
278547 1
273246 1
173408 1
047410 0
047712 0
260364 1
225787 1
048009 0
154068 1
276339 1
276358 1
276360 1
276381 1
276567 1
057706 0
171566 1
173409 2
047623 0
278615 1
175605 0
278540 1
171555 1
271015 1
271591 1
276565 1
276939 1
154633 1
173805 1
176221 1
272403 1
271077 1
147090 0
154481 1
275070 1
271391 1
141975 1
142066 0
257377 0
276738 1
158036 1
161192 0
175623 0
264799 1
264858 1
264860 0
264990 0
278798 1
274627 1
046601 0
271508 1
047691 0
153988 0
276732 1
041905 1
271406 1
140626 0
053844 0
119489 0
004144 1
118253 1
030131 0
047262 0
006983 0
049176 1
257805 1
271509 1
136199 1
092046 0
201060 0
201071 0
201143 0
201149 0
140539 0
093474 0
166056 1
176426 1
049168 1
276736 1
052751 0
173686 1
278734 1
173898 1
224392 1
275080 1
154489 0
225780 1
277283 0
257800 1
172779 1
063605 0
224160 1
082088 0
274633 1
271322 1
157176 1
082089 0
223961 1
160817 0
111499 1
278800 0
278386 1
110352 1
063595 0
278383 1
274617 1
261022 0
276778 1
260981 0
067739 0
067747 0
262792 0
068716 0
048718 2
269253 0
269257 0
278809 0
157181 1
113812 0
277350 0
274573 1
276667 1
271540 0
263900 0
063302 0
087281 1
257158 0
274585 1
271116 1
193077 0
277359 0
272223 0
115538 0
116100 0
116113 0
064332 1
192994 0
275884 1
277003 1
274639 1
113870 0
116876 0
168532 1
181744 1
276596 0
154538 1
057064 0
261243 0
115722 0
057063 0
277074 0
275151 1
283638 0
068660 0
163111 0
168888 1
276973 0
160790 0
027844 0
176222 2
272219 0
192578 0
194719 1
172767 2
017581 0
173308 2
281000 0
273903 1
234419 0
277781 0
276689 1
160787 0
160789 0
277786 0
276967 0
283576 0
283448 1
283477 1
116794 1
230626 1
230616 1
278559 1
168501 2
168502 2
087259 0
194727 1
278550 1
221903 1
276822 1
173327 2
276782 1
273888 0
275583 1
223479 1
087144 0
262802 0
174734 1
174697 1
271076 1
168489 1
275362 1
087129 0
272190 1
275581 1
156494 0
276733 1
187232 1
274624 1
282011 0
282013 1
271124 1
229334 0
174863 1
007158 2
154574 1
173389 2
043658 0
274574 1
278684 1
153559 1
271065 1
173307 2
192463 0
265593 0
252220 0
179117 0
192428 0
280080 0
094331 0
228168 0
257455 1
138624 1
226400 1
277004 1
162906 0
211005 0
277516 1
274607 0
149983 1
275048 1
253753 0
257502 1
275521 1
219643 1
153725 1
253359 0
274636 1
274807 1
276713 1
226475 1
275366 1
173384 0
277835 0
013218 0
162815 1
278561 1
058756 0
160616 2
257218 1
276651 1
174874 1
004324 0
278184 0
270951 1
225946 1
274801 1
188439 0
173275 1
274366 1
258327 0
173335 1
276767 1
275059 1
276825 1
274604 0
265634 0
257454 1
043746 0
074760 0
003649 1
272193 1
138605 0
275056 1
226069 1
160610 2
138735 0
274805 1
278611 1
278551 1
154575 1
257207 2
153573 0
163593 0
278640 1
163614 0
173397 2
276762 1
133857 1
153749 1
278629 0
278641 0
224172 1
275363 1
117114 0
224061 1
164369 1
219622 1
117104 0
276801 1
117124 0
275422 1
224023 1
276757 0
172896 2
002819 1
117122 0
009675 1
122090 1
047152 0
225901 1
256927 1
277063 1
173347 2
