232732 1
064828 1
232735 1
155445 0
064906 1
180026 2
192357 0
064808 1
101673 0
064499 1
153124 0
086850 1
154395 2
064472 1
284043 0
124041 0
124340 1
199120 0
188535 0
154686 1
113386 1
064597 1
069017 1
113389 1
124343 1
064766 1
064475 1
014828 1
125891 1
154668 1
192987 0
078078 1
232691 1
064797 1
211975 0
077876 0
210953 0
191551 0
094768 0
260649 0
170248 0
064931 1
064483 1
064826 1
138947 0
074823 1
068908 0
287980 1
192250 0
232707 1
124761 0
093368 0
170240 0
193621 1
064590 1
277469 2
077698 0
123959 1
242975 0
152711 2
064922 1
064777 1
078073 0
093431 0
064492 1
064723 1
160515 1
067412 0
032652 0
188110 0
212698 0
058605 0
213473 0
188086 0
174773 1
110462 0
169302 0
232722 1
235228 0
110464 0
032609 0
123579 1
123697 1
177987 1
064914 1
235934 0
235942 0
232708 1
064443 1
114418 0
216565 0
064455 1
232205 0
232208 0
014471 1
193625 1
086683 1
068831 0
124089 0
018978 1
176651 2
014050 1
176622 2
182927 1
287922 1
076977 2
287928 2
287934 2
193636 1
064688 1
155800 1
013083 1
145857 1
065969 1
232724 1
082827 1
064913 1
065968 1
064875 1
177160 1
289957 0
085968 1
152713 1
155433 1
152261 1
288692 1
288572 1
077824 1
124017 2
124016 1
193637 1
169674 1
193638 1
124321 1
066356 1
064457 1
064862 1
169687 1
080444 2
064905 1
064585 0
232780 1
066149 1
283802 1
066153 1
152386 1
099038 1
257264 1
064920 1
099018 1
099027 1
112921 1
064587 1
064822 1
066094 1
066091 1
257231 1
065730 2
066228 0
066338 0
078206 1
153638 1
178103 1
123983 1
187164 1
233102 2
065599 2
186868 1
232738 1
170585 1
166028 0
187344 0
066122 1
124459 1
164239 1
123998 1
192395 0
069190 2
102363 2
066347 1
123233 1
099575 1
182332 2
064869 1
064404 2
066269 1
210588 1
178101 0
064882 2
064439 2
193746 1
170525 1
165939 1
284662 0
192276 0
177251 1
124162 1
064857 2
071542 1
104715 1
152479 1
152494 2
182331 2
066335 2
075552 0
176279 1
064871 1
065660 1
123989 1
064501 1
210624 2
232739 1
279180 1
123137 1
230350 0
230414 0
123160 1
230470 0
123993 1
064872 1
157056 1
284523 1
284549 1
284569 1
101240 1
284512 2
065893 1
153025 1
065904 1
064821 2
064600 1
252407 0
152485 1
252448 0
284956 0
064319 1
077219 1
252439 0
252425 0
124291 1
284979 0
087545 1
284516 2
188154 1
062746 1
267911 2
064487 1
064907 1
192397 1
111402 0
188540 0
157979 1
068379 1
283766 0
283768 0
152990 1
064414 1
171128 1
267917 2
188132 1
064790 1
123067 1
123053 1
101239 2
064805 1
124617 1
048326 0
188128 1
066445 1
168257 1
168030 1
180591 0
064823 1
068174 1
064495 1
111418 0
015300 1
187891 1
265901 1
265960 1
266057 1
188537 0
167543 1
265828 1
265906 1
014659 1
126087 1
064814 2
182414 0
064843 1
167547 1
167548 1
184341 0
009364 1
069434 1
102607 1
067912 1
124601 1
180588 0
127510 1
265853 2
265858 1
101234 1
101217 1
101055 1
155656 1
124627 1
123391 1
155257 1
081232 1
124437 1
187357 0
124181 1
167884 1
187379 1
152910 1
123999 1
013006 2
064592 1
180547 1
170382 1
170385 1
068308 1
176827 0
156877 1
187358 0
235905 0
083131 1
064841 1
127367 1
167643 1
064429 1
151189 1
012743 1
192511 0
085386 1
064929 1
182325 1
187072 1
187286 0
187285 0
176990 1
233541 1
124420 1
066225 1
124341 1
124344 1
168927 1
064435 1
013067 2
256381 1
016988 1
123995 1
287864 0
176986 1
087843 1
087754 1
287860 1
187053 2
167641 2
169181 0
163117 1
189530 2
124260 1
189849 1
267709 1
066046 1
177912 1
167592 1
064899 1
124337 1
066723 1
187186 0
079186 2
152871 1
189836 1
187695 0
123940 1
188309 0
187267 0
176984 1
249427 1
162727 1
285889 0
082812 1
192546 0
263808 0
187262 0
189837 2
202794 0
164101 1
188423 0
188392 0
192545 0
176780 1
164016 1
188347 0
188325 0
287271 0
189577 1
176981 1
176971 1
176972 1
079221 1
176980 1
163112 1
084935 1
087835 2
090333 2
163792 1
182330 1
155621 1
189838 2
168088 1
156914 2
179932 0
167593 1
167594 1
069203 2
102376 2
167942 1
069248 1
102421 1
229773 0
260844 1
196090 0
177696 1
229847 0
176686 1
263682 0
176636 1
123992 1
168926 1
015059 1
196153 0
152720 1
124616 1
170425 1
170426 1
068337 1
198890 0
276135 0
099605 1
177672 2
182336 1
276130 0
066802 1
150737 2
288712 1
188071 0
167602 1
167603 1
124425 1
123925 1
067599 1
077132 1
066524 1
183179 1
185092 0
131752 1
124257 1
124550 1
124248 1
183584 1
177671 2
198885 0
289802 0
124467 1
077806 0
076973 1
174991 2
001323 1
082809 1
005863 0
076974 1
164226 0
175829 1
086196 0
257787 0
257786 0
124470 1
177070 1
170422 1
167582 1
188064 0
012958 1
257785 0
060335 0
199662 0
267704 2
177013 1
164154 2
164157 0
183611 1
183557 1
162512 1
267701 1
086192 1
080223 0
267710 2
124548 2
167584 1
082805 2
176649 1
169673 1
288721 1
170349 1
007938 1
121351 1
030649 0
039138 0
167604 1
167605 1
167583 1
160995 1
144269 1
067093 1
187227 1
086184 1
170347 1
082766 1
192796 1
160970 2
067099 1
170381 1
114068 1
184311 1
014829 1
125888 1
114210 1
170384 1
079032 1
152127 1
018716 2
174742 2
077124 2
175367 1
071481 1
104654 1
184304 2
220212 1
124130 2
076916 1
083034 2
167525 1
167526 1
160074 1
170154 0
011048 1
071514 1
104687 1
288776 0
167590 1
167591 1
076921 1
173343 1
187334 1
179479 0
109561 2
166962 1
166963 1
000716 0
120333 1
067251 1
174992 2
030552 0
289955 1
289368 1
182363 1
077286 1
064878 1
000415 1
167576 1
167577 1
166961 1
210842 1
178296 0
167805 2
077279 2
266056 0
064893 1
210827 2
064924 1
167886 2
155665 1
030620 0
021587 0
030549 0
167599 1
167600 1
082658 2
120293 1
167581 1
124097 1
005038 0
119427 0
070355 1
103528 1
101872 0
285092 1
071482 1
104655 1
167509 1
071513 1
104686 1
167585 1
166872 1
174739 1
167559 1
210816 1
160046 2
070356 1
103529 1
167928 1
082597 2
289969 1
082869 1
124135 1
168506 0
285209 1
070389 1
103562 1
167788 1
187328 1
218213 1
152851 1
167579 1
077187 1
167596 1
167597 1
167685 1
130846 1
178513 1
130885 1
170352 2
130899 1
082087 1
123736 2
160565 1
165632 0
064460 1
117459 0
167686 1
183372 1
179799 0
124427 1
179803 0
186853 1
152824 1
227949 0
123726 1
064459 1
192469 0
168076 1
139433 0
191253 1
082974 1
175542 0
115027 2
130839 1
190044 0
227855 0
184878 0
071373 1
104546 1
075854 0
167000 1
126540 0
124063 1
184877 2
196783 0
190042 0
065695 1
276204 1
068895 0
126522 0
076961 0
114249 1
166302 0
124428 1
197744 1
028764 0
064785 2
013466 0
179268 1
078716 0
222775 1
187882 0
047562 0
089470 1
071360 1
104533 1
218222 1
107719 1
112991 1
047668 0
066088 1
152833 1
009518 2
121979 2
071351 1
104524 1
121978 1
123743 1
170354 1
170355 1
130800 1
128439 1
123091 1
130835 1
011899 0
102079 1
196181 0
130810 1
014506 1
064786 1
185881 0
127090 1
102115 1
102074 1
019973 2
102113 1
252843 1
178322 2
018198 2
177196 1
124487 1
151304 2
252856 2
150759 1
003894 0
173419 1
178331 2
124768 1
102027 2
065886 1
178332 2
007401 1
133118 2
016844 1
130817 1
151379 2
066131 2
000304 1
130852 1
186852 1
133129 2
209843 1
036195 0
124770 1
210023 1
210320 1
176632 2
176633 2
182908 2
222522 0
176678 2
173852 1
065865 1
221523 0
125177 0
133173 0
118773 0
064848 1
064273 1
000359 1
154264 0
276940 0
066166 2
000298 1
221955 0
005963 1
151291 2
133104 2
133098 2
066462 1
153022 1
016864 1
004041 2
064839 1
124615 1
005967 0
150565 1
178107 2
007261 0
120808 0
019849 0
021798 0
284568 1
284548 2
222529 0
158450 0
066137 1
151170 1
178122 1
150624 1
036198 0
092976 1
123997 1
102155 2
099971 1
099977 1
178464 1
178458 2
016824 1
016859 1
284522 1
149428 1
151090 1
128151 1
016972 1
222653 2
000302 1
000391 1
128430 1
015769 1
016850 1
172998 1
016803 0
123536 1
222655 2
180232 1
130836 1
130808 1
130739 1
180230 2
147460 1
146663 1
130811 1
017179 1
000327 1
173426 1
170337 1
000320 1
130773 1
149956 1
173496 1
127238 1
003165 0
149316 1
134357 0
127536 1
199430 0
182260 2
145787 0
148201 1
168934 1
223926 0
187696 1
127879 1
130805 1
124010 1
000312 1
182189 2
255761 0
129718 1
130809 1
016188 1
189184 0
130847 0
130886 0
130900 0
148202 2
224475 2
156197 2
124234 1
151213 1
000783 1
133034 1
000354 1
130799 1
164995 1
064523 1
227269 0
127825 1
006838 1
016858 1
000360 1
066419 1
197451 0
133159 0
197442 0
141194 2
154071 1
130831 1
000594 0
156540 0
123892 1
133187 0
000390 1
133623 1
174621 0
033571 0
064520 1
164663 0
152501 0
173308 0
187288 0
201860 2
130850 2
145836 1
016566 1
130837 1
124438 1
222923 1
130869 2
130859 1
129868 2
000323 1
124422 2
000325 1
129869 2
222739 1
130853 2
124466 1
129874 1
000299 1
130816 1
151137 2
224441 0
017182 0
130628 1
130639 1
151133 2
130655 2
015597 2
015580 1
130672 2
130806 1
130801 1
130807 1
000356 1
130843 2
016841 1
130896 1
000326 1
015726 1
000322 1
130818 1
141162 2
180223 1
016987 0
180159 2
124015 1
151124 1
187707 1
000431 1
130833 1
016546 1
130802 1
015790 1
191910 2
162032 2
162076 1
150303 1
141224 2
013144 1
064530 1
141234 2
124186 1
034372 0
125922 0
014809 0
125909 0
141210 2
164120 0
000435 2
125425 0
150379 1
130747 1
164017 0
201558 2
130840 1
182006 2
017336 1
125934 0
125941 0
098458 1
181990 2
150658 1
223730 2
151231 1
098457 1
200283 0
181960 2
150985 1
016933 1
192165 2
187197 0
223922 0
150720 1
224476 0
224440 0
076611 1
070966 0
104139 0
156726 0
084937 0
098601 1
187204 0
150677 2
098561 1
098608 2
150679 1
098456 1
150681 2
150908 1
192166 1
150690 1
064818 1
017086 1
128349 1
124026 1
076246 1
150087 0
107878 0
168181 0
150323 1
180076 0
064474 1
218734 0
012680 0
009345 1
121815 1
155748 0
066249 0
003641 0
155729 0
009392 1
151602 1
170877 0
183971 0
155747 0
000318 0
018804 0
000297 1
147305 1
150425 1
183530 1
000353 1
251938 0
136265 1
259120 0
155744 0
270881 0
130812 1
206828 0
187317 0
144431 2
116106 0
282202 0
143610 0
221504 1
221525 1
138805 0
243984 0
150434 1
185989 0
230067 0
230114 0
123823 1
064468 1
068019 1
086107 0
064588 1
143297 2
231898 0
143300 2
143268 2
187496 0
005454 1
120009 1
143200 2
124455 1
064908 1
270889 0
257088 0
192309 0
224488 0
064850 1
070104 0
070120 0
103277 0
103293 0
064599 1
134091 1
289926 0
124082 1
064928 2
171828 0
099255 1
201610 0
064640 1
266415 0
128449 0
070940 0
104113 0
064598 1
282212 0
064860 1
143197 2
010762 1
219338 1
219463 1
124093 1
124117 1
064557 1
015637 1
042401 0
149398 1
092305 1
003174 0
014590 0
064512 1
064270 0
065045 1
111105 0
066388 1
064782 1
006290 1
180984 0
287834 0
092310 1
150214 0
137552 2
124273 0
152047 1
150212 0
066332 1
124354 1
118328 0
002230 0
124351 1
182587 2
064264 0
091236 0
049909 0
010497 0
061477 0
037819 0
064881 1
016097 0
149852 0
004302 0
118433 0
049842 0
054262 0
017150 0
126815 0
149400 2
100873 0
167458 0
137603 2
149876 0
069987 0
103160 0
149860 0
155599 1
252830 0
124353 1
128322 0
157242 0
124142 1
006114 1
128481 1
173060 0
076086 0
154808 0
232764 0
236572 0
196906 2
006139 0
160282 0
040907 0
052192 0
152057 1
017036 0
064900 1
167447 0
285166 0
128302 0
124447 1
188246 0
064409 1
007186 0
093433 0
284672 0
006698 0
128248 0
224229 0
016948 0
130544 1
112010 0
086614 0
082840 1
124013 0
037827 0
064796 1
275089 0
064448 1
196845 1
195702 0
182596 1
082847 1
000418 1
124352 1
149620 1
087216 1
195562 2
128632 2
064619 1
151450 1
087185 0
065655 1
124191 1
221503 0
221524 0
202144 0
143462 1
136316 0
201395 0
124872 0
127089 1
065288 1
124442 1
204211 0
124145 2
101448 0
013250 1
202799 1
064485 1
015317 1
125416 1
078480 1
084994 0
085013 0
088180 1
064840 1
071001 0
104174 0
136317 0
082192 1
192274 0
192389 0
066337 1
268762 0
017457 0
129464 0
130821 2
124516 1
173808 2
074949 0
064467 1
025691 0
188295 0
087175 0
187382 1
066529 0
258324 0
258392 0
085021 0
135961 0
066656 0
071762 0
071868 0
104935 0
105041 0
064347 1
001597 1
002444 0
126709 0
199395 0
065855 1
099176 0
088349 1
276088 0
076915 2
011384 2
012257 0
199396 0
289827 0
289832 0
219040 2
033502 0
064824 1
081761 0
202143 0
117160 0
130830 1
077709 1
069194 0
102367 0
135973 0
039180 0
192539 0
192544 0
109967 0
241672 1
009078 0
121586 0
088178 1
241659 1
076919 1
077354 2
082197 1
126882 1
151233 1
173809 2
173835 1
114223 0
127371 0
123967 0
123700 1
127369 0
066227 0
127225 0
143586 0
095462 0
000308 0
124614 1
127134 0
059438 0
064427 1
114222 0
223600 0
109215 0
155338 1
279797 0
124395 1
218837 0
017226 0
130604 0
086542 0
257002 1
014827 1
125890 1
086503 0
130564 0
130870 0
064863 1
206885 0
146942 0
195688 0
258509 0
099024 0
064391 1
276308 1
124408 1
287866 0
127064 0
031584 0
054313 0
062499 0
175698 0
084024 1
178580 0
075809 2
017231 1
064390 1
263039 0
067770 1
033495 0
086867 1
200239 0
109814 0
109823 0
086368 1
099017 0
077221 1
038558 0
130079 1
018915 0
076316 0
011345 1
071709 0
104882 0
127002 0
058587 0
085881 0
092126 0
029943 0
180994 0
143550 0
232370 1
082078 1
081826 1
087855 1
128241 0
130813 1
000358 1
136106 0
149829 1
064917 1
134200 0
016963 1
134195 0
037129 0
064419 0
154974 0
130074 1
000319 1
130073 1
082159 1
232240 0
124424 2
076133 1
124397 1
124392 1
124432 1
234952 0
108750 1
112948 1
136219 0
115665 2
227685 0
087004 1
016953 1
111143 0
078623 0
123650 1
068659 1
150766 0
004701 0
118937 0
082120 0
100528 0
000398 1
136246 0
136307 0
136637 1
227622 0
086220 0
184927 0
234674 0
075741 1
184890 0
007962 0
121369 0
118906 0
133091 0
124330 1
031955 0
128456 0
133099 0
192224 0
126933 0
036824 0
066296 1
087065 0
155432 1
111433 2
128641 1
099016 1
082194 0
153567 0
077612 0
159566 0
192475 1
031947 0
253249 0
231938 0
213351 0
017691 0
149794 1
187399 1
033138 0
227515 0
140175 0
086239 0
131189 0
150246 1
230960 0
146480 0
197999 0
009026 0
121537 0
031967 0
111432 2
001265 0
208151 0
098296 0
128640 0
121365 0
133092 0
177039 2
082238 1
124349 1
028681 0
011263 1
122687 1
187653 1
018008 0
129104 0
121357 0
111434 1
095460 0
098142 0
077601 0
139588 1
111144 0
150247 1
082233 1
192476 1
099025 1
111388 2
124217 1
124220 1
124360 1
124371 2
177043 1
123418 1
148289 1
124433 1
123968 1
007842 0
011314 0
099032 1
070882 0
104055 0
117577 1
099033 1
111773 1
123878 1
201768 0
071706 1
104879 1
099154 2
099030 1
009891 1
122237 1
187625 1
101212 0
131640 1
131641 1
087881 0
121783 0
252665 0
126981 1
131643 1
129537 0
130720 1
117449 0
124118 0
124446 0
130160 1
092656 0
128525 1
149281 1
009303 0
121788 0
014815 1
125903 1
110491 0
128669 2
018271 1
128914 1
131671 1
123555 1
011639 0
017867 1
129194 1
064768 1
117758 1
079404 1
124812 0
064683 1
036145 0
189591 0
064470 0
043398 0
187508 1
244762 0
126335 0
121782 0
123986 1
044649 0
269869 0
159766 0
070870 0
104043 0
006314 0
079268 0
244780 0
262596 0
124390 1
042809 0
127033 0
108469 0
042107 0
181548 0
002365 1
195152 0
137577 0
064526 1
065512 0
154635 1
046644 0
099724 0
064471 1
030753 0
124384 1
134626 1
064521 1
117793 2
079197 1
232755 1
017249 1
129633 1
011700 0
122821 0
017495 1
129432 1
117792 1
133528 0
232721 1
122721 0
092838 0
151961 1
133876 0
131900 1
136240 0
146231 0
075564 1
125018 1
122720 0
133163 0
127973 0
127607 1
064904 1
185380 0
271237 0
024781 0
000527 1
284825 0
257210 0
074702 0
284817 0
098558 0
189259 1
124957 0
136057 0
132823 0
193012 0
124839 0
082999 1
124283 1
074812 0
175515 1
127383 0
257220 0
271148 0
214103 0
070305 1
103478 1
177610 1
055962 0
098590 0
147688 0
143989 0
170863 0
233088 0
066145 1
064245 0
126222 0
124840 0
035014 0
271149 0
177605 2
126253 0
239393 0
064739 1
167742 0
064671 1
136924 0
147469 0
233105 0
082918 0
037030 0
132583 0
064879 1
122206 0
124843 0
009767 0
122163 0
065850 1
010064 0
122365 0
100708 0
015122 0
125621 0
051757 0
050892 0
147684 0
124326 1
051117 0
068459 1
182514 1
285311 0
134772 0
187666 0
070303 1
103476 1
065907 1
175446 2
