015550 2
256745 2
165852 1
261316 1
261321 1
184504 2
163047 1
145670 1
189986 2
147481 1
151509 2
149124 1
181708 1
136599 2
265000 1
211729 1
181750 1
261323 1
181844 1
177035 0
229282 2
181748 1
151525 1
189857 1
181705 1
141136 2
002421 0
141135 2
141247 2
008965 2
016620 2
141250 2
211747 1
218031 0
237717 1
146972 1
013309 1
141246 2
225698 1
255471 2
151484 1
225696 1
207260 0
157225 1
279100 1
131480 2
157151 1
156034 1
162873 0
155623 2
264381 1
264471 1
224835 1
265060 2
150316 1
265002 1
264906 2
135806 1
087737 0
141752 1
136280 2
151074 1
153042 2
133573 1
239891 1
279102 2
225702 1
070591 2
103763 2
182204 2
265061 2
013738 2
182663 2
002420 1
135692 1
153089 2
159780 2
101618 0
170988 2
176596 2
135686 2
279149 2
077162 2
180000 1
115260 2
261985 2
155555 1
155556 1
070775 2
103948 2
171394 1
279138 2
221966 0
157104 1
176602 1
220310 2
199005 1
159219 2
150344 1
152523 1
136730 2
142319 1
155452 1
150102 1
003780 2
150104 1
070599 2
103772 2
141663 1
199007 1
000937 2
079924 2
176758 1
093487 2
176769 1
176770 1
083004 2
196162 1
070852 2
104025 2
199034 1
225567 1
153048 1
095839 2
199016 1
083008 2
077177 2
115251 2
176659 1
083022 2
001528 2
190344 1
190337 1
001111 1
252112 1
092708 2
155981 1
176629 1
097977 2
153097 1
002983 2
197801 1
197807 1
237720 1
067073 1
142237 1
016457 2
142330 1
195543 2
126685 2
019394 0
163705 2
196969 2
199539 1
142325 1
093244 2
183526 1
151946 0
195538 2
173126 1
190623 1
192637 2
191574 2
067114 2
265218 1
179913 1
159781 0
232886 1
136642 1
016535 1
156377 1
153176 2
199647 1
183977 2
190510 1
192639 2
153092 1
014584 2
190437 1
222048 1
008552 2
002496 0
191490 1
255391 2
136649 1
192189 2
093036 2
013648 2
164782 2
190432 2
014177 2
174882 1
130184 2
191464 2
083044 2
190492 1
155917 0
131249 2
222114 1
152438 1
190511 1
195535 2
095838 2
190482 1
192646 2
183565 1
092705 2
097951 2
176787 1
093245 1
093238 2
222425 1
191652 2
191481 2
130374 1
197766 1
154870 1
255290 2
148675 1
190517 1
195548 0
288894 1
288946 1
176946 1
141183 0
202462 2
200812 1
145337 1
085214 2
184974 1
188663 1
147385 1
193141 2
189381 1
001559 2
176951 1
188673 1
235767 1
002672 1
126648 2
157383 1
188662 1
067177 2
002694 2
152446 1
222049 1
141184 0
065410 2
158638 1
145705 1
085220 1
190819 1
195549 0
242264 0
242266 0
185093 1
195547 0
159233 1
016699 1
016628 2
009195 0
169151 1
150080 1
018537 0
185143 1
169026 0
196967 1
154742 1
196838 1
124314 0
225556 0
148003 0
195546 0
156624 1
259898 1
136794 1
225621 0
162050 1
138310 2
279061 1
254551 1
147384 1
009625 0
169012 1
252700 1
136790 1
259909 1
004558 1
189382 1
197060 1
181479 1
242140 1
158305 1
015236 0
125504 0
002124 1
085215 1
159744 2
159745 2
177153 1
087837 2
084902 1
014530 1
159758 2
014462 2
156613 2
159920 2
159921 2
181930 1
148134 1
157943 1
147495 1
248737 0
157978 1
167069 1
160464 2
158236 1
154129 2
248073 0
157982 1
176765 1
000537 1
231765 1
013665 2
134023 1
044638 2
155534 2
154719 0
255463 1
190416 2
164374 0
153570 0
138242 0
258385 2
252287 1
160744 2
160745 2
161271 1
164360 0
177332 2
170817 2
001565 2
014543 2
217698 1
231685 1
231684 1
247941 0
215314 1
217871 2
217877 2
134013 1
010435 1
260060 0
156565 1
210828 1
232158 1
261386 1
246455 0
234265 1
156612 2
157143 2
016710 1
220096 2
220105 2
153138 2
161164 1
037750 1
190560 2
045407 0
261396 2
211493 1
235220 2
183937 1
176303 0
220711 2
220716 2
136518 1
202662 1
263543 2
232131 1
061119 0
014058 1
220292 1
176184 0
175741 1
227557 1
185746 1
202452 0
227794 1
134021 1
176214 0
233212 1
153782 1
218693 2
182112 1
142411 1
137542 0
202687 1
170835 1
145655 1
179648 2
183933 1
258341 1
146563 1
182104 1
240349 1
255354 0
255937 0
236017 1
254552 0
235264 1
235505 1
157137 1
190294 2
156553 1
130154 1
228038 1
227680 1
190302 2
154542 1
234956 0
150928 1
140620 1
231614 2
224581 1
220259 2
231467 1
037650 1
177133 0
145398 1
117689 0
288988 1
190568 2
160932 0
160933 0
158874 1
160848 0
145400 1
037660 1
185745 1
194306 1
008506 1
144073 1
163163 2
194309 1
161198 1
220181 0
002813 2
244978 0
155931 2
202723 1
163104 2
282297 0
190702 2
215724 0
142874 1
024366 0
255433 2
223910 1
159436 1
136337 0
001530 1
184004 2
148120 0
278634 0
165519 0
165520 0
179127 1
154560 1
190911 2
192628 2
165479 0
165480 0
016926 1
227906 0
131208 1
288934 1
142247 1
191669 2
255403 0
190561 1
087834 0
223900 1
001560 2
223909 1
152259 0
171397 0
192204 0
143977 0
016593 0
064701 0
191719 0
158605 1
007207 0
120767 0
156954 2
