238411 0
269056 0
233640 0
266911 2
082766 0
231857 1
212162 2
236366 0
222787 1
269284 0
238035 0
211172 1
269014 1
238033 0
233660 0
256635 2
269219 2
201337 2
256543 2
222788 0
223369 1
269135 1
269138 1
266308 1
220497 0
250537 2
269363 2
269062 2
201474 2
079631 1
196905 1
255274 2
196356 0
196579 0
196603 0
269037 1
017038 2
141912 2
003475 0
131685 1
250695 2
223325 1
197225 1
268978 2
196297 0
269742 0
218536 2
223023 1
201475 2
006435 2
197532 0
196319 0
269109 1
212167 2
196208 0
220420 2
238097 0
232686 0
130337 2
130357 2
196309 0
205653 0
268985 1
138350 1
255389 0
255912 2
203124 1
240583 1
240617 1
223022 1
269737 0
269022 1
230770 0
255934 2
255945 2
255948 2
141915 2
207237 0
207281 0
238207 0
252188 0
141939 2
252142 0
257506 2
130371 2
201566 2
196578 1
162184 0
278862 0
197226 1
213100 0
269616 1
064895 2
257022 2
201550 2
225583 0
281452 1
207193 0
206995 0
223029 1
223031 1
223028 1
006608 0
150514 0
201707 2
201712 2
220465 2
201791 2
223019 1
150512 0
203131 1
205360 1
269604 1
203701 1
133944 2
220423 2
002886 2
220484 2
220483 2
094765 0
115046 0
266333 1
204547 2
064885 0
138405 2
151676 1
201603 0
196602 1
098053 1
151646 1
131696 2
151652 1
151649 1
130871 2
130864 2
130877 2
269254 2
141131 2
130860 2
266375 0
266378 1
114830 0
215692 0
150081 0
002207 1
194954 2
196091 0
264605 0
199777 1
219128 1
144328 0
114722 0
196095 2
170993 1
196355 0
138769 2
150066 0
263564 0
141101 2
274565 0
200375 1
139763 0
151658 0
155909 0
150072 0
204651 2
196058 0
139726 0
079638 0
018195 2
128964 2
129994 2
155674 0
195482 1
253060 0
214158 2
204937 2
192783 2
254778 0
224126 1
213570 0
131884 2
130898 2
152039 0
102075 0
076236 0
139718 0
150071 0
222593 2
150067 0
200540 0
133019 2
157353 0
243613 2
196998 0
093115 0
144135 2
220112 2
213686 0
157352 0
131713 2
131700 2
141082 2
140262 2
131790 2
222592 2
144271 2
131772 2
140220 2
144270 2
141100 2
143960 1
144100 2
133368 2
144128 2
219118 1
143958 2
131925 2
142750 2
143927 2
131701 2
214144 2
131876 1
270247 2
270249 2
199803 1
143165 1
143467 2
143938 2
269112 0
224094 1
143182 1
200380 1
142751 2
224124 0
192731 2
129989 2
144175 1
144164 1
224096 1
002264 0
140176 2
139396 2
129809 2
130952 2
134832 1
130844 2
144183 1
214163 2
138749 2
140186 2
002889 2
141345 2
144569 2
139314 2
199759 1
142745 1
129992 2
129937 2
129987 2
129934 2
144617 2
142691 1
144564 2
199804 1
144134 2
144556 2
002447 2
131761 2
144582 2
130280 2
197885 2
211720 0
134000 2
143415 1
130257 2
131763 2
269216 2
139765 2
131578 2
131570 2
141332 0
199784 1
002927 2
134064 2
136686 2
226463 2
275837 2
143421 2
130116 0
226533 2
134997 2
144160 2
002741 2
132655 2
199745 1
134896 2
143420 1
134068 2
139837 0
139296 2
139727 2
139399 2
139517 2
135019 2
134905 2
139522 2
131575 2
138803 2
131574 2
133670 2
131576 2
133984 2
144810 2
132786 2
132060 2
132821 2
002928 2
132780 2
138854 2
139211 2
144853 2
130230 2
130251 2
130265 2
138943 2
132779 2
138915 2
138843 2
226421 2
130253 2
003607 2
134093 2
138913 2
138931 2
132044 2
133660 2
275773 0
136638 2
134895 2
132678 2
134073 2
133812 2
130244 1
130243 1
144724 1
144725 1
138816 2
006734 2
138983 2
144722 1
144945 2
144948 2
144954 2
138810 2
140263 2
129712 2
010966 2
002682 2
144721 1
129729 2
138867 2
144632 1
129880 2
134830 2
129808 2
129807 2
002890 2
140394 2
002765 2
131748 2
129849 2
147416 2
144650 1
144048 2
144935 2
240494 0
147406 2
138767 2
147423 2
132446 2
161721 2
139067 2
138394 2
129834 2
132543 1
144956 2
138981 2
137392 2
132693 2
144952 2
006573 2
133780 2
140972 2
134837 2
130487 2
069628 2
102801 2
147614 2
133980 2
138797 2
013779 2
144968 2
133999 2
133638 2
132694 2
139198 0
133779 2
006634 2
133794 2
138990 2
138393 2
130491 2
069649 2
102822 2
144053 2
144060 2
132554 1
147609 2
069567 2
102740 2
133755 2
144054 2
139134 1
136931 0
138390 1
138848 1
136916 0
136929 0
140960 0
115297 2
140973 2
132459 2
147720 2
130495 2
132419 1
138973 2
137072 1
130497 2
130511 2
150966 0
136914 0
139439 1
147589 2
144590 1
147566 2
138748 2
138632 2
131805 2
138636 2
132642 2
130909 1
136825 0
008264 2
131608 2
131726 2
132431 1
130167 2
012785 2
146129 2
009964 2
150967 0
137299 2
131609 2
139987 2
138525 2
131799 2
139977 2
138507 1
132559 1
145922 0
138955 0
131611 2
114660 2
205350 2
177432 2
143408 2
008642 0
114662 2
136475 0
131600 2
131587 2
135993 0
132166 1
137183 0
130092 2
130401 1
132384 2
139758 2
085633 2
135877 0
006299 2
136933 1
135853 0
150915 2
132147 1
131588 1
132644 0
132159 0
150934 0
006417 2
139965 2
130696 2
130088 2
130704 2
130518 2
130522 2
130454 0
006624 2
130477 0
205351 2
130698 2
130756 1
141169 2
131565 2
130711 2
130798 1
006436 2
132129 0
130722 1
130751 1
006064 0
131717 0
115341 1
202756 0
202757 0
123283 2
123302 2
130824 1
196522 2
148166 2
202755 0
069824 2
102997 2
196670 2
138686 2
115349 1
129379 1
129378 1
131028 0
097146 0
266707 0
115354 1
129371 1
129372 1
006388 2
266709 0
129375 1
115381 1
147055 2
129014 2
097149 0
147360 0
197365 2
129376 1
130758 1
213024 0
129374 1
131860 1
018274 2
128911 2
017632 1
129355 1
129373 1
196366 2
196668 2
012079 2
122892 2
129381 1
213872 0
129019 2
202749 0
138498 0
131865 0
132555 1
142111 0
220506 0
255359 0
197336 2
280878 0
196661 2
148775 0
213514 0
115802 0
269160 2
250880 0
240261 0
147404 2
232400 0
142024 0
006369 2
250808 0
167296 2
167297 2
197544 1
189130 0
192997 1
220654 2
232406 0
195268 0
129434 1
129441 1
129456 1
129452 1
129447 1
129448 1
167248 2
167201 2
192939 1
225613 0
167146 2
109034 2
144420 0
196646 2
196655 2
140920 0
144406 0
131580 1
225970 0
015179 0
125566 0
133308 0
215715 0
091012 0
168267 0
168268 0
195404 2
199604 2
219124 0
133182 2
091021 0
215719 0
199638 2
220660 0
255577 0
150026 0
141986 2
138427 0
168168 0
161269 2
101241 2
151698 0
101245 2
141330 0
255923 0
144376 0
171700 1
131010 0
199778 1
195378 2
195349 2
215712 0
099474 0
101246 2
141583 0
201536 2
215706 0
101924 0
255523 0
133191 2
171709 1
195228 2
195236 2
147850 0
197932 2
197899 2
010285 2
122613 2
138575 0
101243 2
129127 0
141342 0
195317 2
076131 2
199491 2
129901 0
101252 0
131661 0
202105 0
117144 2
138543 0
138576 0
058497 0
018000 0
129109 0
173785 2
196680 2
282633 0
058557 2
155611 2
162711 2
182760 1
178091 0
155610 2
117370 2
130061 2
129059 0
157909 2
256122 0
199839 2
117348 2
117375 2
122612 2
000755 2
199376 2
194304 2
133169 0
194312 2
194316 2
194367 2
195204 2
171674 1
244696 1
171708 1
264721 0
133167 0
171667 1
182776 1
258822 0
173789 2
243609 0
243630 0
243649 0
221880 2
196802 2
217202 0
197822 2
258573 0
199203 2
222490 0
197819 2
275836 0
199174 2
201928 1
233904 0
240145 0
241271 0
231796 0
171673 1
152790 0
152791 0
196769 0
158296 2
132639 0
278925 0
278923 0
261139 0
257879 0
199075 2
280266 1
196730 0
230409 2
197256 2
253886 1
194849 0
193696 2
131663 2
192846 1
197180 2
182984 0
143317 0
240136 0
243735 0
197865 2
196748 0
197863 2
196886 2
152927 0
253883 1
194412 2
230436 2
037084 0
233909 0
256555 2
272657 0
136665 0
199079 2
201513 2
210000 0
190473 0
222313 0
140730 0
253631 0
198537 2
042733 0
278863 0
198339 2
202071 2
157805 2
002542 2
151691 2
202155 0
132148 1
289520 0
143316 0
198541 2
197966 1
235732 0
097596 0
131084 2
199090 2
198530 2
253896 1
198333 2
210601 1
131013 2
131138 2
132150 1
178351 2
132146 0
198312 0
151726 0
131228 2
132152 1
197930 0
198307 0
132160 1
132168 1
132153 1
132164 1
198304 0
002509 0
132161 0
178089 0
131235 2
080274 0
060019 0
177244 0
005969 0
008730 0
223636 0
160164 2
008865 0
137458 0
139456 2
214487 0
075516 2
235792 1
177438 0
075502 2
160208 2
177274 0
226019 0
139454 0
155497 0
200458 2
075759 2
075574 2
199086 0
165442 0
132145 0
167791 0
130228 0
231245 1
008887 0
014308 0
075749 2
177430 0
193071 2
252539 0
112654 0
031619 0
158363 0
266877 0
233997 0
140826 0
101256 0
196073 0
233401 0
076019 2
224562 1
155572 0
194183 2
197366 0
140037 0
147076 0
112718 0
194176 2
155565 0
072255 0
105428 0
092325 0
154218 0
155579 0
243294 0
150585 0
230688 0
147086 0
129686 0
256926 0
190459 2
201960 0
158022 0
108974 0
075989 2
112720 0
063084 0
151813 0
198813 0
138503 2
075838 2
075913 2
075837 2
194219 2
138508 2
193069 2
224628 1
224620 1
255415 0
190470 2
255441 1
220383 0
209385 0
084119 2
138496 2
084138 2
231163 1
271342 0
271348 0
289855 0
162879 0
289854 0
220377 0
256031 0
161997 2
255947 1
142085 0
246421 0
136170 0
241272 0
241273 0
095708 0
263645 0
131614 1
246429 0
270248 2
136168 0
229021 0
246416 0
273727 0
208355 0
193439 2
147946 0
161993 2
220341 0
147935 0
143273 0
255944 1
163692 2
131612 0
121933 0
133677 0
147934 0
166716 0
166717 0
147016 0
211379 0
096893 2
194840 1
222862 0
289871 0
231159 1
230503 0
138952 0
196600 1
034610 0
075967 2
131620 1
099857 0
260320 0
241097 0
140599 0
034658 0
067512 0
278168 0
201197 0
196211 2
170734 2
140848 0
006472 2
200919 0
229011 0
196598 0
131616 0
196210 2
076502 0
253139 0
197176 1
163307 0
255453 0
130351 0
221444 0
012900 0
192966 0
198346 0
155358 0
131850 0
037387 0
213979 0
275018 0
231166 1
255933 1
170668 2
270246 2
197170 0
138486 0
227023 0
226960 0
227007 0
131621 1
140369 0
256004 0
118579 0
194089 0
238303 0
004426 0
118598 0
131617 0
194100 0
254751 2
256637 0
284588 0
254707 2
178092 0
254747 2
