278758 0
070284 2
103457 2
089193 0
092070 2
124355 0
182023 0
098771 2
098726 2
094245 2
124761 0
282659 0
008728 0
092249 2
189109 0
150976 0
051197 0
089242 0
098707 2
098848 2
244079 0
196637 0
189126 0
094027 2
278049 0
094353 2
124350 0
012799 0
094400 2
090599 0
051206 0
189080 0
282737 0
006556 0
270279 0
114577 0
039416 0
051189 0
052689 0
123285 0
089288 0
097481 0
096022 2
127161 0
102025 1
051092 0
098779 2
051107 0
202799 0
093948 2
141581 0
064547 2
097696 0
051221 0
215868 0
176032 0
051204 0
080217 0
096061 2
123281 0
124762 0
150980 0
097474 0
102009 0
270280 0
270350 0
224238 0
224417 0
224501 0
224505 0
087768 0
094432 2
094046 2
267315 0
267363 0
079079 2
270349 0
164591 0
285312 0
102061 2
002688 2
197191 2
269371 0
096153 2
051094 0
281326 0
267312 0
267360 0
197193 2
075448 0
150871 0
015608 2
051059 0
258627 0
019067 0
064258 0
114654 0
067145 0
118256 0
012267 2
094056 2
197197 2
094074 2
094081 2
098801 2
096026 2
070151 2
103324 2
096024 2
093698 2
097345 0
097344 0
097898 0
097925 2
097949 2
196375 1
096071 2
097920 2
094388 2
094380 2
095005 0
098529 2
098620 2
084567 2
084568 2
096207 2
094832 2
084566 2
084559 2
220821 2
098525 2
098633 2
084558 2
098508 2
093044 2
070056 2
103229 2
220835 2
070061 2
103234 2
099334 0
097097 2
070059 2
103232 2
096181 2
099398 0
119685 2
277403 2
099382 0
001194 0
097101 2
132568 0
109381 0
119701 2
094758 2
005543 2
120122 2
092942 0
109380 2
108202 2
091286 2
094369 2
132046 0
094377 2
094378 2
070010 2
103183 2
157582 0
091317 2
094754 2
096201 2
094385 2
094368 2
070085 2
103258 2
094379 2
099790 0
094244 2
099192 2
099069 2
094949 1
051651 0
096231 2
095978 2
118516 2
092951 2
016974 0
099089 0
114151 2
137329 0
068022 2
192808 2
089215 0
175594 2
084628 2
096003 2
098850 2
084626 2
101868 0
084631 0
070108 2
103281 2
096043 2
098847 2
098810 2
098751 2
096002 2
095882 2
096049 2
097821 2
095448 0
097857 2
097808 2
099342 2
097817 2
097815 2
192823 2
099357 0
070390 2
103563 2
112385 2
070341 2
103514 2
095986 2
132577 0
096936 2
092934 2
099083 2
096894 2
095958 2
111963 2
004419 2
098977 2
098441 2
099647 0
098461 0
100741 2
100751 2
084634 2
086802 0
100758 2
086693 0
098505 2
098972 2
084629 2
098443 2
098366 2
094699 2
004171 2
118279 2
095413 2
096209 2
095398 2
108817 2
108802 0
099992 0
098411 2
032896 0
096206 2
028838 0
132006 0
094587 2
178301 0
180167 2
101190 2
019788 0
034795 0
101189 2
132025 0
098777 2
113131 0
094390 2
064514 0
019794 0
070319 2
103492 2
094389 2
094612 2
084649 2
099405 0
098497 0
099614 0
094055 2
092794 0
070323 2
103496 2
037374 0
092875 0
098644 2
092793 0
098629 2
117703 2
094387 0
181843 0
133951 0
094054 2
098639 2
099515 2
094558 2
098021 2
099092 2
098784 2
099104 2
098793 2
098097 2
098070 2
098059 2
070285 2
103458 2
070100 2
103273 2
070117 2
103290 2
070114 2
103287 2
070364 2
103537 2
070424 2
103597 2
098020 2
117708 2
117710 2
098104 2
070450 2
103623 2
070494 2
103667 2
098029 2
097973 2
098010 2
097157 0
098028 2
133940 2
098068 2
004379 2
118512 2
095399 0
097830 2
101226 2
096648 2
097974 2
098362 2
244272 0
109421 2
094019 2
095659 2
094020 2
125036 2
098409 2
096240 2
098360 0
094051 0
094178 2
114382 2
094522 2
114462 2
131994 0
093973 2
141038 2
094209 2
187577 0
096685 2
131986 0
180061 0
097701 0
093912 2
187021 0
114384 2
041509 2
144337 2
181536 2
094490 0
076285 2
117564 2
133661 2
093938 2
018460 2
128788 2
097333 2
095230 2
100245 2
117556 2
065895 2
101255 0
095217 2
015251 2
125486 2
014186 2
086581 2
108127 2
131127 2
086596 2
097335 2
007411 0
120928 0
110452 2
202627 0
092971 2
098446 2
074864 2
140978 2
100034 2
065856 2
093892 2
065912 2
093931 2
098413 2
140980 2
093942 2
093941 2
133721 2
086637 2
128871 2
146000 2
074842 2
098375 2
148104 2
098797 2
095745 0
098200 2
095614 0
092937 2
236564 0
113717 0
119817 0
067563 2
093478 2
067592 2
075008 2
114205 0
108710 2
098781 2
236358 2
094550 2
145974 2
101555 2
138970 2
067615 2
095584 0
128747 2
094232 0
135685 2
094071 2
097084 0
078739 2
091983 0
096986 0
100464 0
238700 2
094564 2
098354 0
111268 2
094235 2
091982 0
094008 2
128870 2
279608 0
100286 2
111269 2
062130 0
093114 0
095961 2
128869 2
260644 2
093802 2
180465 2
020886 0
096236 0
099343 2
079592 0
139214 2
108731 2
180514 2
111530 2
116149 0
098056 0
138037 2
062153 0
096033 2
117575 2
116573 2
078741 2
108729 2
100428 2
156660 0
156662 0
095937 2
095032 2
096983 0
156664 0
078772 2
135085 0
098280 2
100378 2
156661 0
140247 2
110350 0
114552 2
093804 0
125021 2
078746 2
100279 2
100303 1
067636 2
101412 2
078778 2
111293 2
067649 2
094973 2
078271 2
125023 2
140355 2
140266 2
095638 2
018552 1
128739 1
079654 0
094729 2
094827 2
094749 2
114618 2
114596 2
111511 2
131145 0
094481 2
117639 2
069174 0
102347 0
079580 0
094698 2
086654 2
109982 0
098949 2
155289 2
095600 0
003267 0
033372 2
065068 2
126999 2
101791 2
101942 0
071377 2
104550 2
065101 2
066285 2
133015 0
098179 0
094068 2
100685 0
010253 0
122580 0
243724 0
063105 0
066294 2
144933 1
109713 0
004518 2
118728 2
071364 2
104537 2
133028 0
110609 2
076297 0
100549 0
134819 0
112596 0
243722 0
139721 2
064669 2
109960 0
005062 2
119461 2
146966 0
056274 2
088008 2
112572 0
093940 2
017937 0
129155 0
075324 2
137945 2
101945 0
112328 2
093889 2
189892 0
069209 0
102382 0
076459 0
138459 2
132001 2
001887 2
109691 0
189910 2
064517 2
092536 2
098447 2
243659 0
078237 2
169282 0
075341 2
138425 2
093853 2
087998 2
137967 2
098423 0
063058 2
137991 2
063264 2
093794 2
063267 2
078236 2
093699 0
078325 2
126367 1
078345 2
095524 2
056677 2
086655 2
142617 2
078404 2
048069 2
243192 0
141970 2
079747 0
131999 2
127702 0
132764 0
111259 2
093714 0
009871 2
122229 2
093719 0
095225 2
087982 2
048075 2
052272 0
093670 0
092710 0
132080 0
094848 2
131996 2
095234 0
065663 0
131993 2
036482 0
134798 0
072263 2
105436 2
094752 2
001330 2
086514 2
063759 2
095228 0
141527 2
071710 2
104883 2
017676 2
129322 2
009147 2
121639 2
066425 0
138468 2
061265 0
111735 0
055517 0
093951 0
052466 0
061186 0
041810 2
114971 2
033125 0
062683 0
145310 0
068254 0
063851 1
130164 0
127698 0
162429 2
136132 0
095231 0
087986 0
074433 2
107606 2
159737 0
143414 0
239627 0
100241 2
098281 0
100266 2
072189 2
105362 2
094346 1
055623 0
092554 2
071684 2
104857 2
065686 2
187114 0
133746 2
017303 0
063850 2
092542 2
094296 0
063331 0
086741 0
009125 0
065032 2
252455 0
065854 2
067847 2
120594 2
111267 0
060989 2
101876 0
090497 2
120708 1
146534 2
064203 2
065858 2
062701 2
142410 1
060988 2
007217 2
120778 2
119260 0
099401 2
001990 2
001235 0
071453 2
104626 2
142387 2
092463 2
142637 2
064219 2
058024 2
092526 0
142622 1
018169 2
128986 2
064244 2
066301 0
131505 2
198038 2
131020 2
149696 2
110617 0
149212 2
219985 2
124914 2
086776 0
131016 2
189164 2
198007 2
012499 0
132566 0
078525 2
132567 0
138849 0
083854 0
130248 0
005187 2
119632 2
183235 2
131490 2
131482 2
096340 0
007756 2
121178 2
063415 0
232460 1
138061 0
197928 2
189169 2
059452 0
219616 2
131014 1
189923 2
063717 2
096761 2
098324 2
097677 2
131493 2
099527 2
098893 2
095626 0
060902 2
096656 2
097807 2
128152 2
099581 2
140525 0
075588 2
099649 2
131981 0
156890 0
098938 2
252671 1
095654 0
018477 0
128770 0
131460 2
197893 2
189162 2
099521 2
098937 2
189161 2
099588 2
189160 2
060995 2
064162 2
064198 2
148908 2
061054 2
098300 2
128136 2
098321 2
098302 2
155568 2
155560 2
164649 2
164635 2
142394 2
068298 0
192032 2
151154 2
268459 2
256268 2
153562 0
202877 2
202878 2
256266 2
153606 0
060968 2
154698 2
153527 0
256264 2
075609 0
099295 2
060971 2
129068 0
142538 2
151373 2
151732 2
189118 2
164228 2
256259 2
202529 2
164156 2
011334 2
122716 2
162048 2
271292 0
271476 0
101880 0
256244 2
122607 0
184854 2
253210 2
012480 2
149318 2
256056 0
194511 2
085145 0
058096 2
014334 0
049108 2
099248 0
199021 2
064817 0
272041 0
032198 2
199217 0
169756 2
152337 2
046980 2
139541 2
133912 2
064820 0
001778 2
256483 2
150027 0
151168 2
061345 2
067893 0
186742 2
152334 2
168553 2
151160 2
085090 0
287892 0
149319 2
137910 0
010302 0
122622 0
287670 0
152917 0
014257 0
052300 2
058093 2
058050 2
122714 2
163927 2
058014 2
152489 2
122712 2
152457 2
258755 2
152492 2
169771 2
169786 2
169787 2
133919 2
133920 2
169746 2
122708 2
133773 2
146800 2
122690 2
099293 0
169754 2
169750 2
184857 0
139618 2
164910 2
186703 0
061662 0
049103 2
138447 0
139619 2
257529 0
169744 2
163725 2
253178 2
224903 2
195952 2
099273 0
224901 2
224815 2
163724 2
201732 2
224893 2
098946 0
266398 2
268490 2
233721 1
165225 2
152714 2
235939 0
235950 0
068637 0
149293 2
017392 2
129516 2
046905 2
179214 2
149386 0
184858 0
138445 0
257559 2
060859 2
031144 2
061340 2
006972 2
120597 2
234100 2
266984 0
257540 2
261063 2
179523 2
138444 0
085261 2
152784 0
157676 2
085285 2
128920 2
237341 2
257539 2
257534 2
119458 0
090626 0
240432 2
152785 0
090613 0
201811 0
130398 2
120430 2
268829 0
168889 0
168890 0
069740 2
102913 2
163208 2
219542 2
119474 0
098045 2
199741 2
149767 0
058378 0
275361 2
130291 2
165988 2
224816 2
224894 2
224748 2
224743 2
224690 2
224741 2
224759 2
176683 2
190412 0
190371 0
130292 2
279290 2
005817 2
120432 2
261057 2
163730 2
131746 2
017318 2
129572 2
166008 2
162959 2
031159 2
163061 2
163727 2
193910 2
176680 2
142421 2
162985 2
195950 2
195935 2
130318 2
193987 2
152115 2
261068 0
240487 2
167959 2
182823 2
190368 0
281621 2
192647 0
190295 0
162827 2
110351 2
244562 0
281187 2
194936 0
146071 2
159802 2
093856 0
142441 2
064285 2
146719 2
064317 2
162829 2
233730 0
057700 0
243927 0
079302 0
159806 2
143213 0
144446 2
259772 0
188852 0
259558 0
162409 2
244452 0
143222 0
233769 0
170250 0
170306 0
083156 0
083309 2
181941 0
101209 2
131510 2
032221 2
087602 2
108761 0
101633 2
144461 2
012795 2
146110 2
170277 0
146128 0
029478 2
114787 0
159721 2
009607 2
122050 2
109030 0
131498 2
034164 0
159666 2
177516 2
052305 0
259788 0
131495 2
251229 0
251259 0
159716 2
131501 2
159878 2
159879 2
144448 2
162986 2
159884 1
101635 2
157024 0
032223 2
032224 2
163739 0
163062 2
029520 2
157023 0
144447 2
101669 0
131985 0
155575 0
144464 2
163741 0
170092 2
281036 2
159886 0
083328 2
169455 2
083343 2
144519 2
281012 2
010318 2
122637 2
099878 2
085206 0
142511 2
099786 2
160190 0
001997 0
159722 2
099834 2
192494 0
085204 0
061365 2
201858 2
085103 0
280972 2
069170 2
102343 2
066154 0
142521 2
077026 2
011266 0
151386 0
117907 2
158434 2
192455 2
076870 2
076093 2
191781 2
079190 2
137519 0
033130 1
280920 2
072109 0
072487 0
072790 0
073053 0
073313 0
073569 0
073831 0
074088 0
074348 0
105282 0
105660 0
105963 0
106226 0
106486 0
106742 0
107004 0
107261 0
107521 0
061383 2
061368 2
210042 0
077029 2
061364 2
155996 2
062972 2
241468 2
025131 2
005703 2
120323 2
062992 2
113262 2
142636 2
131134 0
254873 0
137450 0
164606 0
157040 0
191401 0
061385 2
241537 2
241538 2
158390 2
079227 2
090825 0
142650 2
083900 2
117927 2
013745 0
258918 0
280215 0
091352 0
284367 0
009409 2
121867 2
235247 0
094297 0
034577 2
086601 2
087980 0
260347 0
219507 0
219501 0
033115 2
062156 0
035821 0
219441 2
098342 0
035811 0
069157 0
102330 0
094228 0
138528 2
027448 0
099086 0
094364 0
242819 0
271282 2
258492 0
114843 0
084521 2
032200 2
091338 0
083220 2
018112 2
129046 2
004565 2
098067 0
090713 0
179751 0
083323 2
093668 2
226152 0
070389 0
103562 0
033351 0
258512 0
094990 2
006872 2
120500 2
004538 2
145142 2
097749 0
093659 2
012582 2
010474 0
009408 2
121866 2
076262 0
033131 0
142106 2
041234 0
132045 2
020955 0
159101 2
012090 2
223292 0
233014 0
001054 0
155236 0
138516 2
086015 2
157795 0
069286 2
102459 2
007437 2
120948 2
159093 0
135804 0
112769 2
031478 2
089234 0
141550 2
010774 2
035820 0
088917 0
137110 0
139690 2
123864 0
004507 2
118714 2
129078 2
084690 2
129074 2
032340 2
032341 2
271136 0
032328 2
271022 0
271137 0
219476 2
117163 2
006934 2
120557 2
084692 2
116551 2
032401 2
138878 2
086138 0
002762 0
083219 2
116967 2
000329 2
084144 0
084041 0
000920 1
093772 2
083222 2
101096 0
093747 2
132366 2
219372 2
219420 2
168684 2
168685 2
147572 2
132135 0
156303 0
169781 2
169797 2
169798 2
126897 2
121859 2
086213 0
007940 2
121353 2
147576 2
144444 0
139416 0
018469 0
023509 0
176745 2
093645 2
112092 2
085081 0
147559 2
065986 0
086214 0
084391 2
065908 0
145156 0
191798 0
070582 2
103755 2
086157 0
144525 0
149547 0
051976 0
191787 2
270840 0
209680 2
065901 0
018560 0
128729 0
201468 0
062733 2
025595 0
017936 2
129156 2
188211 0
053145 2
108711 2
108730 2
108732 2
252749 0
070076 0
103249 0
139382 0
130134 0
145242 0
064971 0
171578 2
171444 0
002414 1
100571 2
120688 0
176747 0
250911 0
091395 0
129223 2
171512 2
171511 2
100462 2
100449 2
171491 2
083254 2
084712 2
112096 2
100459 2
129224 2
017845 2
129219 2
100570 2
083253 2
129222 2
184478 0
084237 2
126898 2
149140 0
223994 0
112754 0
199448 2
108624 2
030579 0
083279 2
198524 0
230643 2
112868 2
131654 2
084711 2
255861 0
114915 2
255889 0
130325 0
198477 0
161444 2
144985 0
154688 0
180920 0
004409 2
118566 2
205055 0
070148 2
103321 2
266836 0
070933 2
104106 2
122194 0
275779 2
083310 0
094229 0
143423 2
255270 2
180954 0
064614 2
138306 2
137006 0
287256 0
161412 2
161413 2
067216 2
062121 0
001767 0
084714 2
134077 0
084707 2
031972 0
098948 0
144974 0
152305 0
084394 2
184351 0
145064 0
232847 0
136763 2
228778 0
002844 1
032338 2
131292 2
152331 0
283164 2
069841 2
103014 2
102089 0
228333 0
197502 2
098947 2
083299 0
133795 2
085623 2
066626 0
076683 2
188782 0
205097 0
137323 0
199462 2
039340 2
152332 0
230587 0
199420 2
161400 0
085591 2
133533 2
133536 2
133543 2
133539 2
064616 2
064617 2
138334 2
138336 2
283473 2
138363 2
283178 2
071135 2
104308 2
032407 2
005432 2
119989 2
070343 2
103516 2
119916 0
143418 2
111377 0
114911 0
128561 0
099792 2
115150 0
155213 0
032134 2
155212 0
002717 2
111794 2
085383 2
089087 2
031921 2
085355 2
113123 0
118533 0
110582 2
031591 2
114863 0
004198 2
099731 2
197476 2
093823 0
095962 2
099730 2
087632 2
111762 2
009035 2
231476 0
126771 0
058855 0
009233 2
121709 2
098593 0
117295 0
098873 2
147674 2
128562 0
155191 0
139053 0
086283 2
110676 2
095938 2
268171 0
095934 2
147680 2
093822 0
133467 0
007927 0
121348 0
094344 0
156898 0
114954 0
095933 2
006933 2
120556 2
018674 2
018384 0
128867 0
061502 0
270839 0
114529 0
137556 0
058285 2
032206 2
095935 2
280180 0
197605 2
035190 0
197498 2
031604 0
080336 0
116844 0
126784 0
147638 2
094525 2
062988 2
147651 2
147627 2
147626 2
095932 2
096070 2
096083 2
197474 2
096032 2
094355 2
032502 2
032442 2
095927 2
062970 2
016861 0
058271 2
032446 2
062946 2
032450 2
032485 2
142123 2
098824 2
098825 2
007070 0
253372 0
118121 2
142059 2
058789 2
086939 0
124676 2
098499 0
147441 2
008402 2
253373 0
141249 2
064629 0
063001 2
110550 2
118112 2
101039 2
147443 2
031968 2
075722 2
013611 0
280229 0
147420 2
141978 2
062991 2
092644 0
018362 0
102108 0
147422 2
177947 2
131414 2
095786 2
094319 2
097133 0
141213 2
118111 2
128225 0
177952 2
145372 0
142986 0
091927 0
286317 0
241136 2
097131 0
129692 0
051632 0
092636 0
042434 0
068938 0
095826 2
124691 2
015129 2
125610 2
068431 2
002569 0
146570 2
141180 2
178726 0
168892 0
090355 2
000105 0
029417 0
114207 2
043519 0
098924 0
197720 2
062910 0
109125 2
140005 2
090835 2
003745 0
014105 0
004124 2
118235 2
029392 0
008726 2
002384 2
039713 2
063021 2
101440 2
108847 2
108773 2
101437 2
010351 2
122672 2
108814 2
122643 2
122665 2
032012 2
122654 2
122547 2
122598 2
068432 2
122595 2
122561 2
131421 0
095404 2
138919 2
011607 2
