088377 0
002679 1
286399 0
001444 1
150141 0
150094 0
014210 0
132050 1
091798 0
150140 0
089355 0
089341 0
286395 0
132830 1
226431 0
132839 1
268175 0
088766 0
091797 0
268171 0
133774 1
132136 1
131640 0
131641 0
088750 0
089330 0
258326 0
133702 2
268291 0
001024 0
133770 1
133709 2
268172 0
003102 0
133707 2
273638 0
132046 1
131862 0
268168 0
031769 0
268358 0
268361 0
268167 0
268877 0
270239 0
133703 2
268179 0
268173 0
032138 0
208870 0
268305 0
153673 0
135696 0
003207 0
268205 0
268380 0
031768 0
278758 0
268157 0
285606 0
268183 0
052235 0
284346 0
215093 0
268251 0
202240 0
001445 1
133632 1
001458 2
027857 0
268539 0
153681 0
153706 0
230168 0
034180 0
043123 0
159142 0
268188 0
090603 0
215087 0
219392 0
268321 0
091636 0
025983 0
268878 0
001526 0
255340 0
268154 0
268178 0
002770 0
002659 0
175958 0
066047 0
133427 1
268366 0
268385 0
268314 0
255334 0
076236 0
268292 0
133642 1
133668 1
132010 1
182014 0
133331 2
158089 0
131953 2
157848 0
182032 0
132008 1
147739 0
133299 2
133669 2
133302 2
181042 0
133729 1
186587 0
133730 1
133612 1
154119 0
135304 0
157854 0
132080 1
127977 0
133723 1
131319 0
147731 0
148993 0
150577 0
133480 1
157973 0
147736 0
152540 0
184695 0
130297 0
132677 0
186600 0
131613 0
130313 0
135974 0
149000 0
140395 0
137420 0
133297 2
180459 0
137421 0
135710 0
137416 0
148999 1
133611 1
148142 0
161340 0
169289 0
006478 0
180461 0
142926 0
133119 2
132135 2
151229 0
161339 0
180609 0
158368 0
152530 0
153287 0
135695 0
130216 0
131615 0
192115 0
181306 0
135645 0
147895 0
176882 0
158418 0
123878 0
132592 0
131631 0
162939 0
173061 0
133737 0
130582 0
133093 2
131628 0
151240 0
130320 0
133100 2
183839 0
131627 0
156680 0
140124 0
133312 0
131623 0
138309 0
188415 0
131625 0
199789 0
158429 0
133674 0
147905 0
140126 0
147311 0
133088 2
133610 2
133188 2
133675 2
133664 2
132020 1
133171 2
140477 0
132019 1
140098 0
132017 1
140479 0
133598 1
140445 0
140078 0
133891 0
140423 0
140052 0
133253 0
131954 2
133684 1
140320 0
133015 0
133365 1
133252 0
140094 0
133828 0
142036 0
158866 0
130164 0
133868 0
139983 0
142078 0
131975 2
133941 2
002777 0
001109 1
133866 0
125010 0
133951 2
142046 0
144352 0
099888 0
125009 0
139656 0
134045 0
133219 0
132182 2
011293 0
132203 2
002855 1
133138 0
129054 2
007436 0
134005 1
163967 0
169288 0
131988 2
140020 0
018134 2
129018 2
001580 1
148508 0
001887 0
132039 2
130169 0
133959 0
110599 0
134952 0
148707 0
007099 0
133208 0
134449 0
097530 0
109543 0
139470 0
141143 0
139638 0
135126 0
133865 0
007044 0
017268 1
128571 1
128620 1
128622 1
128653 1
128655 1
128659 1
133044 0
005320 1
119825 1
000920 0
007046 0
143263 0
004075 0
002894 0
130957 0
178066 0
139214 0
133358 2
129059 1
119817 0
131970 1
132021 2
132396 0
132922 0
134989 0
132952 1
134919 0
128652 0
133665 2
132865 2
109787 0
133915 0
133663 2
132938 1
133901 0
133899 0
133621 2
110527 0
115354 0
132860 2
128654 0
115381 0
131843 0
131605 0
128658 0
100266 0
147564 0
115341 0
107706 0
111595 0
132052 1
129124 0
133649 2
111657 0
132910 1
134278 0
111579 0
134108 0
139093 0
133721 1
138468 0
129126 0
100241 0
129751 0
066680 0
001459 0
132955 0
115349 0
133661 1
108996 0
134343 0
134330 0
156534 0
066696 0
123913 0
133874 2
133853 2
099179 0
009742 1
122139 1
133746 1
131145 0
080201 0
130356 0
142314 0
132751 1
133389 0
145300 0
258190 0
258204 0
133871 1
018000 0
129109 0
132286 0
131733 0
114749 1
131683 0
142385 0
123034 1
134076 2
132844 0
134047 0
092144 0
137525 0
005188 0
132685 1
122129 1
002717 0
093071 0
133780 0
188534 0
118199 0
117943 0
132903 0
004274 0
118417 0
130309 0
129127 0
132670 1
122110 1
132666 2
122059 1
114712 0
123037 0
133585 2
009594 0
132898 2
132858 1
133581 2
117555 0
127896 0
261782 0
001242 1
134275 1
181041 0
100189 0
175594 0
112385 0
133735 2
261760 0
146884 0
141911 0
133348 1
262747 0
011942 0
101081 0
114824 0
139375 1
112622 0
109011 0
181971 0
132825 1
150008 0
181962 0
043358 0
108586 0
133841 1
123874 0
108202 0
009735 0
122132 0
086581 0
146857 0
011838 0
110962 0
122131 0
179120 0
132807 1
122021 0
108585 0
108519 0
094074 0
133283 0
111521 0
094081 0
017250 0
006188 0
244652 0
110963 0
131127 0
179121 0
098692 0
108518 0
101109 0
127799 1
001278 0
133715 0
087548 0
086596 0
010357 0
108625 0
091686 0
122013 0
261991 0
017688 0
129313 0
133376 0
112582 0
181051 0
133200 1
010369 0
132824 1
179106 1
216825 0
111963 0
133829 1
099196 0
138970 0
137993 0
001140 1
123876 0
133940 0
114825 0
010253 0
122580 0
009072 0
121579 0
102019 0
132805 2
002772 2
132803 2
133195 1
133582 1
002488 0
134024 0
137070 0
017629 1
129357 1
130385 0
111985 0
097699 0
001131 1
133131 0
001135 0
108060 0
132771 1
138307 0
134003 0
108036 0
111836 0
146481 0
159872 0
159847 0
230432 0
138456 0
178071 0
097751 0
001062 1
130393 0
108044 0
138297 0
127107 0
133309 0
177201 0
231334 0
002845 0
133432 0
131729 0
134596 0
003340 0
095373 0
129405 1
001240 1
007671 0
097750 0
134915 0
157959 0
111809 0
138298 0
193105 0
002305 0
138300 0
137652 0
133753 0
193112 0
143015 0
157945 0
132407 1
151419 0
000634 0
001744 0
086600 0
149404 0
132108 0
151417 0
127805 0
176920 0
176922 0
134001 0
193133 0
133472 0
001446 0
200151 0
118751 0
152045 0
092783 0
159825 0
017246 0
151094 0
137780 0
017831 1
102035 0
159874 0
151093 0
071418 0
104591 0
159824 0
001919 0
117272 1
200271 0
118398 0
110459 0
151425 0
133339 0
191891 0
092778 0
125067 0
118397 0
129429 0
028378 0
017815 0
129243 0
080409 0
116616 0
080354 0
133586 0
092125 0
274731 0
017760 0
133869 0
092116 0
092467 0
101639 0
101650 0
111224 0
136549 0
029646 0
133347 0
116615 0
080406 0
009029 0
121539 0
007268 0
004877 0
119181 0
014865 0
125857 0
092764 0
122148 0
007492 0
120983 0
043716 0
130722 0
231377 0
125443 0
148183 0
082652 0
234370 0
132431 0
001600 0
127888 0
132176 0
131946 0
113106 0
018569 2
128720 2
120982 0
133568 0
009750 0
122149 0
017832 1
