084219 1
084287 2
051255 0
051271 0
083135 1
075414 2
075418 2
082031 2
075309 2
115253 1
075311 2
084125 2
074954 2
079218 2
084307 1
083059 1
115355 1
074947 2
082884 2
083896 2
082091 2
080394 2
075159 2
083693 2
084381 1
083698 2
075501 2
075518 2
078452 2
082071 2
075161 2
043963 2
083906 2
075505 2
083171 2
081589 2
114464 1
077600 2
082096 1
084416 2
082459 2
075511 2
083019 1
077606 2
082887 1
082063 2
083753 2
051194 2
114640 1
081754 2
079223 2
081027 2
081650 2
081721 2
083173 2
083111 2
084327 1
082490 2
051488 2
078440 2
078188 2
075415 2
115400 2
084152 2
025548 0
075500 2
078234 2
051379 1
115508 1
083943 2
083811 2
083739 2
044080 2
075137 2
082757 2
078144 2
084191 2
043943 2
083723 2
051528 2
075517 2
084384 2
079363 2
078080 2
081685 2
044074 2
084477 1
091397 1
084271 2
075051 2
075417 2
079188 2
082743 2
083958 2
044072 2
074869 2
083965 2
044108 2
075503 2
044166 2
075513 2
083968 2
084202 2
084248 2
078085 2
079364 2
078104 2
092037 1
044075 2
083953 2
079288 2
084090 2
084080 2
083786 2
084155 2
084157 2
083179 2
084183 2
084336 2
082822 2
079291 2
079200 2
081648 2
043889 2
081701 2
083999 2
083746 2
078442 2
044367 2
114647 1
051503 2
083537 1
084292 2
044100 2
075120 2
075593 2
079172 2
079145 2
137680 1
081674 2
081897 2
114483 1
051251 2
082829 2
083479 2
084474 2
075608 2
084472 2
044023 2
081720 2
044028 2
113836 2
084096 1
113800 2
115394 2
051368 2
075906 2
084005 1
082615 1
277006 1
081615 2
074528 2
084098 2
044115 2
083975 2
074557 2
115343 2
051500 2
075472 2
084116 2
270009 1
078823 2
078630 2
082828 2
043965 2
079641 2
115430 0
083497 2
078098 2
084113 1
084073 2
083444 2
078659 2
114873 2
081748 2
083119 1
084045 2
079325 2
075325 2
269649 1
078164 2
083168 1
044193 2
269586 1
075315 2
083530 2
114523 1
078128 2
081890 2
079837 2
083563 2
114894 2
084322 2
114932 2
084031 2
082144 2
114908 2
083559 2
082124 2
269658 1
083988 2
075561 2
044258 2
114413 2
083884 2
084216 2
084475 2
051068 2
081901 2
114467 2
114487 2
270015 1
083887 2
276904 1
078259 2
083053 2
081903 2
043991 2
083432 2
079793 2
080884 2
081922 2
078252 2
084469 1
081637 2
082075 2
044255 2
045040 2
084317 2
114603 2
082077 2
115322 2
082627 1
115347 1
043879 2
084345 2
078285 2
084439 1
084335 2
084255 2
081482 2
080867 2
078445 2
044339 2
270013 1
044832 2
079167 2
043927 2
114972 1
079970 2
083699 2
083977 2
081814 2
044773 2
114414 2
051078 2
084211 2
084457 2
043937 2
270014 1
115445 1
084339 2
081728 2
082080 2
075186 2
051143 2
114982 2
079129 2
084104 2
081229 2
081778 2
083962 2
079644 2
051412 2
044850 2
114436 2
084100 2
082779 2
084479 2
079341 2
044221 2
045120 2
084232 2
078093 2
084318 2
084331 2
051073 2
082073 2
083578 1
084153 2
045144 2
084413 1
084110 2
045205 2
051079 2
112097 2
043929 2
084117 2
083071 1
115039 1
115034 1
080019 2
051397 2
083694 2
084283 2
079670 2
210897 1
081506 2
084154 2
051150 2
043864 2
114556 2
181231 1
084226 2
114989 1
271840 1
219889 1
079360 2
114258 1
084083 2
084348 2
210962 1
219891 1
082764 2
051074 2
211015 1
084131 2
084197 2
050972 2
083969 2
078458 2
084085 2
050832 1
211014 1
081907 2
084696 1
081709 2
051431 2
081963 2
084043 2
082769 2
044194 2
114570 2
074721 2
083931 2
083932 2
084175 2
084304 2
084109 2
084147 2
081911 2
114295 1
082099 2
075191 2
043966 2
051395 2
074907 2
083961 2
084097 2
077703 2
051187 2
082577 2
181262 1
082093 2
079642 2
114465 2
084038 2
084306 2
084118 2
223506 1
084075 2
084178 2
114484 2
084267 2
280412 0
269640 1
051218 2
015108 2
044184 2
114848 2
114852 2
084106 2
271898 1
084053 2
081807 2
083700 1
084149 1
078043 2
220514 1
082002 2
223511 1
279827 1
181198 1
051557 2
084052 2
084617 1
084111 2
181139 0
044238 2
136354 1
044218 2
084775 1
180630 1
136059 1
084265 2
078049 2
080366 2
083990 2
082651 1
080424 2
108045 1
084249 2
220004 1
084213 2
137440 0
082614 2
114987 2
084387 2
115629 1
082629 1
084006 2
276891 1
084583 2
114990 2
083955 2
051069 2
084596 2
084017 2
084101 2
114961 2
082089 0
120692 2
115136 2
277015 1
084206 2
044106 2
180323 1
051210 2
007106 2
120705 2
138478 0
113971 2
084308 2
276748 0
084112 2
082088 0
083957 2
180277 1
115280 2
084128 1
084231 2
115446 1
045204 2
220007 1
115703 1
084074 1
115497 1
081768 2
084011 1
084042 2
081794 2
083996 1
084360 2
045143 2
083027 1
083305 1
180268 1
081889 2
115674 1
051107 2
084076 2
084103 2
084805 2
128261 0
083037 2
081896 2
080426 2
276731 0
075143 2
083207 2
057616 0
211776 1
051202 2
138557 0
084243 2
084217 2
051207 2
083029 2
078303 2
084047 2
062670 2
075464 2
277028 1
083940 2
115676 1
084062 2
029062 0
081698 2
115113 2
186597 1
115121 2
271101 1
082964 2
083039 2
186599 1
114003 2
154470 0
084383 2
114786 1
084718 0
044186 2
088340 0
043964 2
165339 0
084069 2
114007 2
271153 1
089290 1
051439 2
180635 1
280411 0
114342 2
114009 2
083161 2
083686 2
084091 2
115435 2
184968 1
083844 2
115104 1
280733 0
084250 2
082029 2
078247 2
083162 2
114648 1
089147 1
185592 1
165383 0
083702 2
075166 2
081713 2
115088 1
081933 2
185588 1
185585 1
115129 0
084081 2
083164 2
089165 1
185561 1
180299 1
002361 1
084252 2
184837 1
179693 1
179703 1
179961 1
179963 1
179999 1
180033 1
080217 2
115434 0
084120 2
083945 2
115069 2
079774 0
084759 2
114343 2
083159 2
083684 2
185578 1
083701 2
051094 1
115518 2
113997 2
082969 1
