180438 0
180440 0
180405 0
180417 0
194320 2
121792 0
111629 0
220517 2
032808 0
031783 0
194373 2
031779 0
194324 2
009321 0
121801 0
065935 0
011425 0
023130 0
032807 0
157115 0
220613 2
126770 2
190526 0
251295 2
117193 0
158454 0
263072 2
192497 0
025608 0
252517 2
252219 2
012128 0
126773 2
032669 2
186769 0
243653 0
039817 2
145457 0
067708 0
177255 0
243718 0
240515 0
039815 2
195525 0
190509 0
192640 0
018935 0
031371 0
029727 0
135412 0
277729 0
191850 0
031410 0
152564 0
086156 0
013262 0
151197 0
136300 0
048409 0
223868 0
029728 0
150596 0
191905 0
243618 0
032612 2
278074 0
151209 0
193390 0
048284 0
123672 0
261217 0
261231 0
261237 0
261421 0
052332 0
177568 0
220682 0
039936 0
192827 0
145359 0
195275 0
069736 0
102909 0
039771 0
152618 0
129940 0
065518 0
190263 0
025804 0
146326 0
016368 0
164840 0
116233 0
186581 0
150587 0
164551 0
022468 0
213175 0
028329 0
052283 0
250674 2
