250302 1
250390 1
080670 1
086986 1
243873 1
243825 1
087065 1
086998 1
228417 1
269006 1
240797 1
101905 1
086943 1
277198 1
243783 1
087068 1
277204 1
240766 1
239575 1
067757 2
078083 1
243867 1
080644 1
089292 1
087069 1
078213 1
077470 1
078074 1
020327 2
078068 1
087041 1
085671 1
277200 2
078046 1
066933 1
243884 1
241467 1
087067 1
280271 1
280238 1
091637 1
098874 1
086775 1
080467 1
087036 1
250819 1
005708 1
243913 1
269503 2
080470 1
098921 1
077649 1
226249 1
077701 1
278912 2
254972 1
235820 1
094120 1
088160 1
086783 1
088143 1
086886 1
080440 1
087030 1
271433 1
090870 1
085661 1
086649 1
278867 1
030733 2
168254 1
080709 1
163304 1
199461 2
087037 1
243882 1
271603 2
067144 1
269506 2
090829 1
089733 1
237701 0
005714 1
243994 1
086677 1
078013 1
067159 1
235828 1
117254 1
278154 1
078179 2
278712 2
078095 2
249389 1
086897 1
087040 1
168033 2
087428 1
090043 1
019535 1
168006 1
089267 1
086826 1
248977 1
251520 1
087062 1
243626 1
086892 1
086877 1
086239 1
211669 1
086220 1
261153 1
278591 1
108396 1
090758 1
086719 1
101904 1
066876 1
090709 1
255880 1
086922 1
259928 1
272699 1
241195 1
278814 1
089324 1
093897 1
087029 1
046157 2
006931 1
087278 1
086754 1
091059 1
087032 1
091070 1
199481 2
278453 1
020022 2
020021 2
087320 1
086800 1
086767 1
089540 1
087323 1
257788 2
241536 1
005608 1
120211 1
163295 1
087307 2
019998 2
259889 1
199550 2
272285 1
097311 1
272661 1
227981 2
244078 1
087306 2
271620 1
097250 1
251352 1
086034 1
089535 1
085559 1
090848 1
090827 1
271630 1
087059 1
120281 1
085314 1
087049 1
240303 1
241149 1
090860 1
029598 1
086080 1
241169 1
030734 1
278761 2
270287 2
199595 2
276174 2
148885 2
147386 2
276176 2
086818 1
232999 1
255890 2
078323 1
233697 1
235829 2
148950 2
120209 1
233303 1
080786 1
118131 1
230705 2
120150 2
148647 2
005597 1
120192 1
240241 1
087412 1
087411 1
087410 1
242790 1
087414 1
242592 2
264291 2
278442 2
082889 1
223695 1
249343 1
284298 1
222744 2
243616 1
233126 2
223673 2
086546 2
272888 1
078168 2
233263 2
086536 2
086554 2
070581 1
103754 1
078218 1
070580 1
103753 1
241217 1
127931 1
086794 1
233141 1
070598 1
103771 1
086524 1
087384 1
087581 1
087395 1
233693 1
271161 0
185465 0
028237 1
087614 1
087604 1
255884 1
005672 1
120283 1
087889 1
087893 1
087963 1
005716 1
120335 1
032384 1
249219 1
067016 1
029270 1
210741 1
276478 2
252918 1
276493 2
249956 1
226422 1
241435 1
235849 1
249830 1
067006 1
081353 1
127871 1
278753 2
258775 2
019330 2
200346 1
258760 2
160706 0
278771 2
077875 1
113062 1
067035 1
007734 1
200622 1
277014 0
262078 2
262079 2
243784 1
200621 1
086418 1
222603 1
004562 0
118771 0
087417 1
243786 1
244165 1
066812 1
256857 1
078024 1
007212 1
120769 1
237031 1
200733 1
233247 2
087888 1
252371 1
019327 2
078084 1
241436 1
252440 1
081350 2
233331 2
272331 2
032359 2
032357 2
271127 2
087354 1
080806 2
241439 1
226464 1
273467 0
271297 1
120305 1
258215 2
082856 1
273512 0
029433 2
087892 2
278142 1
244799 1
278250 2
029071 1
244831 1
080801 2
091111 1
158989 0
257639 0
086974 1
271295 2
254158 1
227732 1
278251 2
277659 2
087355 1
278356 2
029069 2
239936 1
229689 1
133695 0
086166 1
236582 0
029067 2
080808 2
261764 2
087100 1
239836 1
087366 1
066935 1
271134 1
256920 2
066777 1
087962 1
077432 1
083096 1
032314 2
077619 1
248689 1
077433 1
074487 1
074488 1
107660 1
107661 1
080506 1
087238 1
249831 1
066934 1
269818 0
077324 1
278285 2
077310 1
239871 1
087363 1
108822 1
231329 0
083039 1
278291 2
257279 1
233400 1
236618 0
254477 2
086989 1
081057 2
086992 1
254479 2
249549 0
229745 1
