229351 1
229356 1
229358 1
234490 1
231409 1
231230 1
231234 1
231244 1
231388 1
231411 1
234389 2
234119 1
231229 1
231233 1
231243 1
231424 2
144423 0
234388 1
228972 2
227946 2
233919 1
231609 1
231228 2
231232 2
229357 2
229359 2
229047 2
256312 2
231242 2
158454 0
013920 0
229179 2
144082 0
017844 2
256301 1
013384 0
229352 2
231313 2
013372 0
026616 0
202247 0
231307 2
234390 2
229194 2
026669 0
229238 2
229021 0
231283 2
161588 0
158329 0
143787 0
055861 0
056141 0
136301 1
013592 0
284870 0
026668 0
026322 0
026615 0
231286 2
136201 0
054775 0
026359 0
018885 0
239739 0
157655 0
136299 1
229011 2
026258 0
214891 0
194720 1
074500 0
054854 0
229207 2
136326 1
218619 0
053557 0
034657 0
034611 0
161054 0
270464 0
270540 0
246515 0
056531 0
065205 0
114234 0
053735 0
245560 0
245833 0
271306 0
261940 0
194722 1
246583 0
161063 0
218091 0
157660 0
196314 1
239745 0
231255 1
013284 0
231271 2
196586 1
196598 1
231272 2
234086 1
196600 1
231302 2
242922 1
242928 2
242982 1
242895 2
242910 1
229361 2
229424 2
231112 1
229310 2
221595 2
221631 2
221636 2
221682 2
231119 1
136208 0
229516 2
136293 0
229531 1
229241 1
229548 2
234012 1
229439 1
234052 2
234087 2
009330 0
121806 0
239253 0
158734 1
231504 1
239800 0
235166 0
224521 0
235168 0
136485 0
190276 0
171709 0
191439 1
191054 1
196315 1
196587 1
196599 1
196601 1
136512 0
233952 1
233944 1
196536 1
198601 0
222240 1
155637 0
240121 1
155631 0
197156 0
188119 0
229423 1
171700 0
228533 0
142218 0
191448 1
