198719 1
198743 0
198733 0
198677 0
199202 0
035579 1
216420 0
198892 1
198902 1
198776 1
149512 1
015646 1
198852 1
149515 2
198944 1
206918 1
108254 0
202147 1
202176 1
050919 0
202185 1
198711 1
198939 1
198705 1
198933 1
198801 1
198856 1
198966 1
198663 1
198945 1
202212 1
198704 1
198738 1
198721 1
049954 1
074804 1
199190 1
198874 1
150111 1
160306 2
198730 1
198751 1
198769 1
198742 1
198732 1
198976 1
198771 1
147618 2
198765 1
198726 1
198668 1
198786 1
198660 1
198844 1
165031 1
147617 2
198896 1
147606 1
065796 1
198710 1
198789 1
025719 1
199493 1
198768 1
198754 1
147588 1
198669 1
199387 1
198707 1
245712 0
149852 1
198756 1
198785 1
198968 1
198739 1
200604 1
198835 1
149860 2
199159 1
199496 1
198666 1
147619 2
199384 1
198816 1
198793 1
198781 1
210839 1
200753 1
241507 1
198973 1
198814 1
200605 1
049866 1
200815 1
200574 1
198845 1
198792 1
198686 1
199161 1
082062 1
198783 1
200570 1
198784 1
200569 1
198683 1
198782 1
198688 1
198791 1
198712 1
200514 1
198823 1
200601 1
198822 1
198794 1
199183 1
198713 1
198706 1
199166 1
198795 1
198728 1
198731 1
200573 1
200516 1
198757 1
198689 1
200608 1
199200 1
198761 1
198667 1
198837 1
198718 1
198762 1
149876 1
049818 1
065794 2
198796 1
065792 1
198770 1
150677 1
150681 1
150658 1
150679 1
165021 1
149596 1
057016 1
198790 1
150985 1
049348 1
150690 1
152566 1
241515 1
152579 1
255353 1
049514 1
149597 1
199459 1
159218 2
078546 1
160355 1
082060 1
159230 1
199517 1
223669 1
278854 2
256989 1
243522 1
199471 1
082239 1
080088 1
198729 1
082331 0
039964 1
165418 1
199529 1
198780 1
198700 1
200249 1
074917 1
075495 1
149938 1
082203 1
074854 2
049860 2
198674 1
149600 1
074522 1
074853 1
046248 1
091169 1
074591 1
220642 1
077469 1
075528 1
065672 1
149937 1
028902 0
052221 1
198797 1
077635 1
046252 2
046247 1
074962 1
200289 1
077586 1
074945 1
200290 1
082705 1
075269 1
075559 1
075117 2
045899 2
069040 1
220375 1
198682 1
050055 1
082435 1
082763 0
045909 1
082601 1
043983 1
051331 1
198504 1
043986 2
198506 1
065582 1
016625 0
164824 1
083394 0
086516 1
083407 0
043998 1
075477 1
149540 1
056643 1
083326 0
052116 1
162241 1
078602 1
198722 1
083205 0
083204 0
083244 0
098370 1
199750 1
068155 1
087508 0
153322 1
078063 2
275872 0
042551 1
145570 1
148045 0
039946 1
158891 0
148148 0
198760 1
052126 1
272453 1
015582 2
161083 1
227990 1
039926 1
228092 1
075554 1
165001 1
057843 1
162339 0
200231 1
198111 1
176786 0
056583 0
065764 1
199755 1
161048 2
199770 1
075744 0
198044 1
162162 0
024710 0
224243 0
225423 0
024770 0
045815 1
198725 1
101991 0
056705 0
162157 0
057296 1
199850 1
224059 1
272462 1
039513 0
277408 1
252126 1
198701 1
075697 1
221164 1
126814 1
149342 0
224998 0
161042 1
161046 1
046624 1
015658 1
149523 2
015639 2
149553 2
065828 0
039503 2
272105 1
153874 1
277452 0
091844 2
091881 1
223496 1
046394 2
050899 2
158664 1
107927 0
039779 0
011450 1
050900 1
046354 1
039751 0
046316 1
270306 1
198716 1
067765 0
244264 0
191632 0
244271 0
199163 1
134025 0
046279 1
244286 0
277398 2
277409 2
277394 1
163657 1
045119 1
096368 1
067443 0
199849 1
022353 1
051426 0
051393 0
044663 2
015831 0
199367 1
046277 2
242332 0
161690 1
267055 0
267773 1
167918 0
167919 0
039713 1
198369 0
161689 1
267862 2
267088 0
009983 1
242292 0
220695 0
149266 0
272539 2
213492 1
272415 1
160573 0
220680 0
016245 0
085197 1
213495 1
220661 0
242314 0
222239 1
014473 0
250289 0
282375 0
222245 2
277416 1
086281 1
107933 0
015677 0
202237 0
167891 0
167892 0
015508 0
179025 0
271241 0
087470 1
033078 0
022349 2
086247 1
091351 0
202384 0
096172 1
199363 1
149643 0
024051 0
086195 1
218106 1
205181 1
203736 1
203752 1
213821 1
213310 1
058863 1
271981 1
272024 2
271668 1
199369 1
239837 1
152443 1
160378 1
085893 1
067594 1
163815 1
082265 1
062808 1
062805 2
062772 1
050873 2
079292 1
102032 1
163831 1
084146 1
266942 2
064953 0
098949 0
081228 1
205179 1
271851 1
266890 1
092908 0
045979 1
050812 2
189195 1
050451 1
