044384 1
044349 1
044314 2
209902 1
044601 1
043765 1
242413 0
035765 1
044602 2
035123 1
041639 2
036140 2
044291 1
046014 2
044821 1
205162 1
035908 2
035860 2
046466 2
036135 1
044599 1
037793 1
045973 1
207646 1
217209 0
037794 2
040752 1
040755 1
044617 1
041626 1
046049 1
044616 1
032588 0
035773 1
045965 1
036141 1
035851 1
044577 2
045920 1
204479 1
217522 0
044445 2
040901 1
045014 1
044989 2
044584 1
045234 1
045916 2
035674 1
242531 0
045231 2
217907 1
216736 0
041632 2
044578 2
032572 0
044585 1
044698 2
040898 1
046546 1
035904 2
044203 1
044511 1
036104 1
041577 2
040792 1
051755 1
041594 1
032509 0
044268 2
036000 1
044642 2
045324 1
035900 1
044558 1
045896 1
035675 2
205164 1
044689 1
035757 1
035849 1
044736 1
036111 2
036308 1
212029 1
035748 2
205166 1
044442 2
045708 1
035929 2
044899 1
036275 1
044756 2
035755 1
035676 2
205156 1
035752 2
035783 1
046293 2
036765 2
035861 2
035797 1
035766 1
035759 1
035786 2
035872 2
035906 2
045318 2
035788 1
035785 1
035832 2
035817 2
035843 1
035838 1
044638 2
045511 1
040929 1
040928 2
035902 2
046519 1
035903 2
035792 1
035760 1
035758 1
035699 2
035981 1
046514 2
040982 1
044368 1
044731 1
035806 1
036034 1
040949 2
035756 1
037314 2
088107 1
035842 1
036340 1
035867 2
044633 2
045435 2
046594 2
035824 2
044732 2
045358 1
035918 1
044737 1
044939 1
044780 2
044327 1
044891 1
044001 2
035919 1
044738 2
036136 1
036142 1
044408 2
044157 2
044882 2
044936 1
044332 1
035873 2
046355 1
044582 1
044680 1
218004 1
039995 2
045356 2
044643 2
044474 1
045891 1
044745 1
037242 1
044775 2
044739 2
046117 2
040900 1
040822 2
039568 2
044593 1
044634 2
044503 1
044591 2
044759 2
044716 1
044721 1
044933 1
044762 1
045857 1
044748 1
046493 2
044264 1
046489 2
046459 1
035787 1
036702 2
035935 2
044746 1
046502 2
040937 1
044740 1
044733 2
045845 2
036131 2
044835 1
045889 2
044632 1
046476 1
035859 2
209417 1
040936 1
041014 2
035937 1
044743 1
040751 2
041119 2
046509 1
045862 1
035879 2
044253 1
044468 2
044537 1
046409 2
045854 1
044315 2
036372 2
045983 2
045468 1
035926 2
035925 1
035777 1
040902 2
044254 2
036123 1
035831 2
041480 1
044064 1
050961 1
045982 2
043995 2
045623 2
044239 1
045425 2
046411 2
044678 1
041536 2
045241 2
035948 1
044520 1
035951 1
044579 2
043895 1
035888 2
046375 1
036013 1
044525 1
044160 2
035878 2
040905 1
035846 1
046379 2
046491 2
035863 2
040816 2
101760 0
036242 1
035912 2
040962 1
044473 2
044906 1
045698 2
037685 2
045296 1
035978 2
036738 2
045117 2
045319 1
045307 2
045536 1
044278 1
044524 1
045268 2
035776 1
044162 2
205767 1
045928 1
040915 1
044323 1
205151 1
214288 1
035790 1
044777 1
044692 1
046462 2
044220 1
214463 1
040932 1
044405 1
040793 2
049302 1
042260 2
042840 2
215119 1
042358 2
041394 1
045624 1
044561 1
045692 1
040975 2
044273 1
037675 1
046461 2
049306 1
036098 1
045727 2
041306 1
045489 2
041388 1
035956 1
044032 2
040903 2
045999 1
217289 1
050685 2
045443 2
044498 1
045758 2
044767 1
035922 2
035778 1
044002 2
044568 2
209846 1
051516 1
035933 2
208357 1
054578 1
037065 1
044614 1
040783 2
051325 2
045998 1
264818 1
044613 1
045487 1
036160 2
045473 2
044536 1
036748 1
051148 2
044581 2
205765 1
044755 2
044223 1
216389 1
036907 1
214961 1
209446 1
044549 1
044387 1
207060 1
044307 1
044039 1
046047 1
264847 1
040819 2
264831 1
048134 1
043900 1
044747 1
040916 1
051339 1
035841 1
035791 1
048904 1
044735 1
041026 1
049892 2
046337 1
043977 1
044730 1
044688 1
044851 2
044600 1
045619 2
035927 1
036325 2
201226 1
035384 1
044781 2
046288 1
044375 1
045501 1
037146 2
051742 1
044603 2
044587 1
044685 1
035304 1
045367 1
045488 2
035286 1
044351 2
035283 1
045955 1
045532 2
049889 1
035649 1
045351 2
044636 2
046198 1
044571 1
035934 1
059415 1
044789 1
044149 0
044419 1
043922 1
044703 2
051064 2
045163 1
044098 2
043908 2
051482 1
051517 1
035744 1
213276 1
040907 1
044677 1
044256 2
043932 1
044955 1
044606 1
044357 1
050892 1
051333 1
044717 1
040821 1
044741 1
059086 1
044992 2
035711 2
110530 1
207006 1
037447 1
110561 1
218408 1
214705 1
045248 1
051744 1
051338 1
207658 1
044644 2
218332 1
044592 1
043982 1
045954 1
212460 1
040934 1
044605 1
050886 1
044310 1
040892 1
044705 2
215467 1
206535 1
035853 1
044589 1
048451 1
036990 2
044280 2
044626 1
045178 1
044353 1
205282 1
203894 1
217387 1
215570 1
140935 0
044648 1
044801 1
046196 1
044374 1
037033 1
037880 1
044129 1
036652 1
044152 1
037445 1
040935 1
044434 1
205560 1
037052 1
050766 1
044734 2
035789 0
206495 1
036978 1
037902 2
065434 0
044430 1
037924 2
044008 2
036663 1
044552 1
044195 2
036683 1
044197 2
045533 1
044272 1
045689 2
037528 2
051042 1
217389 1
045024 2
110569 1
044649 1
037779 1
036375 2
037213 1
044586 1
214352 1
037106 1
219480 1
212661 1
044559 1
051519 1
044693 1
210344 1
213628 1
044518 1
044631 1
044048 1
109397 1
037231 1
037306 2
203822 1
045801 1
044366 2
051514 1
214958 1
214960 1
205461 1
046276 1
044509 2
046414 1
060586 1
218016 1
218217 1
044506 1
205173 1
218177 1
079475 1
209847 1
148724 1
051605 1
051066 1
218949 1
045177 2
046361 1
037467 1
203999 1
036048 1
062819 1
258468 1
044495 2
044262 1
081180 1
044838 1
035923 2
034661 1
217334 1
208572 1
215268 1
113250 1
044687 1
062813 1
216276 1
208240 1
044391 2
258524 1
046102 2
035735 1
044402 2
044588 1
045420 1
210107 1
206342 1
217902 1
044770 1
039423 2
163893 1
044580 2
209365 1
209788 1
051664 1
035839 1
044163 2
036561 1
044389 1
210560 1
210290 1
163872 1
204592 1
046153 1
209430 1
036558 1
215154 1
044691 1
208545 1
205207 1
036085 2
138040 0
060535 1
163071 0
045005 1
045526 2
044742 1
035921 1
216044 0
216252 1
203660 0
213889 0
217113 1
203427 1
205039 1
216612 1
045164 1
045148 1
218888 1
138041 0
205445 1
051515 1
045818 1
205740 1
045703 1
049256 1
007782 1
045431 2
216602 1
217562 1
045582 1
164572 0
045817 1
044270 1
217761 1
217680 0
204946 0
205296 1
212784 1
215487 1
