051099 2
054715 0
054407 0
054563 0
055047 0
055523 0
053476 1
054720 2
053322 0
053265 0
055289 0
053381 0
054359 0
054497 0
050164 2
053319 0
088138 2
055074 0
052695 0
059396 0
054983 0
048557 0
054088 0
052696 0
054981 0
051006 0
052712 0
054675 0
053162 0
053002 0
053703 0
053561 2
088112 2
054697 0
019248 2
055029 0
055363 0
054518 0
054272 0
052610 0
048476 0
056859 0
054528 0
055024 0
056226 0
057368 2
052613 2
053670 2
055277 0
050963 2
088131 2
059343 0
054927 0
052711 0
053996 0
222456 0
051033 2
053977 0
052727 0
054281 0
054512 0
052129 2
055014 0
057093 2
051087 2
054922 0
055010 0
052724 2
056849 0
056745 2
057244 0
243710 2
055123 0
054871 2
054005 0
055264 0
057131 0
083069 2
054147 0
052140 2
052826 0
055362 0
048603 2
053587 0
052747 0
052574 0
052771 2
055269 0
135172 2
082783 2
277543 2
056462 0
052718 2
056743 0
223313 2
223318 2
053963 0
052581 0
055520 0
055898 0
277523 2
135170 2
052738 0
135374 0
135179 2
003562 2
055599 2
223288 0
004440 2
198416 2
056361 2
080280 1
055470 2
080427 2
080399 2
022495 2
082759 2
053458 0
082609 2
026099 0
057100 2
055712 2
053228 2
022411 2
053570 0
056458 0
199169 2
054926 2
054076 2
199195 2
122348 2
134309 2
082744 2
199046 2
082591 2
053602 2
056857 0
082646 2
156681 0
048663 2
048488 2
048491 2
052537 2
055486 2
047658 2
122350 2
055416 2
054202 2
054896 2
168464 2
047581 2
202193 2
200230 2
202208 2
200629 2
071085 2
104257 2
200626 2
200630 2
054487 2
056316 0
055991 2
052516 2
081175 2
071084 2
104258 2
213258 2
213275 2
213616 2
010046 2
122351 2
082547 2
054790 0
053591 2
202245 2
220721 2
220725 2
056755 2
054884 2
054079 0
054097 2
056486 2
054761 2
220966 2
007987 2
121394 2
082391 2
220905 1
202386 2
053271 2
081121 2
053293 2
056087 0
134288 0
055645 2
056744 2
049841 2
113705 2
055291 2
054442 2
080965 2
082386 2
199994 2
081013 2
080365 2
053159 2
053000 2
121379 0
080993 2
082500 2
053001 0
054869 2
056516 0
056457 0
048456 2
055910 0
055391 0
056473 0
056182 2
080747 2
056741 2
057019 2
055087 2
054682 2
055463 0
080722 2
056714 2
082594 2
082544 2
055381 0
267459 2
051031 2
056492 2
053152 2
054331 2
053170 0
053013 0
052720 2
055146 2
055438 2
056680 2
055478 2
057335 2
082618 2
202631 2
113721 2
048384 2
052953 2
053610 2
053423 2
054916 0
054808 2
055287 2
138812 0
053003 2
050224 2
053534 2
055384 2
054811 0
055276 0
055880 2
053200 2
053627 0
055308 0
059400 0
080720 2
052269 2
056503 0
055588 2
056695 0
056278 2
060953 2
082244 2
053285 2
054531 2
053141 2
080756 2
116411 2
055456 2
052932 2
055612 2
056511 2
056622 2
057372 2
084108 2
055550 0
084107 2
054820 0
054899 2
056707 2
057032 2
052956 2
055185 2
048181 2
082598 2
049908 0
054877 2
056186 2
138865 0
054895 2
082660 2
080543 0
052833 2
052965 2
052268 2
080763 2
050150 2
082521 2
051869 2
082692 2
057128 0
080565 0
082690 2
051842 0
052838 2
080691 2
054201 2
052800 2
080791 2
080713 2
080772 2
053243 2
080712 2
055164 0
055323 0
053619 2
052146 2
080782 2
116415 2
056127 0
055311 2
053375 2
057036 2
080356 2
056700 2
054876 2
080736 2
054515 2
056962 2
077667 2
056841 2
053015 2
080773 2
054277 2
056737 2
053111 2
053512 2
055871 2
080724 2
084127 2
050137 1
053250 2
056430 2
054279 2
055982 2
056866 0
063658 2
053314 2
055020 0
054989 2
063807 2
080398 2
056461 0
054234 2
052755 2
056738 2
182919 2
052433 2
056742 2
056863 0
169436 2
055525 2
056808 2
182934 2
082711 2
182918 2
057376 0
054095 2
056789 2
054453 0
080520 2
055541 2
054049 2
050124 2
056615 2
236098 2
080397 2
055262 2
263346 0
054587 2
053408 0
163108 2
053124 0
056724 2
082300 2
054530 2
053071 2
052177 2
080449 2
082708 2
080682 2
182922 2
080447 2
082286 2
080498 2
080582 2
080309 2
080514 2
080735 2
181551 2
080368 2
181537 2
163105 2
061105 2
082803 2
080753 2
080588 2
061014 2
080784 2
082504 2
082797 0
056794 2
110933 2
080708 2
110901 2
080770 2
054471 2
080379 2
052179 2
052806 2
080471 2
082791 0
080613 2
054520 2
080714 2
080495 2
080474 2
080466 2
056227 0
048583 2
080701 2
080469 2
080349 2
082808 0
055174 2
080602 2
080611 2
056181 2
080702 2
080723 2
053007 2
080381 2
055356 0
055148 2
080584 2
059462 0
054904 2
053593 2
080571 2
080570 2
080783 2
056187 2
054577 2
080711 2
084847 2
236038 2
051032 2
051364 0
080341 2
080597 2
080669 2
053040 0
055190 0
093742 2
080768 2
054867 2
080729 2
053009 2
080754 2
056835 0
100425 2
080796 2
056832 2
093611 2
056397 2
100426 2
080340 2
056843 0
080657 2
055710 2
050202 2
053597 2
055445 2
056467 0
053650 2
054218 2
080360 2
054821 0
056381 0
056341 2
080700 2
080357 2
080694 2
080718 2
080785 2
080685 2
080793 0
080635 0
080591 2
082370 2
082383 2
080692 2
080740 2
080589 2
055592 2
080693 2
080284 0
054488 0
080792 2
080265 2
080149 2
050143 2
080363 2
055097 0
055467 2
053753 2
057330 2
081021 2
055468 2
083910 2
054901 2
053107 2
054834 2
055089 2
219939 0
057334 2
053241 2
053687 2
055309 0
055200 2
049042 1
046870 2
059273 2
056384 2
052910 0
055895 2
054090 2
055292 0
015803 0
050588 2
210232 0
055875 0
030859 2
053665 2
055154 0
054081 2
055270 2
083518 1
054179 2
056070 2
057049 2
054740 2
082673 2
054727 2
055068 2
083466 0
053521 2
054365 0
052954 2
051820 2
052911 0
052598 2
054194 2
053686 2
054127 2
053050 2
054003 0
080764 2
080715 2
057328 2
051359 2
083514 0
049683 2
083572 2
022232 0
055294 2
230776 0
056044 0
051819 2
053552 2
052722 2
052361 2
228639 2
055385 2
052515 2
051402 2
054439 2
029888 2
054968 2
054801 2
052837 2
082682 2
083907 2
056851 0
030857 0
052776 2
226994 2
054409 2
052354 2
076879 0
052495 2
029875 2
053163 2
053011 2
080978 0
083569 2
055587 0
227073 0
227093 1
228749 0
055245 2
227074 0
051337 2
053046 2
051376 2
082329 2
227963 0
053054 2
065922 2
056514 0
230312 0
271306 2
083513 0
054357 2
049406 2
048434 2
056346 2
055162 2
051486 2
054544 0
054908 2
230744 0
055331 2
059407 2
051005 2
051110 2
056114 2
059371 2
235123 0
052567 2
057140 0
050244 2
053705 2
230759 0
164202 0
054278 2
052780 0
056716 2
007026 0
050250 2
030259 2
084584 2
056210 2
271408 2
052779 2
053974 2
083557 2
049698 2
050214 2
054077 2
055471 2
055713 2
053600 2
055179 2
001538 0
054728 2
050466 2
082422 2
059422 2
021770 0
048484 2
056861 0
050778 2
054166 2
057002 2
082562 0
055723 2
056289 0
212612 0
039786 0
235121 0
080420 0
070975 2
104148 2
080346 2
055091 0
151125 0
053691 2
080171 2
057152 2
050251 2
271307 0
080221 2
051102 2
052544 2
049065 2
050670 2
271308 2
052768 2
052521 2
056498 2
090281 2
055995 2
056476 0
055790 0
051004 2
051582 2
047551 0
054452 2
050371 0
056342 2
054011 0
053272 2
056852 1
048750 2
056100 2
055500 0
056414 2
048202 2
050249 2
052701 2
050242 2
053030 2
033175 1
053485 2
055967 0
055159 0
054334 0
056061 2
052591 2
056254 0
062968 2
080730 2
056324 0
054445 2
158525 0
052302 2
144656 2
163241 2
049912 2
054274 0
056507 0
056530 1
052561 2
240947 2
055282 2
054803 2
054894 2
055621 0
052111 2
054857 2
076094 2
054283 2
235068 0
054224 0
055301 0
178390 0
055474 0
035487 0
057311 0
059290 0
056505 0
055877 0
056151 2
051780 0
285147 1
056504 0
055280 0
057353 2
052485 0
054117 2
059298 2
044050 0
051127 2
211196 0
144615 2
052748 2
053756 2
078186 0
049696 0
055516 2
052684 2
059315 2
054540 2
056515 0
055691 0
031705 0
053738 2
170418 0
170419 0
048442 2
285181 2
285184 0
052678 0
052555 2
052726 2
055908 0
084194 2
048531 2
054429 2
051160 2
050236 2
062870 2
048906 0
048907 0
052520 2
084192 2
052301 2
052686 0
053158 2
051615 2
052998 2
056097 2
052405 2
056326 0
089022 2
056152 2
062341 0
052939 2
055236 0
062343 0
053094 0
052926 2
054558 0
053477 2
053478 2
053479 2
054094 0
170352 0
087324 2
050426 2
054529 2
165864 0
056485 2
052762 2
150360 2
054872 2
055412 0
057079 2
057317 2
090645 0
053704 2
007807 0
054672 2
224970 0
166093 0
166094 0
053841 2
080148 2
263747 2
055951 2
056821 2
011997 0
054638 2
146406 2
056307 2
112682 0
080480 0
049117 2
057338 2
053185 2
050414 1
170349 0
054210 2
052741 0
081819 0
010653 0
054539 2
084586 0
053150 0
113508 0
095460 0
086428 0
048446 0
056263 2
055036 0
055060 0
053044 2
170347 0
219762 0
222233 0
163448 0
001360 0
054875 2
055521 2
056995 0
179595 0
065884 0
062324 0
054787 0
080268 2
263741 2
052866 2
052865 2
052938 2
052923 2
056095 2
050142 2
053020 2
048142 0
050837 2
052586 2
056773 2
055539 0
053286 2
053839 2
055488 2
052220 0
054887 2
053878 0
055600 2
055613 0
053245 2
053223 0
048129 0
054758 2
055142 0
055487 2
159804 2
053076 2
048831 2
249697 0
054987 2
000868 0
057336 0
056735 2
050323 2
056358 2
050118 2
049057 2
053867 2
050331 0
140752 0
081060 0
281678 0
197395 0
057139 0
052882 2
110075 0
055447 0
056419 0
019406 0
129876 0
056448 0
050826 0
056019 2
279848 0
024350 0
024444 0
057145 0
056629 2
056415 0
050177 0
054045 2
054921 2
055738 2
053070 0
053828 2
046923 2
055490 2
221643 0
132324 0
056820 2
052649 2
050315 0
081037 2
000649 0
035784 0
052542 2
047210 0
051034 2
057252 2
057253 2
057254 2
048416 2
054227 2
229741 0
029105 0
054105 0
054773 0
055442 2
057141 0
050241 2
049671 2
053745 2
098844 0
052744 2
052659 2
050967 0
055145 2
056627 2
052815 0
053039 0
052728 2
050116 2
052517 2
056968 2
052648 0
052657 0
057077 2
052638 0
054732 0
050865 0
056850 0
054526 2
056131 2
054225 0
144925 2
083799 0
064375 0
052636 2
052950 2
054542 2
054753 2
057138 0
052896 2
054714 2
013811 0
054665 2
081101 2
056318 0
054066 2
009106 0
052585 2
054393 0
080593 0
138675 0
032116 0
055258 2
267325 0
052785 2
054798 0
271761 0
055212 0
054601 2
052509 2
052862 2
058831 0
067223 0
211870 0
052340 0
050483 0
116895 0
077808 2
052280 0
002325 0
059909 0
055884 0
169098 0
169099 0
006394 0
267300 2
052887 2
055692 0
216670 0
050429 2
216906 0
055122 2
257418 0
267299 1
081685 0
026709 0
215576 0
055784 0
028796 0
054962 0
016865 0
081428 0
050845 0
267250 1
054535 2
056422 2
050621 2
054954 0
238921 0
055435 0
225135 0
054785 0
064580 0
071422 0
104595 0
012348 0
065246 0
137402 0
196679 0
054662 2
257779 0
081092 2
051008 0
097318 0
052491 0
055706 2
052846 2
056723 2
052840 0
052553 2
267233 2
267251 0
267232 1
267305 0
052764 2
267277 1
056870 0
078158 0
222336 0
061809 0
050347 0
267228 2
052743 0
056506 0
052427 0
056523 0
052729 0
155603 0
052633 2
037912 0
166498 0
166499 0
054415 2
044582 0
267231 2
255353 0
052742 0
192220 2
243024 0
243056 0
013484 0
056780 0
093584 0
052440 0
055888 2
055774 0
083465 1
231240 0
055992 2
074933 0
029849 0
089683 2
054138 0
283598 0
208066 0
289361 1
267246 0
052997 0
289050 0
052609 2
277841 0
144280 0
136448 0
054707 2
038692 0
053595 2
153522 0
056493 2
055401 2
082005 0
056239 2
109032 0
118386 0
056047 0
017380 0
129527 0
129531 0
052435 0
081988 0
056248 2
048940 2
250556 0
289158 0
044038 2
053831 0
283604 0
048792 2
053294 0
072054 1
072432 1
072735 1
072998 1
073258 1
073514 1
073776 1
074033 1
