064578 0
086457 0
050307 2
050457 2
080529 2
076262 2
087883 2
066406 2
088975 0
064277 2
085197 2
085195 2
085188 2
085127 0
085893 2
083085 2
083126 2
083141 2
075088 2
075260 2
075542 2
093167 0
086195 2
086247 2
086281 2
085327 2
085454 0
064073 0
063150 2
081228 2
081202 2
085857 2
089741 2
089730 1
089725 1
096160 2
096120 2
092177 2
092043 2
092103 2
085072 2
033382 2
079292 2
084146 2
087573 2
087617 0
047277 2
049475 2
049397 2
087912 2
273177 0
042342 2
032387 2
032418 2
086269 0
041685 0
096414 2
063986 0
024555 2
024498 2
023753 2
023641 2
026021 2
026130 2
025985 2
025910 2
025882 2
024738 2
024736 0
262917 2
087470 1
020205 2
083324 2
050469 2
257215 2
257221 2
224352 2
224351 2
111811 2
144206 2
144252 2
011051 0
259595 2
259586 2
075350 2
075221 2
079851 2
079856 2
111760 2
074961 2
074944 2
074960 2
259301 2
126182 1
126196 0
084880 2
087528 2
087556 2
023834 0
034694 2
087960 2
087808 2
087812 2
087961 2
050023 2
050070 2
060816 2
050503 2
050534 2
088646 2
088668 2
260392 0
109558 2
020981 2
067594 2
067631 2
067658 0
050451 2
050306 2
050455 2
144476 1
144507 2
117581 0
097366 2
097433 2
038162 2
038222 2
081520 0
097738 0
226250 2
092881 0
087861 2
087863 2
087862 2
051578 0
025918 2
260224 0
051421 2
051283 2
051284 2
024512 2
024509 2
044095 0
046023 1
046005 0
039992 2
027973 0
036187 2
036297 2
089846 2
036089 0
182519 2
024500 2
041907 1
041903 1
019546 2
273302 2
273538 2
273715 0
087206 0
081276 0
021151 2
021027 2
021024 2
020995 1
265780 1
260256 0
020220 0
069829 2
103002 2
069800 2
102973 2
069532 2
102705 2
069422 2
102595 2
069765 2
102938 2
090806 0
026282 0
185809 0
016513 0
112495 2
112499 2
070531 0
001436 2
064091 2
111631 0
001831 0
249766 0
111758 0
028895 0
088162 0
200139 0
010673 0
047817 1
047799 2
263841 1
263890 2
264107 2
271858 0
023645 0
180530 0
168576 0
005186 1
099542 0
108447 0
129788 0
050824 2
050801 0
087827 2
087828 2
087852 0
090062 0
122907 0
102032 2
235845 2
235852 2
034221 0
040912 0
092873 0
273551 2
273611 0
110234 0
191559 0
236799 0
260236 0
091357 0
182388 0
030449 0
150154 0
180637 0
181418 0
007097 0
097807 0
262084 0
061077 2
090003 0
191180 0
092890 0
040149 0
041680 0
023304 0
260387 0
100920 0
028055 0
130415 0
275779 0
122480 0
090807 0
008778 0
060883 0
209319 0
111701 1
095086 0
020216 2
020217 2
111656 0
081529 0
114747 0
174884 0
223945 0
027998 0
103704 0
036440 0
111782 0
092787 0
079128 0
163458 0
028478 0
260257 1
260258 1
185802 0
112438 0
145635 0
022826 0
262593 0
061088 0
040923 0
097749 2
271911 2
260644 0
087188 2
170541 0
166161 0
180175 0
100449 0
111634 0
092809 0
023744 2
150269 0
063854 0
267997 0
154240 0
128554 0
069592 0
025138 0
150158 0
108476 0
210438 0
256346 0
142459 0
148364 0
000744 0
021814 0
194618 0
040941 0
036377 0
099626 0
012096 0
131816 0
025386 0
110609 0
255405 0
012177 0
167292 0
039674 0
088197 0
058560 0
180445 0
040808 0
028323 0
271524 0
036407 0
090022 0
190952 0
164288 0
010177 0
040942 0
053307 0
034175 0
129719 0
026044 0
167371 0
201656 0
139677 0
099625 0
092784 0
163336 0
174840 0
111790 0
225736 0
113417 0
271851 0
101991 0
131782 0
006003 0
221749 0
150401 0
168055 0
044791 0
012196 0
041004 0
036452 0
088047 0
268848 0
187968 0
222116 0
129782 0
144747 0
190951 0
228614 0
267652 0
014058 0
221499 0
036376 0
238286 0
130447 0
033372 0
144858 0
225849 0
099692 0
122483 0
095006 0
263126 0
197570 0
102765 0
148441 0
093853 0
115876 0
036058 0
026886 0
034174 0
159169 0
031596 0
198106 0
174866 0
169032 0
003069 0
116047 0
238745 0
274099 0
027155 0
141988 0
075588 0
143166 0
054574 0
131815 0
015875 0
037126 0
210991 0
271534 0
120477 0
225350 0
192627 0
091349 0
002594 0
100571 0
099636 0
258903 0
184912 0
260477 0
031188 0
021854 0
263078 0
198403 0
122472 0
051246 0
130435 0
035606 0
157325 0
167815 0
001360 0
280347 0
236659 0
033696 0
036378 0
223993 0
022546 0
279431 0
117297 0
009898 0
078483 0
195542 0
035052 0
069658 0
163710 0
271909 0
063764 0
174826 0
263315 0
031157 0
169985 0
057225 0
177738 0
151073 0
167372 0
131836 0
100462 0
154951 0
271537 0
229341 0
166152 0
231966 0
146846 0
006248 0
163088 0
076542 0
023218 0
146563 0
155950 0
154712 0
086779 0
047636 0
273540 0
145015 0
026985 0
075609 0
165643 0
134282 0
113450 0
239475 0
174793 0
178470 0
136902 0
046549 0
045256 0
190831 0
176475 0
210977 0
