145072 2
149718 1
258702 2
177758 0
147702 2
192073 2
177674 2
177735 2
177759 2
145863 2
152884 2
152890 1
152896 1
208884 2
213033 2
192069 2
188321 0
152504 2
153984 2
153966 1
165771 2
163379 2
150019 2
150031 2
150029 2
150011 2
150037 2
150026 2
237588 2
163186 2
163155 2
268368 2
268383 2
193164 2
277942 2
277939 1
272064 0
265185 2
233010 2
233026 2
267191 1
147414 1
267475 0
152075 2
150563 2
151207 2
285262 2
285270 2
285273 2
285278 2
256706 0
259343 2
150921 2
159282 2
235250 2
235256 2
235248 2
235287 2
226019 2
261223 2
149728 2
258917 0
131565 2
152112 0
168530 1
168527 2
099728 1
100768 2
100742 2
279957 2
037176 2
034925 2
035139 2
034924 2
037318 2
037251 2
035590 1
285261 2
285269 2
285272 2
285277 2
287875 2
041935 2
258910 0
139511 2
270198 2
190408 1
263670 1
259221 2
155907 1
177734 0
268794 0
156837 0
019912 2
002465 1
256708 2
256705 2
003080 0
137999 1
019911 2
263662 1
263694 1
267298 0
213077 0
038707 2
162192 0
002820 0
043037 1
266837 2
266856 2
279819 2
279824 2
279829 2
280360 2
280341 1
076564 0
177673 1
256709 0
196905 0
022728 0
128777 2
018475 2
128774 2
065105 0
288132 2
179047 0
272055 0
196808 0
044717 1
044705 1
093254 2
093158 2
093159 2
093252 2
065252 0
178045 0
265666 0
028140 0
219537 0
209787 2
204599 0
213076 0
069549 0
131739 0
100858 0
137106 0
001141 0
038385 0
069884 0
265214 0
231650 0
026915 2
209503 0
194875 0
279940 0
134274 0
135039 0
272091 0
141073 0
244205 0
087219 0
045710 0
146391 0
079389 0
225695 0
229196 0
101953 0
041738 0
260836 0
161194 0
076551 0
137079 0
212183 0
162220 0
076103 0
266948 0
254216 0
137013 0
101572 0
133212 0
136834 0
022986 0
058159 0
062303 0
000367 0
166007 0
102722 0
182906 0
221193 0
183394 0
038490 0
116656 0
140516 0
273205 0
131840 0
091544 0
099211 0
006037 0
102170 0
225598 0
204608 0
003330 0
099540 0
100377 0
042008 0
193930 0
151155 0
032003 0
255310 0
065129 0
045716 0
137347 0
114369 0
044498 0
231649 0
143312 0
064460 0
086960 0
263079 0
057176 0
091191 0
251647 0
140285 0
082569 0
179633 0
202018 0
053888 0
193643 0
089771 0
110096 0
005803 0
016955 0
175508 0
270397 0
156611 0
192950 0
227590 0
232009 0
270961 0
012082 0
035369 0
098212 0
232947 0
006269 0
041797 0
272666 0
256324 0
155162 0
180508 0
234510 0
067445 0
005987 0
212184 0
157386 0
076018 0
176040 0
