187227 1
193625 1
193636 1
193621 0
193637 1
193638 1
193746 2
078716 0
183372 2
144269 2
011048 2
178458 0
130846 2
130899 2
130885 2
176986 2
176990 2
176984 2
176971 2
176981 2
176972 2
176980 2
184311 2
184304 2
173419 0
192796 2
201558 0
249427 1
152720 2
256381 2
176780 2
171128 2
021587 2
191253 2
107719 2
160046 2
160074 2
175367 1
152824 1
152833 1
152851 1
066802 2
066524 2
177013 2
177070 2
080444 1
007938 2
121351 2
173852 1
123391 2
176686 2
176636 2
176649 2
081232 2
169673 1
169687 2
169674 2
177912 1
178513 1
289368 2
279180 2
067093 2
067099 0
030649 0
220212 1
218213 2
218222 1
039138 1
222522 0
011899 2
007401 0
267917 0
130847 2
130886 2
130900 2
089470 2
199294 1
199330 2
199391 2
121978 0
155338 2
152990 0
177449 2
127090 0
175614 0
242648 0
210842 2
210827 2
210816 2
071706 1
104879 1
173343 2
148562 0
152261 0
082974 2
006838 0
255080 1
255056 2
255021 0
254963 0
179268 1
230067 0
011314 1
000882 2
075042 0
187344 0
199430 0
060448 0
052192 0
077709 0
019973 2
191910 0
215246 0
000010 0
167607 0
228395 0
118773 0
099605 2
124768 0
033495 0
011384 2
243930 0
231048 0
221504 0
179472 2
179479 2
179799 0
182587 1
182596 0
167590 0
015637 0
120293 0
013292 0
177160 0
201860 1
161091 0
209843 0
011331 0
159766 0
030620 0
075809 2
076133 0
232780 0
077779 0
165459 0
157401 0
018603 0
222529 0
256025 0
064929 0
002444 2
198377 0
024478 0
013067 0
201768 0
152711 0
102155 1
099971 0
099977 0
009518 0
180230 0
133937 0
005038 0
242782 0
141234 0
267911 0
077629 0
030552 0
192309 2
125922 0
107878 0
003896 0
015273 0
088183 0
182006 0
199396 0
161688 0
062499 0
128449 0
019849 0
135114 0
077535 0
178504 0
063760 0
187317 0
230114 0
139588 0
120333 1
121979 0
030753 0
005454 0
013765 0
180750 0
185092 0
221525 0
036312 0
127201 0
178464 0
064470 0
004077 0
017072 0
289828 0
161132 0
068481 0
030613 0
173426 0
167458 0
124770 0
223202 0
064777 0
004570 0
018804 0
198380 0
228397 0
179803 0
064875 0
043567 0
259588 0
178580 0
140171 0
077219 0
212294 0
232240 0
141224 0
085244 0
187328 0
220058 0
210023 0
125467 0
159787 0
179932 0
052189 0
084024 0
077824 0
178322 0
027960 0
119427 0
167591 0
128706 0
188064 0
242700 0
118774 0
138805 0
014809 0
192165 0
030549 0
180232 0
109215 0
136158 0
130852 0
026049 0
007842 0
025324 0
184325 0
161169 0
157342 0
167696 0
120009 0
187625 0
199395 0
181990 0
019336 0
123959 0
289827 0
003980 0
125177 0
