088377 0
286395 2
286399 2
285887 2
285767 2
285768 2
285825 2
285815 2
285899 2
286386 2
286396 2
286400 2
286382 2
130439 0
005506 2
120088 2
120069 2
120068 2
120058 2
005772 2
120387 2
093922 2
093953 2
093977 2
090603 1
090592 1
088379 2
088383 2
088385 2
089355 1
089341 1
089330 1
088766 1
088750 1
074993 2
075013 2
096698 1
131687 2
131709 1
147168 1
126596 1
115383 1
053401 0
243747 1
243744 2
002046 0
285822 0
254384 0
089673 0
267779 0
135034 0
046234 0
090100 2
090190 2
250787 2
250772 2
137366 0
253706 0
225402 0
284253 0
164174 0
069189 0
127190 1
211804 0
066712 0
222631 0
020426 0
225360 0
018508 0
211609 0
243785 0
029256 0
024985 0
013198 0
035062 0
113487 0
217215 0
074777 0
070259 0
046093 0
210650 0
215830 0
040450 0
284783 1
284784 0
284766 0
224284 0
137358 0
237012 0
043856 0
136069 0
102362 0
164166 0
253743 0
046184 0
174348 0
284469 0
089530 0
211838 0
075143 0
275324 0
062636 0
103432 0
035336 0
283888 0
211796 0
127025 0
225442 0
089459 0
069544 0
041961 0
113707 0
214312 0
074712 0
266788 0
263380 0
189971 0
067108 0
211618 0
222632 0
036686 0
089425 0
282793 0
175261 0
284386 0
173255 0
194608 0
087676 0
214324 0
275379 0
283955 0
211605 0
127040 0
102716 0
062648 0
174843 0
176167 0
184249 0
212021 0
056811 0
214376 0
220564 0
175774 0
214438 0
283952 0
211828 0
173637 0
048092 0
212026 0
069951 0
176150 0
214440 0
046998 0
175293 0
174081 0
177945 0
216828 0
173947 0
211847 0
064126 0
212065 0
103124 0
184133 0
216088 0
211875 0
173333 0
191998 0
214244 0
174198 0
184023 0
198023 0
176048 0
212003 0
184155 0
174212 0
211793 0
211834 0
265230 0
175474 0
172942 0
211808 0
211844 0
173768 0
174384 0
173341 0
211663 0
211811 0
173394 0
038388 0
170810 0
212036 0
175464 0
211607 0
211612 0
211634 0
173912 0
212004 0
173968 0
175535 0
211714 0
211662 0
212011 0
174280 0
173297 0
174420 0
211822 0
211606 0
172999 0
191733 0
174667 0
211718 0
174303 0
174364 0
172732 0
173948 0
265400 0
173832 0
173838 0
173908 0
174293 0
175507 0
174296 0
174308 0
179218 0
175344 0
174259 0
174975 0
175420 0
172661 0
172898 0
173646 0
174629 0
180517 0
171588 0
174266 0
173798 0
173325 0
174369 0
174317 0
174332 0
172577 0
173889 0
174107 0
