088377 0
002679 1
001444 1
086851 0
086698 0
091798 0
133642 1
133632 1
133668 1
133774 1
133770 1
133703 2
133702 2
133709 2
133707 2
132050 1
132010 1
132008 1
133331 2
133299 2
133302 2
133297 2
133119 2
133100 2
133093 2
133088 2
133612 1
133610 2
133611 1
133959 0
133729 1
133730 1
133723 1
132046 1
133868 0
001458 2
133941 2
002855 1
163967 0
133427 1
134305 0
134952 0
173061 0
133951 2
169288 0
132136 1
134343 0
183839 0
132839 1
132830 1
133869 0
002777 0
134001 0
132037 0
003102 0
157658 0
258326 0
114837 0
226431 0
001445 1
002845 0
131640 0
043123 0
066977 0
001024 0
143263 0
112327 0
003207 0
268095 0
130517 0
092448 0
131862 0
159142 0
145792 0
284346 0
052235 0
133898 0
133866 0
031768 0
134330 0
002592 0
012355 0
126796 0
284756 0
150141 0
079272 0
091686 0
017962 0
002770 0
091636 0
135696 0
209986 0
095443 0
002218 0
270239 0
194966 0
260756 0
084442 0
014210 0
116986 0
133657 0
070187 0
176600 0
273638 0
180329 0
155855 0
017462 0
153681 0
011392 0
175700 0
150632 0
233085 0
265397 0
002867 0
155920 0
067017 0
199299 0
091797 0
131687 0
268251 0
279443 0
001150 0
010301 0
098407 0
131641 0
268292 0
133067 0
262339 0
004750 0
215093 0
043112 0
080829 0
154353 0
163061 0
068429 0
003066 0
060251 0
256021 0
002364 0
044767 0
006681 0
215367 0
285606 0
265776 0
034686 0
112325 0
136714 0
202240 0
095218 0
001526 0
160433 0
092292 0
107898 0
152734 0
067015 0
161031 0
108769 0
230168 0
034180 0
032138 0
191264 0
241946 0
133713 0
132583 0
134297 0
268166 0
123043 0
014692 0
160723 0
025983 0
177221 0
079280 0
098405 0
076236 0
017902 0
178814 0
043291 0
149143 0
285699 0
150094 0
097044 0
188811 0
002797 0
127650 0
029887 0
131671 0
103360 0
001265 0
177086 0
175958 0
100535 0
028984 0
158998 0
094469 0
214749 0
150637 0
152399 0
262362 0
023567 0
166595 0
188795 0
265449 0
273846 0
236600 0
243466 0
002126 0
265143 0
114868 0
011997 0
031566 0
002659 0
162985 0
153706 0
202928 0
237808 0
131643 0
238930 0
158975 0
076676 0
023496 0
209496 0
037168 0
270626 0
072225 0
027857 0
017537 0
035593 0
180331 0
215087 0
002929 0
077927 0
080388 0
289203 0
031769 0
093829 0
166905 0
002935 0
261487 0
160596 0
116981 0
037912 0
150140 0
183843 0
114369 0
040647 0
126028 0
284811 0
095498 0
010146 0
285707 0
268379 0
265392 0
207158 0
191228 0
280110 0
269794 0
268417 0
032171 0
179115 0
016338 0
218284 0
037771 0
003046 0
061507 0
140654 0
175815 0
190334 0
162959 0
283854 0
225933 0
256033 0
005927 0
218697 0
183903 0
150603 0
134415 0
009332 0
209907 0
283702 0
215094 0
227604 0
043675 0
153673 0
031542 0
099233 0
028057 0
268380 0
151664 0
270380 0
003444 0
215417 0
002186 0
105398 0
154599 0
107815 0
133806 0
042719 0
268274 0
169747 0
091891 0
268187 0
089330 0
195142 0
188990 0
202915 0
159001 0
000526 0
081425 0
091237 0
191287 0
089563 0
268321 0
265646 0
164438 0
148777 0
079306 0
023563 0
041016 0
268896 0
123044 0
221068 0
288469 0
204583 0
091485 0
093816 0
177085 0
031658 0
168942 0
184075 0
261218 0
285723 0
183851 0
287696 0
097781 0
098251 0
166959 0
010259 0
160561 0
286399 0
035814 0
157329 0
003323 0
053744 0
111512 0
160652 0
069579 0
241941 0
087673 0
080089 0
269262 0
196499 0
166862 0
256034 0
270617 0
149113 0
028983 0
215830 0
268143 0
273249 0
243444 0
098465 0
077082 0
202929 0
211299 0
160279 0
097851 0
237818 0
108781 0
062544 0
093446 0
208294 0
049229 0
092050 0
026883 0
268180 0
285727 0
031450 0
227648 0
134626 0
259872 0
062165 0
032141 0
256408 0
226125 0
026382 0
089242 0
003098 0
272658 0
216658 0
265215 0
188803 0
141159 0
