084219 1
051271 0
084287 2
084125 2
083958 2
083953 2
083965 2
083968 2
081589 2
081650 2
083753 2
083746 2
084202 2
083943 2
084080 2
115400 2
083537 1
083530 2
083896 2
083906 2
084248 2
083999 2
051488 2
051379 1
080394 2
083432 2
083444 2
084271 2
083739 2
083786 2
084191 2
084183 2
084307 1
083135 1
075309 2
075311 2
075414 2
075418 2
075513 2
075505 2
075511 2
075500 2
075517 2
082031 2
084327 1
075503 2
115253 1
051528 2
083171 2
083173 2
074954 2
074947 2
075415 2
075417 2
082743 2
082757 2
084336 2
077600 2
077606 2
079218 2
084292 2
114464 1
075159 2
075161 2
082884 2
083693 2
083698 2
084152 2
084090 2
084155 2
084157 2
082091 2
084416 2
084096 1
084098 2
084116 2
083563 2
083559 2
084322 2
083884 2
083887 2
084031 2
083988 2
084045 2
084073 2
084317 2
043889 2
079288 2
079291 2
075051 2
137680 1
084381 1
051368 2
051500 2
081701 2
081648 2
081674 2
081027 2
083811 2
083723 2
078188 2
078234 2
082459 2
082490 2
082822 2
082829 2
091397 1
082828 2
083111 2
078452 2
078440 2
081754 2
081721 2
043963 2
079363 2
079223 2
079188 2
092037 1
079364 2
083059 1
083019 1
078080 2
078144 2
078104 2
078085 2
115355 1
083179 2
082071 2
082063 2
114640 1
079200 2
079172 2
114483 1
082096 1
075501 2
075518 2
114647 1
044080 2
044072 2
078442 2
113836 2
113800 2
044367 2
075906 2
115394 2
074869 2
075608 2
044115 2
082615 1
081897 2
114894 2
114932 2
114413 2
075593 2
083053 2
114603 2
082627 1
084469 1
084439 1
082144 2
082124 2
084413 1
044258 2
043991 2
043879 2
044255 2
043927 2
045040 2
044339 2
044832 2
044773 2
044850 2
045120 2
045144 2
082075 2
082077 2
081901 2
081903 2
081922 2
114972 1
081229 2
044221 2
045205 2
051079 2
044074 2
078630 2
078659 2
081890 2
051251 2
115347 1
115445 1
181231 1
079325 2
043943 2
044166 2
051503 2
044075 2
051194 2
084005 1
084475 2
084472 2
115039 1
115034 1
114873 2
044100 2
075472 2
114908 2
084474 2
044028 2
083119 1
083168 1
114487 2
114467 2
051068 2
083479 2
075561 2
277006 1
276904 1
084477 1
078259 2
081685 2
074557 2
074528 2
078285 2
081615 2
084216 2
083975 2
083977 2
081720 2
083962 2
083497 2
079145 2
079970 2
082887 1
081748 2
269649 1
269586 1
269658 1
114989 1
025548 0
112097 2
080884 2
080867 2
079670 2
084104 2
084110 2
084255 2
084345 2
043965 2
044193 2
084335 2
084384 2
081637 2
115322 2
075325 2
043937 2
115343 2
210897 1
210962 1
211015 1
211014 1
219889 1
219891 1
181262 1
181139 0
270015 1
270009 1
043929 2
081728 2
081778 2
078164 2
078252 2
084283 2
084232 2
270013 1
270014 1
081482 2
081814 2
083699 2
084457 2
114982 2
051412 2
083694 2
084113 1
115430 0
084175 2
271840 1
080019 2
084211 2
114414 2
114436 2
051397 2
051255 0
084100 2
084117 2
075315 2
114556 2
114570 2
114465 2
114484 2
084348 2
051150 2
043864 2
077703 2
084226 2
084331 2
084479 2
084178 2
078098 2
078128 2
051073 2
114258 1
114295 1
074907 2
079341 2
079641 2
051431 2
051395 2
015108 2
084696 1
044238 2
044218 2
078823 2
051078 2
051143 2
271898 1
081506 2
051557 2
051074 2
050972 2
223506 1
084339 2
082764 2
082769 2
084153 2
223511 1
084154 2
279827 1
082080 2
082073 2
050832 1
079837 2
082099 2
082093 2
079793 2
082651 1
051218 2
084097 2
051187 2
079360 2
078458 2
136354 1
136059 1
078445 2
075186 2
084617 1
044108 2
084265 2
075137 2
079167 2
075120 2
114848 2
114852 2
083071 1
082779 2
084304 2
084306 2
081709 2
081907 2
081911 2
081807 2
084083 2
084085 2
083931 2
083932 2
084038 2
084043 2
084075 2
084147 2
083969 2
084106 2
084111 2
269640 1
079642 2
083578 1
084197 2
044194 2
043966 2
044023 2
082577 2
115508 1
084318 2
084118 2
114523 1
080366 2
084775 1
080424 2
082614 2
082629 1
084131 2
074721 2
078043 2
081963 2
082089 0
083961 2
079129 2
082002 2
078093 2
084267 2
079644 2
084583 2
084596 2
044184 2
075191 2
084006 2
115629 1
084149 1
108045 1
083700 1
084249 2
083027 1
084053 2
084052 2
115446 1
084109 2
114987 2
115136 2
007106 2
120705 2
120692 2
084387 2
084360 2
044106 2
078049 2
280412 0
083990 2
113971 2
084017 2
083955 2
083957 2
084213 2
084042 2
084076 2
084101 2
084112 2
051210 2
084308 2
115113 2
115121 2
084074 1
220514 1
220004 1
220007 1
115280 2
114990 2
114961 2
084206 2
277015 1
277028 1
115703 1
115674 1
115497 1
115676 1
084231 2
051069 2
081698 2
083996 1
084011 1
083029 2
083037 2
051107 2
078303 2
180323 1
180277 1
211776 1
062670 2
051202 2
051207 2
128261 0
114648 1
081889 2
084805 2
081896 2
080426 2
271101 1
271153 1
115435 2
186597 1
186599 1
084047 2
084062 2
084128 1
081794 2
081768 2
154470 0
084383 2
081713 2
084217 2
180635 1
084243 2
276891 1
276748 0
083305 1
137440 0
083940 2
084069 2
084103 2
180268 1
179693 1
179703 1
179961 1
179963 1
179999 1
180033 1
180626 1
180614 1
180595 1
180592 1
075464 2
075143 2
114007 2
082964 2
114009 2
029062 0
057277 0
089290 1
114003 2
165339 0
051094 1
051193 1
051195 1
051206 1
051192 1
051198 1
051213 1
051186 1
051204 1
051059 1
051209 1
051217 2
113997 2
051197 1
114023 1
051211 1
050849 1
051112 1
051201 1
051200 1
051166 0
080217 2
084759 2
084691 2
051199 1
084377 2
113986 2
114018 2
084365 2
051189 1
051216 1
051221 1
051215 1
051223 1
051219 1
114673 1
051203 1
051123 1
051208 1
051191 1
051092 1
051081 1
051205 1
187031 1
080236 2
084754 2
051225 1
186978 0
083161 2
083162 2
044186 2
043964 2
083039 2
051175 1
051222 1
114786 1
089147 1
089197 1
089249 1
089248 1
089165 1
114011 0
088340 0
115104 1
045204 2
045143 2
084091 2
084120 2
084718 0
115088 1
115069 2
115132 2
051439 2
083844 2
083207 2
082029 2
081933 2
083164 2
083159 2
083702 2
078247 2
083701 2
083836 2
114342 2
084081 2
083945 2
055782 0
083813 2
083686 2
083684 2
185592 1
185588 1
185585 1
185561 1
185578 1
180299 1
184968 1
184837 1
184499 1
225812 0
082969 1
084250 2
002361 1
280411 0
098271 1
114343 2
115518 2
115129 0
084270 2
084268 2
227351 0
053248 0
115434 0
138478 0
079774 0
113964 1
113893 1
270284 0
114511 2
114530 2
084252 2
084281 2
051375 2
051465 2
115515 2
115525 1
114410 2
280733 0
045517 0
083005 1
221485 0
114738 2
114703 2
125655 1
015082 1
054110 0
143111 0
004588 1
114976 2
183648 0
079179 1
079147 1
079114 0
200993 0
047712 0
271910 1
125148 1
124993 0
084225 2
084222 1
112139 2
115383 2
026702 0
181198 1
114710 2
146295 0
099679 0
084442 0
111359 1
159473 0
055462 0
084238 1
084180 1
074985 0
114741 2
114015 2
075166 2
083614 0
071500 2
104673 2
071456 0
045890 0
053041 0
224865 0
010957 0
084286 2
180630 1
071547 0
115918 0
119214 0
043860 1
115405 1
048832 0
042033 0
054335 0
115736 0
079255 1
079254 1
078147 2
005371 0
112121 1
115593 0
128276 0
054639 0
041079 1
041144 0
201061 0
180037 0
005221 0
020356 0
139804 0
182993 0
007142 0
044810 0
084392 2
048773 0
047152 0
166257 0
041971 0
080800 0
104629 0
116057 0
044019 1
056148 0
114517 2
116309 0
010417 1
051324 0
276094 0
124527 0
223835 0
271686 0
051414 0
276731 0
056811 0
053519 0
051511 1
104720 0
118962 0
026969 0
124962 0
115292 2
162669 0
139932 0
004884 0
080051 0
116076 1
137537 0
115761 0
044167 0
048990 0
083914 2
047674 0
083986 2
054046 0
276950 0
114857 0
227066 0
138557 0
115819 0
084821 0
071386 0
075023 0
083690 2
083688 2
276736 0
271341 0
140635 0
026451 0
084324 2
114946 0
276641 0
054374 0
165383 0
057775 0
229197 0
168747 0
050623 0
075048 0
228417 0
075233 0
104559 0
275981 0
225598 0
074787 0
276667 0
119895 0
117562 0
227388 0
005825 0
084801 0
047987 0
115274 0
272466 1
084663 0
271032 0
055562 0
055131 0
057717 0
079920 0
026370 0
220044 0
115827 0
276801 0
139552 0
084269 2
227183 0
056561 0
138481 0
083697 2
083918 2
053844 0
084209 2
116030 2
115410 0
276927 0
079482 0
054232 0
271116 0
276650 0
139315 0
124894 0
057074 0
053153 0
054455 0
117799 0
048745 0
074738 0
079485 0
050288 0
176018 0
117294 0
214211 0
276732 1
276733 0
276741 0
057616 0
276728 0
226693 0
053073 0
142267 0
276661 0
047169 0
124899 0
276737 0
170629 0
273246 0
047951 0
271044 0
083616 0
276735 0
276945 0
055631 0
054594 0
074977 0
057134 0
047758 0
023599 0
119844 0
026177 0
175823 0
136835 0
006213 0
056711 0
054997 0
047450 0
075276 0
273522 0
224084 0
078504 0
055899 0
084861 0
276822 0
276750 0
044538 0
047765 0
057764 0
116144 0
084497 2
084496 1
083846 2
055620 0
054058 0
056317 0
055592 0
159470 0
056712 0
277212 0
050297 0
025848 0
166258 0
057399 0
046860 0
276673 0
074827 2
047953 0
276725 0
175910 0
024782 0
074737 0
115664 0
055147 0
057777 0
057436 0
041932 0
162772 0
057707 0
139421 0
056998 0
220041 0
273936 0
047668 0
057406 0
054100 0
047377 0
005896 0
276121 0
166420 0
075024 0
229810 0
140645 0
054770 0
051415 0
138288 0
115203 0
276679 0
276658 0
118894 0
056620 0
084056 2
054799 0
173016 0
176306 0
054404 0
047024 0
045888 0
228793 0
047734 0
117757 0
027019 0
054587 0
047373 0
056825 0
051399 0
276739 0
080686 0
276663 0
047964 0
078453 0
078456 0
276860 0
054067 0
054613 0
225403 0
176450 0
226070 0
023874 0
053633 0
168915 0
024759 0
084646 0
056052 0
159057 0
055006 0
165904 0
084800 0
057369 0
226072 0
048050 0
277051 0
026588 0
116008 0
276678 0
053453 0
056482 0
116088 0
229214 0
226728 0
172917 0
119192 0
054099 0
114937 0
185562 0
084501 2
084067 2
114532 2
079183 1
180032 0
115090 2
115105 2
114601 0
082088 0
128267 0
083691 2
083667 1
260862 0
115466 1
115467 0
114516 0
278007 0
076601 0
084033 2
115529 0
065117 1
032401 0
134924 0
084540 1
271292 0
210086 0
084016 0
084516 1
083750 1
081413 1
081369 1
081564 1
079026 1
023328 0
003831 0
254109 0
089434 1
089454 0
025722 0
075262 0
127569 1
127573 0
127574 0
003697 0
035229 0
003130 0
004718 1
118970 1
252303 0
084842 0
223649 0
136324 0
276720 0
177748 0
185555 0
265028 1
277146 0
186366 0
268931 0
012052 1
075341 0
083425 0
134564 0
269126 0
046251 0
114115 1
114218 1
114217 1
162525 0
028395 1
114531 0
127575 0
184859 0
109305 0
044026 0
113430 1
113431 0
089550 0
174499 0
116915 0
126568 0
116196 0
090278 0
142496 0
042453 0
139544 0
083942 2
084078 2
084179 2
084229 2
003440 0
114707 0
134629 0
042070 0
195515 0
010893 0
000340 0
284744 0
278006 0
219440 0
086921 0
051172 1
236992 0
030579 0
274697 0
255632 0
034640 0
003291 0
141238 0
173558 0
226776 0
006270 0
116260 0
097485 0
209105 0
271511 0
243426 0
252746 0
053824 0
127576 0
048875 0
187342 0
115570 1
084247 1
115491 0
226746 0
099680 0
113064 0
054883 0
026175 0
003460 0
083283 0
039387 0
179702 0
221799 0
241423 0
061042 0
271087 0
228925 0
148067 0
067871 0
176323 0
167965 0
188995 0
134934 0
070284 0
287164 0
074903 0
269943 0
043833 0
156354 0
066934 0
054412 0
271476 0
139787 0
044892 0
034367 0
234528 0
040999 0
048448 0
032340 0
252311 0
182855 0
115315 0
119935 0
171250 0
005980 0
047372 0
115721 1
236641 0
020358 0
116601 0
083890 0
196637 0
044422 0
084224 2
010630 0
194485 0
017285 0
280417 0
027960 0
165540 0
278989 0
084880 0
214882 0
076597 0
135135 0
045807 0
179998 0
226706 0
049990 0
189119 0
084767 0
008641 0
229939 0
041383 0
228799 0
006698 0
181027 0
120219 0
231185 0
177733 0
013391 0
113896 0
109884 0
228832 0
223982 0
059415 0
070878 0
015423 0
127578 0
117885 0
055777 0
023804 0
008272 0
070009 0
265399 0
084379 0
116047 0
135092 0
005990 0
094068 0
116062 0
057064 0
224710 0
201494 0
278842 0
112762 1
253767 1
020304 0
083947 0
225025 0
109629 0
227060 0
013320 0
019255 0
114988 0
090425 0
263369 0
064677 0
136765 0
222322 0
033059 0
243267 0
182156 0
075324 0
281366 0
165891 0
039392 0
138890 0
260562 0
254462 0
269257 0
184777 0
160155 0
034767 0
232285 0
134626 0
226276 0
211997 0
025235 0
165662 0
261216 0
168729 0
212474 0
050445 0
233014 0
164128 0
036560 0
230965 0
032341 0
219849 0
029791 0
268971 0
043827 0
264915 0
057425 0
055536 0
095883 0
056503 0
003879 0
150820 0
156356 0
083315 0
210053 0
148078 0
260971 0
225946 0
283288 0
053757 0
263548 0
051912 0
020438 0
203451 0
117655 0
139853 0
215590 0
115447 0
271931 0
040862 0
151006 0
264069 0
048830 0
081108 0
039980 0
030522 0
277774 0
161417 0
262084 0
103457 0
097338 0
231427 0
026850 0
227078 0
080763 0
095997 0
005794 0
092852 0
074849 0
175680 0
066620 0
067895 0
062783 0
045806 0
165850 0
195613 0
271141 0
134710 0
277838 0
219431 0
276681 0
113162 0
156910 0
041616 0
138254 0
278346 0
225594 0
005146 0
278032 0
196147 1
122720 0
114991 0
126638 0
014243 0
090306 0
241415 0
109728 0
129610 0
036463 0
025236 0
179692 0
259112 0
048788 0
179590 0
175918 0
266188 0
045933 0
104051 0
268024 0
256765 0
030463 0
044499 0
210340 0
226820 0
032328 0
103182 0
165892 0
086891 0
221876 0
228924 0
201206 0
161418 0
028481 0
004066 0
014162 0
261766 0
165663 0
030734 0
117025 0
135145 0
260860 0
080400 0
162510 0
088780 0
083416 0
134618 0
003306 0
036575 0
168730 0
086797 0
243939 0
112664 0
249775 0
045482 0
040230 0
185568 0
018037 0
066839 0
232035 0
183258 0
252831 0
177731 0
237882 0
057162 0
084851 0
264098 0
009405 0
034577 0
141308 0
271961 0
023802 0
115627 0
055538 0
225135 0
182770 0
187010 0
115080 0
262094 0
165541 0
015608 0
064658 0
285096 0
179962 0
284745 0
033095 0
209086 0
196780 0
182879 0
086174 0
080543 0
022587 0
263657 0
165547 0
010594 0
254308 0
134560 0
025304 0
068164 0
033697 0
261313 0
120404 0
097349 0
045498 0
039934 0
126637 0
009821 0
031524 0
266220 0
239820 0
160488 0
077210 0
263092 0
171323 0
278992 0
043352 0
269253 0
214610 0
056714 0
095880 0
276644 0
002341 0
150201 0
116583 0
003829 0
011950 0
050738 0
081624 0
214877 0
221627 0
112518 0
196725 0
032200 0
223509 0
234796 0
016630 0
138407 0
089835 0
023151 0
009304 0
170207 0
229903 0
279304 0
205504 0
228903 0
102061 0
069995 0
165851 0
035062 0
006787 0
055735 0
070892 0
272039 0
026252 0
052409 0
203430 0
194486 0
134755 0
168510 0
080694 0
076361 0
076642 0
111626 0
047267 0
124203 0
118971 0
079630 0
057706 0
047416 0
047747 0
057278 0
055489 0
075003 0
111628 0
124139 0
003679 0
276445 0
008263 0
113967 0
139739 0
115215 0
139993 0
069586 0
006283 0
183721 0
277689 0
119786 0
054783 0
046566 0
047851 0
083970 2
057279 0
054115 0
141958 0
047359 0
057704 0
053691 0
116143 0
055108 0
080096 0
078158 0
176239 0
044210 0
057111 0
276738 0
102759 0
278184 0
