250302 1
250390 1
240797 1
086986 1
086998 1
080670 1
080644 1
087065 1
086943 1
087068 1
087069 1
277198 1
277200 2
277204 1
101905 1
269006 1
066933 1
243873 1
243825 1
243783 1
243867 1
243913 1
078083 1
078074 1
091637 1
086886 1
086897 1
087037 1
087040 1
089292 1
005708 1
087067 1
067757 2
086775 1
086783 1
020327 2
088160 1
088143 1
086649 1
086677 1
269503 2
269506 2
280271 1
280238 1
087030 1
087062 1
090870 1
090829 1
077470 1
078213 1
078068 1
078046 1
278912 2
278867 1
168254 1
168033 2
168006 1
243884 1
077649 1
077701 1
086826 1
086877 1
089267 1
019535 1
226249 1
241467 1
085671 1
085661 1
228417 1
240766 1
078013 1
030733 2
087041 1
087036 1
243994 1
251520 1
086892 1
086922 1
278712 2
089733 1
090043 1
249389 1
248977 1
254972 1
243626 1
241195 1
098874 1
098921 1
211669 1
086719 1
086754 1
087029 1
087059 1
278591 1
250819 1
278814 1
271433 1
271603 2
261153 1
255880 1
259928 1
259889 1
278761 2
086239 1
086220 1
108396 1
090758 1
090709 1
090848 1
090827 1
090860 1
087320 1
087323 1
087307 2
087306 2
086818 1
257788 2
227981 2
272285 1
020021 2
020022 2
019998 2
006931 1
087428 1
276174 2
276176 2
230705 2
199461 2
080709 1
046157 2
085559 1
085314 1
029598 1
241149 1
005608 1
120211 1
148885 2
148950 2
148647 2
147386 2
232999 1
163304 1
242592 2
270287 2
264291 2
078323 1
163295 1
120209 1
237701 0
240241 1
242790 1
199595 2
087278 1
199481 2
199550 2
097311 1
097250 1
087412 1
087411 1
087410 1
087414 1
222744 2
120150 2
005597 1
120192 1
223695 1
223673 2
091070 1
091059 1
086767 1
086800 1
030734 1
233263 2
233126 2
233141 1
278442 2
284298 1
089540 1
089535 1
066876 1
086794 1
243616 1
082889 1
251352 1
233303 1
101904 1
278154 1
078179 2
086034 1
086080 1
271161 0
120281 1
087384 1
233697 1
094120 1
028237 1
241217 1
249343 1
249219 1
272699 1
272661 1
255890 2
087032 1
087049 1
086546 2
086536 2
086554 2
086524 1
278753 2
278771 2
237031 1
241435 1
258775 2
258760 2
262078 2
262079 2
241169 1
233247 2
235820 1
087395 1
070581 1
103754 1
070580 1
103753 1
070598 1
103771 1
005714 1
241536 1
241436 1
127931 1
239575 1
029270 1
235828 1
244078 1
243882 1
233693 1
185465 0
019330 2
019327 2
005672 1
120283 1
241439 1
117254 1
233331 2
089324 1
240303 1
087581 1
087614 1
087604 1
087889 1
087893 1
087963 1
081353 1
081350 2
078218 1
078168 2
127871 1
080467 1
080470 1
080440 1
078095 2
087888 1
278453 1
093897 1
255884 1
005716 1
120335 1
252918 1
118131 1
271127 2
272331 2
249956 1
256857 1
271134 1
249830 1
252371 1
252440 1
273467 0
087892 2
067016 1
067006 1
271620 1
271630 1
272888 1
067144 1
067159 1
087962 1
080806 2
080801 2
080808 2
080506 1
276478 2
276493 2
032384 1
277014 0
032359 2
032357 2
032314 2
108822 1
108846 1
108848 1
140256 1
081057 2
029071 1
029069 2
029067 2
147608 2
210741 1
133695 0
087354 1
087355 1
226422 1
007212 1
120769 1
086418 1
080786 1
067035 1
113062 1
007734 1
200622 1
200346 1
200733 1
200621 1
244165 1
226464 1
029433 2
256920 2
235829 2
243786 1
243784 1
222603 1
078024 1
078084 1
066812 1
278142 1
235849 1
236582 0
278250 2
278251 2
278285 2
278291 2
278198 0
277659 2
249549 0
249831 1
086974 1
091111 1
087417 1
087100 1
083096 1
077875 1
086166 1
077619 1
077432 1
077433 1
077324 1
077310 1
086150 1
254158 1
244831 1
244799 1
239936 1
239836 1
239871 1
066935 1
265815 1
227732 1
074487 1
074488 1
107660 1
107661 1
082856 1
158989 0
236618 0
014852 1
087238 1
066777 1
229689 1
229745 1
248689 1
087366 1
087363 1
083027 1
083039 1
249405 1
233400 1
032835 1
081474 0
066934 1
278878 1
005709 1
120330 1
005828 1
120440 1
006859 0
120305 1
160706 0
140331 2
256214 1
256279 1
249832 1
042386 2
225939 1
265845 0
156294 1
226266 2
228646 2
228665 2
226267 0
244083 1
244070 1
272098 1
003437 2
127597 2
127596 2
272119 2
272127 2
244239 1
086989 1
086992 1
228793 1
077977 1
077974 0
121649 0
256878 1
083496 1
083468 0
231329 0
119297 1
087035 1
087042 1
067109 1
067185 1
061409 2
228220 1
168559 1
168877 1
257639 0
238079 0
077312 1
240922 1
168136 0
067741 1
086606 1
086574 1
087358 1
006762 1
086599 1
125916 1
014804 0
077225 1
082684 1
080999 1
042158 0
092153 0
166211 0
192405 1
192280 0
254102 0
017513 0
272333 2
272422 2
059473 0
194884 1
194939 0
248670 1
066932 1
077361 1
239549 0
244417 1
257279 1
257339 2
257366 1
235870 0
226210 0
250487 1
250738 2
241168 0
087328 0
281859 0
005661 0
077516 1
077693 1
275887 0
238314 0
066915 1
042715 0
067851 0
124362 1
271341 0
227337 0
020543 1
269818 0
082212 1
082204 1
011583 0
244064 1
034768 1
087436 1
040179 0
271295 2
258215 2
271297 1
119352 0
140335 2
140350 2
140385 2
140342 0
229131 2
261296 0
082211 1
082210 1
082205 1
175170 0
278356 2
254477 2
254479 2
254492 2
254467 2
254469 2
254599 0
087450 2
261764 2
229638 2
229637 0
140387 2
140390 0
261871 2
261872 2
254657 0
057903 2
014203 0
264583 0
234528 1
234796 1
014647 0
242157 0
228797 0
233543 1
176744 0
005742 0
027528 0
081381 0
140399 0
187394 1
080810 0
116234 0
243762 1
230488 0
107838 0
254076 1
249543 1
231930 0
083051 0
237155 0
167041 0
100948 0
077356 0
005635 0
169969 0
277907 0
270200 0
134006 0
140347 0
242344 0
083467 0
253835 0
082871 0
270932 2
270934 0
147352 0
254659 0
091852 0
268251 0
119351 0
109128 0
071782 0
239341 0
078391 0
108120 0
095345 0
029066 0
004562 0
281842 0
109759 0
156534 0
019350 0
255932 0
236494 0
240730 0
218876 0
076252 0
140348 0
086415 0
030307 0
088710 1
187530 0
241737 1
192245 0
243366 0
169509 0
067365 0
140401 0
244767 0
116877 0
162940 0
081504 1
253487 0
009673 0
261294 1
251508 0
155218 0
118094 0
123357 0
066748 0
170009 0
236520 0
088229 0
099941 0
066039 0
005779 0
232280 0
125915 0
198974 0
000551 0
005018 0
023164 0
233375 0
244101 0
284684 0
124114 0
167683 0
007028 0
233696 0
238076 0
059874 0
211773 1
211745 1
168181 0
238378 0
089458 0
036390 0
029032 0
174777 0
268679 0
087404 0
150695 0
174669 1
174664 1
071157 0
228822 2
081122 0
111703 0
238961 0
029620 0
282849 0
078210 0
265325 0
072209 0
051871 0
193534 0
014112 0
175268 0
278384 0
005794 0
025238 0
125938 0
119397 0
168507 0
170221 0
182132 0
025716 0
233558 0
252706 0
042330 0
242497 0
163076 0
236474 0
117291 1
117335 1
001391 0
010929 0
060324 0
233468 0
108561 0
232413 0
233369 2
232998 0
095447 0
086790 0
243842 0
268609 0
083411 0
175156 0
087479 0
058330 0
143534 0
242671 0
170475 0
039477 0
081511 0
170805 0
283707 0
262499 0
221992 0
242126 0
226564 0
077357 0
111567 0
005720 0
134777 0
277912 0
067369 0
271459 0
005744 0
277417 0
068933 0
286138 0
091656 0
211411 0
253903 0
280670 0
120236 0
062918 0
231974 0
091684 0
238801 0
087248 0
272072 0
238810 0
086600 0
079990 0
260413 0
118771 0
259908 0
237962 0
009358 0
041672 0
259155 0
120356 0
064622 0
072254 0
043885 0
070167 0
137179 0
284297 0
095101 0
003519 0
173045 0
161073 0
228836 0
113601 0
139946 0
086377 0
168579 0
013299 0
225082 0
260366 0
236797 0
083045 0
091784 0
175197 0
242638 0
027459 0
226537 0
243495 0
163115 0
063776 0
090816 0
031366 0
065614 0
228502 0
120393 0
265402 0
270206 0
078410 0
253857 0
131030 0
239683 0
261236 0
277908 0
003886 0
023161 0
236915 0
235734 0
100940 0
093103 0
244087 0
251497 0
027517 0
116878 0
140215 0
066649 0
083395 0
265316 0
166409 0
130024 0
003416 0
174480 0
164663 0
173174 0
035925 0
134044 0
082792 0
003705 0
067126 0
233469 0
063896 0
235877 0
101186 0
089372 0
170004 0
165746 0
061562 0
169472 0
120404 0
170222 0
184024 0
058385 0
266745 0
005827 0
120045 0
032406 0
107949 0
042032 0
136268 0
181194 0
231830 0
025263 0
071888 0
207905 0
091864 0
025740 0
109504 0
087344 0
269824 0
160614 0
222633 0
068752 0
091780 0
278709 0
041061 0
123356 0
174948 0
181968 0
236629 0
232458 0
166854 0
142440 0
029619 0
244373 0
101668 0
277812 0
282803 0
089166 0
005656 0
286124 0
225238 0
062445 0
236584 0
067047 0
095065 0
055013 0
114937 0
126403 0
154707 0
239347 0
172836 0
114537 0
025299 0
080707 0
176742 0
222009 0
242556 0
027468 0
244242 0
091700 0
042247 0
229859 0
239327 0
039436 0
243318 0
095639 0
086378 0
261627 0
174665 0
135034 0
077858 0
038596 0
281845 0
065993 0
150200 0
238613 0
071426 0
276932 0
047800 0
285777 0
136939 0
225219 0
050732 0
036397 0
104955 0
058331 0
225693 0
014790 0
237883 0
169473 0
111644 0
078169 0
095500 0
175052 0
157514 0
158621 0
228429 0
105382 0
262544 0
064326 0
175191 0
163113 0
089374 0
066987 0
238552 0
104330 0
147489 0
259912 0
035922 0
058125 0
051527 0
233491 0
253901 0
042321 0
226844 0
091699 0
272070 0
236572 0
234404 0
039469 0
170080 0
105427 0
243493 0
236796 0
041661 0
034635 0
121409 0
030306 0
139929 0
078267 0
237739 0
175164 0
261420 0
135294 0
269832 0
099289 0
114499 0
079498 0
244045 0
173163 0
235731 0
027277 0
105061 0
068279 0
226545 0
091781 0
166239 0
091771 0
103340 0
170081 0
237964 0
168567 0
167538 0
091758 0
015112 0
126968 0
068425 0
008519 0
070595 0
044260 0
036310 0
287379 0
090843 0
187672 0
242662 0
173182 0
260239 0
242029 0
065390 0
195724 0
125937 0
063991 0
097617 0
019164 0
277811 0
181964 0
115782 0
149071 0
259216 0
170802 0
272087 0
255648 0
150112 0
273512 0
277050 1
168042 0
129421 0
009159 0
129431 0
231332 0
194962 0
092198 0
042165 0
254106 0
133696 0
043160 0
241735 0
000881 0
059474 0
194963 0
121650 0
281864 0
232666 0
239561 0
037530 0
089828 0
242798 0
050044 0
005695 0
257380 0
236453 0
075331 0
009441 0
241924 0
036101 0
242376 0
243856 0
264290 0
030165 0
145217 0
108484 0
160113 0
242797 0
146561 0
283245 0
063646 0
