226419 1
211355 1
199662 1
199768 1
202309 1
201723 1
201733 2
253060 1
207523 2
191960 1
191952 1
192027 1
233435 2
141618 0
210803 2
210735 2
258244 1
242624 2
199799 1
199800 1
240501 2
229632 2
225400 2
196270 2
224535 2
216167 1
242947 2
257917 2
253449 2
253502 2
253558 2
253571 2
253576 2
253425 2
253354 2
253675 2
253701 2
253600 2
253602 2
244451 2
244471 2
253557 2
253570 2
253575 2
253501 2
211988 0
197534 1
197450 1
197440 1
243224 1
229701 2
250887 2
229964 2
229876 2
234372 2
234371 2
287168 2
287669 2
258502 2
256022 1
256099 1
255936 1
210965 2
210748 2
203076 2
203072 2
203074 0
207193 1
206995 1
275029 2
275040 2
275063 2
275249 0
234290 1
234289 0
080223 2
257343 1
257243 1
257272 1
228781 1
228910 1
227462 1
227546 0
243208 1
265042 1
202237 1
202384 1
202398 0
187602 2
183845 2
183853 1
108832 1
108911 1
108912 1
109176 1
109198 1
109210 1
108880 1
184706 1
184695 2
205796 2
206423 2
206434 2
208579 1
025484 0
201756 1
206808 1
210756 1
256770 2
256767 2
202794 1
255060 1
206698 2
206720 2
206709 2
184747 1
210978 1
208546 2
017574 2
101493 1
199226 1
199222 1
199153 1
199154 1
199156 1
255270 0
201815 1
201813 1
202344 1
201638 1
200003 1
208051 1
244423 1
244426 2
244436 2
244367 1
244365 1
244366 1
244353 2
244261 2
237379 2
237336 2
237378 0
201964 1
201963 1
201958 1
243857 1
243843 1
243497 1
243496 1
243559 1
243558 1
243401 1
243402 1
243779 1
243780 1
243811 1
243818 1
243561 0
243834 1
243862 1
250338 1
244363 1
244341 1
244136 1
244143 1
202262 1
199967 1
136116 0
244732 0
257428 0
254637 1
208975 1
208007 1
208029 1
208997 1
208018 0
271664 2
271663 2
206797 1
274359 0
207204 1
209712 0
244425 2
115184 0
187674 0
001554 1
243186 1
282970 0
263682 0
210885 0
070171 2
103344 2
070147 2
103320 2
070150 2
103323 2
080833 1
226161 1
226164 0
256345 0
202633 0
205619 0
197170 0
146539 2
281992 0
209030 1
202689 1
199482 1
199483 1
199458 1
199558 1
199502 1
208414 1
208678 1
244502 1
203070 0
254881 0
028839 0
228782 1
228911 1
244435 0
230124 0
086685 0
201516 0
145487 0
243528 0
088010 1
199236 0
226922 1
202334 1
202363 2
250646 0
276132 0
233644 0
192326 0
207754 0
224627 0
235280 0
261453 0
210852 0
209668 0
265927 0
239624 0
238027 0
148897 0
240791 0
254225 1
254170 1
254169 1
254165 1
254186 1
025686 0
226411 0
208986 0
284512 0
176462 1
176461 0
176460 0
176458 0
257421 0
131906 0
288705 0
208062 0
276135 0
134346 0
193849 0
244083 0
163117 0
196217 0
243756 0
048852 0
188960 0
256572 1
256546 0
256403 0
210287 0
287271 0
220319 0
289940 0
022023 0
009663 0
205763 0
185881 0
000512 0
133558 0
281926 0
060785 0
187662 0
111790 0
017160 0
274400 0
035312 0
124627 0
242472 0
268222 0
256575 0
204211 0
168665 0
256203 1
277026 0
284522 0
200523 0
032096 0
158645 0
210877 0
090639 0
124467 0
065456 0
188426 0
230201 0
230040 0
171232 0
224547 0
116341 0
141604 0
075559 0
076977 0
124148 0
116886 0
011424 0
152127 0
278107 0
272553 0
208535 0
068174 0
203026 0
197176 0
255938 0
192357 0
083189 0
167584 0
058907 0
203486 0
283122 0
274418 0
275849 0
261447 0
169041 0
027147 0
123995 0
007467 0
199251 0
131907 0
202288 0
153142 0
281388 0
164482 0
055705 0
271443 0
288706 0
267709 0
281791 0
115188 0
035546 0
085195 0
242815 0
244070 0
269869 0
124617 0
007679 0
165376 0
196187 0
083256 0
259591 0
093900 0
214390 0
035701 0
080542 0
091641 0
193878 0
187609 0
150076 0
065660 0
240836 0
019984 0
198359 0
288572 0
124351 0
275155 0
162823 0
029019 0
145192 0
124354 0
192322 0
028037 0
289955 0
037174 0
039107 0
282982 0
199303 0
097597 0
079186 0
198346 0
037619 0
022020 0
049612 0
143862 0
111782 0
190338 0
284516 0
042473 0
064600 0
006372 0
224514 0
257264 0
161805 0
207303 0
038650 0
163112 0
235237 0
048804 0
277042 0
208500 0
048066 0
158671 0
080031 0
113679 0
037187 0
065617 0
175542 0
220284 0
040063 0
082535 0
124442 0
120177 0
058218 0
002219 0
102107 0
149253 0
124063 0
196133 0
205257 0
210121 0
006012 0
232973 0
202780 0
078019 0
243757 0
099418 0
287283 0
085127 0
116343 0
260958 0
267710 0
288692 0
164565 0
278118 0
200585 0
201004 0
124470 0
169013 0
147481 0
171212 0
025920 0
002747 0
027359 0
014631 0
242818 0
012220 0
064472 0
028179 0
093903 0
210588 0
272552 0
274420 0
027947 0
143622 0
064457 0
124353 0
111230 0
038813 0
165445 0
150043 0
117877 0
276137 0
285209 0
131615 0
234158 0
220326 0
058900 0
055530 0
115459 0
015059 0
110798 0
190440 0
230202 0
227351 0
201434 0
124147 0
196134 0
175832 0
168660 0
191790 0
124437 0
110881 0
145201 0
180547 0
145492 0
222915 0
199160 1
250339 1
015242 0
258373 2
258357 2
251938 0
