198719 1
198743 0
198677 0
198852 1
198856 1
198733 0
198776 1
198801 1
198707 1
198711 1
198663 1
198667 1
198705 1
198933 1
198769 1
198710 1
198966 1
199190 1
198765 1
198704 1
198721 1
198738 1
198730 1
198751 1
198786 1
198874 1
198742 1
198726 1
198844 1
198835 1
198771 1
198668 1
198976 1
198732 1
198768 1
198945 1
198660 1
198793 1
198789 1
199493 1
198669 1
198739 1
200604 1
198783 1
199496 1
198754 1
198896 1
199159 1
198968 1
198814 1
198845 1
198666 1
198816 1
200605 1
198791 1
198784 1
210839 1
198823 1
200570 1
198756 1
200569 1
198683 1
200574 1
198973 1
199161 1
198794 1
198688 1
198782 1
198712 1
198686 1
198822 1
200573 1
198939 1
198795 1
198713 1
198944 1
198689 1
198731 1
200514 1
200601 1
200516 1
199183 1
200608 1
199166 1
199200 1
198706 1
198757 1
198837 1
198761 1
198728 1
198762 1
198892 1
198902 1
198718 1
200753 1
200815 1
198770 1
198790 1
198781 1
198796 1
202147 1
199459 1
199471 1
202176 1
199517 1
199529 1
198780 1
198797 1
198674 1
198682 1
198722 1
198760 1
198700 1
198729 1
206918 1
198785 1
198792 1
199384 1
199387 1
199750 1
199755 1
198716 1
252126 1
228092 1
227990 1
198725 1
198701 1
199367 1
199369 1
199363 1
198827 1
198799 1
074804 1
065796 1
065794 2
065792 1
149512 1
015646 1
149515 2
147618 2
147617 2
147606 1
147619 2
165031 1
147588 1
165021 1
152566 1
152579 1
149596 1
149597 1
049954 1
049866 1
049818 1
057016 1
049348 1
049514 1
243522 1
256989 1
241507 1
241515 1
255353 1
159218 2
159230 1
078546 1
202185 1
202212 1
149860 2
149876 1
149852 1
150681 1
150677 1
150679 1
150658 1
150985 1
150690 1
278854 2
200249 1
165418 1
200289 1
200290 1
082239 1
082331 0
149600 1
223669 1
075495 1
075528 1
074522 1
074591 1
220642 1
046248 1
077469 1
039964 1
065672 1
082062 1
082060 1
049860 2
091169 1
149938 1
149937 1
080088 1
069040 1
045899 2
045909 1
046252 2
046247 1
075559 1
075269 1
082435 1
074917 1
074853 1
074854 2
075117 2
052221 1
220375 1
108254 0
082763 0
083394 0
050055 1
077635 1
077586 1
068155 1
065582 1
052116 1
052126 1
150111 1
162241 1
075477 1
075554 1
162339 0
039946 1
039926 1
042551 1
149540 1
158891 0
272453 1
272462 1
198111 1
198044 1
200231 1
057843 1
046624 1
035579 1
039513 0
160306 2
160355 1
275872 0
225005 0
065764 1
065828 0
199770 1
199850 1
025719 1
272105 1
161083 1
161048 2
161042 1
161046 1
223496 1
091881 1
091844 2
011450 1
039503 2
009983 1
096172 1
096368 1
176786 0
039779 0
024710 0
267773 1
267862 2
277408 1
277452 0
057296 1
218106 1
239837 1
046279 1
046277 2
087470 1
045119 1
044663 2
046354 1
046316 1
102032 1
100779 1
100760 0
098949 0
050919 0
085698 0
085197 1
086281 1
086247 1
086195 1
085893 1
085195 1
085188 1
085127 1
081228 1
081202 1
085857 0
084146 1
079292 1
093167 0
129415 0
161690 1
161689 1
277409 2
277398 2
277394 1
050451 1
050455 1
050306 1
082203 1
000796 1
050873 2
050812 2
272023 1
225423 0
086204 2
086202 2
086201 2
023183 1
091351 0
046168 1
046104 1
045278 0
101991 0
160573 0
075744 0
226569 1
213492 1
213495 1
213821 1
213310 1
052582 0
267055 0
023834 0
126653 0
124585 0
264932 0
221855 0
133175 0
058095 0
123488 0
001457 0
197776 0
049009 0
024423 0
112748 0
211745 0
078297 0
135219 0
252776 0
019080 0
093951 0
138264 0
262854 0
220003 0
092306 0
196074 0
004105 0
024766 0
015867 0
076459 0
023086 0
115929 0
083326 0
039751 0
170069 0
190878 0
098892 0
092873 0
004039 0
089312 0
149358 0
277416 1
081482 0
286793 0
189195 1
100449 0
222832 0
199202 0
224998 0
198913 0
116446 0
238767 0
017545 0
066539 2
066538 2
188144 0
224941 0
113213 0
187909 0
068946 0
024695 0
270397 0
083301 0
113915 0
063990 0
012899 0
049960 0
193926 0
083407 0
003901 0
163596 0
237968 0
024770 0
239510 0
095225 0
085695 1
280923 0
177107 1
177096 0
029219 0
279363 0
221835 1
221839 1
139952 0
063759 0
115116 0
177876 0
231213 0
008126 0
016513 0
048952 0
128514 0
162162 0
281571 0
085966 0
020341 0
176785 0
092787 0
222873 0
071583 0
015942 0
100424 0
192150 0
133031 0
092804 0
181161 0
129410 0
059623 0
157651 0
083205 0
138353 0
115964 0
126445 0
037275 0
160550 0
021118 0
052575 0
143372 0
257404 0
024723 0
112780 0
025178 0
211233 0
084542 0
123478 0
108284 0
083204 0
124586 0
137680 0
086688 0
100462 0
050425 0
037376 0
009015 0
028594 0
092784 0
229968 0
279366 0
222834 0
092378 0
188566 0
170070 0
056617 0
002210 0
083299 0
003993 0
021867 0
033868 0
164930 0
024865 0
086970 0
081506 0
083244 0
211773 0
190876 0
137602 0
227511 0
113253 0
116412 0
280919 0
033015 0
266032 0
034417 0
003920 0
239525 0
193966 0
115939 0
028902 0
074962 1
074945 1
051331 1
043983 1
043986 2
043998 1
082705 1
164824 1
082601 1
205181 1
203736 1
203752 1
078602 1
078063 2
056643 1
015658 1
015639 2
149553 2
149523 2
045815 1
153874 1
153322 1
056583 0
224243 0
198504 1
198506 1
046394 2
271981 1
272024 2
271668 1
163815 1
163831 1
086516 1
160378 1
199365 1
199358 1
199362 1
205179 1
075697 1
015582 2
039713 1
149349 0
272415 1
272539 2
221164 1
067594 1
065974 0
098370 1
145570 1
198369 0
016625 0
050899 2
050900 1
067631 1
067658 0
158664 1
244264 0
152443 1
148148 0
240568 0
058863 1
062808 1
062805 2
062772 1
062814 1
271851 1
272106 1
271909 1
068938 1
068942 1
068966 1
068954 1
065239 1
065227 1
065243 1
065258 1
065270 1
266942 2
266890 1
165001 1
201559 1
276250 1
276302 1
045701 1
045979 1
045936 2
189117 0
270306 1
022326 1
046181 2
046167 1
046163 2
046164 1
046241 1
046427 1
082265 1
023069 1
023070 2
023071 1
023097 1
023096 1
222239 1
222245 2
099700 1
220680 0
219929 0
199163 1
163657 1
107927 0
149266 0
049397 0
098003 1
098690 1
098526 1
099409 1
099701 1
079435 1
100175 0
094573 0
049706 0
126814 1
108864 0
158919 1
242292 0
067765 0
024051 0
064953 0
089928 2
089897 1
099041 0
191632 0
250289 0
134025 0
167918 0
003502 0
199849 1
161346 0
277120 1
136198 0
263175 0
051393 0
022353 1
022349 2
092908 0
004883 0
015831 0
199251 0
044167 0
182577 0
263992 0
203074 0
116051 0
259819 0
046849 0
028944 0
284322 0
050801 0
223329 0
198295 0
015508 0
023633 0
041481 1
015677 0
007052 0
226128 0
162065 0
149375 0
057266 0
045384 0
003876 0
012776 0
033078 0
282375 0
224059 1
149602 0
056705 0
273017 1
080176 0
077305 0
149643 0
022309 0
130467 0
117025 0
059414 0
220699 0
163458 0
023624 0
141690 0
140039 0
092177 0
210756 0
239620 0
047347 0
162896 0
089725 0
051214 0
078184 1
078180 1
077780 2
189460 0
124429 0
048199 0
244273 0
244286 0
277534 0
111732 0
162594 0
050307 0
038252 0
016245 0
053275 0
267143 0
081489 0
179025 0
165265 0
094592 0
038148 0
075135 0
087883 1
066406 1
076262 1
064073 0
047277 0
085327 0
273538 0
031121 0
222322 0
272551 0
162642 0
149342 0
049475 0
142957 0
084018 0
269275 0
083085 0
045806 0
016469 0
226418 0
029215 0
144847 0
128542 0
020390 0
040866 0
271241 0
236641 0
063150 0
153312 0
145162 0
164808 0
229017 0
148045 0
085072 0
038202 0
047495 0
071614 0
235852 0
140034 0
115684 0
194813 0
014473 0
260392 0
219306 0
223555 0
112313 0
113727 0
164066 0
226152 0
019670 0
269014 0
173352 0
130589 0
047439 0
049932 0
270770 0
051426 0
242332 0
045085 0
146158 0
050457 0
016132 0
220695 0
202237 0
089741 0
050885 2
050887 1
146224 0
146092 0
056989 0
228504 0
168145 0
099051 0
141848 0
219986 0
272265 0
144981 0
039885 0
075088 0
116653 0
259791 0
182598 0
205891 0
024738 0
047681 0
050824 0
011165 0
015721 0
274168 0
150245 0
199236 0
067443 0
244271 0
080000 0
035351 0
002246 0
120647 0
042067 0
096160 0
168008 0
010283 0
287121 0
022318 0
190480 0
239838 0
157981 0
142975 0
025744 0
024371 0
273051 0
092043 0
220523 0
273302 0
161358 0
049862 0
165964 0
219938 0
159904 0
239585 0
175986 0
084930 0
016373 0
079998 0
050948 0
148709 0
044401 0
111019 0
178531 0
083913 0
199580 0
095984 0
130521 0
077262 0
038144 0
169306 0
167919 0
076868 0
273611 0
098177 0
134385 0
147061 0
210226 0
226181 0
057267 0
161216 0
189459 0
155942 0
052999 0
281268 0
149379 0
028055 0
223481 0
112353 0
176714 0
018026 0
242314 0
046699 0
049282 0
227463 0
222866 0
033382 0
283004 0
117029 0
083126 0
026984 0
076927 0
260387 0
098106 0
277539 0
130439 0
179324 0
141797 0
155811 0
148783 0
231747 0
156627 0
092103 0
024768 0
182792 0
146550 0
189054 0
070410 0
051296 0
220661 0
019862 0
239755 0
124406 0
097738 0
149359 0
164334 0
162616 0
071631 0
160500 0
155748 0
141685 0
284926 0
130562 0
225221 0
017587 0
223260 0
151260 0
089730 0
047799 0
077268 0
107934 0
109634 0
010673 0
272315 0
062932 0
140073 0
229019 0
108547 0
074883 0
048420 0
047688 0
162897 0
164963 0
012675 0
016842 0
226415 0
075260 0
074864 0
048730 0
190376 0
239618 0
285072 0
145199 0
148399 0
067839 0
251578 0
085454 0
168009 0
273715 0
154662 0
162017 0
023641 0
165965 0
113866 0
168044 0
270737 0
228651 0
226141 0
168814 0
138059 0
056413 0
219322 0
200080 0
150239 0
191643 0
142606 0
192519 0
048572 0
168035 0
016221 0
132710 0
