044384 1
044349 1
044314 2
044601 1
044602 2
044616 1
209902 1
045920 1
045916 2
040949 2
040982 1
044821 1
044698 2
035123 1
035773 1
041639 2
046466 2
045973 1
040755 1
040898 1
046546 1
045965 1
036104 1
036111 2
044368 1
035759 1
044157 2
035766 1
035748 2
035797 1
035786 2
035757 1
035785 1
035903 2
035981 1
035900 1
035755 1
035788 1
035872 2
035906 2
035760 1
035902 2
035756 1
035806 1
035824 2
037794 2
037793 1
035765 1
035849 1
035861 2
036308 1
035908 2
045324 1
045318 2
040929 1
040928 2
051755 1
041632 2
045511 1
036034 1
035832 2
035838 1
035843 1
035792 1
037314 2
035758 1
036275 1
036340 1
036135 1
036141 1
044732 2
044737 1
035817 2
035783 1
044731 1
035918 1
035867 2
035842 1
044899 1
035919 1
041577 2
041594 1
046519 1
046514 2
045435 2
035873 2
035787 1
037242 1
045896 1
045708 1
036131 2
046014 2
046049 1
045358 1
045356 2
045014 1
044989 2
036140 2
036136 1
036142 1
044442 2
044408 2
044332 1
044638 2
044738 2
044633 2
044746 1
218004 1
044642 2
044689 1
044643 2
044634 2
035675 2
035674 1
035676 2
035699 2
045468 1
044525 1
044524 1
088107 1
044939 1
044936 1
044780 2
044756 2
044745 1
044775 2
044739 2
044759 2
044762 1
044748 1
044740 1
044733 2
044835 1
044891 1
044882 2
045845 2
044327 1
044001 2
046594 2
045891 1
045889 2
045862 1
045854 1
039568 2
040900 1
044632 1
039995 2
035948 1
035935 2
044680 1
041014 2
035937 1
044445 2
044511 1
044582 1
044578 2
044585 1
044558 1
044593 1
044591 2
036242 1
035904 2
044253 1
044474 1
040792 1
046355 1
040822 2
040936 1
046117 2
046489 2
046476 1
209417 1
044264 1
040751 2
045857 1
044933 1
046493 2
046459 1
040937 1
045231 2
046293 2
044503 1
045234 1
035859 2
044315 2
046502 2
046509 1
044743 1
035879 2
035777 1
035860 2
035851 1
044254 2
044239 1
045982 2
036702 2
035846 1
035863 2
046409 2
046411 2
040902 2
041119 2
041480 1
041536 2
045623 2
045117 2
045698 2
042260 2
036738 2
040975 2
042840 2
042358 2
045692 1
045624 1
041394 1
045727 2
045758 2
041388 1
044268 2
035978 2
041626 1
041306 1
045928 1
045489 2
050685 2
045619 2
045241 2
040903 2
044351 2
036160 2
035831 2
045296 1
045307 2
045319 1
049892 2
050961 1
040905 1
046491 2
045425 2
036372 2
045536 1
045983 2
044064 1
036013 1
043995 2
044278 1
035951 1
035878 2
035776 1
036098 1
035956 1
035933 2
036123 1
035926 2
035925 1
035888 2
046375 1
044579 2
037685 2
044736 1
040752 1
044716 1
044721 1
044520 1
043895 1
044323 1
035752 2
044468 2
044537 1
037675 1
044617 1
044473 2
044220 1
044273 1
040816 2
040932 1
044906 1
046379 2
044498 1
040793 2
044160 2
044291 1
046462 2
040901 1
046461 2
045268 2
101760 0
035912 2
044561 1
051325 2
214288 1
049302 1
049306 1
045488 2
040915 1
040962 1
035790 1
044777 1
044162 2
044405 1
045999 1
036000 1
035922 2
035791 1
035929 2
044678 1
049889 1
044307 1
035649 1
264818 1
264847 1
264831 1
035778 1
044767 1
035384 1
035304 1
035286 1
035283 1
037146 2
036907 1
051516 1
044032 2
037065 1
044002 2
045443 2
044568 2
043765 1
040783 2
054578 1
044692 1
044419 1
217289 1
046047 1
046288 1
044577 2
215119 1
214463 1
205162 1
044599 1
044581 2
045998 1
044039 1
044614 1
036765 2
044755 2
036748 1
045532 2
045501 1
044549 1
040819 2
208357 1
045487 1
045473 2
044747 1
044613 1
035841 1
044600 1
044387 1
044584 1
044536 1
044098 2
051148 2
041026 1
043900 1
044203 1
043977 1
051339 1
048134 1
048904 1
214961 1
040916 1
044223 1
044781 2
044735 1
045367 1
045351 2
044851 2
051742 1
046198 1
044603 2
046337 1
207060 1
043922 1
043908 2
045163 1
059415 1
059086 1
044587 1
044730 1
207646 1
044375 1
201226 1
044149 0
209846 1
209446 1
204479 1
036325 2
044992 2
044256 2
035927 1
051064 2
051517 1
044357 1
044688 1
043932 1
044636 2
051482 1
044741 1
040907 1
044955 1
037447 1
051333 1
040821 1
050892 1
050886 1
036990 2
036978 1
044589 1
205156 1
044717 1
205767 1
044705 2
207658 1
044677 1
044644 2
205166 1
043982 1
044734 2
044310 1
044280 2
110530 1
045248 1
217907 1
205151 1
140935 0
215467 1
218332 1
205164 1
205765 1
205282 1
051338 1
040935 1
214705 1
110561 1
212460 1
037528 2
051744 1
207006 1
044592 1
215570 1
036652 1
218408 1
036683 1
037445 1
212029 1
203894 1
044626 1
040934 1
205560 1
035711 2
045178 1
218949 1
217387 1
044374 1
044518 1
044648 1
044353 1
045024 2
044434 1
044430 1
044195 2
044197 2
213628 1
212661 1
037033 1
037052 1
205461 1
217389 1
051042 1
214958 1
214960 1
215268 1
203822 1
037880 1
037902 2
065434 0
045533 1
035789 0
044801 1
048451 1
044586 1
214352 1
051519 1
037106 1
044649 1
046196 1
204592 1
148724 1
037213 1
219480 1
045955 1
044685 1
216389 1
044789 1
044703 2
213276 1
044606 1
044571 1
035744 1
036663 1
035934 1
045954 1
206535 1
040892 1
035853 1
044605 1
037924 2
044552 1
045689 2
210344 1
209847 1
044559 1
044129 1
044008 2
036375 2
110569 1
218177 1
218016 1
218217 1
217334 1
216276 1
217902 1
209365 1
209788 1
210560 1
044509 2
044366 2
045177 2
037779 1
044391 2
044631 1
044495 2
205173 1
208240 1
044402 2
208572 1
044838 1
109397 1
209430 1
037306 2
037231 1
044693 1
081180 1
044272 1
045801 1
050766 1
044506 1
210107 1
210290 1
035923 2
203999 1
205207 1
206342 1
036048 1
206495 1
051664 1
051066 1
163893 1
163872 1
163071 0
215154 1
203427 1
051605 1
046276 1
046361 1
208545 1
216044 0
046102 2
046153 1
044048 1
046414 1
045526 2
060586 1
039423 2
044691 1
051514 1
062819 1
062813 1
034661 1
036085 2
079475 1
060535 1
044742 1
036561 1
036558 1
036186 2
037467 1
045582 1
035921 1
044163 2
044389 1
045593 2
035735 1
045005 1
035839 1
045703 1
019662 0
201991 1
044262 1
258468 1
258524 1
164572 0
205296 1
044687 1
045818 1
044588 1
044580 2
046418 1
138040 0
113250 1
213889 0
044152 1
200446 0
043876 1
044770 1
044118 1
044007 2
044595 1
051515 1
021652 0
203956 1
051147 1
045817 1
215487 1
044501 1
040802 1
040779 1
218368 1
215504 0
049256 1
045148 1
045164 1
045201 1
045152 1
099315 0
075763 1
035916 1
044003 2
044358 1
051554 2
044004 1
045420 1
045431 2
045505 1
007782 1
050533 0
205445 1
205740 1
108253 0
045513 2
062794 0
204302 1
204467 1
217964 0
044270 1
044726 1
044700 2
044702 1
050371 0
066382 0
037047 1
040754 1
043962 1
051506 2
051145 2
051173 1
051558 1
040395 0
210265 0
035920 1
212784 1
036267 1
036263 1
036268 1
036490 1
035714 2
079472 0
218888 1
217761 1
217770 1
217784 1
207066 1
219502 0
035796 2
168396 1
005425 1
037067 1
075688 1
075683 1
204121 1
204122 1
204176 1
204404 1
204171 1
204172 1
204174 1
204175 1
219010 0
050921 1
039647 1
086867 1
086368 1
286304 1
209495 1
048832 1
048419 1
045021 2
219876 1
205506 1
044681 1
014207 1
216036 0
037310 0
044683 1
204470 0
090123 1
090141 1
212092 0
044902 0
204126 0
044248 0
036250 1
045497 2
045757 1
037639 0
131314 0
054072 1
056644 1
057367 1
203373 0
050891 1
204032 1
169219 1
043935 2
044097 1
044620 1
043972 2
261825 0
204952 1
044679 1
114841 0
048544 0
044596 2
044618 1
101771 0
045816 0
204522 1
206669 1
207796 0
080617 0
218425 0
220596 0
038656 1
084332 0
161996 0
182937 0
077418 0
043939 0
046371 1
217209 0
099508 0
021527 0
048614 2
044948 1
204594 1
204701 1
016007 0
086482 1
086468 1
035866 2
044455 0
116902 0
218882 0
114986 1
040914 1
040791 2
157731 0
217935 0
041627 0
045357 1
046570 1
206859 0
264813 0
115109 0
035870 2
207912 0
015594 0
109039 1
003860 0
029059 0
045754 0
199477 0
045927 0
035784 1
035818 2
035488 0
065003 0
217852 0
038810 0
220826 0
214953 1
217498 0
023136 0
035885 1
267825 0
135141 0
273746 0
035708 1
068729 0
112268 0
035284 1
035287 1
035430 0
035305 1
035314 1
035385 1
035421 0
219357 1
187827 1
215231 0
204351 0
205536 0
044567 1
099801 0
020299 0
012932 0
214319 0
204137 1
021726 0
214267 0
262524 0
203441 0
044226 1
011195 0
285877 0
044145 1
090692 0
056144 0
209519 0
046273 0
163971 0
208550 1
210353 0
204980 0
045038 0
118636 0
205670 0
208804 0
274608 0
217859 0
046453 0
210497 0
218591 0
022278 0
214783 0
280816 0
263631 0
028750 0
216425 0
216489 0
266958 0
077961 0
066157 0
281255 0
204405 0
162207 0
050681 0
264293 0
212906 0
217347 0
206146 0
193903 0
163591 0
045104 0
280800 0
044159 0
242137 0
091214 0
203037 0
210139 0
239727 0
214807 0
203758 0
125035 0
204114 0
021847 0
113997 0
015607 0
035938 0
156395 0
163420 0
206822 0
132391 0
018465 0
216759 0
205497 0
214732 0
217675 0
046328 0
215464 0
223263 0
203677 0
273662 0
269717 0
162643 0
043744 0
209844 0
121305 0
216256 0
217463 1
205049 0
200355 0
271413 0
216602 1
205039 1
203660 0
216252 1
217113 1
216612 1
217562 1
217680 0
205396 0
214409 0
274612 0
155692 0
208913 0
243840 0
215915 0
174925 0
210707 0
134417 0
209592 0
126659 0
217454 0
204441 0
093363 0
214137 0
213561 0
134910 0
145793 0
059302 0
215248 0
203881 0
256198 0
218507 0
267801 0
097559 0
076521 0
202260 0
200200 0
281095 0
036540 0
199547 0
200422 0
289164 0
218169 0
207019 0
064997 0
025353 0
218365 0
208745 0
212438 0
262196 0
289478 0
218921 0
209101 0
217069 0
207348 0
213371 0
203335 0
212776 0
155589 0
163830 0
218270 0
164363 0
099185 0
022325 0
216190 0
056058 0
218466 0
204247 0
217522 0
253714 0
204326 0
206606 0
149654 0
214672 0
065194 0
204844 0
220859 0
044597 1
109054 1
029006 0
218122 1
038683 0
035805 1
044650 1
043821 1
043815 1
043816 1
043805 1
044547 2
023130 0
037389 0
044630 0
059403 1
116080 0
041352 1
051086 1
000444 0
042546 1
042568 0
088254 0
216304 0
039413 1
191209 0
051036 0
044572 1
044570 1
044564 1
044563 1
039121 2
038839 1
044020 2
044104 1
049403 0
176095 1
078716 0
037122 0
218082 0
049010 0
119297 0
079520 0
042887 0
268198 0
175199 1
201946 0
051330 0
044690 1
051340 0
044065 2
044086 0
051505 1
050684 2
051501 0
044066 0
044788 0
093877 0
162117 1
035833 2
191876 0
057069 0
123007 0
209168 1
209174 1
209759 1
209064 1
209651 1
209032 1
209663 1
210051 1
210099 1
210292 1
045964 0
091654 0
109554 0
116077 0
032728 0
048305 0
036906 1
036760 0
035819 0
113470 0
079001 0
040247 0
044697 0
132533 0
207508 0
090513 0
023285 0
001828 0
127095 0
099427 0
044147 1
043951 2
037000 0
000269 0
219487 0
036071 1
107691 0
117866 0
219497 0
048244 0
274728 0
152118 0
008187 0
210399 1
045326 0
036599 0
175423 0
260131 0
037564 1
044316 0
277986 0
027253 0
009287 0
041020 0
035656 0
183711 0
135413 1
037696 0
203246 0
035313 0
012258 0
081696 0
267436 0
116172 0
044069 0
000629 1
006789 1
268161 0
043358 1
058587 0
044482 0
121160 0
009297 0
218005 0
043992 1
044261 1
040039 2
003654 0
036982 0
276131 0
269010 0
034949 1
035244 1
035556 0
081149 1
094411 0
214800 0
049164 0
109323 0
096345 0
258148 0
035165 0
092500 0
116349 0
020202 0
027120 0
081677 0
211252 0
118010 0
056634 0
037695 0
087055 0
195086 0
078274 0
039440 0
205200 0
040573 0
158810 0
242413 0
045562 0
107987 0
021997 0
045782 0
046694 0
021182 0
243428 0
037279 0
046258 0
090964 0
043124 0
011288 1
033905 0
020785 0
044886 0
021747 0
222063 0
079060 0
078277 0
167966 0
288108 0
130954 0
205148 0
001185 0
268923 0
136367 0
137017 0
090705 0
269077 0
085071 0
098524 0
204188 0
209739 0
036301 0
050376 0
052748 0
137014 0
039694 0
043538 0
014916 0
015752 0
191332 0
167326 0
162676 0
022508 0
050918 0
077875 0
087709 0
195765 0
077520 0
222336 0
097746 0
112533 0
253050 0
037206 0
163504 0
152436 0
035807 0
162432 0
047662 0
116068 0
115688 0
168498 0
044209 0
029003 0
090476 0
010494 0
209638 0
203476 0
012599 0
281587 0
068434 0
038841 0
158155 0
042509 0
118828 0
115957 0
058733 0
016748 0
093308 0
116189 0
032588 0
217690 0
181529 0
045080 0
038382 0
204198 0
050386 0
050709 0
137034 0
091748 0
036797 0
023173 0
058926 0
038791 0
012468 0
086565 0
084731 0
268661 0
045467 1
176609 0
044087 0
204403 0
068338 0
268797 0
039805 0
202907 0
035989 0
009483 0
220885 0
052734 0
043948 0
045658 0
135289 0
287462 0
023248 0
088867 0
037836 0
119032 0
099238 0
021736 0
174699 0
079055 0
268176 0
209755 0
045348 0
222234 0
191399 0
040921 0
114452 0
087415 0
058548 0
037819 0
025274 0
042192 0
007552 0
014180 0
128509 0
005018 0
078684 0
019240 0
205259 0
044266 0
038351 0
035420 0
093575 0
036749 0
118385 0
043227 0
191218 0
258864 0
067840 0
127261 0
183527 0
037320 0
037168 0
078713 0
127989 0
202925 0
037391 0
182287 0
046671 0
023377 0
045182 0
248979 0
289907 0
153892 0
046003 0
039821 0
088467 0
081680 0
079239 0
075744 0
090436 0
121383 0
050476 0
039131 0
085035 0
123436 0
169623 0
115099 0
131325 0
045390 0
032794 0
123352 0
045433 0
064300 0
109526 0
077384 0
095948 0
068480 0
038914 0
197436 0
281183 0
005184 0
084321 0
114393 0
037602 0
088248 0
269033 0
045856 0
006457 0
114519 0
232003 0
268307 0
030429 0
076559 0
268225 0
244203 0
044715 2
053753 0
007737 0
203572 0
219235 0
162880 0
036897 0
080707 0
078774 0
222280 0
038403 0
207234 0
259325 0
036759 0
092655 0
036828 0
219182 0
236725 0
069549 0
015702 0
037182 0
029125 0
118184 0
037641 0
032754 0
024612 0
058493 0
048652 0
170672 0
175407 0
237902 0
019970 0
079656 0
098512 0
268557 0
203531 0
078535 0
045784 0
000339 0
030218 0
008091 0
052067 0
044014 0
011683 0
187637 0
042815 0
035623 0
023742 0
023430 0
221875 0
116160 0
044824 0
022543 0
232883 0
155163 0
051544 0
034971 0
269291 0
077363 0
037589 0
114791 0
007717 0
036197 0
114679 0
012294 0
202159 0
119397 0
219514 0
155624 0
196695 0
209616 0
205759 0
109239 0
044500 0
059107 0
088247 0
042518 0
087015 0
023273 0
152461 0
023390 0
037544 0
135191 0
056638 0
036870 0
076836 0
020406 0
030391 0
263818 0
041805 0
079306 0
044085 0
022709 0
268240 0
099540 0
088537 0
037349 0
268217 0
040913 0
098537 0
116163 0
167327 0
131435 0
037598 0
002342 0
204402 0
046433 0
044694 0
125654 0
116339 0
266716 0
070789 0
037115 0
006494 0
127154 0
027626 0
123564 0
221277 0
002365 0
203283 0
203775 0
082315 0
218944 0
044720 1
204798 0
110430 0
214064 0
091114 0
037634 1
033364 0
041937 0
082320 0
164412 0
205137 0
218483 0
217379 0
011233 0
203704 0
034046 0
212952 0
024284 0
218230 0
044672 0
152077 0
020010 0
203688 0
000401 0
244844 0
207230 0
215326 0
212097 0
034643 0
043600 0
003705 0
075035 0
005746 0
080076 0
090577 0
029268 0
016214 0
156684 0
217274 0
213217 0
216571 0
218823 0
110678 0
045499 0
098530 0
110417 0
206103 0
168337 0
044112 1
163311 0
051409 0
218583 0
113801 0
037882 0
130008 0
000162 0
005767 0
045180 0
033689 0
210555 0
041668 0
259087 0
041712 0
209973 0
216149 0
216514 0
239573 0
124321 0
236904 0
215229 0
283061 0
009755 0
217756 0
216074 0
078797 0
078995 0
261736 0
204577 0
201005 0
099378 0
204448 0
044047 0
019229 0
033303 0
204989 0
018324 0
198767 0
169842 0
218307 0
079233 0
205843 0
215106 0
208222 0
055563 0
201178 0
227537 0
068204 0
044714 0
266977 0
215403 0
046540 0
031282 0
269698 0
024246 0
023450 0
021557 0
079131 0
022548 0
159264 0
038093 0
128785 0
199600 0
143584 0
213240 0
205753 0
085781 0
217883 0
175874 0
218354 0
206457 0
239324 0
069147 0
156496 0
216691 0
035554 0
042670 0
117311 0
209886 0
211082 0
204101 0
207171 0
020562 0
022838 0
210537 0
049337 0
010485 0
224262 0
115548 0
216658 0
040585 0
097914 0
117183 0
024295 0
071527 0
264833 0
008998 0
208939 0
092914 0
046441 0
133501 0
257948 0
213917 0
044458 0
216656 0
050608 0
071253 0
219824 0
029979 0
036543 0
115435 0
203754 0
076344 0
216470 0
001140 0
139580 0
001711 0
041219 0
023326 0
138041 0
173501 0
203930 0
217401 0
145792 0
012356 0
203851 0
205502 0
218200 0
089085 0
210231 0
023924 0
213009 0
240967 0
142956 0
244957 0
023213 0
062389 0
217574 0
183281 0
018732 0
207372 0
067803 0
038237 0
039083 0
280817 0
045255 0
169230 0
215941 0
008262 0
205398 0
261822 0
211016 0
212623 0
216663 0
215553 0
035303 0
269322 0
211420 0
160605 0
045855 0
259233 0
219165 0
240053 0
000495 0
211375 0
010140 0
225603 0
231561 0
269731 0
022153 0
042194 0
224798 0
226210 0
074910 0
090947 0
204600 0
205276 0
019342 0
090731 0
209659 0
213400 0
206824 0
219620 0
