051099 2
054407 0
059396 0
054720 2
054675 0
053703 0
056226 0
054715 0
053228 2
053170 0
053013 0
052140 2
052129 2
052537 2
052516 2
048663 2
048456 2
057335 2
057138 0
055463 0
053293 2
053001 0
052269 2
052268 2
052800 2
052755 2
057019 2
056866 0
056808 2
056529 1
054331 2
054251 0
055599 2
054884 2
054811 0
054896 2
055287 2
055087 2
055216 0
053200 2
053015 2
056511 2
056622 2
054761 2
054869 2
062968 2
062870 2
163108 2
163105 2
054895 2
054682 2
055486 2
055645 2
057372 2
057128 0
056744 2
056457 0
051359 2
051402 2
056486 2
056473 0
051033 2
198416 2
199195 2
199046 2
199169 2
056361 2
267459 2
056181 2
055291 2
057100 2
056857 0
056492 2
054281 0
055146 2
059400 0
055478 2
055895 2
054409 2
054357 2
054097 2
056700 2
052932 2
055991 2
056755 2
052720 2
051031 2
054487 2
055910 0
055488 2
055487 2
056127 0
052361 2
052354 2
056680 2
050202 2
050143 2
047658 2
047581 2
055438 2
056087 0
055308 0
055880 2
054279 2
054202 2
056741 2
046870 2
056695 0
053534 2
056789 2
055525 2
054471 2
055416 2
056714 2
056503 0
056615 2
056514 0
051005 2
060953 2
052771 2
052724 2
054926 2
054877 2
055391 0
053602 2
053627 0
059273 2
055588 2
052806 2
052762 2
052954 2
056737 2
056467 0
053124 0
055468 2
054194 2
054127 2
054234 2
057032 2
057330 2
053423 2
056962 2
049042 1
053271 2
055311 2
054867 2
055200 2
053314 2
053597 2
057093 2
056742 2
056832 2
055877 0
055154 0
056227 0
055456 2
053159 2
053000 2
053152 2
054872 2
055245 2
056397 2
056381 0
055712 2
054076 2
055470 2
056841 2
053250 2
055550 0
055162 2
056724 2
057368 2
059462 0
050137 1
050124 2
051087 2
050963 2
049683 2
055445 2
055270 2
054278 2
056187 2
055174 2
055068 2
056100 2
055587 0
056461 0
054876 2
055262 2
054453 0
053512 2
048603 2
055982 2
048583 2
059315 2
059343 0
052177 2
052179 2
053408 0
055467 2
053687 2
053375 2
054728 2
056707 2
056316 0
049406 2
054908 2
055179 2
055385 2
052712 0
054904 2
054834 2
054989 2
057140 0
053485 2
050236 2
056738 2
054081 2
054218 2
054529 2
054090 2
051110 2
056186 2
054365 0
053071 2
235068 0
054740 2
056851 0
076879 0
054094 0
053974 2
053040 0
054875 2
054445 2
054887 2
055621 0
056061 2
054871 2
053007 2
054179 2
056843 0
055356 0
056070 2
056210 2
054758 2
054801 2
053753 2
056341 2
056507 0
048557 0
053245 2
048434 2
054049 2
053076 2
053039 0
052433 2
056745 2
055474 0
056794 2
055381 0
052701 2
052686 0
054987 2
056821 2
048750 2
048202 2
048531 2
055159 0
052515 2
052495 2
054210 2
054983 0
049912 2
048142 0
056114 2
056419 0
056414 2
055951 2
056835 0
052882 2
053521 2
052776 2
052722 2
057131 0
051819 2
053839 2
054283 2
054334 0
054857 2
055516 2
055500 0
051615 2
048484 2
055036 0
052561 2
052520 2
052111 2
050142 2
049065 2
059290 0
056504 0
054274 0
053705 2
056773 2
056716 2
055738 2
055258 2
055123 0
057311 0
055142 0
030859 2
030857 0
052405 2
054821 0
052684 2
055282 2
150360 2
055613 0
052613 2
057079 2
053841 2
052659 2
052657 0
056263 2
055292 0
056629 2
056627 2
052649 2
052648 0
053286 2
243710 2
057353 2
057336 0
201538 2
054088 0
055600 2
056019 2
226994 2
228639 2
054225 0
054787 0
055145 2
019248 2
052340 0
022495 2
022411 2
082759 2
082744 2
082646 2
080280 1
083069 2
082783 2
080365 2
080427 2
080399 2
082660 2
082598 2
082544 2
082500 2
082391 2
082386 2
082692 2
082690 2
080543 0
200626 2
200230 2
200630 2
200629 2
213258 2
213275 2
220721 2
220725 2
213616 2
220905 1
220966 2
080747 2
080722 2
202193 2
202208 2
202245 2
202386 2
082609 2
082591 2
080782 2
080773 2
080520 2
080514 2
082618 2
082594 2
080713 2
080712 2
080756 2
080720 2
082244 2
080356 2
080309 2
222456 0
110901 2
110933 2
082521 2
082547 2
082300 2
082286 2
088138 2
088112 2
088131 2
080398 2
182918 2
182919 2
182934 2
182922 2
181551 2
181537 2
113705 2
113721 2
122348 2
122350 2
010046 2
122351 2
081175 2
080965 2
081121 2
081013 2
080993 2
134309 2
134288 0
003562 2
135170 2
135179 2
135172 2
135374 0
071085 2
104257 2
071084 2
104258 2
004440 2
168464 2
169436 2
277523 2
277543 2
022232 0
049841 2
219939 0
007987 2
121394 2
121379 0
138812 0
047210 0
029888 2
029875 2
083910 2
083907 2
083572 2
146406 2
240947 2
019406 0
210232 0
052726 2
056861 0
048906 0
056097 2
053738 2
056530 1
144615 2
054951 0
263747 2
263741 2
149736 0
026099 0
056095 2
056995 0
052610 0
054535 2
052220 0
054665 2
056505 0
055031 0
050837 2
051127 2
051160 2
050164 2
049671 2
211196 0
048831 2
052427 0
285565 0
136448 0
138668 2
052738 0
054921 2
064375 0
059890 0
054773 0
054227 2
055539 0
053094 0
054732 0
054170 0
056863 0
053223 0
054442 2
050224 2
080772 2
055612 2
202631 2
055384 2
054808 2
080763 2
080736 2
054095 2
055185 2
080449 2
052146 2
057036 2
080498 2
080682 2
080724 2
056182 2
080368 2
080397 2
050150 2
048442 2
056430 2
080588 2
080791 2
080691 2
056278 2
080753 2
080701 2
080349 2
080714 2
080495 2
080357 2
080711 2
080379 2
080784 2
080708 2
080582 2
080613 2
236098 2
080602 2
080770 2
080768 2
080702 2
080700 2
080584 2
080570 2
080611 2
080597 2
080657 2
080341 2
080783 2
080474 2
080471 2
080785 2
080754 2
080718 2
080796 2
080685 2
080694 2
100425 2
080340 2
100426 2
080635 0
080360 2
080381 2
084847 2
048384 2
080729 2
053610 2
082370 2
082383 2
082504 2
080571 2
080447 2
080793 0
054577 2
053285 2
050588 2
199994 2
053003 2
052965 2
052953 2
051820 2
053141 2
053619 2
063658 2
063807 2
053243 2
051582 2
227073 0
055148 2
236038 2
061105 2
061014 2
054530 2
055190 0
057376 0
080469 2
080466 2
080591 2
052837 2
082711 2
055541 2
084108 2
084107 2
082708 2
053111 2
084127 2
080669 2
082803 2
082797 0
053050 2
052598 2
053650 2
048181 2
054587 2
055164 0
055871 2
055294 2
055089 2
054901 2
230776 0
144656 2
055236 0
080740 2
080265 2
080149 2
056498 2
056476 0
080693 2
080792 2
077667 2
054201 2
056342 2
051337 2
051376 2
051486 2
116411 2
116415 2
053665 2
053107 2
039786 0
054488 0
056384 2
054277 2
051102 2
054531 2
082673 2
082682 2
015803 0
052956 2
052833 2
051869 2
051842 0
054439 2
053241 2
054727 2
057334 2
065922 2
057328 2
050371 0
271306 2
271408 2
271307 0
056346 2
051032 2
093611 2
093742 2
055331 2
050466 2
054899 2
055710 2
051004 2
052678 0
055995 2
053163 2
053011 2
049908 0
053552 2
052748 2
055723 2
163241 2
138802 0
083569 2
083557 2
076094 2
052910 0
053046 2
050244 2
049698 2
050214 2
054077 2
055471 2
055713 2
050251 2
055592 2
030259 2
050778 2
050670 2
059371 2
055323 0
057049 2
050426 2
151125 0
050250 2
050249 2
057152 2
082329 2
082562 0
158525 0
056044 0
054544 0
053686 2
263346 0
289361 1
289050 0
055097 0
046923 2
059422 2
059407 2
222336 0
033175 1
082808 0
050331 0
054968 2
053054 2
052838 2
052815 0
212612 0
055309 0
086428 0
057317 2
052302 2
052301 2
052926 2
054803 2
056151 2
056515 0
062341 0
001558 0
054638 2
057002 2
053272 2
054429 2
053756 2
112682 0
053600 2
053691 2
052780 0
056516 0
235123 0
054117 2
056152 2
053878 0
090281 2
070975 2
104148 2
080346 2
052586 2
249697 0
163448 0
052591 2
056326 0
053477 2
053478 2
053479 2
054672 2
049117 2
054558 0
055992 2
267325 0
237808 0
053150 0
054540 2
058831 0
082455 0
036170 0
052939 2
054539 2
081427 0
054894 2
054166 2
054452 2
056968 2
285147 1
285181 2
285184 0
052862 2
051780 0
006394 0
056307 2
078186 0
054045 2
053704 2
054011 0
140752 0
164202 0
056358 2
228749 0
047551 0
048416 2
052744 2
052728 2
050013 0
052950 2
054066 2
055447 0
031705 0
065884 0
057077 2
053867 2
055490 2
052785 2
050118 2
277841 0
056131 2
053185 2
055091 0
061809 0
056485 2
065246 0
057338 2
052542 2
024533 0
056051 0
054601 2
081819 0
055967 0
231240 0
113400 0
095460 0
155603 0
055122 2
055301 0
056506 0
009106 0
021770 0
072054 1
072432 1
072735 1
072998 1
073258 1
073514 1
073776 1
074033 1
074293 1
105227 1
105605 1
105908 1
106171 1
106431 1
106687 1
106949 1
107206 1
107466 1
116895 0
013922 0
056091 0
055790 0
136811 0
054415 2
257418 0
216670 0
052779 2
044582 0
054714 2
052585 2
019548 0
053745 2
054971 2
054975 2
055442 2
052741 0
055401 2
054800 2
151167 0
054966 1
219755 0
055888 2
001538 0
054898 2
018314 0
052742 0
109508 0
015742 0
013517 2
011210 1
113508 0
257779 0
153432 0
013484 0
283598 0
054060 2
227093 1
227074 0
269301 0
271761 0
271308 2
090645 0
043747 0
055692 0
277391 0
224622 2
224630 0
024350 0
054003 0
059909 0
058142 0
087919 0
055521 2
052743 0
056289 0
144925 2
013811 0
052509 2
192220 2
227963 0
225135 0
006460 2
255353 0
005617 2
040130 0
054542 2
048792 2
156681 0
082574 2
056239 2
054753 2
268538 0
158515 0
083799 0
279848 0
267397 2
267406 2
267412 2
267414 2
035487 0
281678 0
056774 2
189889 0
238773 0
054798 0
007026 0
052747 0
059821 2
062606 0
013486 2
006506 0
013459 0
051403 0
077808 2
089683 2
144037 1
013133 0
145619 0
163299 0
211870 0
111402 0
153522 0
215403 0
030348 0
209748 0
144043 0
182986 0
075599 0
056287 2
056200 0
221667 0
006580 2
082791 0
287690 0
121752 0
230312 0
064274 0
111126 2
024000 0
287402 0
055419 2
067223 0
028796 0
054523 2
044434 0
272262 0
002255 0
081428 0
220699 0
025471 0
111645 2
111680 0
281746 0
120051 0
056469 0
238158 0
050113 0
052855 2
055876 0
208066 0
203661 0
143984 0
080735 2
080723 2
080284 0
080589 2
051364 0
056723 2
052846 2
052840 0
052555 2
056735 2
084194 2
084192 2
052768 2
052521 2
083518 1
083513 0
055908 0
052517 2
055412 0
052866 2
052865 2
052938 2
080764 2
080715 2
089022 2
050116 2
087324 2
052923 2
056852 1
052491 0
053158 2
052998 2
055706 2
052553 2
084584 2
054520 2
081021 2
080978 0
054954 0
052764 2
083517 0
051034 2
056218 2
053009 2
053030 2
053044 2
053020 2
056870 0
044050 0
080730 2
080171 2
080221 2
050213 2
049697 2
049696 0
054526 2
055875 0
056415 0
054707 2
052567 2
052544 2
056324 0
052364 2
090196 0
055784 0
080148 2
080268 2
080480 0
052896 2
052887 2
052440 0
098844 0
057139 0
053828 2
054224 0
055435 0
054387 2
078158 0
056523 0
166498 0
081060 0
052027 2
052429 2
056149 0
026709 0
056240 2
054321 2
056047 0
053810 0
080363 2
080420 0
083465 1
080207 1
057329 2
083466 0
044489 0
080565 0
052485 0
053070 0
056018 2
007807 0
056493 2
000868 0
056254 0
057252 2
057253 2
057254 2
055774 0
110075 0
053079 2
030568 0
055072 0
179595 0
054563 0
052901 0
144280 0
157744 0
118360 0
053213 0
138865 0
056448 0
056318 0
271310 0
054515 2
055720 0
251093 0
267396 0
052790 0
052997 0
056820 2
126359 0
050429 2
056422 2
052633 2
057302 2
197395 0
055884 0
056036 0
049057 2
054962 0
054928 0
050242 2
057145 0
056136 0
056770 2
250556 0
052700 2
052685 0
053294 0
054105 0
138675 0
046507 0
278366 0
029849 0
223313 2
223318 2
054785 0
057141 0
056780 0
136171 0
159804 2
054662 2
002325 0
047723 0
229741 0
054197 0
051008 0
093584 0
012348 0
080692 2
083191 2
083198 1
074727 2
083639 0
083208 0
055506 0
275725 0
057310 2
052580 2
052551 2
052550 2
190199 0
056134 0
048719 0
193555 0
038602 0
056248 2
056153 2
053986 2
055886 0
051120 0
055212 0
055453 0
055280 0
003995 0
193576 0
080671 0
118074 0
011216 0
053476 1
056460 0
056163 0
055523 0
052581 0
048488 2
048491 2
055007 0
036517 2
050241 2
254082 0
055157 2
059439 0
054967 0
083514 0
050483 0
159225 0
050414 1
050621 2
051509 0
049884 0
238921 0
054138 0
138431 0
044038 2
048129 0
038734 0
050865 0
050704 0
055691 0
098746 0
052681 0
169692 0
233360 0
026979 0
205675 0
054719 0
167046 0
060512 2
013543 0
235486 0
067473 0
054900 0
052171 0
082422 2
054196 0
275662 2
275663 0
055047 0
049485 0
097990 0
048940 2
051122 0
267815 0
054545 2
054763 0
056502 0
050845 0
165656 0
056028 0
032116 0
010844 0
109956 0
054115 2
056975 2
064580 0
239582 2
239581 0
080593 0
053670 2
055461 2
055434 0
081534 0
224415 0
057358 0
056311 0
059298 2
052313 0
254292 0
152356 0
056031 2
054528 0
055018 2
023244 0
224940 0
081756 0
053386 2
055074 0
013487 0
052900 0
046766 2
090695 0
065544 0
166093 0
161154 0
205934 0
028329 0
152432 0
199194 0
057132 0
049843 2
138272 0
048197 2
069423 0
054519 2
062931 0
055918 0
055655 0
053595 2
054536 0
054677 0
081811 0
097318 0
053593 2
227123 0
159259 0
038692 0
045036 0
055118 0
236490 0
110283 0
082188 0
053559 0
049383 0
050315 0
052843 0
083461 0
010891 2
013446 0
280512 0
048810 0
013359 0
056762 2
052839 0
050492 0
025828 0
092491 0
055269 0
138813 0
052037 0
053831 0
056192 0
055585 2
056269 2
031645 0
056011 0
099490 0
201600 0
055968 0
056528 1
056374 2
094457 0
044270 0
048446 0
055850 0
267231 2
200356 0
011220 0
062192 0
053194 0
196679 0
281181 0
055520 0
262328 2
262369 2
262387 0
257170 0
144007 2
010972 1
025523 1
257182 0
236543 0
022292 0
024411 0
013804 0
124272 0
081685 0
192018 0
048907 0
057136 0
053977 0
049816 2
013496 0
138861 0
066606 0
056284 2
056285 2
056286 2
054981 0
015702 0
010907 2
269278 0
144392 0
026690 0
118386 0
052788 0
064566 0
179651 0
054892 0
075040 0
137736 0
029105 0
055457 0
052794 2
052746 0
262748 0
055542 0
081037 2
081101 2
081092 2
077347 0
082520 0
232128 0
276982 0
123680 0
144398 0
053635 0
046624 0
225338 0
020198 0
163209 0
114952 0
164917 0
132324 0
271431 0
055827 0
097355 0
035784 0
143598 0
056483 0
144174 0
010653 0
054557 0
050254 2
012849 0
013522 0
055477 2
064460 0
055889 0
168287 0
054466 0
000608 0
053759 0
231487 0
052435 0
039982 0
053322 0
282269 0
056082 0
216416 0
027745 0
055733 0
064744 0
176519 0
273590 0
054310 0
052280 0
055288 2
160278 0
278962 0
138401 0
053438 2
010458 0
083629 0
055240 0
036641 0
003882 0
091775 0
053101 0
118494 0
273194 0
050592 0
095741 0
055524 0
126648 0
010921 0
055014 0
170268 0
231754 0
255655 0
056477 0
038344 0
289158 0
052706 0
003654 0
084205 0
050177 0
262827 0
281775 0
057333 0
022110 0
049189 0
273990 0
046336 0
266929 0
053879 0
055483 0
081096 0
045896 0
262121 0
108460 0
057318 0
052609 2
052524 0
223288 0
050323 2
052891 2
052884 0
050347 0
052638 0
055276 0
054393 0
002396 1
133270 1
275914 0
055020 0
053057 0
056850 0
161806 2
054820 0
084129 0
053458 0
039718 0
056522 0
055310 0
265712 0
054679 0
049230 0
230744 0
269199 0
057147 2
009577 0
011145 0
056459 0
052911 0
056610 0
080267 0
224849 0
053736 2
053278 2
052532 0
054916 0
169098 0
055101 0
219559 0
263387 2
230951 0
055947 0
276236 0
055501 2
054817 0
057150 2
083542 0
227736 0
053568 0
056520 0
267300 2
267228 2
267250 1
267251 0
267233 2
267232 1
267299 1
267277 1
267305 0
267246 0
272760 2
224865 0
052696 0
226858 0
057244 0
230759 0
100905 0
053591 2
054160 0
178390 0
275580 0
084456 0
056245 0
054140 2
052371 2
052352 0
055110 0
055404 0
085150 0
013515 0
055426 0
056338 2
003937 0
225747 0
110011 0
084586 0
259079 0
080253 2
054940 0
069285 0
053281 2
053723 0
056215 0
055398 0
054789 0
158425 0
054505 0
170592 0
083460 2
199326 0
164409 0
054273 2
016865 0
055273 0
075155 0
086262 0
052718 2
052947 0
054006 0
052496 2
151259 0
056390 0
055060 0
266165 0
053725 2
054275 2
081983 0
013438 0
062365 0
055263 0
054016 0
055990 0
056521 0
053036 2
051929 2
053391 0
052934 0
081934 0
050956 0
052012 2
052006 0
052711 0
219673 0
053026 2
080377 0
003838 2
190817 0
277898 0
026234 0
050373 0
114188 0
056867 0
051733 0
000791 0
003841 0
278437 0
056621 0
011997 0
239596 0
056532 0
056501 0
054375 0
055860 0
053520 2
229281 0
242518 0
160123 0
013477 1
010918 0
052636 2
056759 2
056760 2
013494 0
026714 0
265738 0
017380 0
052224 0
054002 0
156341 0
054402 0
053578 0
035764 0
026678 0
273638 0
052694 0
013441 0
221643 0
039895 0
230682 0
013836 0
097471 0
050947 0
071810 2
104983 2
056071 0
070349 0
021760 0
048448 0
059457 2
056472 0
176609 0
184549 0
055659 0
241995 0
112055 0
233994 0
154137 0
050326 2
067415 0
051418 2
051387 2
068821 0
218131 0
222753 0
054350 0
080484 0
076240 0
056327 0
257068 0
055643 0
224924 1
224925 2
224892 2
284266 0
053997 0
055873 0
056635 0
063971 0
160021 2
054480 0
130577 0
051006 0
140069 0
144081 0
069952 0
053677 0
092076 0
269201 0
052729 0
054902 2
056350 2
056351 2
010723 0
050372 0
077758 0
052766 2
226944 0
031462 0
054308 0
052857 0
115384 0
059879 0
048253 0
055235 0
052931 2
050931 0
013761 0
080809 0
123265 0
126294 0
270915 0
056199 0
055244 2
056206 2
056165 0
136215 0
081988 0
054513 2
224045 0
195629 0
024444 0
052730 2
064907 0
084591 0
087265 0
231368 0
053382 2
054996 0
227876 0
164289 0
055976 0
053560 0
054937 0
053574 0
055602 0
048441 0
151059 0
052871 2
006356 0
139302 0
137402 0
271619 0
057370 0
077654 0
180824 0
044997 0
169141 0
055469 0
193061 0
055909 0
052826 0
205340 0
047018 0
076414 0
269561 0
230525 0
118786 0
030108 0
055070 0
013371 0
137707 0
229343 0
053524 0
053066 0
056812 0
123516 2
056008 0
056026 0
056207 0
053690 2
054564 2
053815 0
049030 0
074933 0
163914 0
262052 0
052859 0
056250 0
055410 0
275735 0
048996 0
054754 0
203787 0
067252 0
007041 0
076137 0
220066 0
016305 0
077666 0
010940 0
226860 0
108127 0
144207 0
202612 0
034973 0
063563 0
057144 0
041994 0
116177 0
269496 0
221799 0
265740 0
052411 0
243186 0
215425 0
055499 0
052955 2
052918 0
051256 0
012645 0
143852 0
257298 0
053311 0
274087 0
202792 0
180204 0
015506 0
055672 0
187979 0
275185 0
188321 0
054591 0
258393 0
050613 0
224970 0
133775 0
270556 0
276233 0
054831 0
075643 0
169099 0
042575 0
031794 0
235020 0
165577 0
025803 0
277844 0
068000 0
144063 0
055187 0
168426 0
267405 0
084137 0
138941 0
045002 0
050936 0
050826 0
083550 0
050660 0
165440 0
087202 0
225181 0
013132 0
000295 0
109412 0
257196 0
208208 0
043846 0
095847 0
056386 0
127097 0
057297 0
092899 0
055519 0
219972 0
265461 0
054534 0
002766 0
276751 0
112661 0
007835 0
053893 0
270221 0
067247 0
010958 0
137038 0
051025 0
265654 0
266896 0
059829 0
049507 0
054856 0
001869 0
180731 0
230946 0
081802 0
271829 0
218611 0
046086 0
136788 0
150685 0
136165 0
163350 0
048544 0
082704 0
164425 0
049305 0
277235 0
212443 0
054998 0
066463 0
255371 0
275980 0
079674 0
034812 0
084130 0
286622 0
135716 0
001823 0
069147 0
080823 0
055086 0
085380 0
167604 0
132224 0
157177 0
095589 0
052803 0
103522 0
012473 0
203525 0
083987 0
029843 0
009881 0
265441 0
091372 0
270280 0
109086 0
269233 0
011225 0
054190 0
136255 0
260772 0
082557 0
056458 0
025804 0
173326 0
026675 0
229490 0
173461 0
097660 0
161085 0
158427 0
145481 0
241030 0
080156 0
052860 0
069158 0
052693 0
019615 0
175762 0
198549 0
183763 0
162525 0
096927 0
159953 0
056353 2
056354 0
123499 0
056352 2
267245 2
267253 0
224930 0
052872 2
052915 2
052870 0
267252 0
055696 0
270286 0
056518 0
273537 0
083625 0
053142 1
053023 0
055160 0
053034 2
053032 0
053017 0
054389 0
057146 2
056859 0
055617 0
055329 0
052574 0
054485 0
235840 0
013440 0
056856 0
085924 0
005863 0
052727 0
054270 0
055845 0
053171 0
274147 0
083483 0
052695 0
056509 0
054914 0
010661 0
055170 0
057021 2
000649 0
229743 0
006482 0
224512 0
049079 0
144006 0
223375 0
055219 0
055828 0
111418 0
057142 0
048476 0
055963 0
054543 0
121762 0
052892 0
225913 0
041594 0
050243 0
059411 2
054503 0
221959 1
200355 0
197399 0
053042 0
023660 0
170354 0
056053 0
054537 0
193617 0
056743 0
116849 0
053550 0
056842 1
