038793 1
046428 2
002426 1
079635 1
074739 0
126332 0
112106 1
113419 1
114502 1
114495 1
199083 1
113309 1
113324 1
113123 1
113477 1
113378 1
113369 1
113380 1
113374 1
113317 1
025494 2
038800 1
045236 2
046039 2
045229 2
044676 2
045228 2
045230 2
046162 2
044604 2
044608 2
113693 1
113688 1
113502 1
113496 1
113489 1
113485 1
113942 1
113936 1
113355 1
113439 1
113441 1
113975 1
113973 1
113708 1
113777 1
113765 1
007875 1
113388 1
025505 1
207265 0
113399 1
113702 1
113475 1
113455 1
113769 1
113768 1
113470 1
113480 1
113440 1
113438 1
113277 1
113782 1
113781 1
114260 1
114254 1
113527 1
113405 1
113401 1
113518 1
113510 1
113505 1
262577 1
191745 0
113311 1
113326 1
114938 1
259182 1
131217 0
041854 0
113434 1
113433 1
113407 1
113403 1
268861 0
113778 2
111584 1
080076 0
113571 1
113566 1
159415 0
264157 1
113723 1
113720 1
075430 0
196069 1
113511 1
113504 1
015136 1
043000 0
016545 1
115515 1
115518 0
127184 0
079668 0
025404 0
113673 1
038024 0
113360 1
173382 1
045135 0
075568 0
040866 0
123139 0
114215 1
114111 1
114410 1
115525 0
113430 1
113431 1
118898 0
159563 0
075392 0
078685 0
126263 2
126271 1
126257 1
126222 1
126253 2
158252 0
113390 1
113545 1
113460 1
076244 0
075854 0
022301 0
153363 2
158107 0
078903 0
043310 0
150025 0
170190 0
080136 0
006712 0
274317 0
034679 0
002152 0
075348 0
138617 0
113528 0
017781 0
116915 1
116260 1
114976 1
076196 0
074829 0
138560 0
222891 1
126659 0
081333 0
078804 0
177252 2
159754 0
199238 0
075643 0
003000 0
171672 0
191731 0
159534 0
130684 0
247578 0
074622 0
222377 0
198449 0
078361 0
011980 0
150078 0
161649 0
168449 0
074937 0
177387 0
022409 0
008787 0
078378 0
118899 0
033009 0
099361 0
139422 0
216554 0
208442 0
268873 0
078390 0
075515 0
175679 0
079037 0
160712 0
269436 0
074943 0
014832 0
075782 0
168031 0
195040 0
090867 0
079264 0
082736 0
275534 0
233055 0
078925 0
127162 0
158345 0
117484 0
069843 0
211888 0
075708 0
078793 0
040762 0
011611 0
043380 0
075023 0
285136 0
075607 0
079552 0
134108 0
148263 0
005583 0
113036 0
022400 0
038119 0
080066 0
036889 0
137204 0
124106 0
158257 0
075268 0
091137 0
064833 0
074933 0
113445 1
077404 0
043614 0
005416 0
038033 0
008716 0
078926 0
205675 0
277446 0
000265 0
012971 0
049225 0
242155 0
118904 0
212840 0
025152 0
075875 0
078444 0
168386 0
202230 0
185919 0
218699 0
012414 0
007085 0
247798 0
075065 0
022395 0
076312 0
123262 0
025501 0
211959 0
024475 0
079109 0
276938 0
082633 0
195036 0
192225 0
020844 0
008916 0
078678 0
081463 0
075015 0
126811 0
153393 0
070208 0
099705 0
074930 0
168347 0
177388 0
209223 0
160155 0
150055 0
198430 0
075279 0
021826 0
126294 0
158272 0
