064578 0
086457 0
050307 2
033382 2
047277 2
050457 2
087573 2
063986 0
087617 0
080529 2
085197 2
087912 2
273177 0
085195 2
066406 2
085188 2
076262 2
087883 2
088975 0
085127 0
085893 2
086195 2
086247 2
086281 2
064277 2
083085 2
085327 2
085454 0
083126 2
083141 2
081228 2
081202 2
075088 2
063150 2
075260 2
075542 2
085857 2
093167 0
064073 0
089741 2
089730 1
089725 1
096160 2
085072 2
096120 2
092177 2
092043 2
079292 2
092103 2
080176 2
084146 2
096414 2
032387 2
042342 2
032418 2
086269 0
041685 0
049475 2
024555 2
049397 2
024498 2
087470 1
262917 2
259301 2
087960 2
087808 2
087812 2
087961 2
126448 0
023753 2
023641 2
257215 2
144206 2
026021 2
111811 2
260392 0
026130 2
257221 2
144252 2
224352 2
224351 2
025985 2
011051 0
025910 2
259595 2
259586 2
126182 1
075350 2
075221 2
034694 2
020205 2
050469 2
023834 0
126196 0
111760 2
079851 2
074961 2
074944 2
025882 2
079856 2
074960 2
084880 2
050503 2
097289 2
050023 2
060816 2
088646 2
087556 2
024738 2
087528 2
109558 2
087861 2
087862 2
067594 2
087863 2
097366 2
050070 2
020981 2
050534 2
059012 2
050306 2
097433 2
144476 1
050451 2
024736 0
088668 2
050455 2
144507 2
067631 2
051578 0
067658 0
083324 2
092881 0
083398 0
038162 2
081520 0
038222 2
226250 2
117581 0
260224 0
025918 2
097738 0
024149 2
046023 1
051421 2
046005 0
024512 2
051283 2
044867 2
044865 0
024509 2
051284 2
039992 2
024209 0
044095 0
024777 2
024704 2
027973 0
036187 2
089846 2
024500 2
036089 0
036297 2
042556 0
019546 2
041907 1
182519 2
087206 0
041903 1
265780 1
260256 0
080838 2
087137 0
080824 2
069506 1
102679 1
090807 0
282110 0
273302 2
069829 2
103002 2
030281 2
081276 0
069800 2
102973 2
069532 2
102705 2
069422 2
102595 2
069765 2
102938 2
273538 2
273715 0
033668 0
020220 0
090855 0
048672 0
088695 0
185809 0
112495 2
021027 2
112499 2
070531 0
021024 2
020995 1
021151 2
016513 0
026282 0
111631 0
179719 0
064091 2
070831 0
001831 0
047817 1
001436 2
081856 0
047799 2
109347 0
109243 0
028895 0
271580 0
088162 0
111758 0
249766 0
020434 0
200139 0
180530 0
058765 2
261086 0
110407 0
191559 0
010673 0
024491 0
024705 0
271858 0
128029 0
168576 0
020447 0
087827 2
037485 0
087828 2
087852 0
092873 0
132772 0
273551 2
108447 0
273611 0
024768 0
263841 1
098288 2
087136 0
263890 2
098386 0
264107 2
129788 0
141045 1
090880 0
141431 0
161577 1
000379 0
193267 0
190880 0
081018 0
110785 0
066837 0
000370 0
057405 0
141667 0
052382 0
099542 0
041680 0
114099 0
274621 0
024794 0
180637 0
254847 0
159230 0
260236 0
043907 0
050824 2
050801 0
272415 0
236799 0
214159 0
085911 0
061077 2
