256187 2
256184 2
278461 0
256204 2
256429 1
256509 0
256283 0
256341 2
256353 2
256194 0
256398 2
256342 2
256765 0
256157 0
256402 0
263018 0
286739 0
227148 0
023741 0
265662 0
223918 0
087766 2
227822 0
083568 1
111869 1
111870 2
046055 2
080450 2
046342 2
162230 2
080266 2
229648 0
082624 2
078291 2
050537 1
080022 2
040906 1
043632 1
085082 1
045776 1
085068 2
041485 1
043624 1
065952 2
077613 2
085081 1
162298 0
059257 2
044154 1
040149 1
083230 2
029387 2
029074 2
100013 2
084150 2
033626 1
030050 0
034760 1
030856 1
057700 2
067255 1
067241 1
004595 1
155000 2
009038 2
269285 0
154998 2
129692 1
057889 2
151682 1
057882 2
007605 2
286668 1
036212 2
012582 2
051434 2
064442 1
091902 0
286704 2
064453 0
000329 1
046637 1
001143 0
057711 1
012352 2
075722 1
258017 2
244411 0
099581 0
265210 2
265322 2
265676 1
022532 2
259246 0
260000 0
079578 2
115278 2
033297 0
116006 2
009523 2
121982 2
008726 2
111570 1
170306 0
111582 0
009521 2
121980 2
260840 0
232880 2
124325 0
261227 2
232637 2
232639 2
189482 0
232604 0
281877 1
062104 1
028289 2
233217 2
288779 2
057024 0
288780 2
233238 2
233237 2
233255 2
257527 2
258330 2
002094 2
009522 2
121981 2
085269 1
079747 0
085253 2
233710 2
263337 0
003013 2
164644 2
134229 2
052593 0
141536 2
111352 1
219498 2
008431 2
116786 0
141305 2
141326 0
142105 2
008359 2
245106 2
063289 0
088011 1
158262 0
266988 2
266991 2
267186 2
267193 2
267195 2
267198 2
267185 0
193830 0
045100 0
236157 2
284669 2
238506 2
239077 2
244455 2
244462 2
236253 2
284681 2
284693 2
286657 2
286735 2
128163 0
009401 0
263570 2
026892 0
263571 2
268459 2
238505 2
239076 2
244454 2
244461 2
282665 2
233790 2
232586 2
095524 0
233808 1
233802 2
233806 2
241865 2
282685 2
233820 2
242056 2
242065 2
232620 2
232592 2
232591 2
233791 0
233803 2
233807 0
197921 2
279127 2
233809 0
197909 2
200762 2
279130 0
200721 2
197910 2
197922 2
200722 2
200763 2
233821 0
273090 0
144692 2
244460 2
244453 2
279290 0
286734 0
241866 2
242057 0
289576 0
262608 2
094243 1
233805 0
094472 2
094539 1
262613 1
262625 1
262667 0
257621 2
242066 0
196288 2
196289 2
087542 1
155203 2
264512 0
155029 0
087661 1
084929 2
084888 2
087559 1
146336 2
242470 0
087666 2
087725 2
087680 0
169931 1
169983 0
090743 0
267192 0
045183 0
188749 2
012441 2
110449 2
148193 0
110479 0
256627 0
018482 2
128764 2
005390 2
260212 0
009596 2
093883 2
153500 0
093898 2
095588 2
010042 0
109983 0
228791 2
228913 2
084391 2
043603 0
084394 0
288446 2
067489 1
140353 0
288557 2
066998 1
288447 2
067524 0
281685 0
287092 0
064174 2
243900 2
257021 0
243901 2
243883 2
064168 0
231928 2
280498 0
231975 0
083668 1
034692 2
135572 1
095472 0
155661 2
110996 0
131591 2
200549 0
131592 0
194782 2
010348 0
194784 0
194785 2
084237 2
067746 0
194805 0
078405 0
194814 2
034554 2
219696 2
284855 0
034546 2
223119 2
223135 2
088523 2
099323 0
088844 2
088725 2
100452 0
035810 0
259435 0
131642 2
243674 0
131648 2
131675 0
132017 0
092902 1
024397 2
007443 2
170311 0
092912 2
024385 2
024283 2
054993 1
287814 0
024280 2
022335 0
000912 2
230390 0
131639 0
063791 0
086454 2
193705 2
034377 0
086412 2
086411 0
193785 2
193792 0
193790 0
001159 2
010034 0
111470 2
029255 0
111481 2
100404 2
022258 2
070798 0
045373 0
065766 2
166819 2
027994 1
190201 2
042079 1
140767 0
000972 0
209943 2
046221 1
067243 0
046173 2
046040 2
094222 0
044935 2
000869 0
152473 2
273959 0
152502 0
065983 0
043771 0
084918 0
093668 0
152488 0
071138 0
216287 0
090596 1
030651 2
230869 1
062844 0
034179 1
090622 2
230868 0
129930 2
192519 2
243925 0
192001 0
067987 0
226071 0
064444 0
224519 2
204642 0
224572 0
224677 0
085198 0
109969 0
165053 0
279713 0
011743 2
022390 0
260012 2
094776 0
148344 0
224731 0
230855 0
236112 2
098621 1
075064 0
236135 0
154684 0
131742 0
000020 0
131054 0
021844 0
201420 0
287303 0
224736 0
126997 0
159720 0
202323 2
268789 2
286473 0
202272 2
202266 2
202305 0
269445 0
131667 2
168883 0
131669 0
233667 0
277932 0
064056 0
008057 0
162229 2
146709 0
162228 0
269364 0
154615 0
233317 2
169984 0
233307 2
244882 0
194086 0
079652 1
273664 0
260082 0
076835 1
023460 0
076423 2
064613 0
076887 1
061998 1
123030 0
066306 1
262717 2
187116 0
262687 2
131559 2
078280 1
121921 0
131560 2
131561 2
131563 2
131562 2
286368 2
121257 0
131555 0
130878 0
259959 2
289809 0
182198 0
131683 0
039559 1
192247 2
039431 0
039498 1
039522 0
148809 0
082415 0
235389 2
235407 0
235504 2
235539 2
168553 0
263008 1
112037 2
000829 0
262710 2
262712 2
263338 1
263377 1
262731 2
262732 2
001858 2
235219 0
262702 0
260507 0
285088 2
137951 0
279913 2
039473 0
279717 0
263828 0
100581 2
282759 0
233460 0
233390 0
284492 0
283164 1
000895 2
066039 0
283178 2
283473 0
058856 0
200313 0
038777 0
152491 0
227661 0
103972 0
054600 1
264317 0
050611 2
112328 0
050346 0
055623 0
244592 0
145988 0
152134 0
064614 0
192485 0
131605 0
228604 0
244739 2
286927 0
244568 0
269350 2
202304 0
269351 2
269373 0
269376 2
269297 0
269400 0
262679 0
024037 0
022317 2
284692 1
223118 0
022321 0
156019 2
211739 0
058531 0
044793 0
224583 0
022331 2
227632 2
017255 0
227652 0
227669 0
081415 0
286901 0
027217 1
032367 2
024102 1
267196 0
024101 1
024044 1
023709 1
032431 2
179244 0
050085 1
071412 0
050081 2
280852 0
061187 0
036412 0
045549 2
096568 0
045545 0
154578 2
275361 0
154549 0
050824 0
170277 0
114566 2
060265 2
033174 2
177821 0
114627 2
114652 0
122851 0
119574 0
064508 0
253636 2
022938 0
253718 2
000870 2
029064 0
000822 0
044904 0
220008 0
087719 0
285006 0
045575 1
044807 0
045573 0
045574 0
233499 0
064077 0
269733 2
133065 0
107840 2
017746 2
129277 2
148211 0
107901 2
219402 0
074607 0
232861 0
279270 2
088552 1
067752 0
279277 0
028010 0
088179 1
196008 0
087543 0
257526 2
256858 0
258329 2
260081 0
263376 2
267990 2
037473 0
280454 0
006169 2
094752 1
160382 0
094848 0
000477 2
000300 2
008443 0
002774 0
008626 2
014299 0
013994 0
124631 0
003997 2
235967 0
013191 0
111865 0
044661 0
027001 0
146479 0
264621 0
012042 0
061340 0
081267 0
022338 2
253496 2
066627 0
253562 2
257104 2
257188 1
256598 0
261191 0
252654 0
259993 2
224696 0
267487 0
201097 2
227826 0
064783 0
186292 0
284999 2
285014 2
285016 2
022342 0
080336 0
258728 0
137946 0
122553 0
179523 0
285015 0
257027 0
011547 0
176884 0
200740 2
058508 2
035351 2
023821 2
282800 0
035296 2
023719 0
035132 2
035419 0
033781 2
167545 0
091075 0
235193 0
020313 0
066984 0
260920 0
033401 0
059234 0
255681 2
285667 0
255622 0
255687 2
255666 2
255698 2
160150 0
255719 0
255716 0
131665 2
128289 2
178145 2
101751 0
177979 0
178140 0
126942 0
060825 0
100461 0
061005 2
094307 1
001451 0
094341 2
091574 0
101871 0
147844 0
270839 0
133095 2
150439 2
111867 1
063075 0
111785 0
155850 0
040977 2
071174 0
046497 0
273392 0
261131 0
066459 0
126731 2
131647 0
270786 0
267194 0
259332 2
260019 0
014126 0
227837 0
099588 0
108834 0
079715 0
129931 2
017398 0
263829 0
099248 0
101027 0
008591 0
130209 0
000971 0
228733 0
052620 0
259576 0
095881 0
272932 0
067614 2
234223 0
067611 2
067652 0
034433 0
126397 0
273144 0
138728 0
016914 0
070565 1
103738 1
035820 1
227160 0
066158 0
035811 0
212341 0
089703 0
048604 0
164536 2
021842 0
164534 2
164532 0
035856 0
180188 0
131679 0
064677 0
080832 0
069638 1
102811 1
056799 0
098871 0
005404 0
035779 0
122669 0
032506 0
257533 0
071125 1
104298 1
069732 0
071102 0
104275 0
071024 1
104197 1
071019 0
104192 0
071022 1
104195 1
227079 0
082417 0
067081 0
281861 0
076481 0
182755 0
090237 1
022372 0
264514 2
264541 2
016895 0
224042 0
035394 0
088909 0
267197 0
012244 0
075320 0
097289 0
024870 0
169883 0
024135 0
001025 0
109212 0
200620 2
039458 1
260830 2
169947 1
078580 0
260934 0
260960 0
040018 0
095673 0
008060 2
121460 2
157376 0
121454 0
170182 2
183337 2
053746 2
127637 0
183892 0
075924 0
186454 0
128548 0
175713 0
199091 0
235905 0
000813 2
193242 0
126175 2
137592 0
129623 0
010350 0
198402 2
170026 2
198462 2
156876 2
159719 2
256597 0
159703 0
159686 1
160011 0
174560 0
199797 2
148026 0
008034 2
121430 2
161190 0
007982 2
121386 2
121372 2
034432 2
143413 0
195839 2
161099 0
182210 0
224666 0
143373 2
193590 0
010775 2
090745 0
084921 2
272822 0
158414 0
133206 0
258806 0
222554 2
222533 2
285499 0
178147 0
195635 1
118865 0
018392 0
121450 2
093810 0
121451 2
121452 2
008058 0
121457 0
143487 0
186473 2
175410 0
183607 0
258784 0
083184 0
087760 0
147440 1
122708 0
131712 0
142378 0
138487 0
109985 0
078776 1
057573 0
113974 0
112291 0
174676 0
018094 0
007043 0
018897 0
066081 0
118136 0
067774 0
283798 0
154956 0
138596 2
138597 2
244561 0
138757 0
138863 2
065227 0
146426 0
139944 0
084884 0
277296 0
027982 0
154589 2
140830 2
133078 0
154582 0
154579 1
153373 2
159247 0
243678 0
124048 0
098353 0
048545 0
188106 0
141032 0
039544 2
117691 0
060220 2
141318 0
180409 0
161074 0
269298 2
066677 2
066694 1
267321 0
066758 2
066790 2
066857 2
066650 2
070910 1
104083 1
000833 0
161097 0
130416 0
110749 0
082164 0
002430 0
097738 0
094954 0
121453 0
031850 0
132112 0
183599 0
242960 0
131577 0
045406 0
255736 1
012026 0
255722 0
255675 1
261909 0
182649 0
107831 0
183878 0
066242 0
065104 0
132131 0
278819 0
195970 0
139369 0
140917 0
029722 0
235195 0
029034 0
221869 0
151197 0
051520 0
199225 0
170250 0
010902 0
061795 0
001303 0
033407 2
087761 0
167404 0
111861 2
075116 0
112003 0
111880 2
094694 0
119260 2
042712 0
119264 0
005062 0
282550 0
037485 0
056350 0
165091 0
052557 1
065686 0
009871 0
102082 0
133111 1
062785 0
011352 0
112504 1
287549 0
133551 0
242026 0
128383 0
265661 0
119461 0
029908 0
084671 0
223134 0
110746 1
210617 0
011471 2
188919 0
006861 0
170468 0
152245 0
114844 0
037048 0
160877 2
147177 0
160784 0
011367 0
287098 0
039579 0
181458 0
099649 0
191191 0
199855 0
128327 0
265629 0
067742 1
244306 2
257810 0
244318 2
067753 0
065806 0
157262 0
160373 0
130965 1
131029 2
228605 0
130991 0
130412 0
260482 0
122740 0
127092 0
085236 0
078941 0
211771 0
131475 0
068226 0
174519 0
066351 0
124599 2
179514 0
124634 0
124632 0
281696 0
198529 0
085015 0
119569 1
