230317 0
264419 0
270985 0
194182 0
197669 0
263494 2
273164 0
263492 0
281830 0
123456 0
263493 0
271698 2
175936 0
271768 2
271350 2
271351 2
271355 2
271378 2
271834 2
256655 0
271894 2
272000 2
271895 2
274307 2
270273 2
270358 1
274509 2
271988 2
271990 2
274316 2
256415 2
274514 2
271394 2
271999 2
274519 2
274506 2
284745 2
276990 2
277364 2
256411 2
289397 1
284746 2
271530 2
286783 2
284744 2
068401 0
289398 1
270264 2
271540 2
270361 1
282040 0
277278 2
277146 2
271388 2
271393 2
276146 2
276158 2
243771 2
270922 2
107802 0
270933 2
270982 2
271367 2
271520 2
271283 2
271531 2
271542 2
276209 2
255783 2
277292 2
269253 2
269257 2
277343 2
272223 2
272219 2
270423 2
272169 2
277290 2
272129 2
259937 2
272128 2
272001 2
272220 2
272224 2
288296 2
259941 1
288310 2
279587 2
288265 2
279586 2
279601 2
270298 2
244533 2
270435 2
268971 2
256419 0
270299 2
268931 2
282032 2
288487 2
276020 1
288485 2
252303 2
288476 2
288486 2
283650 1
236978 2
284823 1
236986 2
274253 0
276973 1
283638 1
281000 1
276967 1
283576 1
283577 1
231427 0
184875 2
270625 2
075085 0
230289 0
270472 2
283636 1
270142 2
270143 2
283635 1
269943 0
269944 2
269795 2
270999 0
269180 2
281670 1
236641 0
281662 0
107758 0
276138 2
271397 2
192599 0
231185 0
259710 0
264069 2
264098 2
004718 2
118970 2
186268 0
264099 2
004588 2
257612 2
260562 2
281708 1
271087 2
273711 0
257603 2
271141 2
271242 2
272403 0
200650 0
231912 2
231908 2
231913 2
162249 2
128524 0
231888 2
231886 2
162277 0
056148 2
256169 2
279962 1
256647 0
257604 0
275280 0
275686 0
178151 0
144136 0
265404 0
270572 2
270356 2
265028 0
260984 0
067444 1
274438 0
067356 1
068443 1
068420 1
276113 0
067424 0
017639 1
055964 0
087220 0
166675 2
166676 2
288700 2
257613 2
067338 0
166674 2
166832 2
288698 2
270533 0
230859 0
271392 0
256474 0
068071 0
281688 0
155942 2
082651 0
272819 0
182360 0
205891 0
151006 0
197155 0
199701 0
232390 0
057113 0
264921 0
256485 0
178613 0
271057 0
284241 0
289276 0
264257 0
286426 2
165343 2
265074 1
263327 0
165345 2
265062 0
286423 2
164033 0
279002 1
264930 0
286424 2
286427 2
247415 0
268961 0
179394 2
154957 0
175090 1
165280 1
236795 2
288522 2
022464 1
273448 0
288519 2
288513 2
053259 2
133325 0
054524 0
144172 0
274677 0
115721 0
192692 0
055785 0
162688 0
287750 0
109622 0
165277 0
231276 0
282041 0
267262 0
041895 2
159790 2
159848 2
173799 0
159864 2
041782 2
020292 1
017935 0
157136 2
276230 0
157139 2
122273 2
287346 0
012058 2
000401 1
069958 0
130641 2
130647 2
130652 2
130658 2
130732 2
011628 2
130908 2
124412 2
011650 1
053288 2
010320 2
010258 2
098057 2
098058 2
179362 2
179376 2
012192 1
017780 1
070228 2
103401 2
067693 0
070191 2
103364 2
070192 2
103365 2
179396 2
014885 2
011466 2
077133 2
070479 2
103652 2
070538 2
103711 2
069400 2
102573 2
070452 2
103625 2
070404 2
103577 2
011907 1
005022 2
119401 2
076767 1
001495 2
070643 2
103816 2
070628 2
103801 2
124435 2
070540 2
103713 2
130744 2
019438 2
116218 2
017213 2
053599 2
130868 2
017410 2
129499 2
000361 2
001038 2
150757 0
064532 0
017808 0
051153 2
044652 2
045042 2
001215 2
043878 2
044507 0
054555 2
011829 2
014613 2
044653 0
130433 2
068452 2
052782 2
056754 2
101997 1
075408 2
052957 2
044135 2
044010 2
069460 2
102633 2
000637 2
123795 0
056299 0
016117 1
053077 0
068433 1
077929 0
000100 1
016162 1
009142 0
130104 0
182807 0
088119 0
067049 1
124338 2
036530 1
067814 0
124286 2
064941 1
015421 1
065849 1
064837 1
005669 0
003720 1
004067 1
139097 0
006380 1
136173 0
135551 0
124461 0
176821 0
119043 0
050419 2
001172 2
119480 0
050321 2
001225 2
030891 0
131844 0
009526 0
001833 2
009036 0
026835 0
133488 0
000402 2
050144 0
014921 0
057287 2
003574 1
130945 2
130902 0
090215 2
003755 1
023708 1
116236 1
004895 1
119230 1
179129 2
175112 0
023811 0
116182 1
179119 2
178922 2
115621 0
054207 0
020574 2
117016 0
088089 2
260121 0
041785 0
003473 0
010279 1
051558 2
169183 0
052333 0
044541 0
067154 0
081943 0
014945 0
023660 0
050847 0
252746 2
119214 0
011409 0
035064 0
003572 1
046083 0
011906 0
081074 2
067932 2
009470 0
068340 1
065797 0
066050 1
067004 1
252678 0
066139 0
069011 2
065710 1
068610 0
006194 1
066712 0
003695 1
123029 0
006419 1
119351 0
089356 2
098643 0
099941 0
116550 2
049841 0
003435 2
003612 2
068603 0
003614 2
003823 1
100907 0
003667 1
003599 1
003615 0
004062 1
135486 0
140424 0
003887 1
003573 0
003681 0
003584 2
065139 0
177030 1
177321 1
177422 1
003576 0
180249 0
003630 0
128623 0
024602 0
116309 1
108535 0
163223 0
003756 1
048229 2
003672 0
048223 2
048230 2
048285 0
115782 1
005880 0
117757 1
117725 0
275071 0
068732 0
115761 1
066542 0
003625 2
256003 2
065082 0
134271 0
048308 0
245012 2
003432 0
256840 2
079463 0
154345 0
031324 2
074495 0
031255 2
085169 0
083072 0
004065 2
123900 2
003613 0
005990 2
030599 0
003570 0
137154 0
036310 1
131063 0
036324 0
036314 0
149396 0
028912 0
134439 0
067729 0
164859 0
190852 0
234807 0
004107 0
135662 0
280735 0
017673 0
003886 0
115411 0
123144 0
025657 2
048340 0
002822 0
138534 0
071622 0
094561 0
255208 0
135413 0
002344 2
007755 0
175035 2
057396 0
175018 2
017104 2
228943 0
017108 2
016155 1
164102 0
016149 1
153497 0
016676 2
149156 0
169685 0
164147 2
164103 0
164122 0
057053 0
206357 0
168246 0
259109 2
013246 0
259113 1
252524 2
053488 0
251147 1
258102 1
241712 1
241752 1
241723 1
241706 1
241849 1
241710 1
241724 1
241722 1
241725 1
241693 1
259110 1
259114 1
241601 1
241952 1
254308 0
241753 1
241789 1
236241 2
241928 0
239275 0
011520 0
076270 0
164141 0
235335 0
124200 0
180248 0
261892 2
261891 2
004460 1
118649 1
256422 0
078150 0
116011 2
243452 0
023466 0
050636 0
115664 1
115410 0
061722 0
034789 0
066102 0
137385 0
109308 0
039879 2
040407 2
040330 0
285296 0
074957 0
065688 0
222277 2
164129 0
221928 2
221541 2
220252 2
220999 2
221012 2
219904 2
219909 2
013945 0
266273 0
008338 0
044167 0
028506 0
163746 0
051126 0
182480 0
264363 2
127674 0
264318 2
030666 0
068864 0
137175 0
111941 0
030964 1
117922 0
030970 1
032802 2
158693 0
267213 0
112875 0
008742 0
072857 0
015108 0
019317 2
136771 0
019311 0
065970 0
237645 0
284538 0
225781 0
007915 2
050270 0
098568 0
036449 0
001497 0
050208 0
256272 0
162308 2
136876 0
162306 2
185804 0
136944 0
046481 0
257384 1
171487 0
258098 0
133489 0
123847 2
142179 0
077773 0
036418 0
066144 0
008279 0
010272 2
191902 0
114848 1
114852 1
174989 1
045710 0
174979 0
174988 1
119216 0
034987 0
135444 0
024647 0
275405 0
014920 0
026175 2
031871 0
046387 2
030988 0
046392 0
027024 0
137003 2
260972 0
260359 0
004899 0
051851 0
050380 0
289578 0
114952 0
120278 0
262723 0
002617 0
031402 2
003919 0
031377 2
068375 0
035375 0
079958 0
069794 2
102967 2
069838 2
103011 2
098675 0
069142 0
017214 2
003439 0
017212 0
087274 0
031220 0
163233 0
044802 0
085028 0
054427 0
010252 0
257881 0
053483 0
030945 0
111376 0
052752 0
162176 2
133315 0
162510 0
137537 0
074466 0
230831 0
044440 0
234829 0
107852 0
230303 0
134730 0
141423 0
237036 0
162772 0
066096 0
186246 0
163189 0
100948 0
159852 0
275861 0
033834 0
285546 0
030958 0
253712 0
130161 0
142846 0
004108 1
