145072 2
168530 1
192073 2
099728 1
147702 2
177674 2
177735 2
177759 2
177758 0
168527 2
145863 2
188321 0
100768 2
152884 2
152890 1
100742 2
152896 1
208884 2
149718 1
165771 2
192069 2
258702 2
152075 2
163379 2
153984 2
150563 2
153966 1
213033 2
259343 2
037176 2
150011 2
272064 0
150019 2
150029 2
150031 2
150037 2
150026 2
151207 2
037318 2
237588 2
152504 2
037251 2
265185 2
034925 2
193164 2
035139 2
259221 2
285262 2
285270 2
285273 2
285278 2
256706 0
034924 2
035590 1
163186 2
150921 2
268368 2
258910 0
163155 2
268383 2
153100 0
163131 0
226019 2
159282 2
261223 2
277942 2
267191 1
277939 1
233010 2
152505 1
139511 2
149728 2
191736 2
287875 2
156547 0
191737 2
233026 2
267475 0
152030 2
235287 2
235250 2
235248 2
235256 2
150027 0
151035 0
131565 2
238047 0
279957 2
243609 0
285261 2
147414 1
285269 2
285272 2
285277 2
041935 2
138374 0
270198 2
227552 0
002465 1
019912 2
190408 1
132780 0
241271 0
263670 1
003080 0
263662 1
137999 1
085633 0
263694 1
267298 0
141772 0
155907 1
225002 0
177734 0
224125 0
266837 2
266380 0
266856 2
