187227 1
193625 1
169673 1
193621 0
193636 1
193637 1
193638 1
193746 2
169687 2
173852 1
171128 2
169674 2
078716 0
144269 2
183372 2
176990 2
176986 2
256381 2
176984 2
176981 2
123391 2
176971 2
176972 2
176980 2
130899 2
130846 2
176686 2
176636 2
130885 2
176649 2
184311 2
184304 2
176780 2
021587 2
080444 1
173419 0
011048 2
081232 2
192796 2
107719 2
249427 1
191253 2
177013 2
177070 2
279180 2
178513 1
152720 2
160046 2
066802 2
175367 1
152824 1
011899 2
289368 2
007938 2
121351 2
177912 1
201558 0
066524 2
160074 2
152833 1
152851 1
030649 0
220212 1
067093 2
121978 0
067099 0
130847 2
130886 2
130900 2
089470 2
007401 0
218213 2
160565 0
218222 1
199294 1
199330 2
222522 0
199391 2
267911 0
039138 1
152990 0
155338 2
177196 2
127090 0
177449 2
175614 0
242648 0
210842 2
071706 1
104879 1
191910 0
210827 2
210816 2
173343 2
152261 0
255080 1
255056 2
082974 2
148562 0
255021 0
254963 0
179268 1
006838 0
025268 0
153638 0
152225 0
221504 0
114210 0
011314 1
182578 0
060448 0
187344 0
230067 0
019973 2
178101 0
169978 0
000882 2
199430 0
087216 0
228395 0
099605 2
215246 0
243930 0
167607 0
124768 0
118773 0
052192 0
179479 2
068481 0
179472 2
201860 1
011384 2
075042 0
123967 2
000010 0
209843 0
030620 0
107878 0
224488 0
015637 0
256025 0
151379 2
151291 2
151304 2
232780 0
016859 0
016824 0
102115 1
102079 1
088183 0
102113 1
