151975 1
151970 1
039553 0
261429 0
197045 0
207589 0
145961 0
227899 1
171867 0
227906 1
195548 1
131710 1
019024 1
123258 0
264966 1
224581 1
004286 1
280349 1
118117 1
117779 1
001618 1
131991 1
265548 2
289135 1
265549 2
019044 1
017925 0
117670 1
264978 1
000921 1
000862 1
157978 2
228038 1
152259 1
268346 1
157982 2
019052 1
101432 1
154560 1
061100 0
156544 2
176264 1
153071 1
153072 1
040248 0
153304 1
134184 1
019060 1
134292 1
134010 1
134263 1
142411 1
019049 1
018304 1
128899 1
108531 1
019042 1
289357 1
010435 1
011481 1
122749 1
003963 1
108597 0
128998 1
289264 1
153089 1
176005 1
155452 1
159029 1
175921 1
194911 1
159020 1
159023 1
159008 1
161302 1
125215 1
192125 1
153515 1
081268 1
134983 1
159026 1
134964 1
153092 1
136337 0
158874 1
191972 1
153577 1
125163 1
194990 1
081210 0
192126 1
153513 1
153529 1
195033 1
125217 1
161268 1
163710 1
132649 1
163705 1
134871 0
163719 1
163706 1
117614 1
161271 1
117429 1
182699 1
117616 1
161283 1
182729 1
182728 1
089061 0
182764 1
161164 1
013603 1
002787 1
182492 0
196390 1
133846 1
133844 1
200641 1
200642 1
267006 1
196226 1
133845 1
200643 1
002786 1
159042 1
159114 1
139313 1
123161 1
008802 1
267083 1
006944 1
120565 1
169151 1
123357 1
196218 1
158876 1
159010 1
177036 1
181986 0
159022 0
008909 1
167069 1
123356 1
223776 1
197330 1
169172 1
069751 1
102924 1
012665 1
170304 1
179911 1
179912 1
179722 1
196549 1
009517 1
197340 1
177032 0
170274 1
013266 1
209950 1
195901 1
195907 1
009885 1
007459 1
153466 1
278898 1
176382 1
153504 1
179876 0
176415 1
209387 1
160294 1
160320 1
143096 1
143097 1
081810 0
142967 1
143114 1
156429 1
124862 1
069827 1
103000 1
001480 1
127607 1
278634 1
019724 1
154697 1
269578 2
202902 1
126281 1
269692 1
003477 1
269705 1
160319 0
126292 1
124860 1
154544 1
019708 1
136186 1
136117 1
018506 1
054705 2
000034 0
136118 1
054618 1
011914 1
258385 1
242134 1
009185 0
258341 1
242110 1
150616 1
196503 1
124970 1
221922 1
278635 1
130622 1
152908 1
124845 1
150646 1
124789 1
053688 1
238727 1
238942 1
018784 1
124971 1
163938 1
124968 1
006069 1
124686 1
238718 1
148134 0
163957 1
185796 1
146633 1
186153 1
163921 1
221910 0
185844 0
264450 0
202158 2
161392 0
000416 0
137998 1
011861 1
141961 1
223477 1
136039 1
136041 1
137972 1
002292 1
238726 1
002304 1
195948 1
195939 1
236702 1
219454 1
001613 1
239496 1
263622 1
188445 1
256091 1
127471 1
280430 1
137971 1
137940 1
013183 1
012992 1
242111 1
242135 1
289654 1
100958 1
127382 1
153396 1
263623 1
176638 1
110105 1
127472 1
196481 1
197748 1
196485 1
176787 1
193361 1
191007 1
289627 1
263604 1
008246 1
160458 0
242084 1
242092 1
263513 1
289617 1
242067 1
242133 1
197869 1
197871 1
176819 1
176820 1
145908 1
239536 0
176831 1
153394 1
256823 1
176758 1
176769 1
176770 1
238824 1
177083 1
088936 1
190998 1
011905 1
176822 1
014196 1
169002 1
185800 0
014200 1
146881 0
088987 1
256831 1
168804 1
043957 1
032430 1
032422 1
147385 1
147384 1
176934 1
155981 1
204300 1
077040 1
128133 1
128111 1
156034 1
012616 1
044058 1
231767 1
155696 1
195726 1
195728 1
195737 1
195739 1
195803 1
195806 1
195815 1
195817 1
195830 1
195870 1
195933 1
066541 1
201105 0
204289 1
014462 0
203475 1
195872 1
258700 1
258706 1
259550 1
195744 2
001449 1
258684 1
031676 1
135220 1
180125 1
180126 1
017805 1
153581 1
223420 1
125005 1
126917 1
195829 1
014825 1
180128 1
181444 0
124987 1
153582 1
196425 1
196411 1
000635 1
126899 1
112251 1
195814 1
087424 1
127130 1
112384 1
112250 1
169131 2
169132 2
269357 1
112388 1
069102 1
102275 1
236703 1
170724 1
170725 1
112391 1
171670 1
255914 1
255941 1
011192 1
131478 1
264823 1
255850 1
124492 1
196370 1
190565 1
128693 1
130560 1
131491 1
126986 1
013938 1
144789 1
169049 1
240286 1
237242 1
271872 1
018629 1
128686 1
100509 1
128616 1
190903 2
288774 0
131538 1
170685 1
170686 1
170684 1
190527 1
255824 1
100420 1
240290 1
195727 1
240291 1
240300 1
195816 1
195805 1
171922 1
195802 1
236330 1
271971 1
195932 1
195725 1
240318 1
128615 1
128475 1
129616 1
240317 1
190683 1
129654 1
017296 1
129598 1
195869 1
129653 1
199458 1
124510 1
091687 1
199482 1
236319 1
075940 1
195736 1
195738 1
011219 1
269316 1
144752 1
199483 1
285882 1
211219 1
199502 1
269683 1
122874 1
113973 0
199558 1
144806 1
076100 1
191303 1
076014 1
269467 1
124511 1
219606 0
011986 1
122877 1
132641 1
163213 1
070644 1
103817 1
175589 0
163141 1
191227 1
232048 1
079720 1
111425 1
284620 0
079728 1
068042 1
159039 1
158944 1
158921 1
164704 1
109086 1
269317 1
163637 1
068097 1
068068 1
068098 1
070745 1
103918 1
018321 1
207674 1
076113 1
208462 0
163514 1
163495 1
070670 1
103843 1
020739 1
168333 0
020732 1
023634 0
003794 0
238940 1
063835 1
117316 0
238941 1
063425 1
191599 1
002369 1
224459 1
131203 1
069816 1
102989 1
286551 1
212211 1
253833 0
006335 1
010035 1
122735 1
011766 1
122835 0
193896 1
193884 1
193883 1
193879 1
000537 0
001271 0
035076 1
014868 0
035051 1
190942 1
069602 1
102775 1
157425 1
157426 1
153027 1
002859 1
238728 1
276908 1
170341 1
170342 1
268425 0
277007 1
238943 0
191062 1
170340 1
117928 1
153181 1
004201 1
153180 1
153244 1
169488 1
270927 1
116991 1
036367 1
153455 1
036409 1
288077 1
016629 1
126482 1
170172 1
170173 1
139361 1
169492 1
169493 1
169494 1
116797 1
132521 1
126442 1
226269 0
169485 1
153241 1
153158 1
153169 1
153488 1
153157 1
153028 1
170171 1
036381 0
153168 1
007380 1
139344 2
170410 1
132534 1
132502 1
155969 1
170418 1
170419 1
156575 1
018779 0
156574 2
169864 0
169333 1
169334 1
018174 1
128981 1
098957 1
131386 0
169265 1
014666 1
275358 1
169285 1
008658 0
169343 1
169344 1
275351 1
238089 1
158122 1
158283 1
238108 1
156551 1
289368 1
126447 1
238093 1
161933 1
255433 0
238103 1
025466 1
127726 0
025423 1
018509 1
181014 1
090968 1
160827 1
085843 1
160868 1
018585 0
064817 1
141987 1
164167 1
127028 1
118960 1
003141 1
001466 1
064820 1
118945 1
235163 1
126900 1
183965 0
066443 2
126894 1
126888 1
239548 2
242258 1
202975 1
204168 1
107984 0
202976 1
203116 1
202649 2
140608 1
140607 1
287670 1
286794 1
007767 0
286815 1
286836 1
287677 1
287892 1
253349 0
195886 1
018531 0
110066 0
090619 1
061379 1
239089 1
164470 1
131711 1
255808 1
010370 1
272715 0
011252 1
255790 1
255767 1
061381 1
255879 1
222793 0
242903 1
234620 1
236265 1
242930 1
236278 1
152962 0
179696 1
239801 1
242905 1
239926 1
242901 1
240106 1
240178 1
240193 1
018022 0
098099 1
017791 0
098149 1
184615 1
255747 0
100193 1
219852 1
188320 1
000482 0
157029 0
210559 1
081738 1
210967 1
158207 1
149049 0
158200 1
076275 1
069367 1
102540 1
239059 1
063850 1
177040 1
229437 1
025862 0
238609 1
081684 1
229431 1
156917 1
156941 1
113429 0
081551 1
110823 1
167486 1
002499 0
167490 1
167491 1
127126 1
058341 1
281777 1
158511 0
126962 1
167842 1
167914 1
167915 1
124180 1
169329 1
169330 1
056339 0
012018 1
163145 1
178651 1
141966 1
042610 0
178625 1
178591 1
141969 0
178586 1
169123 1
169073 1
169074 1
262747 1
147468 0
152134 0
231904 0
016557 1
001598 0
266094 1
266110 1
043921 1
171375 1
202344 1
110022 1
143645 2
160899 1
089471 1
199411 1
201082 1
200973 1
199391 0
171374 1
171373 1
110083 1
163902 1
143646 1
199442 1
010857 1
164944 2
011855 1
219455 1
164802 1
143731 1
085205 1
154598 0
164761 1
164126 1
156204 1
199499 1
156276 1
187493 1
187504 1
021475 1
017582 1
027550 0
156283 1
193997 1
193983 1
165256 1
193732 1
165254 1
193832 1
152487 0
182265 0
202826 1
026907 1
015745 1
076770 1
076392 1
076228 1
160020 1
229918 1
229950 1
076393 1
035479 1
027092 1
065220 1
163003 1
136428 1
166907 0
076345 1
065211 1
136438 1
185880 1
035723 1
078326 1
033275 1
069402 1
102575 1
138540 1
164823 1
152011 1
185855 1
035725 1
159981 1
006475 0
077049 1
160014 1
035690 1
035726 1
035482 0
071412 0
078254 1
070522 0
271972 1
033352 1
153399 1
225924 1
065277 1
124604 1
278972 1
175588 1
221221 1
033344 1
144513 0
153406 1
225923 1
221240 1
068343 1
065728 0
068310 1
060302 2
272306 1
176414 0
271860 1
272283 1
001498 1
271867 1
278967 1
148906 1
116653 0
273579 0
169300 0
190842 1
053290 0
185915 0
085164 0
167578 0
258967 0
246794 1
019587 0
247365 1
248167 1
087885 1
269597 1
074828 1
121774 0
074574 1
087905 1
269600 1
231662 1
087906 1
231658 2
154896 0
231660 1
088628 1
044550 0
088778 1
018578 1
166977 0
198469 1
063956 0
194080 1
008544 0
193359 0
239024 0
192479 1
219886 1
108573 1
170473 1
170474 1
115840 0
170463 1
108700 1
108786 1
108844 1
108753 1
108620 1
108872 1
108619 1
108813 1
219892 1
219907 1
108794 1
091267 0
008511 1
082468 1
007207 0
142068 1
157503 1
182896 1
157504 1
157505 1
174990 1
265499 0
157495 1
157496 1
157341 1
157433 1
142097 1
253078 1
253246 1
253245 1
254408 1
255046 1
174954 1
077034 0
168656 1
168657 1
168597 1
168598 1
211276 1
151186 1
154114 0
151152 1
211278 1
185612 1
151166 1
211329 0
151172 1
012256 0
152111 1
151864 1
181452 1
152106 1
234051 0
018774 1
018219 0
032661 0
126890 1
129750 0
012377 0
231278 1
134155 0
284442 1
258874 0
286638 0
195909 0
220479 1
220481 1
191220 1
131581 0
230775 1
191146 1
182347 0
205553 1
269462 1
269472 1
001753 0
269423 1
269554 1
269534 1
269461 1
269471 1
111642 1
014143 1
270125 1
081685 0
111647 1
270122 1
110941 1
111635 1
110757 1
060497 0
110734 1
110951 1
110752 1
111401 1
111471 1
111631 1
111860 0
110739 1
111473 1
111634 1
110848 1
111029 1
111476 1
111024 1
111398 0
111393 1
111478 0
111299 1
110822 1
111047 1
110783 1
110984 0
111323 1
112253 1
112927 0
039349 0
041084 0
034699 0
122460 1
169052 0
016530 1
015206 1
125541 1
122485 1
122461 0
148350 1
071688 1
104861 1
217696 1
190901 1
075911 2
186048 1
013185 0
075863 1
075872 1
190896 1
152864 1
152863 1
191765 1
191976 1
003986 0
191975 1
191825 0
185887 1
031047 0
040661 1
234430 1
143944 1
068688 1
242979 1
267853 0
068669 0
234791 1
143888 1
086478 1
012260 0
016644 1
251813 1
192571 0
251872 1
115243 0
175704 0
190965 1
226534 0
034379 0
229762 1
034336 0
229852 1
158528 0
005600 0
240452 1
018323 0
125041 1
225084 1
152974 1
206445 0
225078 1
125141 1
066956 1
081359 1
280589 1
148190 1
082305 0
148191 1
081336 1
148196 1
148197 1
148198 1
081146 1
262430 0
060805 0
150546 1
122837 1
016704 0
150562 1
150547 1
030505 1
015818 0
144167 0
281167 1
170398 1
170399 1
162687 1
125192 1
137634 0
170375 1
125195 1
125196 1
012612 1
139905 0
012613 1
123010 1
157605 0
098034 1
158665 0
098004 1
099124 0
052900 0
008153 0
271934 1
076662 0
271963 1
226390 0
124706 1
239744 1
239746 1
114563 1
089148 1
270325 1
124690 1
230778 1
270334 1
126407 1
220910 1
126797 1
242942 0
270315 1
126777 1
089167 1
124660 1
114588 1
089168 1
050193 1
013747 1
181170 0
089674 1
114589 1
089955 1
114593 1
089472 1
024030 0
051113 0
191399 0
193209 1
275973 0
193212 1
193210 1
119734 1
281950 0
005288 1
241065 0
060505 0
193843 1
080057 0
266075 0
069700 1
102873 1
013410 1
056270 0
035693 1
125112 0
243655 1
013741 0
001237 1
067650 0
132030 1
029324 0
132483 1
132496 1
262474 0
035722 1
152987 0
035703 1
156760 1
038576 0
155324 0
019392 0
163019 0
010837 1
191665 1
180468 0
143649 1
215009 0
009693 0
108032 0
169883 1
233371 0
002563 0
185659 0
126350 0
180055 0
007684 0
203175 0
242286 0
145483 1
170239 0
145486 1
145480 1
012184 0
131417 1
142305 0
235384 0
133833 1
133837 1
258726 0
133787 2
133799 1
187912 0
259981 0
037739 0
133523 0
099966 0
166772 1
166773 1
119018 0
166595 1
159025 0
046422 0
038219 0
037806 0
008740 1
071492 1
104665 1
111289 1
002444 1
135104 0
082123 1
268246 0
192166 0
087208 0
154494 1
000935 0
146218 1
111417 0
177858 0
241767 1
007718 1
121152 1
093371 0
111043 0
191572 1
147375 0
191570 1
191565 1
109293 0
039842 0
243982 0
019766 1
016900 0
000031 1
131445 1
133843 1
027082 0
133842 1
002795 1
050051 0
016618 1
090612 1
090620 1
090631 1
124007 1
185666 0
148070 1
016586 1
064337 0
018134 0
059072 0
019363 0
062910 0
256813 1
231373 0
238107 0
169376 0
018929 1
127076 0
152588 1
152597 1
138897 1
226121 0
138858 1
138847 1
137213 1
138788 1
098563 0
002566 1
006568 1
004990 0
109577 0
192134 1
233728 1
163689 1
233767 1
233768 1
173188 0
163701 1
007779 0
191836 1
060320 0
183722 0
155837 0
194955 1
064632 0
075844 1
096690 0
115524 0
014230 0
008502 1
159765 1
242279 0
177871 1
163805 1
265448 0
264960 1
089060 1
232212 1
252518 0
232246 1
151527 1
191496 1
200504 0
191540 1
191515 1
151504 1
115606 0
167879 0
117945 0
254023 0
165832 0
225192 0
190294 0
001377 0
155593 1
107879 1
281105 1
174136 1
124957 0
281109 1
174129 1
155548 1
155322 1
155230 1
155219 1
155224 1
017558 0
155216 1
092814 0
233979 0
111239 0
210422 1
217910 0
155853 1
005887 0
020975 1
158286 0
020948 1
020946 1
075913 0
128216 0
193824 0
081318 1
204312 0
163790 1
190603 1
157943 0
163791 1
131858 1
252605 0
131869 1
131866 1
151252 0
017727 0
256300 1
133850 1
172094 1
243761 1
157597 1
048321 1
161857 1
007414 0
157595 1
243741 1
161859 1
048293 1
171991 1
149770 0
228777 0
050824 1
050801 1
171862 1
275954 0
101370 0
133517 1
259549 0
002611 1
259624 0
024340 0
191104 1
019892 0
020719 0
273700 0
279937 0
069468 0
115729 0
116515 2
002699 0
116960 1
193562 1
193558 1
125013 1
156155 1
003266 1
011435 0
193566 1
156170 1
156171 1
124965 1
193599 1
130961 1
024495 0
130929 1
262601 0
199615 1
274578 0
199631 1
262751 0
039019 0
012873 0
271994 0
108248 0
124002 0
064343 0
132755 0
016870 0
005497 0
040622 1
008280 1
141905 0
141646 1
281698 0
091158 0
029399 0
111149 0
154231 1
144907 0
154178 1
193914 0
155495 0
230598 1
045248 0
150005 1
140409 0
160472 1
116919 0
160386 0
010821 0
186680 0
035780 0
074592 0
247289 0
036827 0
232632 0
181993 0
159028 0
257969 0
124551 0
283711 0
025526 0
157060 1
178234 0
239753 0
157062 1
236420 0
133731 0
258596 1
258598 1
195971 0
258593 1
258997 1
259019 1
258640 1
258678 1
258996 1
249127 0
259018 1
160977 1
155555 0
011047 1
119209 0
161033 0
018661 0
108839 0
023625 0
288813 0
279479 0
265829 0
255615 0
011929 0
033747 1
191464 0
182407 0
093318 0
239876 1
188785 0
129003 0
197348 0
159413 0
015815 0
017268 0
114323 0
079015 0
071701 0
202760 0
032949 0
243887 0
071541 0
012707 1
076819 0
197066 1
197067 1
168875 0
197303 1
060401 0
231642 0
182667 0
159031 0
077242 0
010179 1
122487 1
153547 1
134293 1
179471 0
134273 1
178270 1
135245 0
256241 0
029147 0
238719 0
236212 1
056372 0
236195 1
006740 0
154405 0
000618 1
148024 0
141752 0
191096 0
039225 1
071414 0
039230 1
040826 1
040850 1
006027 0
063851 1
010918 0
185320 1
185243 1
079078 0
258502 0
063855 1
011692 0
021376 0
048264 1
235813 0
199882 0
111805 1
287999 1
195956 0
288019 1
230507 0
195885 0
067764 0
285696 1
013947 0
286005 1
001298 0
038967 0
192960 0
191172 0
199259 0
108469 0
281292 0
143977 0
096776 0
238953 0
032108 0
157948 0
002068 0
185848 0
171180 1
148499 0
171187 1
241505 0
000985 0
004882 0
234362 0
025781 0
017741 0
069137 0
038315 0
169924 0
141245 0
125901 0
101008 0
138924 0
019590 1
143952 0
122464 1
148263 0
196801 0
140886 0
076286 0
179915 0
240768 1
178024 0
016560 0
227568 0
151919 1
148866 0
128640 1
278181 0
128641 1
031531 0
023751 0
129785 1
007556 0
150395 0
150379 0
109522 0
184616 1
