286272 1
286617 2
286273 1
286285 1
286284 1
097341 2
097347 2
007096 2
259908 2
191743 1
123257 2
259912 2
191730 1
062515 2
283455 0
123149 2
191800 2
191846 2
014728 2
099178 2
126368 2
099213 2
285938 2
178283 1
288012 2
099347 2
261876 1
126369 2
288786 0
125938 2
014790 2
125937 2
260139 1
260123 1
274466 2
288789 2
177436 2
269835 1
286158 0
237814 1
186961 2
186956 2
112891 1
173708 1
263037 0
027498 1
271118 1
026004 1
026003 1
176435 0
283890 0
079832 1
028171 2
028172 2
019356 1
019347 2
257511 0
029151 1
278756 0
195750 0
026832 1
023590 0
026825 0
082889 1
071465 2
104638 2
189150 1
284479 0
009658 2
099552 0
086800 0
000632 1
057969 1
158634 0
057972 1
196526 0
053149 1
053147 1
053532 1
234784 1
068580 2
088496 1
066812 1
186942 1
009401 1
089697 0
234729 1
050400 1
050290 1
029086 1
050557 1
050487 1
029429 1
082067 1
004200 1
279841 0
028881 1
050515 1
050567 1
046800 1
025623 1
054314 1
053689 1
085069 1
053972 1
046890 1
055051 1
029466 1
029463 1
053469 1
025164 1
053928 1
035205 1
053300 1
015427 0
039289 1
039287 1
054477 1
054363 1
053210 1
053211 1
054303 1
048687 1
053180 1
046386 1
054399 0
046391 1
050595 1
050674 1
053205 1
050571 1
054888 0
050586 1
054955 0
050579 1
267034 1
267063 1
053100 1
088968 1
059432 0
088863 1
053123 0
210687 0
053267 1
052810 1
053907 1
054038 1
054169 1
053292 1
052142 1
058832 0
054255 1
053316 0
024451 1
129362 0
024431 1
024468 1
047185 1
053213 1
165415 0
047400 1
053208 1
054229 0
144131 1
077388 1
082922 1
077400 1
008592 1
108174 0
144144 1
057618 1
131268 0
056786 1
010479 2
036502 0
057171 0
066403 0
054262 1
030119 0
100975 1
110285 0
052862 1
284274 0
052846 0
051830 1
015131 0
120866 0
008997 0
054744 0
025534 0
178501 0
000221 0
278225 0
075651 0
080322 0
005146 0
233375 0
286124 1
286138 1
256646 0
178930 1
230911 2
036054 0
279893 0
045138 1
053075 0
044668 0
259980 0
053199 0
051048 0
260436 0
117885 0
289754 1
008526 1
079313 0
285959 0
026028 0
083569 0
110100 1
