238411 0
233640 0
269056 0
082766 0
266911 2
212162 2
222787 1
238033 0
222788 0
212167 2
266308 1
211172 1
203124 1
236366 0
203131 1
201475 2
201337 2
201474 2
266333 1
201603 0
266375 0
266378 1
137045 0
264605 0
196905 1
266377 0
268383 0
182434 0
205360 1
208486 0
223031 1
194954 2
215692 0
223029 1
223028 1
223022 1
223023 1
223019 1
196507 0
222593 2
223369 1
223325 1
214163 2
199777 1
255934 2
255945 2
255948 2
222592 2
214158 2
223386 0
214144 2
199784 1
199759 1
199803 1
199804 1
199745 1
220465 2
231857 1
220420 2
230770 0
220484 2
220483 2
220423 2
195482 1
220112 2
219128 1
231245 1
230436 2
231163 1
199778 1
210601 1
256150 1
205351 2
193868 0
230409 2
219118 1
205350 2
256152 0
231159 1
231166 1
199491 2
221880 2
219124 0
255947 1
255944 1
219595 2
197822 2
197819 2
255933 1
280266 1
218842 0
284588 0
254773 0
197226 1
196091 0
197225 1
250905 0
221038 0
254751 2
244696 1
203701 1
218536 2
197885 2
254707 2
271342 0
254747 2
204547 2
204937 2
204651 2
253604 2
171700 1
253886 1
253883 1
182984 0
253896 1
171709 1
171667 1
171674 1
171708 1
171673 1
201513 2
270247 2
270249 2
275836 0
170993 1
272657 0
281452 1
196602 1
196728 0
246421 0
196578 1
200380 1
252870 2
192783 2
076131 2
196095 2
252789 2
270248 2
263564 0
192731 2
200375 1
270246 2
196355 0
213686 0
256555 2
075967 2
255359 0
256926 0
235732 0
202071 2
018195 2
128964 2
093093 0
256004 0
197544 1
199839 2
226018 0
198813 0
138350 1
017038 2
192997 1
253060 0
150514 0
192939 1
202757 0
278925 0
213979 0
196998 0
201928 1
256563 1
255923 0
256565 1
235792 1
192846 1
131685 1
256032 0
130337 2
199086 0
130371 2
130357 2
258909 0
006299 2
152927 0
115046 0
211720 0
233997 0
199638 2
199604 2
199269 1
213100 0
199268 1
199253 0
196670 2
197180 2
196668 2
194089 0
196661 2
196655 2
196646 2
213024 0
195404 2
195378 2
195236 2
195349 2
195228 2
195317 2
197865 2
237240 0
195204 2
197863 2
222313 0
197365 2
085633 2
197966 1
198624 2
198620 2
198626 2
006734 2
197384 0
197336 2
197930 0
260672 0
213841 0
139134 1
153662 0
131925 2
130167 2
129712 2
138525 2
151691 2
193696 2
261139 0
138636 2
138632 2
151726 0
130092 2
130088 2
140263 2
006624 2
006436 2
006417 2
129880 2
129729 2
131570 2
129808 2
006369 2
129834 2
129807 2
138686 2
141169 2
131574 2
129849 2
131696 2
173785 2
226019 0
131578 2
131576 2
131575 2
131700 2
131713 2
133368 2
132786 2
138405 2
132821 2
132780 2
139789 0
132779 2
131701 2
131790 2
131772 2
132694 2
132693 2
132655 2
139765 2
130244 1
131884 2
138931 2
132678 2
130243 1
006435 2
144569 2
144564 2
133670 2
130230 2
139758 2
134997 2
139727 2
130257 2
144556 2
002207 1
173789 2
138943 2
139211 2
130253 2
130251 2
131609 2
135019 2
143182 1
002741 2
134068 2
130265 2
131608 2
130952 2
138915 2
140394 2
131565 2
138913 2
131876 1
002928 2
139763 0
138816 2
138854 2
138843 2
138803 2
138867 2
144582 2
134905 2
143165 1
134093 2
144617 2
142750 2
134073 2
144271 2
143960 1
144270 2
138810 2
144128 2
140262 2
139522 2
131611 2
144100 2
142751 2
139396 2
131600 2
133019 2
140220 2
139314 2
133660 2
131587 2
143958 2
143927 2
134064 2
143938 2
003607 2
138797 2
006573 2
142745 1
131588 1
134832 1
138983 2
134895 2
134000 2
131763 2
002927 2
139399 2
139517 2
129809 2
140186 2
131761 2
142691 1
130860 2
002889 2
130116 0
143467 2
140176 2
139296 2
133984 2
143421 2
134896 2
143420 1
143415 1
002682 2
130864 2
130871 2
138981 2
002264 0
133638 2
130877 2
139067 2
134830 2
132060 2
134837 2
144060 2
133812 2
144048 2
129937 2
130280 2
132044 2
010966 2
144053 2
130898 2
144054 2
129994 2
129987 2
129934 2
002447 2
138767 2
132554 1
141101 2
129989 2
141131 2
139198 0
129992 2
144954 2
144952 2
144956 2
144948 2
141082 2
115297 2
002765 2
141100 2
137392 2
132459 2
133980 2
133999 2
144945 2
006634 2
130844 2
150966 0
013779 2
144968 2
002890 2
144935 2
132446 2
133780 2
133794 2
138990 2
144853 2
138848 1
133779 2
144810 2
138769 2
133944 2
012079 2
122892 2
144183 1
130487 2
069628 2
102801 2
144164 1
130491 2
144175 1
006608 0
069649 2
102822 2
069567 2
102740 2
161721 2
133755 2
130495 2
130497 2
144724 1
144725 1
130511 2
008264 2
144721 1
144722 1
147406 2
138749 2
131805 2
145922 0
144632 1
144650 1
114660 2
147416 2
114662 2
069824 2
102997 2
130518 2
132419 1
147423 2
136686 2
130704 2
136475 0
130522 2
130696 2
136638 2
009964 2
130698 2
140960 0
130711 2
129371 1
129372 1
017632 1
129355 1
138394 2
132559 1
132431 1
129375 1
138748 2
129376 1
129378 1
129373 1
130909 1
129379 1
275837 2
137072 1
136931 0
129374 1
129381 1
129452 1
129447 1
129441 1
129456 1
129434 1
129448 1
275773 0
123283 2
123302 2
138393 2
109034 2
131726 2
138507 1
130401 1
132543 1
138390 1
131748 2
147614 2
131799 2
132384 2
002886 2
138575 0
130454 0
147609 2
131717 0
132642 2
131580 1
130228 0
147720 2
147589 2
138973 2
151698 0
138955 0
143408 2
132644 0
139987 2
139977 2
148166 2
139965 2
137299 2
141345 2
147566 2
115802 0
141332 0
132555 1
133308 0
178351 2
255577 0
178089 0
140369 0
015179 0
006388 2
136933 1
157909 2
196886 2
147055 2
147086 0
006064 0
138503 2
093115 0
138508 2
138498 0
129014 2
132147 1
018274 2
128911 2
226533 2
129019 2
115341 1
232400 0
132148 1
226463 2
132150 1
132166 1
132159 0
226421 2
115349 1
115354 1
115381 1
135993 0
220654 2
101241 2
177432 2
101245 2
141915 2
099474 0
101246 2
101243 2
101252 0
141939 2
220660 0
141912 2
129901 0
194176 2
194367 2
199203 2
132129 0
199174 2
194183 2
194219 2
202105 0
144590 1
137183 0
140920 0
280878 0
198530 2
157805 2
012785 2
146129 2
144420 0
198537 2
198541 2
199075 2
199079 2
199090 2
080274 0
196680 2
132168 1
132164 1
132160 1
160164 2
132146 0
160208 2
132161 0
190459 2
133182 2
133191 2
130758 1
162879 0
133169 0
190470 2
152790 0
220506 0
240617 1
240583 1
147360 0
177419 2
177418 2
189130 0
177416 2
177403 1
075502 2
136170 0
075516 2
075574 2
075759 2
075749 2
075838 2
075913 2
214487 0
075837 2
177430 0
167296 2
167297 2
240261 0
167248 2
167201 2
167146 2
168168 0
018126 0
196522 2
158296 2
058557 2
161269 2
131028 0
196366 2
197256 2
150026 0
148775 0
042733 0
145015 0
206181 1
240145 0
207424 1
190473 0
130756 1
076019 2
196802 2
196769 0
075989 2
130722 1
130751 1
130798 1
130824 1
158363 0
131084 2
131013 2
150585 0
131138 2
131228 2
131235 2
141986 2
147946 0
108974 0
264721 0
255441 1
210000 0
255415 0
085440 0
131860 1
131865 0
117370 2
257879 0
117144 2
117348 2
117375 2
233904 0
155611 2
131663 2
155610 2
131661 0
010285 2
122613 2
196211 2
196210 2
037084 0
122612 2
258822 0
084119 2
084138 2
196073 0
243609 0
162711 2
192966 0
250880 0
097596 0
144160 2
140826 0
144135 2
144134 2
102075 0
151646 1
138496 2
256109 0
139456 2
150077 0
139454 0
132152 1
282633 0
132153 1
000755 2
130061 2
141583 0
225583 0
006472 2
238207 0
137458 0
195268 0
157282 2
278168 0
157258 2
138486 0
200458 2
143273 0
132639 0
092325 0
140848 0
231796 0
122663 0
167791 0
200540 0
178092 0
096893 2
251187 0
139439 1
156127 1
130477 0
140973 2
099857 0
140972 2
143407 0
225970 0
007318 0
200686 0
266709 0
140730 0
144328 0
217202 0
161056 0
269062 2
018000 0
268978 2
269254 2
079631 1
194849 0
269112 0
201536 2
197932 2
197899 2
002542 2
254287 0
199376 2
194316 2
194312 2
194304 2
002509 0
131010 0
143317 0
197532 0
131614 1
131620 1
131616 0
131612 0
238097 0
163307 0
131621 1
132145 0
131617 0
198339 2
101256 0
198333 2
198312 0
018134 0
161997 2
155358 0
161993 2
194130 0
138952 0
112718 0
198307 0
130351 0
220497 0
258572 0
063084 0
008865 0
150915 2
079861 0
150934 0
140599 0
196009 0
241271 0
194412 2
196941 2
201197 0
196928 2
194616 0
202756 0
133677 0
147404 2
158022 0
211379 0
138427 0
037581 0
155508 0
222862 0
085175 0
240494 0
224126 1
150967 0
224094 1
224096 1
224124 0
265046 2
262132 0
114043 0
152616 0
191088 2
191302 2
263117 2
253856 2
060019 0
253844 2
253847 2
253827 2
170734 2
158169 0
170668 2
289519 0
152553 0
166385 0
255274 2
005969 0
243613 2
201791 2
266877 0
201566 2
201550 2
201707 2
201712 2
058497 0
241272 0
273727 0
155497 0
191888 0
135216 0
199876 0
256635 2
012384 0
256543 2
061141 2
008887 0
061179 2
061161 0
260320 0
255912 2
061437 0
256031 0
255186 0
250695 2
