278758 0
070284 2
103457 2
089193 0
070151 2
103324 2
070061 2
103234 2
069804 0
070059 2
103232 2
070056 2
103229 2
070085 2
103258 2
070108 2
103281 2
070010 2
103183 2
097701 0
112385 2
109380 2
111963 2
109381 0
108202 2
098366 2
099069 2
099342 2
099790 0
099357 0
099083 2
099192 2
041509 2
114382 2
097817 2
261760 0
114462 2
114384 2
097815 2
097821 2
097857 2
097808 2
099086 0
097925 2
097920 2
094699 2
096207 2
093938 2
099515 2
093941 2
097949 2
098070 2
096231 2
097157 0
096201 2
096181 2
093892 2
098021 2
098097 2
098059 2
093931 2
094008 2
098644 2
098784 2
094071 2
098639 2
099092 2
098793 2
098629 2
099104 2
098777 2
093942 2
108817 2
098104 2
094612 2
102061 2
094081 2
094074 2
094056 2
094522 2
095986 2
093948 2
095399 0
094046 2
095958 2
098029 2
094558 2
098020 2
098010 2
098028 2
098068 2
097973 2
093698 2
101876 0
097830 2
097974 2
096936 2
004379 2
118512 2
101226 2
140247 2
096043 2
108802 0
096894 2
140355 2
140266 2
096003 2
096002 2
094020 2
095882 2
094019 2
093973 2
096049 2
111268 2
004171 2
118279 2
095978 2
111269 2
101189 2
101190 2
098200 2
097345 0
111293 2
098375 2
113717 0
094827 2
094729 2
094068 2
095032 2
094749 2
133661 2
138970 2
093912 2
094973 2
092875 0
094698 2
139214 2
133721 2
119817 0
187021 0
094055 2
096209 2
096206 2
094054 2
095614 0
125036 2
146000 2
018460 2
128788 2
096986 0
145974 2
128871 2
131127 2
128870 2
131994 0
128869 2
100245 2
018552 1
128739 1
133940 2
095413 2
132568 0
100034 2
095398 2
094587 2
135085 0
108710 2
067592 2
098797 2
095659 2
067563 2
098781 2
101255 0
067615 2
067636 2
108731 2
108729 2
067649 2
098362 2
098360 0
094178 2
020886 0
094209 2
100464 0
004518 2
118728 2
092971 2
062130 0
117575 2
138459 2
100428 2
096685 2
100378 2
117703 2
100279 2
078739 2
066294 2
138425 2
116573 2
100303 1
112572 0
138468 2
117708 2
117710 2
093889 2
138037 2
093940 2
098354 0
078741 2
078746 2
093853 2
117564 2
079654 0
117556 2
093794 2
078772 2
012267 2
005062 2
119461 2
017303 0
078778 2
119264 2
119260 0
078271 2
072263 2
105436 2
114151 2
128747 2
196375 1
133746 2
093114 0
074433 2
107606 2
126999 2
189892 0
017937 0
096418 0
096240 2
133951 0
137329 0
065068 2
096648 2
092536 2
065101 2
085145 0
063264 2
064517 2
118516 2
063267 2
260644 2
074842 2
065663 0
004419 2
075008 2
093802 2
063058 2
066285 2
063331 0
074864 2
197193 2
197191 2
114205 0
197197 2
275779 2
065032 2
032442 2
032446 2
123285 0
032450 2
031921 2
032502 2
032485 2
061662 0
131134 0
141970 2
063759 2
241136 2
119916 0
132001 2
064258 0
131999 2
131996 2
131993 2
098280 2
112328 2
139721 2
122607 0
001235 0
143414 0
126367 1
144933 1
078237 2
063851 1
092554 2
183235 2
009871 2
122229 2
101555 2
015251 2
125486 2
187114 0
078236 2
078325 2
092542 2
078404 2
078345 2
063850 2
127702 0
092463 2
092526 0
001778 2
120708 1
141527 2
007217 2
120778 2
120594 2
136132 0
092070 2
001887 2
101412 2
128152 2
086581 2
086596 2
116149 0
092249 2
144985 0
086637 2
094400 2
095524 2
268459 2
131016 2
131020 2
098529 2
017676 2
129322 2
131014 1
140525 0
131482 2
131490 2
131493 2
131460 2
131505 2
098620 2
094432 2
094353 2
094245 2
128136 2
108127 2
091317 2
164228 2
256268 2
256266 2
091286 2
256264 2
164156 2
256259 2
237341 2
181843 0
256244 2
097898 0
148908 2
202877 2
202878 2
202529 2
155560 2
199021 2
155568 2
142421 2
189169 2
189164 2
179523 2
189109 0
189162 2
189161 2
189160 2
164635 2
164649 2
151732 2
194511 2
153562 0
162048 2
233721 1
279290 2
234100 2
168553 2
192032 2
006972 2
120597 2
169756 2
258755 2
257529 0
169771 2
169786 2
169787 2
169746 2
169754 2
169750 2
275361 2
176683 2
169744 2
133912 2
011334 2
122716 2
162077 0
122714 2
122712 2
122708 2
133919 2
133920 2
176680 2
133773 2
122690 2
152489 2
144461 2
152457 2
201732 2
164910 2
152492 2
144448 2
163927 2
184854 2
142538 2
224903 2
224901 2
182823 2
060971 2
099649 2
060968 2
099588 2
187313 0
099581 2
152337 2
152334 2
224815 2
152115 2
224893 2
224816 2
224894 2
224748 2
224743 2
224690 2
224741 2
165225 2
224759 2
256483 2
184857 0
193910 2
193987 2
017392 2
129516 2
257559 2
266984 0
257540 2
257539 2
257534 2
017318 2
129572 2
130291 2
149293 2
219542 2
079747 0
130292 2
233730 0
130318 2
281621 2
146800 2
244452 0
099295 2
157676 2
190412 0
099293 0
085206 0
000920 1
068637 0
192455 2
159802 2
117907 2
159806 2
149696 2
144446 2
138849 0
159878 2
159879 2
117927 2
159884 1
159886 0
144464 2
144447 2
144519 2
162959 2
163061 2
163208 2
162985 2
155575 0
102086 0
138447 0
116551 2
220815 0
116967 2
117163 2
005817 2
120432 2
120430 2
001997 0
001228 0
005703 2
120323 2
125023 2
163724 2
132567 0
163725 2
125021 2
165988 2
132080 0
163727 2
166008 2
163730 2
167959 2
243927 0
281187 2
261063 2
163739 0
261057 2
261068 0
199741 2
281036 2
190368 0
281012 2
235939 0
280972 2
280920 2
142387 2
010774 2
142622 1
243192 0
142394 2
131746 2
170250 0
011266 0
069740 2
102913 2
259772 0
083156 0
111735 0
138528 2
099730 2
085261 2
099731 2
162429 2
130164 0
085285 2
138516 2
060902 2
094848 2
087982 2
051651 0
094752 2
128920 2
130081 0
010349 2
122671 2
088008 2
010253 0
087998 2
226799 0
087986 0
006933 2
120556 2
143222 0
062701 2
094990 2
266398 2
186742 2
112496 2
093856 0
186703 0
099878 2
131145 0
099834 2
099786 2
114577 0
093772 2
101096 0
110351 2
077026 2
069170 2
102343 2
076870 2
077029 2
158158 2
139690 2
009607 2
122050 2
201858 2
219507 0
210042 0
086601 2
147441 2
159721 2
238700 2
098324 2
260124 0
159716 2
147422 2
147443 2
159666 2
147420 2
098321 2
098302 2
098300 2
083900 2
090626 0
119458 0
138363 2
280276 0
138334 2
138336 2
138306 2
087602 2
160190 0
146532 0
146071 2
098045 2
087980 0
083854 0
076093 2
251229 0
007411 0
001330 2
095579 0
101633 2
101635 2
007070 0
101669 0
084567 2
084568 2
084566 2
065858 2
086514 2
085081 0
084559 2
084558 2
065854 2
067847 2
084634 2
084631 0
032221 2
137323 0
032223 2
032224 2
060989 2
018477 0
064203 2
060988 2
064219 2
032198 2
188852 0
060995 2
064162 2
064198 2
031159 2
031144 2
175594 2
242819 0
076285 2
231476 0
027448 0
119685 2
132577 0
005543 2
120122 2
119701 2
065986 0
201468 0
109421 2
114971 2
078631 2
168684 2
168685 2
071377 2
104550 2
098633 2
162827 2
098525 2
094232 0
071364 2
104537 2
098508 2
162829 2
099647 0
162986 2
163062 2
018169 2
128986 2
142511 2
025131 2
086654 2
177947 2
010318 2
122637 2
097696 0
142521 2
177952 2
129068 0
178726 0
086138 0
195952 2
159101 2
286317 0
159093 0
195950 2
195935 2
258918 0
169797 2
169798 2
169781 2
083083 2
130398 2
175706 2
272041 0
148809 2
083309 2
270840 0
083343 2
083328 2
129692 0
084148 0
146719 2
230587 0
280215 0
132366 2
097333 2
100286 2
131292 2
001120 0
097335 2
096061 2
014334 0
131985 0
092951 2
013745 0
092934 2
144990 2
035821 0
090497 2
145317 0
090713 0
223292 0
006934 2
120557 2
155289 2
131495 2
131498 2
028838 0
131510 2
131501 2
141550 2
144337 2
152714 2
141038 2
002844 1
268490 2
101209 2
181941 0
140978 2
140980 2
268829 0
148104 2
219985 2
117639 2
189118 2
161444 2
137519 0
161412 2
161413 2
161400 0
146534 2
141249 2
008402 2
240432 2
155996 2
279608 0
240487 2
086655 2
018362 0
086741 0
237711 0
096761 2
126897 2
096656 2
155215 0
126898 2
091563 0
114787 0
170092 2
253210 2
138061 0
253178 2
169455 2
142441 2
064547 2
098342 0
107756 0
071022 0
032986 0
012499 0
071389 0
179214 2
129155 0
093951 0
126366 0
086015 2
171578 2
171511 2
177516 2
099248 0
171512 2
171491 2
018112 2
129046 2
129078 2
170942 0
129074 2
139416 0
064317 2
058856 2
064285 2
094525 2
009147 2
121639 2
061345 2
085623 2
132137 0
085591 2
094355 2
009125 0
094319 2
061340 2
079302 0
094297 0
009409 2
121867 2
007759 2
121183 2
268171 0
121859 2
070582 2
103755 2
080336 0
158434 2
158390 2
017740 2
129280 2
236593 0
156303 0
138287 0
062733 2
070343 2
103516 2
113262 2
253255 0
070148 2
103321 2
199448 2
199462 2
230643 2
199420 2
060859 2
132045 2
011947 2
058989 0
058096 2
090825 0
058093 2
058014 2
058050 2
287256 0
241468 2
241537 2
241538 2
002762 0
288561 2
288510 2
280510 2
064820 0
280365 0
288756 2
288729 2
004198 2
252749 0
156661 0
004409 2
118566 2
228310 0
063416 0
137006 0
061054 2
033115 2
061045 2
092644 0
061086 2
064244 2
033131 0
061144 0
059452 0
033130 1
007756 2
121178 2
139541 2
093668 2
068254 0
139618 2
139619 2
093659 2
162409 2
066154 0
098499 0
151386 0
003745 0
044916 0
033351 0
157023 0
137110 0
225504 2
018674 2
003267 0
225505 2
225522 0
016861 0
000105 0
150027 0
155236 0
098779 2
065856 2
093747 2
086462 2
181536 2
018831 0
098801 2
065912 2
065895 2
093645 2
142617 2
198555 0
142637 2
142410 1
098061 2
114819 0
098056 0
176745 2
176747 0
134798 0
252455 0
180954 0
226152 0
076297 0
082453 0
284367 0
131654 2
056274 2
102108 0
056677 2
048069 2
048075 2
144444 0
124355 0
064669 2
223994 0
061265 0
058789 2
071710 2
104883 2
256976 0
072189 2
105362 2
071684 2
104857 2
033372 2
095937 2
083219 2
088043 2
083222 2
095470 0
095961 2
088044 2
096033 2
083254 2
083253 2
083279 2
004538 2
111259 2
033125 0
110609 2
111530 2
007940 2
121353 2
109982 0
111511 2
036482 0
110617 0
071453 2
104626 2
174704 0
068298 0
232460 1
066421 0
256922 0
083261 0
111794 2
192494 0
111762 2
147674 2
147680 2
147638 2
001990 2
147627 2
147651 2
267359 0
147626 2
169282 0
052272 0
070933 2
104106 2
142123 2
283164 2
138900 2
093478 2
255861 0
142059 2
141978 2
138919 2
283178 2
092937 2
071135 2
104308 2
283473 2
110582 2
110676 2
068431 2
101039 2
126771 0
124676 2
124691 2
108773 2
068432 2
108847 2
118121 2
109125 2
095786 2
118112 2
101440 2
108814 2
118111 2
010351 2
122672 2
110550 2
108091 0
122643 2
122595 2
122598 2
122665 2
122654 2
122547 2
122561 2
101437 2
081330 2
081324 2
146709 2
098450 0
081320 2
062946 2
062970 2
063001 2
062988 2
011607 2
122798 2
109027 2
229599 0
062991 2
063021 2
122794 2
122795 2
135076 0
109025 2
116772 2
109024 0
137413 0
112401 2
068505 2
224040 0
114529 0
080038 2
094966 0
074562 2
074788 2
079592 0
011817 0
008411 0
132177 2
287892 0
132176 2
132171 2
131194 2
058301 2
109026 0
131198 0
058274 2
058505 2
061832 0
118661 0
058253 2
087943 0
058264 2
170604 0
121209 0
110735 2
110857 0
079079 2
166231 0
005707 2
120328 2
101791 2
064298 0
095225 2
089981 0
095228 0
114207 2
128216 2
179551 0
128167 2
011993 2
186297 0
017314 0
063855 2
067216 2
064971 0
143423 2
108806 0
143418 2
048341 0
280180 0
084521 2
084690 2
138878 2
127546 0
084692 2
084712 2
084711 2
084714 2
244562 0
084707 2
145064 0
084649 2
010474 0
084628 2
134146 0
084626 2
142636 2
142650 2
084629 2
085919 0
072109 0
133795 2
094051 0
133536 2
133533 2
133539 2
133543 2
016514 0
133467 0
230392 2
270839 0
004565 2
131414 2
123864 0
131421 0
004507 2
118714 2
092872 0
058855 0
132097 2
176743 0
001307 0
159722 2
243724 0
149385 0
142106 2
071716 0
097344 0
000074 0
142003 0
114915 2
110449 0
115150 0
214395 0
099398 0
075722 2
017589 2
129394 2
122705 2
066732 0
129397 2
011362 2
122728 2
098281 0
084829 2
009408 2
121866 2
145310 0
015013 0
175188 0
274554 0
079190 2
166059 0
079227 2
002717 2
230390 0
093015 0
163720 0
159801 0
179751 0
169139 2
169140 2
128138 0
162208 0
211970 0
092710 0
066301 0
069841 2
103014 2
113123 0
280229 0
139053 0
280090 2
084391 2
075324 2
075341 2
120799 2
017996 0
120785 0
084237 2
083220 2
086283 2
209680 2
099792 2
258395 1
132020 0
084394 2
181611 0
070319 2
103492 2
076683 2
070323 2
103496 2
158750 2
283794 2
042221 0
070364 2
103537 2
070285 2
103458 2
070117 2
103290 2
070424 2
103597 2
070100 2
103273 2
070114 2
103287 2
283806 0
070450 2
103623 2
070494 2
103667 2
070341 2
103514 2
070390 2
103563 2
094758 2
094377 2
094378 2
094754 2
094368 2
095638 2
069856 2
103029 2
094949 1
217314 0
094369 2
094385 2
094379 2
094244 2
095600 0
094389 2
094390 2
057700 0
094387 0
137945 2
288653 0
137967 2
137991 2
137910 0
110452 2
100758 2
100751 2
121547 0
100741 2
094832 2
095217 2
065908 0
095230 2
095448 0
168103 2
244272 0
168117 0
112134 0
091352 0
220835 2
135520 0
220821 2
261062 0
084945 2
149846 0
014186 2
140197 0
177695 0
260348 2
098726 2
098771 2
113334 0
098707 2
098848 2
260323 2
260318 0
112092 2
157796 0
112096 2
002688 2
064514 0
089087 2
132764 0
117563 0
034577 2
024488 2
013611 0
024485 0
032200 2
032328 2
269126 0
032341 2
032340 2
032401 2
030579 0
062156 0
078530 0
088919 0
149547 0
182023 0
279285 0
005187 2
119632 2
088441 0
210746 0
101880 0
260973 0
042454 2
097843 0
271931 0
093699 0
098505 2
098441 2
042434 0
098461 0
128225 0
098411 2
192808 2
046980 2
098497 0
046905 2
192823 2
180465 2
180514 2
061219 0
020986 0
095745 0
077315 0
198038 2
152784 0
198007 2
197928 2
197893 2
199217 0
061365 2
061364 2
034267 0
061368 2
061383 2
061385 2
108711 2
108730 2
108732 2
025330 2
235247 0
108624 2
100549 0
009818 0
157032 0
070389 0
006988 0
004124 2
118235 2
219616 2
244662 0
154698 2
277403 2
082421 0
062972 2
053145 2
098612 0
062992 2
029478 2
029520 2
149212 2
039713 2
098977 2
149319 2
070221 0
149318 2
098972 2
114843 0
151373 2
006630 2
099343 2
151154 2
168892 0
151160 2
151168 2
100459 2
253372 0
100570 2
100449 2
100571 2
100462 2
098850 2
114552 2
146128 0
114596 2
114618 2
098847 2
098810 2
098751 2
098949 2
095086 0
099527 2
062772 0
099521 2
099401 2
094344 0
068022 2
098443 2
097677 2
159737 0
015608 2
276881 0
113131 0
094913 2
249894 0
094960 0
009035 2
255270 2
136763 2
041810 2
111377 0
098067 0
180037 0
197720 2
041694 0
015363 0
196873 0
228778 0
094388 2
002569 0
094380 2
140005 2
098315 0
139872 0
087632 2
085355 2
052300 2
098409 2
003395 0
085383 2
052305 0
098446 2
098447 2
195886 0
098423 0
098413 2
146570 2
066425 0
014105 0
015129 2
125610 2
271282 2
088638 0
271136 0
201811 0
128476 0
259094 0
086939 0
010270 0
109713 0
135685 2
031695 0
124914 2
033547 0
110896 0
133887 2
032701 0
007437 2
120948 2
063717 2
146966 0
025595 0
126718 0
114954 0
009233 2
121709 2
144525 0
009919 0
017875 0
131987 0
006872 2
120500 2
130663 0
145627 0
262736 0
153606 0
023835 2
120928 0
023769 2
143480 0
079071 0
033664 0
271022 0
097945 0
078690 0
198524 0
026874 0
279722 0
260311 0
012090 2
061502 0
120177 0
058285 2
043302 0
058271 2
094426 2
051632 0
094442 2
244202 0
007349 2
120882 2
119744 2
125422 0
119753 2
119743 2
005284 2
119772 2
084041 0
119158 2
