211696 2
005575 2
120164 2
211748 2
181304 2
120154 2
211698 2
009042 2
005599 2
120194 2
119786 2
118709 0
005371 2
119895 2
119844 2
118385 2
119613 2
005834 2
120455 2
005309 2
119806 2
004271 2
118408 2
120450 2
014845 2
125872 2
138972 2
005132 2
119543 2
120449 2
118392 2
118395 2
004794 2
119072 2
118398 2
118393 2
126011 1
118397 2
014706 1
126010 1
004270 2
118407 2
120130 1
014967 2
125763 2
120139 1
120142 1
011488 2
122751 2
119178 2
004581 1
118783 1
087372 0
120156 1
005589 2
120180 2
120140 1
004783 1
119058 1
119177 0
125764 2
119071 2
125865 2
004273 1
118414 1
012509 0
118428 1
004323 1
118445 1
130855 2
132770 2
004212 2
118312 2
014848 2
125868 2
001766 2
001681 2
004331 2
118452 2
116549 0
001586 2
118409 2
004275 2
118418 2
132773 1
001063 2
132778 1
128168 2
118755 1
118751 1
004727 2
118988 2
004532 0
118748 2
118987 2
132767 2
118273 2
007481 1
120971 1
131101 2
120963 1
120968 1
120969 1
100189 0
120962 1
120960 1
120959 1
131021 2
123931 1
005130 1
119537 1
007949 1
121364 1
118105 0
121363 1
015050 2
125674 2
007942 2
121356 2
118284 2
130964 1
131009 1
131008 1
131017 1
122760 1
004575 1
118779 1
118285 2
004863 2
119154 2
122761 1
065684 1
128545 0
122764 1
122769 1
011550 1
122772 1
065690 0
118298 2
137977 1
011697 1
133397 1
119145 2
119652 1
011676 1
004676 2
118896 2
118874 2
133396 1
129996 1
129062 1
011924 1
005498 1
120080 1
119032 1
142570 1
133481 1
133473 1
010509 1
124969 1
119136 2
133391 1
119081 1
004732 1
118990 1
004349 0
002494 1
004682 2
118908 2
119651 1
011763 1
005250 1
119719 1
005340 1
119848 1
119963 2
128440 1
144749 1
144778 1
004818 1
119096 1
124964 1
144716 1
147869 1
130275 1
258283 1
005227 1
119678 1
118932 0
144892 1
147217 1
240277 1
172765 1
172766 1
163863 1
285468 1
237275 1
240376 1
010276 1
122605 1
009549 1
005177 1
119618 1
004677 2
118897 2
285461 1
011850 1
142011 1
120040 1
120830 1
118412 1
012521 0
118878 2
004321 1
118443 1
237753 1
120865 1
163859 1
118589 1
118597 1
120031 1
015180 1
125565 1
151208 1
005467 1
120033 1
120032 1
004422 1
118581 1
151196 1
163843 1
004531 1
118743 1
124241 0
005262 2
119732 2
155799 0
005588 1
120179 1
237672 1
120172 1
119361 1
005497 2
120078 2
120077 2
098876 0
005583 1
120173 1
004994 1
119362 1
118940 0
001030 0
123554 1
124755 1
011739 1
118501 2
101966 1
069684 0
011740 1
007227 1
120784 1
007556 1
121047 1
131872 1
118976 1
112892 2
004417 1
118574 1
112884 2
009747 1
122143 1
118899 1
005180 1
119622 1
004500 1
118699 1
118904 1
011958 1
122873 1
123232 2
100853 1
119193 1
100852 1
007894 1
121318 1
004896 1
119231 1
122400 0
118572 1
121305 1
100609 1
101974 0
118898 1
112830 2
118502 0
112845 2
005214 1
119661 1
004725 1
118984 1
011487 1
004909 1
119259 1
120946 1
120949 1
179748 1
012464 1
122984 1
179744 1
179808 1
018451 1
128794 1
120075 1
005499 1
120081 1
118965 1
009668 0
007353 1
120888 1
120065 1
119626 1
119649 1
125194 1
118955 1
118967 1
118948 1
006928 1
120542 1
145646 1
007503 1
120993 1
118983 1
009342 1
121812 1
007081 1
120677 1
118961 1
012037 0
120958 1
120703 1
120537 1
120336 0
009903 1
122246 1
005606 1
120207 1
120713 1
008024 1
121425 1
004982 0
120694 1
118778 1
005477 1
120041 1
007182 0
118787 1
005570 1
120158 1
119107 1
004865 1
119157 1
005637 1
120241 1
118735 1
001429 1
009601 1
011269 1
008003 1
121411 1
123525 1
123526 0
005261 1
119731 1
123503 1
118698 1
126306 1
174037 0
005260 1
119730 1
123524 1
126300 1
115485 0
009054 0
004525 1
004897 1
119232 1
119414 0
004503 1
118702 1
118657 1
119217 1
004707 1
118950 1
011774 0
118526 1
004991 1
119357 1
123965 1
123970 1
109519 2
123973 1
146774 1
123972 1
007344 0
124743 1
012508 1
121808 0
124919 1
004951 1
119305 1
119935 2
004514 1
118719 1
012128 1
145726 1
271954 1
111721 1
271953 1
127093 1
005832 1
120453 1
111720 1
100257 0
271956 1
005815 1
120431 1
111712 1
111226 1
018264 1
128927 1
011978 0
004752 1
119024 1
123654 1
120051 0
119019 1
123656 1
135556 0
116622 0
005236 1
119691 1
124359 0
009005 0
004428 1
118605 1
000812 1
108297 1
124036 1
000863 1
009780 1
122175 1
124222 1
009050 1
121555 1
114806 0
121554 1
121524 1
124310 1
124264 1
108393 1
108368 1
108289 1
009078 1
121586 1
127851 0
009001 1
121518 1
011941 1
121234 0
120181 1
017366 1
086550 0
126789 1
005590 1
120183 1
094934 1
115001 1
259688 1
010303 1
124403 1
124478 0
094929 0
114994 1
162456 1
124182 1
162452 1
011845 1
285303 0
124034 1
243929 1
009012 1
121533 1
115142 1
131376 0
115163 1
116614 0
009011 1
121531 1
133008 0
010221 0
118175 1
120326 1
006915 1
120529 1
123599 1
148818 0
118115 1
005737 1
120350 1
123585 1
068467 0
117171 1
192942 0
009561 1
122010 1
012313 0
117131 0
115317 0
005818 1
120433 1
112198 1
120422 1
086672 1
011830 1
086361 1
077917 0
006845 1
120486 1
120421 1
086303 1
112153 0
192007 0
141906 0
099113 1
099142 1
007429 1
120942 1
008941 1
124204 1
123635 1
121900 1
115409 0
124261 1
123642 1
123641 1
121909 1
121896 1
095442 0
118797 0
005831 1
120452 1
120442 1
120443 1
120441 1
120444 1
123470 1
109221 1
133085 1
011974 1
123496 1
123493 1
084931 1
009505 0
120423 1
109081 1
087526 0
108946 0
124880 1
124881 1
124916 1
018256 1
128935 1
127204 1
222331 1
015468 1
125279 1
125280 1
124819 1
124854 1
141220 0
125281 1
127189 1
127188 1
222433 1
011709 1
131474 0
127178 1
009660 0
135200 1
182867 1
007337 1
120872 1
131296 0
186807 1
124237 0
186805 0
111062 0
129063 0
012163 0
101238 0
176788 0
145045 0
012516 0
122012 0
147494 1
212613 1
147989 1
149471 1
005790 1
120399 1
066419 0
147994 1
149585 1
147978 1
144800 1
144780 1
130095 1
028651 0
137264 0
015404 1
125335 1
109740 1
028580 1
108793 1
109774 1
152937 0
109108 1
108402 1
108286 1
015388 1
108253 1
028603 0
212914 1
149927 1
001184 1
017188 1
133706 1
130114 1
087316 0
133698 1
260616 0
117441 0
086129 1
015166 1
251045 1
227239 1
252924 1
253266 1
014987 1
125741 1
253585 1
182319 0
253238 1
253434 1
253239 0
251044 1
253486 1
253451 1
124663 0
009083 1
264813 0
121340 1
140711 1
140690 1
128370 1
121339 1
127053 1
146471 1
123224 0
140682 1
008542 1
128246 1
146476 1
121317 1
013988 1
146451 1
014020 1
121314 1
144652 0
193345 1
175297 0
129664 0
130284 1
009654 0
130353 0
062099 1
004462 0
007990 1
121396 1
096417 1
123708 1
148263 0
121383 1
147087 0
009204 1
006807 1
119013 1
012438 0
007661 1
121115 1
009242 1
121718 1
119008 1
124995 1
123869 0
125175 1
125187 1
124994 0
145247 0
005469 1
120037 1
289915 1
009959 1
011916 0
121221 0
009612 1
053397 0
122052 1
126811 1
115079 1
036470 1
017892 0
126659 1
115078 1
120036 0
126348 1
062059 1
000010 1
286169 0
126365 1
011985 1
036468 1
096939 1
167213 0
096914 1
062097 0
111541 0
264482 1
264478 1
120470 0
141013 1
000713 0
008472 1
141017 1
141018 1
259677 1
143821 1
119491 1
170607 1
142251 1
141586 0
259673 1
259671 1
259690 1
259692 1
001903 1
162170 1
004859 1
119150 1
162355 1
010012 1
128060 0
119149 0
163861 0
109568 1
159353 1
135391 0
109462 1
159634 1
159576 1
159472 1
159474 0
141483 0
113360 1
149654 1
289914 1
128157 0
189373 1
123282 1
000752 0
123242 1
189449 1
171456 0
223272 1
079472 1
183274 1
278213 0
183280 0
125487 1
015264 1
125472 1
238615 1
075874 0
238679 1
239387 1
243979 0
194236 1
240821 0
191172 1
075781 0
265436 1
243132 1
147587 1
284603 1
147607 1
131873 1
284604 1
015594 1
149706 1
058346 0
001036 1
243791 1
265395 1
149750 1
132862 1
149657 1
149656 0
015612 1
265415 1
015577 1
231149 0
009010 1
121530 1
121095 0
149655 0
014782 1
125948 1
150020 1
233308 0
125950 1
125193 0
124745 1
004432 1
118612 1
204214 0
124767 1
124771 1
125072 1
126005 0
000008 1
124975 0
191654 1
000065 1
230912 1
009562 1
122011 1
128247 0
230921 1
018250 1
191099 0
000113 0
015500 1
125255 1
098963 0
012160 0
255910 0
165129 1
123754 0
165130 1
176774 1
065180 1
090393 0
065161 1
174487 0
004617 1
118818 1
007813 1
121229 1
062173 1
278048 1
260343 0
118730 1
278128 1
062183 0
012273 1
198485 1
165230 1
015269 1
125469 1
043676 0
132210 1
132226 1
132116 1
165220 1
223832 0
096498 0
107847 0
096605 1
118707 1
144221 0
096436 0
004816 1
119095 1
097488 0
010179 0
169408 0
126612 1
011991 1
111510 1
119254 0
126598 0
225994 0
147687 0
011343 1
009049 1
118386 1
019688 0
004263 1
118399 1
010218 1
276696 1
140722 0
189492 1
004720 1
118979 1
095319 0
222371 1
255483 1
176028 0
036450 0
004624 1
118826 1
118816 0
184751 1
091265 1
027344 1
228422 1
257946 1
064811 1
009161 0
257945 0
127312 1
186279 1
011552 0
004339 0
118647 1
186176 0
145583 1
158077 1
015111 0
145679 1
199928 1
175615 0
145678 1
147337 0
007224 1
164027 1
164021 1
145651 0
164023 1
221167 0
191680 0
201259 0
090298 0
126082 0
257555 1
234020 0
257558 1
278964 1
141336 0
041036 0
130110 0
165292 0
120268 0
011893 0
256383 0
080618 0
288492 1
064380 1
020169 1
088225 1
119365 0
020171 1
088369 1
088424 1
088436 1
088442 1
288462 1
020193 1
288491 1
127629 0
191565 1
077233 1
011904 1
122861 1
135127 0
191572 1
191570 1
077257 1
064406 0
046042 1
127627 1
280013 1
127398 0
280020 1
046043 1
046273 1
280004 0
108164 0
243012 0
239051 1
239052 1
239039 1
258929 0
239010 1
239361 1
239362 1
238990 1
111197 0
153083 1
235759 1
158218 1
242843 0
161499 1
161498 1
235639 1
158211 1
158208 1
140289 1
289290 1
097801 1
100415 1
157763 0
289288 1
289305 1
289306 1
289326 1
204137 0
002007 0
011477 0
182710 1
157562 1
157800 0
182768 1
182848 1
157279 1
157280 1
161546 1
161549 1
161522 1
122475 0
177604 1
095631 1
167141 0
177608 0
186142 1
224948 1
257387 1
184793 1
134106 1
257444 1
257445 1
166046 0
257332 0
224907 1
224908 1
225169 1
225166 1
257570 1
224870 0
257571 1
263904 1
263999 0
147126 0
136554 1
182137 1
122853 1
102002 0
178175 1
197334 1
194205 0
178442 1
197296 1
260713 0
145611 0
048970 0
034679 1
277439 0
046441 0
254593 0
217295 0
241298 1
197154 0
241155 1
066960 1
285574 1
088302 1
132864 1
132861 1
029491 1
123264 1
285563 1
287253 1
095190 0
123262 1
066958 1
066968 1
030002 1
002004 1
002015 1
011939 0
142287 1
142166 1
077321 0
199477 0
004469 0
190064 1
032125 1
032127 1
070164 1
103337 1
198483 0
190113 1
183055 1
183053 1
183056 1
182989 1
190112 1
015332 1
125405 1
183045 1
040689 0
015335 1
125402 1
125403 1
125414 1
015319 1
125413 1
130684 1
000342 1
037088 1
260444 1
076099 1
244210 1
039077 1
244220 1
004385 1
118522 1
064553 1
192947 0
244183 1
260381 1
076059 1
038806 1
038807 0
076009 1
260412 1
034543 1
260198 1
034562 1
015412 1
125326 1
008039 1
121433 1
007005 1
260153 0
005200 1
119648 1
119633 1
007085 0
148079 1
151307 0
016613 1
147615 0
009206 1
119646 1
009243 1
121719 1
125693 0
148795 1
024458 0
166068 1
052067 0
166167 1
166256 1
179433 0
169886 0
015318 1
125415 1
126191 1
283688 0
125417 1
125362 1
125348 1
126170 1
015389 1
125345 1
125346 1
000029 0
126915 0
011964 1
223476 1
223458 1
032178 1
153013 1
197426 0
155826 1
155834 1
122295 1
027889 0
060447 1
230245 1
146509 1
034587 0
230204 1
056144 1
064833 0
056058 1
223426 1
223427 1
218897 0
223267 1
058929 0
262796 1
067908 1
276334 1
276311 1
032115 1
262969 1
010385 1
175635 1
032110 1
262808 1
175768 0
262807 1
276313 1
276258 1
109132 1
095285 0
109167 1
085976 1
085898 1
010379 1
005383 1
119914 1
031664 1
177843 1
234409 0
177845 1
031677 0
177541 0
089654 1
130820 0
089628 1
089567 0
227207 1
187639 0
227221 1
227213 1
227224 1
008471 0
222713 1
197538 1
042208 1
186859 0
041660 1
042334 1
197375 1
197368 1
074539 1
074799 1
002992 1
064004 1
004942 1
119293 1
078934 0
074735 0
074531 0
007342 0
095852 1
134664 1
109032 1
095738 1
027545 1
221534 1
026464 0
095886 1
095645 1
095742 1
095617 1
109186 1
027546 1
221535 1
135206 1
194680 1
115305 1
182121 1
137428 0
134894 1
222106 1
222652 1
080015 0
157130 1
142932 0
195940 1
090210 1
060702 1
194012 1
034641 1
011751 0
194019 1
060697 1
195537 1
090061 1
177155 1
286936 1
286954 1
116474 1
080237 0
116657 1
116654 1
116328 0
190039 1
007289 0
190050 1
179101 1
220529 0
179105 1
179110 1
175738 0
285671 0
170190 0
010235 0
125521 0
223478 1
223487 1
034581 1
234067 1
042558 0
009838 1
122215 1
191274 0
145947 1
145954 0
014143 1
110024 1
108329 1
089596 0
128070 0
082068 0
000873 1
034781 1
142207 1
000076 1
034810 1
024094 1
163417 0
142199 1
008159 1
060443 1
007145 0
060341 1
176837 1
176839 1
011310 1
122645 1
142562 1
010358 1
122679 1
116329 0
176844 0
142556 1
143409 1
123711 1
123824 1
123801 1
149390 1
154628 1
037087 0
154647 1
154694 1
152764 1
030303 0
155489 0
186041 1
139018 1
187131 0
006653 1
139020 1
005299 1
119792 1
134516 0
119764 0
075650 1
023054 0
124873 0
004433 0
053960 0
151864 1
280581 1
071433 1
104606 1
007558 0
071428 1
104601 1
015305 1
125429 1
125430 1
124485 1
070528 0
257807 1
167878 1
167938 1
167939 1
257817 1
031426 0
170195 0
001427 0
018520 1
009965 1
122296 1
027296 1
036798 1
276457 1
035934 0
018081 1
017818 1
000115 0
004572 0
145835 1
118500 0
145839 0
065078 1
065085 1
194676 1
075328 0
064915 1
064909 1
065158 1
064795 0
065173 0
051596 0
007792 1
190348 0
007817 1
121233 1
182221 1
075353 1
177778 1
037432 1
177693 1
130627 1
179849 1
264476 1
177525 1
111808 1
177509 1
177515 1
163321 0
264465 1
075338 1
182247 1
264600 1
264602 1
264194 1
111100 0
264182 0
265558 1
197681 0
265833 1
173379 0
266816 0
077942 1
113942 1
075977 0
077914 1
077934 1
113936 1
078849 1
001806 0
078830 1
078787 0
005092 1
152754 1
152763 1
258005 1
144645 0
258002 1
124693 1
011768 1
243760 0
259964 1
134270 0
259971 1
227249 0
140899 1
060984 0
140895 1
004930 0
012548 0
231123 1
016434 0
231082 1
164124 1
179097 0
164127 1
001087 1
086490 1
136567 1
286744 1
272755 0
286741 1
136621 1
136612 1
010217 0
155928 1
121556 1
125125 1
125063 0
155929 0
125104 1
125126 1
121559 0
195202 1
133594 1
195246 1
002755 1
146985 0
002600 1
002593 1
017897 0
076917 1
076273 1
060753 0
076913 1
285856 0
070071 1
103244 1
153087 0
258985 0
155795 1
155349 0
199111 0
067142 1
067123 1
261719 0
018174 1
128981 1
153585 1
145268 0
028011 0
133837 1
121906 0
133833 1
133799 1
133787 1
066784 0
131743 1
153584 0
017728 0
075393 1
054367 1
080017 0
071969 0
069526 0
064984 0
128477 0
111932 0
017220 0
017912 1
005091 0
152880 1
041866 0
146834 0
112106 0
002306 1
137865 1
018434 0
137798 1
006338 1
253308 0
222988 1
055155 0
223253 1
220747 1
220753 0
124740 1
238899 0
012656 1
168155 1
147955 0
131024 0
133260 1
133261 0
137113 1
137097 1
205383 0
136346 1
136338 1
136328 1
135649 1
135637 1
135321 1
135298 1
135283 1
115476 0
018013 1
126201 0
075571 0
135675 0
067675 1
122710 0
140898 0
084156 0
176654 1
005415 1
119972 1
162689 0
119971 1
007339 1
120874 1
119961 1
004858 1
119148 1
000411 1
025957 1
119601 0
025942 1
119133 1
079441 0
148008 0
079028 0
079758 0
260122 0
195553 1
200342 1
182666 1
180843 1
152936 1
017582 0
180678 1
180841 1
180888 1
180487 1
180472 1
180478 1
180683 1
182670 1
195554 1
012102 1
122895 1
182700 0
125703 0
195557 0
051805 1
018499 1
230447 1
141844 1
057891 1
058008 0
141785 1
230446 1
141790 1
051806 1
051828 1
230435 0
009008 0
235017 0
004283 0
146161 0
133572 0
203148 0
155830 1
025951 0
120934 1
007434 1
120947 1
128703 0
290080 0
111273 0
203840 0
007285 0
120214 0
231124 0
001197 0
168987 0
137443 1
185853 1
141765 0
071035 0
149189 0
076420 0
128125 1
060619 0
036160 0
127595 0
171403 0
001926 0
121150 1
227155 0
126591 0
244933 0
193466 1
158314 0
260304 0
017429 1
202439 1
288037 1
197387 0
288039 1
017378 0
166913 1
164948 0
155482 1
155486 1
254039 1
074551 0
254025 1
211455 0
229909 1
063109 0
231117 1
231842 0
004877 2
119181 2
124611 1
148588 1
112148 1
171676 0
074426 1
107599 1
124027 0
072277 1
105450 1
085622 0
147017 1
110227 0
067168 0
148808 0
122979 1
145765 1
145246 1
155789 1
155790 1
200804 1
145223 1
200799 1
140933 0
142765 1
143038 0
200727 1
199905 1
199898 1
231129 0
045667 0
147616 0
007980 0
120668 0
208366 0
147650 1
159754 1
230978 0
168029 0
134232 0
145832 0
118942 0
174501 0
180380 0
125901 1
195934 1
195541 1
241813 0
192636 1
125889 1
253225 0
015128 1
125611 1
125002 1
139559 1
150078 0
139561 1
139617 1
139540 1
125001 0
257524 0
139601 0
125620 0
128756 0
163563 0
148350 0
006926 0
159863 1
128610 1
159814 1
174848 2
111665 1
088433 0
174836 1
159937 1
155314 1
166677 1
186790 1
166669 1
128469 1
054426 1
124560 0
186800 0
128611 1
054476 0
168219 1
153363 1
074622 1
015465 1
125282 1
169090 1
139016 1
222449 0
125297 1
138961 1
139019 0
004634 1
118839 1
000134 0
118836 1
118819 1
118741 0
123890 0
155967 1
149800 0
155959 1
090438 0
150223 1
150215 1
012148 0
148632 0
155953 0
120878 0
079754 0
001231 1
227141 0
113401 0
201952 0
151366 1
081113 0
127226 0
010568 0
151494 1
151403 0
147153 1
081437 1
168040 0
147146 1
185807 1
116621 0
010102 1
122404 1
223941 0
152768 0
069502 0
080518 1
209602 0
080510 0
009072 1
121579 1
108462 1
220078 1
011293 0
121575 1
219949 0
108448 1
032527 0
138474 0
273117 1
122088 0
161485 0
006525 1
152221 1
152222 1
219869 1
033110 0
018803 1
219867 1
220160 1
219831 1
219845 0
219799 0
278406 1
196958 1
005135 0
278408 0
220313 1
011181 0
040325 1
243518 1
243604 1
046174 1
017885 0
046107 1
243562 1
244997 0
227560 1
098388 1
012517 0
227441 1
098350 1
227561 1
124979 1
144043 1
140956 1
000522 1
140959 1
078764 0
140948 1
144037 0
052043 1
016375 1
163385 1
140902 1
125145 0
016345 1
148604 1
149949 1
150010 1
150048 1
150069 1
150086 1
018735 1
148563 1
163420 1
231560 0
060940 1
130341 1
060896 1
018585 0
060945 1
100059 1
050198 0
134051 0
080076 0
064695 1
148730 1
004703 1
118941 1
052048 1
148593 0
148709 0
051989 1
015307 1
125426 1
085861 1
064745 0
125427 1
085872 0
000675 1
055534 0
130046 1
127656 1
063325 0
127652 1
008645 0
275784 0
280886 0
241303 0
194401 0
026133 1
183627 0
008329 0
037944 1
051987 0
037997 0
145851 1
145865 1
027047 0
145892 1
120877 0
038504 1
200783 0
274954 0
170197 1
012178 0
162838 1
136938 0
266253 0
139059 0
150003 0
199964 1
081667 1
075962 1
035231 0
199955 1
075959 0
081603 1
160401 0
081742 1
091542 0
111946 0
031274 0
283439 0
221842 0
066157 1
119132 2
081579 0
011501 1
070261 0
124060 0
156008 1
156004 1
194471 0
169409 0
129341 1
007266 1
120811 1
129395 1
004431 0
007132 1
120712 1
129398 1
120695 1
129343 1
007080 1
120676 1
005826 0
120439 0
174437 0
121176 0
100914 0
109225 1
124361 0
109224 1
116174 0
007983 0
289481 0
005833 0
102034 0
175646 0
016433 1
052276 1
165583 0
007512 0
097186 1
000582 1
097185 1
026544 0
130186 0
163350 0
026754 1
065178 1
147362 0
077654 1
273061 1
182147 1
224647 0
273065 0
255378 1
255383 1
255384 1
255385 1
221790 0
256784 1
257575 1
255327 0
255331 0
255332 0
062093 0
119497 0
017218 1
129659 1
058097 1
082462 0
100313 0
058120 1
240013 0
108555 0
078186 0
001564 1
127626 0
256713 0
126332 0
193903 0
152938 0
000578 1
226009 1
226015 1
132746 1
192010 0
132802 1
132732 1
130523 1
225856 1
225708 0
225815 1
000575 1
156485 0
130117 1
130528 1
029979 1
262129 0
000843 0
143085 0
184689 1
005372 0
148136 1
146027 0
123548 1
011346 1
064356 0
123547 1
241646 0
182698 1
161550 0
182733 0
157937 1
157966 1
157994 1
052279 1
119343 0
168218 1
221711 1
164144 0
118498 0
114845 0
009864 1
111315 0
028099 0
076007 0
169507 0
066890 0
006307 0
011888 0
145286 1
155675 0
221268 0
111824 1
145220 1
082736 1
243847 0
082703 0
141363 0
111800 0
101415 0
225621 1
088688 1
185745 0
088687 0
225613 0
176119 1
285313 0
176165 1
176176 0
255288 0
015235 0
119073 0
174920 0
040307 0
147375 0
162025 0
071136 0
018178 0
122079 0
055254 1
157075 0
084170 0
120693 0
027685 0
178576 1
117130 0
000521 0
014738 0
081188 1
078872 1
