084219 1
084287 2
051255 0
084125 2
051271 0
083958 2
083753 2
075414 2
083135 1
075418 2
084202 2
115253 1
075309 2
083896 2
083693 2
082031 2
083965 2
115400 2
051488 2
084307 1
075311 2
083943 2
080394 2
051379 1
084271 2
079218 2
083698 2
083953 2
081589 2
083906 2
083537 1
082884 2
084248 2
074954 2
083739 2
084191 2
083968 2
084416 2
083746 2
114464 1
084080 2
084381 1
081650 2
083171 2
115355 1
082071 2
083811 2
074947 2
051528 2
075500 2
075505 2
083723 2
084327 1
084292 2
075159 2
043963 2
075511 2
082091 2
082887 1
083786 2
083173 2
084152 2
081754 2
082063 2
075517 2
081721 2
083059 1
084477 1
075501 2
075518 2
084183 2
083999 2
083530 2
084384 2
051503 2
075137 2
075161 2
081027 2
084474 2
077600 2
084472 2
114640 1
078452 2
075513 2
084113 1
083111 2
078080 2
025548 0
075503 2
077606 2
084090 2
082743 2
082757 2
084155 2
075415 2
078440 2
084336 2
084157 2
082459 2
078188 2
091397 1
084096 1
082096 1
044080 2
078085 2
083019 1
081701 2
084098 2
079363 2
083444 2
082490 2
078234 2
114483 1
114647 1
083179 2
084116 2
079223 2
043889 2
075120 2
044072 2
075417 2
083432 2
115394 2
084005 1
044074 2
081648 2
081685 2
137680 1
075593 2
043943 2
083975 2
084045 2
079288 2
078144 2
083479 2
051143 2
092037 1
051194 2
083563 2
074869 2
277006 1
084073 2
114982 2
082822 2
075051 2
044166 2
081897 2
079291 2
051078 2
051368 2
079188 2
079364 2
081674 2
044075 2
078104 2
079200 2
044367 2
270009 1
084322 2
115343 2
081720 2
081615 2
051500 2
115430 0
083559 2
084031 2
082829 2
083884 2
113800 2
044100 2
083988 2
083887 2
113836 2
075608 2
075906 2
079172 2
084475 2
083497 2
082828 2
276904 1
044028 2
051251 2
270015 1
081748 2
114873 2
044115 2
078442 2
084317 2
081637 2
081890 2
082615 1
079145 2
114487 2
114894 2
078659 2
043965 2
114467 2
078630 2
082144 2
084216 2
075472 2
074557 2
115322 2
074528 2
114932 2
044193 2
082124 2
050972 2
079325 2
114908 2
083977 2
080884 2
269649 1
084318 2
078098 2
078259 2
114413 2
083168 1
051074 2
269586 1
083119 1
051068 2
081901 2
270013 1
084345 2
081903 2
078164 2
078252 2
075561 2
084211 2
079641 2
083053 2
083962 2
081922 2
044258 2
078128 2
078823 2
084335 2
075315 2
078285 2
084469 1
081814 2
084197 2
270014 1
079837 2
269658 1
075325 2
084153 2
081482 2
080867 2
084131 2
084331 2
045040 2
084339 2
083699 2
084104 2
084479 2
044108 2
079793 2
079970 2
043991 2
084439 1
114523 1
084255 2
082075 2
082080 2
044255 2
081728 2
084109 2
115508 1
075186 2
078445 2
084226 2
082077 2
082627 1
079167 2
083071 1
083969 2
082779 2
079129 2
114972 1
043937 2
269640 1
081778 2
115347 1
084154 2
084100 2
051073 2
084083 2
084457 2
084085 2
114603 2
084118 2
083578 1
084110 2
043879 2
114987 2
084043 2
083961 2
082764 2
044184 2
082073 2
051412 2
044339 2
280412 0
043927 2
044832 2
044773 2
044850 2
045120 2
044221 2
084413 1
081229 2
115445 1
045144 2
084117 2
114414 2
083694 2
051079 2
084075 2
043929 2
084348 2
112097 2
084178 2
084232 2
115039 1
051397 2
081506 2
051150 2
114436 2
115034 1
043864 2
082769 2
080019 2
084283 2
271840 1
114556 2
045205 2
084304 2
114848 2
114852 2
077703 2
044023 2
083931 2
083932 2
081907 2
084147 2
079341 2
114989 1
084106 2
075191 2
081709 2
084696 1
210897 1
079670 2
084006 2
114258 1
084306 2
081963 2
081911 2
276891 1
078093 2
084038 2
079644 2
078458 2
114570 2
084097 2
082099 2
219889 1
084111 2
078043 2
276748 0
114465 2
210962 1
114484 2
211015 1
219891 1
211014 1
082093 2
181231 1
114295 1
084175 2
081807 2
223506 1
082002 2
074907 2
051431 2
079360 2
181262 1
223511 1
050832 1
015108 2
074721 2
051395 2
079642 2
051557 2
271898 1
084053 2
084052 2
044194 2
279827 1
115446 1
084213 2
044238 2
043966 2
051187 2
044218 2
078049 2
082577 2
084149 1
084265 2
084617 1
083700 1
084387 2
136354 1
084267 2
181198 1
115629 1
136059 1
084074 1
083990 2
220514 1
084775 1
080366 2
007106 2
120705 2
120692 2
082089 0
181139 0
080424 2
082614 2
082651 1
051218 2
108045 1
220004 1
082629 1
084360 2
044106 2
113971 2
084017 2
084583 2
115136 2
084596 2
220007 1
277015 1
137440 0
051210 2
180323 1
083955 2
180277 1
083027 1
051069 2
084206 2
115280 2
084101 2
083305 1
114990 2
051107 2
128261 0
083957 2
084112 2
114961 2
083029 2
211776 1
084042 2
083996 1
084249 2
115703 1
075143 2
083037 2
078303 2
081768 2
051202 2
062670 2
081889 2
051207 2
081794 2
081698 2
277028 1
115113 2
115121 2
084011 1
084231 2
084128 1
075464 2
115674 1
084076 2
084103 2
082964 2
083039 2
186597 1
083940 2
084047 2
084718 0
186599 1
115497 1
081896 2
080426 2
084805 2
084069 2
115676 1
271101 1
180268 1
084062 2
271153 1
180635 1
084383 2
114007 2
154470 0
114009 2
114648 1
179693 1
179703 1
179961 1
179963 1
179999 1
180033 1
115435 2
029062 0
180626 1
180614 1
084308 2
180595 1
081713 2
051094 1
180592 1
089290 1
114786 1
084243 2
165339 0
051193 1
051206 1
051195 1
114673 1
080217 2
051213 1
084759 2
083207 2
051192 1
083161 2
051059 1
051198 1
084091 2
083686 2
047416 0
051186 1
051204 1
084691 2
051217 2
051209 1
051197 1
113997 2
051112 1
113986 2
083162 2
050849 1
051211 1
051166 0
114023 1
084377 2
051199 1
114018 2
051201 1
051189 1
051216 1
084365 2
051200 1
051221 1
051081 1
051215 1
051092 1
051223 1
080236 2
084120 2
051208 1
084217 2
051203 1
