250302 1
250390 1
080670 1
086986 1
243873 1
243825 1
087065 1
086998 1
228417 1
269006 1
240797 1
101905 1
086943 1
277198 1
243783 1
087068 1
277204 1
240766 1
239575 1
067757 2
078083 1
243867 1
080644 1
089292 1
087069 1
078213 1
077470 1
078074 1
020327 2
078068 1
087041 1
085671 1
277200 2
078046 1
066933 1
243884 1
241467 1
087067 1
280271 1
280238 1
091637 1
098874 1
086775 1
080467 1
087036 1
250819 1
005708 1
243913 1
269503 2
080470 1
098921 1
077649 1
226249 1
077701 1
278912 2
254972 1
235820 1
094120 1
088160 1
086783 1
088143 1
086886 1
080440 1
087030 1
271433 1
090870 1
085661 1
086649 1
278867 1
030733 2
168254 1
080709 1
163304 1
199461 2
087037 1
243882 1
271603 2
067144 1
269506 2
090829 1
089733 1
237701 0
086897 1
087040 1
086677 1
168033 2
019535 1
168006 1
078013 1
086826 1
090043 1
089267 1
249389 1
087062 1
243994 1
067159 1
251520 1
243626 1
086877 1
278712 2
086892 1
248977 1
086239 1
211669 1
087428 1
093897 1
086719 1
086220 1
089324 1
090758 1
235828 1
090709 1
066876 1
261153 1
278591 1
078179 2
199481 2
272699 1
278154 1
108396 1
241195 1
255880 1
101904 1
278814 1
091059 1
086922 1
259928 1
087032 1
199550 2
006931 1
091070 1
078095 2
241536 1
086754 1
087029 1
046157 2
020022 2
020021 2
089540 1
087278 1
005608 1
120211 1
005714 1
087320 1
087323 1
019998 2
271620 1
087307 2
086767 1
089535 1
086800 1
272661 1
163295 1
272285 1
086034 1
117254 1
257788 2
097311 1
199595 2
271630 1
251352 1
241149 1
087306 2
227981 2
097250 1
259889 1
087049 1
120281 1
090848 1
030734 1
090827 1
240303 1
241169 1
029598 1
244078 1
086080 1
085559 1
080786 1
148885 2
090860 1
278761 2
255890 2
270287 2
085314 1
087059 1
147386 2
278453 1
233697 1
086818 1
118131 1
233303 1
148950 2
276174 2
232999 1
120209 1
276176 2
078323 1
230705 2
252918 1
249343 1
077875 1
086554 2
086546 2
148647 2
249956 1
226422 1
278442 2
243616 1
078218 1
243786 1
086536 2
120150 2
243784 1
005597 1
120192 1
082889 1
078168 2
222603 1
210741 1
244165 1
235829 2
160706 0
086524 1
240241 1
087412 1
242592 2
087411 1
087410 1
264291 2
242790 1
087414 1
223695 1
222744 2
284298 1
233126 2
241217 1
223673 2
070581 1
103754 1
070580 1
103753 1
249219 1
233263 2
070598 1
103771 1
087395 1
272888 1
233141 1
127931 1
086794 1
087384 1
087581 1
271161 0
087614 1
087604 1
185465 0
087889 1
087893 1
087963 1
278753 2
278771 2
262078 2
262079 2
233693 1
028237 1
237031 1
258775 2
241435 1
258760 2
233247 2
005672 1
120283 1
127871 1
233331 2
019330 2
255884 1
249830 1
067016 1
252371 1
005716 1
120335 1
087354 1
029270 1
087888 1
226464 1
081353 1
113062 1
252440 1
272331 2
200622 1
276478 2
241436 1
200346 1
086418 1
200621 1
276493 2
200733 1
080806 2
277014 0
019327 2
271127 2
081350 2
080801 2
256857 1
241439 1
067006 1
087892 2
273467 0
080808 2
271295 2
080506 1
087962 1
087355 1
029071 1
032384 1
067035 1
007734 1
271297 1
007212 1
120769 1
029069 2
078024 1
108822 1
029067 2
249831 1
081057 2
066812 1
258215 2
078084 1
271134 1
029433 2
108846 1
032357 2
244799 1
244831 1
140256 1
147608 2
032359 2
133695 0
108848 1
032314 2
256920 2
083096 1
278356 2
261764 2
086974 1
261296 0
278250 2
227732 1
278251 2
087100 1
229131 2
236582 0
278285 2
278291 2
277659 2
249549 0
086166 1
278142 1
082856 1
278198 0
086150 1
254158 1
077432 1
066935 1
077619 1
077433 1
091111 1
077324 1
239871 1
239836 1
239936 1
225939 1
077310 1
087366 1
254477 2
158989 0
087363 1
254479 2
254492 2
265815 1
254599 0
087238 1
229689 1
083039 1
087417 1
083027 1
074487 1
074488 1
107660 1
107661 1
