226419 1
210803 2
210735 2
199662 1
211355 1
199768 1
207193 1
211988 0
206995 1
202309 1
201723 1
253060 1
201756 1
243224 1
210978 1
207523 2
244451 2
216167 1
201815 1
205796 2
253501 2
184747 1
191960 1
184706 1
206434 2
206808 1
206423 2
080223 2
244471 2
025484 0
191952 1
208579 1
253425 2
192027 1
253354 2
253449 2
253502 2
253558 2
253571 2
253576 2
253600 2
253602 2
253675 2
253701 2
253557 2
253570 2
253575 2
210756 1
233435 2
201813 1
141618 0
202794 1
242624 2
196270 2
229701 2
225400 2
258244 1
201733 2
184695 2
250887 2
243208 1
183845 2
199799 1
197534 1
206698 2
242947 2
275029 2
183853 1
257917 2
108832 1
224535 2
275040 2
197450 1
243857 1
210965 2
240501 2
256022 1
199800 1
257243 1
257343 1
210748 2
108911 1
256099 1
229632 2
287168 2
257272 1
187602 2
203074 0
108912 1
109176 1
108880 1
255936 1
109198 1
109210 1
275063 2
229964 2
287669 2
229876 2
243843 1
228781 1
258502 2
234372 2
197440 1
228910 1
206720 2
202237 1
275249 0
202384 1
234371 2
227462 1
206709 2
202398 0
227546 0
256767 2
256770 2
203076 2
203072 2
243497 1
255060 1
265042 1
200003 1
015242 0
243496 1
243559 1
234290 1
258373 2
017574 2
208546 2
199226 1
254881 0
243558 1
234289 0
199222 1
258357 2
243401 1
243811 1
243818 1
201638 1
243779 1
202344 1
243780 1
101493 1
243561 0
243402 1
251938 0
199153 1
243834 1
201964 1
243862 1
208051 1
201963 1
199160 1
199154 1
244423 1
244426 2
244436 2
250338 1
199156 1
199967 1
237379 2
201958 1
115184 0
244365 1
244367 1
244366 1
244353 2
244261 2
250339 1
237336 2
237378 0
244363 1
244136 1
202262 1
244425 2
136116 0
244143 1
244341 1
257428 0
244732 0
208975 1
271664 2
274359 0
271663 2
208007 1
254637 1
282970 0
262867 1
262872 1
208029 1
208997 1
194468 0
208018 0
128478 1
128627 1
258430 0
206797 1
209712 0
207204 1
263682 0
001554 1
205619 0
019075 1
155811 1
187674 0
243826 0
146539 2
201516 0
070171 2
103344 2
262174 0
070147 2
103320 2
070150 2
