064578 0
086457 0
050307 2
050457 2
080529 2
087573 2
087617 0
076262 2
066406 2
087883 2
088975 0
064277 2
085197 2
085195 2
085188 2
085127 0
085893 2
083085 2
086195 2
086247 2
093167 0
086281 2
083126 2
083141 2
085327 2
085454 0
081228 2
081202 2
064073 0
075088 2
075260 2
063150 2
075542 2
085857 2
080176 2
033382 2
089741 2
096160 2
089730 1
089725 1
096120 2
085072 2
092177 2
079292 2
084146 2
092043 2
092103 2
096414 2
024555 2
047277 2
049475 2
087912 2
024498 2
087470 1
049397 2
273177 0
032387 2
023753 2
086269 0
262917 2
042342 2
050469 2
023641 2
063986 0
273551 2
032418 2
026021 2
041685 0
026130 2
273611 0
041680 0
257215 2
097289 2
024738 2
050451 2
111811 2
083324 2
050306 2
126448 0
050455 2
257221 2
025985 2
024736 0
024500 2
025910 2
224352 2
224351 2
144206 2
050023 2
020205 2
025882 2
087960 2
084880 2
259301 2
087808 2
087528 2
144252 2
087556 2
050070 2
087812 2
087961 2
011051 0
259586 2
075350 2
259595 2
034694 2
075221 2
126182 1
067594 2
260392 0
260387 0
126196 0
079851 2
067631 2
111760 2
079856 2
074961 2
023834 0
074944 2
050503 2
060816 2
074960 2
088646 2
059012 2
020981 2
109558 2
039992 2
067658 0
083398 0
024149 2
050534 2
088668 2
051578 0
051421 2
024512 2
025918 2
092881 0
089846 2
092809 0
092890 0
097366 2
051283 2
044865 0
081520 0
097433 2
044867 2
038162 2
144476 1
097738 0
087861 2
087862 2
087863 2
024509 2
144507 2
038222 2
051284 2
226250 2
036187 2
273302 2
042556 0
260224 0
042591 0
117581 0
019546 2
027973 0
027998 0
036089 0
044095 0
024209 0
260236 0
080838 2
024251 0
273538 2
265780 1
041907 1
273715 0
041903 1
036297 2
080824 2
046023 1
260256 0
024777 2
182519 2
046005 0
087206 0
024704 2
260257 1
021027 2
087136 0
047817 1
260258 1
087137 0
081276 0
020995 1
048672 0
090807 0
069506 1
102679 1
090806 0
185809 0
021151 2
047799 2
021024 2
069829 2
103002 2
020434 0
088695 0
020216 2
090855 0
282110 0
020220 0
109243 0
089017 0
069800 2
102973 2
152067 0
026282 0
020217 2
069532 2
102705 2
030281 2
070531 0
103704 0
069765 2
102938 2
089687 0
064091 2
111631 0
016513 0
110407 0
258246 0
069422 2
102595 2
033668 0
058765 2
200139 0
128029 0
179719 0
112495 2
070831 0
104004 0
262593 0
112499 2
070861 1
104034 1
001436 2
108447 0
001831 0
033438 0
087827 2
010673 0
261086 0
180530 0
033410 0
028895 0
220274 0
191559 0
271858 0
236799 0
220351 0
111758 0
024491 0
109330 0
220276 0
271911 2
087828 2
087852 0
070825 0
103998 0
070859 0
104032 0
070882 0
104055 0
067598 0
289679 0
249766 0
070870 0
104043 0
067575 0
289673 0
085576 0
276170 0
088162 0
168576 0
024778 2
