256187 2
256429 1
256509 0
256204 2
256341 2
256184 2
256283 0
256342 2
256353 2
256194 0
256398 2
256765 0
278461 0
256157 0
263018 0
256402 0
286739 0
227148 0
226071 0
023741 0
223918 0
087766 2
265662 0
227822 0
099254 0
227874 0
256270 0
111869 1
111870 2
046055 2
085082 1
083568 1
085068 2
046342 2
085081 1
162230 2
050537 1
162298 0
082624 2
080266 2
162229 2
043632 1
045776 1
043624 1
041485 1
078291 2
040906 1
059257 2
044154 1
080022 2
040149 1
065952 2
077613 2
080450 2
083230 2
029387 2
084150 2
029074 2
100013 2
034760 1
057700 2
033626 1
030050 0
030856 1
036212 2
155000 2
154998 2
067241 1
067255 1
129692 1
151682 1
004595 1
269285 0
057889 2
269364 0
009038 2
064442 1
258017 2
007605 2
057882 2
064453 0
064444 0
012582 2
091902 0
286668 1
075722 1
099581 0
244411 0
099588 0
001143 0
088011 1
099649 0
245106 2
003013 2
134229 2
286704 2
000329 1
265676 1
046637 1
051434 2
189482 0
111352 1
012352 2
259246 0
232637 2
018392 0
265210 2
265322 2
008726 2
233217 2
057711 1
232639 2
260000 0
260012 2
233238 2
233237 2
232604 0
233255 2
232586 2
232620 2
233791 0
233803 2
233807 0
233809 0
233821 0
241866 2
242057 0
242066 0
232591 2
232592 2
232880 2
002094 2
170306 0
115278 2
170277 0
170250 0
057024 0
079578 2
026892 0
022532 2
111570 1
219498 2
033174 2
033297 0
028289 2
231928 2
263570 2
095524 0
111582 0
009523 2
121982 2
263571 2
231975 0
261227 2
116006 2
085269 1
085253 2
281877 1
257527 2
258330 2
200549 0
268459 2
260840 0
260920 0
266988 2
193830 0
086454 2
009521 2
121980 2
012441 2
266991 2
008431 2
267186 2
267193 2
267195 2
267198 2
141536 2
141305 2
141326 0
008359 2
267192 0
142105 2
267194 0
086412 2
267197 0
086411 0
267185 0
164644 2
284669 2
233710 2
284681 2
236157 2
284693 2
286657 2
286735 2
236253 2
238506 2
239077 2
244455 2
244462 2
009522 2
121981 2
124325 0
263337 0
288779 2
263376 2
279290 0
045183 0
052593 0
009401 0
169931 1
116786 0
169983 0
238505 2
158262 0
188749 2
079747 0
087542 1
110449 2
010348 0
122669 0
128163 0
239076 2
288780 2
219696 2
244454 2
244461 2
083668 1
052557 1
197909 2
007443 2
196288 2
197921 2
087661 1
200721 2
196289 2
200762 2
110479 0
233790 2
233808 1
233802 2
233806 2
087559 1
084929 2
241865 2
084888 2
233820 2
242056 2
242065 2
244453 2
084391 2
244460 2
062104 1
063289 0
144692 2
262608 2
260212 0
155203 2
094243 1
067489 1
223119 2
223135 2
279127 2
094472 2
045100 0
094539 1
279130 0
155029 0
262667 0
262613 1
262625 1
084394 0
084237 2
066998 1
262717 2
087666 2
262687 2
067524 0
087680 0
070798 0
103972 0
087719 0
087725 2
087761 0
273090 0
197910 2
197922 2
200722 2
200763 2
286734 0
087760 0
264512 0
090743 0
192001 0
099323 0
256598 0
110996 0
256627 0
264514 2
229648 0
264541 2
110997 2
257621 2
228913 2
289576 0
289584 0
000972 0
228791 2
282665 2
122370 1
281685 0
148193 0
122371 2
282685 2
010034 0
100452 0
131591 2
281696 0
010092 0
122390 0
129930 2
230390 0
242470 0
034692 2
288446 2
137946 0
093883 2
263008 1
090596 1
148209 0
092902 1
000920 0
043603 0
066081 0
135572 1
137968 0
227661 0
194782 2
216287 0
092912 2
135376 0
131592 0
131667 2
288557 2
194784 0
090622 2
194785 2
288447 2
194805 0
194814 2
131669 0
131683 0
005390 2
009596 2
093898 2
131642 2
243900 2
140353 0
064174 2
243901 2
262710 2
131648 2
067746 0
067774 0
243883 2
243674 0
064168 0
257021 0
262712 2
262731 2
262732 2
034377 0
079652 1
263338 1
263377 1
162228 0
230869 1
244592 0
257027 0
018482 2
128764 2
155661 2
244613 0
131675 0
095588 2
034554 2
078405 0
287092 0
123030 0
034546 2
109983 0
010042 0
109969 0
100404 2
230855 0
230868 0
095472 0
011743 2
258329 2
243925 0
170311 0
094776 0
064613 0
257526 2
262702 0
039559 1
262679 0
146336 2
001858 2
023460 0
170288 0
088523 2
132017 0
280498 0
285088 2
023412 2
202323 2
260082 0
227632 2
054993 1
001159 2
227652 0
202272 2
017255 0
129623 0
012244 0
042079 1
088844 2
192485 0
168553 0
154615 0
202266 2
193705 2
259435 0
088725 2
132019 2
008057 0
121453 0
233317 2
260019 0
202305 0
233307 2
193790 0
193785 2
193792 0
039522 0
039498 1
023367 2
035810 0
000912 2
024397 2
023413 2
084884 0
190201 2
084918 0
085015 0
024385 2
153500 0
030651 2
131639 0
131742 0
098621 1
284855 0
263828 0
022258 2
263829 0
192519 2
244882 0
131559 2
046221 1
200313 0
034179 1
085198 0
082415 0
263575 0
067243 0
021842 0
071138 0
104311 0
022368 0
022365 1
076835 1
263521 0
027994 1
067081 0
022355 0
111470 2
029255 0
039431 0
021844 0
168883 0
050824 0
046040 2
037473 0
093659 0
050801 0
200620 2
046173 2
024283 2
076423 2
111481 2
131560 2
131561 2
131563 2
000869 0
022335 0
131562 2
022338 2
022390 0
140767 0
260081 0
024280 2
065766 2
268789 2
022372 0
166819 2
140830 2
233805 0
152473 2
273664 0
044935 2
064056 0
209943 2
132020 0
017746 2
129277 2
204642 0
065983 0
022317 2
078280 1
277932 0
045373 0
063791 0
269445 0
287814 0
156019 2
045216 1
233390 0
094222 0
075064 0
032367 2
112037 2
236112 2
165053 0
233667 0
256858 0
152502 0
146709 0
285006 0
063075 0
024037 0
094033 0
000895 2
133111 1
094658 0
286927 0
039473 0
227669 0
054600 1
133065 0
236135 0
022321 0
022331 2
032431 2
131605 0
131555 0
159720 0
112328 0
152488 0
152491 0
076887 1
055623 0
154684 0
280852 0
107840 2
154648 0
016914 0
286473 0
137951 0
000829 0
202826 2
220161 0
220178 0
038777 0
145988 0
169984 0
107901 2
039458 1
050611 2
282759 0
045549 2
130878 0
169883 0
235193 0
150994 0
152134 0
264621 0
050346 0
080832 0
228604 0
138596 2
138597 2
261131 0
131054 0
244739 2
027217 1
062844 0
067987 0
154578 2
081070 0
121257 0
064632 0
001507 0
259959 2
235407 0
055517 0
235389 2
045573 0
121921 0
279242 2
279244 2
279292 2
100581 2
071412 0
104585 0
164929 0
282761 0
045575 1
282767 0
282769 0
279713 0
281192 0
154549 0
045545 0
138728 0
138757 0
279372 0
283619 0
267487 0
267490 0
045574 0
187116 0
138863 2
219402 0
202304 0
227826 0
274846 0
219404 0
269733 2
058531 0
244568 0
029055 0
029064 0
235504 2
035394 0
035419 0
177821 0
177823 0
177826 0
177828 0
177831 0
177838 0
029011 0
201097 2
028010 0
287698 0
179523 0
235539 2
227840 0
287382 0
211739 0
061998 1
031850 0
227842 0
023821 2
074607 0
148344 0
289458 0
192247 2
020313 0
033781 2
059263 0
088179 1
053746 2
202592 0
157376 0
157377 0
200740 2
227850 0
006972 0
120597 0
066984 0
045406 0
211771 0
143413 0
071125 1
104298 1
036537 0
167951 0
051914 0
143422 0
275361 0
280688 0
182198 0
143466 2
194086 0
114566 2
071102 0
104275 0
071024 1
104197 1
071019 0
104192 0
071022 1
104195 1
114627 2
114652 0
023719 0
087543 0
122851 0
119574 0
119569 1
119557 0
005185 0
119627 0
119568 2
143272 2
148211 0
040977 2
260507 0
094752 1
286368 2
143337 2
046497 0
179244 0
022342 0
088552 1
091075 0
094848 0
080336 0
078580 0
146479 0
091574 0
071174 0
104347 0
035779 0
119581 0
064614 0
044661 0
148809 0
179248 0
260548 0
064616 0
052620 0
126997 0
064617 1
284692 1
066306 1
235219 0
283164 1
022938 0
081415 0
064508 0
035351 2
279913 2
040018 0
081599 0
111867 1
044793 0
255622 0
060220 2
067752 0
224519 2
223118 0
264317 0
273392 0
008060 2
121460 2
033401 0
223134 0
233499 0
084380 0
128327 0
039579 0
071075 0
104248 0
095881 0
253496 2
233460 0
148262 1
090237 1
084366 0
253562 2
224572 0
224677 0
224731 0
224736 0
224583 0
035296 2
283178 2
148267 0
283473 0
257104 2
035132 2
111785 0
044807 0
289809 0
279719 0
186292 0
257188 1
279717 0
124631 0
111861 2
101027 0
269350 2
186454 0
058856 0
066627 0
124599 2
000870 2
076481 0
066677 2
115096 0
064783 0
036412 0
066694 1
284312 2
284400 2
148026 0
069732 0
102905 0
279270 2
269351 2
064780 0
253636 2
016664 0
016662 0
148040 0
224042 0
170026 2
112003 0
027001 0
212341 0
078941 0
089703 0
061005 2
138514 0
089728 2
039544 2
060265 2
089585 0
064077 0
170182 2
000813 2
099248 0
133095 2
131753 0
081280 0
269373 0
118865 0
000971 0
286901 0
183337 2
044904 0
273984 0
267990 2
081224 0
273982 0
151197 0
175828 0
224696 0
269376 2
131754 0
014253 0
110746 1
265629 0
016895 0
159719 2
164536 2
010555 0
044873 0
169977 2
261909 0
131665 2
147932 0
008591 0
159703 0
159686 1
253718 2
169861 0
169863 0
164532 0
164534 2
066857 2
066758 2
066790 2
066650 2
279277 0
127637 0
269297 0
137592 0
174560 0
126175 2
269400 0
174519 0
024102 1
156876 2
174132 0
010350 0
174468 0
174128 0
024101 1
169947 1
269298 2
023709 1
174488 0
131712 0
180188 0
048604 0
267196 0
283798 0
024044 1
277296 0
006169 2
124634 0
048495 0
277341 0
060825 0
183892 0
277344 0
124720 0
175713 0
175718 0
175725 2
175737 2
284492 0
150439 2
004443 0
118629 0
277345 0
174478 0
277676 0
147440 1
070910 1
104083 1
066039 0
277349 0
000477 2
058508 2
261191 0
100461 0
011547 0
122768 0
122553 0
242026 0
062785 0
227079 0
094341 2
098161 2
186473 2
079715 0
029722 0
132131 0
094307 1
124632 0
098180 0
000020 0
146426 0
174476 0
199091 0
147273 0
098353 0
228733 0
102082 0
161099 0
118136 0
259332 2
133084 1
161097 0
043771 0
129931 2
277616 0
178147 0
050085 1
067614 2
285667 0
067611 2
101751 0
017398 0
122740 0
133078 0
050081 2
160011 0
002774 0
000300 2
098268 2
067652 0
008626 2
014299 0
067655 0
111865 0
109187 0
109212 0
013994 0
114844 0
061187 0
008443 0
193590 0
160012 0
013191 0
178145 2
183607 0
182755 0
121454 0
183599 0
143373 2
061340 0
178140 0
007982 2
121386 2
177979 0
161742 0
158984 0
114831 0
024392 0
003997 2
163127 0
170468 0
170469 0
160877 2
220008 0
065686 0
034433 0
154956 0
131475 0
121450 2
146683 0
232861 0
130209 0
111880 2
109744 0
014126 0
059234 0
133043 0
087606 0
257533 0
170226 0
018094 0
061733 0
128289 2
001303 0
061887 2
193593 0
270786 0
270794 0
196002 0
170459 0
170460 0
061795 0
131476 2
024373 0
085236 0
160784 0
187588 0
130416 0
133045 0
143487 0
147844 0
114866 0
160150 0
155850 0
130207 0
141318 0
210617 0
232862 0
146694 0
233506 0
035525 0
014265 0
169871 0
272932 0
131647 0
093810 0
235967 0
132112 0
196008 0
056350 0
034432 2
114865 0
177712 0
179514 0
272937 0
001004 0
175410 0
133048 0
128548 0
128584 0
051520 0
259576 0
198402 2
095673 0
199225 0
161074 0
188561 0
160062 0
198462 2
121451 2
121452 2
008058 0
121457 0
121372 2
008034 2
121430 2
131467 2
010775 2
199797 2
131442 0
131410 2
110749 0
056799 0
141032 0
050392 0
000833 0
287098 0
060065 2
045492 1
002430 0
109985 0
126397 0
126942 0
287097 0
090745 0
141044 0
078776 1
