145072 2
149718 1
258702 2
177758 0
192073 2
147702 2
177674 2
177735 2
177759 2
145863 2
152884 2
152890 1
152896 1
208884 2
192069 2
188321 0
213033 2
152504 2
150019 2
153984 2
150031 2
150029 2
150026 2
150037 2
150011 2
153966 1
163186 2
163155 2
163131 0
141734 0
163134 0
153060 0
151888 0
153100 0
157512 0
133167 0
165771 2
163379 2
152505 1
237588 2
193164 2
153674 0
191736 2
285262 2
285270 2
285273 2
285278 2
191737 2
265185 2
152075 2
150921 2
159282 2
226019 2
268368 2
272064 0
268383 2
151207 2
261223 2
150563 2
267191 1
256706 0
256709 0
152030 2
233010 2
259343 2
277942 2
277939 1
233026 2
168530 1
151035 0
235250 2
131565 2
267475 0
149728 2
235256 2
235248 2
099728 1
037176 2
243609 0
235287 2
168527 2
100768 2
100742 2
034925 2
035139 2
037318 2
037251 2
034924 2
258910 0
279957 2
259221 2
147414 1
227552 0
285261 2
285269 2
285272 2
285277 2
035590 1
287875 2
139511 2
041935 2
190408 1
241271 0
175467 0
132821 0
270198 2
132780 0
132786 0
132779 0
224125 0
019912 2
002465 1
003080 0
225002 0
263670 1
155907 1
259342 0
266380 0
271300 0
271189 0
085633 0
271128 0
177734 0
220506 0
271205 0
266837 2
137999 1
267298 0
156837 0
014323 0
266856 2
263662 1
002820 0
213077 0
056337 0
263694 1
