187227 1
193625 1
173852 1
193636 1
193621 0
193637 1
193638 1
193746 2
078716 0
183372 2
144269 2
130899 2
130846 2
130885 2
176986 2
176990 2
176984 2
176971 2
176981 2
176972 2
176980 2
011048 2
192796 2
184311 2
184304 2
201558 0
173419 0
007261 0
256381 2
178458 0
249427 1
178464 0
191253 2
176780 2
178322 0
178331 0
152720 2
171128 2
021587 2
107719 2
177013 2
066802 2
177070 2
160046 2
080444 1
160074 2
066524 2
175367 1
007938 2
121351 2
123391 2
176686 2
176636 2
011899 2
081232 2
176649 2
177912 1
152824 1
169673 1
289368 2
169687 2
279180 2
152851 1
067093 2
130847 2
130886 2
130900 2
169674 2
152833 1
178513 1
030649 0
067099 0
222522 0
039138 1
199294 1
199330 2
007401 0
199391 2
121978 0
218213 2
089470 2
152990 0
220212 1
267911 0
267917 0
218222 1
155338 2
082974 2
187344 0
152261 0
242648 0
242782 0
127090 0
255080 1
255056 2
255021 0
254963 0
177449 2
071706 1
104879 1
210842 2
175614 0
148562 0
173343 2
025268 0
177196 2
169978 0
169979 0
210827 2
006838 0
075042 0
210816 2
179268 1
011314 1
114210 0
221504 0
221525 0
190192 0
060448 0
000882 2
228395 0
000010 0
152225 0
019973 2
182578 0
099605 2
230067 0
182485 0
152213 0
230114 0
087216 0
118773 0
178101 0
052192 0
176827 0
015637 0
077709 0
167590 0
167591 0
013292 0
124770 0
167607 0
124768 0
004570 0
118774 0
215246 0
182587 1
179479 2
030552 0
179472 2
199430 0
182596 0
195702 0
195562 0
202144 0
201395 0
231942 0
196906 0
196845 0
202815 0
024478 0
202942 0
151379 2
232780 0
151291 2
151304 2
075809 2
120293 0
011384 2
033495 0
160565 0
165459 0
179799 0
191910 0
019849 0
016859 0
016824 0
076133 0
243930 0
177160 0
194570 0
199396 0
077779 0
123967 2
199395 0
222529 0
288077 0
224670 0
159766 0
102079 1
002444 2
