088377 0
286395 2
286399 2
285887 2
285767 2
285768 2
285825 2
285815 2
285899 2
286386 2
286396 2
286400 2
286382 2
130439 0
005506 2
120088 2
120069 2
120068 2
120058 2
005772 2
120387 2
005643 2
203620 0
093922 2
093953 2
147168 1
244768 0
089355 1
093977 2
089341 1
093928 2
094023 2
093930 2
089330 1
090603 1
088379 2
090592 1
088385 2
088397 2
088407 2
088417 2
088383 2
088415 2
088766 1
088750 1
074993 2
075013 2
077611 2
093987 0
009419 1
121877 1
010889 0
096701 1
077733 0
096698 1
089356 0
131687 2
181607 0
244661 0
077610 0
131709 1
218020 0
081504 1
050368 0
185634 0
085625 0
090100 2
090190 2
126596 1
075738 2
115383 1
185897 0
017960 0
142436 0
098568 1
087683 0
052029 0
052026 0
069333 0
098542 1
034684 0
114976 1
095887 0
098901 0
009912 2
122256 2
075680 0
254384 0
053401 0
243747 1
243744 2
135034 0
075686 0
002046 0
288803 0
090405 0
075106 0
075101 0
095197 1
072242 0
105415 0
072268 0
105441 0
075132 0
008054 1
075109 0
075125 0
077133 0
010412 0
118899 0
197585 0
114974 0
117386 0
117973 0
112560 0
009706 0
000916 0
007247 0
007607 0
130409 0
117974 0
009422 0
112312 0
112259 0
108270 0
083620 0
083621 0
113367 0
004425 0
085548 0
116392 1
116727 1
223983 1
138058 1
116349 1
071308 0
104481 0
224168 1
004768 0
067823 0
004691 0
121883 0
180663 1
058162 0
071086 0
104259 0
040024 0
040008 0
040044 0
040051 0
115378 0
047488 0
064937 0
062859 0
062852 0
013253 0
063339 0
192708 0
116196 0
114877 0
114878 0
255012 0
255177 0
114112 0
275523 0
114885 0
048282 0
068759 0
093762 0
093704 0
117333 0
093764 0
116966 0
063196 0
093748 0
284253 0
134512 0
283888 0
283955 0
231238 0
212163 0
046234 0
100939 0
284386 0
127190 1
211625 0
185204 0
185201 0
164174 0
211734 0
276190 0
060962 0
283952 0
063730 0
251742 0
211796 0
026875 0
211804 0
060960 0
026853 0
100183 0
079226 0
127193 0
127206 0
140282 0
096129 0
057286 0
064357 0
220439 0
019394 0
247680 0
079568 0
071243 0
104416 0
083183 0
071313 0
104486 0
046130 0
147412 0
064358 0
033229 0
142237 0
147413 0
055514 0
193204 0
028324 0
069189 0
102362 0
075340 0
044350 0
184801 0
248099 0
244767 0
004790 0
077460 0
077445 0
048133 0
222631 0
077427 0
070428 0
103601 0
111749 0
077598 0
288794 0
288805 0
287162 0
043260 0
071589 0
104762 0
089673 0
288798 0
077487 0
097706 1
126163 0
015438 0
074777 0
127422 0
085027 0
279973 0
089425 0
272888 0
089530 0
088036 0
088119 0
087691 0
097747 1
097632 0
100948 0
100940 0
137371 0
077750 0
290010 0
096005 0
100555 0
137466 0
001243 0
011349 0
215830 0
214312 0
214324 0
214376 0
214438 0
214440 0
285564 0
285615 0
216828 0
100612 0
216088 0
214244 0
193794 0
044497 0
021706 0
135139 0
175958 0
041694 0
219308 0
116601 0
035266 0
253706 0
270009 0
115344 0
290011 0
076777 0
076602 0
076631 0
098454 0
121897 0
238420 0
151118 0
065177 0
031737 0
078768 0
183443 0
147167 0
072122 0
072500 0
072803 0
073066 0
073326 0
073582 0
073844 0
074101 0
074361 0
105295 0
105673 0
105976 0
106239 0
106499 0
106755 0
107017 0
107274 0
107534 0
225360 0
250787 2
095891 0
018972 0
288067 0
244181 0
032980 0
250772 2
252508 0
095049 0
007163 1
118721 0
095224 0
118758 0
118891 0
004681 0
118907 0
113301 0
094513 0
251162 0
036995 0
252231 0
252232 0
251192 0
261876 2
225402 0
282003 0
252248 0
251199 0
283224 0
108799 0
124072 0
276374 0
225442 0
281960 0
046184 0
096066 0
250504 0
082466 0
058089 0
271177 0
058058 0
031393 0
077591 0
082438 0
061629 0
279497 0
096621 0
237531 0
254385 0
226002 0
077622 0
250118 0
254374 0
226112 0
267779 0
080781 0
186956 0
088968 0
186961 0
238528 0
271118 0
176006 0
140040 0
180404 0
177436 0
233923 0
035199 0
149156 0
000328 0
254450 0
175947 0
180415 0
180393 0
231175 0
165597 0
186195 0
238487 0
137358 0
070610 1
103783 1
081708 0
059778 0
039660 0
029256 0
142931 0
269835 0
029425 0
284289 0
284316 0
120001 0
029386 0
099679 0
005452 0
120006 0
284174 0
259525 0
259762 0
260876 0
100004 2
164166 0
281602 0
184802 0
217215 0
187615 0
081378 0
081801 0
232618 0
071016 0
104189 0
066786 0
066830 0
099395 0
096308 0
096305 0
095242 0
096302 0
095192 0
069838 0
103011 0
069794 0
102967 0
096309 0
284766 0
235583 0
284783 1
188151 0
127378 0
284784 0
224284 0
097306 0
097336 0
069142 0
102315 0
051912 0
135190 0
089845 0
097323 0
238040 0
238039 0
110916 0
091896 0
145016 0
174412 1
115325 0
089502 0
185899 0
230127 0
115352 0
230025 0
171054 0
244316 0
244332 0
192227 0
089840 0
039469 0
198120 0
198474 0
097269 0
167911 0
030921 0
176602 0
108724 0
099412 0
243895 2
243890 2
240248 0
257285 0
177264 0
237204 0
237012 0
193634 0
177056 0
193626 0
257280 0
159138 0
275324 0
262671 0
159974 0
177045 0
234170 0
234177 0
234190 0
193457 0
160430 0
159133 0
158999 0
219291 0
262683 0
262686 0
262719 0
262583 0
193627 0
194233 0
221564 0
192187 0
174745 0
263380 0
226147 0
070259 0
103432 0
226190 0
193630 0
017690 0
129311 0
066712 0
222238 0
163611 0
258079 0
192206 0
217884 0
194232 0
083415 0
224227 0
257204 0
222241 0
083417 0
192188 0
224234 0
257206 0
163592 0
257205 0
224285 0
083356 0
066871 0
066873 0
226203 1
258075 0
059513 0
286362 0
030678 0
059519 0
182743 0
116979 0
210650 0
043922 0
179236 0
068373 1
085211 0
216680 0
220350 0
062294 0
024985 0
266856 0
136911 0
075834 0
125006 0
107749 0
061566 0
039979 0
048134 0
040552 0
040553 0
206301 0
179293 0
220712 0
220717 0
085161 0
244389 0
200935 0
244485 0
030639 0
179235 0
276976 0
015236 0
125504 0
212442 0
055369 0
034182 0
083618 0
086484 0
259078 0
224269 0
224271 0
214370 0
222636 0
127710 0
030824 0
266837 0
030915 0
176078 0
220217 0
056405 0
028674 0
048305 0
244175 1
