256945 0
230335 2
173411 0
230340 2
230428 2
230355 1
230426 2
206291 1
230363 2
230364 2
193018 0
206280 1
258140 1
223497 2
275039 0
196063 2
206269 2
230344 1
267885 0
198157 1
257920 1
198455 1
230337 2
198415 1
198115 1
198118 1
197992 1
204674 2
197993 1
198101 1
204476 2
193241 2
198025 1
264311 1
205411 1
231924 0
204806 1
243031 1
198244 1
210492 1
274836 1
192945 1
195894 1
184158 2
184192 2
258353 1
274838 1
192655 2
192663 2
192675 2
192677 2
192678 2
275171 1
201220 1
274998 1
235789 1
254519 1
256116 1
277428 1
194742 1
275049 1
275053 1
274779 1
273940 1
275057 1
275060 1
275022 1
253810 1
254610 1
194745 1
274684 1
229488 1
253813 1
269307 1
274755 1
237009 1
190852 1
234111 1
274541 1
234068 2
280219 1
276653 1
234066 1
237403 1
182488 2
234114 1
225396 1
225455 1
225391 1
225781 1
225764 1
232476 1
227723 1
263989 1
279053 1
253648 1
273216 1
267334 1
273448 1
170618 2
234835 1
200051 1
234849 1
268961 1
234820 1
279002 1
279055 1
158185 2
221180 1
274764 1
267160 1
235141 1
202805 2
286424 1
286427 1
176308 2
202248 2
256582 1
284974 1
226749 1
285304 1
276458 2
231898 1
018787 1
197763 1
228971 1
158186 2
012750 2
152397 2
192394 1
157915 2
211234 1
192572 1
287774 1
152394 2
153792 1
234744 1
284985 1
198024 1
274670 1
191890 1
210361 1
256447 2
234736 1
267933 1
287546 1
274719 1
018698 1
234413 1
259841 1
244319 1
190644 2
230065 2
159852 2
244305 1
274365 1
210727 1
257589 1
171519 1
160331 2
278512 1
285320 1
244910 1
244397 1
254994 1
279064 1
253072 1
268031 1
259514 1
255674 1
163471 0
236111 1
239343 1
243640 1
213213 1
256043 1
255652 1
243634 1
257974 1
244399 1
259015 1
257973 1
162819 2
184530 2
279422 1
179398 1
221402 1
267238 1
154786 1
276906 1
267401 1
229438 1
184556 2
258195 1
002815 1
240271 1
184588 2
198889 1
154568 1
184555 2
199042 1
199044 1
184518 2
199096 1
154775 1
154482 1
164091 1
155031 2
154591 1
244416 1
196081 1
002622 2
154881 0
216295 1
154490 1
154957 2
269168 1
271679 1
010786 2
082641 1
284330 1
241490 1
257108 1
199069 1
162882 2
282846 1
127117 2
154958 1
197039 1
278243 1
282864 1
274562 2
164146 0
282847 1
191185 2
219675 1
254248 1
285653 1
276658 1
199068 1
154427 1
221656 1
127264 1
165387 1
173650 1
284161 1
162876 2
156647 2
219727 0
127279 2
278606 1
278621 1
156642 1
201533 0
187255 2
192558 1
256890 2
278569 1
272303 1
244972 1
138290 1
256888 2
138253 1
201578 0
201580 0
187259 2
158714 1
221637 1
221581 1
229631 2
257361 1
220748 1
222521 1
244964 1
274786 1
256932 1
221429 1
270939 1
158606 1
071106 1
104279 1
222055 1
071104 1
104277 1
157679 1
270986 1
257094 1
274678 1
138763 0
275076 1
274996 1
275400 1
242337 1
274680 1
256880 1
275061 1
242333 2
275135 1
274797 1
274685 1
255411 1
256970 1
275402 1
257443 1
257390 1
275403 1
275414 1
275062 1
275001 1
274772 1
274736 1
275000 1
270958 1
270993 1
274640 0
274997 1
257038 1
274658 1
274711 1
274703 1
275163 1
256892 2
275416 1
257138 1
275486 1
274713 1
275399 1
275078 1
275857 1
277173 1
275074 1
274706 1
256931 2
257370 1
152276 1
201672 2
221887 1
162056 2
257110 1
274662 1
257393 1
079258 1
079259 1
275395 1
275396 1
275415 1
275413 1
274746 1
275002 1
257499 1
257503 1
257438 1
274762 1
201691 2
274757 1
016635 1
075049 0
271313 1
274709 1
274783 1
274744 1
279771 1
139392 1
256965 2
274742 1
274716 1
256867 1
139475 2
137220 2
277175 1
278702 1
257415 1
173202 2
275079 1
257313 1
274620 1
244873 2
274733 1
274732 1
244971 1
278785 1
274768 1
267629 1
269894 1
019032 1
274635 1
169647 1
153556 1
244973 1
244974 1
274777 1
247029 1
247385 1
173207 2
274962 1
153571 1
274778 1
138385 1
156351 1
274749 1
274727 1
274734 1
197756 1
256889 2
274871 1
270987 1
154788 2
276843 1
274815 1
276861 1
117133 1
275430 1
275125 1
257324 1
257166 1
153558 1
247415 1
173213 2
153085 2
154789 2
257117 1
257307 1
274830 1
099631 0
274712 1
274579 1
275033 1
275401 1
275006 1
257365 2
283188 1
257374 1
116046 0
256940 2
274841 1
257302 1
156124 2
270967 1
153535 1
173216 2
275038 1
154771 1
257161 1
275137 1
275283 1
274625 1
156693 2
276664 1
257402 1
274724 1
274873 1
158948 2
274566 1
275260 1
275026 2
152398 2
257134 1
257172 2
275659 1
202656 1
151544 1
257168 1
153968 2
257234 2
269074 1
275071 2
275081 2
275292 1
151313 1
257167 2
274626 1
151318 1
151306 1
275212 0
151305 1
270981 1
137821 1
274775 1
270935 1
257937 1
266772 1
274820 1
276864 1
153710 1
008754 2
257320 1
257321 1
157893 2
247028 1
276700 1
172929 2
266443 1
270881 1
266362 1
189917 1
257672 2
270889 1
266072 1
266069 1
266768 1
269048 1
137861 1
257237 1
268780 1
257678 1
276808 1
265282 1
150202 1
247384 1
275664 1
137833 1
256987 2
153738 1
265245 1
154824 1
173330 2
265315 1
247387 1
172878 1
265224 1
176466 1
137856 1
269614 1
274754 0
265329 1
154790 2
257135 1
247346 1
275275 1
153712 1
153978 1
269611 1
268611 1
274570 1
173314 2
157887 1
000106 1
268960 1
256993 1
154802 2
151310 1
276971 1
154429 1
197214 1
273426 1
274760 1
274737 1
267124 1
281038 1
197205 1
238482 2
275068 1
268944 1
269246 1
175742 0
154131 1
025714 1
277000 1
154764 1
266784 1
268954 1
269036 1
269020 1
269465 1
173331 2
274740 1
025296 1
173318 2
247309 1
137364 1
269602 1
245033 1
154811 1
275032 1
275398 1
137374 1
154126 2
268762 1
268663 1
154517 2
173200 2
154734 0
276677 1
274568 1
275738 1
274674 1
154826 1
269547 1
163126 2
163129 2
151545 2
173042 1
264989 1
257140 1
264027 1
268674 1
201954 2
148992 1
274601 1
034166 0
274667 1
172953 2
255347 0
016029 1
154522 1
177565 1
276668 1
268678 1
002315 1
274739 1
177571 1
119892 1
168132 0
154756 1
014352 1
119254 1
018867 0
274741 1
275069 1
275121 1
275280 1
173248 2
176693 1
001552 1
173326 2
182631 1
172954 2
182637 1
154518 2
138236 2
176731 1
176695 1
176735 1
176733 1
147163 0
275472 1
137316 1
137293 1
274701 1
005462 0
138237 1
274720 1
137288 2
133162 1
173205 1
154749 2
154671 1
154813 0
077143 1
154516 0
237434 1
190808 1
190778 1
161388 1
176738 2
141561 2
190827 1
173296 1
173561 1
150878 1
197244 1
267989 1
154524 0
257158 0
153052 1
240284 1
237420 1
161847 1
276842 1
274595 1
275805 1
276744 1
275031 0
275397 0
015890 1
270953 1
264409 0
155167 0
224069 1
154763 1
117120 1
160962 1
274632 1
154672 0
154902 1
005083 0
052775 1
176421 1
193971 0
256886 2
201070 1
201148 1
276848 1
275350 1
149142 1
256893 1
232463 2
274600 0
193948 0
173308 2
161263 0
010552 1
163762 1
158560 1
278684 1
277074 0
219199 0
201059 1
201142 1
275349 1
237419 1
221981 1
177920 1
154898 1
237435 1
161176 1
052637 1
176408 1
275509 1
190386 2
223899 0
165747 1
276659 1
276357 1
173588 0
148787 1
273221 1
273262 1
276359 1
177971 1
085621 1
173315 2
273451 1
173329 2
094328 1
085631 1
275594 1
160865 1
276593 1
270802 1
161146 1
279059 1
174422 1
279051 1
270892 0
278540 1
178648 1
275178 1
270798 1
188101 2
155576 1
270801 1
276749 1
270994 1
158551 0
178763 1
257157 1
263187 1
273961 1
257145 1
276678 1
163455 1
256982 1
263191 1
271059 1
173257 2
285989 1
162351 1
162356 1
281936 1
150088 1
272169 2
015744 1
272128 2
173412 2
271054 1
004144 1
118253 1
165398 1
272001 2
176220 1
272129 1
154843 1
273936 1
274605 0
276379 1
273214 1
276716 1
154503 0
154836 1
283475 0
276992 1
274016 1
250460 2
129926 0
276996 1
148555 0
148545 0
279065 1
178769 1
159003 1
159004 1
276338 1
276844 1
196879 0
156492 1
174407 1
276715 1
254390 0
278532 1
254378 0
254380 0
254372 0
254382 0
278538 1
271304 1
211766 1
097100 1
271032 1
190777 1
165833 1
097090 0
097112 1
271036 1
165837 1
229348 1
157176 1
164291 2
093474 0
174423 1
130303 0
001232 0
285953 1
278616 1
271110 1
178787 1
161303 1
154823 1
154632 1
276380 1
276566 1
156493 1
257420 1
225454 1
271044 1
278548 1
161356 1
187276 1
253792 0
253698 0
275485 1
271601 1
253852 0
132816 1
253821 0
273250 1
002081 0
154845 1
174625 0
275070 1
130159 0
154809 1
272403 1
178083 1
275365 1
148772 2
164138 0
162338 2
156486 1
157181 1
154173 1
278386 1
156494 0
153969 1
278798 1
154067 1
132716 1
177885 0
276002 0
260981 0
128527 1
141362 0
278383 1
271591 1
192994 0
261022 0
132796 1
275491 1
132795 1
154068 1
225395 1
173381 1
154633 1
165716 1
154481 1
153988 0
132834 1
132873 1
276748 0
173386 1
165743 1
165875 1
278734 1
132868 1
276849 1
273305 1
271374 1
260380 1
276742 1
224392 1
047410 0
271322 1
278547 1
048009 0
173408 1
068716 0
047623 0
276731 1
257426 1
211767 1
147090 0
271077 1
057706 0
068660 0
225787 1
211580 1
275080 1
226748 0
273246 1
278615 1
224160 1
257377 0
223961 1
158036 1
053844 0
277283 0
201060 0
201071 0
201143 0
201149 0
087281 1
047691 0
276939 1
274627 1
047262 0
154489 0
171566 1
176221 1
221847 1
173805 1
271508 1
276822 1
047712 0
276339 1
276358 1
276360 1
276381 1
276567 1
171555 1
264799 1
264858 1
264860 0
264990 0
175361 1
271406 1
276565 1
271015 1
063605 0
166056 1
063595 0
271065 1
276738 1
047708 0
260364 1
276732 1
271076 1
169098 0
169099 0
271301 1
278640 1
154793 0
271391 1
274633 1
280080 0
057045 0
253389 0
278550 1
025713 0
172779 1
006983 0
173686 1
225780 1
278559 1
173898 1
278641 0
271509 1
087259 0
175605 0
278629 0
257805 1
179117 0
049176 1
049168 1
274639 1
172767 2
273903 1
175623 0
272190 1
116876 0
136199 1
272193 1
173327 2
064332 1
154538 1
141975 1
142066 0
274573 1
276667 1
153458 0
087144 0
277003 1
052751 0
041905 1
175629 0
161192 0
092046 0
196066 0
181744 1
087129 0
017581 0
274617 1
274585 1
276825 1
061214 1
154574 1
119489 0
138624 1
286643 1
140626 0
262792 0
164369 1
176426 1
275362 1
063302 0
009675 1
122090 1
061176 1
256042 0
278800 0
111499 1
162906 0
276689 1
110352 1
274607 0
061169 1
221903 1
140539 0
196459 1
149983 1
271540 0
138605 0
272223 0
286426 1
278551 1
092089 1
168532 1
271116 1
160817 0
094331 0
133857 1
007158 2
165820 1
141878 0
234419 0
173389 2
028877 0
153559 1
153725 1
257455 1
030131 0
276767 1
142075 0
162815 1
252220 0
174697 1
277781 0
043658 0
016720 1
274604 0
174734 1
188814 0
278809 0
257800 1
275151 1
082639 0
272219 0
173335 1
283638 0
224172 1
286714 1
158972 1
274636 1
283576 0
286782 1
286809 1
174863 1
168501 2
168502 2
224061 1
174874 1
153573 0
224023 1
159062 0
154575 1
257454 1
262802 0
002819 1
173397 2
286423 1
168489 1
117104 0
168888 1
117114 0
173307 2
048718 2
117122 0
273888 0
163593 0
004695 0
118924 0
159076 1
276757 0
277835 0
117901 0
117124 0
153749 1
226400 1
163614 0
113812 0
226475 1
257218 1
113870 0
278637 1
274624 1
160616 2
165395 0
173384 0
003649 1
278184 0
137311 0
114018 0
275366 1
162782 1
276751 0
270951 1
137300 0
275884 1
160610 2
276733 1
148961 0
276766 0
176222 2
023325 0
084045 0
114937 0
271073 1
173347 2
114946 0
271124 1
185670 0
004324 0
229064 0
225946 1
004668 0
118890 0
112792 1
173362 0
278195 0
084073 0
194719 1
276713 1
189477 0
047152 0
158453 1
047057 0
179947 0
135608 0
190080 0
142245 0
007110 0
120706 0
024782 0
173415 2
118887 0
278196 0
278169 0
176724 0
004685 0
118911 0
190094 0
142392 0
057095 0
226069 1
273387 1
137302 1
142384 0
152231 0
074738 0
173253 1
173409 2
024744 0
277212 1
257121 1
229076 0
192578 0
173398 2
265593 0
074760 0
253753 0
008971 0
113986 0
173275 1
229081 0
153745 0
189471 0
189472 0
276736 1
180025 0
275521 1
117702 0
258327 0
278632 1
194727 1
257127 1
257207 2
162856 1
162860 1
277516 1
225752 1
274602 1
257502 1
256927 1
225901 1
172896 2
276917 1
173334 1
277228 1
275048 1
274574 1
275059 1
107772 1
277063 1
274366 1
276762 1
107759 1
275056 1
286808 1
