222411 0
015842 0
206534 0
051209 0
162602 0
139552 0
124761 0
051194 0
178482 0
216411 0
231729 2
243227 0
231734 2
169254 0
169255 0
221708 1
288056 0
288057 0
200983 1
199560 1
231673 0
201081 1
200969 1
243426 0
201400 1
243183 0
269301 1
243191 1
201255 1
243192 1
201258 1
262452 1
200476 1
221913 2
260871 1
221911 2
260904 1
219516 1
222073 1
222127 1
219493 1
219182 1
219549 1
197356 1
222234 1
222235 1
219135 1
230837 1
217215 1
219756 1
191748 0
219768 1
220010 1
191747 0
262159 1
220015 2
220016 2
263369 1
244521 1
244513 1
142145 0
208102 0
260973 1
142184 0
211241 1
260972 2
260971 1
219995 2
219972 1
261018 1
261046 1
260990 1
162992 0
265165 0
115527 0
275710 0
163027 0
077365 0
270873 0
260991 0
261019 0
261047 1
276206 1
218890 0
279544 1
083067 0
164492 0
164504 0
029261 0
022682 0
261311 1
222155 0
019053 0
045809 0
221868 2
219942 1
261313 1
243351 0
221740 1
139836 0
026185 0
243352 0
032794 0
053112 0
163233 0
225941 0
279543 0
173060 0
040992 0
053519 0
265862 0
221861 1
219661 1
223679 0
225150 0
225151 0
225149 0
223731 0
229563 0
018663 0
059140 0
226247 0
046562 0
214259 0
236978 0
226339 0
236986 0
028611 0
203898 0
229607 0
205443 0
220424 0
219510 0
264038 0
264035 0
220679 0
219487 0
280206 0
279308 0
015065 0
125665 0
045890 0
269348 0
077374 0
284251 0
280711 0
219514 0
095941 0
280714 0
280715 0
116956 0
262158 0
230849 0
065268 0
188465 0
230859 0
050936 0
032836 0
230810 0
268084 0
115807 0
050931 0
188462 0
019237 0
230890 0
052860 0
047154 0
095209 0
144427 0
116849 0
056361 0
022401 0
188679 0
028432 0
131798 0
204341 0
269368 0
225282 0
115822 0
138333 0
162525 0
077779 0
136259 0
242605 0
244964 0
196650 0
205693 0
116147 0
134320 0
205506 0
170627 0
281366 0
135450 0
165103 0
242697 0
219876 0
199182 0
135224 0
134810 0
022244 0
058295 0
135256 0
262155 0
221997 0
221875 1
109788 0
270915 0
028390 0
217492 0
275726 0
275736 0
219847 0
217962 0
279792 1
041627 0
209123 0
279788 1
219763 1
115926 0
145164 0
179990 0
174678 0
058172 0
201411 0
041103 0
174630 0
151200 0
044538 0
179398 0
041116 0
028366 0
196436 0
221770 1
280647 0
039042 0
258542 0
042205 0
264675 0
006243 0
278802 0
278805 0
038951 0
034346 0
049741 0
027508 0
051742 0
009119 0
278307 0
271661 0
044851 0
136158 0
278303 0
042890 0
173606 0
173617 0
155136 0
009389 0
181765 0
027511 0
276033 0
039545 0
039763 0
156550 0
181832 0
049748 0
219918 1
220065 1
220066 1
219767 0
043798 0
028855 0
123798 0
269643 0
042868 0
230009 0
243465 0
028845 0
221387 1
