238411 0
233640 0
269056 0
082766 0
266911 2
222787 1
222788 0
266308 1
201474 2
212162 2
201337 2
201475 2
203124 1
211172 1
203131 1
212167 2
201603 0
266333 1
201586 0
266375 0
266378 1
264605 0
196905 1
266377 0
137045 0
268383 0
236366 0
264952 0
182434 0
157705 0
208486 0
231857 1
181665 0
205360 1
194954 2
230770 0
223031 1
231245 1
215692 0
076236 0
223029 1
197225 1
223028 1
220465 2
223022 1
223023 1
223019 1
220420 2
197226 1
220484 2
220483 2
196507 0
220423 2
255934 2
255945 2
255948 2
214158 2
214163 2
231163 1
231159 1
222593 2
195482 1
199777 1
214144 2
199803 1
199784 1
199759 1
199804 1
199745 1
231166 1
222592 2
219128 1
223325 1
255947 1
220112 2
230436 2
255944 1
198813 0
219124 0
255933 1
219118 1
230409 2
199778 1
242357 0
256150 1
223386 0
256152 0
254751 2
199491 2
211782 0
254773 0
193868 0
253060 0
197822 2
197819 2
254707 2
254747 2
284588 0
196091 0
205351 2
280266 1
253604 2
219595 2
196058 0
271342 0
271348 0
205350 2
210601 1
218536 2
221880 2
192997 1
203701 1
204547 2
192939 1
204937 2
204651 2
197885 2
221038 0
244696 1
182984 0
195433 0
256004 0
222160 0
197544 1
253883 1
196670 2
270248 2
253886 1
196602 1
263564 0
253896 1
196668 2
196661 2
270246 2
201513 2
196655 2
196728 0
199839 2
275836 0
196578 1
270247 2
270249 2
272657 0
196646 2
246421 0
200380 1
246416 0
171700 1
246429 0
202757 0
213979 0
200375 1
171667 1
171709 1
171674 1
171673 1
171708 1
196355 0
201928 1
199638 2
199604 2
213024 0
196095 2
222313 0
256555 2
240261 0
192783 2
235732 0
195404 2
256058 0
199269 1
252870 2
199268 1
219117 0
195378 2
195349 2
192731 2
195317 2
252789 2
195236 2
195228 2
199239 0
199253 0
256926 0
170993 1
195204 2
213686 0
226018 0
255359 0
202071 2
253856 2
199408 1
233293 1
261139 0
281452 1
273727 0
233323 1
233997 0
256031 0
266709 0
237240 0
256563 1
256565 1
253844 2
240617 1
199086 0
240583 1
130371 2
130337 2
192846 1
278925 0
223369 1
193071 2
197180 2
199403 1
260672 0
006299 2
222067 1
199879 1
230101 0
199878 1
196886 2
198624 2
230097 0
018195 2
128964 2
130357 2
198626 2
197966 1
198620 2
173785 2
085633 2
138350 1
199374 0
193069 2
253847 2
150514 0
150512 0
197930 0
131685 1
152927 0
017038 2
151726 0
253827 2
153662 0
152616 0
152620 0
194089 0
151691 2
101385 0
173789 2
153663 0
156127 1
155508 0
150081 0
131925 2
152617 0
094765 0
144328 0
138525 2
155610 2
138636 2
155909 0
115046 0
150066 0
138632 2
155611 2
211720 0
006624 2
006417 2
006734 2
140263 2
197390 0
006436 2
197384 0
157282 2
157258 2
197366 0
255923 0
157805 2
258909 0
222862 0
193696 2
201791 2
197176 1
202105 0
213841 0
202104 0
138686 2
224029 2
197365 2
197256 2
193047 0
162879 0
258702 2
199174 2
275837 2
286583 0
263117 2
257879 0
255925 0
255453 0
224014 2
197336 2
199203 2
201566 2
275773 0
197170 0
006369 2
139758 2
139134 1
201550 2
240136 0
131570 2
129712 2
201707 2
201712 2
006435 2
069824 2
102997 2
069628 2
102801 2
225555 0
006388 2
240145 0
069649 2
102822 2
139727 2
131574 2
240977 0
231264 0
139765 2
122663 0
194367 2
008264 2
010966 2
139522 2
141169 2
193164 0
131576 2
134068 2
250880 0
147406 2
069567 2
102740 2
002928 2
138405 2
131578 2
131575 2
139399 2
134073 2
139314 2
134093 2
139517 2
139296 2
139396 2
002741 2
144048 2
147416 2
132060 2
115297 2
144053 2
132786 2
132044 2
132821 2
144060 2
147423 2
144054 2
132780 2
138931 2
132779 2
138913 2
144556 2
131696 2
138943 2
138915 2
139211 2
144564 2
129880 2
144569 2
003607 2
144582 2
130280 2
133368 2
138867 2
144617 2
138803 2
002889 2
138816 2
138854 2
138843 2
134997 2
135019 2
138810 2
006573 2
134905 2
138797 2
129729 2
129808 2
132655 2
129849 2
143960 1
129807 2
134000 2
131713 2
143927 2
129834 2
143182 1
132694 2
140262 2
131700 2
130257 2
143938 2
133984 2
133670 2
140220 2
144128 2
138983 2
132693 2
132678 2
144270 2
144271 2
144100 2
143165 1
143958 2
130265 2
130244 1
141082 2
130230 2
142750 2
130243 1
133660 2
138767 2
114660 2
130251 2
129994 2
131790 2
130253 2
131772 2
131701 2
140176 2
142751 2
134895 2
143467 2
140186 2
142691 1
142745 1
002682 2
143421 2
137392 2
134830 2
130952 2
134832 1
141131 2
143415 1
141100 2
133944 2
143420 1
129937 2
129809 2
131884 2
134064 2
129987 2
141101 2
002207 1
130116 0
138981 2
134837 2
129934 2
132446 2
002927 2
002886 2
133980 2
138769 2
130860 2
129989 2
002890 2
133812 2
133999 2
134896 2
123283 2
002447 2
131876 1
130864 2
138848 1
133638 2
139067 2
132459 2
130871 2
139837 0
123302 2
138973 2
130877 2
138749 2
133019 2
138394 2
139763 0
136686 2
136638 2
138955 0
129992 2
144954 2
144945 2
006634 2
130898 2
144948 2
144853 2
002765 2
144810 2
138393 2
144956 2
140394 2
002264 0
131609 2
114662 2
131763 2
144724 1
131608 2
144952 2
132554 1
138990 2
144935 2
138390 1
144725 1
144650 1
013779 2
144968 2
131600 2
137299 2
161721 2
144722 1
131587 2
131761 2
150966 0
144183 1
131611 2
133780 2
144164 1
140960 0
144721 1
139198 0
144175 1
138748 2
132419 1
138507 1
006608 0
140972 2
144632 1
147614 2
150967 0
012079 2
122892 2
140973 2
147609 2
141345 2
131588 1
133794 2
141332 0
133779 2
009964 2
133755 2
131805 2
130487 2
137072 1
147720 2
130491 2
132431 1
130909 1
136931 0
136929 0
144590 1
136916 0
147589 2
132543 1
130844 2
178351 2
130401 1
136914 0
131748 2
132642 2
131726 2
135993 0
238035 0
109034 2
130454 0
145922 0
178089 0
136475 0
135877 0
131799 2
132147 1
130495 2
226533 2
132148 1
132150 1
132384 2
145928 0
129371 1
130511 2
136825 0
132166 1
238033 0
135853 0
129372 1
017632 1
129355 1
130497 2
129375 1
130088 2
130092 2
130167 2
131663 2
132159 0
132644 0
130477 0
129376 1
132168 1
129373 1
157909 2
129378 1
280878 0
226463 2
129379 1
132164 1
132639 0
132153 1
139987 2
132152 1
132161 0
140814 0
129381 1
129374 1
129441 1
129447 1
129452 1
129456 1
129434 1
129448 1
130704 2
130518 2
131565 2
130522 2
139977 2
226421 2
115802 0
130696 2
132559 1
137183 0
131717 0
130698 2
139965 2
143408 2
133308 0
136933 1
130758 1
177432 2
138575 0
130711 2
131580 1
151698 0
093115 0
012785 2
146129 2
138576 0
147086 0
196680 2
138543 0
138503 2
132555 1
132129 0
138508 2
133182 2
115725 0
099474 0
101241 2
129014 2
132146 0
141915 2
101245 2
133191 2
144160 2
061141 2
220654 2
145015 0
115341 1
140369 0
013729 2
130228 0
177430 0
147566 2
133169 0
129019 2
141939 2
018274 2
128911 2
101246 2
006064 0
194176 2
132160 1
151658 0
061179 2
000755 2
015179 0
125566 0
196522 2
101243 2
130061 2
138498 0
101252 0
141912 2
101256 0
006472 2
220660 0
194183 2
061161 0
115349 1
138486 0
196366 2
061181 0
115354 1
148166 2
194219 2
115381 1
138496 2
232406 0
232400 0
220506 0
255577 0
197863 2
131860 1
198530 2
037084 0
197865 2
131865 0
141986 2
160164 2
143273 0
255523 0
198541 2
147404 2
201536 2
190473 0
198537 2
160208 2
197932 2
197899 2
136170 0
075574 2
075502 2
161269 2
075516 2
142111 0
136168 0
092325 0
141330 0
189130 0
199075 2
148775 0
075749 2
112761 0
199079 2
142119 0
099857 0
075759 2
112718 0
167296 2
167297 2
129901 0
147065 0
144135 2
144420 0
058557 2
147055 2
140826 0
112720 0
152790 0
152791 0
080274 0
085440 0
112737 0
199376 2
150585 0
140920 0
158296 2
233904 0
143407 0
152635 0
199090 2
144134 2
117370 2
131661 0
131028 0
167248 2
075838 2
167201 2
194304 2
194312 2
194316 2
075913 2
075837 2
167146 2
117375 2
117348 2
117144 2
168168 0
076131 2
158363 0
168267 0
168268 0
170734 2
008865 0
256109 0
191088 2
191302 2
162711 2
150026 0
170668 2
196769 0
256085 0
139456 2
096893 2
190459 2
147360 0
130212 0
139454 0
076019 2
226019 0
225583 0
102075 0
211379 0
222490 0
008887 0
196748 0
289520 0
196211 2
075989 2
231796 0
289519 0
255186 0
269062 2
196730 0
196210 2
042733 0
214487 0
217202 0
196802 2
147946 0
097596 0
186030 1
198346 0
079631 1
163267 0
255109 0
153696 0
256079 0
147935 0
130756 1
161997 2
147934 0
163345 0
031397 0
243613 2
130722 1
197532 0
195956 0
266877 0
256635 2
084119 2
150077 0
195945 0
178092 0
058497 0
114734 0
199876 0
264721 0
200686 0
243609 0
243630 0
243649 0
164470 0
268978 2
131173 0
151646 1
137458 0
194849 0
224126 1
130751 1
130798 1
161993 2
256543 2
130824 1
224094 1
084138 2
224096 1
224124 0
269254 2
190470 2
167791 0
225970 0
269112 0
075967 2
131084 2
142085 0
200458 2
223636 0
241271 0
278168 0
079861 0
138952 0
131013 2
163692 2
132145 0
260320 0
093237 2
131010 0
131138 2
155358 0
031619 0
140730 0
263645 0
085175 0
221444 0
085274 0
230503 0
064545 0
152553 0
108494 0
240494 0
258822 0
265046 2
077079 2
198339 2
289329 0
194412 2
143317 0
079852 0
163307 0
041998 0
010285 2
122613 2
076134 0
144747 0
196998 0
131850 0
155497 0
202756 0
079932 0
163579 0
129059 0
256314 0
042086 0
061437 0
224569 0
118579 0
161056 0
255274 2
119284 0
129124 0
210000 0
182760 1
282633 0
200540 0
130351 0
037581 0
238303 0
255441 1
178091 0
201835 0
112015 0
196073 0
163663 0
163662 0
147850 0
122612 2
037387 0
256637 0
018000 0
129109 0
163269 0
201197 0
107846 0
062346 0
224564 0
195268 0
155366 0
131228 2
