211696 2
211748 2
181304 2
211698 2
014706 1
126010 1
126011 1
138972 2
120130 1
120139 1
120142 1
120140 1
120156 1
005589 2
120180 2
004783 1
119058 1
005575 2
120164 2
001681 2
011488 2
120154 2
122751 2
005599 2
120194 2
009042 2
001586 2
014845 2
125872 2
125865 2
119613 2
118385 2
005834 2
120455 2
130855 2
132770 2
120450 2
120449 2
004271 2
118408 2
001766 2
014848 2
125868 2
004581 1
118783 1
005309 2
119806 2
118395 2
118398 2
014967 2
125763 2
004270 2
118407 2
118397 2
005371 2
118393 2
118392 2
119895 2
119844 2
119786 2
125764 2
005132 2
119543 2
087372 0
012509 0
097624 0
004794 2
119072 2
128168 2
001063 2
132773 1
132778 1
004273 1
118414 1
004323 1
118445 1
118428 1
131101 2
119177 0
119071 2
131021 2
128545 0
128533 0
116549 0
015050 2
125674 2
004212 2
118312 2
007481 1
120971 1
004331 2
118452 2
132767 2
120968 1
120963 1
120969 1
120962 1
120960 1
120959 1
118409 2
004275 2
118418 2
123931 1
004727 2
118988 2
005130 1
119537 1
118273 2
118755 1
007949 1
121364 1
121363 1
118748 2
118751 1
118987 2
118105 0
007942 2
121356 2
004575 1
118779 1
118940 0
118709 0
118707 1
004532 0
118746 0
120980 0
130964 1
122760 1
124359 0
131009 1
131008 1
131017 1
122761 1
122764 1
122769 1
011550 1
122772 1
133397 1
118284 2
137977 1
133396 1
119652 1
119081 1
118285 2
133391 1
133481 1
133473 1
119145 2
011924 1
011676 1
129996 1
002494 1
119032 1
119651 1
119136 2
005250 1
119719 1
005340 1
119848 1
011763 1
010509 1
142570 1
118298 2
011697 1
120040 1
119963 2
004676 2
118896 2
129062 1
128440 1
118874 2
144749 1
144778 1
065684 1
004818 1
004682 2
118908 2
144716 1
119096 1
144892 1
065690 0
147869 1
258283 1
011774 0
009549 1
240277 1
147217 1
240376 1
285461 1
237275 1
285468 1
172766 1
172765 1
004732 1
118990 1
142011 1
118932 0
004677 2
118897 2
005177 1
119618 1
011850 1
118878 2
237753 1
163863 1
005227 1
119678 1
010276 1
122605 1
120830 1
124969 1
118589 1
163859 1
118597 1
120865 1
130275 1
237672 1
015180 1
125565 1
005498 1
120080 1
124241 0
151208 1
098876 0
004321 1
118443 1
005467 1
120033 1
120031 1
120032 1
118412 1
151196 1
163843 1
124964 1
004422 1
118581 1
005262 2
119732 2
004531 1
118743 1
005588 1
120179 1
155799 0
119361 1
155801 0
176031 0
176028 0
155794 0
004863 2
119154 2
155788 1
120172 1
135556 0
069684 0
102857 0
135559 0
069682 0
102855 0
101966 1
001030 0
005583 1
120173 1
004909 1
119259 1
004994 1
119362 1
120077 2
007227 1
120784 1
005497 2
120078 2
120946 1
004417 1
118574 1
120949 1
005180 1
119622 1
179808 1
123554 1
005214 1
119661 1
179748 1
112884 2
179744 1
118572 1
119193 1
100853 1
007353 1
120888 1
007894 1
121318 1
112892 2
124755 1
011958 1
122873 1
036470 1
062059 1
145646 1
004897 1
119232 1
111721 1
111720 1
111712 1
118502 0
111226 1
112830 2
112845 2
121305 1
118498 0
118500 0
119626 1
119649 1
009747 1
122143 1
100852 1
007556 1
121047 1
011740 1
011739 1
119414 0
005091 0
119497 0
100609 1
101974 0
004500 1
118699 1
120051 0
251045 1
222331 1
004896 1
119231 1
011487 1
009601 1
118501 2
008024 1
121425 1
140690 1
006928 1
120542 1
007081 1
120677 1
122012 0
007503 1
120993 1
120958 1
120703 1
120537 1
120336 0
005790 1
120399 1
118976 1
251044 1
140711 1
140682 1
008542 1
222433 1
120268 0
004982 0
119343 0
100257 0
009054 0
121559 0
036450 0
118904 1
007344 0
120878 0
118899 1
004725 1
118984 1
119312 0
009668 0
122088 0
115001 1
118898 1
120713 1
008003 1
121411 1
007182 0
120750 0
149927 1
120472 0
095515 0
018451 1
128794 1
005499 1
120081 1
120075 1
012464 1
122984 1
120065 1
118778 1
125194 1
118955 1
017188 1
118983 1
005570 1
120158 1
118787 1
118735 1
118948 1
118961 1
009342 1
121812 1
119935 2
115485 0
114994 1
012508 1
005477 1
120041 1
004865 1
119157 1
012037 0
119107 1
118965 1
123232 2
004503 1
118702 1
118698 1
004525 1
005261 1
119731 1
005637 1
120241 1
285303 0
001429 1
285313 0
147994 1
123503 1
131872 1
006915 1
120529 1
118967 1
005606 1
120207 1
009903 1
122246 1
004752 1
119024 1
149471 1
115476 0
005260 1
119730 1
147989 1
149585 1
147978 1
147494 1
123524 1
118526 1
119019 1
118657 1
271953 1
271954 1
012128 1
120326 1
116622 0
011941 1
271956 1
011845 1
005832 1
120453 1
116623 1
005737 1
120350 1
145726 1
012313 0
005815 1
120431 1
004428 1
118605 1
004707 1
118950 1
243929 1
121900 1
123599 1
011830 1
011978 0
122876 0
126306 1
124403 1
124478 0
124485 1
259688 1
123585 1
123526 0
121808 0
124222 1
123525 1
000812 1
126789 1
000863 1
011974 1
119217 1
123654 1
124743 1
123970 1
005794 1
120404 1
004991 1
119357 1
124310 1
174037 0
124264 1
133008 0
123965 1
133010 0
123972 1
132981 0
123973 1
126300 1
123656 1
133009 0
121909 1
017366 1
121896 1
174092 0
158987 0
068467 0
243816 0
158993 0
192720 0
243801 0
123708 1
131376 0
028651 0
174096 0
018264 1
128927 1
068459 0
124182 1
192942 0
124919 1
132971 0
131384 0
123635 1
146774 1
080895 0
144652 0
010303 1
004951 1
119305 1
148818 0
108297 1
007813 1
121229 1
234409 0
144627 0
124036 1
117131 0
009204 1
164661 1
252924 1
080618 0
192712 0
001184 1
118175 1
009242 1
121718 1
162456 1
014282 0
008941 1
006807 1
007661 1
121115 1
253238 1
253266 1
253239 0
162452 1
118115 1
124034 1
253434 1
120181 1
253451 1
123642 1
253486 1
123641 1
253585 1
005590 1
120183 1
108368 1
108393 1
108289 1
012163 0
127093 1
121234 0
005236 1
119691 1
015404 1
125335 1
109519 2
009050 1
121555 1
119576 1
212613 1
010221 0
122541 0
012517 0
009012 1
121533 1
009780 1
122175 1
127893 0
121554 1
278048 1
059788 0
086550 0
128756 0
121524 1
108793 1
109108 1
109774 1
086129 1
109740 1
009011 1
121531 1
011904 1
122861 1
086549 0
004432 1
118612 1
018513 0
128755 0
129664 0
135391 0
128793 0
086588 0
264482 1
094934 1
119572 1
014987 1
125741 1
108402 1
264478 1
108286 1
108253 1
094929 0
015388 1
278128 1
005818 1
120433 1
223272 1
192007 0
117171 1
120422 1
227239 1
127053 1
009083 1
128060 0
006845 1
120486 1
087316 0
201259 0
009505 0
121972 0
062173 1
201262 0
175297 0
167213 0
120421 1
148263 0
010012 1
062099 1
265436 1
141286 0
141586 0
167652 0
254593 0
141695 0
011985 1
123470 1
125280 1
235759 1
141300 0
141302 0
167221 0
167222 0
009049 1
198483 0
289914 1
289915 1
167740 0
090298 0
015468 1
125279 1
124611 1
125281 1
124233 0
005469 1
120037 1
090384 0
235639 1
090264 0
124226 0
118797 0
124237 0
128370 1
141200 1
147587 1
004601 0
118801 0
000010 1
062097 0
096417 1
115142 1
140289 1
147607 1
277439 0
090229 0
115163 1
012438 0
122979 1
123496 1
062183 0
141220 0
128246 1
141230 0
141231 0
141226 0
265395 1
120036 0
005383 1
119914 1
116614 0
005831 1
120452 1
116621 0
141201 0
123493 1
120444 1
014294 0
028580 1
141906 0
120443 1
265415 1
018075 0
129060 0
144800 1
221167 0
001036 1
129063 0
101238 0
011293 0
009010 1
121530 1
186176 0
194236 1
009005 0
121525 0
009612 1
120694 1
147081 0
120442 1
131873 1
147079 0
144780 1
120441 1
193345 1
124864 0
101464 0
111932 0
004617 1
118818 1
101415 0
004816 1
119095 1
135200 1
259690 1
124867 0
259692 1
112198 1
100212 0
127312 1
128239 0
130110 0
014319 0
124873 0
186068 0
011893 0
124031 0
147087 0
014285 0
168029 0
009959 1
117441 0
127204 1
277814 0
152937 0
128247 0
122475 0
126811 1
009001 1
121518 1
035121 0
120423 1
118730 1
127189 1
259677 1
009078 1
121586 1
127188 1
259671 1
259673 1
122052 1
126659 1
112153 0
007337 1
120872 1
028603 0
011709 1
075781 0
009561 1
122010 1
111824 1
028627 0
122400 0
111800 0
141013 1
028632 0
264813 0
010102 1
122404 1
137264 0
114806 0
136328 1
123282 1
126348 1
143821 1
113360 1
137865 1
114765 0
176774 1
001903 1
008472 1
130284 1
011916 0
119013 1
141017 1
109221 1
135637 1
121095 0
013988 1
131296 0
109081 1
011751 0
165129 1
137798 1
017220 0
129658 0
071433 1
104606 1
204137 0
098963 0
121340 1
146451 1
004514 1
118719 1
012516 0
122992 0
126365 1
170607 1
165130 1
135283 1
128157 0
130095 1
020169 1
071428 1
104601 1
135298 1
109568 1
015500 1
125255 1
076099 1
124663 0
136346 1
136338 1
004469 0
118670 0
159353 1
119008 1
142251 1
239010 1
239039 1
239051 1
239052 1
036468 1
123242 1
006338 1
135649 1
135321 1
137113 1
137097 1
239361 1
239362 1
146471 1
238990 1
141018 1
146476 1
014020 1
108946 0
070528 0
103701 0
070474 0
103646 0
159634 1
159472 1
159474 0
076059 1
159576 1
020171 1
121339 1
109462 1
130353 0
130274 0
119491 1
020193 1
130403 0
076009 1
162170 1
162355 1
007990 1
121396 1
260343 0
144221 0
015166 1
121317 1
004624 1
118826 1
000843 0
118816 0
149654 1
000713 0
009654 0
122075 0
127178 1
147687 0
124745 1
064380 1
165220 1
165230 1
118647 1
123754 0
139018 1
046042 1
009660 0
122079 0
169408 0
169409 0
182867 1
032127 1
121383 1
004859 1
119150 1
097016 1
243132 1
078797 0
125104 1
079472 1
006653 1
260304 0
119149 0
032125 1
238615 1
132862 1
169252 0
145045 0
139020 1
012273 1
067434 0
186807 1
289288 1
289290 1
125125 1
125193 0
004858 1
119148 1
023054 0
123224 0
135127 0
046043 1
069526 0
102699 0
096498 0
168155 1
127629 0
145651 0
148795 1
012014 0
146834 0
077233 1
289306 1
238679 1
289305 1
289326 1
121314 1
239387 1
046273 1
124767 1
125126 1
124771 1
163861 0
126005 0
000008 1
014738 0
125969 0
243791 1
126008 0
150020 1
141483 0
125072 1
165248 0
077257 1
064004 1
260616 0
224948 1
182710 1
186805 0
186801 0
123146 1
124975 0
278215 0
000065 1
126082 0
278213 0
149706 1
123150 1
132864 1
126077 0
182768 1
140722 0
015264 1
125472 1
123036 1
186790 1
133085 1
010235 0
122570 0
066960 1
132861 1
027344 1
091576 0
008329 0
165292 0
015332 1
125405 1
125487 1
086672 1
118386 1
004263 1
118399 1
212914 1
014782 1
125948 1
015594 1
018499 1
066958 1
186800 0
132210 1
008471 0
119133 1
010385 1
058346 0
183274 1
111062 0
015269 1
125469 1
174487 0
086361 1
002007 0
182848 1
066968 1
190064 1
140933 0
134106 1
191680 0
145583 1
008536 0
008934 0
077917 0
124995 1
090393 0
132226 1
288492 1
041036 0
191565 1
015335 1
125402 1
014669 0
126071 0
012468 1
137095 0
002015 1
086303 1
133706 1
189373 1
284603 1
119254 0
224907 1
224908 1
142287 1
164241 0
075328 0
011768 1
039077 1
280013 1
231149 0
132116 1
125403 1
225169 1
125950 1
225166 1
224870 0
125414 1
015319 1
125413 1
189449 1
189492 1
142166 1
191572 1
288462 1
171456 0
191570 1
125175 1
038806 1
038807 0
284604 1
002004 1
125187 1
133698 1
171403 0
145679 1
190113 1
183055 1
124994 0
183053 1
280020 1
183056 1
288491 1
204214 0
182989 1
149657 1
149655 0
145247 0
145286 1
000752 0
149656 0
108329 1
149750 1
158218 1
015612 1
015607 0
035232 0
107847 0
035231 0
208366 0
209230 0
012148 0
286169 0
145220 1
012160 0
015577 1
075874 0
243604 1
243518 1
122295 1
074426 1
107599 1
109186 1
000162 0
111027 0
280004 0
085622 0
190112 1
183045 1
183280 0
109032 1
125901 1
227248 0
089596 0
001493 0
004720 1
118979 1
125889 1
008369 1
000113 0
161499 1
111045 0
133260 1
015111 0
141363 0
064406 0
155826 1
155834 1
145839 0
046441 0
161498 1
012294 0
184751 1
089572 0
125002 1
133261 0
086675 1
195202 1
216007 0
142562 1
166046 0
109132 1
203881 0
243012 0
048970 0
145837 0
243078 0
182137 1
090210 1
032178 1
038659 0
158211 1
086362 1
096939 1
222988 1
142556 1
276696 1
064407 0
111665 1
119365 0
153013 1
157562 1
004942 1
119293 1
043676 0
086337 1
096914 1
080740 0
078186 0
158208 1
243562 1
157800 0
157763 0
157767 0
161550 0
161551 0
109167 1
157799 0
072277 1
105450 1
195246 1
157726 0
143409 1
186142 1
090061 1
015158 0
125579 0
125693 0
125595 0
182121 1
227207 1
257570 1
186279 1
227213 1
126191 1
227221 1
194205 0
244210 1
148588 1
242843 0
258929 0
244220 1
257387 1
227224 1
161546 1
161549 1
157279 1
157280 1
015318 1
125415 1
244183 1
054367 1
257444 1
257445 1
258977 0
145678 1
258631 0
011477 0
136554 1
161522 1
125976 0
225993 0
111510 1
178175 1
258671 0
164021 1
225994 0
126170 1
125417 1
115409 0
011964 1
223253 1
242872 1
125975 0
011310 1
187639 0
125703 0
125994 0
227249 0
164027 1
122853 1
125716 0
191172 1
167878 1
257571 1
234067 1
033906 0
095285 0
111197 0
149390 1
067908 1
010358 1
122679 1
233308 0
125001 0
230245 1
122645 1
202019 0
015412 1
125326 1
221534 1
154628 1
202021 0
005572 0
120160 0
152880 1
004385 1
118522 1
230912 1
139561 1
202022 0
147337 0
011343 1
066395 0
011269 1
124204 1
000076 1
153584 0
243979 0
051805 1
109225 1
125896 1
130820 0
130828 1
145611 0
185853 1
115305 1
063325 0
034587 0
232577 0
184793 1
007285 0
164023 1
130341 1
178442 1
060443 1
222713 1
230921 1
167938 1
167939 1
154647 1
223832 0
125907 1
154694 1
227250 0
252893 1
242712 0
007980 0
121384 0
125362 1
125348 1
125346 1
015389 1
125345 1
263904 1
257332 0
051806 1
230204 1
152764 1
109224 1
051828 1
060341 1
263999 0
221535 1
155489 0
007342 0
120877 0
257298 0
139559 1
089654 1
222106 1
170195 0
139617 1
185794 0
056144 1
124261 1
152768 0
060447 1
018998 0
222652 1
077321 0
056058 1
186146 0
185151 0
170196 0
175615 0
197538 1
262969 1
085976 1
085898 1
139540 1
134516 0
006926 0
120535 0
162689 0
166068 1
191654 1
146099 0
004696 1
199928 1
097488 0
162682 0
187131 0
000029 0
060940 1
236867 1
149189 0
166167 1
089628 1
228422 1
146298 0
123824 1
126915 0
175627 0
145223 1
175646 0
179849 1
140898 0
230447 1
007792 1
262796 1
140894 0
060896 1
146067 0
123711 1
148350 0
257558 1
153087 0
223476 1
230446 1
148079 1
060945 1
009562 1
122011 1
052067 0
000873 1
256383 0
199249 0
007005 1
257522 0
194680 1
140890 0
097420 0
120561 0
257555 1
123801 1
116174 0
257524 0
010379 1
052070 0
007817 1
121233 1
177155 1
009965 1
122296 1
166256 1
140892 0
097380 1
145246 1
116171 0
174920 0
009864 1
223458 1
005077 0
119479 0
185752 0
155665 0
197334 1
151366 1
186859 0
177999 0
009838 1
122215 1
120567 0
140914 0
182221 1
179432 0
276457 1
177604 1
276311 1
179433 0
262808 1
178043 0
130720 0
052069 0
176654 1
265064 0
262807 1
002992 1
125063 0
276334 1
115079 1
258849 0
108164 0
175635 1
177541 0
151864 1
256379 0
197375 1
088225 1
034641 1
183627 0
000522 1
197368 1
089567 0
230435 0
142765 1
276313 1
276258 1
143038 0
018081 1
017818 1
230415 0
088369 1
182247 1
018520 1
016613 1
088424 1
075650 1
010568 0
177608 0
115078 1
088436 1
170190 0
170191 0
005415 1
119972 1
098388 1
088442 1
197296 1
055155 0
257807 1
223478 1
260444 1
080076 0
223487 1
257817 1
146509 1
170176 0
194012 1
146985 0
078934 0
119971 1
195940 1
007339 1
120874 1
078645 0
260381 1
064833 0
198485 1
075014 0
078676 0
130684 1
057926 0
260412 1
000115 0
000342 1
074799 1
078667 0
098350 1
140899 1
147616 0
177693 1
177509 1
177515 1
177525 1
078924 0
007429 1
120942 1
177778 1
140895 1
228382 0
144645 0
102002 0
002306 1
036798 1
194019 1
097186 1
222371 1
097185 1
222309 0
218897 0
001197 0
057925 0
152754 1
060036 0
057891 1
074539 1
163563 0
059888 0
034810 1
110024 1
074735 0
027892 0
055534 0
034781 1
001806 0
058008 0
119961 1
152763 1
235017 0
216021 0
155830 1
123264 1
287253 1
264476 1
163384 0
137428 0
147615 0
001427 0
042208 1
034679 1
027889 0
067675 1
074626 0
170104 0
191355 0
191099 0
169886 0
065178 1
139016 1
034581 1
078472 0
216687 0
074992 0
255910 0
005200 1
119648 1
017897 0
080015 0
095319 0
067168 0
157130 1
176788 0
242420 0
032115 1
124060 0
014575 0
230978 0
064500 0
017912 1
264465 1
132014 0
163417 0
169936 0
282401 0
142207 1
031225 0
027296 1
087526 0
009008 0
121529 0
084931 1
195537 1
121527 0
131474 0
123262 1
159269 0
151494 1
058929 0
075858 0
009206 1
007085 0
100716 0
077942 1
014904 1
125821 1
111808 1
067134 0
168987 0
138961 1
018250 1
278273 0
041660 1
264194 1
264602 1
032110 1
264600 1
142199 1
260198 1
042334 1
264182 0
008159 1
139019 0
077914 1
077934 1
116657 1
111100 0
152936 1
116474 1
009243 1
121719 1
035934 0
265558 1
116654 1
119633 1
260153 0
260122 0
265833 1
195553 1
190039 1
272755 0
052276 1
272768 0
116328 0
197154 0
037432 1
188153 0
119646 1
026464 0
223426 1
223427 1
194676 1
008039 1
121433 1
035933 0
082079 0
163288 1
231123 1
074531 0
176119 1
153083 1
082068 0
082074 0
163321 0
027047 0
149800 0
146027 0
179101 1
026544 0
190050 1
195541 1
024094 1
231082 1
100059 1
116329 0
036098 0
011939 0
122872 0
028099 0
159754 1
060984 0
017728 0
129294 0
148008 0
035956 0
111541 0
257946 1
070164 1
103337 1
012548 0
050198 0
195554 1
231124 0
130070 1
011552 0
266816 0
088302 1
004433 0
130076 1
097801 1
100415 1
027545 1
004462 0
118658 0
116302 1
233916 0
095631 1
241298 1
000578 1
186041 1
040307 0
015128 1
125611 1
005650 0
120257 0
041866 0
179105 1
040166 0
088688 1
259964 1
133594 1
158077 1
060619 0
130078 1
042213 1
044400 0
145947 1
145954 0
192636 1
136567 1
197426 0
288376 0
190348 0
060633 0
017885 0
139059 0
006893 1
007032 1
007348 1
120526 1
120636 1
120881 1
137443 1
259971 1
220747 1
220753 0
200342 1
043744 0
148001 0
086490 1
007178 1
120744 1
142932 0
064984 0
064553 1
147153 1
223941 0
031664 1
166677 1
168219 1
174501 0
201299 1
257945 0
241646 0
015305 1
125429 1
125430 1
201952 0
227560 1
024458 0
197387 0
146161 0
024475 0
244982 0
004572 0
118777 0
001231 1
244983 0
227831 0
052279 1
122710 0
133837 1
229307 0
128477 0
288344 0
175738 0
130627 1
085861 1
127595 0
154832 0
030002 1
127398 0
146328 0
289481 0
164565 0
007224 1
004511 0
124693 1
159684 1
179110 1
223267 1
029491 1
007061 0
120659 0
027546 1
031677 0
147146 1
241155 1
095190 0
136621 1
166669 1
159814 1
130523 1
088687 0
176165 1
176176 0
133833 1
159863 1
078849 1
136612 1
191274 0
195934 1
133799 1
193466 1
125620 0
078830 1
113942 1
166913 1
088677 0
227441 1
133787 1
078787 0
015225 0
125519 0
280581 1
125613 0
159937 1
125521 0
052043 1
101911 1
134051 0
112106 0
195557 0
128610 1
144043 1
169090 1
004703 1
118941 1
084170 0
260713 0
084156 0
167141 0
134050 0
095442 0
151403 0
085872 0
188784 0
153363 1
155314 1
151307 0
134664 1
113405 0
001926 0
026133 1
113936 1
125522 1
001087 1
125523 1
125532 1
131743 1
005299 1
119792 1
120169 0
043446 0
150078 0
070261 0
103434 0
194401 0
286744 1
132301 0
060702 1
153585 1
005092 1
152221 1
152222 1
002930 0
211455 0
132308 0
253308 0
007434 1
120947 1
159481 0
283688 0
159480 0
134894 1
030303 0
221711 1
005272 0
119752 0
135206 1
159860 1
231842 0
082137 0
164124 1
117130 0
000521 0
131024 0
043489 0
182698 1
007983 0
121387 0
119747 0
062093 0
060697 1
043480 0
095852 1
180843 1
143000 1
040689 0
075353 1
227561 1
004370 1
120934 1
113401 0
131000 0
065180 1
117112 0
128070 0
095886 1
015465 1
125282 1
004339 0
118469 0
027443 0
144037 0
130967 0
159869 1
038504 1
046174 1
238899 0
007145 0
120717 0
193903 0
032616 0
135511 0
164127 1
051596 0
005372 0
119896 0
224647 0
121150 1
194679 0
131025 0
000411 1
037944 1
278081 0
009244 0
121723 0
131033 0
018174 1
128981 1
268813 0
051646 0
134270 0
124880 1
174848 2
095738 1
004216 0
118316 0
113527 0
240809 0
163350 0
009203 0
087311 0
179097 0
035815 1
033110 0
018803 1
211560 1
046107 1
080518 1
182666 1
273117 1
173379 0
220078 1
015172 0
125572 0
133572 0
025951 0
037997 0
240821 0
148977 0
288037 1
180678 1
194282 0
016433 1
031426 0
286741 1
005268 0
119746 0
164948 0
002755 1
176837 1
148808 0
031274 0
095645 1
095742 1
095617 1
159911 0
159914 0
160869 0
160870 0
180683 1
180888 1
160980 0
180841 1
180487 1
180472 1
180478 1
075338 1
176839 1
142603 0
182670 1
125297 1
176844 0
174836 1
119764 0
124916 1
182700 0
065161 1
002600 1
080510 0
222449 0
124881 1
128469 1
288039 1
124819 1
002593 1
128611 1
018013 1
042558 0
007512 0
121000 0
219947 1
135675 0
219949 0
016434 0
124854 1
028011 0
196958 1
222535 0
042543 0
071969 0
072347 0
072650 0
072913 0
073173 0
073429 0
073691 0
073948 0
074208 0
105142 0
105520 0
105823 0
106086 0
106346 0
106602 0
106864 0
107121 0
107381 0
182733 0
081188 1
035837 1
273061 1
045667 0
258985 0
205342 0
205341 0
205349 0
202439 1
076273 1
067142 1
076917 1
075977 0
045660 0
078872 1
060753 0
042492 1
158314 0
028065 0
222556 0
042544 1
067123 1
052048 1
254039 1
010217 0
122537 0
150003 0
155349 0
126591 0
011181 0
064811 1
000575 1
053122 0
123890 0
211532 0
111946 0
076913 1
199111 0
003738 1
203862 0
028648 0
082736 1
111918 0
111273 0
079758 0
204353 0
204364 0
028618 0
042460 1
042468 1
042475 1
127226 0
174450 1
197681 0
042530 1
192010 0
288765 1
108462 1
127656 1
027337 0
070071 1
103244 1
158322 0
080017 0
026754 1
077654 1
185338 1
258005 1
145971 0
288783 1
147941 0
254025 1
229909 1
081437 1
273065 0
255483 1
231129 0
147955 0
141765 0
231560 0
211444 0
168040 0
124979 1
014143 1
147963 0
007266 1
120811 1
069502 0
102675 0
066644 0
148593 0
155789 1
155790 1
012521 0
108448 1
029979 1
195133 1
233294 1
180380 0
147970 0
279104 0
132867 1
130528 1
262123 0
219869 1
095479 1
006525 1
030253 0
149962 0
016649 0
124046 0
185411 1
017218 1
129659 1
227141 0
058097 1
141852 0
141783 0
075962 1
096553 0
141336 0
230645 0
219867 1
004930 0
119286 0
112148 1
231117 1
262129 0
030252 0
095630 0
215358 0
107858 0
231151 0
205383 0
091265 1
220313 1
007558 0
121049 0
182786 0
219831 1
087539 0
099855 0
147362 0
259168 0
258710 0
017309 0
007289 0
120831 0
258711 0
133172 0
076038 0
152346 0
219845 0
232876 0
157403 0
221790 0
269007 0
037088 1
124560 0
018619 0
128697 0
130117 1
185414 1
007132 1
120712 1
120695 1
220160 1
075959 0
051989 1
007080 1
120676 1
034543 1
082703 0
094183 0
219799 0
127652 1
005826 0
120439 0
094121 0
195121 1
093907 0
174543 0
017753 1
016375 1
111315 0
266253 0
034562 1
016345 1
148604 1
149949 1
150010 1
150048 1
150069 1
150086 1
148563 1
018735 1
017429 1
132818 1
111233 0
266257 0
113692 0
114845 0
017582 0
126612 1
082582 0
125145 0
002288 1
155795 1
162025 0
162026 0
074622 1
120425 0
152938 0
258002 1
139601 0
011888 0
100313 0
004482 0
118686 0
286936 1
163385 1
191533 0
110859 0
004634 1
118839 1
132802 1
139575 0
230778 0
017380 0
129527 0
129531 0
131478 0
132732 1
278964 1
110268 0
025957 1
113669 0
058120 1
123035 0
286954 1
150223 1
069528 0
102701 0
012102 1
122895 1
150215 1
199964 1
097092 1
102034 0
200783 0
007585 1
121069 1
111026 0
141844 1
130819 0
000582 1
237505 0
163420 1
030839 0
000420 1
148730 1
152106 1
282535 0
118650 0
182147 1
200805 0
118836 1
132746 1
030197 0
126332 0
110227 0
051987 0
152934 0
040325 1
023732 1
023592 0
090438 0
244933 0
126201 0
004349 0
118483 0
241303 0
034651 1
011501 1
200802 0
055254 1
023591 1
079225 0
131491 0
069527 0
102700 0
018413 0
128838 0
290080 0
124904 0
200791 0
145450 0
200804 1
225856 1
025942 1
110932 1
237586 0
244931 0
004785 0
119060 0
079441 0
152111 1
064110 0
162070 0
017378 0
129529 0
168388 0
018774 1
124361 0
124903 0
124907 0
237616 0
237621 0
185807 1
168391 2
163215 0
066784 0
199955 1
076696 0
123548 1
280886 0
018256 1
128935 1
169029 0
118942 0
244908 0
200799 1
260184 0
000910 1
163041 0
079754 0
021994 0
285671 0
029788 0
124906 0
097208 1
