084219 1
051271 0
051255 0
084287 2
075414 2
075418 2
075513 2
075309 2
075505 2
075311 2
075511 2
075500 2
075517 2
083135 1
074954 2
074947 2
075503 2
075415 2
075593 2
075417 2
083171 2
083173 2
115253 1
082459 2
078188 2
084125 2
075159 2
082031 2
078234 2
082490 2
075161 2
077600 2
079218 2
092037 1
080394 2
081589 2
077606 2
081650 2
091397 1
084327 1
083111 2
051488 2
082743 2
083965 2
079363 2
051379 1
082757 2
083968 2
079364 2
083179 2
082822 2
079223 2
084307 1
115400 2
079200 2
082829 2
079172 2
079188 2
082828 2
083958 2
078144 2
083753 2
078080 2
083896 2
082884 2
078104 2
078085 2
083906 2
078442 2
083953 2
083943 2
115355 1
084202 2
079145 2
083059 1
078452 2
051528 2
079641 2
044367 2
078440 2
083019 1
084080 2
113836 2
084248 2
079288 2
079167 2
082091 2
084152 2
114464 1
113800 2
078445 2
083693 2
083746 2
082887 1
083698 2
079291 2
075051 2
084155 2
084090 2
084191 2
084157 2
084416 2
084381 1
075608 2
083537 1
083739 2
082096 1
084336 2
084271 2
082071 2
083999 2
084183 2
083786 2
082063 2
081701 2
084292 2
083530 2
083811 2
114640 1
051368 2
084096 1
083723 2
043889 2
081754 2
115394 2
084098 2
081721 2
114483 1
051500 2
075501 2
084116 2
075518 2
075906 2
137680 1
081027 2
044115 2
081648 2
082615 1
051251 2
044080 2
074869 2
083563 2
114647 1
043943 2
114894 2
043963 2
044072 2
084045 2
081674 2
051503 2
044074 2
084073 2
084322 2
114932 2
083559 2
044166 2
044075 2
044100 2
084031 2
083884 2
114413 2
083988 2
083887 2
114873 2
083053 2
081897 2
051194 2
082627 1
084469 1
082144 2
084472 2
079325 2
083119 1
114487 2
044028 2
082124 2
084439 1
114603 2
044258 2
114467 2
083168 1
114908 2
082075 2
045040 2
043991 2
081901 2
082077 2
081903 2
084317 2
081922 2
043879 2
044255 2
051068 2
114972 1
084475 2
044339 2
078630 2
078659 2
084005 1
084474 2
115347 1
044832 2
044773 2
043927 2
044850 2
045120 2
084413 1
044221 2
115445 1
081229 2
045144 2
075472 2
081890 2
043965 2
051079 2
277006 1
074528 2
074557 2
081615 2
078259 2
045205 2
044193 2
083479 2
075561 2
084477 1
084216 2
080884 2
112097 2
084255 2
084104 2
269649 1
081720 2
078285 2
276904 1
084110 2
269586 1
080867 2
269658 1
115039 1
083497 2
115034 1
081748 2
084384 2
079670 2
084335 2
083977 2
079970 2
081685 2
075325 2
181231 1
043937 2
081637 2
081482 2
083962 2
084457 2
078098 2
081814 2
210897 1
084345 2
114989 1
115322 2
078128 2
083975 2
078823 2
270009 1
270015 1
210962 1
043929 2
181262 1
211015 1
211014 1
083444 2
115343 2
079837 2
078164 2
219889 1
081506 2
051412 2
114414 2
079793 2
025548 0
083432 2
084113 1
081728 2
078252 2
219891 1
075315 2
080019 2
084232 2
081778 2
114982 2
051150 2
270013 1
084283 2
084211 2
115430 0
114436 2
084100 2
114556 2
044108 2
043864 2
051073 2
223506 1
084117 2
051397 2
114570 2
270014 1
114465 2
083699 2
015108 2
181198 1
084348 2
114484 2
279827 1
084479 2
114258 1
223511 1
181139 0
077703 2
084331 2
271840 1
084175 2
082080 2
051431 2
084696 1
051078 2
079341 2
084153 2
180630 1
051395 2
114295 1
051143 2
075186 2
084339 2
074907 2
079129 2
044023 2
082764 2
082779 2
083694 2
084154 2
082073 2
081907 2
082769 2
084226 2
083071 1
081911 2
078458 2
044238 2
044218 2
050832 1
051074 2
079360 2
051557 2
271898 1
050972 2
136354 1
082099 2
084097 2
114848 2
114852 2
082093 2
082651 1
084304 2
051187 2
078093 2
084178 2
081709 2
084083 2
084617 1
079644 2
075137 2
084318 2
081807 2
083578 1
114523 1
051218 2
083969 2
084131 2
115508 1
083931 2
083932 2
084306 2
136059 1
084197 2
084265 2
079642 2
082577 2
269640 1
084038 2
084085 2
084043 2
075120 2
084147 2
080366 2
078043 2
074721 2
084775 1
084075 2
084106 2
044194 2
084118 2
084267 2
084583 2
108045 1
137440 0
082614 2
043966 2
115629 1
083961 2
082089 0
084213 2
084596 2
044184 2
080424 2
075191 2
115136 2
081963 2
007106 2
120705 2
051210 2
082088 0
084109 2
084111 2
084149 1
082629 1
084053 2
276891 1
083990 2
220514 1
083305 1
083700 1
084052 2
113971 2
081889 2
120692 2
084360 2
051069 2
276748 0
084387 2
082002 2
220004 1
115446 1
078049 2
280412 0
084017 2
083027 1
084006 2
128261 0
220007 1
044106 2
180323 1
115280 2
084206 2
083955 2
084249 2
180277 1
115703 1
084101 2
211776 1
277015 1
084042 2
083029 2
084074 1
062670 2
128267 0
114990 2
084805 2
081896 2
080426 2
078303 2
083037 2
081698 2
081768 2
081794 2
180268 1
051202 2
051107 2
051207 2
084231 2
114961 2
115113 2
115674 1
029062 0
083996 1
084128 1
084076 2
115121 2
114987 2
083957 2
084047 2
084718 0
084112 2
114786 1
084383 2
084011 1
088340 0
115497 1
115676 1
084062 2
271101 1
277028 1
075143 2
083940 2
114648 1
186597 1
084103 2
271153 1
186599 1
075464 2
082964 2
114007 2
083039 2
115435 2
084308 2
081713 2
114009 2
165339 0
180635 1
083686 2
154470 0
084243 2
083844 2
084091 2
045204 2
084217 2
084069 2
083207 2
083161 2
084250 2
089290 1
051439 2
057277 0
057278 0
057279 0
045143 2
115104 1
114342 2
057616 0
078247 2
047416 0
083702 2
084081 2
184968 1
280733 0
055782 0
115069 2
138478 0
115088 1
089147 1
185592 1
083162 2
051094 1
165383 0
280411 0
044186 2
002361 1
083945 2
084120 2
043964 2
179693 1
179703 1
179961 1
179963 1
179999 1
180033 1
089165 1
185588 1
185585 1
051193 1
185561 1
113997 2
051206 1
051195 1
185578 1
180626 1
113986 2
184837 1
180299 1
051217 2
089197 1
115132 2
083701 2
051192 1
089249 1
051213 1
089248 1
180614 1
