229351 1
229356 1
229358 1
234490 1
234389 2
231388 1
234388 1
234119 1
231229 1
231233 1
231243 1
231230 1
231234 1
231244 1
231228 2
231232 2
231242 2
228972 2
227946 2
233919 1
229194 2
229047 2
229357 2
229359 2
229021 0
231283 2
229352 2
231286 2
231313 2
231307 2
231411 1
231409 1
231424 2
234390 2
017844 2
234086 1
231609 1
239745 0
242928 2
239800 0
242982 1
242922 1
231271 2
136299 1
136326 1
136301 1
242910 1
242895 2
231255 1
231272 2
231302 2
239253 0
256312 2
231504 1
229011 2
256301 1
196314 1
229361 2
229424 2
196586 1
221595 2
221631 2
221636 2
221682 2
229310 2
136293 0
196598 1
196600 1
231112 1
231119 1
234052 2
234087 2
234012 1
194720 1
194722 1
229439 1
229548 2
142218 0
229179 2
229238 2
231148 2
158734 1
231120 1
229516 2
229207 2
239329 0
229531 1
136512 0
136485 0
155637 0
155631 0
009330 0
121806 0
191439 1
191054 1
196315 1
196587 1
196599 1
196601 1
191448 1
191053 1
229241 1
207182 0
208779 0
208778 0
196537 0
206940 0
229423 1
196036 0
171709 0
196536 1
197156 0
170262 1
