226419 1
211355 1
199662 1
199768 1
202309 1
210803 2
210735 2
201723 1
253060 1
207193 1
206995 1
191960 1
201733 2
207523 2
191952 1
192027 1
233435 2
141618 0
211988 0
275029 2
216167 1
275040 2
242624 2
275063 2
243224 1
199799 1
258244 1
225400 2
199800 1
257917 2
240501 2
224535 2
229632 2
196270 2
253557 2
253570 2
253575 2
253501 2
253675 2
253701 2
253600 2
253602 2
253449 2
253502 2
253558 2
253571 2
253576 2
253425 2
253354 2
244451 2
244471 2
199644 0
251938 0
139406 0
262867 1
229701 2
258502 2
262872 1
242947 2
287669 2
234372 2
287168 2
197534 1
250887 2
243208 1
229964 2
229876 2
234371 2
197450 1
256022 1
257343 1
271664 2
257272 1
257243 1
108832 1
256099 1
271663 2
205796 2
275249 0
255936 1
206423 2
108911 1
206434 2
108912 1
108880 1
109176 1
109198 1
109210 1
228781 1
208579 1
228910 1
197440 1
183845 2
210965 2
210748 2
183853 1
227462 1
227546 0
228782 1
228911 1
203074 0
187602 2
184706 1
202237 1
203076 2
202384 1
080223 2
203072 2
025484 0
015242 0
256767 2
256770 2
202398 0
206808 1
201756 1
244423 1
244426 2
244436 2
184747 1
265042 1
184695 2
206698 2
244367 1
201815 1
255060 1
244365 1
199226 1
244366 1
254637 1
244353 2
244261 2
199222 1
206720 2
201813 1
210756 1
237379 2
017574 2
101493 1
234290 1
206709 2
255270 0
254881 0
243857 1
202794 1
201638 1
208546 2
257428 0
210978 1
199160 1
199153 1
244425 2
199154 1
199156 1
237336 2
243843 1
234289 0
237378 0
243497 1
258430 0
202344 1
200003 1
238027 0
136116 0
208051 1
201964 1
201963 1
282970 0
201958 1
243496 1
258373 2
209712 0
208975 1
115184 0
243559 1
244435 0
243558 1
208007 1
243401 1
243561 0
243818 1
243402 1
243779 1
243780 1
243811 1
199967 1
244136 1
244143 1
258357 2
202262 1
244363 1
250339 1
243528 0
244732 0
128627 1
206797 1
146539 2
261667 0
243862 1
001554 1
208029 1
208997 1
226161 1
243834 1
250338 1
128478 1
226164 0
208018 0
208986 0
244341 1
207204 1
204245 1
199482 1
199458 1
019075 1
