044384 1
044349 1
044314 2
044601 1
209902 1
044602 2
044616 1
205162 1
045920 1
044821 1
045916 2
044698 2
205166 1
205151 1
040982 1
040949 2
205164 1
205765 1
035123 1
045511 1
041639 2
045435 2
046466 2
035773 1
045324 1
045973 1
046519 1
040755 1
046514 2
045318 2
040898 1
046546 1
036104 1
045965 1
044368 1
041632 2
036111 2
044157 2
035759 1
035748 2
035766 1
035797 1
051755 1
035786 2
036308 1
035757 1
035785 1
035900 1
035903 2
035755 1
035765 1
037794 2
035849 1
035906 2
035788 1
035872 2
035981 1
035861 2
035902 2
037793 1
035760 1
035806 1
035756 1
035908 2
040929 1
040928 2
035824 2
035832 2
044731 1
036275 1
044899 1
036034 1
035838 1
044732 2
037314 2
035758 1
046014 2
035843 1
035817 2
035792 1
046049 1
044737 1
035783 1
035867 2
036340 1
041577 2
035842 1
035918 1
035873 2
041594 1
035919 1
037242 1
036135 1
045896 1
035787 1
036141 1
036131 2
045708 1
218004 1
045358 1
088107 1
045014 1
044638 2
036140 2
035675 2
044738 2
044689 1
045356 2
044939 1
044442 2
036136 1
036142 1
044408 2
044332 1
044633 2
044989 2
044936 1
035676 2
035674 1
044746 1
044780 2
035699 2
044632 1
044642 2
040900 1
035937 1
040822 2
044891 1
046355 1
035935 2
044882 2
044643 2
044756 2
040792 1
044634 2
046594 2
044745 1
045468 1
045845 2
044775 2
044327 1
044739 2
044680 1
040936 1
044001 2
044558 1
041014 2
045891 1
044933 1
039568 2
046489 2
044759 2
044762 1
044748 1
044740 1
044733 2
045889 2
046476 1
044582 1
046117 2
039995 2
044474 1
044525 1
044445 2
209417 1
040751 2
035904 2
044835 1
044593 1
035860 2
044591 2
045857 1
044578 2
035948 1
044264 1
044511 1
045862 1
044585 1
045854 1
044253 1
046293 2
044503 1
036242 1
044524 1
035851 1
045231 2
044315 2
046493 2
046459 1
046409 2
036702 2
044736 1
046502 2
044254 2
035846 1
035863 2
040902 2
044468 2
040752 1
040937 1
041119 2
045982 2
046411 2
044537 1
044239 1
046509 1
035859 2
044743 1
041480 1
045234 1
044716 1
044721 1
045623 2
035831 2
036372 2
041536 2
035879 2
035978 2
036123 1
050961 1
040901 1
044064 1
045928 1
045698 2
044323 1
045425 2
045241 2
045983 2
043895 1
044617 1
043995 2
040905 1
045117 2
046491 2
042260 2
044268 2
035777 1
045296 1
045536 1
045319 1
045307 2
036738 2
044579 2
036013 1
042840 2
041626 1
045692 1
045624 1
044278 1
045489 2
044291 1
035951 1
040816 2
041306 1
040975 2
046375 1
036098 1
042358 2
101760 0
037685 2
044678 1
035926 2
035925 1
044220 1
044473 2
041394 1
035888 2
035956 1
041388 1
035878 2
045727 2
045758 2
035933 2
035776 1
037675 1
040932 1
044520 1
044273 1
035752 2
050685 2
046379 2
040903 2
044906 1
044160 2
045268 2
044561 1
036160 2
035912 2
046462 2
040962 1
214288 1
049302 1
040915 1
044498 1
217289 1
035778 1
044599 1
045999 1
044162 2
040793 2
049306 1
044777 1
044405 1
046461 2
045619 2
036000 1
044032 2
035922 2
044307 1
049892 2
045488 2
035790 1
044767 1
044351 2
044002 2
054578 1
045955 1
215119 1
214463 1
045443 2
051325 2
051516 1
036765 2
044692 1
044577 2
046047 1
044568 2
040783 2
264818 1
035384 1
208357 1
207646 1
045998 1
045487 1
035791 1
037065 1
035304 1
036907 1
044581 2
035649 1
045473 2
043765 1
035929 2
264847 1
264831 1
035286 1
035283 1
049889 1
046288 1
037146 2
044039 1
036748 1
044584 1
044536 1
044419 1
044614 1
048134 1
044387 1
209846 1
204479 1
207060 1
045501 1
035934 1
044755 2
045532 2
044613 1
043900 1
044223 1
214961 1
044098 2
051148 2
035841 1
044549 1
041026 1
040819 2
040916 1
051339 1
048904 1
044735 1
205156 1
045954 1
044685 1
044587 1
209446 1
044747 1
046337 1
216389 1
044730 1
044203 1
044600 1
043977 1
205767 1
044781 2
045367 1
044851 2
044603 2
044789 1
059415 1
044688 1
051064 2
044703 2
046198 1
044571 1
043922 1
035744 1
051517 1
044375 1
051742 1
059086 1
051333 1
045689 2
044149 0
043908 2
110530 1
045351 2
036325 2
035927 1
045163 1
217907 1
044357 1
201226 1
043932 1
045024 2
045248 1
040907 1
044606 1
044717 1
044992 2
044256 2
044626 1
040821 1
044741 1
051482 1
035711 2
044636 2
050892 1
044677 1
051338 1
044592 1
035853 1
050886 1
044644 2
213276 1
044705 2
207658 1
218332 1
044955 1
044509 2
207006 1
044366 2
044734 2
036990 2
110561 1
044310 1
040935 1
203894 1
043982 1
044280 2
205282 1
044391 2
045178 1
045177 2
212460 1
206535 1
040892 1
044649 1
044402 2
212029 1
044589 1
044605 1
046196 1
051744 1
051042 1
215467 1
036978 1
044374 1
044434 1
037445 1
040934 1
218408 1
044353 1
214705 1
036652 1
044495 2
044518 1
205560 1
044552 1
037033 1
044430 1
110569 1
140935 0
037880 1
044801 1
045526 2
205461 1
044129 1
212661 1
044195 2
044197 2
037447 1
044008 2
037052 1
037902 2
036663 1
218949 1
036683 1
217387 1
215570 1
037779 1
045533 1
044559 1
035833 2
213628 1
035789 0
037924 2
051519 1
205173 1
044648 1
037528 2
214958 1
214960 1
214352 1
037231 1
044272 1
037306 2
044631 1
044693 1
036375 2
065434 0
037213 1
035923 2
036085 2
210344 1
219480 1
037106 1
045801 1
203822 1
044586 1
044048 1
060586 1
050766 1
206495 1
215268 1
148724 1
209847 1
217334 1
081180 1
051066 1
208240 1
044506 1
109397 1
163893 1
208572 1
051514 1
048451 1
210107 1
217389 1
036186 2
216276 1
044742 1
204592 1
217902 1
163872 1
210290 1
218016 1
218217 1
218177 1
209365 1
209788 1
044838 1
051605 1
036048 1
060535 1
051664 1
213889 0
062819 1
046361 1
051515 1
034661 1
046414 1
203999 1
206342 1
035735 1
079475 1
215154 1
062813 1
046276 1
039423 2
044687 1
210560 1
036561 1
163071 0
045593 2
045582 1
035839 1
037467 1
035921 1
045021 2
205296 1
044262 1
258468 1
044163 2
201991 1
062794 0
203427 1
209430 1
045513 2
206456 0
046102 2
164572 0
113250 1
044389 1
049256 1
044152 1
045703 1
051147 1
108793 0
044770 1
045818 1
258524 1
036558 1
205207 1
048544 0
066382 0
208545 1
138040 0
045420 1
015594 0
045817 1
019662 0
046153 1
044691 1
044588 1
045005 1
044580 2
021652 0
044118 1
204302 1
216252 1
216044 0
043876 1
046418 1
203660 0
205039 1
204467 1
217113 1
045164 1
210265 0
045148 1
