194093 2
194101 2
193574 2
193567 2
195747 2
195746 2
195754 2
195760 1
196253 2
196251 2
190783 1
202635 2
190850 2
202637 1
202641 2
201727 2
201737 2
264171 0
264166 0
233314 1
201752 1
233301 1
202640 1
199484 1
201781 2
227400 2
199460 1
202936 0
227402 2
199454 0
196796 2
201734 1
201740 1
224068 1
201748 1
196798 1
223996 1
223950 0
201792 1
232233 0
232213 0
262765 1
226412 0
230375 0
232206 0
262757 1
262760 1
266022 0
213890 0
213893 0
263238 1
257512 0
257508 0
230979 1
213849 0
262885 0
195267 0
256560 0
199587 0
265594 0
071197 1
104370 1
195266 0
232446 0
071204 1
104377 1
196347 0
279949 0
128556 1
196589 0
196321 2
196272 2
202112 2
202834 0
128517 1
202122 2
196307 2
128559 1
128516 2
196282 2
202375 2
201938 2
196252 2
018018 0
202135 2
147134 2
273846 0
201929 2
263608 0
170268 0
149438 2
257821 0
147133 2
260768 0
149452 2
191964 2
192004 2
202151 2
078302 0
202134 1
202934 1
202148 2
202157 1
202931 1
207446 1
137508 0
257093 1
202156 1
259817 0
110893 0
260660 2
260653 2
257107 1
207490 1
264963 2
204850 0
205224 2
205235 2
264964 2
273546 0
266162 2
014582 1
137196 0
266163 2
262004 1
262758 1
123732 0
261926 1
261747 2
232890 0
262769 1
262771 1
262775 1
262782 1
140650 0
289911 1
219274 1
066143 0
254140 0
219267 1
251324 1
140691 0
138807 2
194545 2
220319 0
138819 1
071434 2
104607 2
071405 1
104578 1
220363 0
239789 1
239788 1
004455 0
238194 0
239792 1
196656 0
239790 1
239794 1
239793 1
239776 0
196647 1
