158922 2
006786 2
120466 2
005342 2
119850 2
006780 2
120462 2
119846 2
006785 0
120465 0
006783 2
120463 2
006784 0
120464 0
026641 2
026347 2
077760 2
082642 2
178752 1
077410 2
076153 2
075820 2
075778 2
075784 2
178713 1
178696 1
178615 1
178592 1
002204 2
075040 1
155971 2
224867 1
232859 1
232864 1
079078 2
069102 1
102275 1
224875 1
224876 1
027150 2
076286 2
141615 0
076304 2
076403 2
002461 0
117225 1
273696 0
110114 2
273700 0
033090 2
284679 1
165086 1
165084 1
082151 2
112565 2
284680 1
110373 2
112584 2
075479 2
107948 2
224226 1
000428 2
107959 2
207853 1
158965 0
165077 0
108052 2
011047 2
160977 2
285292 0
011219 2
076984 0
076898 0
076989 0
015206 2
125541 2
076791 0
285286 0
096720 0
161029 2
161033 2
144752 2
144806 2
003986 2
220481 2
018228 2
128947 2
230775 2
019066 2
029250 0
222792 0
159895 1
081075 1
164990 2
159880 1
159881 1
165079 2
165140 2
159870 2
165121 2
081045 1
159866 2
220479 2
081072 1
165105 2
