034578 0
093157 0
230737 0
239045 2
238784 2
128550 2
252481 0
055149 2
055641 2
061975 2
052941 2
252479 0
001625 2
053325 2
059848 2
128581 2
053422 2
214839 0
128553 2
033771 0
034539 0
214938 0
175981 0
128582 2
230891 0
279963 0
053315 0
224141 0
055702 2
015857 0
128199 2
126570 2
063024 2
008529 2
149267 0
181849 0
175970 0
128299 2
076725 2
143989 0
055529 2
283795 0
015359 0
063219 2
059463 2
272437 0
272440 0
272546 0
050929 0
059484 2
030820 0
195155 0
041815 2
224148 0
128673 2
059464 2
095727 0
227342 0
055201 2
081381 2
081511 2
068030 2
256177 0
210416 0
208791 0
097541 0
260164 0
251506 0
081380 2
181303 0
054609 2
048867 0
048972 2
000381 2
053137 1
070306 2
103479 2
059479 2
055618 2
001183 2
059487 2
060299 2
051640 2
017254 2
129627 2
055551 2
055393 2
048973 2
053518 2
239413 0
124225 2
051584 2
062380 0
124223 2
053324 0
032646 0
066592 2
051604 2
059489 2
235850 1
235848 1
051639 2
235853 1
059249 2
059252 2
059414 2
053898 2
055932 2
059267 0
175192 1
081510 2
175647 1
172067 1
175648 1
059253 0
171899 1
076386 2
030512 0
172315 1
172550 1
171247 1
237815 1
172515 1
172664 1
176720 1
176721 1
054676 0
171479 1
171930 1
171617 1
172163 1
172361 1
172490 1
184319 1
171243 1
145620 2
171563 1
172455 1
240373 1
172644 1
194491 1
171502 1
171443 1
181969 1
172084 1
177293 1
177294 1
172606 1
172064 1
171660 1
170824 1
171062 1
171644 1
179632 1
176627 1
176628 1
171107 1
171276 1
250348 1
172228 1
170879 1
171068 1
171896 1
171814 1
172642 1
172742 1
193560 1
171428 1
179202 1
172475 1
278977 1
171956 1
171415 1
177295 1
177296 1
190682 1
171934 1
177292 1
171434 1
172204 1
171915 1
189822 1
171446 1
179072 1
171582 1
170978 1
171884 1
171209 1
172371 1
181481 1
223433 1
172675 1
172436 1
185015 1
171527 1
170958 1
171811 1
171363 1
175159 1
170956 1
172284 1
170820 1
171826 1
171761 1
171064 1
277106 1
194256 1
171950 1
172357 1
171780 1
177533 1
177534 1
224207 1
171011 1
172693 1
171920 1
172074 1
240262 1
172415 1
172405 1
172495 1
171237 1
059365 0
172122 1
171619 1
172426 1
171260 1
172022 1
175053 1
171195 1
171594 1
171839 1
172656 1
172172 1
172682 1
171554 1
171239 1
172268 1
171978 1
171668 1
171765 1
278978 1
172669 1
170887 1
171592 1
172482 1
172144 1
172316 1
172648 1
237175 1
171890 1
059445 2
171154 1
171788 1
180580 1
172412 1
190452 1
171853 1
172541 1
172542 1
171990 1
171605 1
171186 1
171638 1
171157 1
174075 1
172137 1
171974 1
172614 1
172615 1
172616 1
172617 1
179655 1
179656 1
171577 1
177195 1
172418 1
194474 1
172509 1
172355 1
172438 1
174320 1
171631 1
185669 1
191713 1
172045 1
175534 1
172002 1
172200 1
188804 1
172112 1
177539 1
177540 1
171354 1
172333 1
179185 1
171083 1
171941 1
172037 1
242350 1
171281 1
172128 1
172501 1
183225 1
053769 0
178984 1
172195 1
172031 1
172167 1
185138 1
172583 1
172118 1
172146 1
171524 1
172637 1
194459 1
190894 1
184781 1
172332 1
171905 1
181480 1
190056 1
172394 1
171705 1
178992 1
171904 1
171176 1
172158 1
172052 1
171523 1
172324 1
184992 1
179390 1
179440 1
224047 1
172093 1
240254 1
171694 1
171411 1
171983 1
171338 1
172723 1
171769 1
175210 1
237928 1
171684 1
193201 1
172005 1
172654 1
171413 1
171405 1
189355 1
172340 1
172676 1
171923 1
171496 1
172598 1
172599 1
172705 1
171597 1
172300 1
170922 1
179654 1
171535 1
192121 1
171650 1
171651 1
172123 1
172041 1
171729 1
184255 1
171240 1
171815 1
171086 1
172498 1
240249 1
171470 1
171778 1
178888 1
171836 1
178060 1
178061 1
171939 1
226281 1
171536 1
171771 1
170862 1
171763 1
223444 1
170838 1
172111 1
172431 1
172674 1
172171 1
172154 1
171339 1
170950 1
172182 1
237923 1
172086 1
239408 1
172338 1
171340 1
173608 1
171571 1
171835 1
172289 1
171965 1
177235 1
177236 1
171753 1
172430 1
224499 1
172409 1
171945 1
178341 1
178342 1
171129 1
250961 1
172386 1
240371 1
172130 1
171147 1
171802 1
182258 1
171223 1
192184 1
271370 1
175100 1
177073 1
177074 1
069160 2
102333 2
172350 1
172003 1
179670 1
179671 1
172047 1
177001 1
177002 1
179188 1
172029 1
178453 1
178454 1
187947 1
171727 1
171803 1
171735 1
181482 1
172141 1
171692 1
172377 1
172464 1
254409 1
172641 1
172462 1
171730 1
171894 1
172378 1
186759 1
171783 1
171574 1
179327 1
173000 1
172100 1
171696 1
193125 1
172587 1
178031 1
178032 1
171981 1
171715 1
171637 1
182250 1
171189 1
178533 1
178534 1
172040 1
171712 1
172027 1
171393 1
180281 1
179613 1
184991 1
171943 1
171936 1
172327 1
172151 1
179365 1
171543 1
172188 1
174234 1
172346 1
172207 1
178162 1
178163 1
171300 1
183973 1
188457 1
170854 1
241226 1
225704 1
179037 1
171168 1
237319 1
172322 1
172686 1
176514 1
182369 1
171538 1
177938 1
177939 1
171937 1
170967 1
189277 1
172650 1
179230 1
170918 1
171790 1
171614 1
172249 1
172385 1
172716 1
176571 1
182646 1
179247 1
171518 1
172133 1
178058 1
178059 1
172483 1
172447 1
171658 1
178546 1
172663 1
171427 1
171948 1
192974 1
172291 1
172603 1
172604 1
172605 1
171643 1
171455 1
223535 1
172658 1
179213 1
171657 1
170960 1
240554 1
226303 1
171268 1
179195 1
175638 1
171246 1
172704 1
172707 1
191009 1
171468 1
174567 1
171529 1
171072 1
171860 1
172725 1
171206 1
183197 1
172424 1
179344 1
225062 1
179420 1
172516 1
183209 1
171449 1
171928 1
171366 1
172696 1
172201 1
172535 1
172537 1
172061 1
171687 1
171907 1
175000 1
179340 1
187296 1
174252 1
184365 1
171184 1
172406 1
171624 1
172528 1
172529 1
172404 1
171776 1
171995 1
171609 1
179306 1
172362 1
172690 1
171160 1
172145 1
171600 1
171764 1
179256 1
179623 1
171819 1
179219 1
170789 1
179418 1
171719 1
223616 1
171093 1
177078 1
177079 1
172007 1
170857 1
179227 1
172592 1
172593 1
224219 1
224220 1
187630 1
172437 1
171202 1
179402 1
179336 1
179337 1
171151 1
172514 1
172309 1
188033 1
172320 1
172548 1
171807 1
171902 1
170929 1
171633 1
172556 1
172557 1
171368 1
171451 1
171871 1
237839 1
170882 1
173472 1
173473 1
172187 1
172197 1
179477 1
171869 1
171439 1
173338 1
184461 1
172453 1
172703 1
172363 1
189483 1
172185 1
179304 1
172149 1
172193 1
224116 1
171881 1
172569 1
172570 1
224776 1
179308 1
172270 1
171758 1
172487 1
172024 1
172104 1
172105 1
172108 1
172088 1
171958 1
172341 1
235833 1
171799 1
188169 1
172302 1
171864 1
184979 1
172443 1
172586 1
171697 1
178403 1
178404 1
171821 1
172688 1
178492 1
178493 1
172422 1
172730 1
240311 1
172092 1
172039 1
175150 1
172053 1
172225 1
172212 1
171551 1
188095 1
170814 1
171773 1
172155 1
171816 1
172078 1
177647 1
177648 1
172635 1
171723 1
171908 1
179497 1
171732 1
172549 1
171295 1
179673 1
181338 1
172743 1
171475 1
179608 1
172150 1
171379 1
171585 1
172493 1
171618 1
179668 1
171671 1
189442 1
179663 1
178637 1
178638 1
172237 1
171725 1
172536 1
172538 1
188159 1
187196 1
190085 1
170914 1
170916 1
172223 1
184812 1
172254 1
172217 1
172720 1
172380 1
170868 1
172169 1
172564 1
172565 1
172275 1
172054 1
172304 1
172594 1
171272 1
171797 1
171830 1
171478 1
181571 1
172468 1
170841 1
223985 1
179377 1
267907 1
171823 1
170890 1
171794 1
172176 1
172229 1
171162 1
172585 1
172563 1
172566 1
171841 1
172476 1
179844 1
179845 1
172280 1
172102 1
171275 1
171971 1
172621 1
178229 1
178230 1
176589 1
182813 1
184235 1
179411 1
188498 1
172667 1
172034 1
171866 1
172425 1
172505 1
170786 1
171767 1
177662 1
177663 1
186171 1
178803 1
178804 1
184426 1
237840 1
172738 1
171610 1
240252 1
172318 1
172521 1
172522 1
171290 1
176892 1
176893 1
183678 1
171929 1
171878 1
184031 1
179609 1
172126 1
171940 1
171892 1
172252 1
179444 1
172629 1
172630 1
173645 1
178420 1
178421 1
172230 1
170953 1
172626 1
172627 1
187079 1
171046 1
171999 1
172417 1
171959 1
172285 1
240244 1
171740 1
171646 1
172240 1
172506 1
171917 1
173469 1
173470 1
172396 1
171805 1
172471 1
171144 1
171913 1
177656 1
177657 1
171492 1
177304 1
177305 1
171953 1
171690 1
172401 1
179628 1
053457 2
172106 1
171226 1
172660 1
171507 1
174995 1
059295 0
172077 1
172011 1
172624 1
172625 1
171548 1
172057 1
171382 1
240558 1
171425 1
172365 1
277115 1
171784 1
172552 1
255139 1
172440 1
172727 1
192704 1
175419 1
172328 1
172258 1
172134 1
172639 1
171498 1
171310 1
183775 1
174964 1
172370 1
172461 1
237921 1
177143 1
177144 1
255137 1
178957 1
172353 1
171962 1
171460 1
171231 1
181641 1
170792 1
172573 1
177849 1
177850 1
179611 1
172513 1
185117 1
225341 1
188487 1
172066 1
172339 1
172519 1
171590 1
171812 1
171285 1
179485 1
172079 1
174110 1
240368 1
171997 1
237851 1
171785 1
184966 1
181640 1
172097 1
171989 1
224449 1
189993 1
172609 1
172236 1
178368 1
178369 1
171293 1
178507 1
178508 1
171954 1
174813 1
172486 1
175351 1
172708 1
179604 1
172481 1
170985 1
262333 1
172485 1
171229 1
171547 1
172115 1
171036 1
172729 1
170822 1
171533 1
172782 1
179424 1
171980 1
181639 1
180515 1
171993 1
172460 1
193252 1
172392 1
172429 1
259894 1
172083 1
172032 1
251024 1
174228 1
179229 1
171581 1
172014 1
176593 1
182941 1
171531 1
237926 1
054119 0
145821 2
171235 1
171716 1
171569 1
179643 1
222802 1
240567 1
172478 1
182117 1
188174 1
171699 1
171541 1
189932 1
171200 1
171750 1
175395 1
170808 1
179056 1
172449 1
172020 1
172073 1
171350 1
172421 1
171859 1
175023 1
173700 1
226291 1
188192 1
172075 1
172266 1
240370 1
173711 1
171925 1
172994 1
171336 1
236778 1
171035 1
179677 1
171109 1
172383 1
171334 1
177789 1
177790 1
171037 1
171292 1
171440 1
172388 1
172702 1
172048 1
244578 1
174511 1
172015 1
277190 1
145824 2
171745 1
179355 1
173595 1
174049 1
172503 1
173332 1
177393 1
177394 1
176569 1
182643 1
179353 1
059304 0
171342 1
179361 1
235978 1
171736 1
235985 1
173454 1
180196 1
065151 2
172312 1
175077 1
175177 1
011594 0
172001 1
171848 1
174963 1
280669 1
176939 1
176940 1
171789 1
259896 1
172374 1
240312 1
171384 1
171329 1
181721 1
175330 1
172450 1
237852 1
180258 1
172017 1
236786 1
175129 1
171686 1
171452 1
156228 0
172777 1
053347 2
060527 2
171335 1
174805 1
088829 0
059629 2
088780 0
059269 0
173452 1
083070 0
197352 2
009754 0
201512 2
197328 2
063637 0
059490 2
197401 2
197398 2
197350 2
197351 2
156230 0
045500 0
045442 0
091439 0
090950 0
076342 0
091011 0
069605 0
102778 0
172645 0
059424 2
139552 0
172466 0
055887 2
071718 0
104891 0
053425 2
068850 0
051585 2
068518 0
051564 2
076934 0
011333 0
230458 2
142363 0
230460 2
227587 2
227466 1
227543 2
227569 2
231026 2
069661 0
102834 0
035206 0
069512 0
102685 0
068029 0
069511 0
102684 0
069259 0
102432 0
231027 2
201511 0
060477 2
009442 0
064781 0
063277 0
197718 0
079217 0
035508 0
034767 0
060514 2
202705 0
254257 0
273692 0
090060 0
134511 0
102152 0
011238 0
161956 0
144493 0
227416 0
034705 0
013307 0
179026 0
048542 0
178994 0
089169 0
230615 0
055778 0
065555 0
287153 0
211376 0
070372 0
085381 0
077491 0
062918 0
035042 0
122715 0
185322 0
266277 0
059082 0
003096 0
287560 0
197678 0
241915 0
286797 0
182751 2
116393 0
182753 2
182750 2
182747 2
181087 0
182674 0
003355 0
059272 0
252959 0
017211 1
203022 0
197433 0
067546 0
189613 0
254928 0
283991 0
059491 0
075830 0
090067 0
080923 0
034274 0
172472 0
048123 0
068806 0
002200 0
229391 0
023731 0
044401 0
055949 0
063635 0
019888 0
099317 0
079184 0
134522 0
230625 0
108944 0
077704 0
277735 0
141192 0
256840 0
196423 0
030924 0
043828 0
085357 0
270878 0
076856 0
170925 0
083006 0
179504 0
175838 0
246491 0
096122 0
161943 0
091894 0
090115 0
211393 0
087257 0
034744 0
288630 0
214155 0
077361 0
053971 0
067741 0
001990 0
025373 0
172718 0
269628 0
211377 0
053784 0
088428 0
185470 0
041383 0
227434 0
143786 0
085878 0
094149 0
103545 0
054448 0
068816 0
016813 0
234386 0
078374 0
174037 0
144536 0
283994 0
092977 0
067484 0
189616 0
067559 0
060097 0
083567 0
088496 0
088210 0
108693 0
287210 0
241876 0
197394 0
071716 0
043558 0
181056 0
259837 0
197641 0
081076 0
220279 0
173680 0
034840 0
010820 0
035558 0
271557 0
269884 0
161358 0
125113 0
089145 0
211394 0
114715 0
251831 0
069322 0
060887 0
116051 0
145960 0
289133 0
180842 0
223151 0
241638 0
013944 0
065315 0
020544 0
170855 0
126596 0
001114 0
262322 0
185837 0
033049 0
043093 0
276859 0
133054 0
226470 0
085358 0
034865 0
285642 0
278327 0
262904 0
229416 0
054757 0
272799 0
046425 0
287301 0
212327 0
065771 0
010297 0
132258 0
254964 0
192692 0
260692 0
158411 0
048362 0
015579 0
087533 0
014400 0
076831 0
054731 0
285615 0
079035 0
048847 0
075409 0
206915 0
158987 0
036411 0
223152 0
233190 0
289245 0
020292 0
069663 0
059182 0
089166 0
284007 0
179464 0
251748 0
070273 0
085462 0
134843 0
005563 0
051808 0
104889 0
055492 0
227428 0
083585 0
076694 0
014125 0
067551 0
175857 0
035026 0
068799 0
172643 0
261106 0
013226 0
083157 0
038054 0
077459 0
265952 0
023137 0
117966 0
078162 0
279619 0
088103 0
042101 0
096172 0
103446 0
139401 0
087253 0
253744 0
130490 0
033043 0
021648 0
171111 0
002334 0
139622 0
254252 0
227438 0
287213 0
041154 0
266706 0
095891 0
225916 0
044167 0
094988 0
205842 0
276823 0
234793 0
256940 0
269482 0
091083 0
286813 0
038796 0
197400 0
180835 0
025944 0
039833 0
241916 0
081028 0
077173 0
172646 0
173538 0
053854 0
062959 0
257831 0
034217 0
194278 0
102495 0
221083 0
034742 0
045701 0
209403 0
003766 0
270825 0
223544 0
254802 0
045933 0
050156 0
122618 0
015943 0
041434 0
062969 0
108957 0
185469 0
007191 0
050237 0
078458 0
062699 0
229396 0
231832 0
141216 0
027011 0
198165 0
085322 0
032983 0
025563 0
095989 0
089193 0
061327 0
252435 0
143566 0
055462 0
114706 0
234787 0
230677 0
102836 0
039967 0
181388 0
277973 0
259882 0
027007 0
127597 0
277394 0
158993 0
032982 0
251762 0
027263 0
043516 0
284006 0
269631 0
091644 0
014833 0
102219 0
079755 0
077888 0
285564 0
068700 0
051959 0
001370 0
276985 0
286667 0
025604 0
112833 0
260958 0
236614 0
005661 0
281861 0
170911 0
083040 0
095082 0
174801 0
197695 0
237399 0
289147 0
043086 0
076594 0
016466 0
079674 0
087738 0
276865 0
177401 0
146458 0
223675 0
178962 0
092483 0
123739 0
087850 0
069435 0
019860 0
266995 0
207236 0
057503 0
197397 0
289132 0
279538 0
134730 0
186590 0
134934 0
059131 0
085326 0
179127 0
283977 0
032802 0
054427 0
084524 0
134079 0
033095 0
006557 0
018168 0
077889 0
131191 0
277968 0
175532 0
146329 0
272197 0
165314 0
034522 0
010735 0
281834 0
241327 0
026035 0
279624 0
282134 0
016650 0
060181 0
265992 0
233228 0
025969 0
194269 0
057342 0
250053 0
026002 0
025093 0
143993 0
014086 0
277733 0
207073 0
013311 0
034978 0
121286 0
251766 0
077357 0
115252 0
060494 0
061303 0
035387 0
161346 0
069161 0
087740 0
238007 0
039406 0
051318 0
085481 0
058296 0
023650 0
015519 0
130411 0
051224 0
075889 0
146485 0
262377 0
164661 0
053288 0
087819 0
011691 0
228417 0
059589 0
185834 0
081272 0
267900 0
075403 0
174039 0
276250 0
243011 0
040787 0
265891 0
081911 0
040861 0
112981 0
051058 0
278218 0
078871 0
137371 0
109754 0
075874 0
067410 0
108582 0
134324 0
014217 0
102608 0
220325 0
185898 0
093200 0
172709 0
053184 0
279501 0
251790 0
046861 0
236842 0
052893 0
276875 0
035111 0
039999 0
050182 0
049225 0
125097 0
014079 0
078140 0
173306 0
215912 0
159119 0
066759 0
269197 0
257409 0
032253 0
006174 0
055232 0
145671 0
100035 0
031423 0
214156 0
270851 0
256188 0
194385 0
043209 0
123744 0
069295 0
277398 0
113484 0
139516 0
253077 0
194490 0
175040 0
113989 0
221128 0
154477 0
253741 0
075214 0
179293 0
082543 0
218437 0
241404 0
283993 0
019856 0
196793 0
149274 0
279633 0
015106 0
027110 0
108571 0
006275 0
231871 0
267224 0
279596 0
258307 0
041486 0
230230 0
053286 0
087887 0
010918 0
014853 0
109268 0
117803 0
025639 0
040236 0
008755 0
076593 0
014435 0
046778 0
042053 0
065776 0
269073 0
074733 0
232826 0
088035 0
095374 0
128989 0
251857 0
148390 0
108669 0
078838 0
256186 0
261108 0
143556 0
108828 0
192942 0
051967 0
092939 0
092640 0
195227 0
112808 0
040433 0
069430 0
234983 0
083115 0
095860 0
060123 0
277990 0
077166 0
171755 0
025888 0
057977 0
180421 0
244451 0
197962 0
134949 0
146850 0
266996 0
021621 0
075218 0
090741 0
038867 0
178209 0
141401 0
002327 0
059906 0
100416 0
177400 0
265951 0
111899 0
054992 0
131063 0
250092 0
075078 0
016511 0
251736 0
051308 0
277734 0
171000 0
196794 0
249740 0
102468 0
035229 0
148821 0
277105 0
003067 0
277409 0
045702 0
051871 0
139514 0
034525 0
192836 0
035475 0
003083 0
139449 0
014214 0
012008 0
144963 0
173640 0
180013 0
146486 0
283990 0
282148 0
095097 0
055386 0
035069 0
254972 0
102334 0
161083 0
003830 0
023651 0
007115 0
082679 0
081784 0
194144 0
176348 0
084982 0
083098 0
091851 0
109581 0
052485 0
081907 0
082495 0
174910 0
262529 0
102603 0
192572 0
039708 0
110174 0
045613 0
267779 0
020745 0
183915 0
174787 0
057116 0
141217 0
255030 0
262612 0
251735 0
172545 0
065097 0
041416 0
093929 0
023153 0
226001 0
067564 0
137466 0
005385 0
174092 0
257430 0
011391 0
013112 0
027253 0
026987 0
191583 0
035720 0
221204 0
214441 0
198295 0
243013 0
083026 0
087894 0
078618 0
230811 0
254253 0
134517 0
098150 0
075126 0
000161 0
207555 0
034850 0
236457 0
276999 0
109582 0
214899 0
052525 0
072272 0
253653 0
019943 0
232855 0
033273 0
178252 0
025963 0
128400 0
279626 0
067919 0
283975 0
271524 0
075768 0
257105 0
018996 0
282183 0
181560 0
035088 0
005823 0
179235 0
100278 0
018973 0
042172 0
251858 0
280317 0
050536 0
251749 0
120707 0
251471 0
059880 0
160378 0
078300 0
100082 0
034944 0
061186 0
179184 0
279502 0
030596 0
272210 0
093995 0
147489 0
058288 0
090256 0
195724 0
167218 0
128957 0
177415 0
269193 0
266998 0
093045 0
011931 0
222317 0
057002 0
018876 0
075925 0
041566 0
047427 0
185899 0
060119 0
172662 0
031737 0
192835 0
272801 0
251763 0
038568 0
269081 0
098057 0
045673 0
110778 0
081190 0
066937 0
180049 0
175742 0
108672 0
062743 0
221188 0
111905 0
165648 0
249941 0
145674 0
252487 0
081019 0
007236 0
035827 0
182169 0
243682 0
161320 0
008294 0
110285 0
029674 0
116274 0
263894 0
127740 0
278354 0
059872 0
046808 0
034481 0
050155 0
154495 0
194531 0
226937 0
069374 0
266230 0
074783 0
240246 0
214444 0
270832 0
218436 0
228016 0
154082 0
074449 0
091854 0
064036 0
195241 0
064511 0
252918 0
220677 0
025663 0
167219 0
121323 0
256295 0
078605 0
088553 0
221248 0
084305 0
013782 0
069063 0
108673 0
215456 0
039930 0
095210 0
092157 0
258881 0
156013 0
194275 0
066764 0
040881 0
065258 0
134510 0
019933 0
266755 0
181363 0
067381 0
115262 0
070792 0
074794 0
048808 0
071614 0
075933 0
153672 0
231557 0
046410 0
256178 0
134097 0
104787 0
051132 0
165194 0
213157 0
054175 0
013448 0
116334 0
018836 0
082671 0
092960 0
143918 0
234738 0
049531 0
050829 0
011224 0
195402 0
009912 0
012319 0
088805 0
116514 0
159139 0
069958 0
036947 0
095564 0
100975 0
266530 0
116276 0
180407 0
065270 0
050199 0
029241 0
122868 0
067329 0
114740 0
179236 0
226472 0
272838 0
105445 0
062534 0
126037 0
130446 0
152538 0
057869 0
272327 0
266890 0
076693 0
051680 0
063877 0
239476 0
199298 0
025943 0
045807 0
031324 0
280320 0
127630 0
094227 0
186629 0
154345 0
082082 0
276344 0
127596 0
172452 0
041894 0
243744 0
095788 0
061301 0
251767 0
102547 0
039749 0
189516 0
197945 0
193906 0
282195 0
029082 0
055527 0
141883 0
027497 0
062752 0
221205 0
176346 0
074713 0
138019 0
057966 0
011719 0
054620 0
174096 0
158109 0
005844 0
226519 0
125130 0
186618 0
059179 0
025961 0
018338 0
240619 0
216739 0
126038 0
052886 0
262850 0
033108 0
059743 0
034669 0
092783 0
079665 0
031646 0
182263 0
088121 0
249737 0
041561 0
194898 0
191426 0
175903 0
074614 0
127971 0
272805 0
266045 0
080030 0
098190 0
264055 0
238757 0
039713 0
024593 0
156344 0
077263 0
163383 0
165998 0
179452 0
116277 0
072597 0
194257 0
103131 0
125111 0
243705 0
096847 0
102236 0
042930 0
005879 0
057023 0
100063 0
229144 0
109562 0
165649 0
271668 0
168206 0
286861 0
034749 0
065554 0
236544 0
090098 0
251791 0
226022 0
000759 0
230455 0
252497 0
093068 0
086565 0
259027 0
160414 0
271534 0
156014 0
007729 0
098058 0
126042 0
034980 0
138267 0
033628 0
061937 0
059023 0
062700 0
047104 0
011080 0
012723 0
265930 0
185966 0
289330 0
182182 0
012503 0
235453 0
152039 0
266063 0
156839 0
260092 0
062624 0
267904 0
061715 0
282053 0
254152 0
088555 0
177004 0
092239 0
107622 0
014531 0
179139 0
194043 0
036611 0
221207 0
053929 0
279635 0
263192 0
182510 0
069617 0
276263 0
083459 0
156988 0
143919 0
097599 0
053599 0
258308 0
240512 0
113081 0
047700 0
040503 0
122256 0
026094 0
040233 0
286703 0
206722 0
011190 0
224263 0
154273 0
030434 0
001372 0
009125 0
272849 0
182743 0
052620 0
011635 0
174720 0
062876 0
062786 0
177442 0
075931 0
068233 0
035003 0
244471 0
113454 0
214528 0
245087 0
040605 0
258751 0
069796 0
035905 0
033269 0
224003 0
121675 0
266942 0
160396 0
031814 0
143854 0
273018 0
131535 0
260463 0
012850 0
192358 0
081102 0
231593 0
134698 0
060573 0
213503 0
176187 0
062614 0
034870 0
256324 0
182509 0
118983 0
180047 0
243748 0
