145072 2
168530 1
192073 2
099728 1
147702 2
177674 2
177735 2
177759 2
177758 0
258702 2
177734 0
037176 2
037318 2
149718 1
168527 2
272064 0
272091 0
272055 0
037251 2
163379 2
259343 2
193164 2
041935 2
165771 2
153984 2
150011 2
153966 1
152884 2
237588 2
152890 1
152896 1
035590 1
285272 2
285269 2
285261 2
285277 2
150029 2
100742 2
152075 2
145863 2
100768 2
267475 0
150019 2
208884 2
003080 0
150037 2
268368 2
261223 2
150031 2
285262 2
285270 2
285273 2
285278 2
137999 1
139511 2
150563 2
034925 2
265185 2
035139 2
190408 1
177673 1
002465 1
150026 2
258910 0
259221 2
151207 2
287875 2
034924 2
263670 1
226019 2
267191 1
277939 1
268383 2
277942 2
256706 0
256709 0
213033 2
028140 0
043037 1
266837 2
159282 2
002820 0
147414 1
019912 2
266856 2
038707 2
280341 1
044717 1
235287 2
267298 0
026915 2
235248 2
038385 0
235250 2
256705 2
288132 2
128777 2
150921 2
233010 2
044705 1
231649 0
235256 2
038490 0
280360 2
182906 0
256708 2
197263 0
270198 2
223047 0
242262 0
233026 2
231650 0
242265 0
263662 1
018475 2
128774 2
076564 0
258917 0
188321 0
272666 0
156837 0
272670 0
279957 2
155907 1
272681 1
131565 2
263694 1
076551 0
065252 0
066468 0
069549 0
102722 0
001141 0
192069 2
014308 0
152030 2
149728 2
147076 0
153100 0
152504 2
175467 0
151035 0
191736 2
191737 2
085633 0
163186 2
243609 0
243630 0
243649 0
163155 2
225002 0
163134 0
238047 0
152505 1
213077 0
268794 0
150027 0
138374 0
140293 0
224125 0
132780 0
152112 0
271300 0
281446 0
153204 0
266380 0
043080 0
224029 0
235328 0
022728 0
179047 0
126631 0
279819 2
264717 2
163131 0
279824 2
279829 2
056337 0
286801 0
164367 0
258124 0
242242 0
170307 0
174824 0
259326 0
266333 0
196808 0
162192 0
144295 0
007721 0
289958 0
136219 0
136850 0
019911 2
195999 0
285131 0
202755 0
134837 0
133182 0
280829 0
147353 0
279940 0
028370 0
198541 0
058144 1
041738 0
058130 0
058080 0
058216 0
033039 0
136818 0
263742 0
058191 0
153674 0
168938 0
272264 0
175706 0
178095 0
279554 0
166230 0
145301 0
192094 0
150001 0
160579 0
165616 0
228616 0
128551 0
029743 0
190825 0
267189 0
213076 0
163378 0
242002 0
140848 0
182558 0
259342 0
286876 0
241271 0
162656 0
100858 0
204599 0
164295 0
143280 0
043087 0
093247 0
133553 0
157282 0
093158 2
093254 2
253311 0
093159 2
093252 2
086358 0
099120 0
086359 0
086670 0
