286272 1
286617 2
286273 1
286285 1
286284 1
097341 2
097347 2
007096 2
259908 2
191743 1
123257 2
259912 2
191730 1
062515 2
283455 0
050290 1
071465 2
104638 2
014728 2
050400 1
028881 1
053689 1
076332 0
020104 0
123149 2
054314 1
099178 2
046800 1
040656 0
283512 0
274466 2
285938 2
037965 0
037966 0
037975 0
037967 0
054363 1
191846 2
037963 0
037983 0
053972 1
029086 1
099213 2
286004 2
039289 1
191800 2
025164 1
048687 1
037984 0
037990 0
037964 0
288789 2
288012 2
079832 1
046890 1
053928 1
050674 1
053211 1
054399 0
189150 1
037976 0
283631 0
053469 1
037978 0
050595 1
037969 0
039287 1
037989 0
050515 1
053210 1
205591 0
037981 0
053100 1
053149 1
053532 1
053180 1
050567 1
029463 1
050487 1
053147 1
198391 0
037982 0
200887 0
029466 1
288786 0
085069 1
053300 1
112891 1
269309 0
099552 0
178283 1
037979 0
037962 0
037988 0
050557 1
037986 0
037991 0
054303 1
037985 0
037987 0
037980 0
099347 2
154274 0
033632 0
025623 1
029429 1
050571 1
055051 1
026003 1
026004 1
053123 0
126368 2
054477 1
053205 1
260123 1
260139 1
027498 1
082067 1
046386 1
126369 2
053267 1
046391 1
088968 1
004200 1
054955 0
129362 0
278751 0
088863 1
144131 1
054952 0
059432 0
050586 1
267034 1
237814 1
267063 1
058832 0
210687 0
278756 0
054038 1
144144 1
053907 1
054169 1
053213 1
054255 1
054888 0
052810 1
052142 1
261876 1
019356 1
008997 0
121514 0
053708 1
015427 0
125314 0
054556 1
024451 1
019347 2
050579 1
053292 1
057618 1
129352 0
286158 0
125938 2
014790 2
125937 2
165415 0
053208 1
129353 0
269835 1
283890 0
053779 1
054113 1
165353 0
177436 2
066403 0
066409 0
165274 0
047185 1
024431 1
035205 1
008592 1
165258 0
056786 1
047400 1
052306 0
053316 0
173708 1
182419 2
070348 2
103521 2
054229 0
286124 1
052862 1
066174 0
158574 0
158576 0
165349 0
158580 0
158581 0
286138 1
036502 0
186961 2
117797 0
186956 2
284274 0
005146 0
077400 1
052338 0
054262 1
077388 1
279780 2
279836 0
082922 1
124506 0
157127 2
157160 0
053199 0
121553 0
052846 0
024468 1
263037 0
028171 2
028172 2
195750 0
284479 0
086767 1
057171 0
086800 0
026832 1
026825 0
054744 0
212001 2
023574 0
108174 0
023590 0
204350 0
082889 1
257511 0
279783 0
029151 1
093120 0
204358 0
057969 1
030119 0
057972 1
010479 2
015131 0
000221 0
230911 2
009658 2
131268 0
260436 0
173317 0
271118 1
052068 0
259590 0
068580 2
051830 1
178930 1
000632 1
083557 0
050996 1
100975 1
050984 0
025534 0
120907 0
051312 1
110285 0
234784 1
196526 0
196523 0
120848 0
120866 0
051048 0
053075 0
234729 1
051299 0
050542 1
054055 0
284287 0
054048 0
259980 0
066812 1
220084 0
169115 0
279893 0
272004 0
008526 1
117885 0
074955 0
036054 0
074559 1
164307 0
074560 1
074907 0
045138 1
233375 0
044668 0
256646 0
042386 0
266636 0
080322 0
186942 1
009401 1
285959 0
101140 0
279841 0
064781 0
079313 0
289754 1
187869 0
229068 0
011507 0
026063 0
278591 0
092399 0
029733 0
162790 0
060879 1
288787 0
053128 1
053085 0
059365 0
176224 0
191203 0
041693 1
061422 0
158989 0
024911 0
054890 0
094986 1
028284 0
094756 0
185340 0
286131 0
075651 0
113654 0
206821 0
190455 0
093068 0
088198 0
017159 0
098314 0
071064 0
280109 0
051801 0
094910 0
178424 1
282704 0
048919 0
229731 0
274751 0
161126 0
237430 0
139127 0
051016 0
053399 0
065390 0
065641 0
268071 0
255303 0
282019 0
257510 1
271620 0
257517 1
257561 0
269850 0
241093 0
079492 0
252243 0
257518 0
135034 0
288138 0
270691 0
194145 0
080342 0
110100 1
070740 0
229390 0
014758 0
238983 0
158573 0
160007 1
011386 0
160114 0
117016 0
151558 0
128549 0
078105 0
067707 0
209083 0
026991 0
055612 0
048542 0
078123 0
124794 0
086579 0
163821 0
179687 0
242437 0
179220 0
004127 0
022300 0
138095 0
238394 0
230249 0
192308 0
175871 0
039833 0
004955 0
197526 0
018053 0
236311 0
023532 0
262041 0
178501 0
135192 0
288788 0
189433 0
285186 0
095090 0
058412 0
098252 0
114499 0
