256945 0
230335 2
173411 0
230340 2
230428 2
230355 1
230426 2
206291 1
193018 0
206280 1
258140 1
196066 0
257094 1
264311 1
256893 1
256889 2
230363 2
192655 2
192663 2
286714 1
286782 1
286809 1
244873 2
210492 1
286643 1
267885 0
256993 1
274600 0
256982 1
274836 1
192675 2
273940 1
257920 1
192677 2
257135 1
192678 2
274854 0
275135 1
275068 1
275069 1
274838 1
230337 2
230364 2
223497 2
230344 1
257415 1
264989 1
274541 1
275163 1
257393 1
193241 2
274998 1
275414 1
162338 2
258353 1
275403 1
275039 0
192945 1
275416 1
257365 2
197992 1
256931 2
275415 1
256867 1
274772 1
274678 1
274741 1
275401 1
268960 1
196063 2
184158 2
243031 1
275402 1
274703 1
274736 1
257374 1
237009 1
257438 1
275395 1
198115 1
198118 1
275400 1
274579 1
247309 1
274762 1
256965 2
275000 1
275664 1
257401 1
196065 1
275396 1
275061 1
274685 1
184192 2
274709 1
275399 1
274739 1
274997 1
190386 2
275413 1
173315 2
274640 0
245033 1
274815 1
274746 1
202656 1
274711 1
274757 1
274570 1
195894 1
257038 1
275062 1
256987 2
269048 1
275002 1
198025 1
274753 0
198157 1
274706 1
247387 1
274996 1
275001 1
275486 1
274713 1
266069 1
247346 1
264027 1
266362 1
274744 1
274742 1
256888 2
274777 1
275659 1
274732 1
274760 1
266443 1
266072 1
256970 1
257134 1
257138 1
201220 1
274680 1
265329 1
198415 1
274605 0
274820 1
265315 1
286781 1
198455 1
232463 2
275038 1
256932 1
268780 1
274962 1
283476 1
256890 2
265245 1
257023 1
265224 1
257390 1
265282 1
274601 1
274733 1
274779 1
168532 1
274768 1
204476 2
256880 1
274592 1
257443 1
197244 1
257139 1
274749 1
274786 1
274712 1
157915 2
254519 1
274783 1
274639 1
187815 2
162056 2
275171 1
197756 1
221437 0
221439 0
263989 1
269074 1
286808 1
275857 1
267886 0
256116 1
187805 1
274020 1
172953 2
204674 2
170538 2
275006 1
221412 0
274014 1
162882 2
194742 1
274734 1
269307 1
257302 1
172954 2
275022 1
274797 1
275033 1
274727 1
197214 1
256940 2
274626 1
274609 1
274566 1
269042 0
194719 1
198244 1
196459 1
276842 1
235789 1
275125 1
197205 1
224069 1
173202 2
256892 2
283447 1
229631 2
274841 1
274830 1
275076 1
002177 0
257499 1
257503 1
201954 2
132991 0
200051 1
266768 1
257361 1
173400 2
274778 1
275049 1
275053 1
274635 1
274716 1
227251 0
257172 2
274724 1
259015 1
275260 1
242333 2
187259 2
063770 0
194745 1
275057 1
275060 1
242337 1
253810 1
194727 1
254610 1
197993 1
238482 2
198101 1
221398 0
275349 1
257313 1
257402 1
000106 1
274574 1
173409 2
225454 1
225395 1
264799 1
264858 1
264860 0
264990 0
274617 1
257181 0
266772 1
172767 2
229488 1
187255 2
257307 1
274737 1
275275 1
276848 1
274740 1
274755 1
275078 1
256886 2
274684 1
173326 2
274632 1
184518 2
275350 1
275121 1
253813 1
132716 1
194602 1
173207 2
274633 1
275137 1
225787 1
257234 2
273262 1
184530 2
184556 2
274667 1
184555 2
131280 0
275280 1
182488 2
173412 2
275509 1
170618 2
275071 2
275081 2
237403 1
274662 1
257207 2
257145 1
168501 2
168502 2
173329 2
184588 2
130870 0
274624 1
170523 2
227723 1
153085 2
003115 0
138049 0
275032 1
275398 1
177565 1
224293 0
132796 1
177885 0
133142 0
130830 0
274764 1
111175 0
194590 0
134341 0
111177 0
034166 0
275074 1
176466 1
063595 0
132795 1
268944 1
130821 0
275594 1
275472 1
190777 1
002310 0
206269 2
177920 1
257218 1
172779 1
000308 0
277428 1
273216 1
274775 1
063605 0
177571 1
173389 2
111187 0
162876 2
282846 1
269036 1
018698 1
177971 1
001378 0
276668 1
274873 1
201672 2
168489 1
128036 0
258195 1
192394 1
268611 1
275884 1
132816 1
276458 2
270881 1
274658 1
210361 1
048256 0
276653 1
127117 2
257320 1
163129 2
268989 0
270889 1
257157 1
275079 1
192948 1
178083 1
250460 2
257502 1
275151 1
190852 1
163455 1
221429 1
172888 0
044499 0
257672 2
029874 0
274720 1
201691 2
128110 0
094328 1
173381 1
274573 1
128053 0
172896 2
274754 0
273961 1
026933 0
173408 1
173386 1
271110 1
078223 0
128062 0
201070 1
201148 1
224295 0
157176 1
273305 1
167409 1
167410 1
158185 2
192994 0
275026 2
225780 1
137316 1
052751 0
118061 0
273936 1
173213 2
173318 2
263191 1
225391 1
160962 1
263187 1
225396 1
225455 1
079194 0
154789 2
080232 0
282864 1
275080 1
268954 1
270935 1
137833 1
137856 1
077174 0
257140 1
158714 1
201059 1
244910 1
269611 1
173415 2
026876 0
070073 0
103246 0
167407 1
158948 2
154788 2
173387 2
173314 2
275485 1
275070 1
118062 0
191890 1
059428 0
190808 1
257370 1
190778 1
137288 2
278702 1
157181 1
275365 1
271304 1
285879 0
241490 1
059388 0
273214 1
281834 0
201142 1
190827 1
193077 0
163126 2
278785 1
257324 1
278512 1
048157 0
262802 0
275059 1
173397 2
010786 2
236026 0
234066 1
257800 1
257498 0
137821 1
081947 0
162351 1
092895 0
158186 2
256866 1
064332 1
257805 1
274366 1
253812 1
256938 2
118069 0
194563 0
279002 1
257321 1
158430 0
236016 0
274871 1
275738 1
124761 0
043892 0
137861 1
282847 1
127264 1
013783 0
161027 0
132834 1
270981 1
123878 0
257237 1
256927 1
187276 1
260981 0
101970 0
078069 0
229348 1
173686 1
271601 1
173413 2
262792 0
275491 1
275048 1
190122 0
273250 1
274016 1
234068 2
136943 0
257455 1
132868 1
070231 0
103404 0
028048 0
127279 2
096122 0
223899 0
243977 0
263900 0
019315 0
150202 1
197763 1
160865 1
260364 1
271101 0
265593 0
275056 1
253308 0
132873 1
283448 1
283477 1
164369 1
176738 2
211580 1
158606 1
108724 0
077611 0
275430 1
257454 1
274620 1
188001 0
162356 1
150878 1
004760 0
119030 0
121767 0
173216 2
190123 0
276664 1
077143 1
153792 1
153712 1
062654 0
137293 1
079258 1
079259 1
244185 0
137364 1
220942 0
150088 1
276002 0
092046 0
025713 0
275283 1
234111 1
276992 1
151305 1
226351 0
226362 0
226380 0
226504 0
226619 0
226623 0
227970 0
081940 0
257973 1
261022 0
019312 0
041081 0
280219 1
273448 1
257589 1
268961 1
267334 1
257974 1
232476 1
279053 1
279055 1
225781 1
225764 1
286424 1
286427 1
234835 1
234849 1
244397 1
234820 1
244399 1
244319 1
267160 1
244305 1
152397 2
259841 1
012750 2
202805 2
234114 1
284974 1
267933 1
192558 1
151313 1
237434 1
284985 1
139392 1
285304 1
018787 1
287774 1
139475 2
274562 2
256582 1
154568 1
237420 1
202248 2
156693 2
221402 1
154482 1
253648 1
162819 2
228971 1
082641 1
244416 1
226749 1
257110 1
221180 1
231898 1
152394 2
176308 2
153556 1
171519 1
274670 1
154824 1
154490 1
274719 1
160331 2
155031 2
279064 1
137374 1
164091 1
156351 1
237419 1
259514 1
154591 1
151544 1
151310 1
154881 0
256043 1
220748 1
255652 1
152398 2
154957 2
148992 1
255674 1
257166 1
153558 1
154427 1
153571 1
257161 1
276658 1
274365 1
015890 1
269614 1
159852 2
267401 1
270939 1
267238 1
153710 1
256447 2
154790 2
151306 1
276906 1
173330 2
151545 2
269465 1
211234 1
153968 2
153535 1
002815 1
179398 1
237435 1
173248 2
276359 1
284330 1
014352 1
151318 1
234413 1
154958 1
204806 1
154775 1
270986 1
138385 1
221637 1
205411 1
221656 1
213213 1
182631 1
255411 1
275292 1
221581 1
276357 1
182637 1
287546 1
176731 1
147163 0
176693 1
165387 1
269020 1
230065 2
198024 1
257108 1
210727 1
154802 2
154771 1
268031 1
176695 1
002622 2
156647 2
257117 1
165747 1
176733 1
257168 1
189917 1
176735 1
154786 1
273426 1
148787 1
211766 1
235141 1
229438 1
236111 1
173650 1
270958 1
270993 1
254994 1
243640 1
157893 2
190644 2
266784 1
267124 1
272303 1
278243 1
253072 1
075049 0
157679 1
243634 1
274625 1
156494 0
154126 2
244974 1
285989 1
276861 1
156124 2
154898 1
201533 0
153738 1
275805 1
240271 1
257678 1
156642 1
071106 1
104279 1
268674 1
268663 1
260380 1
274568 1
016635 1
199069 1
233545 0
232499 0
276338 1
257167 2
279422 1
147090 0
169647 1
284161 1
173200 2
269894 1
071104 1
104277 1
192572 1
137220 2
239343 1
270892 0
197039 1
268678 1
234744 1
232778 0
201578 0
201580 0
154764 1
221887 1
201531 1
233736 0
276700 1
234716 0
154756 1
154522 1
278616 1
279771 1
154763 1
278606 1
278621 1
257937 1
278548 1
233292 0
154826 1
018867 0
269168 1
222055 1
165833 1
163762 1
276593 1
138290 1
268762 1
274674 1
269602 1
161388 1
247415 1
117133 1
234736 1
278569 1
269547 1
270987 1
175742 0
271313 1
231924 0
275212 0
244973 1
247029 1
247385 1
233388 0
154671 1
152276 1
285320 1
216295 1
161263 0
232295 0
285653 1
196081 1
165837 1
234026 0
163471 0
219199 0
271679 1
259437 0
259445 0
259194 0
016029 1
257377 0
257121 1
277173 1
285953 1
173042 1
154517 2
276843 1
270775 1
141561 2
160610 2
082639 0
276808 1
222521 1
019032 1
172929 2
233025 0
244964 1
148772 2
138253 1
270967 1
254248 1
085621 1
244972 1
199042 1
199044 1
199096 1
138763 0
152826 0
198889 1
085631 1
222898 0
117120 1
154749 2
116046 0
286426 1
008754 2
172878 1
010931 0
149142 1
161176 1
276864 1
152037 0
276379 1
190094 0
259436 0
154793 0
153458 0
274701 1
052775 1
265147 0
219206 0
253515 0
276996 1
275031 0
275397 0
276380 1
276566 1
157887 1
247028 1
286423 1
173561 1
156262 0
253389 0
226748 0
199068 1
002315 1
190080 0
276971 1
211649 0
015744 1
154835 0
164138 0
115973 1
173296 1
156843 0
161204 0
164110 0
283188 1
153978 1
270953 1
270802 1
154836 1
156492 1
001552 1
275052 1
244971 1
161226 0
257127 1
196879 0
257158 0
276677 1
164134 0
012969 0
247384 1
238381 0
191185 2
154516 0
277175 1
264770 0
189471 0
189472 0
160776 0
154813 0
153725 1
052637 1
154131 1
269246 1
189477 0
281038 1
267989 1
283475 0
179947 0
257420 1
173331 2
013205 0
165875 1
270798 1
165716 1
142258 0
164291 2
181826 0
154811 1
259444 0
233594 0
277000 1
007158 2
154632 1
193971 0
253516 0
253521 0
273221 1
253443 0
181845 0
226723 0
201060 0
201071 0
201143 0
201149 0
154672 0
221981 1
155576 1
165398 1
173205 1
165743 1
168132 0
161146 1
129926 0
164146 0
099631 0
154843 1
273451 1
154902 1
161847 1
267629 1
271059 1
093474 0
138292 0
254372 0
154518 2
270801 1
133162 1
136199 1
158036 1
160616 2
254390 0
173257 2
254378 0
254380 0
156493 1
254382 0
097112 1
257426 1
271054 1
264409 0
097100 1
255347 0
097090 0
166056 1
148555 0
154809 1
219675 1
276749 1
154429 1
253852 0
148545 0
253792 0
240284 1
156486 1
211767 1
155167 0
138236 2
138237 1
253698 0
161356 1
161303 1
276742 1
253821 0
159003 1
159004 1
154734 0
270994 1
276678 1
154845 1
281936 1
014603 1
126152 1
154173 1
276744 1
119892 1
173805 1
154524 0
268176 1
176408 1
153749 1
005411 1
219727 0
119254 1
116876 0
010106 0
278540 1
117104 0
154633 1
276716 1
174422 1
130303 0
253699 1
253793 1
253822 1
253853 1
254373 1
254379 1
254381 1
254383 1
254391 1
152236 0
107772 1
154823 1
221847 1
271591 1
117114 0
100648 1
276659 1
025714 1
007147 1
149983 1
173588 0
117124 0
010142 0
005462 0
117122 0
015200 1
271301 1
176421 1
188101 2
275178 1
271077 1
271065 1
010552 1
278532 1
271032 1
107759 1
154068 1
271015 1
271044 1
161192 0
173898 1
271036 1
137300 0
278538 1
276844 1
138325 0
273246 1
134247 0
005040 1
119234 0
119292 0
119432 1
005083 0
221903 1
138289 0
134248 0
153052 1
174407 1
098156 0
002081 0
101298 1
137311 0
049168 1
011698 0
134244 0
256042 0
049176 1
272169 2
117901 0
274595 1
005154 0
276339 1
276358 1
276360 1
276381 1
276567 1
009675 1
122090 1
001232 0
004695 0
118924 0
140539 0
140626 0
154067 1
272190 1
279051 1
154503 0
279059 1
276715 1
007090 0
092982 0
272193 1
119489 0
096663 0
112792 1
173253 1
014176 0
274627 1
274636 1
130159 0
179117 0
153969 1
271406 1
128527 1
174423 1
107993 0
154481 1
271391 1
274585 1
128671 1
253086 0
253129 0
276565 1
271508 1
278800 0
162906 0
015398 0
141319 0
128670 0
025296 1
041905 1
165820 1
165395 0
158560 1
017340 0
129556 0
278798 1
119482 0
095360 0
274607 0
278684 1
126217 0
153988 0
277003 1
162815 1
126226 1
141321 0
126358 0
253085 0
276748 0
176220 1
278734 1
279065 1
272128 2
154489 0
272001 2
272129 1
271509 1
176221 1
276667 1
276849 1
278640 1
174625 0
174650 0
158551 0
160817 0
174628 0
271374 1
277283 0
150125 1
053248 0
271540 0
224392 1
004144 1
118253 1
174734 1
174697 1
276822 1
174863 1
173347 2
174874 1
271076 1
271322 1
173335 1
053031 0
173390 2
224160 1
048718 2
278386 1
173308 2
278550 1
278559 1
276689 1
271530 0
006983 0
175361 1
278547 1
223961 1
271124 1
173384 0
275366 1
171566 1
275521 1
053008 0
272403 1
028877 0
160790 0
276751 0
276757 0
278383 1
163111 0
160787 0
160789 0
150117 1
227973 0
176426 1
141975 1
087281 1
277781 0
278629 0
082915 0
277350 0
142066 0
000328 0
278615 1
171555 1
278551 1
087259 0
173334 1
173327 2
270951 1
276825 1
273903 1
252220 0
061214 1
175605 0
271116 1
061176 1
276731 1
173398 2
276939 1
061169 1
175623 0
047410 0
154574 1
270992 1
004324 0
138605 0
275583 1
138624 1
252221 0
148724 0
271106 1
274602 1
181744 1
224172 1
082088 0
230626 1
256411 0
175629 0
017581 0
230616 1
101407 1
270957 1
275362 1
224061 1
043746 0
178763 1
162782 1
253753 0
082089 0
224023 1
238226 0
271053 1
178648 1
276732 1
169098 0
169099 0
274807 1
016720 1
278184 0
043658 0
154538 1
276738 1
048009 0
047623 0
221693 0
275422 1
047712 0
047152 0
051488 0
154575 1
178769 1
278195 0
068716 0
087283 1
278196 0
275581 1
277004 1
278844 0
026187 0
158453 1
275363 1
277063 1
173307 2
276736 1
211005 0
136877 0
278169 0
178787 1
138735 0
176222 2
114738 0
074760 0
067747 0
173275 1
282013 1
211511 0
276596 0
051379 0
133857 1
172912 2
008971 0
116794 1
014208 1
273888 0
219643 1
047262 0
117290 1
277074 0
056890 0
015215 0
224406 0
223479 1
030131 0
257122 1
257128 1
274801 1
067739 0
075517 0
074738 0
040862 0
075500 0
276801 1
277008 1
225946 1
023325 0
026702 0
141878 0
276917 1
282011 0
114650 1
142075 0
278637 1
263113 0
276767 1
003817 0
047057 0
224710 0
211562 0
057095 0
274805 1
219622 1
277067 1
172886 2
226069 1
117478 0
221755 1
173388 1
117377 0
229334 0
228168 0
002819 1
278632 1
162856 1
162860 1
167223 0
276733 1
276945 1
280079 1
270954 1
277900 1
271058 1
277919 1
277516 1
276713 1
276649 1
094331 0
280080 0
277835 0
223665 1
277030 1
202961 0
100931 0
271627 1
280023 0
188439 0
278917 1
280025 1
280043 1
280084 1
278915 0
243639 0
137302 1
276989 1
270977 1
028911 1
192940 1
277212 1
192924 1
146893 1
058756 0
150255 0
278916 1
280024 1
280042 0
280083 0
234213 0
277228 1
278641 0
114233 0
123072 0
154454 0
225752 1
149793 0
027844 0
187237 0
149805 0
278584 1
061057 0
192463 0
276648 1
276651 1
234210 0
225901 1
192917 1
276762 1
276997 1
192920 1
193016 1
193002 1
278603 1
257174 0
277227 1
277211 1
277517 1
277226 1
140573 0
276660 1
229064 0
278561 1
140569 0
140554 0
094851 0
229081 0
276778 1
239370 0
114018 0
287717 0
227183 0
142425 0
137365 1
091878 1
091768 1
142426 0
277316 1
276735 1
278611 1
192915 1
229061 0
002932 0
142424 0
270948 1
153745 0
276728 1
277210 1
223948 0
229278 0
038377 0
227285 0
058551 1
280542 0
059492 0
130177 0
276642 1
113986 0
154787 0
277209 1
038716 0
276782 1
276910 0
229274 0
277265 1
270979 1
277312 1
276727 1
154831 1
277318 0
228611 0
154834 0
004366 0
276729 1
194510 0
276741 1
276927 1
004884 0
119192 0
276725 1
054449 0
173190 0
097602 0
097554 0
238299 0
242008 0
242018 0
276723 1
276726 1
276739 1
154842 0
255673 0
276724 1
276672 1
276863 1
181248 0
273387 1
074751 0
276926 1
181240 0
277229 1
276745 0
154095 0
276734 1
279471 0
276737 1
229076 0
140492 0
259699 0
047154 0
259710 0
276663 1
229810 0
201504 0
269624 0
276860 1
277208 1
276740 1
152846 1
019021 1
072073 0
072451 0
072754 0
073017 0
075003 0
273374 1
276656 1
270058 0
153126 0
055131 0
158332 0
005700 0
082015 0
227039 0
271073 1
188814 0
167973 0
278407 1
214390 1
279770 1
014907 1
125818 1
278409 1
275030 0
201579 0
271080 0
279031 1
123348 1
228793 0
005545 0
120124 0
276950 0
268685 1
083336 0
268139 1
140318 0
227693 0
008723 0
107854 1
137127 0
084858 0
063302 0
255259 0
178286 0
107905 1
107906 1
280698 0
267161 0
091377 0
279304 0
173420 1
173362 0
153559 1
227876 0
153573 0
277679 0
005082 0
138745 0
153463 0
156516 0
152247 0
280041 0
154569 0
018043 0
276006 0
287936 0
289398 1
193349 0
289397 0
277688 0
288212 0
047197 0
276641 1
044538 0
240547 0
277974 1
277968 1
141958 0
092089 1
130492 0
271071 1
157370 0
028946 1
269428 0
255353 0
083432 0
049748 0
272353 0
120686 0
154798 0
193706 1
024782 0
272326 0
024957 0
280082 0
158321 2
226400 1
157750 0
226475 1
225740 0
277134 1
052488 1
208147 0
052406 1
277131 1
173289 0
052664 0
168888 1
087144 0
121893 0
132570 0
226620 0
173299 1
276650 1
277466 1
030850 0
275249 0
277684 0
054071 0
007457 0
270974 1
083918 0
084956 0
166338 0
277413 1
271007 1
276661 0
136626 0
057550 0
101282 0
141648 0
276817 0
239866 0
100091 0
242335 0
276384 1
258999 0
276573 1
047542 0
275764 1
255922 0
275704 1
005480 1
120044 1
266532 0
272341 0
219610 0
004428 0
277947 0
224300 0
000520 0
001081 0
210575 0
277681 1
147966 0
277615 1
180066 0
276891 0
007152 0
154504 0
092487 0
274975 0
278084 0
223701 1
274604 0
223714 0
045294 0
192578 0
278488 0
219286 1
219293 1
258327 0
272630 0
277348 0
057406 0
027132 0
076758 1
002521 0
189044 1
189058 1
013218 0
029315 0
006794 0
158972 1
275301 0
159062 0
226726 0
279937 0
282079 0
278929 0
057752 0
229486 0
162825 0
159076 1
277745 1
118962 0
277742 1
276671 1
192919 0
276662 1
168289 0
056666 1
164492 0
041956 1
278809 0
069044 0
056996 0
173291 0
083953 0
063112 0
113812 0
134088 0
278851 1
055690 0
278847 0
024543 1
154655 1
002316 0
272737 0
154656 0
050317 1
277315 1
126341 1
028878 0
277314 1
276673 0
042250 0
051011 1
141362 0
253359 0
050417 0
276720 0
055462 0
265456 0
187994 1
267937 0
187995 1
187667 1
239594 1
116196 0
185712 0
173903 2
277051 1
137200 0
193183 0
125264 0
028636 1
277078 0
276965 1
028621 1
158450 0
251323 0
239252 0
062475 0
239064 0
179590 0
137537 0
275384 0
276792 0
025027 0
056052 0
272362 0
009361 0
043016 0
227895 0
114937 0
113316 0
012069 0
053844 0
067501 1
141973 0
052368 0
276750 0
111583 0
277133 1
277786 0
277132 1
279943 0
101056 0
118467 0
164220 0
159512 0
265152 0
140701 0
274994 0
265634 0
152231 0
015756 0
224030 0
171828 0
273575 0
007440 0
052825 0
075379 0
116144 0
266840 0
038100 0
260633 0
256960 0
154130 0
190549 0
224709 0
158297 0
149345 0
272021 0
071371 0
230325 0
017169 1
280671 0
017187 0
153574 0
132115 0
173243 1
270683 0
173254 1
117284 0
257133 0
271895 0
203833 0
153568 0
276198 0
053073 0
226411 1
185404 0
226516 1
138674 1
138652 1
189939 0
153125 0
093595 0
167298 0
091763 0
284550 0
173766 0
168383 0
148652 0
174897 0
227060 0
027124 0
226612 0
139932 0
275034 0
057616 0
188246 0
047953 0
227908 0
153569 0
154729 0
278106 1
075010 0
278119 0
054380 0
228130 0
289988 0
097452 0
048594 0
005079 0
092064 0
285750 1
254903 0
199489 0
027850 0
099599 0
234419 0
225983 1
225982 0
210734 0
277924 0
193659 0
224015 0
087129 0
041667 0
221354 0
286493 0
084646 0
166830 0
030569 0
142339 0
256311 0
047009 0
007475 2
014248 0
167453 1
167454 1
042846 0
167445 1
275676 1
026492 0
275586 0
275543 1
185504 0
201390 0
057378 0
139674 0
019499 0
201147 0
180025 0
086230 1
037046 0
086148 0
006449 1
199407 0
269891 0
253084 0
087055 0
032122 0
139992 0
118605 0
141867 0
057780 0
101051 0
256474 0
187697 0
091879 0
004139 0
201644 0
253444 0
235527 0
114084 0
277717 0
165939 0
154758 0
222653 0
206687 1
256583 1
152361 1
256586 1
285118 0
256326 1
152252 1
273750 0
101965 0
117869 0
230670 0
154457 0
273639 0
193948 0
201400 0
168395 1
231701 0
168484 0
168465 0
141334 0
168388 0
165636 0
162834 0
279054 0
023402 1
280693 0
168985 0
271706 1
047654 0
054226 0
168391 0
277888 0
066321 0
276980 0
208758 0
271420 0
221855 0
188961 1
091376 0
188957 0
054067 0
214562 0
091662 0
276679 0
157239 0
163593 0
256415 0
266594 0
006923 0
114191 0
142186 0
137052 0
176724 0
036981 0
033049 0
275492 0
263832 0
021779 0
256585 0
026300 0
141807 0
239261 0
001165 0
057064 0
134692 0
281456 0
280543 0
276747 0
202434 0
172628 0
219126 0
245130 0
227734 0
047321 0
012425 0
176182 0
176386 0
227054 0
178183 0
083563 0
250845 0
063830 0
009631 0
267042 0
054335 0
238372 0
119455 0
116486 0
043180 0
030041 0
083438 0
223835 0
119233 0
063536 0
174139 0
057706 0
282043 0
233148 0
218690 0
158934 0
079926 0
285458 1
285460 1
275496 0
280706 0
279308 0
280714 0
268164 0
168296 0
280711 0
226532 0
066621 0
237800 0
028542 0
283491 0
280710 0
141710 0
275719 1
187244 0
277993 0
278839 1
242341 1
137163 0
242340 0
278790 0
278822 0
278801 0
244533 1
152799 1
152230 0
265028 0
278810 0
019013 1
213927 0
066978 0
139112 0
269070 0
276158 0
223813 0
274464 0
084536 0
004830 1
262155 0
150888 0
016007 0
236978 0
118887 0
228715 0
005992 0
276852 0
278458 0
262427 1
271260 0
124323 0
270952 1
069752 0
154815 0
160408 0
115169 0
160279 0
040044 0
272580 0
128197 0
224964 0
261243 0
005866 0
256667 0
231827 0
024921 0
277813 0
203590 0
166339 0
278860 0
224716 0
053109 0
172162 0
154816 0
193652 1
193660 1
193662 1
193707 1
278380 0
180731 0
114545 0
278182 0
043294 1
142249 0
278479 0
114440 0
048397 1
193258 0
053614 0
142289 0
057324 0
066894 0
142067 1
274432 0
142073 1
285766 1
220041 0
136946 1
177479 0
164510 0
136997 0
137000 0
137047 0
272582 0
171539 0
027100 0
137109 0
080414 0
130946 0
046309 0
278462 1
272328 0
278480 1
278489 1
012978 0
260849 0
279126 1
045088 0
001873 0
172224 0
011084 0
084202 0
260851 0
091581 0
279119 0
280485 0
053496 0
075766 0
277760 0
277972 0
074737 0
201395 0
213216 0
136363 0
276771 0
121834 0
253517 0
266929 0
056480 0
057751 0
052752 0
120317 0
191139 0
104544 0
145959 0
141649 0
138274 0
189145 0
028947 0
136715 0
162905 0
091476 0
280715 1
290043 0
280206 0
185885 0
253522 0
164087 0
071652 0
183291 0
257397 0
275107 0
055489 0
180572 0
179953 0
057553 0
158330 0
284251 0
171967 0
153648 0
257875 0
165583 0
263615 0
275822 0
277364 0
153750 0
122213 0
219857 0
010436 0
080372 0
113520 1
048617 0
204347 0
077421 1
006960 0
011283 0
051534 0
169580 0
222864 0
265641 0
179837 0
256446 0
173358 0
265166 0
225829 0
278806 0
277359 0
035001 0
116143 0
083697 0
025504 0
227206 0
124394 0
187443 0
075875 0
215468 0
285067 0
164504 0
179189 0
157809 0
234072 0
198100 0
056261 0
263110 0
007110 0
063304 0
230347 0
084168 0
090901 0
068660 0
269253 0
083207 0
160081 0
052830 0
277310 0
284721 0
044187 0
234485 0
277913 0
185131 0
047381 0
012215 0
277689 0
256506 0
272742 0
251938 0
114013 0
133417 0
038491 0
165800 0
084045 0
055771 0
101964 0
054046 0
228848 0
112527 0
250875 0
271811 0
274973 0
274747 1
274748 1
037783 0
226868 0
168693 0
274307 0
024744 0
278766 0
057397 0
187232 1
092141 0
192428 0
260642 0
087012 1
087015 0
095603 0
057255 0
211557 0
118470 0
214882 0
036686 0
237849 0
139739 0
066707 0
070398 0
031100 0
163415 0
288095 0
048875 0
223776 0
119492 0
193414 0
238406 0
275274 0
287543 0
179900 0
009392 0
185670 0
091764 1
176249 0
014154 0
087282 0
120706 0
059556 0
284411 0
039219 0
061455 0
110175 0
167385 0
158570 0
057134 0
231824 0
090616 0
285761 0
255783 0
025681 0
188793 0
176047 0
080250 0
057867 0
166831 0
057850 0
042723 0
157660 0
278745 0
092919 0
066345 0
201577 0
097104 0
074438 0
201488 0
154572 0
276766 0
159423 0
078968 0
120300 0
260853 0
034115 0
049365 0
219079 0
231886 0
057773 0
055108 0
059251 0
153122 0
202411 0
186756 0
252444 0
228623 0
194521 0
186070 0
082082 0
077500 0
054100 0
019473 0
159656 0
003649 1
150346 0
163614 0
016919 0
078939 0
028615 0
270025 0
269897 0
186556 0
077281 0
244299 0
010203 0
256187 0
278825 0
280857 0
056619 0
083149 0
051653 0
169590 0
115274 0
275427 0
193476 0
277914 0
017523 0
154588 0
189144 0
172893 2
165798 0
172748 1
227066 0
156047 0
013238 0
172910 0
054997 0
167974 0
114447 0
173391 1
165943 0
173393 2
156498 0
245005 0
251322 0
274205 0
263327 0
025683 0
136171 1
203923 0
136176 0
004046 0
054326 0
007460 0
137242 0
253127 0
029052 0
057245 0
275483 0
010282 0
062180 0
158933 0
211545 0
173770 0
005611 0
224084 0
230826 0
005116 0
056363 0
083237 0
256041 0
228504 0
040051 0
141962 0
272410 0
166028 0
276760 0
048603 0
029659 0
054058 0
057562 0
272223 0
184686 0
196648 0
252821 0
270122 0
277240 0
269844 0
199666 0
168365 0
119291 0
257876 0
062166 0
278085 0
116837 0
181239 0
178124 0
219372 0
253520 0
009432 0
041491 0
064254 0
273032 0
013028 0
091094 0
229830 0
167519 0
056718 0
234211 0
082906 0
266603 0
240550 0
258242 0
092517 0
230085 0
064241 0
153452 0
166141 0
160220 0
054374 0
154157 0
010446 0
137786 0
270522 0
047222 0
064887 0
118930 0
110702 0
057389 0
097888 0
236986 0
049741 0
149346 0
271503 0
252619 0
173937 0
160714 0
084292 0
278733 0
222964 0
149025 0
163754 0
282164 0
033323 0
225769 0
276578 0
173306 0
057764 0
080244 0
007316 0
265512 0
265153 0
185130 0
175805 0
286329 0
175610 0
219524 0
276776 0
277236 0
121829 0
022987 0
118650 0
240999 0
230272 0
241750 0
005119 0
274463 1
055772 0
274473 0
274460 0
274469 0
274449 0
272649 0
238297 0
046688 0
169652 0
214740 0
029241 0
264624 0
274793 1
157634 0
038389 0
276654 1
275984 0
281406 0
201499 0
057861 0
278928 0
154768 0
037384 0
283221 0
277264 0
164623 0
192594 0
193508 0
083958 0
216857 0
256752 0
091458 0
274256 0
154640 0
054320 0
206278 0
136565 0
002595 1
253380 0
091324 0
095622 0
169591 0
006886 0
017382 0
111499 1
067080 0
110352 1
052115 0
225836 0
135608 0
176726 0
226524 0
235525 0
262164 0
193591 0
176306 0
007427 0
226693 0
271507 0
276982 1
145270 0
276952 0
276979 0
142950 0
113870 0
219162 0
225631 0
039302 0
083911 0
054968 0
232949 0
263966 0
284820 0
278089 0
218450 0
154120 0
053453 0
239074 0
140715 0
005905 0
185552 0
213866 0
115761 0
136950 0
119851 0
007304 0
276555 0
022462 0
003964 0
050320 0
114085 0
284740 0
050954 0
225403 0
055015 0
275975 0
196877 0
096285 0
047462 0
004678 0
258994 0
174269 0
034532 0
193488 0
282096 0
209291 0
010547 0
018466 0
084043 0
225984 0
136835 0
141865 0
127674 0
235523 0
074985 0
257880 0
121895 0
278707 0
172963 0
201693 0
136957 0
113522 0
117902 0
117799 0
281462 0
091957 0
054770 0
134528 0
260681 0
117178 0
