232732 1
064828 1
232735 1
155445 0
064906 1
180026 2
192357 0
064808 1
101673 0
064499 1
153124 0
086850 1
154395 2
064472 1
284043 0
124041 0
124340 1
199120 0
188535 0
154686 1
113386 1
064597 1
069017 1
113389 1
124343 1
064766 1
064475 1
014828 1
125891 1
154668 1
192987 0
078078 1
232691 1
064797 1
211975 0
077876 0
210953 0
191551 0
094768 0
260649 0
170248 0
064931 1
064483 1
064826 1
138947 0
074823 1
068908 0
287980 1
192250 0
232707 1
124761 0
093368 0
170240 0
193621 1
064590 1
277469 2
077698 0
123959 1
242975 0
152711 2
064922 1
064777 1
078073 0
093431 0
064492 1
064723 1
160515 1
067412 0
032652 0
188110 0
212698 0
058605 0
213473 0
188086 0
174773 1
110462 0
169302 0
232722 1
235228 0
110464 0
032609 0
176651 2
176622 2
123579 1
232708 1
123697 1
287922 1
182927 1
014050 1
287928 2
076977 2
232724 1
287934 2
064688 1
152713 1
193625 1
085968 1
014471 1
065969 1
193636 1
155800 1
082827 1
064913 1
177987 1
064875 1
065968 1
152261 1
288692 1
064914 1
013083 1
145857 1
077824 1
064443 1
169674 1
288572 1
289957 0
064457 1
018978 1
124321 1
124017 2
169687 1
124016 1
064585 0
064862 1
153638 1
064905 1
066356 1
064920 1
283802 1
086683 1
064587 1
080444 2
177160 1
155433 1
193638 1
193637 1
099018 1
066149 1
099027 1
099038 1
066153 1
232780 1
232738 1
257264 1
064822 1
178103 1
078206 1
123983 1
257231 1
112921 1
064439 2
066091 1
064882 2
066094 1
166028 0
064869 1
187344 0
066228 0
066338 0
187164 1
123233 1
164239 1
064455 1
064404 2
186868 1
178101 0
232739 1
064841 1
284662 0
099575 1
233102 2
066269 1
064857 2
065730 2
064501 1
192395 0
165939 1
066122 1
124459 1
152386 1
064871 1
188154 1
066347 1
124162 1
123998 1
064414 1
123067 1
065599 2
188540 0
170585 1
123053 1
182332 2
252407 0
192276 0
185092 0
064790 1
188132 1
069190 2
102363 2
064872 1
048326 0
167547 1
167548 1
265828 1
092976 1
188128 1
183584 1
177251 1
064487 1
267911 2
157056 1
167543 1
064495 1
064600 1
071542 1
104715 1
009392 1
170382 1
170385 1
252425 0
252439 0
168257 1
075552 0
252448 0
152479 1
170525 1
267917 2
152494 2
183611 1
230350 0
062746 1
064924 1
064821 2
065904 1
193746 1
168030 1
284956 0
065045 1
176279 1
066723 1
230470 0
123137 1
230414 0
068379 1
265901 1
265960 1
266057 1
265853 2
124291 1
064843 1
284512 2
188537 0
284523 1
284549 1
284569 1
284979 0
164101 1
065893 1
064319 1
064893 1
064907 1
265906 1
180591 0
187186 0
123993 1
066445 1
064447 2
123989 1
066335 2
187891 1
187399 1
164016 1
076246 1
157979 1
189530 2
284516 2
068174 1
077219 1
181605 0
123160 1
279180 1
183557 1
009364 1
162727 1
176827 0
182331 2
152990 1
184341 0
184519 0
156877 1
086867 1
180588 0
064850 1
184594 0
064823 1
187267 0
111402 0
014953 1
125782 1
013006 2
289969 1
086368 1
188423 0
064814 2
015300 1
064512 1
123391 1
229773 0
183179 1
154635 1
092305 1
188392 0
101240 1
167884 1
187262 0
189849 1
192511 0
085386 1
171128 1
170384 1
124627 1
184484 0
064474 1
265858 1
060335 0
188347 0
188309 0
087545 1
288776 0
066046 1
287864 0
210588 1
179799 0
163792 1
064860 1
082809 1
187695 0
188325 0
064744 1
257787 0
179803 0
243984 0
084935 1
002365 1
289955 1
127510 1
196090 0
170381 1
233541 1
136637 1
087843 1
087754 1
001597 1
086192 1
257785 0
287860 1
167592 1
257786 0
126335 0
287834 0
184878 0
187855 0
064485 1
169181 0
182414 0
284787 1
285889 0
067912 1
014659 1
126087 1
087835 2
081232 1
124617 1
187286 0
124181 1
192546 0
083131 1
155257 1
064429 1
184877 2
064435 1
064588 1
187285 0
210624 2
092310 1
283766 0
283768 0
090333 2
189836 1
070169 0
103342 0
064878 1
082805 2
190044 0
124437 1
167602 1
167603 1
064683 1
229847 0
189577 1
077221 1
287867 0
123940 1
124616 1
167643 1
099605 1
198885 0
189837 2
066225 1
196153 0
190042 0
111418 0
157242 0
127367 1
187496 0
064928 2
153025 1
070168 0
103341 0
232764 0
184191 0
064899 1
152910 1
188071 0
124601 1
013067 2
187357 0
250826 1
124341 1
124344 1
124420 1
143149 0
143150 0
123968 1
124428 1
192545 0
202799 1
016987 0
101239 2
189838 2
134091 1
152485 1
176990 1
010078 0
175515 1
126443 0
065660 1
187816 0
187882 0
257002 1
290024 0
064805 1
064467 1
263808 0
086239 0
146070 0
075854 0
068308 1
070305 1
103478 1
187666 0
187207 0
167641 2
144572 1
082812 1
120321 0
086220 0
284443 1
179932 0
064908 1
082766 1
188064 0
167582 1
176984 1
285166 0
124234 1
064848 1
101055 1
001323 1
252243 0
180547 1
187524 0
098675 0
287866 0
079993 0
176986 1
064599 1
230735 1
118328 0
249427 1
177696 1
181367 0
177912 1
082658 2
227100 0
065831 0
153153 0
179879 0
187334 1
064796 1
018989 0
187197 0
039180 0
286264 0
244075 0
060406 0
101217 1
101234 1
176981 1
176980 1
176971 1
152871 1
176972 1
177672 2
177671 2
082597 2
070303 1
103476 1
163117 1
187053 2
064592 1
163112 1
182325 1
187072 1
069434 1
102607 1
123999 1
123995 1
156914 2
086184 1
256381 1
267709 1
167593 1
167594 1
170425 1
170426 1
068337 1
079186 2
015059 1
170422 1
176636 1
176686 1
263682 0
144672 1
276130 0
175446 2
175445 1
124467 1
192397 1
276135 0
176780 1
168088 1
065695 1
076973 1
175829 1
124470 1
151189 1
079221 1
199662 0
076974 1
007938 1
121351 1
160995 1
144269 1
086196 0
182330 1
167942 1
160970 2
083034 2
066137 1
155656 1
124337 1
012958 1
175371 1
069248 1
102421 1
187328 1
123992 1
287271 0
016988 1
064929 1
259120 0
131752 1
014829 1
125888 1
124550 1
235905 0
210816 1
069203 2
102376 2
168927 1
166962 1
166963 1
199768 0
210842 1
210827 2
124130 2
167584 1
005863 0
170349 1
124548 2
124260 1
167886 2
082869 1
287283 0
070355 1
103528 1
077286 1
162512 1
149925 0
124425 1
177070 1
177013 1
064619 1
167583 1
067099 1
077806 0
167928 1
109561 2
152127 1
167604 1
167605 1
266056 0
265959 1
067599 1
267704 2
030649 0
176649 1
170154 0
067093 1
064557 1
077279 2
285092 1
170347 1
064409 1
071481 1
104654 1
066088 1
152720 1
167525 1
167526 1
066166 2
276204 1
064881 1
277248 0
070356 1
103529 1
168506 0
013466 0
071514 1
104687 1
115027 2
267710 2
064904 1
005038 0
119427 0
169673 1
267701 1
064640 1
065886 1
079032 1
064523 1
086198 1
039138 0
011048 1
064785 2
276308 1
124097 1
160074 1
230469 0
285209 1
082087 1
030552 0
067251 1
277285 0
076916 1
099255 1
066131 2
064468 1
065865 1
149923 0
166961 1
064839 1
184311 1
064347 1
080223 0
112991 1
150737 2
123091 1
064900 1
030549 0
005963 1
076921 1
174991 2
068895 0
001738 1
269869 0
082641 0
284568 1
184890 0
231898 0
133098 2
124442 1
012743 1
124427 1
179479 0
192469 0
284548 2
133104 2
182336 1
001265 0
155621 1
183593 0
133118 2
210121 0
284672 0
167000 1
070389 1
103562 1
202794 0
018716 2
071373 1
104546 1
066802 1
284522 1
064526 1
257088 0
124354 1
175542 0
175367 1
184304 2
076611 1
123925 1
192539 0
192544 0
117160 0
082974 1
147684 0
064530 1
014827 1
125890 1
117158 0
167590 1
167591 1
066524 1
066381 1
256022 0
168926 1
133173 0
064840 1
171828 0
155665 1
133129 2
128449 0
269602 0
167509 1
082918 0
066462 1
077132 1
112948 1
071482 1
104655 1
064459 1
123823 1
241659 1
163914 0
042567 0
124013 0
241672 1
090058 0
124770 1
128430 1
164663 0
166872 1
090072 0
112682 0
071360 1
104533 1
128446 0
064460 1
124768 1
128439 1
064273 1
130810 1
183372 1
183591 0
284670 0
255936 0
064782 1
187227 1
042401 0
289368 1
223600 0
124248 1
117379 0
256099 0
130835 1
082238 1
187317 0
149316 1
143610 0
071513 1
104686 1
124257 1
167581 1
147029 0
147688 0
065855 1
130839 1
124063 1
030620 0
015200 0
167599 1
167600 1
064598 1
086510 0
124353 1
124135 1
154808 0
185881 0
065655 1
210287 0
160046 2
064521 1
152851 1
078716 0
063675 0
278825 0
278836 0
278841 0
124447 1
226419 0
030613 0
141955 1
021587 0
141920 1
164428 2
076961 0
179472 1
259235 0
232755 1
189259 1
021798 0
220679 0
150565 1
064376 1
268961 0
158216 0
220212 1
190649 0
038782 0
050886 0
002485 0
242947 0
071351 1
104524 1
123986 1
084906 0
027568 0
133393 0
133392 0
033495 0
167585 1
130800 1
174742 2
174739 1
018198 2
174992 2
152824 1
000359 1
152833 1
179268 1
016972 1
125177 0
178513 1
064786 1
124487 1
288712 1
047416 0
288721 1
016844 1
167788 1
167805 2
000415 1
107719 1
186853 1
082233 1
123736 2
077124 2
123726 1
016864 1
260844 1
015726 1
016948 0
130817 1
128151 1
047668 0
130811 1
222522 0
077187 1
127090 1
000320 1
033571 0
108750 1
007401 1
166302 0
123536 1
252843 1
065833 1
000304 1
150624 1
222529 0
197811 0
167686 1
127238 1
150759 1
167685 1
047161 0
118773 0
121978 1
149428 1
003894 0
191253 1
160565 1
006290 1
166309 0
166310 0
234952 0
000391 1
130808 1
124455 1
000594 0
148201 1
152501 0
182363 1
101872 0
139588 1
199395 0
005236 0
119691 0
124015 1
066388 1
252856 2
123743 1
167576 1
167577 1
252665 0
199396 0
133159 0
167559 1
170354 1
170355 1
289802 0
151170 1
099016 1
151291 2
137552 2
049842 0
133187 0
015769 1
017150 0
199339 1
120333 1
016850 1
183530 1
186852 1
123892 1
197771 0
148202 2
164437 1
192796 1
151304 2
009518 2
121979 2
170352 2
047359 0
066332 1
151379 2
232721 1
124615 1
064520 1
173419 1
066529 0
222923 1
164454 0
068659 1
196783 0
016566 1
071706 1
104879 1
124142 1
049909 0
003174 0
000312 1
197442 0
170877 0
046862 0
130899 1
185055 0
016859 1
130852 1
187696 1
137603 2
227855 0
018915 0
197451 0
000298 1
123650 1
218213 1
054110 0
002230 0
019973 2
130885 1
225547 0
136219 0
064391 1
062082 0
084304 0
220058 0
005967 0
146663 1
120293 1
081761 0
081725 0
000390 1
167596 1
167597 1
016824 1
128481 1
152554 0
064824 1
130846 1
048050 0
164452 0
220142 0
230504 1
064390 1
167579 1
082999 1
170337 1
019849 0
000302 1
126882 1
010778 0
066656 0
071762 0
071868 0
104935 0
105041 0
156197 2
151090 1
173343 1
126522 0
064270 0
004570 0
118774 0
026492 0
123997 1
164876 0
182587 2
189258 0
054313 0
066419 1
130836 1
130805 1
082078 1
164899 0
064768 1
153022 1
187653 1
064818 1
068019 1
082840 1
124117 1
011899 0
083402 1
123700 1
124191 1
173327 0
078480 1
124145 2
167742 0
124093 1
126540 0
173308 0
092800 0
124082 1
118881 0
017433 0
064427 1
098558 0
164447 0
018180 0
133099 0
026469 0
034796 0
066337 1
127879 1
089470 1
173852 1
130564 0
111433 2
000360 1
187288 0
101746 0
075809 2
004041 2
165904 0
182596 1
165919 0
145787 0
111773 1
015637 1
164445 0
130818 1
011263 1
122687 1
029971 0
000327 1
127536 1
285754 1
064481 1
009078 0
121586 0
111432 2
188295 0
124330 1
030778 0
130604 0
136307 0
187707 1
164894 0
011314 0
180994 0
150766 0
000435 2
178866 0
288655 0
017179 1
046119 0
012257 0
098457 1
194973 0
124614 1
136246 0
130831 1
133034 1
130809 1
130739 1
222653 2
000325 1
222655 2
127825 1
222775 1
000354 1
130799 1
168934 1
111434 1
130773 1
000326 1
124010 1
168076 1
098458 1
149956 1
124438 1
098456 1
130816 1
098601 1
151213 1
130869 2
016858 1
124422 2
016841 1
098561 1
195702 0
082847 1
129718 1
017182 0
130801 1
098608 2
164995 1
154071 1
000323 1
000783 1
014506 1
130833 1
145836 1
099025 1
000356 1
016188 1
130807 1
196181 0
173426 1
130806 1
176632 2
176633 2
130802 1
200283 0
082159 1
149620 1
176678 2
182908 2
173496 1
076133 1
070966 0
104139 0
129868 2
124466 1
129869 2
200235 0
000322 1
013144 1
130837 1
200239 0
003165 0
150658 1
127089 1
130859 1
070882 0
104055 0
150985 1
196906 2
129874 1
016803 0
178464 1
006838 1
042809 0
015597 2
177196 1
147460 1
130747 1
124186 1
196845 1
130896 1
134357 0
015790 1
195562 2
130639 1
099154 2
000299 1
151137 2
015580 1
150677 2
077354 2
178332 2
130628 1
178458 2
227949 0
087216 1
130840 1
092656 0
146942 0
178331 2
200232 1
178322 2
206828 0
130672 2
218222 1
000431 1
128248 0
222739 1
130655 2
188246 0
150379 1
077709 1
099176 0
029500 0
016933 1
091236 0
151133 2
036145 0
223926 0
067770 1
111388 2
066227 0
070964 0
104137 0
099032 1
099033 1
156726 0
150679 1
192224 0
045306 0
130853 2
200368 0
102079 1
042107 0
124408 1
150908 1
016546 1
070961 0
104134 0
125425 0
201610 0
155599 1
128632 2
005454 1
120009 1
233720 0
102113 1
221523 0
276940 0
149955 0
155432 1
124349 1
174621 0
070870 0
104043 0
071001 0
104174 0
124351 1
042797 0
099170 0
130812 1
032440 0
150681 2
130850 2
130843 2
150690 1
099030 1
151124 1
102074 1
000318 0
102027 2
102115 1
102155 2
099977 1
099971 1
124360 1
124026 1
124352 1
150303 1
124424 2
182260 2
000297 1
136265 1
191910 2
017086 1
147305 1
039348 0
151602 1
149398 1
209843 1
127225 0
111105 0
172998 1
178122 1
210023 1
150323 1
012680 0
017336 1
210320 1
086107 0
098203 0
150720 1
188467 0
192598 0
178107 2
182189 2
082192 1
109215 0
189184 0
002444 0
149852 0
127134 0
117200 0
150087 0
180232 1
087237 0
192165 2
162032 2
180230 2
127064 0
059107 0
126614 0
011345 1
122701 1
114068 1
116106 0
000716 0
188482 0
114210 1
100336 0
192475 1
149876 0
162076 1
224475 2
192166 1
224441 0
141194 2
125922 0
141162 2
014809 0
125909 0
201860 2
125934 0
107878 0
182006 2
164120 0
223730 2
164017 0
255761 0
125941 0
181990 2
224476 0
149400 2
181960 2
224440 0
011317 1
122702 1
141224 2
223922 0
223680 0
180159 2
180223 1
141234 2
258324 0
258392 0
082197 1
192309 0
230067 0
230114 0
141210 2
192476 1
201558 2
133623 1
231938 0
138805 0
125984 0
124432 1
007261 0
120808 0
232240 0
231935 0
114249 1
141567 0
232370 1
224488 0
125983 0
141570 0
010497 0
285753 1
084024 1
124516 1
123555 1
151231 1
064863 1
130847 0
130886 0
130900 0
257563 1
015317 1
125416 1
024116 0
128349 1
070104 0
070120 0
103277 0
103293 0
025037 0
152047 1
124395 1
030973 0
010053 0
122357 0
282202 0
054262 0
150425 1
208151 0
126709 0
150434 1
152057 1
206885 0
029337 0
180076 0
098241 0
074949 0
092126 0
143462 1
130544 1
000418 1
062499 0
136316 0
187963 0
126933 0
036824 0
099024 0
059438 0
034333 0
150246 1
262596 0
150247 1
149794 1
123878 1
131640 1
131641 1
099020 0
131643 1
131671 1
130720 1
148289 1
134626 1
130160 1
224229 0
124397 1
154974 0
017867 1
129194 1
014815 1
125903 1
006698 0
130830 1
086458 0
013250 1
192274 0
192389 0
149281 1
149829 1
087185 0
018271 1
128914 1
130813 1
064739 1
124392 1
052192 0
146480 0
151450 1
100873 0
130821 2
014590 0
000398 1
055962 0
064470 0
066296 1
124255 1
040907 0
253249 0
087065 0
018023 0
124861 0
090828 0
035014 0
094431 0
064671 1
017249 1
129633 1
000358 1
003641 0
124504 1
009870 0
198736 0
144161 0
000319 1
133528 0
017495 1
129432 1
124217 1
124220 1
004552 0
146231 0
139823 0
123709 1
018379 0
128868 0
151233 1
004968 0
124205 1
011700 0
122821 0
124384 1
017691 0
136924 0
124371 2
132823 0
123967 0
151961 1
133163 0
064458 0
116165 0
131900 1
116122 0
124390 1
128322 0
275089 0
195688 0
079404 1
064560 1
178741 1
251938 0
086749 0
064561 1
079197 1
182516 1
000527 1
182514 1
070123 1
103296 1
095462 0
162383 1
066249 0
065755 0
124872 0
167458 0
155748 0
155729 0
124216 1
124219 1
112010 0
177121 0
127383 0
017934 0
197999 0
058587 0
173808 2
155747 0
187358 0
100528 0
173809 2
078847 1
173835 1
078489 1
182513 1
155854 0
137577 0
178580 0
000308 0
181942 0
130079 1
025305 0
130074 1
130073 1
160244 1
233088 0
109967 0
142300 0
239393 0
009891 1
122237 1
127371 0
207788 0
075564 1
193012 0
127033 0
227685 0
069987 0
024781 0
284825 0
189591 0
117758 1
126222 0
117792 1
117793 2
123883 1
213351 0
115665 2
188815 1
122206 0
123857 0
044649 0
218147 0
185380 0
230529 1
087004 1
143550 0
195857 0
007842 0
009187 0
158450 0
088349 1
088178 1
009395 0
064879 1
015362 1
125372 1
009907 0
276088 0
234986 0
015729 2
037819 0
090390 0
088180 1
170863 0
025691 0
066145 1
121783 0
153567 0
082617 1
236491 0
145160 0
082049 1
250546 0
095460 0
000075 0
070629 0
198890 0
017980 0
117449 0
124273 0
129501 0
175698 0
221504 1
221525 1
068765 0
159766 0
149893 0
006314 0
148562 0
034372 0
112831 0
176324 1
064471 1
285159 0
115715 0
085772 0
061282 0
221503 0
024701 0
202144 0
196465 0
051886 0
187508 1
080452 0
201768 0
017231 1
161007 1
108850 0
128525 1
128669 2
168396 0
117577 1
177039 2
007186 0
177043 1
127607 1
123418 1
015122 0
125621 0
064385 0
033111 0
124118 0
287586 0
128641 1
143910 1
257220 0
033883 0
000353 1
160023 0
083144 0
287620 0
028764 0
183738 0
074668 0
128640 0
143214 1
143755 1
218092 0
153010 1
003995 0
155600 1
152461 0
065850 1
125018 1
065830 1
081826 1
004284 0
127546 0
126981 1
177605 2
225187 0
065868 0
128635 0
187625 1
069549 0
102722 0
181548 0
147226 0
037030 0
108954 0
143300 2
176882 2
011639 0
177610 1
109010 0
108989 0
144431 2
199294 0
007765 0
143268 2
143297 2
143200 2
143197 2
010762 1
065907 1
219338 1
219463 1
279797 0
001057 0
124812 0
065770 1
081323 0
094878 0
219602 0
094762 0
081687 0
219596 0
006451 0
064917 1
093771 0
219040 2
189194 0
093433 0
159566 0
124773 0
081740 0
000169 0
085891 0
186569 0
195900 0
009345 1
121815 1
218837 0
126948 0
086503 0
077612 0
161169 0
268762 0
185989 0
120269 0
101448 0
203156 1
155338 1
081171 0
210433 0
214103 0
124957 0
173155 0
124283 1
228395 0
126351 0
179212 1
077880 0
087881 0
016963 1
257226 0
124433 1
218259 0
151649 0
192091 0
192651 0
150451 0
029469 0
164226 0
143586 0
280170 0
114223 0
185928 0
209461 1
117736 0
193250 0
036195 0
017807 1
129251 1
036970 0
187382 1
182356 0
011384 2
151952 0
130022 0
101429 0
018429 0
128657 0
136715 0
161596 2
218734 0
252446 1
000162 0
253111 0
030664 0
223096 1
076316 0
222956 1
223002 2
163928 0
074770 0
082120 0
277206 0
092838 0
269710 1
117014 0
274017 1
221377 0
274018 1
266735 1
266738 1
259583 0
235069 1
243548 1
259594 0
254128 0
226162 1
222718 1
222763 1
018739 0
221400 0
254143 0
221413 0
069421 0
102594 0
002211 0
197744 1
188612 0
140175 0
027179 0
124521 0
013765 0
225133 0
090597 0
243565 0
123947 0
078623 0
235032 1
055476 0
031955 0
194570 1
191464 0
013490 0
049739 0
064687 1
178296 0
124141 1
059384 0
014418 0
112824 0
285585 0
130764 0
135042 1
286968 0
135035 1
135060 1
135044 1
161856 0
183162 1
202007 0
280150 0
092907 0
064363 1
155372 0
064364 1
066192 1
002528 1
068459 1
271237 0
192169 0
000630 0
124326 1
210130 0
287737 0
271149 0
152333 0
056307 0
068481 0
285712 0
010110 1
214717 0
068467 1
124333 1
098371 0
038818 0
175614 0
171314 0
150013 0
257383 0
169664 0
089097 0
061852 0
124931 0
018016 0
223066 0
100075 0
134772 0
069229 1
102402 1
133092 0
187379 1
179488 0
209570 0
037104 0
124446 0
065288 1
187231 0
208326 0
142809 0
256572 0
004192 0
123661 1
257594 0
127440 0
142606 0
032943 0
230960 0
049713 0
126179 1
283417 0
126721 1
123987 0
281168 0
069031 0
199430 0
126419 0
127708 0
187853 0
164756 0
171254 0
208913 0
129537 0
136167 0
285311 0
270183 0
122364 0
192392 0
187802 0
058516 0
036617 0
284469 0
282212 0
014522 0
108469 0
100265 0
006114 1
027100 0
187935 0
075164 0
116372 0
269833 0
099603 0
011641 0
042669 0
123389 0
161846 0
066150 1
017126 0
066146 0
066082 0
168181 0
191202 0
187204 0
201395 0
047562 0
167858 0
017332 0
101457 0
110899 0
034929 0
004302 0
131189 0
177206 0
137646 0
079268 0
220761 0
126467 0
156806 0
173043 0
237210 0
009767 0
109018 0
130043 0
077144 0
030212 0
199622 0
007487 0
079841 0
016953 1
130870 0
150756 0
138197 0
258509 0
107835 0
009109 0
155096 1
018637 0
061261 0
126815 0
230144 0
283786 1
136139 0
141795 0
038014 0
113387 0
099236 0
136210 0
033138 0
087855 1
021677 0
004701 0
201650 0
054173 0
268871 0
056666 0
041628 0
016873 0
154574 0
031584 0
147027 0
086134 0
080810 0
288181 0
010442 0
158865 0
213014 0
018767 0
015289 1
125446 1
189178 0
125456 0
125466 0
006105 0
172408 0
021643 0
002242 0
034685 0
238876 0
144872 0
110524 0
066466 1
119683 0
151165 0
027063 0
165459 0
050033 0
157486 0
274008 0
235872 0
074702 0
091919 0
000620 0
126929 0
256964 0
082138 0
180990 0
099206 0
286608 0
134153 0
227908 0
180773 0
217569 0
188636 0
100682 0
187264 0
147469 0
162794 0
124843 0
284514 0
034327 0
068031 1
082210 2
034390 0
067995 1
082212 1
117459 0
082204 0
082211 0
065715 1
159791 0
066565 1
181276 0
253133 0
093367 0
287863 0
178141 0
064615 1
036728 0
096574 0
099156 0
066580 1
014096 0
069983 1
103156 1
282034 0
282155 0
288454 0
258323 0
081605 0
124453 0
275143 0
161174 1
222594 0
161219 1
161182 1
108361 0
166871 1
123057 0
228549 0
275274 0
216128 0
076915 2
145559 0
076919 1
236547 0
172964 0
204211 0
064245 0
035248 0
123625 0
021186 0
221524 0
256547 0
179332 0
157418 0
289169 0
036830 0
257210 0
078051 0
167953 0
135418 0
058056 0
018562 0
077792 0
154508 2
076697 0
154510 1
060677 0
190641 0
234025 0
123978 1
018108 0
067817 0
161173 1
156898 1
037810 0
156888 1
159778 1
010949 0
182487 1
167408 1
078293 0
182486 1
182485 2
156042 1
075042 1
270881 0
196357 0
196535 0
037129 0
069194 0
102367 0
222812 0
210679 0
008741 1
203973 0
270889 0
088228 0
137887 0
195152 0
192470 0
213048 0
139414 0
016666 0
277454 1
263039 0
156853 1
189775 0
243225 0
082798 1
231045 0
082802 1
184927 0
033502 0
152054 0
260784 0
111143 0
280050 0
180644 0
003660 0
149583 0
191860 1
135445 0
191882 1
157267 0
221903 0
153248 0
099981 0
126416 0
185185 0
152362 1
093302 0
152364 0
152368 0
073379 0
202319 0
262794 0
124102 0
133806 0
167607 1
012028 0
167696 2
057069 0
187384 0
064448 1
252830 0
100708 0
066223 1
289941 0
082762 0
011338 0
236572 0
024456 0
192207 0
180986 0
006212 0
270736 0
234696 0
127601 0
161937 0
199215 0
192198 0
135843 0
069351 0
135114 0
051757 0
017870 0
126943 0
154133 0
066926 0
182565 0
227622 0
258780 0
192810 0
190192 0
098522 0
068984 0
240492 0
150541 0
202148 0
015665 0
130535 0
221911 0
170214 1
074442 0
121631 0
124345 0
132125 0
058645 0
180984 0
193042 0
024478 0
081273 0
086733 0
001090 0
173728 0
187342 0
187605 1
124501 0
018351 0
101140 0
162781 1
017828 0
162747 0
154503 0
084994 0
277973 0
079690 0
124306 0
065826 0
133449 0
164115 0
156844 0
066231 1
030976 0
066345 1
197624 0
075313 0
285538 0
229985 0
157342 0
268329 0
098523 0
146766 2
079703 0
146769 2
006661 0
194441 0
086199 0
201609 0
118937 0
150603 0
010087 0
002142 0
129515 0
123882 0
223456 0
123582 1
008869 0
123571 1
011647 0
029526 0
079446 0
082205 0
192910 0
123352 0
151399 0
181464 0
144162 0
263213 0
124468 1
049956 0
092240 0
226072 0
170552 0
136317 0
017036 0
087175 0
256188 0
115585 0
150055 0
193115 0
098590 0
061426 0
289772 0
114479 1
127847 0
114461 1
114496 1
114478 1
017520 0
091278 0
036301 1
068606 0
099121 0
102125 0
038640 0
116660 0
061419 0
123884 0
118433 0
176278 1
108968 0
064413 0
170153 0
282223 0
016272 0
071007 0
131256 0
090180 0
146845 0
184139 1
061477 0
184114 1
269660 0
193845 0
087496 0
197749 0
223108 0
064463 1
009269 0
064465 1
224462 0
011698 0
187061 0
023729 0
030165 0
041956 0
186549 0
265028 0
102048 0
271642 0
017534 0
000544 0
015082 2
124557 0
125655 1
024745 0
098296 0
187203 0
100961 0
077666 0
115042 0
252983 0
223258 0
127591 0
209018 0
236487 0
146859 0
254440 0
079776 0
132121 0
161091 0
122811 0
092572 0
049220 0
103160 0
131774 2
168717 0
131770 0
098414 0
252244 0
079581 1
052164 0
079139 1
083163 0
079229 1
110095 1
110111 1
242755 0
079176 1
078334 1
133917 1
133911 1
113078 0
113082 0
135531 0
144567 0
118906 0
122845 1
144241 0
144555 0
144204 0
144202 0
146944 0
091865 0
081305 0
144560 0
122847 0
122703 0
083384 0
157245 0
197762 0
136119 1
067683 0
133772 1
133360 2
003896 0
133350 0
133363 1
135530 1
133352 0
134733 1
128880 0
112577 0
111662 0
090273 0
011799 0
137130 0
289827 0
098418 0
289434 0
140834 0
136179 0
196275 0
255409 0
219928 0
147129 0
237837 0
102119 0
078317 0
037098 0
183066 0
075405 0
099777 0
100173 0
122704 0
276685 0
131944 0
239974 0
232775 1
201951 0
232773 1
194976 0
271344 0
286971 0
241198 0
152416 0
128959 0
090623 0
059297 0
183020 1
066218 1
257642 0
183185 1
036198 0
186212 2
011893 0
078023 0
227944 0
231902 1
192712 0
231893 0
164198 0
049574 0
024468 0
004095 0
218247 0
209414 0
066238 0
162242 0
109512 0
117210 0
015725 1
127369 0
149282 0
058447 0
183524 0
244762 0
217551 0
143571 0
092282 0
011068 0
065876 1
077971 0
187234 0
170989 0
156265 1
132224 0
141722 0
205619 0
239714 0
007055 1
243291 0
009026 0
155438 0
283657 0
024902 0
077601 0
006365 0
170006 0
117105 0
086799 0
156068 0
094085 0
123048 0
099979 0
214197 0
190725 0
223372 0
007552 0
213148 0
066140 0
227285 0
054598 0
279871 0
219584 0
078264 1
187908 0
155863 0
132583 0
130717 0
253422 0
051680 0
216832 0
016951 0
262631 0
112210 1
083066 0
112160 0
218509 0
086831 0
075859 0
091710 0
129853 0
069044 0
015333 0
066083 1
013219 0
066076 0
136145 0
284817 0
128062 0
066048 0
067907 0
122511 0
058550 0
212906 0
233579 0
133091 0
200386 0
267252 0
192101 0
262316 0
020466 0
183971 0
071350 0
065821 0
069840 0
164154 2
164157 0
152748 0
155845 0
193844 0
079334 0
039583 0
063441 0
161537 0
161540 0
133616 0
016200 0
253112 0
253120 0
068093 0
166561 0
283332 0
136192 0
149860 0
143746 0
122849 0
154873 0
154462 0
013516 0
161977 0
157343 0
101890 0
098056 0
288719 0
242154 0
116874 0
051518 0
167527 1
041616 0
167528 1
167529 1
112588 0
138126 0
039987 0
152577 0
126544 0
151422 0
078543 0
032022 0
129480 0
085422 0
197031 0
180982 0
052189 0
091908 0
218207 0
147075 0
023145 0
090378 0
129880 0
016203 0
180863 0
071544 0
144120 0
082487 0
212447 0
071048 0
225962 0
099444 0
002487 0
027307 0
142926 0
156798 0
219435 0
000331 1
014863 0
130814 1
245013 0
124610 0
023957 0
043791 0
126127 0
126198 0
121973 0
039410 0
256025 1
003292 1
258548 0
135049 2
242700 0
220056 0
066365 0
050040 0
092413 0
167400 0
217193 0
130066 0
015782 0
288873 0
158671 0
154762 0
121537 0
126756 0
255357 0
168493 0
260885 0
175773 0
011538 0
192419 0
076411 0
051379 0
255999 0
140171 0
033801 0
014039 0
004093 0
202425 0
010064 0
077216 0
229250 0
098279 0
093415 0
147892 0
078995 0
044687 0
017457 0
209738 0
224670 0
202143 0
282213 0
262991 0
276232 0
162391 1
145308 0
152813 2
170617 1
168930 0
152806 1
152814 1
196518 0
226497 0
196280 0
157249 0
167615 0
257711 0
142342 0
149106 0
138824 0
226734 0
146588 0
126253 0
177199 0
203908 0
020233 0
241757 0
265494 0
185193 0
128865 0
155778 0
154459 0
127103 0
158022 0
228397 0
110732 0
126504 0
144398 0
208546 0
115929 0
130591 0
128613 0
152583 0
065891 1
101258 0
018396 0
153512 0
080794 0
160890 0
250361 0
034549 0
269823 0
130426 0
002435 0
259501 0
151210 0
079797 1
037062 0
079773 1
079770 1
065988 1
193382 0
152436 0
229850 0
046456 0
192982 0
237470 0
023343 0
193397 1
193394 1
285312 0
071169 1
104342 1
289051 0
071231 0
104404 0
160834 0
117845 1
264401 0
269025 0
189328 0
082114 0
028520 0
079874 0
042277 0
002980 0
110907 0
018124 0
149283 0
086470 0
113645 0
162497 0
034162 0
027248 0
129802 0
082292 0
033496 0
079415 0
088893 0
142775 0
101052 0
019557 0
207326 0
027090 0
102004 0
136149 0
128302 0
041653 0
208522 0
221502 0
097236 0
231048 0
004077 0
014379 0
289832 0
064476 1
026107 0
162968 0
244343 0
160147 0
013352 0
139296 0
183485 0
066720 0
268780 0
121669 0
059467 0
270061 0
101076 0
020797 0
111520 0
161863 0
130841 1
196509 0
285498 0
240511 0
080239 0
120392 0
267865 0
124166 0
188259 0
078444 0
113020 0
011985 0
172960 0
095511 0
123088 2
100025 0
123086 2
147137 0
220654 0
176828 0
050892 0
163518 0
000112 0
