238411 0
233640 0
269056 0
082766 0
266911 2
212162 2
222787 1
238033 0
222788 0
212167 2
266308 1
211172 1
203124 1
236366 0
201337 2
201603 0
201474 2
201586 0
201475 2
264605 0
203131 1
196905 1
266333 1
197225 1
218536 2
240583 1
240617 1
264952 0
231857 1
194954 2
266377 0
249339 0
205360 1
131685 1
266375 0
266378 1
097597 0
220497 0
220420 2
270248 2
197226 1
200375 1
238207 0
250537 2
003475 0
079631 1
242242 0
203701 1
253060 0
255934 2
255945 2
255948 2
245034 0
160135 0
196356 0
196579 0
196603 0
097639 0
263564 0
017038 2
256543 2
256635 2
141912 2
220465 2
160132 0
223369 1
241635 0
006435 2
006608 0
230770 0
255274 2
170993 1
250695 2
232686 0
259341 0
141915 2
270246 2
141939 2
130337 2
069824 2
102997 2
069628 2
102801 2
069567 2
102740 2
130371 2
268383 0
269135 1
223325 1
226018 0
069649 2
102822 2
133308 0
272264 0
197176 1
269284 0
268368 0
222067 1
201550 2
200380 1
042733 0
201566 2
201960 0
223023 1
278862 0
115046 0
197532 0
204547 2
064895 2
269219 2
254773 0
211720 0
157669 0
173785 2
197170 0
097596 0
252142 0
129994 2
243613 2
255389 0
157705 0
255912 2
238310 0
223022 1
258885 0
223031 1
173789 2
224562 1
230090 0
196208 0
254001 0
197366 0
076236 0
269062 2
201707 2
201712 2
240055 0
195482 1
076470 0
269014 1
256122 0
281452 1
232257 1
160134 0
257506 2
199473 2
207193 0
196578 1
225583 0
138350 1
114722 0
008927 0
257022 2
114813 0
162184 0
275837 2
220423 2
138374 0
269363 2
201791 2
161056 0
253485 0
002890 2
269138 1
275773 0
220483 2
213100 0
229587 0
225970 0
252188 0
062967 0
206995 0
205653 0
223029 1
220484 2
223028 1
204651 2
204937 2
130357 2
223019 1
268978 2
219128 1
215692 0
196602 1
224628 1
270247 2
270249 2
138405 2
224620 1
192783 2
215475 0
158022 0
133980 2
269109 1
150514 0
171700 1
197885 2
150512 0
192731 2
224126 1
064885 0
133999 2
178351 2
196095 2
214158 2
192997 1
219118 1
129809 2
196518 0
220112 2
130280 2
171709 1
222593 2
129989 2
200540 0
171667 1
214163 2
209385 0
171708 1
171674 1
269037 1
192939 1
197180 2
154927 0
181061 0
196507 0
129992 2
224124 0
213570 0
181077 0
199777 1
129937 2
129987 2
269254 2
129934 2
162391 0
199803 1
224094 1
214144 2
171673 1
002886 2
131696 2
151649 1
197822 2
231245 1
208355 0
182107 0
199759 1
178089 0
151676 1
196355 0
197819 2
139314 2
199491 2
253886 1
133944 2
196522 2
139765 2
226463 2
213686 0
139396 2
194875 0
253896 1
244696 1
161721 2
196091 0
139727 2
139763 0
134068 2
139726 0
193071 2
151652 1
138769 2
226533 2
079638 0
222587 0
002447 2
253883 1
167615 0
177432 2
132786 2
170617 0
134093 2
139296 2
132821 2
199784 1
115297 2
151658 0
212034 2
002889 2
199778 1
224096 1
222592 2
139758 2
139718 0
130952 2
130860 2
002741 2
132780 2
130167 2
211300 0
151646 1
196366 2
130871 2
006734 2
273727 0
139522 2
280266 1
139517 2
131570 2
134073 2
151698 0
200962 2
136686 2
196769 0
130877 2
139399 2
196301 0
137072 1
220383 0
137183 0
196298 0
232808 1
199804 1
139582 0
205351 2
002928 2
269216 2
138749 2
196730 0
131925 2
130864 2
268985 1
232727 1
132655 2
131575 2
229021 0
138767 2
154230 0
130909 1
018195 2
128964 2
154218 0
255947 1
220654 2
006299 2
155909 0
230436 2
136638 2
177419 2
229011 0
200950 2
255359 0
217202 0
132779 2
193069 2
261139 0
131576 2
258909 0
274565 0
269112 0
152635 0
196748 0
231163 1
274170 0
229194 0
098053 1
131574 2
255944 1
167902 0
278923 0
221291 0
114660 2
196280 0
229047 0
138854 2
140262 2
138843 2
131578 2
140220 2
138816 2
132060 2
138803 2
144128 2
138915 2
140176 2
139211 2
138913 2
138943 2
144271 2
140186 2
143960 1
144100 2
114662 2
130898 2
144270 2
143927 2
138931 2
199745 1
132554 1
143938 2
143958 2
205350 2
133984 2
132044 2
140263 2
143165 1
138632 2
138636 2
226421 2
139134 1
138983 2
133368 2
142750 2
133670 2
138867 2
134000 2
143182 1
134832 1
131701 2
144582 2
006573 2
132693 2
132694 2
138797 2
131713 2
133660 2
131700 2
138810 2
142751 2
144617 2
134997 2
138507 1
140394 2
138525 2
136931 0
136916 0
138394 2
002682 2
136929 0
142745 1
144556 2
132678 2
134905 2
144569 2
135019 2
138981 2
255933 1
130092 2
144564 2
143467 2
233090 1
138393 2
136914 0
230409 2
130487 2
002207 1
139198 0
231159 1
131772 2
139067 2
130491 2
177418 2
233091 1
131790 2
132559 1
130088 2
132446 2
136825 0
142691 1
008264 2
144183 1
130844 2
003607 2
138748 2
143421 2
134895 2
138390 1
231166 1
144164 1
144175 1
137392 2
182984 0
130116 0
133638 2
134064 2
143415 1
134896 2
220660 0
143420 1
129712 2
129808 2
131726 2
141131 2
177416 2
131608 2
213024 0
133812 2
129880 2
202071 2
136933 1
129807 2
129729 2
201513 2
131609 2
199839 2
141101 2
123283 2
130495 2
002927 2
132459 2
131611 2
132543 1
129849 2
269160 2
254751 2
134830 2
233351 1
133019 2
139837 0
256004 0
129834 2
006064 0
144810 2
138503 2
006634 2
138508 2
009964 2
130497 2
141082 2
196941 2
264721 0
196928 2
254707 2
210601 1
139345 0
139789 0
233334 0
139439 1
144853 2
131884 2
139346 0
139987 2
123302 2
141100 2
139977 2
002765 2
130511 2
132129 0
012079 2
122892 2
138575 0
233326 1
132384 2
213979 0
256555 2
139341 0
254747 2
115341 1
222313 0
138576 0
147406 2
196670 2
138973 2
138686 2
147416 2
199203 2
241625 0
132555 1
233437 0
140369 0
202757 0
131588 1
199174 2
272657 0
139846 0
197544 1
233410 1
131717 0
161269 2
139964 0
256058 0
144724 1
219124 0
202756 0
012785 2
146129 2
150966 0
134837 2
177403 1
085633 2
006472 2
144725 1
115349 1
144048 2
139965 2
138990 2
147055 2
132642 2
256032 0
147423 2
129014 2
135993 0
241585 0
135877 0
202105 0
115354 1
232400 0
233419 0
138543 0
157909 2
144722 1
131876 1
189130 0
196668 2
240261 0
202104 0
202755 0
006417 2
138496 2
010966 2
006369 2
199604 2
018274 2
128911 2
131565 2
141583 0
144053 2
115381 1
144721 1
141330 0
144590 1
193696 2
199638 2
135853 0
196886 2
141169 2
144060 2
129371 1
138498 0
129019 2
129379 1
250880 0
129378 1
144054 2
201536 2
129372 1
232406 0
144650 1
227230 0
148775 0
141345 2
167296 2
167297 2
133780 2
147086 0
197365 2
129375 1
177430 0
017632 1
129355 1
222299 0
138955 0
141332 0
255577 0
129376 1
131763 2
131600 2
202749 0
133779 2
196661 2
196802 2
129373 1
131761 2
131587 2
220506 0
240494 0
138848 1
014308 0
058557 2
150967 0
196940 0
148691 0
132639 0
177438 0
151726 0
213872 0
129374 1
132419 1
194183 2
143408 2
130061 2
198339 2
147414 0
140920 0
240977 0
130257 2
150934 0
150915 2
235792 1
109034 2
241271 0
196009 0
080274 0
006388 2
129381 1
257879 0
138486 0
194493 0
140730 0
144632 1
197865 2
250808 0
147614 2
219595 2
222862 0
000755 2
008642 0
231796 0
198368 0
241588 0
255523 0
196025 0
194177 0
144954 2
144948 2
144945 2
144952 2
144956 2
130230 2
130244 1
130251 2
130243 1
130253 2
129452 1
129447 1
129441 1
129434 1
129456 1
133794 2
130401 1
013779 2
144968 2
144935 2
130265 2
129448 1
130454 0
133755 2
140972 2
140973 2
137299 2
147609 2
140960 0
167248 2
002264 0
145928 0
167201 2
130477 0
145922 0
130518 2
131748 2
131805 2
144135 2
132166 1
136475 0
130704 2
167146 2
132147 1
132159 0
132148 1
131661 0
144160 2
130522 2
147566 2
130696 2
132150 1
015179 0
125566 0
147720 2
129059 0
132168 1
132152 1
253604 2
006624 2
132431 1
012900 0
132164 1
132161 0
132160 1
132153 1
197336 2
131028 0
018000 0
129109 0
194176 2
147589 2
129127 0
101924 0
144134 2
130698 2
147360 0
194219 2
132146 0
130756 1
006436 2
129124 0
018134 0
129018 0
130722 1
130798 1
130711 2
101241 2
115802 0
129054 0
198333 2
101245 2
129126 0
197863 2
196655 2
131799 2
130751 1
112737 0
101246 2
112720 0
112761 0
132145 0
112718 0
144328 0
058497 0
101243 2
112777 0
131030 0
131663 2
134919 0
085440 0
131013 2
221880 2
196646 2
099474 0
168168 0
130228 0
075061 0
091021 0
130824 1
101252 0
198312 0
133191 2
148166 2
133182 2
131084 2
192846 1
131138 2
139456 2
195404 2
240145 0
131228 2
152927 0
132644 0
275836 0
133169 0
076131 2
280878 0
195378 2
139454 0
200458 2
008865 0
235732 0
150026 0
155610 2
195349 2
258822 0
195317 2
195236 2
157805 2
137458 0
195268 0
195228 2
194367 2
143317 0
150585 0
190473 0
131235 2
130758 1
214487 0
196073 0
155611 2
141986 2
194412 2
117370 2
196680 2
197932 2
117348 2
136170 0
166716 0
166717 0
197899 2
182760 1
240136 0
131580 1
269742 0
136168 0
201928 1
192302 0
010285 2
122613 2
253856 2
143316 0
034610 0
117144 2
008887 0
034658 0
233904 0
193164 0
117375 2
263645 0
093115 0
210000 0
122612 2
199376 2
194304 2
194312 2
194316 2
195204 2
253844 2
182776 1
129901 0
037084 0
152790 0
152791 0
135216 0
260672 0
178092 0
158296 2
266709 0
084119 2
193439 2
255923 0
253827 2
260570 0
147404 2
253847 2
150077 0
144420 0
084138 2
167791 0
085175 0
162711 2
199086 0
140599 0
177244 0
206181 1
207424 1
060019 0
282633 0
076019 2
102075 0
162879 0
255441 1
238035 0
075989 2
222490 0
131010 0
278168 0
255415 0
101256 0
075502 2
075516 2
075574 2
160164 2
225613 0
199876 0
182110 1
233997 0
199809 2
225555 0
233401 0
155497 0
075759 2
075749 2
075838 2
075913 2
075837 2
160208 2
199811 2
002542 2
122308 0
201197 0
198530 2
200919 0
256031 0
075967 2
143273 0
063084 0
147935 0
131620 1
140037 0
230503 0
099857 0
194840 1
198541 2
111820 0
147934 0
140826 0
190459 2
161997 2
213514 0
157282 2
233399 1
135414 0
147946 0
198537 2
131614 1
131616 0
131612 0
199075 2
161993 2
199079 2
157258 2
131617 0
131621 1
190470 2
199090 2
002509 0
197256 2
170734 2
194849 0
256637 0
211379 0
170668 2
155358 0
010163 2
122454 2
008730 0
101385 0
101352 0
271348 0
138952 0
255453 0
138427 0
152878 0
289520 0
289519 0
191302 2
191088 2
289329 0
241272 0
255186 0
198550 1
262132 0
198643 1
198691 0
253020 0
198307 0
274183 0
198692 0
155578 0
215715 0
071529 0
121933 0
194616 0
202751 0
140848 0
201835 0
227023 0
197966 1
087548 0
197930 0
178091 0
147065 0
196211 2
243609 0
196210 2
255087 0
166385 0
238097 0
037387 0
223636 0
168267 0
162243 1
156127 1
199808 0
162251 1
200686 0
179531 0
024196 0
042086 0
160247 2
155766 0
265046 2
192966 0
191888 0
131860 1
251187 0
131865 0
238303 0
131850 0
257309 0
158363 0
148903 0
153662 0
095708 0
138656 0
281372 0
142085 0
253139 0
157353 0
287883 0
231339 0
269616 1
010227 0
269604 1
256314 0
269022 1
224125 0
256706 0
007318 0
225907 0
253631 0
115048 1
151813 0
115051 0
186030 1
177274 0
224029 2
224014 2
252472 0
243294 0
194783 1
163692 2
284588 0
213841 0
196728 0
221444 0
143970 0
077079 2
130212 0
077160 0
252539 0
210882 2
198346 0
210884 2
059213 0
196297 0
147016 0
077514 0
198813 0
099196 0
256563 1
256565 1
163662 0
151660 0
256671 0
194089 0
254778 0
168677 2
005969 0
168736 0
168740 0
079861 0
018127 0
256926 0
262857 2
226924 0
262855 2
220628 0
058843 0
155508 0
071694 0
256694 0
111333 0
239901 0
165442 0
194130 0
142111 0
152620 0
196058 0
133167 0
027818 0
258702 2
115160 0
226019 0
182440 0
163267 0
017949 0
136078 0
163269 0
215247 0
097187 0
130351 0
195999 0
132996 0
183510 0
246421 0
092694 0
233362 0
198626 2
196621 0
198624 2
198620 2
144345 0
110295 0
147850 0
289855 0
062348 0
162165 0
152922 0
277942 0
256109 0
012384 0
258047 2
154184 0
258052 0
211319 1
076134 0
211347 1
200687 0
221038 0
118579 0
132416 0
168268 0
217340 0
114734 0
153696 0
279957 0
237240 0
132643 0
189122 0
130308 0
201545 0
173188 0
256079 0
161744 0
045861 0
259404 0
139479 0
272364 0
150037 2
071644 0
150029 2
150031 2
150019 2
150011 2
198304 0
155214 0
233638 0
093237 2
223581 0
096893 2
114043 0
134012 0
092325 0
211704 0
076106 0
094765 0
252870 2
252789 2
152553 0
082909 0
263117 2
253930 0
278925 0
137425 0
199269 1
258499 0
199268 1
266877 0
199408 1
064545 0
199253 0
224569 0
168938 0
127014 0
097216 0
255275 0
182809 0
061437 0
199875 0
197679 2
233830 0
197674 2
241621 0
138491 2
158169 0
233048 0
076502 0
010255 2
122582 2
133677 0
122559 1
122509 0
101097 0
071913 0
211271 1
196600 1
195433 0
196598 0
197527 0
238294 1
202653 0
252876 0
196586 0
188780 0
212006 0
108974 0
212272 0
006749 0
134642 0
230688 0
150081 0
243630 0
145015 0
161955 0
018126 0
234428 2
173417 0
235911 0
230263 0
230464 0
157352 0
130309 0
003819 0
088588 0
256150 1
256152 0
232337 0
137462 0
151048 0
146988 0
238312 2
238308 1
069164 0
238319 1
237587 0
112570 0
241658 1
178097 0
241647 1
222160 0
129686 0
006302 0
243648 0
011792 0
276249 0
157512 0
148064 0
253737 0
234469 0
233323 1
275018 0
233293 1
231604 1
217405 0
231486 1
231485 0
254818 2
254813 2
196145 1
220962 2
232568 0
189772 0
220920 2
196104 1
254786 0
254812 2
254783 0
272724 0
272728 0
198433 1
272704 0
273818 0
244395 0
273816 0
198482 0
273340 0
198914 1
244390 0
252486 0
196998 0
132662 0
196331 0
199239 0
230192 0
211471 0
112015 0
221267 0
081539 0
098361 0
258573 0
194430 0
256618 0
227007 0
155759 0
256709 0
253573 0
058685 2
257516 0
058713 2
161371 0
230101 0
000715 0
268409 0
132503 0
255404 0
260320 0
219386 1
122556 0
219365 1
264983 0
148116 0
180090 0
153037 0
217555 0
143407 0
224564 0
116466 0
231774 1
233013 0
231775 1
009987 0
192801 0
260945 0
151663 0
146746 0
246416 0
161573 0
266707 0
222009 0
231049 0
199383 0
196166 1
190230 0
196087 1
193079 0
271181 0
253750 1
199403 1
199878 1
231211 0
199879 1
253728 1
199374 0
253658 1
135816 0
278863 0
225002 0
196843 0
232631 0
262737 0
160262 0
238380 0
254619 2
260936 0
254612 2
233972 0
037135 0
156501 1
144406 0
157465 0
156497 0
156462 0
232950 0
245035 0
138891 0
197390 0
213183 0
157466 0
133126 0
167810 0
230097 0
151047 0
191921 0
213550 0
155572 0
177777 0
259917 0
136573 0
096296 0
130573 0
061141 2
156464 0
061179 2
061161 0
061181 0
232469 0
131883 2
196309 0
131880 0
243507 2
196314 0
093913 0
256503 0
235250 0
117436 0
058842 0
197285 0
205251 0
230276 0
182687 0
067512 0
233909 0
242713 0
221908 0
033516 0
132476 0
145738 0
232422 0
272164 0
062346 0
243649 0
194642 0
252463 0
193318 0
064209 0
233011 0
218842 0
007091 0
190825 0
267644 0
288441 0
199985 1
193276 0
199976 2
233753 0
155525 0
193047 0
194100 0
140598 0
115725 0
194843 0
131173 0
192338 0
166386 0
240692 0
256611 2
115416 0
140828 0
233024 1
154652 0
233000 1
263552 0
259581 0
211547 0
259985 0
031619 0
141342 0
182623 0
142126 0
163579 0
273821 0
235180 0
140396 0
112572 0
153213 0
168338 1
115165 0
168327 0
215719 0
249523 0
233026 0
269235 1
081226 0
269234 0
131945 0
220568 0
143202 0
255418 0
044359 0
256615 0
140814 0
260423 0
241816 0
199873 0
152604 0
270425 0
013729 2
289858 1
104702 0
289870 0
144747 0
289853 0
286301 0
256008 0
010257 0
146805 0
078896 0
027786 0
255088 0
155711 0
193228 0
194035 0
162183 0
289854 0
120857 0
206049 0
287885 0
269034 0
222267 1
061673 0
222256 0
041998 0
148935 0
219956 0
168323 0
129140 0
078654 0
242727 0
220377 0
210130 0
269041 1
197456 0
268988 1
077848 0
097212 0
233622 0
256793 0
269737 0
177283 0
098307 0
189124 0
012396 0
192912 0
107866 2
278084 0
107848 2
108477 2
070312 0
131242 0
151691 2
246429 0
152616 0
226960 0
175695 1
108166 2
265451 0
108151 0
158023 0
003499 0
198353 0
197384 0
237515 2
278167 0
138739 0
148311 0
114830 0
168651 0
108121 0
139692 0
220011 0
091012 0
125027 0
258007 0
068756 0
201796 0
151665 0
219674 0
122313 0
259918 0
190243 0
261602 0
166911 0
132975 0
237656 0
254774 0
139255 0
281888 0
082920 0
178095 0
154031 0
268122 0
240433 0
196841 0
151041 0
285980 2
155565 0
233827 0
144376 0
286826 0
147076 0
254287 0
241273 0
004962 0
142347 0
152039 0
183516 0
225694 0
131940 0
151472 0
132453 0
107725 0
155908 0
112654 0
099841 0
271342 0
011838 0
101520 0
173374 0
250120 0
131734 0
281419 0
242852 0
197728 0
219117 0
154360 0
142119 0
227091 0
243293 0
194444 0
150073 0
163307 0
231264 0
156463 0
076192 0
252468 0
171372 0
137111 0
072255 0
219752 0
017965 0
194489 0
151641 0
158162 0
272658 0
000468 0
192335 0
017540 0
001416 0
219860 0
158167 0
137461 0
256449 0
142214 0
108494 0
191052 0
255925 0
235922 0
129940 0
079852 0
155366 0
243735 0
235256 0
016909 0
153303 0
182815 0
178299 0
147982 0
061188 0
037581 0
004845 0
141091 0
129288 0
221598 0
092687 0
182810 0
229970 0
242326 0
101939 0
210755 0
069276 0
274163 0
118140 0
178037 0
