088377 0
002679 1
001444 1
286399 0
150141 0
150094 0
065960 0
199789 0
086851 0
182014 0
091798 0
133642 1
158228 0
133632 1
133668 1
158089 0
157848 0
085755 0
154119 0
132050 1
002777 0
132010 1
133774 1
133703 2
186587 0
133702 2
133770 1
133709 2
132008 1
133707 2
133331 2
133299 2
132046 1
133302 2
133729 1
133612 1
133730 1
132135 2
147739 0
133723 1
001458 2
133119 2
133959 0
134001 0
133480 1
137416 0
137420 0
133297 2
135304 0
137421 0
133100 2
133093 2
131319 0
169289 0
127977 0
132677 0
148142 0
135974 0
132839 1
181306 0
133669 2
114837 0
132136 1
133951 2
135710 0
130582 0
133088 2
132830 1
133611 1
132080 1
131953 2
133610 2
133188 2
133171 2
133015 0
133868 0
133866 0
133427 1
133675 2
139214 0
133664 2
163967 0
132020 1
138970 0
133941 2
133312 0
133891 0
132019 1
140098 0
133044 0
018134 2
129018 2
140477 0
129054 2
134989 0
132017 1
131954 2
003102 0
133365 1
131631 0
002855 1
138468 0
001445 1
133828 0
131615 0
158866 0
131613 0
129059 1
131623 0
133028 0
002894 0
133219 0
131625 0
133598 1
133358 2
097530 0
133684 1
138824 0
134952 0
132952 1
133665 2
007436 0
132938 1
133663 2
133649 2
132910 1
132955 0
132922 0
133389 0
132865 2
132052 1
132860 2
131975 2
142036 0
134095 0
133761 0
141143 0
134024 0
133497 0
132396 0
112757 0
142078 0
145240 0
110310 0
100312 0
131988 2
131970 1
132203 2
132182 2
009742 1
122139 1
132039 2
133899 0
133915 0
122129 1
133901 0
109543 0
122110 1
122059 1
132021 2
001459 0
011838 0
132898 2
007046 0
134275 1
007099 0
132751 1
001109 1
093071 0
117943 0
139093 0
108586 0
108585 0
132685 1
132825 1
108519 0
117555 0
123034 1
009594 0
132858 1
017629 1
129357 1
001887 0
108625 0
108518 0
188534 0
017268 1
128571 1
128620 1
128622 1
128653 1
128655 1
128659 1
087548 0
132670 1
130164 0
043358 0
091686 0
007044 0
146715 0
131605 0
133138 0
018569 2
128720 2
110527 0
107706 0
002488 0
127166 0
115341 0
181041 0
111595 0
132824 1
091693 0
132666 2
129405 1
132807 1
132803 2
132805 2
129429 0
123874 0
123037 0
128652 0
130385 0
010357 0
156534 0
017246 0
134449 0
141911 0
102019 0
133200 1
137070 0
133195 1
005188 0
098692 0
133559 0
066977 0
133621 2
001242 1
135126 0
133585 2
179121 0
133735 2
043123 0
134076 2
137993 0
133581 2
133874 2
133853 2
193105 0
009735 0
122132 0
122131 0
193112 0
133871 1
122021 0
193133 0
122013 0
109011 0
142314 0
134005 1
134003 0
109787 0
146884 0
178071 0
258190 0
133721 1
133661 1
134330 0
002717 0
133746 1
130309 0
261782 0
133283 0
127896 0
133869 0
183839 0
154653 0
216825 0
132176 0
101081 0
131729 0
133841 1
145734 0
133829 1
002772 2
001131 1
133131 0
134108 0
133339 0
125067 0
010253 0
094074 0
261991 0
100794 0
138307 0
091636 0
041786 0
091449 0
001580 1
131640 0
100266 0
180609 0
102198 0
133753 0
110963 0
140288 0
244652 0
009029 0
094454 0
148183 0
109530 0
127799 1
138037 0
071418 0
108060 0
134915 0
017250 0
002845 0
006188 0
132037 0
133674 0
098962 0
181910 0
130722 0
158368 0
133556 1
001744 0
133555 1
133552 1
133400 0
001278 0
133309 0
097699 0
017688 0
133835 0
043885 0
112622 0
133432 0
110473 0
127107 0
001240 1
133582 1
113106 0
092125 0
133348 1
150008 0
028378 0
007671 0
099196 0
014865 0
132771 1
001135 0
231334 0
146481 0
108996 0
092764 0
132407 1
141668 0
001600 0
133108 0
124121 0
112385 0
131843 0
179120 0
002770 0
234370 0
118398 0
144352 0
043291 0
159847 0
001062 1
001919 0
133347 0
080354 0
112570 0
131956 0
137780 0
131733 0
132018 0
133586 0
079272 0
112546 0
139375 1
123876 0
157959 0
018215 1
191891 0
017301 0
133694 0
129751 0
117272 1
274731 0
