211696 2
005575 2
120164 2
211748 2
181304 2
120154 2
211698 2
009042 2
005599 2
120194 2
119786 2
118709 0
118707 1
004581 1
118783 1
118647 1
118284 2
005498 1
120080 1
119613 2
011488 2
122751 2
005834 2
120455 2
119844 2
005371 2
119895 2
118385 2
120450 2
121363 1
120830 1
007949 1
121364 1
004703 1
118941 1
005309 2
119806 2
118940 0
126011 1
120130 1
005130 1
119537 1
137977 1
004212 2
118312 2
119361 1
004732 1
118990 1
014706 1
126010 1
120139 1
007942 2
121356 2
120142 1
053397 0
004575 1
118779 1
118285 2
118874 2
120140 1
009083 1
004783 1
119058 1
119032 1
120865 1
120156 1
004676 2
118896 2
120449 2
011924 1
005589 2
120180 2
130121 0
004994 1
119362 1
017892 0
258283 1
120031 1
142570 1
004682 2
118908 2
120959 1
142011 1
005132 2
119543 2
123931 1
004794 2
119072 2
126332 0
120960 1
010509 1
138972 2
212613 1
053371 0
277046 0
120032 1
005467 1
120033 1
004677 2
118897 2
120962 1
122760 1
119136 2
119145 2
118392 2
118878 2
120963 1
004271 2
118408 2
014845 2
125872 2
019655 0
120968 1
120969 1
018221 0
009959 1
119626 1
172992 0
007481 1
120971 1
122761 1
005177 1
119618 1
181348 0
119193 1
118938 1
002494 1
118298 2
130275 1
044988 0
130110 0
072062 0
072440 0
072743 0
073006 0
073266 0
073522 0
073784 0
074041 0
074301 0
105235 0
105613 0
105916 0
106179 0
122764 1
133397 1
122769 1
133396 1
133391 1
118395 2
011550 1
122772 1
118393 2
133473 1
133481 1
119652 1
011676 1
004270 2
118407 2
119651 1
005250 1
119719 1
015050 2
125674 2
118397 2
118398 2
119071 2
119963 2
130964 1
005227 1
119678 1
004273 1
118414 1
131017 1
005340 1
119848 1
129062 1
011697 1
014967 2
125763 2
128440 1
131009 1
004531 1
118743 1
004323 1
118445 1
237275 1
147869 1
011763 1
131008 1
004863 2
119154 2
118428 1
129996 1
240277 1
119081 1
005214 1
119661 1
118751 1
240376 1
118748 2
118755 1
009549 1
118412 1
118589 1
144749 1
005583 1
120173 1
120172 1
119132 2
237753 1
144716 1
144778 1
172766 1
005588 1
120179 1
285468 1
172765 1
004321 1
118443 1
147217 1
118597 1
119649 1
144892 1
119177 0
005180 1
119622 1
119178 2
125764 2
005262 2
119732 2
010276 1
122605 1
015180 1
125565 1
285461 1
163863 1
004897 1
119232 1
011850 1
163859 1
004818 1
119096 1
004909 1
119259 1
124969 1
065690 0
123554 1
237672 1
004877 2
119181 2
065684 1
004422 1
118581 1
011958 1
122873 1
123232 2
004896 1
119231 1
124964 1
120946 1
091132 0
120949 1
012313 0
069684 0
102857 0
125865 2
163843 1
119217 1
098876 0
004417 1
118574 1
069682 0
102855 0
006915 1
120529 1
011774 0
098859 0
124241 0
151208 1
001030 0
222331 1
151196 1
004727 2
118988 2
008542 1
012521 0
009072 1
121579 1
121305 1
005499 1
120081 1
120075 1
012508 1
131314 1
028651 0
007353 1
120888 1
007894 1
121318 1
145646 1
111720 1
111721 1
111224 0
118899 1
111712 1
069681 0
102854 0
118932 0
118904 1
069680 0
102853 0
111226 1
004532 0
118746 0
087372 0
118572 1
251045 1
007813 1
121229 1
122012 0
004503 1
118702 1
130855 2
100716 0
124755 1
008941 1
069674 0
102847 0
069679 0
102852 0
222433 1
015294 0
125441 0
036450 0
176031 0
140682 1
119576 1
118105 0
087316 0
140690 1
118526 1
121575 1
009668 0
122088 0
008024 1
121425 1
131384 0
009012 1
121533 1
069678 0
102851 0
004331 2
118452 2
101966 1
091140 0
098963 0
064811 1
116549 0
124532 1
120051 0
043716 0
043740 0
001766 2
251044 1
017188 1
131872 1
117918 0
120169 0
118502 0
131376 0
140711 1
118898 1
108054 0
012102 1
122895 1
012509 0
007556 1
121047 1
149927 1
123526 0
114806 0
255483 1
117184 0
009011 1
121531 1
011740 1
123525 1
114765 0
176028 0
011739 1
119572 1
127261 0
010102 1
122404 1
007337 1
120872 1
034410 0
062059 1
100853 1
055703 0
118273 2
092943 0
007511 0
152934 0
135556 0
097624 0
018264 1
128927 1
125281 1
131312 0
011974 1
124919 1
004991 1
119357 1
007145 0
120717 0
123708 1
135559 0
120713 1
184751 1
124743 1
155830 1
121900 1
007503 1
120993 1
055627 0
036470 1
118498 0
120537 1
078308 0
119542 0
131743 1
036456 0
179808 1
118976 1
117903 0
087388 0
112892 2
028580 1
007081 1
120677 1
012037 0
117131 0
123635 1
011978 0
122876 0
005794 1
120404 1
115079 1
132773 1
125280 1
120958 1
120703 1
111918 0
120065 1
155794 0
285288 0
152937 0
117985 0
102002 0
004849 2
119131 2
118735 1
126300 1
004607 1
118809 1
080201 0
126306 1
117130 0
146774 1
014848 2
125868 2
011343 1
007438 0
009808 0
119935 2
117112 0
152938 0
119631 0
130492 0
155799 0
118987 2
051330 0
149390 1
052067 0
123848 2
004942 1
119293 1
054426 1
011487 1
120336 0
118500 0
119491 1
179748 1
091654 0
101238 0
031225 0
015468 1
125279 1
112884 2
117058 0
116080 0
100852 1
285287 1
220747 1
220753 0
034679 1
001063 2
123973 1
007227 1
120784 1
009561 1
122010 1
179744 1
285207 1
116189 0
006928 1
120542 1
124663 0
004349 0
118483 0
010012 1
088688 1
029646 0
127093 1
125950 1
090705 0
045526 0
285294 0
285303 0
169408 0
169409 0
119414 0
089860 0
122400 0
005790 1
120399 1
285313 0
005135 0
120077 2
005497 2
120078 2
009747 1
122143 1
123642 1
123641 1
118501 2
004725 1
118984 1
123970 1
123965 1
118409 2
009054 0
121559 0
123972 1
012464 1
122984 1
100609 1
101974 0
004500 1
118699 1
132770 2
132767 2
008003 1
121411 1
009342 1
121812 1
119107 1
009903 1
122246 1
112830 2
004525 1
014782 1
125948 1
001586 2
005236 1
119691 1
004865 1
119157 1
004275 2
118418 2
118799 1
146471 1
088687 0
009010 1
121530 1
146476 1
009601 1
165129 1
112845 2
144800 1
028603 0
148818 0
013988 1
144627 0
121556 1
015404 1
125335 1
125194 1
147994 1
004951 1
119305 1
165130 1
144652 0
146451 1
018451 1
128794 1
121896 1
149585 1
147978 1
149471 1
115078 1
252924 1
004514 1
118719 1
001429 1
148808 0
144327 0
004707 1
118950 1
121909 1
147989 1
077918 0
137865 1
109740 1
014020 1
011091 0
144341 0
144625 0
118983 1
127851 0
118778 1
100257 0
137264 0
144374 0
144379 0
011894 0
077923 0
009050 1
121555 1
118955 1
124222 1
058346 0
007344 0
120878 0
028627 0
005606 1
120207 1
118948 1
147494 1
077917 0
144780 1
121554 1
137798 1
128157 0
028632 0
005477 1
120041 1
001681 2
121524 1
005570 1
120158 1
253238 1
141483 0
118961 1
088677 0
124204 1
036468 1
167652 0
012163 0
252893 1
139559 1
120268 0
109774 1
253486 1
253266 1
006338 1
236867 1
123470 1
009005 0
121525 0
127053 1
123493 1
244982 0
007980 0
121384 0
115001 1
139561 1
253239 0
118965 1
011916 0
132778 1
115305 1
253585 1
058369 1
108297 1
244983 0
011991 1
253434 1
118787 1
027344 1
007182 0
120750 0
244997 0
008329 0
289915 1
077940 1
136612 1
119116 2
088442 1
108793 1
005637 1
120241 1
124237 0
120525 1
009049 1
244963 0
153083 1
007031 1
120635 1
167221 0
167222 0
090298 0
244969 0
126005 0
124359 0
243132 1
235759 1
015388 1
124611 1
167740 0
011709 1
114994 1
128370 1
253451 1
244968 0
124916 1
009780 1
122175 1
011269 1
090384 0
032125 1
077954 1
079472 1
125487 1
046042 1
176788 0
118698 1
134106 1
139617 1
133260 1
140933 0
017220 0
129658 0
123503 1
118386 1
086550 0
148263 0
119013 1
090264 0
111062 0
086549 0
123496 1
094934 1
120694 1
004385 1
118522 1
127893 0
150078 0
014738 0
125969 0
139540 1
136621 1
115317 0
249502 1
041660 1
046043 1
118657 1
124310 1
009150 0
121642 0
147205 0
054367 1
058387 1
020169 1
126008 0
175297 0
054476 0
091265 1
127188 1
032127 1
005251 0
119722 0
123524 1
133698 1
011845 1
134942 0
136938 0
122475 0
133042 0
001903 1
006653 1
133261 0
127953 0
124264 1
130861 2
082583 1
012438 0
122979 1
088436 1
042208 1
125595 0
004594 0
118792 0
111510 1
010175 0
122473 0
086588 0
145726 1
122206 0
122471 0
124881 1
148632 0
199249 0
278048 1
145583 1
056144 1
004624 1
118826 1
056058 1
085622 0
125693 0
082582 0
136567 1
259688 1
009654 0
122075 0
139020 1
127839 0
127204 1
168155 1
039077 1
059319 1
123150 1
062099 1
009612 1
059324 1
038806 1
038807 0
108402 1
124403 1
124478 0
124485 1
009562 1
122011 1
198483 0
204137 0
157130 1
088424 1
128168 2
005285 0
077957 1
015158 0
125579 0
147126 0
235639 1
258985 0
286169 0
120422 1
009660 0
122079 0
145772 0
125716 0
015166 1
088369 1
147122 0
155689 1
139018 1
058463 1
124995 1
121516 0
125703 0
020171 1
118816 0
124036 1
109519 2
011904 1
122861 1
095515 0
289914 1
097488 0
122202 0
123146 1
249592 1
167213 0
133706 1
167141 0
141604 0
141340 0
125187 1
004752 1
119024 1
238615 1
062097 0
145247 0
198955 1
006845 1
120486 1
123242 1
140959 1
058929 0
111541 0
124261 1
145706 0
046273 1
123599 1
133039 0
007347 0
120880 0
120472 0
145679 1
088225 1
008039 1
121433 1
014987 1
125741 1
145286 1
264478 1
058416 1
134516 0
198958 1
005383 1
119914 1
123036 1
119008 1
086675 1
173379 0
090229 0
090231 0
002992 1
108253 1
140948 1
012516 0
122992 0
125175 1
131474 0
122710 0
041866 0
004263 1
118399 1
086337 1
004428 1
118605 1
096939 1
175334 1
042213 1
145696 0
124233 0
118175 1
140956 1
122052 1
011477 0
005818 1
120433 1
090242 0
124726 0
062102 0
124226 0
111197 0
006411 0
007387 0
120910 0
137097 1
010452 1
137113 1
140890 0
059888 0
109108 1
033110 0
111665 1
140289 1
175355 1
020193 1
131873 1
086362 1
238679 1
117171 1
013765 1
121640 0
010385 1
009829 0
122207 0
145220 1
262123 0
086129 1
167878 1
268617 0
268644 0
268758 0
138530 0
096914 1
109032 1
170190 0
170191 0
009505 0
121972 0
062173 1
243791 1
125975 0
011939 0
122872 0
007930 0
108286 1
115476 0
120421 1
124994 0
135283 1
135298 1
136328 1
135637 1
094929 0
264482 1
135649 1
136338 1
135321 1
123585 1
119019 1
136346 1
271953 1
118115 1
123282 1
012128 1
271954 1
005261 1
119731 1
124854 1
271956 1
051815 0
051824 1
124819 1
239387 1
124880 1
118967 1
015264 1
125472 1
051762 0
127189 1
051848 0
008472 1
120326 1
143821 1
123654 1
051901 0
001036 1
116622 0
146509 1
128246 1
051908 1
167938 1
167939 1
118797 0
123656 1
108289 1
007429 1
120942 1
147587 1
108393 1
108368 1
243929 1
147607 1
141013 1
063325 0
005737 1
120350 1
192942 0
005260 1
119730 1
231149 0
171456 0
243012 0
243518 1
243604 1
042334 1
231129 0
075781 0
131101 2
001184 1
115409 0
112757 0
062183 0
063327 0
141017 1
189492 1
011941 1
017366 1
198953 0
077576 0
124182 1
165183 0
284603 1
132542 0
090210 1
141906 0
198961 0
189449 1
170195 0
171403 0
146834 0
075874 0
192007 0
284604 1
231151 0
141018 1
243562 1
090061 1
124034 1
142251 1
142556 1
176774 1
142562 1
000713 0
129063 0
133008 0
131021 2
243979 0
149654 1
109462 1
259690 1
010303 1
109186 1
243981 0
142488 1
264813 0
164021 1
164027 1
132981 0
109568 1
000843 0
128239 0
191654 1
259692 1
018075 0
129060 0
133010 0
197183 0
099113 1
231082 1
231123 1
143409 1
244017 0
133085 1
128247 0
208366 0
209230 0
076099 1
278128 1
120181 1
155679 0
099142 1
147687 0
007558 0
121049 0
027296 1
159353 1
126789 1
125141 0
141695 0
133009 0
197172 0
234409 0
164023 1
260343 0
060447 1
005590 1
120183 1
121044 0
141201 0
287757 0
141200 1
131296 0
141586 0
142166 1
011964 1
145045 0
114208 0
101066 0
127178 1
122853 1
008934 0
225993 0
076059 1
142287 1
159634 1
076009 1
259677 1
159576 1
159472 1
159474 0
259671 1
259673 1
272768 0
272755 0
000752 0
046437 0
082068 0
162456 1
124745 1
043489 0
010379 1
140895 1
168809 0
140899 1
043480 0
253308 0
066960 1
175738 0
052279 1
209602 0
097016 1
023054 0
177778 1
150020 1
091576 0
004720 1
118979 1
177693 1
005831 1
120452 1
002015 1
169000 0
169001 0
096498 0
177525 1
066958 1
110820 0
209349 0
095631 1
177509 1
177515 1
043446 0
032178 1
066968 1
135127 0
191680 0
068467 0
077321 0
162452 1
110805 0
124767 1
132862 1
082079 0
125417 1
015269 1
125469 1
124771 1
075650 1
079483 0
011830 1
034641 1
082074 0
255452 0
234067 1
134664 1
120040 1
176256 0
193345 1
145581 0
132116 1
005200 1
119648 1
136554 1
096553 0
120442 1
132210 1
227248 0
176138 0
096659 0
096618 0
118327 0
043744 0
119633 1
004859 1
119150 1
271635 0
028011 0
015318 1
125415 1
126170 1
155826 1
155834 1
176083 0
230053 0
165230 1
145678 1
153953 1
255475 0
228422 1
095190 0
187164 0
276334 1
119149 0
005815 1
120431 1
004469 0
118670 0
153013 1
235017 0
234020 0
120441 1
132226 1
150022 0
127312 1
121808 0
046366 0
197538 1
126348 1
158218 1
124975 0
165220 1
007153 1
120721 1
276311 1
005832 1
120453 1
135200 1
170607 1
120704 1
126191 1
011751 0
224721 0
000910 1
237143 0
174437 0
117441 0
186868 0
135323 0
234024 0
112198 1
010221 0
122541 0
018499 1
095285 0
202019 0
241646 0
015594 1
199477 0
079428 0
149706 1
133594 1
034587 0
125362 1
125348 1
125346 1
015389 1
125345 1
119646 1
007085 0
120443 1
009206 1
120444 1
276258 1
000029 0
276313 1
153986 0
132864 1
120423 1
161499 1
132861 1
009243 1
121719 1
161498 1
174487 0
111824 1
174501 0
112153 0
174450 1
201299 1
126915 0
158211 1
174543 0
111800 0
126365 1
186279 1
166046 0
158208 1
126412 0
126811 1
126911 0
162170 1
126755 0
008471 0
288492 1
197375 1
043676 0
162355 1
011346 1
224948 1
182867 1
197368 1
165248 0
002004 1
175646 0
222309 0
149655 0
000065 1
067908 1
182710 1
258929 0
149657 1
015335 1
125402 1
126659 1
265436 1
175615 0
015607 0
288462 1
134253 0
006807 1
280013 1
182768 1
015412 1
125326 1
162689 0
015612 1
191565 1
002007 0
258977 0
007990 1
121396 1
165292 0
009204 1
004432 1
118612 1
162682 0
140902 1
189373 1
144221 0
175627 0
000863 1
004982 0
119343 0
149750 1
191572 1
015332 1
125405 1
191355 0
191099 0
067168 0
125403 1
121095 0
239051 1
239052 1
239039 1
254593 0
186142 1
183056 1
125193 0
067134 0
074799 1
027889 0
127226 0
012148 0
212914 1
148588 1
157800 0
276696 1
190064 1
095630 0
115142 1
157763 0
157767 0
239010 1
012273 1
176654 1
230245 1
075977 0
015577 1
031664 1
113360 1
223272 1
000008 1
057891 1
000812 1
157799 0
197387 0
058008 0
078934 0
191570 1
144043 1
011893 0
130627 1
141363 0
046441 0
147337 0
074426 1
107599 1
184793 1
078667 0
182848 1
280020 1
221534 1
242712 0
178175 1
186859 0
163288 1
078645 0
242843 0
125072 1
182989 1
239361 1
166913 1
009242 1
121718 1
004617 1
118818 1
008369 1
149189 0
074735 0
161550 0
161551 0
242420 0
123824 1
015500 1
125255 1
163321 0
009838 1
122215 1
149656 0
121383 1
125207 0
166167 1
007661 1
121115 1
078676 0
224907 1
224908 1
059466 1
123711 1
265395 1
126501 0
009001 1
121518 1
007005 1
177604 1
195202 1
078924 0
125209 0
186807 1
143498 1
012160 0
123801 1
194236 1
225169 1
289288 1
027892 0
239362 1
018383 0
058097 1
190113 1
166068 1
014904 1
125821 1
166256 1
157726 0
244210 1
288491 1
289290 1
019688 0
221535 1
086672 1
119312 0
153585 1
242725 0
230204 1
244183 1
143456 1
175635 1
163215 0
115163 1
007342 0
120877 0
126388 0
157562 1
027545 1
254565 1
233804 0
114585 0
109221 1
018520 1
152936 1
148079 1
124867 0
262969 1
197367 0
125414 1
029491 1
152754 1
221167 0
194282 0
216021 0
225166 1
197334 1
221435 0
140542 0
121221 0
124864 0
230912 1
024094 1
218897 0
144037 0
110024 1
145947 1
145954 0
243760 0
000522 1
017897 0
148795 1
068881 0
244220 1
004858 1
119148 1
058120 1
152763 1
141844 1
125901 1
123020 0
004816 1
119095 1
175259 1
128793 0
260616 0
001926 0
174037 0
238990 1
030303 0
064004 1
068878 0
068887 0
133837 1
227207 1
036299 0
255910 0
183055 1
197382 0
112894 0
014901 0
125823 0
227249 0
114580 0
183053 1
015319 1
125413 1
289306 1
289305 1
224870 0
289326 1
190112 1
183045 1
227221 1
086361 1
086303 1
227213 1
072277 1
105450 1
227224 1
118730 1
230921 1
016613 1
262796 1
178442 1
222713 1
265415 1
030002 1
018081 1
262808 1
177608 0
163861 0
233308 0
186805 0
085898 1
017818 1
085976 1
262807 1
109081 1
186801 0
195246 1
141785 1
257558 1
257555 1
031677 0
018250 1
116614 0
116621 0
133799 1
141790 1
027546 1
133833 1
125889 1
133787 1
000113 0
186800 0
009078 1
121586 1
186790 1
280004 0
037088 1
145651 0
197296 1
124904 0
123262 1
130684 1
233294 1
222652 1
123264 1
169886 0
135206 1
108946 0
223478 1
257570 1
115485 0
152880 1
187639 0
169936 0
000115 0
124906 0
240809 0
223487 1
130820 0
130828 1
034543 1
119133 1
177155 1
194205 0
240821 0
182121 1
089654 1
133572 0
240783 0
024458 0
232577 0
222988 1
222106 1
164127 1
164124 1
191172 1
124903 0
124907 0
223476 1
009965 1
122296 1
187131 0
146027 0
024475 0
121340 1
137443 1
109132 1
223458 1
183274 1
109167 1
125125 1
161522 1
147616 0
096417 1
145839 0
004462 0
118658 0
011293 0
095319 0
124885 0
146161 0
151366 1
000342 1
038504 1
142207 1
121234 0
102034 0
122295 1
015225 0
125519 0
033906 0
145835 1
145246 1
011985 1
257387 1
125521 0
276457 1
211560 1
089628 1
260444 1
128610 1
168987 0
124693 1
186041 1
064110 0
037944 1
064984 0
194012 1
241298 1
089596 0
155486 1
061348 0
026544 0
155482 1
001427 0
026464 0
257444 1
257445 1
155967 1
223253 1
137428 0
037997 0
146985 0
169029 0
095442 0
182137 1
010179 0
122487 0
280002 0
260381 1
147615 0
164241 0
125063 0
257332 0
260412 1
194019 1
257571 1
195537 1
125104 1
241155 1
145223 1
034562 1
195940 1
089567 0
155928 1
263904 1
155959 1
121339 1
134894 1
142765 1
125126 1
211532 0
183280 0
142199 1
211444 0
143038 0
260198 1
211455 0
204353 0
204364 0
155929 0
194680 1
278964 1
161546 1
161549 1
157279 1
157280 1
121317 1
008159 1
256383 0
256379 0
223832 0
230447 1
197426 0
263999 0
151307 0
151403 0
230446 1
223426 1
223427 1
121314 1
198485 1
200342 1
010235 0
122570 0
152221 1
152222 1
190348 0
257524 0
195553 1
257946 1
005469 1
120037 1
257522 0
158314 0
193466 1
011181 0
000420 1
260122 0
155953 0
010568 0
205342 0
199928 1
260153 0
205341 0
205349 0
156004 1
128469 1
156008 1
051805 1
018803 1
158322 0
000873 1
142932 0
257945 0
151864 1
194676 1
001493 0
018256 1
128935 1
163384 0
086490 1
220078 1
121577 0
264476 1
182221 1
090438 0
009071 0
121578 0
285671 0
140722 0
288037 1
010217 0
122537 0
177843 1
108329 1
230978 0
227239 1
016434 0
001087 1
190039 1
123548 1
177541 0
070164 1
103337 1
064553 1
264465 1
127627 1
288039 1
005091 0
119497 0
163417 0
076800 0
005415 1
119972 1
113401 0
288376 0
219947 1
128611 1
278213 0
111932 0
283439 0
040325 1
197385 0
197388 0
288344 0
195554 1
008536 0
125002 1
128860 0
129424 1
260713 0
230435 0
219949 0
264602 1
264600 1
223267 1
264194 1
182247 1
017507 1
129423 1
264182 0
119971 1
051806 1
129435 1
190050 1
007339 1
120874 1
051828 1
119961 1
123547 1
120036 0
265833 1
128125 1
265558 1
127595 0
127398 0
071433 1
104606 1
127626 0
125001 0
177845 1
001564 1
175217 1
266816 0
015465 1
125282 1
179101 1
257817 1
139601 0
108164 0
257807 1
127629 0
128477 0
014143 1
139575 0
261719 0
071428 1
104601 1
064833 0
196958 1
125297 1
261722 0
036798 1
144645 0
141765 0
197154 0
046174 1
145611 0
045667 0
045660 0
260304 0
113942 1
123890 0
179105 1
113936 1
046107 1
179110 1
070528 0
103701 0
070474 0
103646 0
220313 1
119365 0
001231 1
007817 1
121233 1
007792 1
290080 0
060633 0
005014 0
119393 0
075571 0
060619 0
088302 1
227831 0
080015 0
017429 1
163563 0
128703 0
169090 1
075353 1
164948 0
017378 0
075338 1
005092 1
176119 1
071969 0
072347 0
072650 0
072913 0
176165 1
176176 0
034781 1
034810 1
000411 1
191274 0
016375 1
004433 0
139016 1
067675 1
130095 1
174836 1
113434 0
015128 1
125611 1
194679 0
015307 1
125426 1
188784 0
067123 1
138961 1
018619 0
128697 0
035934 0
021994 0
148563 1
174848 2
227560 1
016345 1
148604 1
149949 1
150010 1
150048 1
150069 1
150086 1
006893 1
007032 1
007348 1
120526 1
120636 1
120881 1
289481 0
000521 0
116474 1
018735 1
195541 1
155349 0
067142 1
000076 1
200804 1
001197 0
275937 0
128070 0
163350 0
120668 0
037432 1
289471 0
195934 1
200799 1
077233 1
216206 0
215358 0
109429 0
179432 0
127656 1
191533 0
032527 0
179433 0
070655 0
103828 0
192636 1
139019 0
125427 1
127652 1
116657 1
116654 1
116328 0
116329 0
077257 1
116302 1
200727 1
227441 1
125620 0
180843 1
199905 1
125613 0
124774 1
118942 0
131288 0
000260 0
180678 1
095742 1
180888 1
180841 1
080518 1
180487 1
119601 0
180472 1
180478 1
199898 1
124060 0
192947 0
007224 1
111273 0
037087 0
200783 0
109225 1
158077 1
025957 1
193000 0
089745 0
195557 0
200805 0
148008 0
200802 0
225621 1
153584 0
004216 0
118316 0
227561 1
134270 0
180683 1
025942 1
109224 1
095852 1
095738 1
080510 0
095886 1
095645 1
095617 1
124765 0
124749 0
254571 1
124746 0
002306 1
009603 0
006525 1
143507 1
004370 1
126612 1
112148 1
081188 1
065180 1
276833 0
231124 0
060984 0
151494 1
060940 1
220529 0
081437 1
148593 0
079754 0
069502 0
102675 0
225613 0
168040 0
159480 0
124979 1
000010 1
131478 0
031274 0
159481 0
065161 1
238899 0
004634 1
118839 1
179849 1
032115 1
005077 0
119479 0
224647 0
111027 0
118836 1
032110 1
118819 1
060896 1
118741 0
060945 1
126598 0
078764 0
130284 1
027337 0
098388 1
028648 0
108462 1
000134 0
154628 1
001806 0
148730 1
108448 1
011768 1
286744 1
154647 1
155314 1
119391 0
028618 0
097801 1
100415 1
015305 1
125429 1
125430 1
030253 0
153363 1
063307 0
027047 0
030252 0
077942 1
055155 0
253225 0
012548 0
157075 0
017413 0
005650 0
120257 0
007285 0
171672 1
080076 0
077934 1
005017 0
154694 1
077914 1
286741 1
078849 1
152764 1
078830 1
148709 0
098350 1
078787 0
152768 0
084170 0
016221 0
155489 0
052043 1
052048 1
124361 0
159754 1
121150 1
125145 0
097092 1
202439 1
131000 0
131024 0
130353 0
130274 0
166677 1
016433 1
148220 0
130967 0
145765 1
129395 1
129398 1
005299 1
119792 1
138474 0
131025 0
017885 0
199111 0
195666 0
040689 0
195670 0
051989 1
131033 0
116623 1
258005 1
011310 1
185807 1
221711 1
130403 0
287253 1
002288 1
250251 0
114845 0
145450 0
279104 0
280581 1
034581 1
227228 0
130114 1
081667 1
130070 1
145832 0
166669 1
131027 0
148229 0
079758 0
018111 0
129047 0
035231 0
171676 0
000524 0
035232 0
129341 1
129343 1
130076 1
159814 1
130078 1
159863 1
010358 1
122679 1
081603 1
122645 1
147017 1
159937 1
081742 1
119764 0
066157 1
050198 0
168219 1
018013 1
069526 0
102699 0
242872 1
145865 1
091542 0
219869 1
065178 1
026133 1
258002 1
052276 1
219867 1
132802 1
084156 0
064500 0
132732 1
074622 1
100059 1
135675 0
227250 0
220160 1
011888 0
060443 1
219831 1
091546 0
273061 1
080813 1
006083 1
168484 0
219845 0
145851 1
032833 0
004930 0
119286 0
055254 1
130186 0
153087 0
155789 1
155790 1
199964 1
221790 0
255378 1
259168 0
259723 1
163385 1
118442 0
165583 0
053122 0
017924 1
111808 1
223941 0
000582 1
121906 0
255383 1
255384 1
195133 1
032114 0
182698 1
222371 1
007178 1
120744 1
134051 0
017912 1
027685 0
244933 0
244931 0
258849 0
194471 0
241303 0
145268 0
161485 0
120514 0
123754 0
147650 1
013133 0
145619 0
012294 0
255385 1
256784 1
257575 1
132746 1
007061 0
120659 0
255327 0
145892 1
273065 0
199955 1
219799 0
163420 1
255331 0
259724 1
006102 1
111100 0
060341 1
195121 1
017997 1
222449 0
183095 0
029979 1
085029 0
147362 0
028099 0
182147 1
180613 1
288783 1
255332 0
288765 1
141220 0
255288 0
139059 0
006926 0
120535 0
025951 0
227155 0
182666 1
285856 0
014824 1
125892 1
160401 0
110859 0
125920 1
182670 1
182700 0
000675 1
182733 0
256713 0
152986 0
130046 1
011501 1
152106 1
030197 0
250310 0
152111 1
018774 1
150167 0
082462 0
090393 0
051987 0
132867 1
042558 0
080017 0
097185 1
121176 0
120693 0
007585 1
121069 1
097186 1
009786 1
087311 0
017728 0
129294 0
016545 0
148977 0
027360 0
132818 1
199322 1
199325 1
200050 1
017753 1
087539 0
077654 1
070071 1
103244 1
064745 0
178576 1
023900 0
150003 0
018496 0
060372 0
023901 0
143000 1
257298 0
060702 1
017218 1
129659 1
161783 0
231842 0
285574 1
282401 0
017582 0
109556 0
064718 0
170196 0
260184 0
285563 1
060697 1
142603 0
191703 0
074672 0
060753 0
018165 1
116174 0
109920 0
076273 1
159860 1
090372 0
159869 1
076917 1
159911 0
076913 1
004696 1
159914 0
160869 0
131755 1
150143 1
015387 0
000578 1
178600 0
085861 1
278406 1
008645 0
155795 1
148726 0
066890 0
079441 0
085872 0
112106 0
074626 0
126362 0
017862 0
129200 0
193445 0
131750 1
131740 1
278408 0
150096 1
130523 1
140759 0
097420 0
000575 1
006577 0
130117 1
130528 1
123724 1
139595 0
127372 0
147375 0
230415 0
006307 0
050196 0
164144 0
185338 1
160529 0
185411 1
185414 1
004572 0
118777 0
075014 0
001011 0
009858 0
169252 0
009008 0
051802 1
108153 0
051798 0
143085 0
081593 0
155665 0
193903 0
286936 1
220589 0
286954 1
090647 0
062093 0
275235 0
085528 1
085485 1
085484 1
062582 0
085615 1
085598 1
085745 1
085781 0
007341 1
120876 1
082736 1
133172 0
150085 0
002755 1
076007 0
108279 0
202452 0
108228 0
014575 0
121004 0
229909 1
075393 1
078872 1
060289 0
017380 0
129527 0
129531 0
159269 0
280886 0
185853 1
018120 1
129031 1
007335 0
120869 0
017932 1
231117 1
002600 1
002593 1
082703 0
254039 1
254025 1
007983 0
121387 0
212835 0
256682 0
231315 0
004431 0
118611 0
129030 1
277287 1
123440 0
221842 0
076038 0
152168 0
070261 0
103434 0
018119 1
037797 0
066644 0
141927 0
170197 1
126805 0
162838 1
170166 0
203148 0
154722 1
100312 0
154743 1
125229 0
154774 1
154779 1
176837 1
078186 0
227975 0
176839 1
176844 0
159684 1
180380 0
273117 1
129750 0
119254 0
180383 0
075962 1
160870 0
079536 1
101840 0
086147 0
266253 0
081120 0
259964 1
140116 1
004339 0
118469 0
076696 0
069528 0
075959 0
259971 1
140066 1
140067 1
008705 1
140437 0
146849 0
064351 0
089884 0
241813 0
145085 0
035258 0
186917 0
005833 0
060615 0
174920 0
231560 0
148136 1
169724 0
157398 0
150223 1
150215 1
130819 0
184689 1
154833 1
052046 1
154859 1
258711 0
051988 1
157980 1
157994 1
157937 1
157966 1
035815 1
188924 1
176838 1
136521 0
152881 0
279672 0
130341 1
126591 0
258292 0
258631 0
178042 0
018603 1
128706 1
164145 0
004411 0
118569 0
258285 0
264155 0
027362 1
064915 1
025092 1
185794 0
051949 1
111315 0
258671 0
007672 0
065078 1
065085 1
064909 1
188929 0
064795 0
188925 0
065158 1
065173 0
168218 1
035837 1
176848 0
064695 1
151317 0
065172 0
155675 0
055534 0
028965 0
028963 0
108557 1
142563 0
108333 0
077976 1
270928 1
125180 1
036465 0
000611 1
108555 0
038636 1
196667 1
152346 0
196660 1
285360 0
287586 0
043409 0
043419 0
126881 1
237505 0
147502 0
150887 0
231987 0
182586 0
129529 0
129664 0
084931 1
006583 0
087526 0
155801 0
080237 0
162025 0
006892 0
015235 0
082118 1
169507 0
124251 0
275796 0
135511 0
023732 1
023592 0
034651 1
151981 0
032938 1
262129 0
033334 0
023591 1
124045 1
237907 1
140155 0
237901 1
237915 1
237916 1
239386 0
124079 0
124126 0
017531 1
157017 0
076742 0
170176 0
081579 0
001141 1
035994 0
071035 0
104208 0
050794 0
150191 0
080618 0
005372 0
065638 1
031760 1
101911 1
007678 0
131586 0
144885 1
010218 1
170878 1
225856 1
001018 0
225815 1
175520 1
226009 1
226015 1
147153 1
066832 0
170806 0
136308 1
012104 0
099593 0
018095 0
083151 0
030839 0
051646 0
109762 0
074539 1
228382 0
062665 0
124027 0
123869 0
009161 0
121652 0
136236 1
147146 1
136508 0
225708 0
074531 0
147955 0
264395 0
028065 0
194401 0
169430 1
162713 0
169449 0
163566 1
163634 0
146608 1
143976 1
156311 0
164794 0
257934 1
225705 0
257930 0
163553 0
101665 0
152943 1
009431 0
155806 0
275985 0
000306 0
095479 1
169733 1
289258 0
094183 0
169736 1
169800 0
157935 0
169801 1
149795 0
094121 0
169825 0
185745 0
079225 0
118929 0
004601 0
007512 0
124740 1
079681 1
041480 0
079459 1
012656 1
079438 0
079686 0
079458 0
136552 0
071136 0
171187 0
193848 0
131301 0
017309 0
141231 0
059042 0
068459 0
012014 0
124056 0
014313 1
176638 0
127535 0
059437 1
111946 0
164793 1
161841 0
012694 1
140898 0
129980 0
108800 0
101415 0
066419 0
278215 0
026754 1
174535 0
097645 0
203840 0
018513 0
120214 0
180659 0
145780 1
186778 0
141336 0
160980 0
048544 0
172251 1
202675 0
202226 0
068792 0
046453 1
145837 0
131217 0
075394 0
146159 0
009009 0
061881 0
192010 0
149800 0
118650 0
155495 0
151725 1
143977 0
241652 1
151705 0
241736 0
078806 1
018585 0
014923 0
025482 0
018174 1
128981 1
078878 0
166552 0
180027 1
011701 1
024095 0
180034 0
168228 0
041219 0
124287 1
123590 0
124378 1
179181 0
019682 0
012980 1
037821 1
037802 1
012468 1
088433 0
287406 0
014785 1
125944 1
037860 1
097208 1
003753 1
070178 1
103351 1
097380 1
090513 0
212060 0
038925 1
045499 0
037906 1
028547 0
157344 0
227265 0
254196 1
037928 0
154598 0
252410 1
037801 1
057926 0
157403 0
097128 1
215450 0
037815 1
139068 0
150403 0
177805 0
064380 1
007041 0
068151 0
037888 1
070344 1
103517 1
070302 1
103475 1
097207 1
070265 1
103438 1
071168 0
104341 0
071049 0
104222 0
071050 0
104223 0
071042 0
104215 0
011649 0
041036 0
052085 0
069173 0
183627 0
005190 0
079028 0
066784 0
009864 1
064406 0
038535 0
186860 0
284585 0
135409 0
232876 0
112140 0
250921 0
009941 0
148264 0
148001 0
243078 0
015304 0
261576 0
005199 0
227893 1
005219 1
163558 0
227885 1
114945 0
243379 1
240938 1
118795 0
243372 1
240013 0
222535 0
012178 0
186265 1
018630 0
186289 0
040307 0
253083 0
037996 0
007431 0
203862 0
011755 0
127444 1
123563 2
274954 0
123564 2
193015 0
113527 0
009735 0
231569 0
077652 1
149959 0
077661 1
164139 0
005572 0
123977 0
100317 0
230268 0
069988 1
103161 1
102701 0
282068 0
175679 0
066533 0
042665 0
062199 1
186866 0
077678 0
111026 0
067971 0
060713 0
011878 0
148580 0
173007 1
173008 1
173022 1
081148 0
173028 1
078165 0
197681 0
086161 1
134361 0
086186 1
078987 0
086248 1
086222 1
007289 0
087318 1
118760 0
228764 0
007132 1
120712 1
018178 0
128976 0
061358 0
007266 1
120811 1
115478 0
042543 0
230645 0
123605 0
120695 1
034478 0
010934 0
065041 0
011655 0
007080 1
120676 1
005826 0
120439 0
120425 0
085824 1
085956 1
044608 1
289511 1
086504 0
044604 1
215199 0
011804 0
140894 0
015111 0
045228 0
289517 1
002870 0
045229 0
286758 1
258552 0
290059 1
155428 0
017495 1
129432 1
277439 0
288546 0
151026 0
051444 1
180070 0
110268 0
221268 0
017867 0
138979 0
020364 0
178132 0
020374 0
134251 0
051329 0
110061 0
155664 0
014065 0
011552 0
253833 0
177410 0
143803 0
269007 0
268813 0
132728 0
045230 0
010294 0
010149 0
205383 0
261478 0
138450 0
141230 0
124560 0
131300 0
058472 1
155788 1
131594 0
201952 0
004633 0
078472 0
180250 0
285467 0
120043 1
283750 0
006712 0
005479 1
158348 0
224327 0
220801 1
092412 0
220434 1
220757 1
220485 1
220756 1
228531 1
140913 0
228592 1
278081 0
228536 0
090561 0
226177 0
197600 1
115463 0
155984 0
198998 1
069472 1
102645 1
152621 0
227058 0
085291 1
061839 0
124250 0
000283 0
253248 0
124540 0
027443 0
264818 0
199002 1
199008 0
168029 0
006803 0
137533 0
079726 1
005079 0
143439 0
019554 0
134240 1
077944 0
134193 0
078390 0
082701 0
260173 0
007744 0
125505 0
135331 0
037148 0
166248 0
102081 0
130463 0
128714 0
100914 0
131610 0
009890 0
047415 0
014219 0
005813 0
265064 0
136536 0
110638 1
075015 0
147677 0
288192 0
151907 0
146691 1
216634 0
118801 0
216604 0
151404 1
096605 1
231303 0
151407 1
096436 0
151370 0
146743 0
167414 2
146821 0
167430 1
167457 1
050374 0
168465 0
263302 1
014042 0
263303 1
005015 0
168388 0
154180 0
281242 0
099525 1
152284 0
099428 1
097793 0
075059 0
145227 0
069632 0
075858 0
082923 0
254653 0
095660 0
051843 0
064095 0
109346 0
018088 0
128060 0
010826 0
018413 0
200385 0
122053 0
145846 0
058740 1
081165 1
143084 0
067434 0
027300 0
059788 0
195294 0
009683 0
063000 0
019430 0
107858 0
123494 0
090665 0
170104 0
150173 0
011340 0
156526 0
116331 0
064361 1
001158 0
272825 0
041955 1
182786 0
041926 1
041891 1
022410 1
032542 0
065194 0
261777 0
012599 2
031426 0
124741 0
009849 0
005683 0
109082 0
168229 0
002136 0
271594 0
124046 0
256380 0
009845 0
011330 0
238909 0
122059 0
115395 0
037059 0
007474 0
004966 1
119329 1
116171 0
119548 0
019079 0
168996 0
075936 0
146475 0
125041 0
061264 0
075058 0
196244 0
230451 1
088395 0
179097 0
221996 0
009451 0
078082 1
226313 0
088472 1
124236 0
088502 1
088477 1
044079 0
113355 0
093779 1
065030 1
125092 0
135059 0
009048 0
014669 0
258491 0
102346 0
195305 0
031515 0
030142 0
004482 0
018437 0
120470 0
127914 0
044676 0
256692 0
101464 0
113692 0
000789 1
138804 0
150144 0
160918 0
062455 1
051485 1
219483 0
044530 0
132485 0
081744 0
215202 1
097799 0
216787 0
018128 0
286330 1
147847 1
194352 0
286476 1
262965 0
050051 0
081113 0
023439 0
126650 0
194469 0
007434 1
120947 1
287360 0
120934 1
014650 0
093907 0
192720 0
225994 0
285601 0
173881 0
162026 0
171009 0
011959 0
040850 0
121000 0
124030 0
161816 0
222828 0
158737 0
288900 0
220752 0
227120 1
044400 0
104309 0
111233 0
038132 0
125254 0
234049 0
217311 0
188331 0
144352 0
007144 1
120716 1
065181 0
183932 0
009783 1
258630 0
141285 0
075268 1
146899 0
196779 0
233916 0
288975 0
037378 0
170420 0
168391 2
126201 0
168395 0
109942 0
282535 0
234754 0
001002 0
098430 0
149918 0
188412 0
155502 0
146697 1
133882 0
012057 0
128755 0
088557 0
182594 0
222307 0
074551 0
094566 0
205379 0
069527 0
255205 0
025295 0
058037 1
288704 0
057900 1
058234 0
009872 0
004837 0
116014 0
139104 0
036217 1
194377 0
036352 1
155761 0
021147 0
028213 0
282092 0
153691 1
153718 1
153645 1
052186 0
127470 0
147070 1
147048 1
222336 0
163388 0
147767 0
007633 0
038659 0
048427 0
140115 0
113190 0
243847 0
024030 0
018502 1
177548 0
124553 0
132807 0
119073 0
039273 0
150882 0
035933 0
163142 0
069992 0
086275 0
100910 0
051772 0
123420 0
191636 0
182911 0
223254 1
143369 0
129194 0
147941 0
080349 0
172894 1
027688 0
075783 0
087314 0
178426 0
053290 0
186101 0
090719 0
003670 0
019217 0
286539 0
019644 0
120748 1
185752 0
120747 1
122725 0
075021 0
099752 0
180049 0
145115 0
139470 0
128494 0
026070 0
253019 1
085925 0
096423 0
037796 0
123035 0
082137 0
074992 0
287620 0
198393 0
052621 0
124736 0
225698 0
141226 0
059873 0
129691 0
258710 0
045686 0
125523 1
090645 0
029788 0
142414 0
125522 1
150343 0
125532 1
010461 0
175676 0
175768 0
004625 0
127434 0
101808 0
146309 0
151688 0
064928 0
050234 0
213295 0
231308 0
275238 0
226144 0
061227 0
134669 0
242222 0
159318 0
058278 0
001140 0
163041 0
188955 0
155640 0
108217 0
146261 0
007336 0
126313 0
063109 0
121529 0
049898 0
120454 0
184996 0
083865 0
131486 0
131491 0
115408 0
143957 0
222648 0
131297 0
127903 0
115814 0
278405 0
240914 0
205346 0
079725 0
141287 0
220610 0
071687 0
010714 1
151792 0
121122 0
121887 0
064725 0
028499 0
135391 0
069636 0
277814 0
037138 0
125218 0
155729 0
017525 0
069993 0
011989 0
125230 0
006487 1
118434 0
134459 0
119544 1
113405 0
110932 1
098459 1
235500 0
110927 1
110815 0
110858 0
148455 1
044443 0
111183 0
111191 0
220557 0
261921 0
004556 0
184301 1
088303 0
184264 1
184273 1
184269 1
184228 1
119394 0
286238 0
286241 0
125457 0
090203 0
010313 0
087701 0
128626 0
161985 0
099571 0
124580 0
202022 0
275986 0
042544 1
042492 1
111266 0
042530 1
042460 1
042468 1
042475 1
111192 0
067676 0
001543 0
228150 0
016166 0
266257 0
016041 0
065084 0
201399 0
229910 0
044302 0
018033 0
127713 0
011862 0
080895 0
170687 0
144362 0
171180 0
076420 0
134232 0
198417 0
001807 0
085818 0
144942 0
124252 0
149821 0
187912 0
008022 0
272988 0
009884 0
156477 0
077479 0
147012 1
035264 0
146989 1
146975 1
146976 1
146990 1
147013 1
031859 0
146890 1
146874 1
146889 0
146870 0
145455 0
012704 0
150171 0
153782 0
155594 0
045031 0
132743 0
008045 0
185151 0
164341 0
005663 0
033549 0
004825 0
156349 0
010264 0
129024 0
157785 0
261246 0
141851 0
077044 0
040858 0
116736 0
060395 0
129344 0
011446 0
165280 0
188153 0
158375 0
255873 0
286356 0
025874 0
015356 0
134192 0
275859 0
079953 0
146401 0
150545 0
108079 0
146077 0
018314 0
171720 1
122713 0
171677 0
148435 0
007854 0
124873 0
243589 0
234121 0
142227 0
288695 0
119600 0
150134 0
051850 0
009586 0
017970 1
139074 0
017289 0
118838 0
000339 0
176901 0
036035 0
260823 1
034317 0
243801 0
148222 0
196671 0
182472 0
143146 0
090515 0
184770 0
221782 0
133025 0
160827 0
146945 0
084948 0
094463 0
052069 0
178750 0
067406 0
061087 0
215993 0
230925 0
128017 1
101894 0
015331 0
089044 0
023547 0
089471 0
268793 0
177806 0
195315 0
227141 0
063703 0
132199 0
147695 0
138451 0
128756 0
288575 0
196069 0
041521 0
181307 1
075643 0
268792 0
126096 0
275784 0
231983 0
120298 0
012281 1
099408 0
195797 0
138537 0
111767 0
000949 0
024176 0
181732 0
142078 0
015136 0
186176 0
120473 0
156735 0
128489 0
155682 0
012284 0
225650 0
135330 0
017843 0
244395 0
199911 0
012377 0
118686 0
021770 0
073173 0
074613 0
120160 0
017727 0
074529 0
163567 0
078527 0
180382 0
067353 0
124734 0
111222 0
017143 0
102700 0
154832 0
231561 0
220746 0
071091 0
018434 0
145703 0
241300 0
283752 0
232885 0
114683 0
066661 0
256384 0
061596 0
203829 1
004473 0
215442 0
202154 0
282612 0
101736 0
059037 0
145435 0
256689 0
272606 0
079863 0
007694 0
159016 0
006759 0
000404 0
125431 0
217076 0
040146 0
102014 0
063960 0
164255 0
120831 0
101816 0
018610 0
034278 0
016632 0
123483 0
203873 0
283749 0
060789 0
081233 0
075104 0
155064 0
002568 1
140892 0
002548 1
224623 0
009620 0
119492 0
130187 0
201259 0
187786 0
177999 0
121899 0
157434 0
241743 0
168596 0
108060 0
170202 0
160552 0
118974 0
001422 0
082846 0
036098 0
012517 0
088558 0
217851 0
124031 0
014966 0
123287 1
028720 0
237586 0
133257 0
078235 0
009942 0
119114 0
069861 0
039143 0
201805 0
201645 0
126180 0
015132 0
084669 1
203881 0
084648 0
084641 1
083705 0
084642 1
084683 1
084704 0
084697 0
084698 0
010157 0
021482 0
005220 0
003738 1
030204 0
111064 0
120199 0
007087 0
125479 0
090151 0
130546 0
179449 0
020462 0
142096 0
141300 0
119647 0
230778 0
014282 0
108321 0
032736 0
234710 0
011134 0
117159 0
121168 0
017698 0
146582 0
147963 0
222792 0
046162 0
075864 0
086090 0
155286 0
030256 0
234027 0
064910 0
040134 0
215787 0
001615 0
071496 0
047662 0
228912 0
155011 0
149962 0
011735 0
079548 0
137459 0
102805 0
188064 0
124244 0
075373 0
009928 0
174489 0
121885 1
131214 0
110213 0
007139 0
203159 0
082272 0
119396 0
128009 0
009550 0
139926 0
076697 0
018998 0
100413 0
140520 0
050337 0
003055 0
017449 0
149916 0
012822 0
001780 0
000046 0
231467 0
069258 0
007818 0
130508 1
151341 0
138953 0
005416 0
006898 0
073429 0
264831 0
210584 0
122224 0
165283 0
135359 0
064356 0
132227 0
176823 0
149973 0
006364 0
009244 0
240010 0
151987 0
011932 0
147081 0
243396 0
119340 1
055728 0
119339 1
076382 0
119309 1
264459 0
028304 0
040166 0
042486 0
111272 0
127846 0
170875 0
129086 0
155150 0
095736 0
078565 0
042516 0
012369 0
188335 0
035597 0
231053 0
121077 0
007737 0
259719 0
