085524 1
065268 2
156872 2
156873 2
056468 0
086871 1
025309 2
015065 2
125665 2
010305 0
156353 1
041627 2
115245 2
169352 1
169256 1
262452 2
113573 2
156398 0
177350 0
058909 0
022398 0
201258 0
028390 0
113600 2
188475 0
018145 2
043640 0
276206 1
165103 2
005560 0
124761 0
135618 1
188465 0
164457 0
010298 2
188462 0
164686 0
190438 0
188437 0
243426 1
269301 0
163233 2
087337 2
083067 1
028855 2
013161 0
028845 2
275710 2
275726 2
275736 2
221708 2
180752 1
027104 0
147377 2
147577 2
147431 2
200983 2
131812 2
025214 0
047560 2
131875 2
117761 0
131798 2
002358 1
178675 2
181541 2
027960 1
232047 0
201081 1
219756 2
033670 2
203776 2
054450 2
117089 0
181534 2
131477 0
131791 2
270824 0
270829 0
199560 2
181522 2
270873 0
111995 0
200969 2
054425 2
085563 2
112019 0
060496 0
019053 0
231729 2
266540 2
231734 2
082362 0
008667 0
110321 0
164504 2
272621 2
196436 1
164492 1
082131 2
082139 2
086117 1
186941 0
243192 2
288057 0
031620 1
018757 0
288056 0
188305 0
081660 0
041609 1
166273 0
166274 0
025589 0
159465 2
002952 1
221441 2
085992 0
080586 0
125337 0
032133 2
266582 2
243191 2
243183 2
186965 0
125331 0
007475 0
192317 0
025583 0
163880 1
219768 2
019237 0
037044 0
128375 2
046562 1
279544 1
041116 1
233688 0
041103 1
202519 1
030282 1
161509 0
161512 0
101389 0
059140 1
101338 0
024026 0
058295 1
101316 1
059149 1
062473 1
201400 0
088248 0
088255 0
134318 2
032811 1
043439 0
133240 0
133238 0
080734 0
009413 0
121872 0
162927 0
188438 1
243227 1
042736 1
214878 0
160721 0
028432 0
219847 2
160649 0
028611 0
270635 1
151200 1
086484 1
098222 1
049365 0
045985 1
046004 1
164675 0
260990 1
044250 1
061400 0
146995 0
261018 1
007089 0
042016 0
261046 1
035966 0
162921 0
025448 0
164498 1
109765 0
151869 0
263369 0
211557 0
188725 0
025413 1
029261 0
014207 0
164494 1
034268 0
061796 1
002393 0
198311 0
032651 0
276653 0
180750 0
065001 0
032836 1
163027 0
024576 0
025257 0
051265 0
085278 2
134989 0
085293 2
279543 0
045809 0
112097 0
091359 0
146850 0
058159 2
023063 0
242605 0
027825 1
269555 1
223166 1
115806 1
067419 0
115807 1
023135 0
289343 1
011197 0
286574 0
289268 1
243465 1
040992 1
243459 0
052743 1
254321 1
028610 0
095209 1
031742 0
031458 0
089329 1
126329 0
260871 0
235031 0
052729 0
188679 0
040913 0
022376 0
041276 0
254322 1
211798 0
099965 0
022682 1
224622 0
023183 1
023068 1
024439 1
273435 0
023065 1
023007 1
032794 1
084821 0
122303 0
155605 0
019780 0
266101 0
040778 2
255880 0
040803 2
261311 0
008711 0
158086 0
163332 0
082130 0
025484 0
023147 0
273790 1
097921 0
273798 0
254757 1
253905 1
254681 1
019336 0
253816 1
149965 1
139042 0
149966 1
044567 0
198224 0
164291 0
277771 0
278838 0
223504 1
279175 0
223513 1
010561 0
144875 0
221740 0
272252 0
225149 1
194257 0
266063 0
225150 0
225151 0
009626 0
043798 0
098951 0
229563 0
015417 0
038268 0
161852 0
269508 0
025614 1
201255 0
058926 1
022244 0
041325 1
041346 1
045984 0
018663 1
115926 0
041121 1
197998 1
266532 0
198035 1
058294 0
162992 0
083032 0
109986 0
078968 0
054159 0
008625 0
045812 0
166144 0
123826 0
152715 0
243406 1
131028 0
243411 1
243416 1
243419 1
243425 1
243427 1
190322 2
009426 1
064233 0
022405 0
064064 1
064054 1
203181 0
288194 0
093266 1
093225 1
063587 0
113278 0
225165 1
062826 0
034982 2
062576 0
062577 0
097111 0
023390 0
039805 0
188643 0
263761 0
221162 0
087497 0
226319 1
225167 1
225177 1
035478 0
270821 1
226318 1
253915 0
270940 1
270969 1
270930 1
270971 1
240103 0
025677 0
093308 0
077779 0
262155 0
274038 0
275793 0
188611 0
266697 0
043630 0
093329 1
041690 0
033594 1
031741 0
155532 1
097780 0
284010 0
081855 0
155639 0
075626 0
056140 0
042013 0
077365 0
060606 1
116317 0
005750 0
062807 0
219918 0
025714 0
051354 0
142145 0
095592 0
049639 0
071227 0
062996 0
007309 0
029562 0
188756 1
188752 1
014596 0
188724 1
192328 0
016856 0
135992 0
061088 1
108158 0
243994 0
163762 0
125322 0
050012 0
034280 0
159309 0
028366 0
211122 0
286997 1
286763 1
080861 0
286775 1
287006 1
283223 1
283190 1
283220 1
283192 1
283191 1
003762 1
026790 0
137533 0
270459 0
051490 0
027018 1
141238 0
077951 0
135641 2
053614 0
137335 0
091732 0
153126 0
198226 0
198291 0
014026 0
241933 0
086769 0
091659 0
288359 0
188726 0
242580 0
288149 0
088254 0
028215 0
025762 0
109741 1
202706 0
083018 0
269876 0
162917 0
188602 0
101230 0
219550 1
049754 0
170037 0
203311 0
182718 0
277629 0
006718 0
187743 0
137073 1
194496 0
186610 0
100294 0
163958 0
130492 0
252475 1
252492 1
252501 1
035001 0
252444 1
238681 0
260364 1
228685 0
260380 0
252491 0
264409 0
264137 0
050572 1
042528 0
212687 0
281965 0
048951 0
230009 0
187927 0
267282 2
063843 0
266696 0
267997 0
140394 0
001249 0
198600 0
136198 0
286572 0
123094 0
029675 0
260971 0
287951 0
242598 1
242606 1
111402 0
043817 0
243315 0
062015 0
277907 0
087415 0
029843 0
050145 0
082105 0
095482 0
188288 0
022268 1
273007 0
022272 0
022427 0
188472 0
117757 0
229607 0
041511 0
120366 0
165388 0
202603 0
085803 0
006552 0
242597 0
269934 0
221180 0
122343 0
260991 1
261019 1
261047 1
253914 0
275725 0
261313 0
277670 0
209054 0
199182 0
219942 1
161176 0
219135 1
219182 1
006341 1
034210 0
137812 0
222411 0
231559 1
288085 0
191138 0
211241 0
052860 0
014778 2
263325 0
146270 0
180548 0
000864 0
068441 0
273552 1
047897 0
273550 0
257009 0
273173 0
275601 0
262573 0
256506 0
150329 0
270252 0
115338 1
199215 0
287328 0
257014 0
024073 0
050108 0
