229351 1
229356 1
229358 1
234490 1
231409 1
231230 1
231234 1
231244 1
231388 1
231411 1
234389 2
234119 1
231229 1
231233 1
231243 1
231424 2
144423 0
234388 1
228972 2
227946 2
233919 1
231609 1
231228 2
231232 2
229357 2
229359 2
229047 2
256312 2
231242 2
158454 0
013920 0
229179 2
144082 0
017844 2
256301 1
013384 0
229352 2
231313 2
013372 0
026616 0
202247 0
231307 2
234390 2
229194 2
026669 0
229238 2
229021 0
231283 2
161588 0
158329 0
143787 0
055861 0
056141 0
136301 1
013592 0
284870 0
026668 0
026322 0
026615 0
231286 2
136299 1
136326 1
239745 0
234086 1
231271 2
242928 2
242922 1
242982 1
231255 1
231272 2
242910 1
242895 2
196314 1
229011 2
196586 1
229361 2
229424 2
231302 2
136293 0
229516 2
136208 0
229531 1
229310 2
194720 1
196598 1
229241 1
196600 1
221595 2
221631 2
221636 2
221682 2
239253 0
229207 2
009330 0
121806 0
231504 1
231112 1
194722 1
229548 2
229439 1
231119 1
234052 2
234087 2
234012 1
239800 0
224521 0
190276 0
235168 0
158734 1
235166 0
171709 0
171708 0
222240 1
240121 1
171674 0
188119 0
239739 0
171667 0
198601 0
233952 1
228533 0
171700 0
233944 1
171673 0
007800 0
142218 0
155637 0
231148 2
231120 1
239329 0
136485 0
191053 1
208778 0
191439 1
191054 1
196315 1
196587 1
196599 1
196601 1
191448 1
229423 1
197156 0
170262 1
196537 0
196036 0
221680 2
207182 0
208779 0
221630 2
221635 2
195958 0
221681 2
196536 1
143601 0
231431 0
206940 0
234297 0
091090 0
235785 0
091067 0
091069 0
238924 0
078643 0
221594 1
170559 2
170739 2
170765 2
170767 2
170776 1
099712 0
211929 0
211931 0
227223 0
099743 0
272957 0
239330 0
289099 0
196538 0
143220 0
231433 0
269539 0
121913 0
202410 0
001764 0
251280 0
229074 1
229148 0
234575 0
265266 0
234727 1
234782 1
161987 0
234682 0
234726 0
234781 0
273998 0
155765 0
137326 0
142221 0
256031 0
236007 0
155631 0
231304 0
083140 0
232838 0
273053 0
231382 0
200193 0
221703 0
192008 0
136512 0
244621 0
015689 0
239323 0
198599 0
159994 0
232126 0
230805 0
162558 0
197251 0
230960 0
197639 0
124973 0
235465 0
267532 0
269447 0
241105 0
197206 0
155514 0
007939 0
156643 0
224832 0
236716 0
242821 0
143206 0
234286 1
235167 0
239258 0
233969 0
198813 0
231212 0
240647 0
219951 0
224131 0
227212 0
210922 0
252713 0
239256 0
229289 0
148943 0
096020 0
