226419 1
210803 2
210735 2
199662 1
211355 1
199768 1
207193 1
211988 0
201723 1
202309 1
206995 1
243224 1
201756 1
201815 1
253060 1
253501 2
216167 1
244451 2
191960 1
025484 0
184706 1
141618 0
197534 1
080223 2
253570 2
253575 2
253557 2
207523 2
244471 2
191952 1
275029 2
201813 1
184747 1
192027 1
197450 1
141604 0
253354 2
253425 2
197440 1
108832 1
206808 1
210748 2
253449 2
108911 1
253502 2
253558 2
253571 2
253576 2
210965 2
255936 1
257243 1
250887 2
243857 1
229701 2
233435 2
256022 1
275040 2
108912 1
109176 1
228781 1
256099 1
257343 1
201733 2
109198 1
237336 2
109210 1
257272 1
243843 1
282970 0
209712 0
237379 2
228910 1
183845 2
243559 1
079186 0
028839 0
101493 1
206698 2
183853 1
208535 0
185881 0
196187 0
253600 2
237378 0
196217 0
210978 1
199458 1
253602 2
275063 2
210756 1
243558 1
199482 1
108880 1
196133 0
243208 1
202689 1
256770 2
199483 1
253675 2
257917 2
256767 2
256345 0
267709 0
242947 2
253701 2
203074 0
287669 2
208975 1
163117 0
115184 0
145487 0
199558 1
196134 0
184695 2
287168 2
226922 1
263682 0
197170 0
199502 1
148897 0
276132 0
229964 2
163112 0
240791 0
229876 2
242624 2
234372 2
202334 1
207754 0
243756 0
203072 2
238027 0
201516 0
197176 0
203076 2
086685 0
079221 0
206423 2
158645 0
227462 1
015059 0
048852 0
200003 1
227546 0
228782 1
228911 1
210852 0
158671 0
165376 0
204211 0
205796 2
282982 0
196270 2
206434 2
187602 2
208579 1
234371 2
202237 1
258244 1
202384 1
258502 2
229632 2
225400 2
199799 1
255060 1
199800 1
206720 2
202363 2
208007 1
202398 0
243497 1
265042 1
199226 1
015242 0
255270 0
244423 1
244426 2
244436 2
017574 2
202794 1
244367 1
206709 2
244365 1
244366 1
201964 1
208546 2
201963 1
244732 0
240501 2
243496 1
244353 2
201638 1
243779 1
254881 0
001554 1
234290 1
224535 2
201958 1
199222 1
243401 1
243780 1
243818 1
208051 1
243811 1
202344 1
199967 1
244261 2
254637 1
257428 0
202262 1
275249 0
243561 0
136116 0
243402 1
234289 0
208414 1
257421 0
244363 1
146539 2
070171 2
103344 2
244136 1
070147 2
103320 2
250646 0
070150 2
103323 2
208029 1
208997 1
281992 0
258373 2
230124 0
199160 1
187674 0
244143 1
274400 0
208678 1
243528 0
274359 0
206797 1
205619 0
187662 0
190565 0
244425 2
281926 0
199153 1
199154 1
226164 0
128478 1
274418 0
244341 1
190527 0
243834 1
226161 1
128627 1
190683 0
271664 2
194468 0
155811 1
243862 1
271663 2
230040 0
250339 1
202633 0
019075 1
200471 0
208018 0
208986 0
210885 0
199156 1
250338 1
244502 1
230075 1
262867 1
209030 1
253574 1
080833 1
088010 1
258357 2
253569 0
254225 1
080961 1
210877 0
251938 0
262872 1
152740 0
203070 0
199236 0
257823 0
199644 0
261447 0
261453 0
243186 1
253926 0
256433 0
215569 0
259945 0
176462 1
127751 0
215600 0
176461 0
207204 1
262174 0
229135 0
254170 1
258430 0
254169 1
254186 1
254165 1
067843 1
067839 1
067812 1
243826 0
204245 1
064349 1
233644 0
261667 0
176460 0
226559 0
226560 0
176458 0
241117 0
032000 1
226845 0
275809 0
261392 0
113760 0
031977 1
243832 0
241077 0
239616 2
256168 0
202796 0
239624 0
206885 2
030165 0
224627 0
160194 0
256551 1
265927 0
098618 0
282164 2
094059 0
261530 0
153111 0
165336 0
275521 0
288706 0
229871 1
235280 0
229824 0
240550 0
229820 0
132183 0
253780 0
234399 0
226626 0
192326 0
230706 0
209668 0
025686 0
115627 0
244435 0
208062 0
267467 0
164410 0
035312 0
229250 0
112197 0
242472 0
244070 0
205763 0
160098 0
057897 0
287271 0
165298 0
258446 0
256173 0
035546 0
258440 0
261579 2
009663 0
256432 0
195561 0
261580 0
285025 0
226411 0
277026 0
222775 0
176447 1
060785 0
256783 1
256772 0
256803 0
261575 0
251950 0
152484 0
134346 0
168665 0
010964 0
032096 0
076977 0
123878 0
111790 0
261671 0
278452 0
145335 0
287843 0
164877 0
226867 0
193849 0
025463 0
256816 0
200523 0
261287 0
268222 0
000512 0
229269 0
124467 0
256434 0
193753 0
035701 0
263418 0
023279 0
119306 0
193521 0
269513 0
243812 0
257456 0
275199 0
033087 0
163765 0
022023 0
262084 0
215603 0
256403 0
169041 0
124627 0
170811 0
225367 0
017160 0
188960 0
133558 0
115531 0
127563 0
116886 0
283607 0
230201 0
116341 0
278107 0
202795 0
223113 0
261528 0
231301 0
004761 0
188426 0
203057 0
285761 0
171232 0
284512 0
028037 0
156930 0
052216 0
058907 0
006558 0
255691 0
153174 0
115447 0
164314 0
199251 0
075559 0
228488 1
230551 0
153142 0
257594 0
235623 0
229279 0
184519 0
195764 0
162641 0
272517 0
229146 0
235994 0
160173 0
157664 0
124354 0
255938 0
275543 0
127390 0
154395 0
253995 0
262863 0
124148 0
065456 0
030168 0
055705 0
124950 0
227982 0
282863 0
263740 0
255352 0
198359 0
276412 0
206541 0
270363 0
090639 0
