198719 1
198743 0
198733 0
198677 0
198852 1
015646 1
149512 1
198776 1
149515 2
198892 1
198707 1
108254 0
074804 1
198781 1
199202 0
206918 1
198856 1
202176 1
035579 1
198933 1
198663 1
198705 1
198704 1
198966 1
198801 1
198721 1
199190 1
198725 1
198785 1
198674 1
198874 1
198742 1
198771 1
165031 1
050919 0
198796 1
198751 1
198730 1
198668 1
198738 1
147618 2
198769 1
198844 1
198732 1
198660 1
147617 2
198726 1
147606 1
198902 1
198710 1
202147 1
198939 1
198765 1
198786 1
065796 1
147588 1
198944 1
149852 1
199493 1
149860 2
200604 1
198968 1
025719 1
082062 1
198669 1
198739 1
147619 2
202185 1
198700 1
160306 2
049954 1
198976 1
198792 1
198816 1
198814 1
199159 1
149876 1
200570 1
241507 1
255353 1
200569 1
065794 2
150111 1
198789 1
198683 1
198896 1
198945 1
199517 1
198783 1
198712 1
198784 1
202212 1
024423 0
198688 1
199384 1
024723 0
024710 0
210839 1
065792 1
200601 1
024766 0
024770 0
198754 1
198731 1
200514 1
198711 1
272453 1
241515 1
149938 1
198706 1
150677 1
198713 1
037275 0
046279 1
198768 1
199183 1
198782 1
198667 1
200605 1
198682 1
198973 1
149937 1
065582 1
198666 1
150681 1
198845 1
150658 1
159230 1
216420 0
161083 1
200753 1
159218 2
150679 1
199166 1
198686 1
049866 1
082060 1
198835 1
199496 1
199387 1
200574 1
039964 1
199459 1
080088 1
199367 1
149596 1
198793 1
198757 1
165021 1
078546 1
198823 1
199529 1
075528 1
150985 1
049818 1
199161 1
223669 1
160355 1
198729 1
198822 1
091169 1
198756 1
200608 1
077635 1
170069 0
170070 0
198791 1
150690 1
198761 1
200516 1
277408 1
272462 1
161048 2
058095 0
046277 2
199200 1
123488 0
199369 1
198718 1
082331 0
270397 0
198716 1
082239 1
198794 1
200573 1
108284 0
198728 1
149597 1
082763 0
050717 0
065764 1
198689 1
272105 1
087470 1
023086 0
227990 1
198795 1
200815 1
198780 1
052221 1
091881 1
228092 1
199471 1
095225 0
091844 2
068155 1
082203 1
176785 0
198837 1
199750 1
123478 0
198770 1
225423 0
213492 1
049860 2
161042 1
278854 2
213495 1
272023 1
075495 1
045899 2
050055 1
045909 1
161817 0
213821 1
074522 1
061066 0
198722 1
213310 1
057016 1
193926 0
197776 0
024695 0
198762 1
101991 0
074591 1
170056 0
095228 0
085893 1
161815 0
069040 1
124585 0
124586 0
077586 1
019080 0
024432 0
220375 1
277416 1
193966 0
004105 0
042551 1
138353 0
049348 1
176786 0
198760 1
279363 0
075477 1
074917 1
081228 1
154589 0
074853 1
198790 1
277452 0
074854 2
153373 0
057843 1
229884 0
068946 0
138179 0
075559 1
138822 0
011450 1
065672 1
199755 1
138280 0
046168 1
138677 0
138157 0
138229 0
138579 0
138581 0
138384 0
089507 0
138151 0
046248 1
200249 1
049514 1
256989 1
075269 1
152566 1
082435 1
149600 1
165418 1
077469 1
220642 1
028902 0
200289 1
074962 1
082705 1
046252 2
152579 1
028944 0
046247 1
164824 1
200290 1
051331 1
074945 1
082601 1
075554 1
161046 1
149540 1
043986 2
043983 1
075117 2
198797 1
162241 1
052116 1
078602 1
043998 1
198504 1
153322 1
243522 1
198506 1
056643 1
046624 1
078063 2
065828 0
052126 1
081202 1
045815 1
039946 1
149349 0
083394 0
083407 0
149342 0
086516 1
275872 0
039926 1
046104 1
098370 1
165001 1
015658 1
224243 0
145570 1
199770 1
148148 0
224059 1
083326 0
046394 2
009983 1
015582 2
016625 0
271668 1
272024 2
271981 1
075697 1
199850 1
096172 1
015639 2
149553 2
149523 2
083205 0
083244 0
083204 0
085197 1
086281 1
056583 0
086195 1
200231 1
086247 1
087508 0
039503 2
267773 1
153874 1
149359 0
057296 1
198701 1
056705 0
267862 2
277409 2
277398 2
198111 1
158891 0
277394 1
149375 0
039779 0
226569 1
039751 0
148045 0
252126 1
223496 1
199363 1
221164 1
039713 1
224998 0
162339 0
096368 1
250289 0
198044 1
163657 1
039513 0
046316 1
225005 0
085195 1
161690 1
158664 1
149379 0
085188 1
046354 1
022353 1
107927 0
161689 1
124429 0
015831 0
085127 1
244264 0
102032 1
022318 0
126814 1
045119 1
149266 0
191632 0
022309 0
244271 0
075744 0
199163 1
016245 0
124406 0
198369 0
244286 0
067765 0
044663 2
218106 1
203736 1
203752 1
205181 1
050899 2
084146 1
058863 1
022349 2
272415 1
067594 1
272539 2
079292 1
050900 1
163815 1
160378 1
082265 1
239837 1
163831 1
046181 2
152443 1
062808 1
050451 1
100779 1
222239 1
062805 2
046167 1
046163 2
062772 1
050873 2
085857 0
051426 0
051393 0
222245 2
046164 1
271851 1
199365 1
093167 0
045979 1
068938 1
092873 0
067631 1
064953 0
100760 0
050455 1
049475 0
199362 1
049397 0
205179 1
050306 1
266942 2
199358 1
023069 1
023070 2
068942 1
182577 0
271909 1
098003 1
068966 1
272106 1
068954 1
050812 2
199849 1
270306 1
092787 0
092784 0
023071 1
266890 1
167918 0
167919 0
023096 1
049706 0
023097 1
098949 0
028055 0
079435 1
099041 0
242332 0
099700 1
160573 0
065258 1
024051 0
087883 1
116446 0
092908 0
065239 1
065270 1
085698 0
226152 0
220680 0
282375 0
047799 0
065227 1
065243 1
046241 1
067658 0
065974 0
240568 0
045936 2
062814 1
045701 1
098690 1
201559 1
276250 1
100175 0
099409 1
098526 1
141690 0
045673 1
022326 1
046427 1
276302 1
099701 1
134025 0
089928 2
050237 1
219929 0
028660 1
219938 0
219924 0
219923 0
219927 0
219925 0
108864 0
149643 0
141685 0
284322 0
277120 1
158919 1
000796 1
050801 0
068816 1
051308 0
116051 0
045628 1
023183 1
099317 0
051318 1
050824 0
161346 0
094573 0
089897 1
023377 0
199251 0
021070 0
001457 0
012776 0
057023 0
156230 0
016469 0
273017 1
024794 0
136198 0
041481 1
086204 2
210756 0
086202 2
086201 2
236514 0
162065 0
039749 0
056989 0
045278 0
198295 0
223329 0
015508 0
180737 0
023633 0
078313 0
134625 0
020936 0
080176 0
189195 1
263992 0
189117 0
221855 0
163458 0
015677 0
259819 0
083306 0
133175 0
188383 0
047439 0
263175 0
017545 0
198827 1
198799 1
092043 0
221177 0
066406 1
027356 0
064277 1
076262 1
088975 0
080529 1
050307 0
074725 1
064578 0
260154 1
260156 2
260152 2
260159 2
260155 2
260157 2
260160 2
260163 2
260162 1
220003 0
267143 0
077305 0
077268 0
025634 0
271241 0
077262 0
117025 0
012080 0
100449 0
085327 0
187479 0
084018 0
115684 0
130467 0
260161 1
260158 1
270222 0
238563 0
276626 0
278376 0
059414 0
267055 0
278375 0
046101 1
276625 0
046268 1
025396 0
189524 0
128476 0
040390 0
088091 0
228520 0
091351 0
240398 0
045478 0
038202 0
226128 0
149602 0
045384 0
115822 0
202237 0
022829 0
004883 0
116031 0
264932 0
239620 0
045137 0
135219 0
130439 0
165964 0
007052 0
165265 0
047277 0
048847 0
179025 0
077780 2
093951 0
078184 1
053275 0
078180 1
078177 0
075135 0
065159 0
112112 0
044167 0
273302 0
282205 0
076927 0
046225 0
049389 0
064073 0
098177 0
277534 0
266635 0
081489 0
129642 0
223555 0
153312 0
023834 0
049009 0
136788 0
240097 0
045085 0
266315 0
113727 0
095984 0
162642 0
244273 0
089725 0
126445 0
026775 0
089312 0
276529 0
127161 0
278371 0
021523 2
021389 0
020134 0
269275 0
022139 0
222822 0
018479 0
236641 0
014473 0
201560 0
019929 0
272551 0
284685 0
142957 0
286793 0
046263 0
092961 0
197761 0
034274 0
004039 0
108534 0
097738 0
132889 0
048199 0
140034 0
078142 0
219986 0
003298 0
243572 0
070002 0
025188 0
277118 1
098892 0
194813 0
007396 0
077785 0
240835 0
218489 0
144981 0
085695 1
269014 0
040866 0
084617 0
079051 0
130589 0
190878 0
159961 0
045791 0
085072 0
039885 0
260392 0
025897 0
262854 0
252776 0
047495 0
235852 0
021637 0
075569 0
052582 0
038148 0
242292 0
050457 0
050885 2
171805 0
050887 1
078158 0
141334 0
031121 0
003876 0
266892 0
164066 0
281583 0
051214 0
035351 0
284926 0
180745 0
271374 0
094592 0
189118 0
086269 0
143573 0
129410 0
272265 0
078295 0
203074 0
046699 0
280923 0
099343 0
242533 0
039079 0
068443 0
267088 0
029215 0
112748 0
096993 0
084643 0
021084 0
083126 0
238767 0
229017 0
201146 0
146158 0
178238 0
276414 0
017300 0
278374 0
033078 0
016373 0
050116 0
182598 0
115116 0
164808 0
188144 0
162594 0
038252 0
151260 0
063150 0
057266 0
015721 0
108515 0
136996 0
092306 0
023365 0
041763 0
120998 0
144847 0
157981 0
024371 0
039708 0
168977 0
076297 0
036376 0
227463 0
127751 0
049932 0
219306 0
099051 0
025744 0
051251 0
270770 0
161628 0
145162 0
067443 0
159904 0
227606 0
089741 0
155748 0
259791 0
222207 0
288234 0
162162 0
226418 0
162473 0
273538 0
019670 0
116408 0
092099 0
021401 0
177699 0
198310 0
281694 0
020723 0
262044 0
150245 0
011165 0
288615 0
220661 0
146534 0
156228 0
270600 0
046849 0
083261 0
045809 0
075852 0
112303 0
066837 0
177107 1
038144 0
177096 0
138653 0
036796 0
078297 0
092177 0
228504 0
168145 0
243578 0
128757 0
190480 0
141848 0
165726 0
059304 0
239585 0
042709 0
164518 0
155392 0
003502 0
020669 0
004708 0
149358 0
079998 0
146092 0
024836 0
025219 0
120647 0
160271 0
128542 0
222877 0
226181 0
095971 0
012899 0
083300 0
276528 0
287112 0
129415 0
022142 0
050948 0
271065 0
078132 0
024906 0
160550 0
109321 0
045514 0
155989 0
042067 0
096160 0
016956 0
043603 0
060360 0
100462 0
134662 0
148709 0
083324 0
100341 0
156909 0
194835 0
034867 0
217109 0
038338 0
243510 0
199236 0
