044384 1
044349 1
044314 2
209902 1
044601 1
043765 1
242413 0
035765 1
044602 2
035123 1
041639 2
036140 2
044291 1
046014 2
044821 1
205162 1
035908 2
035860 2
046466 2
036135 1
044599 1
037793 1
045973 1
207646 1
217209 0
037794 2
040752 1
040755 1
044617 1
041626 1
046049 1
044616 1
032588 0
035773 1
045965 1
036141 1
035851 1
044577 2
045920 1
204479 1
217522 0
044445 2
040901 1
045014 1
044989 2
044584 1
045234 1
045916 2
035674 1
242531 0
045231 2
217907 1
216736 0
041632 2
044578 2
032572 0
044585 1
044698 2
040898 1
046546 1
035904 2
044203 1
044511 1
036104 1
041577 2
040792 1
051755 1
041594 1
032509 0
044268 2
036000 1
044642 2
045324 1
035900 1
044558 1
045896 1
035675 2
205164 1
044689 1
035757 1
035849 1
044736 1
036111 2
036308 1
212029 1
035748 2
205166 1
044442 2
045708 1
035929 2
044899 1
036275 1
044756 2
035755 1
035676 2
205156 1
035752 2
035783 1
046293 2
036765 2
236107 0
207658 1
046594 2
230647 0
035861 2
140935 0
045435 2
035927 1
035918 1
039995 2
205765 1
036034 1
035758 1
088107 1
035797 1
045511 1
045318 2
184227 0
035699 2
045891 1
044638 2
035786 2
259233 0
035785 1
040902 2
036136 1
036142 1
044700 2
032728 0
035817 2
046519 1
044716 1
044721 1
051148 2
046514 2
099727 0
044593 1
036325 2
035766 1
044408 2
046117 2
205767 1
044626 1
044591 2
044332 1
032730 0
035759 1
220826 0
065109 0
205282 1
044702 1
035903 2
035792 1
039568 2
046355 1
044933 1
037314 2
036340 1
203894 1
044737 1
035806 1
044160 2
044732 2
044327 1
040928 2
044939 1
205560 1
218004 1
044582 1
044474 1
043977 1
044001 2
036702 2
036372 2
099823 0
035981 1
035873 2
040905 1
044253 1
036738 2
040395 0
045623 2
045889 2
232883 0
044936 1
032754 0
035832 2
045983 2
051325 2
044891 1
218949 1
035843 1
045857 1
205151 1
065110 0
035838 1
044579 2
043995 2
044537 1
040929 1
231990 0
035787 1
199559 0
215467 1
044368 1
044680 1
044882 2
044278 1
040949 2
035872 2
035902 2
040982 1
035919 1
035824 2
044220 1
044387 1
044738 2
035925 1
040915 1
044157 2
035867 2
046491 2
044777 1
045982 2
035842 1
051517 1
044632 1
045117 2
041388 1
098605 0
044581 2
032727 0
041394 1
048134 1
044468 2
099801 0
044264 1
046502 2
035926 2
046375 1
043895 1
212661 1
218332 1
035756 1
044256 2
037242 1
036748 1
044731 1
044780 2
045468 1
035788 1
041119 2
041536 2
036242 1
040822 2
045358 1
040900 1
046337 1
226210 0
272089 0
043932 1
035948 1
040783 2
051333 1
045698 2
044273 1
051516 1
036013 1
098581 0
044906 1
099766 0
037213 1
264847 1
214958 1
214960 1
044307 1
044561 1
044518 1
044613 1
049302 1
035777 1
044770 1
204032 1
045624 1
264818 1
101760 0
045862 1
264831 1
045999 1
035831 2
044745 1
035906 2
045443 2
043922 1
044775 2
044525 1
044315 2
044633 2
046509 1
220829 0
035778 1
044746 1
214288 1
231941 0
239727 0
044739 2
035888 2
045356 2
040903 2
040819 2
242493 0
044405 1
035760 1
044743 1
044549 1
035951 1
044162 2
044498 1
041014 2
242931 0
046462 2
256198 0
044759 2
044226 1
035879 2
035878 2
043908 2
044524 1
044473 2
035912 2
044741 1
040936 1
044755 2
035791 1
044835 1
040962 1
049306 1
044851 2
045319 1
045501 1
242137 0
040937 1
048904 1
044503 1
044064 1
045296 1
046379 2
044520 1
035711 2
089746 0
044748 1
045307 2
044323 1
044762 1
045241 2
250702 0
259672 0
044002 2
040975 2
046489 2
168337 0
045758 2
041480 1
238837 0
035776 1
035846 1
164579 0
035935 2
044691 1
046461 2
211938 0
046493 2
035863 2
078242 0
044032 2
205173 1
040751 2
045854 1
050892 1
187624 0
044589 1
211200 0
045268 2
046459 1
051742 1
044678 1
112155 0
260791 0
044254 2
044767 1
205296 1
045489 2
046476 1
050961 1
044600 1
040816 2
042840 2
048451 1
239324 0
044643 2
257580 0
046047 1
156397 0
044239 1
256113 0
045998 1
242837 0
044677 1
044740 1
168325 0
044747 1
035790 1
051064 2
045928 1
045487 1
044733 2
044679 1
044587 1
271697 0
221821 0
036123 1
257947 0
198755 0
200363 0
213628 1
035916 1
254975 0
281095 0
190512 0
263631 0
184745 0
136625 0
011233 0
051482 1
040793 2
000293 0
130793 0
045473 2
046288 1
266958 0
156684 0
044634 2
046409 2
046411 2
045845 2
209417 1
036131 2
045425 2
035937 1
035859 2
042358 2
042260 2
035978 2
045692 1
045536 1
037685 2
208357 1
041306 1
044223 1
045727 2
044692 1
036098 1
050685 2
035956 1
040932 1
037675 1
044568 2
043900 1
044614 1
209846 1
054578 1
217289 1
207060 1
215119 1
036160 2
044730 1
035933 2
044603 2
214463 1
044536 1
044789 1
044039 1
216389 1
044735 1
037065 1
044703 2
044688 1
035841 1
040916 1
214961 1
035922 2
045619 2
040907 1
209446 1
044419 1
037447 1
040821 1
044149 0
036907 1
045367 1
041026 1
044606 1
201226 1
044685 1
044717 1
044644 2
044955 1
215268 1
044781 2
059415 1
049892 2
046198 1
044992 2
051339 1
035384 1
045351 2
044636 2
035304 1
045488 2
043982 1
044375 1
044705 2
214705 1
213276 1
045532 2
044280 2
037146 2
045955 1
044592 1
212460 1
036375 2
044310 1
050886 1
051338 1
218408 1
051744 1
040935 1
044571 1
035744 1
040892 1
044351 2
203822 1
207006 1
045178 1
036990 2
040934 1
045163 1
110530 1
059086 1
037445 1
049889 1
035286 1
215570 1
217387 1
110561 1
044552 1
037528 2
044357 1
035283 1
205461 1
044605 1
035853 1
213889 0
206535 1
044353 1
044648 1
044098 2
044374 1
037779 1
044734 2
035649 1
037106 1
036978 1
035934 1
046196 1
045248 1
050766 1
044272 1
065434 0
044152 1
044586 1
051042 1
051066 1
051519 1
214352 1
044434 1
046414 1
044129 1
036652 1
037033 1
035833 2
044430 1
051605 1
044687 1
148724 1
109397 1
210107 1
045954 1
035789 0
044649 1
044631 1
037052 1
044693 1
219480 1
044008 2
044801 1
210344 1
046361 1
044195 2
046276 1
037467 1
044559 1
044197 2
051664 1
037306 2
037231 1
206495 1
218016 1
218217 1
218177 1
163893 1
036683 1
081180 1
036663 1
037880 1
258468 1
217389 1
209847 1
210290 1
208572 1
060586 1
217334 1
045533 1
217902 1
045201 1
044048 1
051514 1
204592 1
258524 1
163872 1
110569 1
037902 2
113250 1
208240 1
044838 1
044506 1
215154 1
216276 1
203999 1
206342 1
039423 2
044262 1
044588 1
045420 1
208545 1
062819 1
079475 1
043876 1
035839 1
044580 2
036048 1
007782 1
203427 1
062813 1
051515 1
037924 2
045152 1
205207 1
035920 1
040802 1
045818 1
045703 1
035923 2
045817 1
205445 1
044003 2
048419 1
209365 1
035735 1
205740 1
044358 1
046102 2
060535 1
209788 1
015594 0
215487 1
044004 1
051554 2
040779 1
044163 2
210265 0
163071 0
048544 0
036561 1
045148 1
045164 1
044389 1
035870 2
045431 2
045024 2
049256 1
108793 0
045689 2
210560 1
201991 1
050533 0
200446 0
048832 1
044742 1
035866 2
075763 1
046418 1
046153 1
204302 1
040754 1
043962 1
204467 1
216612 1
168396 1
045021 2
216252 1
036558 1
108253 0
203660 0
051147 1
216044 0
214371 0
205039 1
149706 0
044270 1
090123 1
086129 0
212784 1
217113 1
045801 1
045177 2
075781 0
044509 2
209495 1
264813 0
079472 0
080017 0
051558 1
051173 1
209430 1
109108 0
044366 2
016018 0
205506 1
005425 1
039647 1
044595 1
204122 1
217680 0
216602 1
217562 1
219876 1
204121 1
046273 0
204404 1
099508 0
114986 1
204171 1
204176 1
218888 1
218960 0
044501 1
216007 0
045505 1
204172 1
017188 0
090141 1
044402 2
045816 0
204174 1
126659 0
210353 0
169219 1
215231 0
204137 1
210540 0
046043 0
075688 1
046453 0
204175 1
209965 0
214953 1
219502 0
149654 0
204576 0
046441 0
015607 0
086867 1
218411 0
204583 0
044391 2
044495 2
086368 1
075683 1
217761 1
045526 2
045005 1
045593 2
035921 1
203956 1
217770 1
045513 2
036085 2
208275 0
207734 0
207472 0
034661 1
044726 1
209409 0
207735 0
209783 0
164572 0
208794 0
209259 0
207733 0
207469 0
207957 0
217498 0
207348 0
214566 0
207400 0
045582 1
036186 2
217784 1
021652 0
019662 0
051506 2
051145 2
044681 1
286304 1
099315 0
134910 0
014207 1
054072 1
041627 0
035714 2
044248 0
036267 1
051330 0
045497 2
066382 0
036268 1
050921 1
036263 1
037310 0
048614 2
003860 0
036490 1
035818 2
045757 1
116080 0
161996 0
187827 1
044620 1
044683 1
044650 1
044097 1
035784 1
021726 0
062794 0
209032 1
209064 1
209651 1
210051 1
209174 1
041712 0
209168 1
209663 1
209759 1
131314 0
035796 2
217935 0
043821 1
163971 0
206669 1
204594 1
207796 0
029006 0
043972 2
035165 0
204701 1
044144 0
051086 1
113470 0
084332 0
029003 0
043939 0
116189 0
057069 0
210099 1
043815 1
210292 1
036301 0
044547 2
044597 1
163830 0
204522 1
056644 1
043816 1
000444 0
091214 0
116163 0
044145 1
218882 0
218368 1
182937 0
044948 1
078716 0
163504 0
077418 0
044085 0
056638 0
038656 1
043935 2
035488 0
203373 0
218365 0
205303 0
086482 1
044902 0
218944 0
043805 1
086468 1
057367 1
038683 0
036250 1
042887 0
212092 0
203775 0
036599 0
044630 0
045964 0
035805 1
274728 0
059403 1
109039 1
037639 0
044596 2
109054 1
039413 1
289164 0
289054 0
191876 0
289091 0
080617 0
203246 0
037634 1
191209 0
044618 1
037047 1
044572 1
050891 1
216470 0
162117 1
214064 0
044007 2
212952 0
268198 0
044020 2
049010 0
135413 1
121160 0
044570 1
044690 1
215106 0
218591 0
218082 0
155624 0
211252 0
215364 0
204114 0
204952 1
268307 0
079001 0
036906 1
202925 0
044564 1
044118 1
044104 1
037067 1
044563 1
046570 1
220596 0
051340 0
044455 0
045754 0
010494 0
023130 0
039121 2
082320 0
038839 1
045357 1
116077 0
024284 0
176095 1
041352 1
024246 0
043992 1
009297 0
045038 0
016748 0
274612 0
043773 0
210399 1
044261 1
209739 0
051036 0
175199 1
269010 0
051501 0
113801 0
037696 0
116172 0
068729 0
219357 1
042546 1
205137 0
042568 0
115109 0
020010 0
267801 0
034046 0
152118 0
035819 0
036071 1
217379 0
119297 0
101771 0
203283 0
211016 0
203930 0
132533 0
079520 0
090513 0
037564 1
044672 0
037695 0
199477 0
036760 0
213009 0
044567 1
277986 0
114841 0
116349 0
152436 0
218230 0
217347 0
216256 0
217756 0
193903 0
262524 0
040247 0
260131 0
162432 0
204126 0
046371 1
044065 2
273746 0
044086 0
044482 0
040914 1
039694 0
040791 2
215326 0
127095 0
003705 0
044066 0
027120 0
207230 0
044316 0
276131 0
044069 0
218583 0
052748 0
117866 0
077961 0
087015 0
215403 0
204798 0
091114 0
090692 0
088254 0
035708 1
044147 1
003654 0
043951 2
136367 0
078274 0
218005 0
051505 1
022548 0
050684 2
000269 0
024295 0
035556 0
261825 0
016214 0
022508 0
016007 0
050386 0
000629 1
213217 0
006789 1
038093 0
044112 1
209519 0
001828 0
035284 1
035287 1
035305 1
035314 1
035385 1
035421 0
035430 0
085781 0
022325 0
023285 0
023924 0
216036 0
050371 0
044047 0
058733 0
044697 0
035303 0
041937 0
037122 0
018465 0
078277 0
280816 0
209973 0
208550 1
208939 0
043358 1
222063 0
123007 0
213561 0
038810 0
081149 1
042670 0
218354 0
035885 1
107691 0
205148 0
205200 0
091654 0
274608 0
045927 0
213917 0
013547 0
219755 0
207066 1
037819 0
218483 0
208804 0
045326 0
041020 0
167966 0
208222 0
042194 0
107987 0
127989 0
081696 0
158810 0
117311 0
040039 2
012258 0
213240 0
203688 0
055703 0
203704 0
080076 0
028750 0
056144 0
036060 0
204294 0
099427 0
043124 0
077520 0
138040 0
110678 0
078995 0
044886 0
218425 0
021527 0
037882 0
209844 0
205843 0
109323 0
049164 0
109554 0
034949 1
090577 0
035244 1
090705 0
033364 0
152077 0
046694 0
283061 0
116902 0
029059 0
078774 0
021182 0
110430 0
019273 0
039440 0
217463 1
220424 0
218122 1
216304 0
214800 0
045782 0
243840 0
244957 0
048305 0
090964 0
037391 0
023213 0
036543 0
029979 0
214732 0
027253 0
204188 0
206822 0
137017 0
269077 0
045658 0
094411 0
081677 0
280800 0
048244 0
208706 0
075035 0
201005 0
051409 0
038237 0
021747 0
204101 0
035313 0
088248 0
071253 0
216514 0
050962 0
216691 0
269322 0
118010 0
214302 0
285877 0
023123 0
001711 0
000401 0
074524 0
079865 0
267436 0
023450 0
046550 0
114452 0
115548 0
018732 0
037279 0
219824 0
143584 0
217274 0
005767 0
217859 0
047662 0
076521 0
267282 0
210139 0
001185 0
118636 0
262196 0
058587 0
082315 0
212307 0
049403 0
009755 0
204577 0
045562 0
020785 0
037389 0
014916 0
217440 0
235399 0
269717 0
191399 0
204089 0
216658 0
204470 0
195086 0
012932 0
050918 0
066157 0
036963 0
085071 0
098524 0
113504 0
044209 0
115688 0
008187 0
269698 0
193760 0
268161 0
217769 0
218200 0
216074 0
201178 0
038382 0
051544 0
222713 0
137014 0
214672 0
157731 0
163311 0
033689 0
210537 0
175423 0
041668 0
216895 0
213400 0
214267 0
236904 0
158155 0
086565 0
044087 0
217883 0
020562 0
077875 0
156395 0
183711 0
034643 0
110417 0
035989 0
044458 0
118828 0
207171 0
219497 0
199600 0
045180 0
044159 0
043948 0
093877 0
210993 0
030429 0
218307 0
045182 0
207372 0
050279 0
049337 0
219130 0
223263 0
204198 0
058548 0
088880 0
288108 0
043600 0
209755 0
174925 0
067803 0
096345 0
205398 0
079239 0
210555 0
043538 0
204448 0
115622 0
035656 0
070773 0
056634 0
037206 0
021997 0
005484 0
203851 0
078870 0
097746 0
214457 0
145793 0
088467 0
022278 0
093575 0
046258 0
222336 0
099185 0
068480 0
281326 0
183281 0
093363 0
214137 0
248979 0
021602 0
113997 0
244844 0
175874 0
046299 0
204403 0
020299 0
211420 0
118385 0
079131 0
005018 0
028119 0
037221 0
071527 0
037798 0
092914 0
019505 0
176609 0
039805 0
020202 0
210231 0
023248 0
022153 0
142956 0
036897 0
045499 0
130954 0
021995 0
045855 0
062389 0
217674 0
012468 0
089085 0
217852 0
266977 0
058926 0
023136 0
014059 0
050376 0
261736 0
099378 0
066149 0
268923 0
206859 0
212097 0
021736 0
035554 0
220885 0
008670 0
068338 0
219021 0
218823 0
216489 0
259087 0
093295 0
224262 0
069147 0
133238 0
240053 0
021583 0
012356 0
173501 0
267825 0
000495 0
200422 0
209463 0
223443 0
204989 0
134417 0
022838 0
123352 0
062629 0
092150 0
217344 0
087709 0
023377 0
036982 0
135141 0
212906 0
044266 0
203433 0
008998 0
169842 0
239573 0
164061 0
052734 0
097624 0
033303 0
077384 0
044044 0
253050 0
191218 0
206103 0
112268 0
007737 0
216313 0
162727 0
087372 0
051579 0
216663 0
082531 0
022049 0
037791 0
217690 0
162676 0
275438 0
040585 0
168538 0
036749 0
036828 0
090436 0
041219 0
001140 0
078679 0
214874 0
128785 0
068947 0
209616 0
045255 0
019240 0
035285 0
008262 0
114519 0
056162 0
066553 0
218764 0
207434 0
005184 0
203754 0
029268 0
215123 0
265355 0
268431 0
050608 0
042013 0
209481 0
090476 0
011195 0
204980 0
191332 0
068070 0
155589 0
218114 0
208913 0
036540 0
213371 0
015752 0
077363 0
042509 0
128533 0
115435 0
159264 0
217454 0
075874 0
050681 0
215229 0
009287 0
040573 0
030218 0
150154 0
155692 0
164501 0
084731 0
205497 0
045467 1
044862 0
135289 0
258491 0
269033 0
219620 0
266761 0
164312 0
205757 0
078797 0
045104 0
197436 0
216149 0
204405 0
268225 0
043744 0
098530 0
214261 0
224798 0
287462 0
174699 0
045348 0
049062 0
044715 2
217401 0
044720 1
164412 0
044714 0
124321 0
005746 0
216570 0
035807 0
018324 0
212623 0
206457 0
181529 0
268557 0
045390 0
016302 0
197710 0
078713 0
216904 0
198767 0
019342 0
273748 0
044500 0
048767 0
000162 0
043975 0
116950 0
167326 0
209644 0
231561 0
139580 0
023326 0
002342 0
202907 0
120360 0
205759 0
213292 0
052067 0
169623 0
015702 0
068204 0
116160 0
214373 0
216118 0
035420 0
216656 0
050709 0
217964 0
112310 0
088247 0
271413 0
010485 0
098512 0
039083 0
019129 0
268176 0
215553 0
115099 0
114393 0
138694 0
109646 0
021557 0
068578 0
099238 0
007552 0
156496 0
206501 0
217574 0
036448 0
055563 0
038351 0
210644 0
097914 0
115565 0
116068 0
201870 0
125035 0
169230 0
227537 0
043933 0
035938 0
090602 0
044082 0
283074 0
003594 0
218847 0
077526 0
145792 0
039821 0
202850 0
206146 0
081680 0
100540 0
037715 0
209046 0
209659 0
079508 0
167562 0
133501 0
119397 0
212978 1
213483 0
213544 0
203272 0
213085 0
213513 0
214314 0
090865 0
203476 0
203441 0
213125 0
163756 0
218974 0
289907 0
045328 0
045838 0
118184 0
031282 0
084321 0
222280 0
204600 0
117992 0
076497 0
218814 0
169843 0
056058 0
203572 0
028671 0
288320 0
023179 0
025274 0
206824 0
127154 0
011288 1
043121 0
115290 0
203397 0
264833 0
037742 0
011371 0
222234 0
208938 0
094323 0
095948 0
047575 0
200747 0
046671 0
009483 0
134773 0
128157 0
132391 0
042302 0
037837 0
207568 0
035623 0
022746 0
