051099 2
054715 0
054407 0
059396 0
053703 0
019248 2
222456 0
277543 2
022495 2
277523 2
083069 2
022411 2
026099 0
082783 2
135172 2
088138 2
050963 2
080280 1
003562 2
051087 2
122348 2
088112 2
135170 2
134309 2
088131 2
122350 2
135179 2
010046 2
122351 2
082609 2
056361 2
057368 2
051033 2
135374 0
081175 2
022232 0
082591 2
056316 0
007987 2
121394 2
071084 2
104258 2
071085 2
104257 2
081121 2
080427 2
082759 2
202193 2
080965 2
057131 0
080356 2
052712 0
202208 2
081013 2
113705 2
169436 2
082744 2
080399 2
134288 0
050137 1
182934 2
080993 2
019406 0
054720 2
121379 0
052696 0
004440 2
202245 2
223313 2
223318 2
210232 0
182919 2
198416 2
182918 2
202386 2
050124 2
138812 0
082391 2
149736 0
182922 2
080720 2
080756 2
138865 0
200629 2
136448 0
200230 2
082386 2
199195 2
200626 2
200630 2
213258 2
213275 2
199046 2
220721 2
220725 2
055470 2
213616 2
049841 2
168464 2
082646 2
219939 0
056866 0
080309 2
199169 2
156681 0
146406 2
138813 0
056808 2
047210 0
082547 2
263747 2
080722 2
056707 2
082500 2
080747 2
057019 2
083910 2
053228 2
220905 1
220966 2
263741 2
029875 2
181551 2
056529 1
054097 2
052268 2
054875 2
055463 0
267543 0
053561 2
029888 2
054926 2
052140 2
052269 2
050164 2
053013 0
056505 0
053170 0
052129 2
055523 0
051006 0
056486 2
052771 2
054563 0
052724 2
047018 0
083907 2
138668 2
055047 0
181537 2
082594 2
054194 2
054127 2
161806 2
053322 0
053476 1
054675 0
053627 0
048663 2
052537 2
054076 2
056087 0
048557 0
055712 2
064283 0
082618 2
267832 0
056473 0
111645 2
053319 0
111680 0
267565 0
054088 0
054916 0
054877 2
059343 0
064282 0
053381 0
082544 2
080365 2
057100 2
056857 0
082690 2
082692 2
080543 0
082598 2
080763 2
082660 2
080691 2
080782 2
082521 2
113721 2
080565 0
080791 2
055486 2
052516 2
080772 2
199994 2
084108 2
084107 2
052800 2
080713 2
080773 2
116411 2
080736 2
138802 0
080712 2
055599 2
080724 2
080449 2
080397 2
059400 0
052755 2
082244 2
080520 2
054798 0
116415 2
144656 2
048456 2
080682 2
080753 2
144615 2
080398 2
051402 2
054442 2
006580 2
055391 0
110933 2
054002 0
051359 2
110901 2
056744 2
055146 2
080588 2
082708 2
080514 2
057372 2
082711 2
053271 2
048384 2
077667 2
267459 2
080582 2
052720 2
080265 2
080447 2
082803 2
056342 2
080735 2
202631 2
080368 2
080149 2
082286 2
082300 2
080498 2
047658 2
055991 2
053200 2
082504 2
055311 2
049908 0
080729 2
054487 2
048181 2
055416 2
056430 2
055478 2
057128 0
053293 2
056741 2
047581 2
082797 0
054884 2
056680 2
080783 2
054049 2
054761 2
056187 2
056341 2
056492 2
080381 2
084847 2
223288 0
054896 2
055587 0
053602 2
056278 2
054331 2
080379 2
054869 2
236098 2
056755 2
055291 2
055645 2
056457 0
056097 2
054876 2
055588 2
056962 2
055880 2
093742 2
055185 2
055982 2
080611 2
056095 2
052177 2
057330 2
080723 2
052954 2
050224 2
080613 2
080708 2
053521 2
063658 2
060953 2
082329 2
080357 2
056511 2
056622 2
084127 2
053408 0
059371 2
082808 0
063807 2
039786 0
052932 2
082791 0
056326 0
080714 2
056700 2
080784 2
053534 2
080471 2
080571 2
080495 2
093611 2
030259 2
057335 2
080669 2
263346 0
080711 2
080349 2
080770 2
080341 2
055488 2
056714 2
080570 2
054218 2
030859 2
080702 2
080768 2
076879 0
263387 2
080657 2
163108 2
080340 2
039718 0
080700 2
052613 2
080466 2
080584 2
055487 2
054899 2
080474 2
053591 2
052837 2
057376 0
053000 2
056841 2
080740 2
055910 0
053159 2
055381 0
228639 2
080602 2
056615 2
080685 2
080597 2
055164 0
055550 0
080785 2
056127 0
080796 2
055162 2
050250 2
056070 2
054166 2
053423 2
080469 2
159804 2
053512 2
070975 2
104148 2
056851 0
090281 2
080701 2
054740 2
100425 2
082673 2
054210 2
062968 2
226994 2
051031 2
080718 2
056498 2
056737 2
054857 2
080754 2
053015 2
285181 2
050202 2
048583 2
057032 2
080693 2
240947 2
055612 2
055270 2
050150 2
056738 2
080792 2
048434 2
056182 2
285184 0
056476 0
056843 0
057140 0
100426 2
055292 0
055384 2
080635 0
054531 2
052806 2
055308 0
052179 2
051127 2
285147 1
055876 0
054251 0
271306 2
083572 2
080793 0
053245 2
080360 2
089683 2
227074 0
054682 2
055456 2
030857 0
056742 2
082370 2
059273 2
080694 2
228749 0
053111 2
055101 0
056100 2
059821 2
227073 0
227093 1
057036 2
056461 0
055525 2
065922 2
054011 0
082422 2
062870 2
056789 2
053152 2
055331 2
227963 0
055262 2
059290 0
081428 0
236038 2
053705 2
056516 0
056226 0
163105 2
055148 2
061105 2
054895 2
052111 2
054887 2
055087 2
054530 2
271408 2
055329 0
061014 2
054904 2
052956 2
054471 2
055398 0
054727 2
211196 0
005617 2
056724 2
056503 0
054728 2
055438 2
053314 2
052302 2
082383 2
054820 0
056181 2
053839 2
054867 2
053001 0
053610 2
054811 0
054587 2
055287 2
055068 2
052598 2
049042 1
052833 2
082562 0
052515 2
089022 2
230312 0
055895 2
053375 2
052953 2
082682 2
055600 2
055445 2
055200 2
053094 0
056770 2
056835 0
052815 0
053285 2
055276 0
050143 2
050371 0
056507 0
052744 2
053250 2
057317 2
051160 2
055385 2
054515 2
031645 0
230744 0
054529 2
055468 2
059298 2
056532 0
055323 0
057138 0
053003 2
080692 2
121762 0
051869 2
080591 2
243710 2
054409 2
057093 2
051842 0
054773 0
054202 2
050242 2
056419 0
053286 2
057334 2
055174 2
056695 0
054520 2
054871 2
052220 0
055723 2
230759 0
048603 2
056863 0
054283 2
055179 2
053597 2
053505 0
054227 2
054908 2
048202 2
054081 2
050588 2
050249 2
121752 0
057336 0
054234 2
055097 0
055541 2
035487 0
054817 0
054785 0
055613 0
054808 2
271307 0
054147 0
055390 0
055301 0
051005 2
054894 2
054090 2
056514 0
052561 2
023391 0
054834 2
055245 2
052361 2
060512 2
054201 2
053600 2
056716 2
201538 2
055710 2
006756 0
028796 0
053619 2
054901 2
056832 2
056263 2
083569 2
054732 0
056254 0
054480 0
049065 2
056186 2
054357 2
055871 2
054365 0
056397 2
054334 0
009293 0
121780 0
269199 0
050466 2
053243 2
224622 2
056467 0
175768 0
052965 2
051820 2
055918 0
054519 2
051819 2
057152 2
054278 2
052862 2
053141 2
052354 2
257418 0
053593 2
055392 0
257427 0
022292 0
053278 2
029849 0
052728 2
057353 2
054453 0
054577 2
056381 0
052610 0
055474 0
053124 0
080589 2
055692 0
056414 2
066264 0
048484 2
054445 2
083799 0
052301 2
059315 2
055309 0
043846 0
055159 0
052997 0
055592 2
056504 0
057145 0
076094 2
054170 0
056745 2
056839 0
054310 0
054279 2
052146 2
055190 0
049683 2
080284 0
083557 2
053753 2
053665 2
051582 2
054439 2
053241 2
053650 2
054488 0
054095 2
044050 0
081021 2
053687 2
057049 2
054179 2
056227 0
044038 2
057328 2
056384 2
056968 2
046870 2
055967 0
053050 2
051032 2
055356 0
055154 0
083518 1
055467 2
052495 2
052520 2
056044 0
052910 0
163241 2
015803 0
055089 2
080764 2
056151 2
080363 2
053485 2
054989 2
051780 0
054539 2
052911 0
051364 0
048750 2
053756 2
055500 0
055294 2
057311 0
084194 2
054094 0
050236 2
056061 2
055091 0
053552 2
080715 2
084192 2
053974 2
054872 2
053007 2
056346 2
051337 2
054968 2
087324 2
052405 2
054277 2
052433 2
052780 0
056210 2
048906 0
048907 0
080346 2
056852 1
053878 0
050244 2
051376 2
051110 2
052846 2
052701 2
053107 2
083466 0
054429 2
150360 2
054544 0
055236 0
056493 2
211870 0
055282 2
052762 2
054540 2
083514 0
053691 2
054758 2
054987 2
059422 2
053686 2
083517 0
052838 2
049698 2
050214 2
054077 2
055471 2
055713 2
036170 0
056523 0
054452 2
056051 0
055516 2
055951 2
052659 2
049406 2
057002 2
084584 2
083465 1
056053 0
053163 2
051733 0
053185 2
059407 2
053011 2
056821 2
053054 2
054801 2
050251 2
049912 2
080978 0
048442 2
083208 0
081060 0
230776 0
083513 0
080484 0
052741 0
224630 0
052926 2
054971 2
054975 2
052748 2
055442 2
051486 2
057079 2
080207 1
053009 2
055992 2
051509 0
051615 2
053704 2
053272 2
055738 2
081037 2
075515 0
080480 0
052882 2
001558 0
053076 2
052726 2
052591 2
157745 0
011210 1
078186 0
080221 2
056114 2
021770 0
055258 2
080171 2
052776 2
054753 2
059462 0
053477 2
053478 2
053479 2
083198 1
113508 0
158515 0
052871 2
059909 0
055160 0
048142 0
050414 1
082455 0
083483 0
054672 2
056794 2
001538 0
055995 2
056287 2
086428 0
054821 0
054138 0
052485 0
055790 0
056995 0
050241 2
222336 0
249697 0
051102 2
048531 2
056861 0
112682 0
051004 2
052722 2
053046 2
050778 2
055908 0
052555 2
052686 0
053039 0
052923 2
052657 0
052998 2
054274 0
053150 0
053158 2
052586 2
055036 0
055060 0
151125 0
053071 2
048831 2
235068 0
054638 2
056735 2
055412 0
049117 2
055621 0
083191 2
056485 2
047551 0
056307 2
050323 2
053030 2
054281 0
054714 2
050670 2
054787 0
055145 2
033175 1
050142 2
059890 0
050837 2
050426 2
056415 0
054803 2
054558 0
056870 0
059879 0
053738 2
056530 1
053020 2
056152 2
052567 2
054224 0
056324 0
052738 0
052939 2
054003 0
056358 2
055142 0
053867 2
056773 2
166498 0
166499 0
055539 0
053223 0
098844 0
055216 0
054665 2
062341 0
080730 2
055521 2
048416 2
053841 2
056019 2
062343 0
054045 2
090645 0
166093 0
166094 0
056448 0
090196 0
007807 0
046923 2
050331 0
054535 2
081427 0
052866 2
052865 2
052938 2
052544 2
053040 0
054526 2
051034 2
155603 0
050865 0
056515 0
052950 2
267325 0
084586 0
267231 2
011997 0
056218 2
031705 0
006394 0
050826 0
054117 2
080420 0
049230 0
225135 0
024411 0
056629 2
058831 0
052509 2
271310 0
056627 2
052840 0
052491 0
074727 2
052585 2
057077 2
057252 2
057253 2
057254 2
050118 2
056506 0
055875 0
144280 0
065884 0
013484 0
052785 2
053044 2
056820 2
055447 0
038692 0
151167 0
054225 0
052743 0
052649 2
052427 0
002396 1
077808 2
281678 0
055784 0
055122 2
010891 2
049057 2
056047 0
054800 2
016865 0
024350 0
024444 0
064375 0
283598 0
052729 0
093584 0
050116 2
052648 0
133270 1
052553 2
056131 2
054387 2
052764 2
052638 0
056018 2
026709 0
257779 0
049696 0
052340 0
055542 0
056850 0
055706 2
054962 0
052887 2
052896 2
224970 0
057139 0
055877 0
013811 0
056318 0
054707 2
053745 2
053213 0
054066 2
052542 2
055435 0
078158 0
052517 2
053828 2
054601 2
271761 0
002325 0
054415 2
055123 0
052779 2
048792 2
255353 0
015742 0
054393 0
052742 0
072054 1
072432 1
072735 1
072998 1
073258 1
073514 1
073776 1
074033 1
074293 1
105227 1
105605 1
105908 1
106171 1
106431 1
106687 1
106949 1
107206 1
107466 1
250556 0
129876 0
056723 2
054898 2
113400 0
054928 0
035784 0
048488 2
048491 2
126359 0
164202 0
083639 0
055720 0
140752 0
153432 0
056289 0
054921 2
052684 2
271308 2
071422 0
104595 0
057141 0
057338 2
137402 0
052768 2
052678 0
052521 2
052440 0
053810 0
230951 0
049671 2
053070 0
116895 0
054105 0
157744 0
015895 0
055888 2
179595 0
056200 0
055774 0
138675 0
279848 0
061809 0
024533 0
055280 0
054983 0
050429 2
050483 0
197395 0
055401 2
056239 2
111402 0
192220 2
052790 0
158525 0
013517 2
057310 2
082574 2
132324 0
052580 2
013459 0
052550 2
052551 2
057318 0
053057 0
053831 0
048719 0
081092 2
028329 0
081101 2
010972 1
048810 0
238773 0
056422 2
050621 2
069423 0
102596 0
048446 0
075155 0
017380 0
129527 0
129531 0
052633 2
050347 0
052609 2
013359 0
275735 0
057302 2
277841 0
052700 2
054662 2
013543 0
169098 0
052685 0
057147 2
056774 2
047723 0
052027 2
052429 2
054966 1
048940 2
095460 0
009577 0
075599 0
053294 0
251093 0
057329 2
003995 0
057136 0
030568 0
225338 0
067473 0
203661 0
118074 0
053386 2
110075 0
055506 0
055490 2
054763 0
056502 0
081819 0
018314 0
056780 0
054954 0
055157 2
056460 0
052891 2
169691 0
052884 0
055461 2
056134 0
056311 0
081811 0
100905 0
056240 2
053670 2
056031 2
054196 0
055419 2
053458 0
052581 0
080148 2
077347 0
080268 2
055453 0
152432 0
049884 0
026678 0
081685 0
056163 0
111126 2
055018 2
052900 0
080267 0
055031 0
254082 0
054197 0
193555 0
067223 0
267397 2
267406 2
267412 2
267414 2
055886 0
267396 0
229741 0
012348 0
055691 0
010653 0
277391 0
161154 0
282522 0
084129 0
224415 0
056522 0
054951 0
038734 0
050845 0
055310 0
235123 0
006460 2
052364 2
281775 0
083460 2
094457 0
233360 0
050113 0
053736 2
136171 0
055434 0
054677 0
231240 0
052901 0
205675 0
208066 0
054528 0
055273 0
055020 0
023244 0
289158 0
289361 1
289050 0
055212 0
003838 2
056136 0
050013 0
011216 0
053568 0
226944 0
013836 0
275663 0
050704 0
199194 0
048129 0
085150 0
056248 2
050213 2
049697 2
053595 2
051008 0
056153 2
224849 0
046507 0
036517 2
239582 2
057244 0
239581 0
109956 0
052037 0
049843 2
055655 0
153522 0
065805 0
056091 0
053559 0
050373 0
054060 2
196679 0
053986 2
048197 2
054321 2
084456 0
044270 0
054900 0
046766 2
054273 2
056028 0
235486 0
269301 0
209748 0
056469 0
286093 0
026690 0
055585 2
227736 0
057132 0
054160 0
054679 0
055520 0
054523 2
038602 0
055884 0
051120 0
144174 0
055850 0
055118 0
026979 0
067247 0
082512 0
056459 0
151259 0
118386 0
056149 0
056192 0
052681 0
090695 0
224865 0
054542 2
055007 0
220066 0
051122 0
054789 0
052171 0
238921 0
047397 0
053723 0
052313 0
054505 0
056284 2
083542 0
056286 2
056285 2
054536 0
081756 0
097355 0
159225 0
055501 2
136811 0
013522 0
055074 0
193576 0
012849 0
059411 2
170268 0
059439 0
054940 0
164408 0
055288 2
052012 2
010844 0
052006 0
176519 0
098746 0
029105 0
112661 0
053281 2
045036 0
055968 0
052872 2
055404 0
064580 0
054140 2
055426 0
055696 0
216906 0
054545 2
051403 0
053560 0
083461 0
054115 2
273194 0
056975 2
055269 0
046624 0
159259 0
057358 0
160123 0
019548 0
065246 0
239596 0
192018 0
054016 0
057150 2
032116 0
053725 2
167046 0
126648 0
053635 0
152356 0
022110 0
064460 0
138401 0
280512 0
176609 0
055947 0
056269 2
123516 2
056082 0
123499 0
275980 0
056011 0
226860 0
281181 0
219559 0
092491 0
056521 0
084591 0
178390 0
054275 2
079536 0
267300 2
267299 1
267250 1
051418 2
066606 0
267233 2
267251 0
051387 2
267232 1
267228 2
267305 0
267277 1
267246 0
267245 2
052711 0
053382 2
055827 0
053574 0
056520 0
056867 0
053194 0
055643 0
041994 0
254292 0
053578 0
054375 0
054981 0
267252 0
272760 2
075040 0
273537 0
144006 0
190817 0
085924 0
049079 0
056762 2
055240 0
267253 0
135716 0
097318 0
003937 0
212612 0
001890 0
055110 0
049383 0
056215 0
062606 0
137736 0
087919 0
056245 0
266929 0
025471 0
199326 0
052839 0
127097 0
039895 0
056528 1
056390 0
221799 0
259079 0
056759 2
001360 0
056760 2
202612 0
054485 0
118786 0
053997 0
081934 0
054006 0
056036 0
219673 0
013761 0
013477 1
257068 0
013446 0
010918 0
052855 2
138272 0
053079 2
143852 0
055072 0
056610 0
026234 0
055263 0
138861 0
053391 0
003841 0
049189 0
002255 0
000868 0
273638 0
041594 0
052947 0
278437 0
056472 0
205934 0
208242 0
083629 0
118360 0
063971 0
193061 0
013494 0
054967 0
185795 0
055602 0
010921 0
056338 2
048441 0
081534 0
114952 0
056071 0
053438 2
225747 0
052524 0
052747 0
052496 2
202792 0
071810 2
104983 2
059457 2
053690 2
055524 0
052718 2
050492 0
235020 0
054557 0
270286 0
056621 0
262052 0
053977 0
094599 0
144209 0
025828 0
052843 0
067061 0
144037 1
055845 0
013133 0
145619 0
144043 0
051929 2
053036 2
006008 0
052934 0
050956 0
054564 2
056501 0
053026 2
278962 0
053520 2
052280 0
055477 2
053101 0
108460 0
056483 0
054270 0
054937 0
222753 0
062931 0
016305 0
052931 2
262121 0
050947 0
262748 0
050177 0
054402 0
055457 0
029228 0
055244 2
076414 0
050613 0
054513 2
170354 0
097990 0
077758 0
056206 2
277898 0
054350 0
053759 0
055976 0
052857 0
278366 0
165656 0
044489 0
054892 0
056008 0
054389 0
056327 0
055873 0
054902 2
160021 2
159953 0
230946 0
195629 0
064907 0
068000 0
221667 0
024000 0
055860 0
055659 0
030108 0
006356 0
000608 0
049816 2
007026 0
052371 2
158425 0
052352 0
047495 0
064744 0
055733 0
025523 1
014989 0
140069 0
242518 0
069285 0
276751 0
221959 1
224045 0
281713 0
052435 0
095741 0
057333 0
080377 0
221643 0
055235 0
055469 0
124272 0
045001 0
224924 1
200355 0
224925 2
224892 2
056165 0
224930 0
052766 2
220010 0
115384 0
169141 0
054308 0
097471 0
230682 0
276982 0
077666 0
056351 2
056350 2
229281 0
056353 2
056354 0
056352 2
010723 0
020198 0
068072 0
144925 2
230525 0
055345 0
227123 0
052636 2
053815 0
052694 0
035764 0
056635 0
238158 0
123265 0
274087 0
235840 0
081988 0
201600 0
136215 0
052892 0
052727 0
099490 0
050326 2
182986 0
041014 0
168287 0
284266 0
118902 0
007041 0
070349 0
203787 0
056374 2
056026 0
053032 0
052730 2
065544 0
005863 0
275185 0
050931 0
013515 0
231368 0
056812 0
052794 2
218131 0
052746 0
055990 0
056859 0
108127 0
270915 0
013438 0
163209 0
052224 0
255371 0
241995 0
229343 0
156341 0
080253 2
168411 0
052859 0
056518 0
056199 0
053524 0
087265 0
080809 0
010661 0
225188 0
064566 0
265461 0
055499 0
055828 0
062192 0
013132 0
052826 0
044434 0
160278 0
025803 0
081209 0
097874 0
053677 0
227876 0
052574 0
055410 0
056250 0
212443 0
054631 0
055170 0
274147 0
057146 2
055672 0
126294 0
273590 0
083625 0
055617 0
050254 2
086262 0
050372 0
055909 0
054674 0
021760 0
040130 0
056856 0
055889 0
015506 0
224512 0
117193 0
057144 0
010907 2
052788 0
011145 0
013440 0
052695 0
057297 0
026714 0
076240 0
056207 0
236543 0
223375 0
169099 0
167604 0
267405 0
275725 0
271619 0
043747 0
055187 0
275662 2
267815 0
275914 0
276236 0
114188 0
050592 0
271431 0
053034 2
110011 0
053171 0
053142 1
053023 0
179651 0
054996 0
055014 0
010958 0
060244 0
054503 0
170592 0
054914 0
163914 0
068821 0
216416 0
053042 0
269201 0
055219 0
080593 0
053017 0
056509 0
025804 0
056842 1
205340 0
183763 0
080823 0
076137 0
048476 0
054198 2
169948 0
225913 0
057098 0
023660 0
000791 0
055519 0
080671 0
058142 0
062365 0
082188 0
011324 0
084137 0
085380 0
274803 0
137707 0
222307 0
096376 0
276233 0
229743 0
266165 0
013441 0
262827 0
054754 0
188321 0
154155 0
045002 0
164425 0
063178 0
262369 2
273990 0
262328 2
262387 0
257182 0
265712 0
257170 0
265738 0
236490 0
050243 0
054532 2
057021 2
006482 0
055243 0
054230 0
054537 0
169969 0
051223 0
054466 0
269278 0
053642 0
055180 0
143595 0
180204 0
231055 0
056276 2
053066 0
083989 0
270714 0
039134 0
069158 0
054583 0
257196 0
111418 0
109412 0
083035 0
051025 0
052955 2
054543 0
052918 0
052915 2
052870 0
048448 0
138745 0
053210 0
054481 0
054153 0
009881 0
165746 0
052411 0
053743 0
087596 0
012645 0
265740 0
067415 0
077654 0
054860 0
050936 0
057142 0
114956 0
173461 0
027434 0
056386 0
056442 0
003882 0
081802 0
271829 0
034973 0
056869 0
056477 0
053724 2
190199 0
049996 0
138941 0
056833 0
058502 0
277844 0
051256 0
055963 0
287690 0
010919 0
054831 0
013458 0
055141 0
053879 0
070229 0
027461 0
150685 0
083550 0
054561 0
055307 0
053551 0
235488 0
053550 0
056743 0
053872 0
164917 0
013496 0
123680 0
052803 0
035592 0
048963 0
179583 0
048292 0
031462 0
227948 0
224940 0
002766 0
055492 0
057370 0
144207 0
026699 0
091372 0
189889 0
092652 0
049507 0
201495 0
078533 0
098419 0
054910 0
151059 0
158865 0
215995 0
053630 0
064540 0
274173 0
031794 0
123390 0
079504 0
085303 0
136212 0
287402 0
223822 0
052706 0
030348 0
170804 0
045034 0
013626 0
081983 0
193609 0
258393 0
221983 0
010462 0
063563 0
036592 0
226858 0
082520 0
056464 0
051115 0
048996 0
268538 0
052532 0
056023 0
215425 0
272262 0
053751 0
055407 0
020421 0
007835 0
167596 0
033028 0
097660 0
054534 0
054702 0
139302 0
272819 0
279219 0
136255 0
050315 0
