194093 2
071204 1
104377 1
071197 1
104370 1
279949 0
193574 2
194101 2
193567 2
202637 1
202635 2
266162 2
199484 1
199460 1
195746 2
128516 2
266163 2
202641 2
128517 1
149438 2
128556 1
196796 2
195747 2
190850 2
199454 0
014582 1
196798 1
149452 2
128559 1
227400 2
202640 1
170268 0
263608 0
190783 1
138807 2
195754 2
138819 1
220363 0
196321 2
170266 0
246616 0
196347 0
250119 0
202375 2
195760 1
196589 0
196253 2
207446 1
196307 2
196251 2
261747 2
202112 2
264963 2
273846 0
081906 0
192004 2
202122 2
152578 0
191964 2
196272 2
227402 2
265268 0
245978 0
152595 0
201273 0
016215 0
202931 1
201727 2
011758 2
202934 1
058787 0
234614 0
247888 0
213599 0
123732 0
027032 0
162613 0
260653 2
137196 0
071434 2
104607 2
075980 0
058790 0
011394 0
201737 2
201752 1
201781 2
260660 2
071405 1
104578 1
224068 1
223996 1
223950 0
233314 1
202936 0
201929 2
226412 0
232213 0
226469 0
232233 0
264171 0
264964 2
233301 1
201938 2
196282 2
147134 2
264166 0
147133 2
196252 2
202834 0
232206 0
008415 0
201748 1
201734 1
201740 1
230375 0
259817 0
095410 0
145521 1
018018 0
202135 2
254686 0
095300 0
202151 2
090146 0
017415 0
137508 0
229177 0
259793 0
014663 0
202148 2
202157 1
013195 0
202156 1
257093 1
140691 0
140650 0
257107 1
202134 1
078302 0
207490 1
201792 1
204850 0
205224 2
205235 2
257508 0
017265 2
129618 2
004455 0
251324 1
066143 0
110893 0
262004 1
016925 0
074733 0
254140 0
194545 2
219274 1
074713 0
079967 0
003507 0
289911 1
257512 0
243190 0
261926 1
262765 1
262736 0
028824 0
273546 0
219267 1
235529 0
258855 0
262760 1
262757 1
266022 0
121962 0
196656 0
232890 0
239788 1
239789 1
152530 0
262885 0
239792 1
239790 1
239794 1
239793 1
239797 1
239782 0
239776 0
239778 0
239779 0
239774 0
239946 0
109712 0
111521 0
017919 0
218242 0
260768 0
262758 1
025891 0
262769 1
262771 1
262775 1
262782 1
257821 0
280576 1
280605 1
289475 1
131022 1
131015 0
123843 0
131011 1
263238 1
284576 0
083312 0
238194 0
257820 0
146512 0
131019 1
213893 0
226405 0
038990 1
123866 0
042151 0
226847 0
260828 0
130264 0
213890 0
190688 1
131026 0
280577 0
157981 0
005406 0
160700 0
123266 1
260126 1
151705 0
123309 0
149459 0
205950 1
070763 0
205983 1
256364 0
228603 1
144118 0
228602 1
228601 0
133949 0
164883 0
129375 0
080100 1
080097 0
126210 0
275434 0
141401 0
184418 0
095981 0
257278 0
264453 0
279821 0
220146 0
257655 0
039555 0
078123 0
014859 0
109680 0
206742 1
191406 0
188892 0
108869 0
202842 1
257458 0
205290 0
035540 0
008000 0
260348 0
196647 1
100270 0
266575 0
203431 0
131023 0
149797 0
277066 0
077797 0
260661 1
200627 0
275793 0
109705 1
109694 0
109031 0
109077 0
132688 0
260762 0
029105 0
275727 0
051813 0
136834 0
027374 0
281836 0
264416 0
054429 0
033407 0
