038793 1
002426 1
046428 2
112106 1
113419 1
199083 1
113309 1
114502 1
114495 1
113324 1
113123 1
113496 1
113378 1
113369 1
113477 1
113502 1
113388 1
025494 2
207265 0
113768 1
113781 1
113769 1
113355 1
113489 1
113688 1
113455 1
113470 1
113693 1
113380 1
113317 1
113942 1
113399 1
079635 1
113485 1
038800 1
041854 0
259182 1
113311 1
113374 1
113936 1
114938 1
043000 0
045229 2
045228 2
113277 1
045236 2
044676 2
046039 2
043380 0
045230 2
046162 2
113975 1
113439 1
113441 1
074739 0
044604 2
113782 1
150025 0
113973 1
044608 2
113475 1
113708 1
113765 1
075023 0
113505 1
113777 1
113510 1
123139 0
080136 0
126332 0
113480 1
268861 0
150055 0
160155 0
075568 0
007875 1
198449 0
078903 0
198430 0
113326 1
262577 1
131217 0
079668 0
249460 0
247578 0
114254 1
191745 0
114260 1
113702 1
025505 1
113405 1
113527 1
113440 1
113407 1
113401 1
113778 2
113434 1
111584 1
015136 1
159415 0
078804 0
113518 1
075430 0
196069 1
113360 1
113571 1
114410 1
114215 1
113511 1
016545 1
113673 1
113444 1
040866 0
159563 0
113545 1
113403 1
113433 1
113438 1
113431 1
078685 0
115515 1
115518 0
080076 0
113430 1
113723 1
022301 0
078678 0
126222 1
113504 1
025404 0
040762 0
113390 1
115525 0
264157 1
158252 0
173382 1
045135 0
038024 0
025152 0
076244 0
075387 0
075854 0
126253 2
158345 0
113413 1
126263 2
126271 1
126257 1
113720 1
113566 1
162893 0
113362 1
118898 0
114111 1
113531 1
127184 0
118899 0
113460 1
113359 1
148718 0
114944 0
127162 0
114950 0
114949 0
153363 2
118904 0
274564 0
034679 0
114953 0
113409 0
002288 2
116915 1
170190 0
170191 0
075392 0
153365 2
043310 0
177252 2
085756 2
162266 0
158107 0
113525 1
126659 0
113516 1
085776 2
113356 1
075643 0
116260 1
003000 0
017781 0
015734 0
114976 1
159754 0
076196 0
002152 0
075515 0
130720 1
287406 0
111541 1
074829 0
113526 1
175679 0
113528 0
222891 1
075782 0
078378 0
130684 0
113517 1
007813 0
113322 0
199467 0
117246 1
138617 0
088576 0
274317 0
136220 0
145832 0
138560 0
006712 0
022409 0
171672 0
150078 0
176581 0
081333 0
075348 0
003719 0
081165 0
199238 0
191731 0
090587 0
011980 0
078390 0
222377 0
114019 0
111610 0
133748 0
082736 0
257817 0
074943 0
033009 0
208442 0
268873 0
065841 0
069843 0
018271 0
079552 0
090867 0
014832 0
056007 0
159534 0
139422 0
052048 0
078926 0
233055 0
110638 0
168449 0
161649 0
062389 0
148455 0
124106 0
075065 0
275534 0
177387 0
005121 1
119527 1
117750 0
131900 0
157548 0
008916 0
134108 0
075708 0
120268 0
216554 0
277446 0
101736 0
078361 0
075279 0
121229 0
117484 0
003014 0
009206 0
074933 0
113036 0
193410 0
080066 0
139543 0
247994 0
008787 0
211888 0
089567 0
079037 0
120696 0
108708 0
113445 1
