111669 2
111692 2
130288 2
115900 2
111697 2
130252 2
007624 2
124256 2
111696 2
124249 2
117275 2
117325 2
139696 0
117387 1
108360 2
165010 1
165009 1
165006 2
116831 2
116998 2
252476 0
117338 2
252506 0
211460 0
165030 2
117503 2
124523 2
117582 2
117625 2
066037 0
124525 2
273746 1
262476 0
097012 0
226720 0
012815 0
005283 1
119771 1
273748 2
282429 0
252847 0
282434 0
282433 0
097076 0
141199 0
283268 0
004902 1
008427 0
204173 0
265809 0
204745 0
119791 1
009484 1
121949 1
005338 2
119843 2
121936 1
143536 0
136026 0
142790 0
113318 0
186119 0
238415 0
190421 0
116811 0
061140 0
123301 0
149446 0
141129 0
116817 0
226011 0
154230 0
108210 0
268962 0
129993 0
110559 0
089308 0
143162 0
126174 0
