256187 2
256429 1
256509 0
256204 2
256283 0
256341 2
256184 2
256342 2
256353 2
256398 2
256194 0
256157 0
256765 0
278461 0
256402 0
263018 0
286739 0
227148 0
023741 0
223918 0
087766 2
083568 1
080266 2
083230 2
084150 2
043624 1
043632 1
050537 1
046342 2
045776 1
041485 1
059257 2
044154 1
040149 1
078291 2
082624 2
065952 2
040906 1
077613 2
080022 2
080450 2
029387 2
029074 2
034760 1
033626 1
030856 1
100013 2
085081 1
085082 1
085068 2
057700 2
046055 2
030050 0
067255 1
067241 1
154998 2
155000 2
004595 1
129692 1
009038 2
012582 2
000329 1
258017 2
269285 0
151682 1
286668 1
286704 2
007605 2
162230 2
162298 0
111869 1
111870 2
057889 2
057882 2
075722 1
099581 0
265210 2
265322 2
260000 0
001143 0
012352 2
189482 0
003013 2
134229 2
244411 0
022532 2
012441 2
088011 1
115278 2
116006 2
009523 2
121982 2
170306 0
091902 0
265662 0
265676 1
260840 0
051434 2
046637 1
057711 1
033174 2
033297 0
064442 1
064453 0
036212 2
233217 2
233238 2
233237 2
233255 2
002094 2
232637 2
232639 2
232880 2
232604 0
261227 2
281877 1
259246 0
111570 1
111582 0
028289 2
257527 2
258330 2
263337 0
079578 2
085269 1
085253 2
233710 2
164644 2
111352 1
267185 0
009521 2
121980 2
009522 2
121981 2
124325 0
008726 2
052593 0
219498 2
057024 0
084391 2
084237 2
084394 0
200549 0
062104 1
063289 0
116786 0
245106 2
141536 2
008431 2
141305 2
141326 0
142105 2
008359 2
095524 0
009401 0
288779 2
288780 2
045183 0
289576 0
026892 0
079747 0
087542 1
087661 1
087559 1
084929 2
084888 2
087666 2
087725 2
087719 0
083668 1
045100 0
229648 0
158262 0
128163 0
169931 1
169983 0
263570 2
263571 2
219696 2
223119 2
223135 2
243674 0
155203 2
155029 0
140353 0
268459 2
279290 0
099323 0
100452 0
243901 2
243900 2
243883 2
279127 2
279130 0
094243 1
094472 2
094539 1
110996 0
090743 0
257621 2
155661 2
196288 2
196289 2
282665 2
282685 2
010348 0
148193 0
260212 0
204642 0
198589 0
231928 2
231975 0
266988 2
266991 2
267186 2
267193 2
267195 2
267198 2
284669 2
284681 2
284693 2
286657 2
286735 2
236157 2
236253 2
238506 2
239077 2
244455 2
244462 2
232586 2
232592 2
232620 2
232591 2
233791 0
233803 2
233807 0
233809 0
197921 2
197909 2
200721 2
200762 2
239076 2
244454 2
244461 2
238505 2
233790 2
233808 1
233802 2
233806 2
241865 2
233820 2
242056 2
242065 2
273090 0
233821 0
197910 2
197922 2
200722 2
200763 2
144692 2
244460 2
244453 2
286734 0
267192 0
241866 2
242057 0
242066 0
188749 2
264512 0
256627 0
288446 2
288557 2
288447 2
009596 2
005390 2
093883 2
093898 2
095588 2
100404 2
109983 0
095472 0
010042 0
043603 0
110449 2
110479 0
228913 2
228791 2
193830 0
066998 1
067489 1
067524 0
034692 2
192001 0
078405 0
000972 0
129930 2
262608 2
262613 1
262625 1
262667 0
287092 0
067746 0
054993 1
024397 2
024385 2
024283 2
022335 0
007443 2
024280 2
287814 0
194782 2
194784 0
067243 0
259435 0
018482 2
128764 2
194785 2
194805 0
194814 2
153500 0
046221 1
046173 2
046040 2
027994 1
044935 2
088523 2
088844 2
088725 2
230869 1
230855 0
070798 0
111470 2
111481 2
092902 1
092912 2
021844 0
000477 2
006169 2
008443 0
000300 2
014299 0
022258 2
065766 2
086454 2
086412 2
086411 0
010034 0
094222 0
029255 0
284855 0
001159 2
034377 0
023460 0
148344 0
131591 2
131592 0
242470 0
063791 0
000869 0
269445 0
045373 0
131642 2
131648 2
131675 0
135572 1
132017 0
011743 2
034554 2
034546 2
035810 0
281685 0
226071 0
094776 0
109969 0
257027 0
042079 1
000912 2
131639 0
140767 0
093659 0
236112 2
236135 0
227661 0
111865 0
030651 2
034179 1
192519 2
233805 0
243925 0
165053 0
067987 0
008057 0
075064 0
273959 0
287303 0
064444 0
090596 1
090622 2
166819 2
193705 2
193785 2
193792 0
193790 0
227632 2
227652 0
085198 0
260012 2
065983 0
064174 2
064168 0
131742 0
128548 0
000020 0
230868 0
098621 1
022390 0
152134 0
131054 0
259959 2
050824 0
273392 0
064056 0
022938 0
148809 0
280498 0
152473 2
152502 0
152488 0
168883 0
233317 2
233307 2
162229 2
162228 0
244882 0
126997 0
286473 0
154615 0
228604 0
200313 0
039559 1
039498 1
039522 0
039431 0
260082 0
227669 0
169984 0
159720 0
076423 2
076835 1
079652 1
076887 1
064613 0
061998 1
066306 1
268789 2
187116 0
267487 0
182198 0
123030 0
131559 2
131560 2
131561 2
131563 2
131562 2
131555 0
233390 0
262717 2
262687 2
170311 0
078280 1
202323 2
202272 2
202266 2
202305 0
054600 1
038777 0
055623 0
121921 0
112328 0
017255 0
008626 2
003997 2
002774 0
013191 0
084918 0
227826 0
263008 1
262710 2
262712 2
263338 1
263377 1
262731 2
262732 2
131667 2
131669 0
262702 0
264317 0
122851 0
235389 2
235407 0
100581 2
130878 0
260507 0
146336 2
235504 2
235539 2
103972 0
137951 0
233460 0
039473 0
269364 0
282759 0
263828 0
235193 0
146709 0
131605 0
066984 0
224519 2
224572 0
224677 0
224731 0
022317 2
022331 2
022321 0
224736 0
152491 0
000895 2
121257 0
013994 0
273664 0
000829 0
131683 0
024037 0
112037 2
044807 0
101027 0
192247 2
226799 0
001858 2
058531 0
235219 0
192485 0
286368 2
289809 0
285088 2
277932 0
279913 2
279717 0
283164 1
283178 2
283473 0
244592 0
050611 2
050346 0
058856 0
024102 1
024101 1
024044 1
023709 1
280852 0
050085 1
050081 2
244739 2
061187 0
061340 0
000870 2
190201 2
209943 2
154684 0
202826 2
220161 0
043771 0
071138 0
244568 0
062844 0
216287 0
081415 0
036412 0
154578 2
154549 0
168553 0
194086 0
096568 0
137946 0
064614 0
082415 0
269350 2
269351 2
269373 0
269376 2
269400 0
269297 0
020313 0
156019 2
211739 0
032367 2
032431 2
219402 0
284692 1
267196 0
029011 0
044793 0
088552 1
064508 0
170277 0
281951 0
253636 2
253718 2
045549 2
045545 0
286901 0
022338 2
179244 0
263376 2
071412 0
258329 2
257526 2
260081 0
223118 0
286927 0
202304 0
256858 0
087680 0
044661 0
060265 2
027217 1
037473 0
082417 0
280454 0
066039 0
257021 0
124631 0
016664 0
074607 0
147844 0
285006 0
264621 0
045575 1
045573 0
045574 0
200740 2
018094 0
169883 0
230390 0
233667 0
044904 0
186292 0
088179 1
087543 0
146479 0
279270 2
279277 0
027001 0
252654 0
069732 0
160382 0
260920 0
224583 0
256598 0
034433 0
201097 2
028010 0
201420 0
107840 2
107901 2
017746 2
129277 2
269733 2
064783 0
267990 2
023821 2
023719 0
133065 0
067752 0
052620 0
012042 0
094752 1
094848 0
011547 0
035351 2
035296 2
035132 2
035419 0
148211 0
033781 2
033401 0
022342 0
167545 0
280688 0
081280 0
128289 2
126942 0
040977 2
046497 0
255681 2
255622 0
255687 2
255698 2
255666 2
255719 0
255716 0
131665 2
260019 0
091075 0
111867 1
111785 0
066627 0
001451 0
091574 0
000971 0
150439 2
155850 0
094307 1
094341 2
178145 2
177979 0
178140 0
267194 0
175784 0
099588 0
090237 1
164536 2
164532 0
164534 2
257533 0
131679 0
180188 0
100461 0
061005 2
071174 0
261131 0
138728 0
063075 0
177821 0
008591 0
259332 2
282800 0
035779 0
285667 0
066242 0
227837 0
259576 0
051520 0
048604 0
270839 0
089703 0
169947 1
262679 0
233499 0
199225 0
041537 0
071125 1
104298 1
071102 0
104275 0
071024 1
104197 1
071019 0
104192 0
071022 1
104195 1
253496 2
253562 2
257104 2
257188 1
060825 0
284492 0
261191 0
126731 2
176884 0
101871 0
130209 0
270786 0
080336 0
175828 0
108834 0
014126 0
001025 0
227160 0
161074 0
056799 0
034432 2
131647 0
024870 0
024135 0
079715 0
085236 0
017398 0
198402 2
198462 2
199797 2
161190 0
193590 0
183337 2
183892 0
000813 2
127637 0
081070 0
195839 2
182210 0
224696 0
256597 0
010350 0
224666 0
067614 2
067611 2
067652 0
070565 1
103738 1
069638 1
102811 1
098871 0
035856 0
064077 0
016895 0
129623 0
182755 0
122669 0
032506 0
222554 2
222533 2
122553 0
220008 0
008060 2
121460 2
008034 2
121430 2
007982 2
121386 2
121372 2
121454 0
075320 0
170182 2
186454 0
079071 0
039458 1
040018 0
145988 0
095673 0
244561 0
053746 2
259993 2
156876 2
160011 0
114844 0
158414 0
175713 0
075924 0
018392 0
138487 0
126175 2
035394 0
170026 2
137592 0
157376 0
272822 0
178147 0
087760 0
058508 2
119574 0
143413 0
118865 0
095881 0
272932 0
224852 0
078776 1
285499 0
093810 0
051254 2
051133 0
147440 1
001004 0
029722 0
094954 0
179523 0
109985 0
023080 0
067774 0
097738 0
195635 1
143373 2
010775 2
048600 0
159719 2
159703 0
159686 1
142378 0
174560 0
005404 0
267197 0
109212 0
277296 0
258784 0
264514 2
264541 2
066081 0
138596 2
138597 2
138757 0
138863 2
132112 0
140830 2
161099 0
075116 0
131712 0
141032 0
174676 0
159247 0
121450 2
121451 2
121452 2
008058 0
121457 0
007043 0
124048 0
284999 2
285014 2
285016 2
285015 0
143487 0
258728 0
147177 0
126397 0
154956 0
150327 0
175410 0
186473 2
112291 0
133095 2
076481 0
183607 0
090745 0
066459 0
263829 0
021842 0
139419 2
140917 0
098353 0
228733 0
156427 2
156470 0
156469 2
156629 0
164929 0
160373 0
048545 0
273144 0
139360 0
129931 2
152809 2
152815 2
152818 0
152796 1
152801 0
182649 0
065227 0
152822 0
101751 0
001303 0
160877 2
160784 0
140033 0
012244 0
014253 0
022368 0
117691 0
200620 2
084884 0
045406 0
061795 0
122708 0
211384 0
066677 2
066694 1
066790 2
066857 2
066758 2
066650 2
070910 1
104083 1
012026 0
067081 0
224042 0
139369 0
026891 0
029908 0
130416 0
121453 0
161097 0
083184 0
234223 0
287549 0
139944 0
099248 0
199091 0
151197 0
064632 0
052557 1
145316 0
170468 0
064677 0
281861 0
060220 2
039544 2
183599 0
107995 0
087761 0
141318 0
082164 0
132131 0
199855 0
283798 0
183878 0
167951 0
084671 0
242544 0
002430 0
244306 2
244318 2
057573 0
257810 0
133206 0
232861 0
010902 0
123830 0
211771 0
157262 0
287098 0
170250 0
154589 2
154582 0
153373 2
154579 1
210617 0
148872 0
243678 0
188106 0
027982 0
254370 0
160150 0
029034 0
266208 0
000833 0
102082 0
169128 0
080837 0
099649 0
024392 0
193242 0
131577 0
182209 0
130965 1
130991 0
131029 2
130412 0
064224 0
033407 2
122740 0
124599 2
124634 0
267321 0
037485 0
035529 0
131475 0
037842 0
094694 0
279242 2
279244 2
279292 2
279713 0
281192 0
279372 0
283619 0
065686 0
124632 0
255736 1
255722 0
255675 1
127092 0
235195 0
030383 0
146426 0
289458 0
062785 0
198529 0
174519 0
111861 2
112003 0
111880 2
067742 1
067753 0
119260 2
119264 0
005062 0
065806 0
112504 1
265661 0
011471 2
188919 0
006861 0
228605 0
119461 0
227079 0
066351 0
011367 0
128383 0
110746 1
223134 0
181458 0
188561 0
118136 0
261133 0
242026 0
170288 0
069671 0
242960 0
278819 0
269298 2
124719 0
281696 0
137627 0
267490 0
128327 0
221199 1
068226 0
083145 2
083123 0
078580 0
279271 2
279278 2
283799 0
283887 0
195976 0
029251 0
005201 0
181966 0
133084 1
133078 0
109251 0
259508 0
107831 0
221198 0
133111 1
011352 0
078236 0
011270 0
133551 0
068664 0
191191 0
258806 0
102905 0
031850 0
270794 0
286656 2
169977 2
169861 0
169863 0
286924 0
195970 0
001507 0
064617 1
064616 0
265629 0
097289 0
282550 0
110749 0
260482 0
007834 0
281821 0
055517 0
009871 0
258894 0
132577 0
267981 0
104585 0
137118 0
244613 0
133043 0
131613 0
173884 0
256291 0
023953 0
110997 2
098161 2
098180 0
098268 2
097636 0
122371 2
010092 0
122370 1
122390 0
009658 0
081875 0
109259 0
288334 0
116483 0
067655 0
282761 0
032970 1
032965 0
260830 2
260934 0
260960 0
042011 0
056350 0
068818 0
034602 2
034601 0
040068 1
029055 0
052529 0
198283 0
084921 2
011152 0
051914 0
080331 0
169771 0
057724 0
050801 0
233506 0
065986 0
023412 2
023367 2
023413 2
141995 0
095666 0
131754 0
152694 0
143466 2
143422 0
143272 2
143337 2
008778 0
139288 0
036537 0
260811 0
240970 0
041862 0
279663 0
045216 1
090760 0
022347 0
028171 2
028172 2
078941 0
195750 0
283886 0
044006 0
038197 0
045492 1
045450 0
227321 0
277341 0
039579 0
063072 0
083566 2
083565 2
077999 0
110254 0
142278 0
111884 0
022372 0
124096 0
226663 0
289517 0
148026 0
279719 0
007963 0
030000 0
062522 0
097583 0
000822 0
165091 0
022131 0
182205 0
157377 0
286229 0
200819 2
203104 0
132019 2
132020 0
157690 0
272161 0
131557 2
131558 0
060004 0
193585 0
226055 0
019122 0
061345 0
183940 0
200800 0
229652 0
148137 0
132597 0
123864 0
149052 0
196348 0
074976 0
061563 0
141044 0
199219 0
191933 0
287382 0
272573 0
200723 0
175123 0
127840 0
155719 0
243729 0
265466 2
265469 1
265479 2
266058 0
261909 0
101226 0
227874 0
232292 0
059234 0
137947 0
259574 0
263111 0
029064 0
219404 0
259679 0
097160 0
099797 0
225114 0
071052 0
285003 0
282310 0
024105 2
024042 2
024137 2
024132 2
027035 2
027034 0
024268 0
024049 0
