145072 2
149718 1
258702 2
177758 0
147702 2
192073 2
177674 2
177735 2
177759 2
145863 2
152884 2
152890 1
152896 1
208884 2
213033 2
192069 2
188321 0
152504 2
153984 2
153966 1
152505 1
156841 0
165771 2
163379 2
237588 2
150019 2
150031 2
150029 2
150011 2
150037 2
150026 2
163186 2
163155 2
163131 0
153100 0
151888 0
193164 2
265185 2
285262 2
285270 2
285273 2
285278 2
152075 2
150563 2
151207 2
168530 1
168527 2
150921 2
259343 2
261223 2
226019 2
256706 0
159282 2
272064 0
099728 1
100768 2
100742 2
152030 2
151035 0
037176 2
034925 2
035139 2
034924 2
037318 2
037251 2
035590 1
258910 0
285261 2
285269 2
285272 2
285277 2
287875 2
149728 2
139511 2
277942 2
277939 1
268368 2
268383 2
267191 1
233010 2
233026 2
267475 0
235250 2
235287 2
235248 2
235256 2
191736 2
191737 2
243609 0
131565 2
279957 2
227552 0
041935 2
147414 1
132780 0
259221 2
002465 1
270198 2
190408 1
224125 0
263670 1
019912 2
003080 0
155907 1
175467 0
266380 0
225002 0
267298 0
150027 0
138374 0
263662 1
263694 1
213077 0
177734 0
085633 0
137999 1
164295 0
002820 0
152112 0
256708 2
256705 2
258917 0
150967 0
266837 2
266856 2
038707 2
043037 1
043080 0
056337 0
156837 0
190825 0
268794 0
238047 0
128777 2
018475 2
128774 2
140293 0
280360 2
280341 1
288132 2
281446 0
076564 0
242002 0
235328 0
279819 2
279824 2
279829 2
170278 0
289958 0
224029 0
136818 0
242242 0
130088 0
272055 0
256709 0
174824 0
286801 0
022728 0
044717 1
044705 1
014308 0
153204 0
266333 0
175378 0
267189 0
019911 2
147353 0
264717 2
285131 0
196808 0
164296 0
133191 0
168938 0
259326 0
192108 0
272264 0
177149 0
202755 0
026915 2
165616 0
065252 0
163134 0
198541 0
058144 1
058130 0
058080 0
058191 0
128551 0
195999 0
175706 0
279554 0
144891 0
058216 0
134837 0
280829 0
158871 0
162192 0
272652 0
272091 0
155715 0
279940 0
041738 0
038385 0
263742 0
178095 0
043087 0
259342 0
007721 0
177673 1
028140 0
258124 0
033039 0
163378 0
028370 0
182906 0
213076 0
157282 0
162656 0
286876 0
160579 0
166230 0
136219 0
209787 2
207832 0
069549 0
220506 0
017671 0
153674 0
131739 0
029743 0
204599 0
133553 0
100858 0
235442 0
093158 2
093254 2
093159 2
093252 2
086358 0
099120 0
086359 0
086670 0
285647 0
219537 0
194316 0
136850 0
094460 0
006691 0
001141 0
256898 0
168487 0
233506 0
288469 0
077911 0
145301 0
091041 0
