151975 1
151970 1
261429 0
197045 0
207589 0
227899 1
227906 1
019024 1
195548 1
224581 1
264966 1
264978 1
265548 2
265549 2
280349 1
004286 1
118117 1
117779 1
117670 1
039553 0
000921 1
131991 1
000862 1
131710 1
001618 1
017925 0
153071 1
153072 1
153304 1
134184 1
134292 1
134263 1
134010 1
142411 1
010435 1
228038 1
152259 1
157978 2
157982 2
154560 1
156544 2
019044 1
176264 1
019060 1
289135 1
268346 1
123258 0
194911 1
194990 1
195033 1
196390 1
200641 1
200642 1
200643 1
002787 1
196226 1
196218 1
181986 0
133846 1
133844 1
008802 1
139313 1
008909 1
223776 1
267006 1
267083 1
069751 1
102924 1
182699 1
182729 1
182728 1
182764 1
196549 1
195901 1
195907 1
081810 0
179911 1
179912 1
179722 1
179876 0
108531 1
182492 0
019049 1
176005 1
175921 1
153089 1
153092 1
006944 1
120565 1
163710 1
163706 1
040248 0
132649 1
134964 1
134983 1
134871 0
125163 1
125215 1
125217 1
019052 1
018304 1
128899 1
128998 1
003963 1
163705 1
163719 1
155452 1
133845 1
002786 1
161302 1
161268 1
289357 1
289264 1
136337 0
177036 1
089061 0
161271 1
161283 1
161164 1
169012 0
018784 1
101432 1
143096 1
143097 1
143114 1
142967 1
000034 0
011914 1
153515 1
153577 1
153513 1
153529 1
192125 1
191972 1
192126 1
160294 1
160320 1
156429 1
154697 1
154544 1
150616 1
150646 1
221922 1
221910 0
238718 1
146633 1
186153 1
242134 1
242110 1
193361 1
185796 1
185844 0
238942 1
238727 1
238726 1
263622 1
239496 1
161392 0
242111 1
242135 1
242084 1
242092 1
242067 1
239536 0
264450 0
124970 1
124971 1
124968 1
124686 1
136039 1
136041 1
011861 1
136118 1
136186 1
136117 1
124845 1
124789 1
163938 1
163957 1
202158 2
006069 1
263623 1
263604 1
263513 1
013183 1
001613 1
054705 2
054618 1
137998 1
137972 1
137940 1
137971 1
127607 1
141961 1
008246 1
069827 1
103000 1
009185 0
223477 1
269578 2
269692 1
269705 1
130622 1
018506 1
002292 1
176638 1
159029 1
159020 1
159023 1
159008 1
159026 1
158874 1
202902 1
177083 1
124862 1
124860 1
163921 1
000416 0
117614 1
117429 1
117616 1
011905 1
123161 1
013603 1
236702 1
019724 1
019708 1
169002 1
168804 1
258700 1
258706 1
259550 1
258684 1
280430 1
134013 0
128133 1
128111 1
077040 1
176822 1
204300 1
204289 1
203475 1
088936 1
088987 1
180125 1
180126 1
180128 1
269357 1
269316 1
032430 1
032422 1
269317 1
001449 1
269683 1
269467 1
126899 1
255914 1
255941 1
255850 1
255824 1
001480 1
285882 1
185800 0
017805 1
195726 1
195728 1
195737 1
195739 1
195803 1
195806 1
195815 1
195817 1
195830 1
195870 1
195933 1
278634 1
069102 1
102275 1
012992 1
145908 1
148134 0
223420 1
237242 1
125005 1
124987 1
000635 1
170724 1
170725 1
170684 1
170685 1
170686 1
175589 0
031676 1
126917 1
091687 1
191007 1
190998 1
023634 0
087424 1
278635 1
043957 1
044058 1
011481 1
122749 1
012616 1
135220 1
284620 0
195948 1
195939 1
196503 1
196425 1
196411 1
012665 1
195872 1
195744 2
123357 1
123356 1
197748 1
197869 1
197871 1
066541 1
197330 1
197340 1
170304 1
009517 1
013266 1
170274 1
209950 1
007459 1
209387 1
126292 1
126281 1
153466 1
153504 1
278898 1
176382 1
176415 1
009885 1
127471 1
127382 1
127472 1
002304 1
196481 1
196485 1
011192 1
013938 1
144789 1
014196 1
014200 1
146881 0
256091 1
256823 1
256831 1
127130 1
126986 1
190565 1
190527 1
190683 1
199458 1
199482 1
199483 1
199502 1
199558 1
169131 2
169132 2
169049 1
288774 0
109086 1
011219 1
144752 1
144806 1
190903 2
176934 1
100420 1
100509 1
124511 1
128616 1
129616 1
128475 1
129654 1
017296 1
128615 1
129598 1
129653 1
053688 1
191303 1
191227 1
224459 1
240286 1
240290 1
240291 1
240300 1
240318 1
240317 1
207674 1
208462 0
167578 0
289654 1
289627 1
289617 1
289368 1
288077 1
131478 1
131491 1
128693 1
018629 1
128686 1
131538 1
000537 0
277007 1
276908 1
111425 1
231767 1
075940 1
076100 1
076014 1
232048 1
163213 1
163141 1
219606 0
253833 0
122874 1
011986 1
122877 1
201082 1
200973 1
081268 1
081210 0
191599 1
018219 0
079720 1
079728 1
035076 1
035051 1
193896 1
193884 1
193879 1
193883 1
238824 1
112251 1
112250 1
112384 1
112388 1
112391 1
001271 0
014868 0
068042 1
068068 1
068097 1
068098 1
242133 1
258341 1
258385 1
211219 1
117316 0
063835 1
063425 1
236703 1
236330 1
236319 1
152908 1
100958 1
002369 1
006335 1
010035 1
122735 1
011766 1
122835 0
002859 1
270927 1
110105 1
222793 0
070644 1
103817 1
090968 1
039349 0
286551 1
061379 1
061381 1
063850 1
133833 1
133787 2
133837 1
133799 1
167069 1
169151 1
169172 1
060805 0
156575 1
156574 2
118960 1
118945 1
130560 1
018174 1
128981 1
272715 0
159039 1
158944 1
164704 1
158921 1
163637 1
163514 1
163495 1
098957 1
195886 1
168333 0
229918 1
229950 1
132641 1
195829 1
195814 1
195816 1
195805 1
195802 1
195727 1
195725 1
195869 1
195932 1
195736 1
195738 1
242258 1
181444 0
070745 1
103918 1
070670 1
103843 1
018321 1
271872 1
271971 1
153396 1
025466 1
025423 1
042610 0
164167 1
255747 0
170341 1
170342 1
210559 1
210967 1
226269 0
176758 1
176769 1
176770 1
064817 1
064820 1
100193 1
066443 2
014825 1
060505 0
069816 1
102989 1
069602 1
102775 1
153394 1
007207 0
238940 1
018585 0
170340 1
010370 1
011252 1
003141 1
157425 1
157426 1
127028 1
018022 0
018509 1
238941 1
152452 0
116991 1
116797 1
098099 1
098149 1
153027 1
153157 1
153168 1
153181 1
153180 1
153244 1
153455 1
153241 1
153158 1
153169 1
153488 1
153028 1
126482 1
126442 1
007380 1
004201 1
117928 1
169488 1
169492 1
169493 1
169494 1
169485 1
170172 1
170173 1
170171 1
155969 1
170410 1
170418 1
170419 1
167842 1
167914 1
167915 1
169333 1
169334 1
169265 1
085843 1
123202 0
167490 1
167491 1
167486 1
159114 1
159042 1
158876 1
159010 1
159022 0
132521 1
132502 1
132534 1
126900 1
126894 1
126888 1
169285 1
169343 1
169344 1
016629 1
140607 1
140608 1
127726 0
018779 0
001598 0
275358 1
275351 1
008658 0
014666 1
147468 0
176787 1
176820 1
176819 1
176831 1
212211 1
163145 1
141987 1
169864 0
202975 1
204168 1
202976 1
202649 2
203116 1
144907 0
158122 1
158283 1
019042 1
036367 1
036409 1
036381 0
156551 1
018578 1
161933 1
154598 0
124492 1
124510 1
219454 1
169329 1
169330 1
110823 1
152962 0
043921 1
255767 1
255808 1
255790 1
255879 1
017582 1
238089 1
238108 1
238093 1
238103 1
110066 0
170473 1
170474 1
170463 1
076275 1
027092 1
078326 1
078254 1
185880 1
185855 1
138540 1
006475 0
033275 1
033352 1
033344 1
068343 1
068310 1
060302 2
164944 2
164802 1
164761 1
171375 1
171374 1
171373 1
126797 1
126777 1
126407 1
018531 0
169123 1
169073 1
169074 1
167126 0
169300 0
153399 1
153406 1
178651 1
178625 1
178591 1
178586 1
165254 1
165256 1
187493 1
187504 1
193983 1
193997 1
193732 1
193832 1
152134 0
202826 1
015745 1
169358 1
169359 1
131711 1
002499 0
169376 0
161791 0
205553 1
176414 0
239548 2
149049 0
266110 1
266094 1
157029 0
259981 0
242903 1
242930 1
239801 1
239926 1
240106 1
240178 1
240193 1
160899 1
239089 1
001466 1
126890 1
001895 0
035479 1
181014 1
088628 1
262747 1
088778 1
242905 1
242901 1
153581 1
153582 1
238728 1
238943 0
159981 1
160014 1
160020 1
177040 1
143944 1
143888 1
284442 1
279937 0
280589 1
166772 1
166773 1
166595 1
143645 2
143646 1
010857 1
143731 1
129750 0
236265 1
236278 1
158207 1
158200 1
156917 1
156941 1
141966 1
141969 0
290081 0
113429 0
035723 1
035725 1
035690 1
035482 0
076113 1
154405 0
090619 1
069402 1
102575 1
077049 1
007684 0
182896 1
029399 0
156204 1
156276 1
156283 1
058341 1
076770 1
076392 1
076393 1
076345 1
076228 1
148906 1
026907 1
152011 1
050051 0
190942 1
191062 1
071412 0
124604 1
124180 1
012018 1
032661 0
246794 1
247365 1
248167 1
080057 0
281167 1
144513 0
015206 1
125541 1
269597 1
269600 1
087885 1
087905 1
087906 1
131203 1
163003 1
164823 1
016644 1
147385 1
147384 1
081738 1
056339 0
219852 1
220481 1
220479 1
230775 1
081684 1
081551 1
003986 0
166977 0
002444 1
019766 1
075243 0
008153 0
193359 0
139344 2
139361 1
190842 1
193843 1
001498 1
185915 0
075844 1
231904 0
174990 1
174954 1
013410 1
179696 1
220910 1
012260 0
021475 1
065220 1
065211 1
201952 0
065277 1
065728 0
030505 1
044550 0
188320 1
184615 1
000482 0
070522 0
265146 0
271972 1
082468 1
238609 1
239059 1
272306 1
271860 1
272283 1
271867 1
273579 0
108700 1
108786 1
108753 1
108620 1
108573 1
108619 1
108813 1
108844 1
108872 1
108794 1
007767 0
012873 0
160827 1
160868 1
202344 1
160319 0
125141 1
125041 1
012377 0
258967 0
181170 0
085164 0
053290 0
052900 0
191220 1
191146 1
190901 1
190896 1
142068 1
142097 1
219455 1
014462 0
082305 0
110022 1
110083 1
163902 1
164126 1
225924 1
225923 1
229437 1
229431 1
111642 1
111647 1
110757 1
110734 1
110752 1
111635 1
111860 0
110941 1
110951 1
111471 1
111476 1
111401 1
110739 1
110848 1
111024 1
111393 1
111473 1
111478 0
111299 1
111323 1
111029 1
111631 1
111634 1
111047 1
110984 0
110822 1
110783 1
112253 1
112927 0
111398 0
235163 1
122460 1
122485 1
122461 0
186048 1
191765 1
075911 2
075863 1
075872 1
077034 0
116653 0
111289 1
034379 0
160458 0
199411 1
199442 1
199499 1
221240 1
221221 1
188445 1
281777 1
011993 0
180048 1
186730 1
186729 0
190965 1
234430 1
234791 1
032643 0
016557 1
194080 1
011855 1
050193 1
231278 1
219886 1
219892 1
219907 1
124690 1
242979 1
271713 0
170239 0
196370 1
089471 1
066956 1
031047 0
121774 0
171922 1
171670 1
064337 0
019587 0
126447 1
069367 1
102540 1
012256 0
041084 0
181297 0
077261 0
068688 1
068669 0
126962 1
127126 1
217696 1
151864 1
152974 1
086478 1
005600 0
016530 1
148350 1
099124 0
251813 1
251872 1
136428 1
136438 1
278972 1
278967 1
067650 0
035726 1
091267 0
035703 1
134155 0
069700 1
102873 1
255433 0
170398 1
170399 1
170375 1
270325 1
270334 1
270315 1
060497 0
035722 1
182407 0
035693 1
234620 1
003477 1
269462 1
269472 1
269423 1
269554 1
269534 1
269471 1
269461 1
034696 0
191665 1
019392 0
253349 0
013747 1
182265 0
135104 0
076662 0
158528 0
156155 1
156170 1
156171 1
191540 1
191515 1
191496 1
038576 0
098034 1
098004 1
162687 1
226534 0
262474 0
010837 1
143649 1
060320 0
148190 1
148191 1
148196 1
148197 1
148198 1
168319 0
150546 1
150562 1
150547 1
158665 0
008740 1
119018 0
139905 0
009693 0
241065 0
125192 1
125195 1
125196 1
012612 1
012613 1
123010 1
012184 0
271934 1
271963 1
199259 0
286870 0
124706 1
124660 1
192166 0
242942 0
232212 1
232246 1
185661 1
185659 0
141901 1
046422 0
085205 1
155853 1
001753 0
164470 1
037739 0
239876 1
107879 1
075913 0
240452 1
122837 1
029147 0
198469 1
195971 0
270122 1
270125 1
000618 1
183965 0
145483 1
145486 1
145480 1
175588 1
173188 0
230778 1
239024 0
154896 0
034336 0
081685 0
020975 1
020948 1
020946 1
131417 1
252518 0
238984 0
154494 1
192571 0
180002 1
179780 1
179767 1
263058 0
082123 1
071492 1
104665 1
169137 0
118969 1
004740 1
119003 1
117008 0
242286 0
155981 1
156034 1
185612 1
185887 1
168875 0
142305 0
146218 1
128640 1
128641 1
111312 0
115606 0
190692 0
159025 0
287670 1
286815 1
286794 1
286836 1
287677 1
287892 1
181452 1
226121 0
089472 1
199699 0
128296 0
001237 1
132030 1
156760 1
163689 1
163701 1
008544 0
038219 0
093371 0
133843 1
133842 1
002795 1
016618 1
148070 1
016586 1
183742 0
132483 1
132496 1
127308 1
127322 0
002068 0
203160 0
020739 1
020732 1
243655 1
151152 1
151172 1
151166 1
151186 1
253246 1
253078 1
253245 1
254408 1
255046 1
008511 1
157503 1
157504 1
157495 1
157496 1
157505 1
157433 1
157341 1
168656 1
168657 1
168597 1
168598 1
154114 0
211278 1
211276 1
211329 0
152111 1
152106 1
018774 1
016900 0
234051 0
152863 1
152864 1
137634 0
155837 0
191976 1
191975 1
191825 0
089148 1
089167 1
089168 1
089674 1
089955 1
155324 0
017791 0
014143 1
231373 0
256895 0
087701 1
190294 0
281950 0
061100 0
013741 0
264823 1
177816 0
109293 0
099966 0
007414 0
210422 1
152522 0
119734 1
005288 1
169883 1
131858 1
131869 1
131866 1
152987 0
111239 0
017741 0
233728 1
233767 1
233768 1
071688 1
104861 1
239746 1
239744 1
000031 1
131445 1
081359 1
081336 1
081146 1
158286 0
215009 0
187912 0
191399 0
133523 0
039842 0
228777 0
040661 1
029324 0
126350 0
262751 0
256813 1
124007 1
275973 0
025526 0
241767 1
039019 0
059072 0
008502 1
155696 1
017727 0
260208 0
242279 0
262597 0
192134 1
177871 1
177858 0
099846 0
138897 1
005887 0
138847 1
138858 1
138788 1
006568 1
002566 1
285050 1
225192 0
048321 1
048293 1
109892 1
109890 1
107984 0
119963 0
000935 0
235384 0
124957 0
000165 0
197066 1
197067 1
197303 1
090253 0
131951 0
027082 0
167879 0
159765 1
204312 0
132755 0
019365 0
117945 0
217910 0
180055 0
182326 0
089060 1
017558 0
017268 0
182676 0
124002 0
090631 1
090612 1
090620 1
051113 0
112677 0
286711 0
098563 0
151504 1
151527 1
119209 0
149770 0
186680 0
002699 0
188785 0
039225 1
039230 1
040826 1
040850 1
074592 0
157605 0
241505 0
031531 0
147375 0
155593 1
155548 1
155322 1
155230 1
155219 1
155224 1
155216 1
247289 0
027550 0
154441 0
265448 0
264960 1
079078 0
281698 0
133517 1
002611 1
081318 1
193212 1
193210 1
193209 1
071541 0
240191 0
002563 0
232632 0
227568 0
192960 0
256300 1
271994 0
116515 2
116960 1
191836 1
013185 0
163805 1
114588 1
114589 1
114563 1
114593 1
115528 0
178234 0
279479 0
230598 1
068140 0
096690 0
257991 0
225084 1
225078 1
163019 0
081333 0
157943 0
108032 0
159028 0
191096 0
044647 0
172094 1
171991 1
171862 1
024030 0
191104 1
181993 0
109577 0
140409 0
007718 1
121152 1
018929 1
152588 1
152597 1
274578 0
060401 0
050801 1
050824 1
115276 0
185666 0
224242 0
144167 0
115729 0
129032 2
129028 1
018123 1
129027 1
214214 0
010179 1
122487 1
108469 0
023625 0
163790 1
163791 1
018323 0
115970 0
141752 0
171505 0
192479 1
011435 0
243761 1
243741 1
180468 0
276877 0
182667 0
231658 2
231662 1
231660 1
161859 1
161857 1
157595 1
157597 1
190603 1
195936 1
195539 1
190624 1
192635 1
187303 1
192581 1
187304 1
087382 0
194955 1
024340 0
162518 0
190564 1
283711 0
040622 1
064343 0
150395 0
020719 0
018661 0
016704 0
178270 1
193562 1
193558 1
193566 1
193599 1
093752 0
013947 0
157948 0
231430 0
243982 0
195923 0
151919 1
258596 1
258598 1
258593 1
258997 1
259019 1
258640 1
258678 1
258996 1
259018 1
229762 1
229852 1
030525 0
158137 0
129006 0
241950 0
174136 1
174129 1
138924 0
096417 0
114323 0
007779 0
288813 0
238719 0
238704 0
265829 0
111043 0
008280 1
141646 1
150005 1
096776 0
038315 0
000985 0
193914 0
200504 0
155555 0
191172 0
153547 1
243354 0
133731 0
236460 0
255615 0
071701 0
159413 0
261258 0
281292 0
011692 0
063851 1
257969 0
019892 0
154231 1
154178 1
202073 0
142603 0
063855 1
134293 1
134273 1
025781 0
136112 0
266075 0
045248 0
166907 0
016870 0
005497 0
152096 0
178024 0
092814 0
116919 0
048264 1
269509 0
048249 0
111149 0
177032 0
157060 1
157062 1
015818 0
109522 0
062147 0
256241 0
179471 0
011929 0
159031 0
015815 0
189405 0
076819 0
209875 0
185972 1
185984 1
185981 1
185848 0
150379 0
108839 0
151252 0
003427 0
079015 0
085964 0
196107 0
125112 0
069468 0
048912 0
175685 1
175770 1
137213 1
012707 1
188649 0
006027 0
287051 1
287056 1
285238 1
285237 1
287045 1
285231 1
205950 0
013180 0
064495 0
051575 0
139778 0
197348 0
226390 0
033747 1
056270 0
234009 0
020974 1
020945 1
093318 0
014760 0
160977 1
011047 1
161033 0
160472 1
160386 0
240374 0
249127 0
122464 1
124551 0
129785 1
202760 0
125013 1
124965 1
130961 1
130929 1
141905 0
210936 1
210933 1
097822 0
278742 1
278794 1
278181 0
035105 0
141425 0
130045 1
129974 1
259013 0
050941 0
213230 0
155778 1
159501 1
156999 0
142197 1
199615 1
199631 1
281105 1
281109 1
143952 0
191572 1
191565 1
191570 1
211561 0
199881 0
163472 0
190479 0
161851 0
203537 0
090381 0
193827 0
101718 0
273700 0
236420 0
191481 0
228422 0
169483 0
037806 0
265499 0
032949 0
014230 0
054462 1
054298 1
189915 1
190105 1
190091 1
262601 0
176692 1
176694 1
176690 1
176689 1
146492 0
109804 1
155725 1
155755 2
230897 0
068618 0
242013 0
195885 0
086670 0
082079 0
042779 0
289920 0
168779 0
199391 0
031949 0
238953 0
001298 0
022522 0
188739 0
108597 0
233403 1
233448 1
111805 1
108567 0
262430 0
069015 0
070959 0
197047 0
135245 0
010918 0
140915 0
015035 0
143630 0
148499 0
004882 0
099649 0
169924 0
081836 0
207029 0
127911 1
127884 1
259022 0
108142 0
196801 0
149357 0
091158 0
268246 0
042739 0
099196 0
133798 1
182499 0
138992 0
152166 0
198267 1
198274 1
052300 0
090555 0
269432 1
269680 1
269725 1
269727 1
269729 1
010369 0
000430 0
101008 0
036827 0
038967 0
033773 1
118434 0
233511 0
197477 0
071617 0
268426 0
254023 0
176958 0
070680 0
204446 0
179915 0
109346 0
238107 0
019590 1
197144 1
197129 1
021376 0
110986 0
152837 1
152821 1
009722 1
122122 1
184616 1
111417 0
101370 0
101530 0
028532 0
165406 0
197131 0
032108 0
226696 0
207952 0
125642 0
069392 1
102565 1
069340 1
102513 1
191340 0
117315 1
195321 0
256450 0
206445 0
051691 1
258726 0
150078 0
177469 0
173158 0
076286 0
233979 0
185013 0
067709 0
252605 0
217555 0
128593 0
230507 0
266117 0
033398 0
090585 0
288680 0
235813 0
141033 0
172739 0
146996 1
109407 0
140886 0
000947 0
147495 0
218891 0
017553 0
063956 0
151889 0
240768 1
200254 0
140509 0
242113 0
226156 0
231110 0
071414 0
154794 0
172844 1
172908 1
172841 1
090011 1
110459 0
165682 0
137146 0
205714 0
178432 1
178431 1
036463 0
225178 1
225176 1
225211 0
232017 0
006776 0
045325 0
103695 0
153912 0
122080 0
126272 1
165266 0
147453 0
198888 0
108248 0
233380 0
028927 0
017023 0
289672 0
190795 0
064547 0
015270 0
154147 0
163560 0
131386 0
257964 1
257953 1
259115 1
259135 1
259139 1
259162 1
259175 1
259180 1
257447 1
257378 1
260047 1
028786 0
139137 1
139139 1
124776 0
129003 0
185320 1
185243 1
174961 0
013097 0
153395 0
090275 0
184865 0
207243 0
260781 0
210279 0
125901 0
226354 0
199977 0
168572 0
110081 0
256485 0
023741 0
062910 0
201105 0
220403 0
260773 0
111415 0
123462 0
009049 0
089571 0
170012 1
199025 0
029341 0
254489 0
008174 0
186788 0
212504 0
177602 1
177601 1
045434 0
065465 0
029146 0
031430 1
088785 0
238231 0
233683 0
035780 0
128950 0
178422 0
225230 0
162517 0
113498 0
190720 0
201711 0
130209 0
170217 1
170095 1
170096 1
098909 1
098943 1
192889 1
192858 1
179136 0
197818 0
151656 0
083291 0
024376 0
182828 0
231642 0
279536 0
111758 0
007854 1
121273 1
187212 0
128714 0
267958 1
267957 1
267960 1
268110 1
231895 0
171180 1
171187 1
190201 0
004755 0
085307 0
002965 1
134133 1
002961 0
081664 0
191385 0
087350 0
276015 0
133850 1
131676 0
125147 1
012296 1
004636 1
242902 0
161783 0
081811 0
081147 0
014210 0
069242 1
102415 1
069204 1
102377 1
067764 0
201514 0
231930 0
148866 0
040370 0
120724 0
109798 0
116717 0
151085 0
158976 0
093081 0
095592 0
262539 0
279083 0
010877 0
125033 0
133727 0
080425 0
129824 0
132910 1
132938 1
132952 1
132955 1
020998 0
167742 0
151575 0
143977 0
018248 0
146182 0
127355 0
180530 1
180445 0
063375 0
126549 0
009288 1
121775 1
170932 0
121466 0
160345 0
169375 0
179209 0
262837 0
012310 0
083320 0
150685 0
129093 0
070304 1
103477 1
070203 0
103376 0
010739 0
111281 0
021275 0
017778 0
255757 1
001011 0
195043 0
003794 0
236212 1
236195 1
152981 0
189919 0
071467 0
141959 0
190895 0
134071 0
239530 0
113629 0
155208 1
155264 2
155207 2
154841 1
167720 0
252664 1
252756 1
252760 1
064632 0
286639 0
042563 0
126201 0
147136 0
041190 0
145705 0
163041 0
218483 0
001507 0
102200 0
165832 0
149681 0
012919 1
013084 0
138149 0
164550 0
145900 0
238273 0
132550 0
156539 0
120931 0
093405 0
271549 0
168850 1
168683 1
167769 0
113681 0
043758 0
122100 0
268425 0
065941 0
058793 1
077988 0
009020 0
140719 0
082070 0
272723 0
285246 0
076074 0
128658 0
045136 1
123911 0
085876 0
079982 0
065587 0
259982 0
182703 0
094044 1
094058 1
196055 0
038215 0
171852 0
011070 0
233993 0
262302 0
180198 0
136572 0
179515 0
030205 0
136089 0
006895 0
234048 0
163020 0
023233 0
285696 1
286005 1
273931 0
144118 0
016746 0
111214 0
157606 0
161349 0
273009 0
111000 0
004008 0
159219 0
117621 0
250897 0
255259 1
245019 0
004590 1
258844 0
275932 0
185689 0
099944 0
185904 0
194488 0
271052 1
154115 0
081291 0
087208 0
139939 1
217868 0
078365 0
199013 0
169914 0
063480 0
127264 0
109524 0
027926 0
142362 0
082318 0
235622 1
235651 1
235655 1
235678 1
235965 1
235964 0
278347 0
111240 0
193550 1
120767 0
195889 0
007951 0
167859 0
272357 0
046420 0
184431 0
012117 0
076097 0
273102 0
180175 0
087744 1
016560 0
241133 0
257978 0
032927 0
120078 0
067289 0
188397 0
059497 0
021285 0
155556 0
137107 0
183676 0
083975 0
060952 0
254539 0
128320 0
087330 1
086917 1
087391 0
133618 1
035270 0
258502 0
167880 0
183722 0
110412 1
187828 0
075558 0
260868 0
017728 0
169925 0
027895 0
094123 0
136132 0
254043 0
160293 0
009465 0
152346 1
218560 0
200645 0
024025 0
191793 0
111918 0
274535 0
175791 0
130981 0
074574 1
074828 1
004990 0
252608 0
101197 0
117246 0
002687 1
121278 0
286136 0
232761 0
003504 0
220633 0
160594 1
160539 1
160531 1
015974 0
095675 0
224320 0
143902 0
272952 1
159984 0
099063 0
152988 0
141798 0
113133 0
020300 0
003062 1
128665 0
126343 0
109964 0
084280 0
137898 0
014213 0
104714 0
192392 0
074624 0
153828 0
102641 0
250727 0
193720 0
000070 0
039957 0
209817 0
120196 0
032957 0
137476 0
098158 0
239982 0
017494 0
282640 0
009889 0
167038 0
228560 0
161395 0
253530 0
178614 0
239328 0
128992 0
034385 0
135509 1
014530 0
087589 1
002099 0
259610 0
285347 1
180573 0
123236 0
181320 1
190292 0
182285 0
152882 0
050904 0
181091 0
153246 0
289659 0
091332 0
063328 0
133239 0
132172 1
140806 0
123474 0
048206 0
273696 0
179877 0
007383 1
120043 0
154097 0
233888 0
135994 0
108035 0
214733 0
218344 0
015772 0
227055 0
137169 0
241382 0
251187 0
184842 0
001803 0
111075 0
258874 0
007686 0
043586 0
222990 0
230007 1
152487 0
269745 0
012372 0
011167 0
266557 0
169656 0
139776 1
139845 1
270040 0
074670 0
139621 0
082463 0
134261 0
001839 0
254027 0
001452 0
014770 0
203023 0
239524 0
120203 0
051677 0
227680 1
227794 1
026641 0
276527 0
163163 1
163239 1
163104 1
163107 1
109120 0
126293 0
181705 0
194189 0
099975 0
266884 0
176788 0
176381 0
047960 0
072258 0
180389 0
008828 0
190302 0
210710 0
231435 0
156111 0
098700 0
115840 0
027201 0
050257 0
191652 0
128894 0
258274 0
183133 0
009081 0
287999 1
288019 1
164880 0
052879 0
238968 1
131637 0
128717 0
210113 0
289377 0
254262 0
190057 0
051874 0
127523 0
131992 0
014277 0
077902 0
238791 0
289774 0
043598 1
043606 0
113975 0
193266 0
115243 0
003094 0
108633 0
030553 0
234714 0
189321 0
202707 1
281521 0
100335 0
128604 0
230748 0
239753 0
039508 0
162050 0
163887 0
141095 0
098022 0
019633 0
005671 0
201457 0
282633 0
007997 0
076408 0
235556 0
239112 0
230848 0
039844 0
111772 0
069263 0
080051 0
140512 0
191824 0
185000 0
104640 0
090807 0
099394 0
043433 0
185665 0
141471 1
141171 0
131136 0
169760 1
169761 1
169676 1
117966 0
129744 0
102026 0
143788 0
242224 0
181022 0
008081 0
124451 0
242339 0
258875 0
053306 1
065267 0
215171 0
254370 0
130847 1
130886 1
130900 1
001377 0
241979 0
139934 0
132163 0
169138 0
155311 0
279414 0
002836 0
007556 0
018225 0
233389 0
224035 0
169923 0
196453 0
239264 0
068178 0
144106 0
025628 0
252520 0
268866 0
286721 0
230561 0
107907 0
118151 0
050472 1
050335 0
050334 0
134681 0
111238 0
191202 0
289935 0
034339 0
186059 0
063105 0
240192 0
064461 0
119969 0
151330 1
040064 0
130789 0
002975 0
258894 0
161029 0
109299 0
167079 0
123583 1
123573 1
014842 1
126875 1
100155 0
255310 0
012630 0
156265 1
157088 0
149464 0
281977 0
000917 0
257670 0
088266 0
221951 0
195210 0
184553 0
121125 0
024495 0
138894 0
191974 0
127376 0
014493 0
038513 0
005063 1
287748 1
082363 0
012037 0
042207 0
204830 0
000733 0
100483 0
241084 0
033351 0
080232 1
262401 0
202754 0
141149 0
287082 1
287084 1
028461 0
190868 0
218020 0
178146 0
129645 0
267391 0
045629 0
119027 0
217882 0
038175 0
095436 0
181001 1
133968 0
288737 0
194964 0
276413 0
057453 0
124547 0
088558 1
088557 1
101263 0
197501 0
242239 1
242247 1
156066 0
071557 0
244760 0
145924 1
091240 0
201132 0
138969 0
034898 0
095748 0
024339 0
275786 0
116771 0
255403 0
019911 0
219067 1
012282 0
145214 0
109396 0
024835 0
268295 0
098617 0
071530 0
136379 0
079660 0
058602 0
004929 1
119285 1
101156 0
004989 0
173881 0
086680 1
039228 1
011149 0
033118 0
004896 0
010921 0
025862 0
127606 0
065198 0
033104 0
163529 0
033407 0
002321 0
169377 0
075811 0
197353 0
008250 0
041184 0
235461 0
273725 0
158077 0
042713 0
023751 0
028697 0
167970 0
063923 0
276091 0
256774 0
165264 0
210237 0
233371 0
182612 0
198436 1
199048 1
131952 0
174672 0
127775 0
115053 0
131650 0
109543 0
136810 0
252638 0
128006 0
216663 0
001473 0
171480 0
153730 0
130081 0
285762 1
285826 1
285854 0
288383 0
228813 0
155109 1
155108 1
238063 1
207446 0
070851 0
255904 0
170650 0
238030 0
196264 0
237676 0
104730 0
151869 0
200041 1
200138 1
200137 1
182045 0
191834 0
003135 0
131989 0
008681 0
027454 0
182216 0
142701 0
126426 0
192978 0
088652 0
173041 0
200292 0
029973 1
089599 0
235554 0
148923 0
268789 0
274661 0
126612 0
226705 0
212540 0
096707 0
029397 0
085571 1
158177 0
009050 0
239660 0
286998 0
080465 0
084068 0
066765 0
216531 0
117718 0
013670 1
010467 0
157282 0
189913 1
190166 1
183971 1
189322 0
185989 0
155271 0
238621 0
217184 0
196030 0
223690 0
188625 0
154782 0
144197 0
262367 0
111561 0
174744 0
196311 0
222553 0
142372 0
120077 0
056007 1
153135 0
288576 0
168557 0
037696 0
169502 0
042062 0
271996 0
030677 0
138161 0
118346 1
004365 0
118497 0
046129 0
043775 0
119210 0
234113 0
010958 0
150426 0
122867 0
087345 0
180990 0
018243 0
165895 0
227586 0
208244 0
124001 0
225217 0
279012 0
019363 0
125369 0
090549 0
011936 0
184132 0
242541 0
258444 0
022519 0
076397 0
219906 0
038339 0
179916 0
136562 0
183932 0
035302 0
157607 0
265857 0
104585 0
239531 0
027696 0
196279 0
186677 0
038332 0
278263 0
289928 0
104874 0
209658 0
151350 0
081446 0
122819 0
232634 0
001051 0
151550 0
139550 0
110631 1
030625 0
143000 0
137257 0
183228 0
047163 0
286304 0
258960 0
286193 0
064260 0
081856 0
183427 0
178239 0
069432 0
193580 0
236329 0
152429 0
031838 0
076788 0
181120 0
034699 0
242253 0
124876 0
285199 0
218204 0
164575 0
109797 0
277146 0
244804 0
229364 0
088622 1
168996 0
282491 0
086358 0
255647 0
253242 0
012494 0
014132 0
114819 0
220259 0
145669 0
172269 0
155838 0
091639 1
278179 0
104132 0
199330 0
266103 0
252969 0
202084 0
148523 1
235683 1
185776 0
146053 0
181591 0
054367 0
247293 0
162496 0
278938 0
148530 0
234362 0
000472 0
208996 0
199995 0
132141 0
119358 0
176365 0
185799 0
128571 0
032623 0
037803 0
112688 0
167931 0
170999 1
171101 0
033884 0
000582 0
265689 0
241287 0
136531 0
121588 0
199260 0
105431 0
089849 0
092147 0
275892 0
173653 0
167039 0
282361 0
088596 0
117398 0
128730 0
111225 0
076403 0
079964 0
017454 0
180203 0
204027 0
235650 0
128590 0
027184 0
123454 0
029807 0
188067 0
157840 0
226543 0
083274 0
132181 0
164858 0
151603 0
063386 0
290045 0
029482 0
027430 0
055931 0
087348 0
167080 0
016183 0
143887 0
019691 0
191464 0
177165 0
015416 1
125323 1
190490 0
162954 0
158838 0
266832 0
125709 0
130370 0
149724 0
162950 0
157643 0
154975 0
064912 0
141009 0
238363 0
004604 0
034200 1
138033 0
064849 0
228417 0
167721 0
231390 0
061173 0
239509 0
193293 0
041861 0
182911 0
025715 0
244923 0
134382 0
022316 0
226493 0
124653 0
170618 0
125889 0
083200 0
001740 0
064503 0
192131 0
153393 0
063848 0
216167 0
143447 0
136327 0
069473 0
010940 0
175509 0
081422 1
081398 1
081416 1
081389 1
081435 1
081431 1
081451 0
204983 0
012352 0
158278 0
085448 0
060870 0
183875 0
089601 0
081463 0
153065 0
019466 0
088564 0
202262 0
037741 0
067670 0
224011 0
045558 0
021309 0
158262 0
129924 0
260247 0
124964 0
238946 0
025117 0
060297 0
027880 0
081267 0
275954 0
092220 0
014863 0
060493 0
188627 0
175704 0
182820 0
258949 0
056372 0
109329 0
195956 0
267703 0
018541 0
131173 0
110334 0
181902 0
128548 0
185847 0
034358 0
156307 1
156332 1
156518 1
057937 0
091633 0
140902 0
098015 0
213695 0
009378 0
074882 1
074905 1
074881 1
188714 0
001141 0
119231 0
254935 0
193618 0
098424 0
168617 0
027199 0
110082 0
091666 0
064188 0
220329 0
286789 0
211556 0
024258 0
185287 0
094412 0
065591 0
108055 0
007159 0
195220 0
183723 0
153903 0
258931 0
074625 0
019431 0
167560 0
238843 0
286726 0
195777 0
035368 0
124693 0
104703 0
199027 0
080269 0
246778 0
034384 0
286712 0
233487 0
021307 0
018305 0
142330 0
033163 0
254580 0
031076 0
091179 0
009740 0
122931 0
008643 0
082415 0
145646 0
042531 0
049929 0
216221 0
143791 0
045470 0
190765 0
221602 0
039050 0
058992 0
119970 0
179725 0
192143 0
159599 0
122866 0
016823 0
082200 0
191083 0
094031 0
030202 0
099601 0
164760 0
090598 0
241972 0
090729 0
143085 0
127897 0
258779 0
019616 0
042126 0
143564 0
102436 0
226264 0
167545 0
021118 0
127504 0
279785 0
111884 0
243973 0
004118 0
197991 0
062134 0
283779 0
025097 0
216596 0
140657 0
152992 0
157661 0
001727 0
182347 0
180180 0
133725 0
118552 0
160888 0
175716 0
071799 0
157608 0
281965 0
162808 0
197345 0
121524 0
201561 0
142874 0
153571 0
206164 0
038336 0
020301 0
146238 0
189975 0
182188 0
027877 0
169511 0
169061 0
079747 0
083939 0
227686 0
070222 0
226836 1
243041 0
015323 0
033821 0
014650 0
076530 0
075860 0
032003 0
061637 0
256780 0
287308 0
069914 0
227878 0
268879 0
018220 0
238061 0
033771 0
199373 0
155831 0
006092 0
104024 0
242434 0
286514 1
286502 1
278705 0
268007 0
150008 0
202264 0
162317 0
006265 0
017473 0
142284 0
231591 0
133709 0
031426 0
254008 0
144063 0
166835 0
148296 1
148598 0
020468 0
285276 0
000573 0
018594 0
189914 0
268011 0
119359 0
274005 0
063479 1
063405 1
063502 0
063491 0
063512 0
165213 0
235455 0
272019 0
242207 0
026347 0
050120 0
234931 0
169052 0
179138 0
134021 0
141108 0
155540 1
155539 1
050283 1
050390 1
029723 0
255045 0
041343 0
234110 0
259415 0
158729 0
087886 0
195772 0
195966 0
028169 0
113973 0
148903 0
139844 0
162506 0
084275 0
240218 0
154760 0
075529 0
005844 0
034151 0
173042 0
156629 0
009332 0
128654 0
157057 0
204482 0
225218 0
186757 0
194951 0
143572 0
273948 0
023435 0
232085 0
266239 0
280516 0
060902 0
271315 0
273436 0
071525 0
010839 0
216939 1
215476 0
192855 0
196357 0
222989 0
251389 0
014299 0
130263 0
152478 0
100256 0
159102 0
016411 0
111946 0
044141 0
168668 0
137919 0
170477 0
199294 0
192592 0
240039 0
065104 0
195257 0
024403 0
052643 0
272253 0
265218 0
