278758 0
070284 2
103457 2
070151 2
103324 2
070059 2
103232 2
070056 2
103229 2
070061 2
103234 2
070085 2
103258 2
070108 2
103281 2
070010 2
103183 2
112385 2
111963 2
108202 2
097701 0
261760 0
041509 2
099086 0
114382 2
114462 2
114384 2
093941 2
093938 2
093892 2
093931 2
093942 2
094008 2
094071 2
094699 2
098366 2
109380 2
109381 0
099342 2
099069 2
099357 0
099790 0
097157 0
099083 2
097817 2
097815 2
097821 2
097857 2
097808 2
097925 2
097920 2
097949 2
096207 2
096231 2
096201 2
096181 2
099515 2
098070 2
098021 2
098097 2
098059 2
098644 2
098639 2
098629 2
098784 2
099092 2
098793 2
099104 2
098777 2
098104 2
098029 2
098010 2
098028 2
098068 2
098020 2
097973 2
097830 2
097974 2
108817 2
094081 2
094074 2
094056 2
094046 2
093948 2
095986 2
095958 2
094612 2
094558 2
094522 2
101876 0
093698 2
095399 0
004379 2
118512 2
111269 2
111268 2
111293 2
004171 2
118279 2
094827 2
094729 2
094749 2
094698 2
095032 2
094973 2
096043 2
094068 2
096003 2
096002 2
095882 2
096049 2
133661 2
133721 2
187021 0
096936 2
096894 2
092875 0
094020 2
093973 2
094019 2
093912 2
101189 2
101190 2
119817 0
113717 0
095978 2
101226 2
094055 2
094054 2
095614 0
097345 0
096209 2
096206 2
096685 2
095413 2
095398 2
094587 2
095659 2
101255 0
093889 2
093940 2
093853 2
093794 2
004518 2
118728 2
093114 0
138970 2
139214 2
140247 2
140355 2
140266 2
018169 2
128986 2
129068 0
131994 0
146000 2
145974 2
125036 2
133951 0
100245 2
100034 2
131127 2
100428 2
100303 1
100279 2
100378 2
133940 2
132568 0
067592 2
067615 2
067563 2
067636 2
067649 2
108710 2
108731 2
108729 2
100464 0
078739 2
078741 2
078746 2
078772 2
078778 2
078271 2
079654 0
062130 0
108802 0
018552 1
128739 1
018460 2
128788 2
128871 2
128870 2
128869 2
135085 0
125023 2
125021 2
243724 0
094178 2
094209 2
020886 0
117575 2
138459 2
138425 2
138468 2
117703 2
117708 2
117710 2
098354 0
138037 2
017303 0
004409 2
118566 2
006934 2
120557 2
004124 2
118235 2
007411 0
261084 0
098499 0
116573 2
099192 2
196375 1
012267 2
117564 2
117556 2
114151 2
005062 2
119461 2
119264 2
119260 0
092971 2
096240 2
072263 2
105436 2
074433 2
107606 2
126999 2
139721 2
017937 0
096418 0
137329 0
102061 2
066294 2
189892 0
092536 2
122607 0
098797 2
098781 2
132001 2
131999 2
131996 2
131993 2
118516 2
004419 2
001235 0
123285 0
074842 2
075008 2
074864 2
087982 2
141970 2
096648 2
088008 2
087998 2
087986 0
098529 2
098620 2
108127 2
144933 1
127702 0
051651 0
131020 2
131016 2
131014 1
131482 2
131490 2
131493 2
131460 2
131505 2
128136 2
140525 0
148908 2
060971 2
060968 2
155560 2
155568 2
061662 0
256268 2
256266 2
256264 2
256259 2
256244 2
202877 2
202878 2
202529 2
151732 2
152337 2
152334 2
152489 2
152457 2
152492 2
164649 2
164635 2
162048 2
133912 2
133920 2
133919 2
133773 2
011334 2
122716 2
122714 2
122712 2
122708 2
122690 2
194511 2
142538 2
258755 2
146800 2
201732 2
224815 2
224893 2
224903 2
224901 2
224816 2
224894 2
224748 2
224743 2
224741 2
224690 2
224759 2
193910 2
193987 2
219542 2
233730 0
152115 2
017392 2
129516 2
017318 2
129572 2
130291 2
130292 2
130318 2
257559 2
257540 2
257539 2
257534 2
144461 2
144448 2
149293 2
196446 2
164910 2
196450 2
190371 0
165225 2
163927 2
266984 0
233721 1
234100 2
268459 2
281621 2
164228 2
164156 2
163208 2
162959 2
163061 2
162985 2
157676 2
201811 0
179523 2
279290 2
006972 2
120597 2
142421 2
144446 2
144464 2
144447 2
144519 2
155575 0
275361 2
199021 2
153562 0
099295 2
099293 0
143418 2
143414 0
138447 0
176683 2
176680 2
192455 2
085261 2
085285 2
102086 0
244452 0
085206 0
220815 0
136132 0
017676 2
129322 2
005817 2
120432 2
120430 2
001887 2
132567 0
261063 2
261057 2
261068 0
182823 2
237341 2
281187 2
281036 2
281012 2
280972 2
280920 2
266398 2
159802 2
159806 2
159878 2
159879 2
159884 1
159886 0
257529 0
131746 2
126367 1
142387 2
142394 2
199741 2
163724 2
163725 2
163727 2
163730 2
131985 0
165988 2
166008 2
167959 2
242819 0
170092 2
169455 2
010774 2
158238 0
010349 2
122671 2
005703 2
120323 2
069740 2
102913 2
083156 0
076870 2
077026 2
069170 2
102343 2
077029 2
111735 0
197193 2
197197 2
197191 2
001997 0
177516 2
009871 2
122229 2
138528 2
138516 2
147441 2
147422 2
147443 2
147420 2
223292 0
138363 2
138334 2
138336 2
138306 2
146532 0
159721 2
159716 2
159666 2
009607 2
122050 2
110351 2
137110 0
128920 2
130398 2
064517 2
065068 2
065101 2
063264 2
063267 2
085184 0
063058 2
169756 2
168553 2
169746 2
169786 2
169771 2
169787 2
169754 2
169750 2
169744 2
001330 2
093802 2
001778 2
079747 0
130169 0
149696 2
159101 2
159093 0
063759 2
256483 2
188852 0
068637 0
190368 0
079227 2
079190 2
184854 2
132080 0
184857 0
065663 0
007217 2
120778 2
120708 1
120594 2
128747 2
133208 0
160190 0
141527 2
163739 0
014334 0
116147 0
095524 2
223994 0
117907 2
117927 2
116551 2
116967 2
117163 2
086601 2
000920 1
002762 0
099878 2
099834 2
099786 2
083900 2
280215 0
177947 2
177952 2
178726 0
139690 2
017936 2
129156 2
129223 2
129224 2
017845 2
129219 2
129222 2
090626 0
230390 0
011266 0
141550 2
131145 0
142521 2
142511 2
032446 2
032442 2
032450 2
032502 2
031921 2
032485 2
141249 2
008402 2
219507 0
005432 2
119916 0
101633 2
101635 2
101669 0
018362 0
102108 0
158158 2
228310 0
112328 2
219441 2
219476 2
219420 2
219372 2
145310 0
275779 2
189109 0
142475 0
066285 2
162827 2
162829 2
162986 2
163062 2
086596 2
086581 2
086637 2
083309 2
083328 2
083343 2
240475 0
143423 2
260124 0
093951 0
230404 0
092554 2
092542 2
092463 2
092526 0
114205 0
243192 0
188211 0
130081 0
090497 2
151154 2
151373 2
151160 2
151168 2
090713 0
192032 2
108711 2
108730 2
108732 2
108624 2
186703 0
098525 2
098508 2
098633 2
087980 0
097696 0
018477 0
169781 2
169797 2
169798 2
118533 0
015251 2
125486 2
146128 0
002844 1
119474 0
087602 2
143222 0
232460 1
146071 2
235939 0
004032 0
062701 2
131495 2
131498 2
131510 2
131501 2
131292 2
144985 0
090825 0
243927 0
006933 2
120556 2
094848 2
094752 2
112496 2
007070 0
219985 2
010253 0
065858 2
065854 2
067847 2
063851 1
063850 2
063331 0
032221 2
032223 2
032224 2
032198 2
065032 2
116483 0
259558 0
060989 2
060988 2
064203 2
064219 2
060995 2
064162 2
064198 2
260644 2
060902 2
085081 0
064258 0
101555 2
101412 2
168684 2
168685 2
161444 2
161412 2
161413 2
161400 0
071389 0
231476 0
062733 2
078631 2
098280 2
079302 0
114577 0
126897 2
126898 2
128152 2
251229 0
201858 2
210042 0
002414 1
142003 0
138061 0
094990 2
101096 0
078325 2
078237 2
078236 2
078404 2
078345 2
142622 1
076285 2
066154 0
152714 2
113262 2
126366 0
170250 0
091317 2
091286 2
270840 0
268829 0
094232 0
238700 2
131654 2
031159 2
031144 2
133746 2
066732 0
271282 2
271136 0
133210 0
001120 0
109421 2
098362 2
098360 0
258918 0
083219 2
083222 2
083253 2
083254 2
083279 2
084690 2
084521 2
084692 2
084712 2
084714 2
084711 2
084707 2
076093 2
069841 2
103014 2
107756 0
156303 0
145064 0
162429 2
134639 0
086138 0
071022 0
084041 0
010474 0
183235 2
083854 0
189162 2
189161 2
189160 2
189169 2
189164 2
187313 0
097333 2
097335 2
096061 2
092951 2
092934 2
181843 0
195952 2
195950 2
195935 2
094400 2
094353 2
094432 2
094245 2
097898 0
137323 0
059452 0
092070 2
092249 2
093856 0
156661 0
155289 2
010318 2
122637 2
142441 2
155236 0
272041 0
230643 2
169282 0
157024 0
109360 0
139541 2
139618 2
139619 2
084634 2
084649 2
084631 0
084829 2
068254 0
101209 2
070582 2
103755 2
070343 2
103516 2
070148 2
103321 2
199448 2
199462 2
199420 2
131414 2
131421 0
086654 2
086655 2
086741 0
086514 2
228778 0
132366 2
058989 0
162409 2
287892 0
065856 2
065912 2
065895 2
065986 0
194936 0
155213 0
119989 2
126784 0
099647 0
129155 0
081480 2
081487 2
144674 0
110452 2
064830 0
132097 2
001307 0
198524 0
097843 0
137450 0
131413 0
225504 2
225505 2
225522 0
017314 0
064516 2
114787 0
086015 2
114971 2
100286 2
064971 0
086462 2
145317 0
144337 2
141038 2
140978 2
140980 2
071377 2
104550 2
071364 2
104537 2
117639 2
056274 2
056677 2
048069 2
048075 2
270839 0
114915 2
114911 0
142617 2
142410 1
142637 2
134798 0
098779 2
098801 2
148104 2
071684 2
104857 2
071710 2
104883 2
072189 2
105362 2
004538 2
109713 0
071453 2
104626 2
068298 0
114207 2
033125 0
101791 2
108806 0
098324 2
098321 2
098302 2
098300 2
041234 0
099731 2
099730 2
086603 2
279608 0
111794 2
111762 2
085839 0
012499 0
098056 0
256976 0
157905 0
085623 2
085591 2
092872 0
164548 0
194856 0
058789 2
082453 0
084567 2
084566 2
084559 2
084558 2
084568 2
098045 2
084628 2
084626 2
084629 2
119685 2
119701 2
005543 2
120122 2
079079 2
094758 2
094754 2
094949 1
094368 2
094377 2
094378 2
094244 2
094369 2
094379 2
094385 2
058856 2
158750 2
028838 0
083083 2
094297 0
085355 2
087632 2
085383 2
155996 2
027448 0
066425 0
009409 2
121867 2
129078 2
129074 2
018112 2
129046 2
171578 2
171512 2
171511 2
171491 2
139416 0
266836 0
007759 2
121183 2
132045 2
112951 2
112958 2
175706 2
163720 0
132137 0
244562 0
005707 2
120328 2
175594 2
268171 0
241468 2
241537 2
241538 2
137006 0
083261 0
132577 0
288561 2
288510 2
288756 2
288729 2
252749 0
176745 2
176747 0
093182 2
093202 2
093276 2
069157 0
229487 0
147909 2
147835 2
121859 2
286317 0
067216 2
035821 0
179551 0
060859 2
174704 0
271292 0
058096 2
058093 2
058050 2
058014 2
059978 2
033547 0
094075 0
169139 2
169140 2
180954 0
162208 0
114819 0
145074 0
051632 0
152784 0
070341 2
103514 2
070390 2
103563 2
070319 2
103492 2
070323 2
103496 2
070364 2
103537 2
070285 2
103458 2
070117 2
103290 2
070424 2
103597 2
070114 2
103287 2
070100 2
103273 2
070450 2
103623 2
070494 2
103667 2
100758 2
100751 2
100741 2
064514 0
004565 2
004507 2
118714 2
095937 2
095961 2
096033 2
075341 2
075324 2
111259 2
094389 2
094390 2
094387 0
111530 2
110609 2
007940 2
121353 2
111511 2
110617 0
092710 0
075588 2
075609 0
095965 2
095941 2
061832 0
036482 0
093478 2
092937 2
079592 0
287256 0
005187 2
119632 2
064317 2
064285 2
280090 2
253210 2
253178 2
092615 2
092601 2
098179 0
097344 0
063717 2
094525 2
094355 2
094319 2
033351 0
068431 2
068432 2
001990 2
009147 2
121639 2
009125 0
018674 2
016861 0
064669 2
088043 2
088044 2
061265 0
062946 2
062970 2
062988 2
063001 2
062991 2
063021 2
070933 2
104106 2
071135 2
104308 2
110582 2
110676 2
124676 2
124691 2
147674 2
147627 2
147680 2
147626 2
147638 2
147651 2
142123 2
142059 2
141978 2
109125 2
108847 2
108773 2
108814 2
141213 2
141180 2
000105 0
118121 2
118112 2
118111 2
101440 2
101039 2
101437 2
095786 2
010351 2
122672 2
122643 2
122665 2
122654 2
122595 2
122598 2
122547 2
122561 2
081330 2
081324 2
081320 2
011607 2
122798 2
122794 2
122795 2
138919 2
138900 2
108091 0
116772 2
146709 2
137413 0
229599 0
109027 2
109025 2
109024 0
061054 2
064244 2
098450 0
068505 2
135076 0
114529 0
112401 2
118661 0
033115 2
033131 0
089981 0
110550 2
072057 0
224040 0
109026 0
064547 2
134146 0
283164 2
283178 2
283473 2
058505 2
063416 0
132764 0
070221 0
058253 2
058264 2
098612 0
113334 0
120799 2
120785 0
098281 0
002384 2
225965 0
093054 2
093035 2
093010 2
170604 0
121209 0
124355 0
059005 0
092644 0
080038 2
074562 2
074788 2
201468 0
011817 0
066421 0
017740 2
129280 2
048248 0
015013 0
131194 2
131198 0
133795 2
133533 2
133536 2
133539 2
133543 2
133467 0
094966 0
094051 0
131134 0
013745 0
008411 0
176743 0
181536 2
098342 0
064298 0
095217 2
095230 2
217314 0
014791 2
190825 0
168103 2
168117 0
091352 0
230392 2
078530 0
034267 0
015363 0
175188 0
153606 0
112868 2
112754 0
002717 2
100266 2
100241 2
095638 2
095600 0
090355 2
083085 0
042454 2
033130 1
113123 0
284824 0
042434 0
099792 2
214395 0
283794 2
283806 0
189118 2
234884 0
241136 2
076438 0
117605 2
117563 0
111377 0
026874 0
187114 0
244662 0
088441 0
153605 0
058855 0
146534 2
123864 0
003745 0
058301 2
058274 2
033372 2
042221 0
124574 0
126718 0
179214 2
076297 0
137945 2
137967 2
137991 2
137910 0
095225 2
095228 0
135520 0
014186 2
135685 2
110350 0
177027 0
138878 2
061502 0
265488 0
158434 2
158390 2
142106 2
120928 0
280180 0
258395 1
127546 0
004198 2
142636 2
142650 2
035541 2
079016 0
149846 0
088919 0
094832 2
095448 0
002569 0
255889 0
100549 0
012090 2
062156 0
284367 0
118199 0
237711 0
199217 0
252852 0
149212 2
149318 2
149319 2
256922 0
166326 0
145142 2
145156 0
160139 0
046980 2
046905 2
101880 0
144015 0
058285 2
058271 2
144444 0
150923 0
083220 2
260348 2
260323 2
260318 0
068744 0
017589 2
129394 2
129397 2
002688 2
098726 2
098771 2
098707 2
098848 2
094388 2
094380 2
197502 2
197476 2
197498 2
197474 2
197605 2
156898 0
229457 0
240432 2
240487 2
142986 0
211970 0
114596 2
114552 2
114618 2
112092 2
112096 2
095745 0
099527 2
099401 2
099521 2
097677 2
020986 0
011726 0
252455 0
034577 2
032200 2
032328 2
032341 2
032340 2
032401 2
030579 0
149547 0
013611 0
084391 2
182023 0
009100 0
001767 0
084945 2
084237 2
084394 2
140197 0
086283 2
180514 2
180465 2
063415 0
109982 0
071716 0
096761 2
096656 2
000858 0
150027 0
269126 0
039713 2
065227 0
232847 0
265021 0
179751 0
063855 2
040361 0
157032 0
233737 0
261062 0
094027 2
198038 2
198007 2
197928 2
197893 2
110298 0
064817 0
093823 0
132020 0
023835 2
023769 2
124914 2
093573 2
093565 2
159722 2
091983 0
271607 0
066561 0
061365 2
061364 2
061368 2
061383 2
061385 2
098441 2
098505 2
098497 0
098461 0
086425 0
157796 0
208821 0
284312 0
130164 0
009233 2
121709 2
092987 0
056108 2
056357 2
116844 0
061219 0
145627 0
235247 0
220821 2
220835 2
096153 2
096071 2
096024 2
096022 2
096026 2
015129 2
125610 2
093015 0
136763 2
172968 0
139053 0
009919 0
149385 0
255270 2
097742 0
141581 0
176756 0
102009 0
112134 0
272194 0
016514 0
244202 0
086214 0
083221 0
043519 0
084144 0
007437 2
120948 2
133887 2
270223 0
092580 0
098411 2
098850 2
098847 2
098810 2
098751 2
101942 0
009035 2
097097 2
097101 2
095423 0
098977 2
098972 2
180037 0
159737 0
125422 0
025330 2
032833 0
077315 0
035847 0
092794 0
085204 0
086939 0
128476 0
273924 0
193753 0
032701 0
192808 2
192823 2
066376 0
219616 2
154698 2
277403 2
029478 2
029520 2
053145 2
114843 0
062972 2
062992 2
197720 2
006630 2
113131 0
015608 2
177695 0
253372 0
089087 2
098443 2
068022 2
098409 2
098446 2
098413 2
080336 0
265209 0
025595 0
128225 0
041810 2
031695 0
095234 0
259094 0
012582 2
140005 2
018469 0
101868 0
001861 0
146719 2
132046 0
098447 2
098423 0
198289 0
146570 2
014105 0
139872 0
095005 0
099273 0
014329 0
096680 2
078690 0
271931 0
065908 0
168381 0
188782 0
052466 0
041694 0
095404 2
095826 2
095303 2
094913 2
094960 0
094344 0
181941 0
194115 0
114954 0
018560 0
158696 0
032205 2
095347 2
029182 2
029245 0
099698 0
149218 0
271137 0
170138 0
017996 0
116149 0
113974 0
132177 2
132176 2
132171 2
017665 0
090835 2
024488 2
024485 0
095933 2
095934 2
095938 2
095935 2
095962 2
095932 2
095927 2
096070 2
096083 2
096032 2
098593 0
098947 2
098873 2
098825 2
098824 2
097077 0
031202 0
168907 0
094057 0
209680 2
023093 0
099096 0
009818 0
128216 2
128167 2
011993 2
110896 0
062541 0
018091 0
094381 0
090002 0
280229 0
051976 0
010270 0
287902 0
099343 2
100459 2
100571 2
100462 2
100449 2
100570 2
098949 2
099649 2
099588 2
099581 2
075722 2
251971 2
239459 0
122705 2
011362 2
122728 2
098588 0
190412 0
136103 0
095086 0
150615 0
094229 0
043302 0
260347 0
066984 2
067197 0
059455 2
098315 0
100448 0
091927 0
088638 0
085090 0
233014 0
191781 2
191401 0
051673 2
191787 2
191798 0
219310 0
191802 0
196237 0
098938 2
098893 2
098937 2
089406 0
051690 0
110978 2
183238 0
057700 0
046239 0
031972 0
011363 0
132135 0
144254 0
251427 0
098948 0
070389 0
144990 2
067081 0
065686 2
065538 0
283808 0
094935 0
099271 2
161003 0
202627 0
163731 0
067094 0
098067 0
133028 0
179180 0
153746 0
006872 2
120500 2
145372 0
064932 0
132566 0
255519 0
152105 0
244339 0
285062 2
271941 0
069856 2
103029 2
137151 0
071746 0
135036 0
029417 0
032896 0
280276 0
169287 0
198555 0
076683 2
088046 2
095526 0
109021 0
033675 0
088908 0
181111 0
091395 0
092730 2
092729 2
092723 2
092724 2
092722 2
041481 0
255632 0
017875 0
119744 2
119753 2
119743 2
005284 2
119772 2
119158 2
119139 2
119213 0
004400 2
118544 2
118529 2
118542 2
005404 2
119951 2
119577 0
145420 0
149767 0
092891 0
099248 0
094426 2
094442 2
007349 2
120882 2
015041 0
095654 0
010311 2
122626 2
005152 0
163626 0
144692 2
141536 0
150439 0
114263 2
114259 2
065074 2
065096 2
270511 0
221273 0
184920 0
033108 2
034850 0
180167 2
281620 0
129316 2
017702 2
129308 2
011474 0
121550 2
142466 0
083310 0
020980 0
009130 0
249766 0
120779 0
048284 0
017356 0
258017 0
091131 2
090843 0
086487 2
188807 2
083323 2
231994 2
061345 2
123979 2
061340 2
007756 2
121178 2
238505 0
119236 0
160358 2
198184 0
061045 2
061086 2
064218 2
061144 0
069764 2
102937 2
135378 0
069735 0
181966 0
276911 0
058532 0
192494 0
039340 2
050705 2
050699 2
121563 2
009061 2
121566 2
279173 0
008726 2
044916 0
052300 2
052305 0
230070 0
005956 2
054252 0
168892 0
034533 2
034541 2
034574 2
040694 0
249894 0
058286 2
039814 0
083329 0
167198 0
026640 0
232821 0
191309 0
064849 0
143015 0
067865 0
197862 0
131997 0
255272 0
084148 0
018384 0
058024 2
108061 0
099081 2
099078 0
136574 0
086802 0
000329 2
173340 0
196250 0
266758 0
129692 0
094954 0
281458 0
010214 2
122531 2
010240 2
007485 0
038898 0
062121 0
060493 2
060507 2
060505 2
098061 2
151386 0
191915 0
109030 0
261763 0
089198 0
135804 0
141517 0
059441 0
089123 0
138444 0
004164 0
260311 0
027155 0
121128 0
096797 0
061677 0
086846 0
085103 0
097625 0
023165 2
009408 2
121866 2
032672 0
099992 0
186297 0
101978 2
102038 2
257600 0
034164 0
042388 0
011947 2
124350 0
093699 0
166059 0
112828 0
232153 0
058208 0
210746 0
258184 0
093772 2
093747 2
093645 2
011396 0
201334 0
009267 2
009157 0
011275 2
122691 2
263390 0
092088 0
070042 2
103215 2
071052 0
071051 0
058298 0
180160 2
180178 2
182160 2
104225 0
139363 2
011750 0
288482 0
244272 0
051652 0
063811 0
093804 0
177529 0
109960 0
279015 0
116747 0
062298 0
060192 0
205055 0
231509 0
156435 0
198589 0
116110 0
044101 0
153939 0
174748 0
146966 0
064614 2
064616 2
064617 2
064629 0
094550 2
094564 2
094481 2
087943 0
071817 0
123779 0
100333 0
104224 0
099398 0
120702 0
015077 0
154930 0
079376 0
064582 2
061749 0
139767 0
153527 0
069757 0
263337 0
075262 0
063718 2
112806 2
112821 2
112834 2
112769 2
190027 2
025364 2
025359 0
110457 0
097272 0
093044 2
092942 0
086638 0
125371 0
133818 0
180059 0
042354 0
276916 0
118233 2
284930 0
150298 2
017096 2
154001 0
069174 0
148990 0
075384 0
098229 2
098228 2
098214 2
159801 0
128215 0
033597 0
181033 0
087668 0
260973 0
090613 0
023618 0
185556 2
185557 2
219863 0
032568 0
178896 0
185565 0
086157 0
223119 0
155215 0
252824 2
093668 2
093659 2
263934 0
124927 0
288653 0
094221 0
170112 0
082319 2
225201 0
033595 0
098312 0
064963 2
235845 0
069371 2
102544 2
068944 0
151350 0
109932 0
093409 0
120177 0
132602 0
127955 0
007993 0
035984 0
176748 0
079580 0
063490 0
196873 0
144027 0
199783 2
231554 0
071412 0
119559 0
011970 0
070701 2
103874 2
236593 0
042433 0
045739 0
283812 0
119252 0
083654 0
071431 0
083899 0
066301 0
092379 0
004154 0
122580 0
132614 0
279722 0
083858 0
134330 0
142879 2
142912 2
010619 2
067953 0
062157 0
094440 2
271022 0
283856 0
115757 0
003395 0
018831 0
042844 0
183892 0
163741 0
101875 1
146074 2
146043 2
016349 0
221324 0
097222 2
097199 0
091563 0
190890 0
094490 0
066422 0
085068 0
015763 0
064145 2
059160 0
134077 0
060966 0
032134 2
032206 2
032338 2
032407 2
031968 2
032012 2
031478 2
031591 2
031604 0
034604 0
038369 0
063334 0
053539 2
039735 0
077782 0
126771 0
184858 0
062841 0
095394 0
033107 0
063135 0
038171 0
018624 0
235950 0
220616 0
057024 0
094346 1
094296 0
111328 2
033635 0
093636 0
240274 0
110784 0
094306 2
121677 0
193009 2
192847 2
008009 2
170306 0
137519 0
010705 2
180035 2
190204 0
085704 2
288763 0
243958 0
098946 0
266985 0
095473 2
112324 0
127219 0
185401 0
097807 2
097749 0
179518 0
077894 0
092104 0
258806 0
284997 0
138445 0
257569 0
051748 0
052272 0
095424 0
239097 0
091338 0
130134 0
013609 0
280336 0
003267 0
098383 0
012480 2
066626 0
030246 0
189910 2
189923 2
071263 2
104436 2
168732 2
168733 2
236358 2
236564 0
169567 2
002281 0
128226 0
169549 0
233277 0
062924 0
097573 0
009382 0
034514 0
133693 0
054889 0
152331 0
025131 2
097690 0
096236 0
155235 0
135105 0
254873 0
081141 0
161920 0
062945 0
110479 0
166231 0
226152 0
034711 0
090237 0
087474 0
160602 0
144982 2
270503 0
032231 0
112882 0
273390 0
093570 2
239337 0
082415 0
259772 0
187119 0
093156 0
032986 0
004664 0
156206 0
258138 0
110735 2
110857 0
026813 0
124658 0
058265 0
156890 0
009689 0
145419 0
058381 0
016073 0
119458 0
146035 0
243194 0
173365 0
078356 2
001054 0
110336 2
153819 0
277349 0
067225 0
044246 0
138287 0
097131 0
141444 0
083388 0
064820 0
129208 2
129171 2
129147 2
129136 2
129160 0
129139 0
129157 0
099713 0
039957 0
279285 0
197706 0
128137 0
224238 0
082982 0
129158 0
063274 0
132000 0
092858 0
019266 0
007794 0
010302 0
118207 1
118109 1
124683 0
093719 0
010585 0
017733 0
007547 0
115773 0
108919 0
058863 0
187548 0
268490 2
148757 0
011643 0
147572 2
147559 2
147576 2
149140 0
184478 0
001577 0
154140 0
186742 2
098328 0
187324 0
132009 0
156827 0
159729 0
238396 0
069222 0
157995 0
258512 0
061672 2
098575 0
228449 0
244681 0
011846 0
097743 0
001203 0
102347 0
030201 0
192123 0
130325 0
243041 0
129132 0
042243 0
158627 0
275378 0
115150 0
109020 0
128183 0
001662 0
146514 0
088291 0
062683 0
156660 0
130293 0
092793 0
063105 0
005176 0
265321 0
188308 0
007726 0
095731 0
263338 0
012101 0
276881 0
034613 0
102330 0
148905 0
114212 0
152923 0
095470 0
014616 0
059211 0
094235 2
181962 0
102025 1
188531 0
253255 0
089953 0
017743 0
098582 0
093881 0
085919 0
050159 0
185917 0
140235 0
256278 0
066306 0
143213 0
099233 0
076462 0
185990 0
041716 0
122195 0
157023 0
097945 0
184774 2
184777 2
087744 2
121954 0
059409 0
009708 2
008085 0
255721 0
088055 0
006383 0
239627 0
086776 0
194738 0
252052 0
176292 2
211348 0
025225 0
095673 0
189080 0
079743 0
060229 0
276313 0
099656 0
152785 0
050158 0
090420 0
099573 2
099532 2
149776 0
100806 0
098471 0
165047 0
067893 0
262736 0
085145 0
093494 0
070185 0
220574 0
240635 0
101867 0
101551 0
132572 0
096087 0
193477 0
255295 0
154498 0
144525 0
019789 0
109678 0
011859 2
139877 0
094680 0
060871 2
132066 0
146133 0
086429 0
211233 0
081131 0
100678 0
116148 0
131665 0
149964 0
226799 0
012615 0
152605 0
024304 0
178354 0
075260 0
092166 0
058246 0
181611 0
192262 0
280672 0
271961 0
099614 0
094228 0
283803 0
108100 0
161443 2
161410 0
161411 0
255631 0
079652 0
120924 0
141318 0
188181 0
135097 0
007994 0
139208 0
058390 0
153959 0
231563 0
085248 0
058026 0
185316 0
155212 0
128770 0
128581 0
138454 0
275959 0
139382 0
122746 0
062772 0
127068 2
127143 2
243699 0
108780 0
064513 0
177680 0
039752 0
178422 0
139569 0
086836 0
035835 0
120688 0
112276 0
123281 0
043559 0
092394 0
176741 0
095231 0
000074 0
014351 0
088917 0
149386 0
154688 0
099751 0
080931 0
258029 0
012799 0
148272 0
214015 0
094720 0
091408 0
063418 0
181971 0
049108 2
049103 2
036520 0
082580 2
059823 0
144974 0
072109 0
064658 0
097255 0
048659 0
094310 0
234694 0
001228 0
230587 0
075263 0
129748 0
023098 0
137556 0
114999 0
283619 0
084931 0
189196 2
189290 0
090502 0
062867 0
077633 0
089234 0
059251 0
095432 0
158725 0
084676 0
184440 0
131688 0
099064 0
091584 0
092715 0
038214 0
001233 0
131122 0
102908 0
069286 2
102459 2
128133 0
108083 0
020105 0
256056 0
252750 0
212162 0
009038 0
062910 0
251259 0
100273 0
098335 0
092800 0
034135 0
001194 0
077163 0
103394 0
122591 0
244111 0
096137 0
101826 0
077760 0
164606 0
125440 0
132464 0
089089 0
077184 0
071473 2
104646 2
067881 0
067883 0
068631 0
185597 0
198477 0
119615 0
085438 0
274549 0
064982 0
061669 0
091982 0
091445 0
156888 0
098375 2
098200 2
097084 0
052084 0
252671 1
256130 0
185626 0
098381 2
086213 0
179437 0
083300 0
130660 0
156662 0
098924 0
267359 0
052416 0
114290 0
095989 0
127166 0
128937 0
205910 0
253373 0
108591 2
108556 2
108324 2
187838 0
099289 0
111127 0
182505 0
064630 0
189212 0
086695 0
129585 0
041207 0
010256 2
122583 2
133284 0
092399 0
145009 0
017190 0
068938 0
285079 0
038103 0
115071 0
004319 0
125260 0
058094 0
262570 0
098075 0
086693 0
111345 0
089954 0
277896 0
270446 0
196637 0
226587 2
226665 2
220319 0
240630 0
098160 0
009285 2
071441 0
257939 0
213854 0
090127 0
280224 0
184971 0
104585 0
178850 0
145968 0
111367 0
146847 0
145634 0
141050 0
014406 0
211967 0
243928 0
233731 0
147710 0
099110 0
100985 0
086062 0
035856 0
243722 0
192007 0
072581 2
105754 2
015684 0
044803 0
071246 0
183338 0
036837 0
112499 0
100390 0
251627 0
095101 0
163726 0
029428 0
109413 0
065123 0
088717 0
142895 0
273001 0
064865 0
125620 0
078525 2
085442 0
111909 2
288368 0
125244 0
272039 0
131423 0
142649 0
064954 0
096986 0
098323 0
070076 0
085812 0
186652 0
133891 0
108771 2
122622 0
021709 2
021697 0
021667 0
068434 0
098472 0
091922 0
191347 0
092837 0
220609 0
006281 0
108967 0
141904 0
033636 0
254985 2
254710 0
110915 0
149421 0
162209 0
187446 0
005294 0
033074 0
202678 0
165606 0
036219 0
141351 0
083304 0
181034 0
151685 0
020307 0
081361 0
122194 0
179710 0
162077 0
097133 0
278994 0
194966 0
097414 0
284300 0
017964 0
086974 0
151625 0
260750 0
109616 0
111369 0
191884 0
083434 0
096757 0
007253 0
240466 0
234850 0
059144 0
095579 0
080266 0
205437 0
051645 0
121212 0
151169 0
061186 0
012145 0
131987 0
102013 0
006652 0
135376 0
155988 0
041917 0
212547 0
191950 0
010345 0
225948 0
048118 0
098277 0
161919 0
268175 0
119562 0
068818 0
164940 0
128729 0
192647 0
152928 0
156664 0
003793 1
051658 0
081162 0
033664 0
145149 0
062764 2
062765 2
062767 2
064510 1
070757 0
044883 0
043611 0
221576 2
221577 0
017116 0
042266 0
064953 0
034795 0
089422 0
259085 0
058199 0
103930 0
168565 0
134019 0
017664 0
094345 0
280676 2
280683 0
160224 2
160311 0
160310 0
160334 0
015250 0
160418 0
260179 0
281456 0
267460 0
198179 0
152920 0
009000 0
094025 0
219894 0
262399 0
034645 0
272297 0
099718 0
226243 0
022659 0
180418 0
156293 0
253328 0
010261 0
142402 0
023509 0
279174 0
138487 0
098613 0
085165 0
116685 0
075319 2
198019 0
060822 0
289566 0
029392 0
123732 0
063271 0
238800 0
101187 0
079071 0
264335 0
145656 0
102395 0
267842 0
040005 0
061743 0
101851 0
007571 0
114854 0
148701 0
060191 0
095626 0
244454 0
130209 0
087921 0
131986 0
059431 0
017570 2
129401 2
197685 0
166341 0
097141 0
253028 0
079257 0
104195 0
020954 0
096064 0
096918 0
061294 0
099405 0
033140 0
268660 0
149534 0
094364 0
132765 0
096059 0
250673 0
045212 2
019249 0
036254 0
091986 2
092113 0
258492 0
129687 0
042732 0
184601 0
163430 2
174605 0
015183 0
018052 0
090540 0
139825 0
121180 0
211235 0
117683 0
045323 0
096908 0
135693 0
132201 0
050186 0
126564 0
033620 0
259788 0
067511 0
130248 0
255861 0
168154 0
014257 0
052093 0
121851 0
021678 2
021680 0
006214 0
095384 0
083270 0
027551 0
138849 0
003375 0
041205 0
256761 0
066394 0
182099 0
228333 0
119785 0
011281 2
088978 0
008359 2
142105 0
141326 0
141305 0
065305 0
014518 0
001821 0
008431 0
128011 0
064613 0
180061 0
261785 0
234305 0
127796 0
225544 0
247471 0
121950 0
094455 0
121156 0
062549 0
181501 0
060211 0
231905 0
220653 0
048409 0
051682 0
170605 0
102930 0
014237 0
285596 0
287670 0
100458 0
092215 0
244438 0
093322 0
226114 0
244524 0
145118 0
132606 0
099089 0
049410 0
180662 0
100345 0
075216 0
258445 0
058281 0
109253 0
267964 0
133580 0
036574 0
093460 0
177685 0
