226419 1
211355 1
199662 1
199768 1
202309 1
201723 1
201733 2
253060 1
207523 2
191960 1
191952 1
192027 1
233435 2
141618 0
210803 2
210735 2
258244 1
242624 2
199799 1
199800 1
240501 2
229632 2
225400 2
196270 2
215569 0
224535 2
216167 1
257917 2
262867 1
262872 1
262174 0
275029 2
275040 2
275063 2
253570 2
253575 2
253557 2
253501 2
253675 2
253701 2
253600 2
253602 2
253449 2
253502 2
253558 2
253571 2
253576 2
253425 2
253354 2
244451 2
244471 2
197534 1
197450 1
197440 1
243224 1
229701 2
242947 2
250887 2
229964 2
229876 2
234372 2
234371 2
287168 2
287669 2
258502 2
207193 1
206995 1
211988 0
256022 1
256099 1
255936 1
210965 2
210748 2
203076 2
203072 2
203074 0
080223 2
275249 0
108832 1
108911 1
187602 2
108912 1
109176 1
109198 1
109210 1
108880 1
184706 1
183845 2
183853 1
202237 1
202384 1
202398 0
255060 1
184695 2
256767 2
256770 2
025484 0
205796 2
206423 2
206434 2
208579 1
206808 1
017574 2
015242 0
201756 1
210756 1
202794 1
184747 1
206698 2
206720 2
206709 2
210978 1
201815 1
201813 1
255270 0
243208 1
257343 1
257243 1
257272 1
228781 1
228910 1
227462 1
227546 0
200003 1
243857 1
243843 1
208546 2
265042 1
243497 1
243496 1
243559 1
243558 1
243401 1
243402 1
243779 1
243780 1
243811 1
243818 1
243561 0
234290 1
234289 0
243834 1
243862 1
244363 1
244341 1
244136 1
244143 1
250338 1
250339 1
202344 1
201964 1
201963 1
201958 1
201638 1
208051 1
202262 1
199967 1
101493 1
282970 0
199226 1
199222 1
199153 1
199154 1
199160 1
199156 1
244423 1
244426 2
244436 2
244365 1
244367 1
244353 2
244366 1
244261 2
237379 2
237336 2
237378 0
257428 0
208975 1
208007 1
136116 0
208029 1
208997 1
208018 0
209712 0
244732 0
254637 1
271664 2
271663 2
258373 2
258357 2
115184 0
274359 0
244425 2
187674 0
206797 1
207204 1
128478 1
128627 1
258430 0
001554 1
253569 0
019075 1
155811 1
146539 2
070171 2
103344 2
070147 2
103320 2
070150 2
103323 2
202633 0
243826 0
201516 0
281992 0
205619 0
210885 0
256345 0
199482 1
199458 1
199483 1
199558 1
199502 1
208414 1
208678 1
244502 1
200471 0
263682 0
229135 0
028839 0
226161 1
226164 0
243186 1
127751 0
067843 1
067839 1
067812 1
228782 1
254881 0
228911 1
209030 1
080833 1
064349 1
203070 0
202689 1
226922 1
197170 0
080961 1
256168 0
240791 0
251938 0
202334 1
202363 2
250646 0
230124 0
190565 0
241117 0
261453 0
086685 0
199644 0
261667 0
113760 0
199236 0
145487 0
243528 0
088010 1
224627 0
233644 0
276132 0
204245 1
206885 2
030165 0
265927 0
256551 1
032000 1
031977 1
098618 0
275809 0
210852 0
282164 2
256433 0
226560 0
148897 0
229871 1
229824 0
238027 0
132183 0
207754 0
202796 0
094059 0
253926 0
229820 0
194468 0
243756 0
208986 0
153111 0
115627 0
234399 0
124627 0
288705 0
267467 0
235280 0
253780 0
209668 0
124467 0
112197 0
035546 0
057897 0
165336 0
165298 0
261530 0
208062 0
048852 0
160194 0
258440 0
025686 0
176461 0
190683 0
163117 0
244070 0
277026 0
239616 2
239624 0
243812 0
257421 0
205763 0
230075 1
152740 0
164410 0
226626 0
229250 0
261392 0
192326 0
287271 0
244435 0
160098 0
060785 0
010964 0
256173 0
000512 0
035312 0
222775 0
261579 2
195561 0
256783 1
256772 0
256803 0
261575 0
168665 0
215600 0
242472 0
258446 0
032096 0
254225 1
254170 1
254169 1
254165 1
254186 1
226411 0
185881 0
281926 0
231301 0
230706 0
251950 0
196187 0
253574 1
164877 0
240550 0
275521 0
285025 0
256432 0
190527 0
152484 0
287843 0
261580 0
267709 0
111790 0
261671 0
274400 0
009663 0
145335 0
210877 0
193849 0
261447 0
133558 0
033087 0
226867 0
257456 0
164314 0
262084 0
116886 0
035701 0
076977 0
123878 0
270363 0
193753 0
200523 0
187662 0
235994 0
261287 0
256816 0
269513 0
052216 0
229269 0
215603 0
203057 0
141604 0
276412 0
153174 0
268222 0
197176 0
195764 0
230201 0
226559 0
208535 0
025463 0
261528 0
075559 0
256403 0
241077 0
256434 0
017160 0
023279 0
263482 0
193521 0
283607 0
188960 0
285761 0
169041 0
229146 0
202795 0
223113 0
171232 0
134346 0
006558 0
022023 0
116341 0
119306 0
230040 0
028037 0
255691 0
230551 0
204211 0
176462 1
176460 0
176458 0
176447 1
284512 0
127553 0
278107 0
188426 0
170811 0
163167 0
275199 0
263418 0
278452 0
115447 0
055705 0
065456 0
263740 0
124354 0
253995 0
058907 0
274418 0
255938 0
160173 0
282863 0
199251 0
115531 0
229279 0
127390 0
156904 0
269452 0
243832 0
225367 0
184519 0
283122 0
259945 0
252080 0
228488 1
257594 0
153142 0
288706 0
275543 0
235623 0
288572 0
030168 0
131906 0
272517 0
124148 0
202288 0
226645 0
226845 0
168927 0
162641 0
004761 0
273104 0
258925 0
198359 0
255352 0
124950 0
202963 0
163765 0
272552 0
112620 0
220390 0
124617 0
