038793 1
046428 2
002426 1
079635 1
074739 0
126332 0
112106 1
113419 1
114502 1
114495 1
199083 1
113309 1
113324 1
113123 1
113477 1
113378 1
113369 1
113380 1
113374 1
113317 1
025494 2
038800 1
045236 2
046039 2
045229 2
044676 2
045228 2
045230 2
046162 2
044604 2
044608 2
113693 1
113688 1
113502 1
113496 1
113489 1
113485 1
113942 1
113936 1
113355 1
113439 1
113441 1
113975 1
113973 1
113708 1
113777 1
113765 1
007875 1
113388 1
025505 1
207265 0
113399 1
113702 1
113475 1
113455 1
113769 1
113768 1
113470 1
113480 1
113440 1
113438 1
113277 1
113782 1
113781 1
114260 1
114254 1
113527 1
113405 1
113401 1
113518 1
113510 1
113505 1
262577 1
191745 0
113311 1
113326 1
114938 1
259182 1
131217 0
041854 0
113434 1
113433 1
113407 1
113403 1
268861 0
113778 2
111584 1
113444 1
113413 1
113571 1
113566 1
264157 1
079668 0
113723 1
113720 1
196069 1
113511 1
113504 1
159415 0
113362 1
113359 1
016545 1
075430 0
015136 1
127184 0
080076 0
113673 1
038024 0
113360 1
173382 1
162893 0
025404 0
043000 0
113460 1
115515 1
115518 0
075568 0
113531 1
114215 1
114111 1
274564 0
045135 0
123139 0
153363 2
002288 2
113390 1
022301 0
076244 0
078685 0
115525 0
114410 1
113545 1
118898 0
159563 0
074829 0
153365 2
177252 2
085756 2
158107 0
075392 0
158345 0
113525 1
113516 1
085776 2
113356 1
111541 1
170190 0
114950 0
040866 0
034679 0
175679 0
076196 0
247994 0
126263 2
126271 1
126257 1
126253 2
126222 1
017781 0
043310 0
003000 0
159754 0
075854 0
113430 1
113431 1
150025 0
080136 0
078903 0
117246 1
113322 0
075643 0
015734 0
113526 1
113517 1
006712 0
222891 1
126659 0
199467 0
138617 0
162266 0
075348 0
113528 0
171672 0
274317 0
138560 0
078804 0
114976 1
116915 1
116260 1
007813 0
130720 1
133748 0
136220 0
130684 0
199238 0
287406 0
148718 0
081165 0
081333 0
002152 0
022409 0
176581 0
074622 0
159534 0
088576 0
191731 0
003719 0
145832 0
208442 0
075515 0
222377 0
075023 0
018271 0
011980 0
150078 0
075782 0
114945 2
114947 1
114944 0
111610 0
082736 0
257817 0
069843 0
078926 0
118899 0
090867 0
114019 0
198430 0
090587 0
233055 0
110638 0
075708 0
079545 0
056007 0
074933 0
212840 0
168449 0
075308 0
052048 0
065841 0
004859 0
268873 0
211888 0
113409 0
139543 0
139422 0
124106 0
127162 0
174535 1
174489 0
134108 0
078390 0
011611 0
072187 0
077404 0
123262 0
275534 0
092113 0
008787 0
168031 0
075065 0
160712 0
067123 0
005790 0
121229 0
022395 0
114949 0
078361 0
078378 0
113471 0
014832 0
040681 0
043380 0
157548 0
022400 0
117484 0
148455 0
075268 0
155314 0
003014 0
220745 0
033009 0
005121 1
119527 1
117716 0
131900 0
277446 0
009206 0
075015 0
062389 0
090438 0
040762 0
079037 0
074930 0
