278758 0
070284 2
103457 2
070151 2
103324 2
070059 2
103232 2
070056 2
103229 2
070061 2
103234 2
070085 2
103258 2
070108 2
103281 2
070010 2
103183 2
112385 2
111963 2
108202 2
097701 0
261760 0
041509 2
099086 0
114382 2
114462 2
114384 2
093941 2
093938 2
093892 2
093931 2
093942 2
094008 2
094071 2
094699 2
097157 0
109380 2
109381 0
098366 2
099342 2
099069 2
099357 0
099790 0
097817 2
097815 2
097821 2
097857 2
097808 2
098070 2
098021 2
098097 2
098059 2
098644 2
098639 2
098629 2
098784 2
098793 2
099092 2
099104 2
098777 2
098104 2
098029 2
098010 2
098028 2
098068 2
098020 2
097973 2
097974 2
097830 2
097925 2
097920 2
097949 2
096207 2
096231 2
096201 2
096181 2
099515 2
108817 2
094081 2
094074 2
094056 2
094046 2
093948 2
095986 2
095958 2
094612 2
094558 2
093698 2
094522 2
101876 0
095399 0
111269 2
111268 2
111293 2
004379 2
118512 2
004171 2
118279 2
094827 2
094729 2
094749 2
094698 2
095032 2
094973 2
094068 2
096043 2
096003 2
096002 2
095882 2
096049 2
187021 0
096936 2
096894 2
101226 2
133661 2
133721 2
092875 0
119817 0
094055 2
094054 2
101255 0
095614 0
095978 2
094020 2
093973 2
094019 2
113717 0
097345 0
099083 2
096209 2
096206 2
101189 2
101190 2
093912 2
100245 2
100034 2
117703 2
117708 2
117710 2
093114 0
004518 2
118728 2
116573 2
096685 2
099192 2
018460 2
128788 2
128871 2
128870 2
128869 2
131994 0
138970 2
139214 2
094550 2
094564 2
094481 2
138459 2
138425 2
138468 2
138037 2
146000 2
145974 2
018552 1
128739 1
131127 2
125036 2
135085 0
132568 0
067592 2
067615 2
067563 2
067636 2
067649 2
117575 2
079654 0
140247 2
140355 2
140266 2
108710 2
108731 2
108729 2
004409 2
118566 2
004124 2
118235 2
007411 0
098354 0
006934 2
120557 2
012267 2
102108 0
125023 2
125021 2
133951 0
117564 2
117556 2
128747 2
068254 0
243722 0
100428 2
100279 2
100378 2
100303 1
100464 0
114151 2
092971 2
196375 1
131145 0
108802 0
094178 2
094209 2
095413 2
095398 2
094587 2
095659 2
005062 2
119461 2
119264 2
119260 0
078739 2
078741 2
078746 2
078772 2
078778 2
078271 2
139721 2
017937 0
093940 2
093889 2
093853 2
093794 2
072263 2
105436 2
074433 2
107606 2
096418 0
133940 2
092536 2
066294 2
032446 2
032442 2
032450 2
032485 2
032502 2
031921 2
061662 0
092872 0
096240 2
065068 2
065101 2
063264 2
063267 2
063058 2
189892 0
063331 0
065663 0
137329 0
093478 2
092937 2
079592 0
063759 2
096648 2
118516 2
004419 2
064517 2
123285 0
066285 2
074842 2
075008 2
074864 2
092554 2
092542 2
092526 0
126999 2
085145 0
132001 2
131999 2
131996 2
131993 2
001235 0
141970 2
143414 0
086581 2
086596 2
086637 2
009871 2
122229 2
120708 1
120594 2
007217 2
120778 2
183235 2
015251 2
125486 2
176745 2
176747 0
144933 1
272041 0
126367 1
127702 0
017676 2
129322 2
064258 0
001887 2
141527 2
144985 0
098797 2
098781 2
140525 0
197193 2
197191 2
197197 2
098529 2
098620 2
108127 2
097696 0
098280 2
275779 2
119916 0
131016 2
131020 2
131014 1
131482 2
131493 2
131490 2
131460 2
131505 2
128136 2
148908 2
256268 2
256266 2
256264 2
256259 2
256244 2
155560 2
155568 2
202877 2
202878 2
202529 2
151732 2
194511 2
224893 2
224815 2
224903 2
224901 2
224816 2
224894 2
224748 2
224743 2
224741 2
224690 2
224759 2
193910 2
193987 2
164649 2
164635 2
162048 2
268459 2
011334 2
122716 2
122714 2
122712 2
122708 2
122690 2
133912 2
133920 2
133919 2
133773 2
142538 2
146800 2
152489 2
152492 2
152457 2
152337 2
152334 2
219542 2
258755 2
220815 0
257559 2
257540 2
257539 2
257534 2
164910 2
163927 2
201732 2
266984 0
153606 0
149293 2
099295 2
099293 0
244452 0
176683 2
176680 2
279290 2
199021 2
233721 1
234100 2
257529 0
006972 2
120597 2
164228 2
164156 2
179523 2
275361 2
142421 2
117907 2
117927 2
116551 2
116967 2
117163 2
002762 0
144461 2
144448 2
060971 2
060968 2
102086 0
001778 2
000920 1
085206 0
130164 0
152115 2
120430 2
005817 2
120432 2
281621 2
068637 0
237341 2
136132 0
192032 2
165225 2
157676 2
159806 2
159802 2
159878 2
159879 2
159884 1
159886 0
162959 2
163061 2
162985 2
163208 2
169756 2
168553 2
169771 2
169746 2
169786 2
169787 2
169754 2
169750 2
169744 2
189169 2
189164 2
189162 2
189161 2
189160 2
149386 0
155575 0
243192 0
014334 0
138447 0
138528 2
138516 2
182823 2
095524 2
001120 0
223292 0
187313 0
163725 2
163724 2
163730 2
163727 2
177516 2
017392 2
129516 2
130291 2
017318 2
129572 2
130292 2
130318 2
190412 0
281187 2
281036 2
281012 2
280972 2
280920 2
266398 2
188852 0
163739 0
116147 0
010774 2
069740 2
102913 2
158158 2
130398 2
256483 2
235939 0
281620 0
132567 0
119458 0
083309 2
083328 2
083343 2
110351 2
001997 0
083156 0
099649 2
099581 2
099588 2
079747 0
243927 0
261063 2
261057 2
261068 0
093802 2
009607 2
122050 2
280215 0
188211 0
005703 2
120323 2
111735 0
085081 0
114205 0
098525 2
098508 2
098633 2
122607 0
192455 2
010253 0
128920 2
131746 2
085261 2
085285 2
076870 2
077026 2
077029 2
069170 2
102343 2
142387 2
142394 2
159721 2
159716 2
159666 2
199741 2
160190 0
170092 2
169455 2
101555 2
167959 2
101412 2
165988 2
166008 2
190368 0
076093 2
083219 2
083222 2
131985 0
083254 2
083253 2
083279 2
219985 2
231476 0
087602 2
084521 2
084690 2
155996 2
084692 2
084712 2
084714 2
084711 2
084707 2
150615 0
010349 2
122671 2
179214 2
142511 2
142521 2
162827 2
162829 2
162986 2
163062 2
086138 0
146071 2
009409 2
121867 2
240475 0
159101 2
159093 0
090825 0
018362 0
158238 0
251229 0
130081 0
242819 0
260138 0
076285 2
051651 0
102061 2
184854 2
001330 2
184857 0
018477 0
007726 0
112496 2
201468 0
201858 2
210042 0
096761 2
096656 2
094232 0
093856 0
096061 2
097333 2
097335 2
168684 2
168685 2
149696 2
092951 2
092934 2
144444 0
090497 2
010474 0
079190 2
079227 2
090713 0
083900 2
139690 2
086601 2
099878 2
099834 2
099786 2
094848 2
094752 2
258512 0
145310 0
112328 2
128152 2
162429 2
198589 0
078325 2
078236 2
078237 2
078345 2
078404 2
142622 1
181843 0
095579 0
062701 2
032198 2
113262 2
260644 2
060902 2
006933 2
120556 2
060989 2
060988 2
064203 2
064219 2
060995 2
064162 2
064198 2
032221 2
032223 2
032224 2
063851 1
063850 2
094990 2
065858 2
065854 2
067847 2
145988 0
093772 2
093747 2
101096 0
161444 2
161412 2
161413 2
161400 0
065032 2
078631 2
101633 2
007070 0
101635 2
101669 0
093668 2
093659 2
031159 2
031144 2
137323 0
079743 0
080931 0
091317 2
091286 2
035821 0
138849 0
098362 2
065986 0
098360 0
114577 0
093645 2
219507 0
087982 2
004032 0
065686 2
088008 2
087998 2
098045 2
087986 0
268490 2
268829 0
177947 2
177952 2
178726 0
084567 2
084568 2
084566 2
084559 2
084558 2
084634 2
084649 2
084631 0
084041 0
126897 2
126898 2
097945 0
064317 2
064285 2
031478 2
031591 2
031604 0
061345 2
061340 2
041234 0
079302 0
129155 0
033351 0
064817 0
142441 2
260347 0
011266 0
283164 2
121859 2
132366 2
283178 2
283473 2
083854 0
137450 0
169781 2
169797 2
169798 2
175706 2
170306 0
014791 2
138061 0
087980 0
238700 2
270840 0
084628 2
280276 0
084626 2
131134 0
116483 0
083083 2
017314 0
084148 0
084629 2
232847 0
195952 2
195950 2
195935 2
109421 2
230390 0
139541 2
139618 2
139619 2
094400 2
094353 2
094432 2
094245 2
097898 0
119685 2
005543 2
120122 2
119701 2
143213 0
064514 0
002844 1
018169 2
128986 2
129068 0
114787 0
093951 0
133746 2
101209 2
175594 2
017303 0
094380 2
107756 0
094388 2
271282 2
271136 0
148809 2
110479 0
004198 2
094754 2
094758 2
094949 1
094368 2
094377 2
094378 2
094385 2
094369 2
094244 2
094379 2
132577 0
155289 2
092644 0
099647 0
199699 0
098499 0
270839 0
067216 2
287256 0
187114 0
189109 0
156661 0
097344 0
058856 2
266368 0
240432 2
240487 2
259558 0
176748 0
028838 0
179551 0
189118 2
085623 2
085591 2
144337 2
141038 2
140978 2
140980 2
071364 2
071377 2
104550 2
104537 2
148104 2
117639 2
100286 2
058425 2
058500 2
058381 0
142617 2
142410 1
142637 2
134798 0
010318 2
122637 2
129078 2
129074 2
018112 2
129046 2
253210 2
253178 2
137110 0
155215 0
145074 0
086462 2
211970 0
186742 2
186703 0
086514 2
061045 2
061086 2
061144 0
018831 0
086654 2
094297 0
114971 2
268171 0
056274 2
056677 2
048075 2
048069 2
004538 2
095937 2
095961 2
096033 2
070319 2
103492 2
070323 2
103496 2
070364 2
103537 2
070285 2
103458 2
070117 2
103290 2
070424 2
103597 2
070100 2
103273 2
070114 2
103287 2
070450 2
103623 2
070494 2
103667 2
070341 2
103514 2
070390 2
103563 2
094389 2
094390 2
094387 0
075588 2
279608 0
075609 0
052272 0
086655 2
086741 0
100741 2
100751 2
100758 2
004565 2
004507 2
118714 2
098779 2
098801 2
059452 0
020886 0
007940 2
121353 2
078530 0
111259 2
061832 0
111530 2
095638 2
109982 0
095600 0
036482 0
114819 0
111511 2
057700 0
063718 2
110609 2
241468 2
241537 2
241538 2
156303 0
152331 0
288561 2
288510 2
288756 2
288729 2
062733 2
063334 0
177695 0
064547 2
182023 0
071710 2
104883 2
072189 2
105362 2
071684 2
104857 2
033372 2
135685 2
162409 2
092710 0
256976 0
066154 0
151386 0
076438 0
225504 2
225505 2
225522 0
086015 2
252749 0
094051 0
011143 0
058096 2
058093 2
058050 2
058014 2
061054 2
064244 2
060859 2
071453 2
104626 2
087943 0
068298 0
099731 2
099730 2
131654 2
095225 2
095228 0
070933 2
104106 2
071135 2
104308 2
098324 2
098321 2
098302 2
098300 2
097733 0
068431 2
068432 2
110582 2
110676 2
110550 2
124691 2
124676 2
063416 0
094344 0
094525 2
094355 2
094319 2
033115 2
033131 0
141180 2
141213 2
000105 0
147674 2
147638 2
147651 2
147627 2
147680 2
147626 2
033125 0
142123 2
141978 2
142059 2
137413 0
138900 2
138919 2
095786 2
108773 2
108847 2
108814 2
146709 2
018674 2
101039 2
101440 2
101437 2
010351 2
122672 2
122595 2
122643 2
122598 2
122665 2
122654 2
122561 2
122547 2
118121 2
118111 2
118112 2
109125 2
011607 2
122798 2
122794 2
122795 2
116772 2
098450 0
081330 2
081324 2
081320 2
112401 2
068505 2
063001 2
062991 2
062988 2
063021 2
062970 2
062946 2
080038 2
074562 2
074788 2
108091 0
135076 0
098612 0
150027 0
134146 0
284312 0
008411 0
058378 0
233730 0
058285 2
058271 2
121209 0
229599 0
089981 0
012499 0
075722 2
101791 2
016861 0
051632 0
108711 2
108730 2
108732 2
224238 0
100448 0
099248 0
007756 2
121178 2
114915 2
075324 2
075341 2
111794 2
163741 0
111762 2
146534 2
118533 0
108624 2
169287 0
114529 0
143423 2
003745 0
027448 0
115150 0
271137 0
143418 2
232460 1
093044 2
095086 0
071389 0
099792 2
066421 0
092942 0
137945 2
137967 2
137991 2
181611 0
095217 2
095230 2
255889 0
144464 2
144447 2
144519 2
144446 2
109025 2
137910 0
109027 2
109024 0
097566 0
109026 0
118661 0
111377 0
086213 0
142106 2
146719 2
048659 0
149617 0
132764 0
145064 0
064971 0
091352 0
039340 2
000074 0
155235 0
015363 0
138878 2
005707 2
120328 2
157024 0
084391 2
099761 0
142636 2
142650 2
084237 2
084394 2
086283 2
084945 2
101868 0
072109 0
085355 2
087632 2
085383 2
180954 0
142003 0
199217 0
058855 0
066732 0
113334 0
063717 2
140197 0
220835 2
220821 2
083220 2
046980 2
046905 2
062156 0
126718 0
092070 2
092249 2
124355 0
190371 0
094966 0
090626 0
065856 2
065912 2
065895 2
116149 0
181536 2
064669 2
133795 2
133536 2
133533 2
133539 2
133543 2
133467 0
061265 0
168103 2
113123 0
168117 0
058301 2
058274 2
131292 2
132045 2
017740 2
129280 2
126771 0
252455 0
149846 0
058253 2
058264 2
085204 0
059005 0
177027 0
152784 0
061502 0
114207 2
123864 0
098342 0
256922 0
261062 0
138287 0
135520 0
114552 2
114596 2
114618 2
099527 2
099401 2
099521 2
136763 2
152714 2
108806 0
097677 2
149212 2
149318 2
149319 2
166779 0
094832 2
095448 0
151373 2
151160 2
151154 2
151168 2
146128 0
287670 0
095423 0
098281 0
093823 0
097843 0
002569 0
139053 0
176743 0
224040 0
069856 2
103029 2
005187 2
119632 2
120928 0
110617 0
099271 2
192494 0
069841 2
103014 2
110452 2
101880 0
098726 2
098771 2
098707 2
098848 2
159722 2
158750 2
032200 2
034577 2
032328 2
032341 2
032340 2
032401 2
030579 0
013745 0
014186 2
112134 0
180465 2
180514 2
139416 0
132135 0
011726 0
099273 0
002688 2
048248 0
099343 2
168889 0
244562 0
098443 2
184858 0
098441 2
219616 2
098505 2
154698 2
098411 2
098977 2
098972 2
098461 0
095745 0
098850 2
098847 2
098810 2
098751 2
098497 0
286317 0
131498 2
131510 2
131495 2
131501 2
098949 2
098409 2
098446 2
098413 2
101942 0
070582 2
103755 2
031972 0
199448 2
199420 2
199462 2
070148 2
103321 2
070343 2
103516 2
058789 2
034267 0
194942 0
119474 0
138363 2
138334 2
138306 2
138336 2
147441 2
147443 2
147420 2
147422 2
025595 0
146532 0
260973 0
192808 2
192823 2
158434 2
158390 2
228333 0
110298 0
171578 2
171512 2
171511 2
171491 2
160139 0
277403 2
113131 0
100459 2
100570 2
100449 2
100571 2
100462 2
007759 2
121183 2
086487 2
076297 0
039713 2
068938 0
112092 2
112096 2
230643 2
098315 0
112951 2
112958 2
181941 0
156888 0
098200 2
098375 2
069157 0
053145 2
157032 0
127546 0
017589 2
129394 2
129397 2
134639 0
029478 2
029520 2
097084 0
062972 2
062992 2
253372 0
089087 2
163720 0
159737 0
114843 0
079079 2
009035 2
266836 0
194115 0
137006 0
095234 0
128225 0
241136 2
219441 2
219476 2
219420 2
219372 2
068022 2
033130 1
175188 0
271931 0
065901 0
061364 2
061365 2
061368 2
061383 2
061385 2
094381 0
006630 2
217314 0
280229 0
059978 2
157796 0
269126 0
013611 0
098447 2
098423 0
262399 0
092463 2
109713 0
077315 0
035190 0
146570 2
014105 0
041481 0
197720 2
091927 0
146966 0
112868 2
112754 0
009147 2
121639 2
009125 0
085667 0
180037 0
147572 2
147559 2
147576 2
181966 0
149534 0
098056 0
198524 0
124914 2
058863 0
042454 2
110896 0
186297 0
255270 2
159801 0
154688 0
025330 2
235247 0
035835 0
033547 0
109021 0
098067 0
093804 0
140005 2
191781 2
084144 0
191401 0
139872 0
017936 2
129156 2
129223 2
017845 2
129224 2
129219 2
129222 2
000809 0
132572 0
114954 0
017996 0
007437 2
120948 2
132097 2
001307 0
096680 2
284367 0
080336 0
098179 0
078690 0
093573 2
083261 0
191798 0
093565 2
092379 0
068744 0
142659 0
155212 0
133887 2
132566 0
043519 0
276881 0
015129 2
125610 2
041694 0
130169 0
091983 0
210746 0
094229 0
147909 2
147835 2
102009 0
169139 2
169140 2
015608 2
093015 0
223994 0
095404 2
095826 2
234836 0
006872 2
034645 0
120500 2
153562 0
095303 2
271022 0
144990 2
145317 0
125371 0
041810 2
092794 0
085090 0
128476 0
280336 0
035984 0
265209 0
233737 0
095347 2
244202 0
120177 0
133028 0
184478 0
190825 0
214395 0
123779 0
251971 2
239459 0
228778 0
096153 2
067322 0
096071 2
032833 0
096024 2
096022 2
096026 2
270223 0
109030 0
041917 0
161211 0
059455 2
193467 0
009919 0
191309 0
235194 0
173365 0
032205 2
263934 0
131194 2
131198 0
058505 2
058286 2
039814 0
117563 0
093054 2
093035 2
093010 2
