211696 2
211748 2
181304 2
211698 2
126011 1
014706 1
126010 1
138972 2
120130 1
120139 1
120142 1
120140 1
120156 1
005589 2
120180 2
004783 1
119058 1
011488 2
122751 2
004581 1
118783 1
005575 2
120164 2
120154 2
005599 2
120194 2
009042 2
119613 2
118385 2
004271 2
118408 2
014845 2
125872 2
005834 2
120455 2
120450 2
120449 2
005309 2
119806 2
119786 2
005371 2
119895 2
119844 2
118395 2
118398 2
118397 2
004270 2
118407 2
118393 2
118392 2
005132 2
119543 2
004794 2
119072 2
119071 2
125865 2
130855 2
012509 0
014967 2
125763 2
125764 2
119178 2
119177 0
004273 1
118414 1
118428 1
004323 1
118445 1
087372 0
132770 2
001681 2
001586 2
014848 2
125868 2
001766 2
132773 1
132778 1
001063 2
128168 2
116549 0
100189 0
131101 2
131021 2
015050 2
125674 2
004212 2
118312 2
118709 0
132767 2
004331 2
118452 2
118409 2
004275 2
118418 2
004727 2
118988 2
118987 2
118755 1
118751 1
118748 2
004532 0
118273 2
007481 1
120971 1
120963 1
120968 1
120969 1
120962 1
120960 1
120959 1
005130 1
119537 1
123931 1
118105 0
119081 1
119032 1
007949 1
121364 1
121363 1
007942 2
121356 2
118284 2
118285 2
118298 2
122760 1
122761 1
122764 1
122769 1
011550 1
122772 1
130964 1
131009 1
131017 1
131008 1
137977 1
133397 1
133396 1
133391 1
133481 1
133473 1
002494 1
129996 1
011676 1
011763 1
011697 1
142570 1
010509 1
011924 1
129062 1
004575 1
118779 1
119652 1
119651 1
005250 1
119719 1
005340 1
119848 1
119963 2
128440 1
004676 2
118896 2
118874 2
004682 2
118908 2
147869 1
120040 1
119145 2
119136 2
065684 1
065690 0
004818 1
119096 1
144749 1
144778 1
144716 1
144892 1
124969 1
124964 1
258283 1
147217 1
240277 1
240376 1
237275 1
237753 1
285468 1
285461 1
172766 1
172765 1
010276 1
122605 1
009549 1
004732 1
118990 1
163863 1
163859 1
163843 1
124241 0
155799 0
005227 1
119678 1
142011 1
005498 1
120080 1
005177 1
119618 1
011850 1
004677 2
118897 2
118878 2
004863 2
119154 2
130275 1
004321 1
118443 1
118412 1
120830 1
120865 1
120031 1
005467 1
120033 1
120032 1
118597 1
118589 1
004422 1
118581 1
005262 2
119732 2
015180 1
125565 1
005588 1
120179 1
004531 1
118743 1
120172 1
005583 1
120173 1
118940 0
005497 2
120078 2
120077 2
069684 0
001030 0
237672 1
007227 1
120784 1
011739 1
009747 1
122143 1
118976 1
011740 1
009668 0
119361 1
004994 1
119362 1
004725 1
118984 1
118965 1
123554 1
004500 1
118699 1
118967 1
007556 1
121047 1
118501 2
018451 1
128794 1
112892 2
112884 2
112830 2
112845 2
101966 1
118932 0
005214 1
119661 1
119626 1
119649 1
005180 1
119622 1
004417 1
118574 1
118572 1
118502 0
011487 1
004349 0
179748 1
179808 1
179744 1
151208 1
151196 1
111721 1
111720 1
111712 1
111226 1
098859 0
124755 1
008024 1
121425 1
011894 0
009601 1
009342 1
121812 1
118904 1
118899 1
118898 1
012464 1
122984 1
125194 1
009903 1
122246 1
004982 0
018264 1
128927 1
118778 1
118787 1
001429 1
005477 1
124743 1
120041 1
124919 1
119107 1
004865 1
119157 1
126306 1
126300 1
010102 1
122404 1
122400 0
118955 1
118948 1
118983 1
118961 1
005570 1
120158 1
006928 1
120542 1
120537 1
115485 0
123965 1
123970 1
123973 1
123972 1
121556 1
009054 0
008003 1
121411 1
127093 1
011978 0
118735 1
100852 1
100609 1
100853 1
101974 0
004909 1
119259 1
004503 1
118702 1
118526 1
127053 1
121808 0
146774 1
005261 1
119731 1
005260 1
119730 1
100257 0
120051 0
176028 0
135556 0
010221 0
004707 1
118950 1
118698 1
004525 1
004951 1
119305 1
123232 2
119414 0
109519 2
004896 1
119231 1
174037 0
005236 1
119691 1
119935 2
012313 0
009001 1
121518 1
124036 1
009780 1
122175 1
123493 1
123470 1
123496 1
124359 0
123654 1
123656 1
009005 0
123525 1
123526 0
009050 1
121555 1
121554 1
121524 1
119193 1
005499 1
120081 1
120075 1
120065 1
011709 1
123641 1
123642 1
123635 1
009660 0
018256 1
128935 1
127204 1
127189 1
127188 1
015468 1
125280 1
125279 1
125281 1
011774 0
124403 1
124478 0
124650 1
108297 1
108393 1
108368 1
108289 1
119217 1
004991 1
119357 1
111541 0
121234 0
118657 1
004897 1
119232 1
007894 1
121318 1
121305 1
259688 1
131474 0
012508 1
114806 0
011958 1
122873 1
131376 0
125141 0
145726 1
122012 0
004428 1
118605 1
271954 1
271953 1
271956 1
148818 0
005637 1
120241 1
004752 1
119024 1
119019 1
009078 1
121586 1
127893 0
285303 0
005606 1
120207 1
012128 1
005815 1
120431 1
005832 1
120453 1
116622 0
000812 1
000863 1
144800 1
144780 1
011845 1
005818 1
120433 1
120422 1
006845 1
120486 1
120421 1
118175 1
118115 1
115001 1
114994 1
131743 1
011941 1
012521 0
135200 1
086672 1
086361 1
086303 1
176788 0
109221 1
109081 1
108946 0
115142 1
115163 1
116614 0
094934 1
094929 0
145651 0
084931 1
087526 0
017366 1
017188 1
149927 1
005831 1
120452 1
120444 1
120442 1
120443 1
120441 1
120423 1
111062 0
124222 1
124310 1
124264 1
010303 1
120949 1
120946 1
007353 1
120888 1
005794 1
120404 1
131872 1
127178 1
007081 1
120677 1
007503 1
120993 1
120958 1
120703 1
005790 1
120399 1
120336 0
117131 0
126789 1
120694 1
120713 1
007429 1
007182 0
120942 1
040689 0
120181 1
005590 1
120183 1
123524 1
123503 1
086550 0
068467 0
009012 1
121533 1
009011 1
121531 1
162456 1
162452 1
192007 0
147994 1
147978 1
147989 1
149471 1
147494 1
149585 1
133085 1
009561 1
122010 1
133008 0
131296 0
120326 1
005737 1
120350 1
004514 1
118719 1
145646 1
006915 1
120529 1
015404 1
125335 1
015388 1
192942 0
009654 0
007344 0
124237 0
140289 1
120268 0
011830 1
095442 0
012163 0
124864 0
028580 1
124485 1
028603 0
128370 1
128246 1
007512 0
009049 1
182867 1
182319 0
130095 1
124182 1
124034 1
124663 0
115317 0
130284 1
130274 0
121221 0
117171 1
141906 0
119149 0
099113 1
099142 1
007337 1
120872 1
124204 1
124261 1
137264 0
088225 1
088369 1
088424 1
088436 1
088442 1
108793 1
108402 1
109108 1
109740 1
109774 1
108286 1
108253 1
141286 0
015166 1
086129 1
152937 0
128060 0
079472 1
193345 1
251045 1
251044 1
144374 0
015269 1
125469 1
132210 1
132116 1
132226 1
059788 0
011904 1
122861 1
027344 1
012438 0
148263 0
091265 1
115476 0
011269 1
011985 1
124233 0
009612 1
122052 1
119491 1
007813 1
121229 1
243132 1
243791 1
129664 0
004720 1
118979 1
013988 1
146451 1
146471 1
014020 1
146476 1
124995 1
125175 1
125187 1
124994 0
101238 0
097488 0
005383 1
119914 1
147587 1
147607 1
141483 0
212613 1
001903 1
171456 0
284603 1
284604 1
264482 1
264478 1
259692 1
259690 1
259677 1
259671 1
259673 1
258671 0
141017 1
141013 1
141018 1
008472 1
142251 1
109568 1
109462 1
111510 1
087316 0
123708 1
010012 1
009010 1
121530 1
032127 1
032125 1
039077 1
038806 1
038807 0
121340 1
121339 1
121317 1
121314 1
007990 1
121396 1
121383 1
252924 1
253238 1
253266 1
253239 0
253486 1
253585 1
253434 1
253451 1
280013 1
280020 1
280004 0
166913 1
012516 0
175297 0
121095 0
231149 0
176774 1
289915 1
117441 0
004877 2
243979 0
011974 1
118797 0
119181 2
258929 0
009083 1
000752 0
132862 1
011916 0
184751 1
212914 1
133706 1
133698 1
186807 1
223272 1
260616 0
194236 1
186805 0
028651 0
119132 2
170607 1
147687 0
008941 1
123599 1
123585 1
001184 1
183274 1
183280 0
002007 0
192947 0
126077 0
222331 1
222433 1
162170 1
162355 1
163861 0
186176 0
286169 0
140690 1
140711 1
140682 1
008542 1
062059 1
145247 0
009959 1
167652 0
134106 1
227239 1
015235 0
264813 0
165230 1
165220 1
159472 1
159474 0
009161 0
139020 1
139018 1
006653 1
278213 0
140899 1
140895 1
082079 0
157562 1
161546 1
161549 1
157279 1
157280 1
161522 1
118707 1
143409 1
151366 1
131873 1
001036 1
235759 1
235639 1
140933 0
041036 0
201259 0
204137 0
118647 1
212835 0
135409 0
122475 0
077233 1
077257 1
062097 0
145045 0
289914 1
098963 0
145450 0
000713 0
114208 0
128157 0
113360 1
168155 1
005469 1
120037 1
153585 1
128239 0
136938 0
120036 0
018619 0
278048 1
278128 1
240821 0
100212 0
151307 0
123282 1
123242 1
091576 0
110024 1
222988 1
006807 1
009204 1
009242 1
121718 1
007661 1
121115 1
223832 0
149654 1
090298 0
165129 1
165130 1
126811 1
126659 1
126348 1
126365 1
149706 1
015594 1
015264 1
125472 1
125487 1
015500 1
125255 1
230912 1
230921 1
015111 0
149657 1
015612 1
149656 0
143821 1
011477 0
173379 0
004624 1
118826 1
118816 0
191565 1
191572 1
191570 1
123754 0
052070 0
076099 1
076059 1
076009 1
265436 1
148588 1
000010 1
149655 0
265395 1
265415 1
238615 1
238679 1
239387 1
174487 0
239051 1
239052 1
239039 1
239010 1
239361 1
239362 1
238990 1
195553 1
097801 1
100415 1
195554 1
191172 1
197538 1
062099 1
004263 1
118399 1
118386 1
120470 0
111932 0
036470 1
125193 0
119013 1
119008 1
000522 1
017892 0
222652 1
222106 1
197375 1
197368 1
221535 1
221534 1
233308 0
121559 0
058346 0
198485 1
195557 0
204214 0
036468 1
243604 1
243518 1
243562 1
077321 0
119576 1
119572 1
036450 0
095631 1
111665 1
135321 1
136346 1
136338 1
136328 1
135649 1
135283 1
135298 1
135637 1
137097 1
137113 1
260343 0
075650 1
146509 1
095630 0
287406 0
144221 0
145583 1
145679 1
145678 1
069526 0
114389 0
164021 1
164027 1
164023 1
191654 1
075874 0
118500 0
191099 0
125703 0
126005 0
137865 1
137798 1
006338 1
096498 0
169408 0
011991 1
221167 0
017728 0
008471 0
004816 1
119095 1
075781 0
124693 1
007285 0
186279 1
194205 0
149750 1
015577 1
159353 1
159634 1
122853 1
124027 0
148632 0
150020 1
242843 0
165248 0
119365 0
199477 0
157130 1
164145 0
159576 1
133260 1
133261 0
071199 0
223426 1
223427 1
223267 1
190348 0
012273 1
127312 1
011893 0
127629 0
276696 1
168029 0
014782 1
125948 1
125950 1
005299 1
119792 1
119764 0
023054 0
228422 1
136554 1
186859 0
222371 1
175768 0
145611 0
088302 1
191680 0
108164 0
127627 1
243929 1
128125 1
197334 1
197296 1
197154 0
127595 0
227249 0
064004 1
227207 1
227213 1
227221 1
227224 1
222713 1
027443 0
011552 0
111197 0
127398 0
135127 0
035232 0
123548 1
123547 1
134516 0
046043 1
046042 1
046273 1
167878 1
167938 1
167939 1
170195 0
009562 1
122011 1
176654 1
176848 0
085898 1
085976 1
004572 0
276334 1
276311 1
276258 1
276313 1
077917 0
096417 1
177155 1
075977 0
243012 0
000008 1
000065 1
225993 0
071433 1
104606 1
071428 1
104601 1
070528 0
066958 1
066960 1
066968 1
067908 1
005077 0
027892 0
000113 0
155679 0
186142 1
175615 0
142932 0
004703 1
115079 1
115078 1
118941 1
010385 1
125072 1
177778 1
177693 1
177525 1
177509 1
177515 1
124745 1
124767 1
124771 1
124975 0
197387 0
012160 0
149390 1
060619 0
234020 0
090210 1
090061 1
054367 1
090393 0
074426 1
107599 1
072277 1
105450 1
063325 0
095285 0
051805 1
051806 1
051828 1
007342 0
056144 1
056058 1
007153 1
120721 1
120704 1
194282 0
055155 0
147205 0
005091 0
193903 0
153083 1
234067 1
120693 0
060447 1
195202 1
195246 1
218897 0
036798 1
115305 1
152936 1
254593 0
064553 1
025092 1
148008 0
194676 1
119073 0
185853 1
198483 0
127626 0
175738 0
004339 0
242712 0
116621 0
052279 1
085484 1
085528 1
085485 1
085615 1
085598 1
085745 1
085781 0
020169 1
020171 1
020193 1
151864 1
064984 0
170190 0
236867 1
252893 1
199249 0
139559 1
139561 1
139540 1
139617 1
130861 2
158218 1
158211 1
161499 1
158208 1
161498 1
157763 0
157800 0
043676 0
011939 0
024094 1
095190 0
121900 1
121896 1
121909 1
108800 0
080618 0
035934 0
001564 1
018250 1
126591 0
237907 1
237915 1
237901 1
237916 1
239386 0
130820 0
080518 1
080510 0
142562 1
142556 1
001197 0
155826 1
155834 1
153013 1
007031 1
120635 1
120525 1
007347 0
149189 0
007145 0
276044 0
004385 1
118522 1
197426 0
004433 0
124553 0
274954 0
111946 0
227248 0
102002 0
120750 0
115409 0
256383 0
001158 0
224948 1
288492 1
288462 1
288491 1
224907 1
224908 1
224870 0
225166 1
225169 1
046441 0
007980 0
258985 0
035597 0
107847 0
169886 0
220747 1
220753 0
203148 0
011310 1
010358 1
122645 1
122679 1
122295 1
146834 0
124880 1
182121 1
124916 1
124881 1
124854 1
124819 1
131024 0
199928 1
124611 1
122979 1
007005 1
123801 1
123711 1
123824 1
125104 1
125125 1
125126 1
125063 0
120880 0
011293 0
124060 0
015305 1
125429 1
125430 1
230245 1
230204 1
006926 0
231842 0
002015 1
153584 0
142287 1
142166 1
182710 1
182768 1
182848 1
177604 1
177608 0
289288 1
289290 1
289306 1
289305 1
289326 1
182137 1
015318 1
125415 1
125417 1
125362 1
125348 1
125346 1
015389 1
125345 1
000029 0
132864 1
132861 1
002004 1
032178 1
257946 1
257945 0
126191 1
126170 1
011964 1
015225 0
050198 0
223478 1
223487 1
029979 1
034641 1
244210 1
244183 1
244220 1
211560 1
211532 0
178175 1
126915 0
178442 1
194680 1
187639 0
152880 1
015332 1
125405 1
015335 1
125402 1
125403 1
125414 1
015319 1
125413 1
168987 0
088688 1
088687 0
048970 0
260713 0
034587 0
089654 1
089628 1
089567 0
262969 1
262796 1
262807 1
262808 1
015412 1
125326 1
001806 0
018520 1
018081 1
017818 1
000115 0
127226 0
004469 0
088677 0
230447 1
230446 1
230435 0
180843 1
180678 1
180888 1
180841 1
180683 1
180487 1
180472 1
180478 1
000076 1
116657 1
116654 1
116474 1
116328 0
166068 1
166167 1
166256 1
260444 1
260381 1
260412 1
260198 1
260122 0
231123 1
231082 1
096939 1
096914 1
116329 0
009965 1
122296 1
111027 0
137428 0
128721 0
186790 1
008039 1
121433 1
005200 1
119648 1
007085 0
186800 0
148079 1
016613 1
147615 0
031664 1
031677 0
009206 1
166677 1
119633 1
009243 1
166669 1
121719 1
159754 1
119646 1
159814 1
159863 1
159937 1
155314 1
222449 0
141765 0
097186 1
097185 1
190064 1
190113 1
183055 1
183053 1
183056 1
182989 1
190112 1
183045 1
009838 1
122215 1
026544 0
010217 0
255910 0
169090 1
195940 1
175635 1
194012 1
194019 1
195537 1
001087 1
144645 0
179101 1
179105 1
179110 1
190039 1
190050 1
257570 1
257571 1
263904 1
191274 0
263999 0
011343 1
078645 0
004617 1
118818 1
118730 1
002992 1
257387 1
257444 1
257445 1
257332 0
109132 1
109167 1
126612 1
126598 0
140152 0
005415 1
119972 1
007339 1
120874 1
119971 1
119961 1
287253 1
154628 1
154647 1
154694 1
152764 1
167141 0
155489 0
184793 1
140898 0
123262 1
123264 1
052276 1
153363 1
053960 0
189373 1
276457 1
130110 0
024458 0
130627 1
189449 1
211455 0
134664 1
004942 1
119293 1
151494 1
146985 0
189492 1
109032 1
109186 1
130684 1
000342 1
223941 0
171403 0
060702 1
060697 1
060753 0
010379 1
027545 1
027546 1
034679 1
036299 0
257524 0
140722 0
260153 0
080015 0
042208 1
041660 1
042334 1
141336 0
256713 0
082137 0
108329 1
029491 1
030002 1
179433 0
142207 1
142199 1
008159 1
113401 0
121527 0
018013 1
255483 1
086675 1
086362 1
086337 1
085622 0
067142 1
067123 1
240013 0
241646 0
145223 1
142765 1
143038 0
032115 1
032110 1
042558 0
145246 1
010568 0
125693 0
148795 1
095319 0
112106 0
149800 0
007792 1
007817 1
121233 1
136567 1
136621 1
136612 1
187131 0
067168 0
064811 1
116302 1
152768 0
002755 1
002600 1
002593 1
070071 1
103244 1
179849 1
063109 0
119747 0
076273 1
076917 1
076913 1
011346 1
132746 1
132732 1
132802 1
152763 1
152754 1
010235 0
124904 0
014143 1
011751 0
001926 0
280581 1
153087 0
017897 0
201952 0
034581 1
135206 1
134894 1
135675 0
161550 0
163384 0
264476 1
264465 1
264600 1
264602 1
264194 1
264182 0
265558 1
265833 1
266816 0
290080 0
043628 0
163563 0
069988 1
103161 1
186801 0
074799 1
074735 0
233294 1
002306 1
164127 1
133594 1
164948 0
164124 1
016649 0
174501 0
137443 1
253225 0
017220 0
067675 1
200342 1
065180 1
065161 1
130353 0
148808 0
195541 1
192636 1
257817 1
257807 1
195934 1
095852 1
095742 1
095738 1
095886 1
095645 1
095617 1
017429 1
017378 0
223253 1
079441 0
164144 0
060443 1
060341 1
058008 0
220078 1
219947 1
219949 0
259964 1
230415 0
259971 1
016433 1
118498 0
031225 0
288765 1
288783 1
155830 1
145947 1
145954 0
133837 1
133833 1
133799 1
133787 1
005092 1
113942 1
113936 1
262129 0
197681 0
060984 0
193466 1
062102 0
005135 0
202439 1
077654 1
168040 0
120878 0
199111 0
227560 1
007224 1
182221 1
182247 1
258005 1
227441 1
171676 0
122088 0
120695 1
007132 1
120712 1
007266 1
120811 1
007080 1
120676 1
005826 0
227561 1
025951 0
120439 0
219831 1
219869 1
219867 1
219845 0
148229 0
230773 0
177843 1
177845 1
177541 0
220160 1
219799 0
018499 1
208366 0
075353 1
075338 1
041866 0
188153 0
145835 1
200804 1
200799 1
016434 0
200727 1
199905 1
199898 1
145839 0
157799 0
017218 1
129659 1
227141 0
012548 0
000873 1
254039 1
254025 1
027047 0
169409 0
004859 1
119150 1
009452 0
004858 1
112148 1
147616 0
080017 0
119148 1
275937 0
008329 0
120169 0
186041 1
286744 1
286741 1
036160 0
229909 1
124361 0
118942 0
231117 1
119133 1
155928 1
155959 1
155967 1
155929 0
156004 1
156008 1
155953 0
028011 0
145832 0
258002 1
120668 0
069502 0
121906 0
133572 0
126201 0
000910 1
194679 0
196958 1
209602 0
285294 0
220529 0
122710 0
220313 1
223476 1
223458 1
257558 1
257555 1
070164 1
103337 1
285574 1
285563 1
202022 0
074672 0
155789 1
155790 1
244983 0
065194 0
079758 0
224647 0
288376 0
011768 1
120425 0
012148 0
017912 1
075571 0
086490 1
110268 0
066784 0
124528 0
034810 1
034781 1
231124 0
040325 1
121150 1
231129 0
005833 0
111315 0
142096 0
195670 0
158314 0
238899 0
268813 0
286936 1
286954 1
260304 0
000843 0
255378 1
255383 1
255384 1
255385 1
256784 1
257575 1
255327 0
255331 0
131594 0
046174 1
046107 1
288037 1
288039 1
163385 1
163420 1
242872 1
227155 0
285671 0
011925 0
012294 0
228382 0
139601 0
120877 0
273117 1
255332 0
278406 1
150078 0
221711 1
285856 0
026464 0
278408 0
155795 1
255288 0
001231 1
168219 1
182147 1
194471 0
012037 0
098876 0
257934 1
234409 0
134270 0
257930 0
241298 1
241155 1
028099 0
129529 0
287586 0
244933 0
010890 0
145268 0
200783 0
071969 0
081437 1
037088 1
034543 1
034562 1
117130 0
071035 0
185794 0
118777 0
146849 0
055254 1
108462 1
108448 1
037087 0
155801 0
103701 0
028632 0
244017 0
163288 1
162025 0
163321 0
004930 0
148220 0
155349 0
205341 0
122079 0
125716 0
007289 0
147054 0
034651 1
032938 1
278405 0
258710 0
182666 1
182670 1
182700 0
158077 1
128477 0
221790 0
278081 0
111273 0
017753 1
257298 0
148593 0
000420 1
067434 0
227250 0
152938 0
015607 0
150143 1
150096 1
119497 0
045667 0
129341 1
129395 1
129398 1
129343 1
146161 0
011888 0
123020 0
006525 1
175646 0
078872 1
145865 1
170191 0
145851 1
145892 1
101665 0
278215 0
260184 0
090438 0
066419 0
089596 0
142488 1
010452 1
001427 0
018165 1
035258 0
201805 0
182698 1
182733 0
170197 1
162838 1
111808 1
111100 0
098388 1
143085 0
098350 1
007335 0
119343 0
052043 1
109556 0
011181 0
012102 1
122895 1
064833 0
205383 0
163417 0
141340 0
027296 1
062173 1
062183 0
071496 0
125519 0
147153 1
129658 0
147146 1
130070 1
130076 1
130078 1
018434 0
266253 0
253308 0
009072 1
121579 1
121575 1
174920 0
006307 0
151403 0
225856 1
152221 1
152222 1
018803 1
170166 0
225815 1
226009 1
226015 1
225708 0
204353 0
008847 0
000411 1
121176 0
109225 1
278964 1
109224 1
100914 0
199964 1
199955 1
046453 1
033110 0
195133 1
195121 1
000675 1
130046 1
009864 1
141844 1
141785 1
141790 1
141287 0
176119 1
176165 1
176176 0
220610 0
123869 0
005014 0
128725 0
018603 1
128706 1
018585 0
148730 1
140956 1
140959 1
140948 1
148709 0
125145 0
058929 0
155482 1
145085 0
155486 1
038504 1
037944 1
037997 0
257522 0
100059 1
037432 1
024475 0
225705 0
032542 0
154722 1
052048 1
051989 1
026133 1
191533 0
059437 1
018088 0
154743 1
154774 1
154779 1
011501 1
004462 0
036456 0
009839 0
060940 1
060896 1
060945 1
144043 1
144037 0
160401 0
065178 1
051987 0
017531 1
016375 1
016345 1
148604 1
149949 1
150010 1
150048 1
150069 1
150086 1
148563 1
018735 1
126332 0
119601 0
108555 0
277287 1
080076 0
025957 1
025942 1
125002 1
273061 1
273065 0
081120 0
140902 1
249502 1
249592 1
064356 0
124979 1
138975 0
004482 0
240809 0
008645 0
031426 0
102857 0
231560 0
145286 1
112140 0
066157 1
174848 2
174836 1
014738 0
014987 1
125741 1
064095 0
160918 0
125001 0
157017 0
145220 1
141363 0
076742 0
152346 0
031515 0
174437 0
122872 0
150003 0
139016 1
138961 1
139019 0
055534 0
011804 0
007585 1
121069 1
066644 0
119254 0
014901 0
008369 1
164139 0
075014 0
156485 0
082736 1
082703 0
128756 0
077942 1
077934 1
077914 1
078849 1
078830 1
078787 0
194401 0
013133 0
139059 0
084170 0
032109 0
231315 0
182786 0
009244 0
199322 1
199325 1
009890 0
152934 0
084156 0
191703 0
016221 0
017885 0
259168 0
004634 1
128070 0
118839 1
118836 1
118819 1
118741 0
132807 0
124873 0
004370 1
124724 0
244982 0
169029 0
086588 0
150085 0
006893 1
