038793 1
046428 2
002426 1
079635 1
074739 0
126332 0
112106 1
113419 1
114502 1
114495 1
199083 1
113309 1
113324 1
113123 1
113477 1
113378 1
113369 1
113380 1
113374 1
113317 1
025494 2
038800 1
045236 2
046039 2
045229 2
044676 2
045228 2
045230 2
046162 2
044604 2
044608 2
113693 1
113688 1
113502 1
113496 1
113439 1
113441 1
113489 1
113485 1
113942 1
113936 1
113355 1
113975 1
113973 1
113708 1
113777 1
113765 1
007875 1
113388 1
025505 1
207265 0
113399 1
113702 1
113475 1
113455 1
113440 1
113438 1
113769 1
113768 1
113782 1
113781 1
113277 1
113470 1
113480 1
114260 1
114254 1
113527 1
113405 1
113518 1
113401 1
113510 1
113505 1
262577 1
191745 0
113311 1
113326 1
114938 1
259182 1
131217 0
041854 0
113434 1
113433 1
113407 1
113403 1
268861 0
113778 2
111584 1
113444 1
113413 1
113571 1
113566 1
113723 1
113720 1
264157 1
079668 0
196069 1
113511 1
113504 1
075430 0
159415 0
113362 1
113359 1
127184 0
015136 1
080076 0
016545 1
113673 1
038024 0
113360 1
173382 1
162893 0
025404 0
043000 0
123139 0
115515 1
115518 0
113460 1
075568 0
113531 1
045135 0
274564 0
113390 1
114215 1
114111 1
114410 1
115525 0
113545 1
078685 0
114950 0
075392 0
153363 2
118898 0
074829 0
002288 2
