256187 2
256429 1
256509 0
256204 2
256283 0
256184 2
256341 2
256353 2
256194 0
256398 2
256291 0
256402 0
256342 2
193353 0
256765 0
256157 0
263018 0
278461 0
265076 0
055316 0
256771 2
205780 0
286739 0
033697 0
265662 0
223918 0
111869 1
193919 0
205782 0
111870 2
046055 2
087766 2
278668 0
085082 1
085068 2
221641 0
085081 1
276699 0
057700 2
226071 0
064442 1
083568 1
176170 0
080266 2
230869 1
230855 0
277388 0
276679 0
046342 2
230868 0
057222 0
045776 1
036212 2
064444 0
064453 0
263090 0
046637 1
050537 1
057711 1
124761 0
198160 0
129930 2
167640 0
167642 0
088179 1
082624 2
078291 2
080450 2
077613 2
040906 1
080022 2
087543 0
041485 1
240258 0
043632 1
258923 0
063070 0
114730 0
083230 2
065952 2
205776 0
146479 0
044154 1
039579 0
131667 2
043624 1
084150 2
040149 1
058923 0
059257 2
265210 2
174701 0
034760 1
029074 2
121455 2
200871 0
265322 2
051434 2
131669 0
260000 0
260012 2
033626 1
041438 0
063072 0
029387 2
100013 2
121454 0
129692 1
131683 0
008071 2
121467 2
057889 2
000329 1
193717 0
030856 1
007893 0
169286 0
030050 0
170306 0
012582 2
121316 0
200103 0
057024 0
155000 2
121285 0
093810 0
034692 2
154998 2
099581 0
274256 0
137627 0
256627 0
067241 1
067255 1
026891 0
057882 2
022532 2
148262 1
091902 0
039498 1
258017 2
087542 1
090743 0
050645 0
012441 2
039522 0
148267 0
004595 1
009038 2
118107 0
151682 1
087661 1
039559 1
286668 1
147965 0
244454 2
001143 0
286704 2
131642 2
099588 0
162230 2
131648 2
244461 2
124325 0
239076 2
123030 0
111570 1
040068 1
269285 0
162298 0
162229 2
238505 2
044304 0
155636 0
084888 2
131675 0
118300 0
131639 0
233790 2
007605 2
111582 0
039473 0
075722 1
079652 1
084929 2
087559 1
139944 0
233802 2
026892 0
079747 0
233806 2
233808 1
022258 2
131591 2
019002 0
094839 0
232604 0
162228 0
063289 0
241865 2
166883 0
233820 2
173640 0
033174 2
146546 0
242056 2
265676 1
033297 0
000912 2
242065 2
054653 0
093824 0
143861 0
288781 0
232591 2
158866 0
232592 2
018482 2
115956 0
077290 0
131592 0
087760 0
063075 0
146557 0
040632 0
233805 0
087761 0
003013 2
129931 2
195565 0
072166 0
087666 2
087725 2
128764 2
268789 2
087719 0
233791 0
000833 0
169983 0
176335 0
232639 2
269364 0
087680 0
116731 0
116786 0
260840 0
233803 2
232637 2
140353 0
100452 0
046221 1
134229 2
087762 0
232586 2
166305 0
026881 0
062016 0
233807 0
135572 1
146336 2
056046 0
108768 0
232620 2
153500 0
233809 0
233821 0
244411 0
167250 0
094848 0
263337 0
241866 2
091328 0
242057 0
138020 0
059060 0
232880 2
002094 2
242066 0
266988 2
169931 1
166819 2
142105 2
257027 0
267196 0
091295 0
197921 2
170182 2
008359 2
109793 0
094903 0
034601 0
245106 2
233217 2
018469 0
091903 0
197909 2
267185 0
266991 2
273144 0
139492 0
050389 0
094307 1
273090 0
135720 0
183599 0
071412 0
200721 2
267186 2
032970 1
035488 0
257021 0
279271 2
008060 2
267193 2
279278 2
169984 0
233237 2
141536 2
131665 2
279270 2
109688 0
267194 0
145766 0
010348 0
267195 2
283799 0
283887 0
200118 0
216126 0
121460 2
200549 0
259246 0
008431 2
279277 0
200762 2
141326 0
186454 0
200740 2
032965 0
099323 0
262476 0
267198 2
279127 2
162450 0
205743 0
141305 2
215874 0
193830 0
091319 0
279130 0
001616 0
219498 2
233255 2
044793 0
044807 0
000920 0
284669 2
115966 0
145100 0
267197 0
046040 2
160290 0
094539 1
193705 2
261227 2
135542 0
284681 2
283798 0
283886 0
139305 0
087781 0
236253 2
111352 1
046173 2
034602 2
027001 0
233238 2
145769 0
236157 2
008726 2
121372 2
065766 2
150194 0
137131 0
284692 1
197910 2
094341 2
267192 0
263376 2
275035 0
197922 2
200722 2
148809 0
238506 2
033407 2
243925 0
284693 2
007982 2
239077 2
131742 0
244455 2
286734 0
286657 2
033401 0
094472 2
229648 0
131732 0
033428 0
075442 0
244462 2
211334 0
094222 0
235193 0
121386 2
244460 2
115970 0
286735 2
094243 1
180852 0
260436 0
044706 0
221199 1
244453 2
131647 0
022335 0
200763 2
027063 0
286656 2
144692 2
013081 0
145688 0
284855 0
155203 2
189482 0
233317 2
064613 0
008034 2
104585 0
141032 0
090745 0
233307 2
191203 0
280201 0
112328 0
260212 0
115278 2
100461 0
028289 2
020010 0
112003 0
061998 1
053750 0
263570 2
023741 0
091329 0
064174 2
260192 0
088011 1
094658 0
062104 1
178260 0
000020 0
145302 0
067746 0
161097 0
155029 0
257028 0
111867 1
193785 2
149056 0
190977 0
121430 2
056158 0
221198 0
263571 2
041862 0
130416 0
265661 0
168553 0
116006 2
237688 0
233668 0
258329 2
193792 0
064168 0
136103 2
000469 0
154549 0
094752 1
001228 0
140767 0
095524 0
090782 0
092186 0
270786 0
002762 0
140830 2
260920 0
128327 0
257527 2
193790 0
157327 0
094735 0
101386 0
164644 2
167950 0
111861 2
065986 0
111785 0
090760 0
286368 2
194827 0
289809 0
270794 0
096166 0
033440 0
140198 0
281140 0
058055 0
174610 0
233460 0
056799 0
257526 2
185768 0
067774 0
067489 1
262608 2
044661 0
033781 2
064508 0
033431 0
089410 0
131688 0
126566 0
039334 0
131562 2
179289 0
262624 0
194086 0
122669 0
262935 0
179160 0
131560 2
076887 1
193865 2
260081 0
017255 0
001159 2
054543 0
097160 0
051510 0
064077 0
265063 0
165053 0
064224 0
287303 0
131559 2
066306 1
258330 2
019662 0
027994 1
092166 0
262613 1
131561 2
076835 1
131563 2
285103 0
124631 0
004746 0
076423 2
114529 0
131577 0
149421 0
118867 0
262625 1
192001 0
018330 2
111880 2
281877 1
060825 0
032955 0
090781 0
264514 2
059375 0
160342 0
186292 0
090817 0
011270 0
079715 0
118865 0
197675 0
264541 2
119016 0
262667 0
134874 0
183878 0
243900 2
034352 0
266214 0
235194 2
141044 0
064438 0
235195 0
000972 0
243883 2
006202 0
279912 0
168883 0
042079 1
155850 0
086454 2
102082 0
085253 2
086412 2
086411 0
070565 1
227673 0
226735 0
092044 0
280885 0
233710 2
204642 0
052593 0
285499 0
110544 0
092088 0
264512 0
183607 0
090237 1
094954 0
009032 0
085269 1
047596 0
231928 2
233464 2
006189 2
121257 0
099261 0
200819 2
080716 0
262717 2
010555 0
262687 2
047291 0
114137 0
040084 0
023460 0
115792 0
160718 0
131558 0
112504 1
127092 0
117907 2
103738 1
066998 1
066677 2
065503 0
138728 0
177386 0
285378 0
147736 0
069732 0
012352 2
077452 0
263008 1
262740 0
260019 0
187116 0
099649 0
154578 2
243901 2
117927 0
139506 0
195509 0
231975 0
226055 0
279913 2
273641 0
259993 2
204646 0
072544 0
197028 0
131555 0
244882 0
009523 2
200664 0
167951 0
044935 2
259332 2
112291 0
018911 0
260980 0
133095 2
174676 0
275090 0
117163 0
157072 0
011471 2
132017 0
131605 0
200620 2
040469 0
000829 0
289742 0
262731 2
154615 0
270761 0
006861 0
262612 0
184127 0
180961 0
131573 0
001415 0
265107 0
170250 0
124599 2
091343 0
008289 0
155661 2
200313 0
263338 1
163965 0
201097 2
193831 0
116967 2
129623 0
124632 0
158262 0
228791 2
066694 1
284492 0
069638 1
138757 0
159720 0
201295 0
121982 2
166536 0
257533 0
047500 0
064062 0
253636 2
136994 0
067524 0
125981 0
039353 0
136119 0
159482 0
098621 1
195070 0
124634 0
070798 0
200800 0
044713 0
102811 1
045100 0
256598 0
146270 0
137951 0
000706 0
190201 2
000839 0
049313 0
066627 0
130379 2
279717 0
088014 0
070788 0
279719 0
169407 0
235407 0
103972 0
116551 0
288779 2
045129 0
253496 2
090968 0
262710 2
263377 1
233667 0
140438 0
059055 0
262732 2
096908 0
011367 0
262679 0
167713 0
287381 0
131680 0
288780 2
167845 0
095766 0
094033 0
252654 0
044554 0
121542 0
009909 0
131571 0
017159 0
131557 2
058856 0
175410 0
076862 0
075950 0
224869 0
124719 0
223118 0
146640 0
001120 0
001203 0
066857 2
113721 0
132946 0
077713 0
009521 2
147440 1
114208 0
000274 0
066790 2
109478 0
102905 0
009401 0
138863 2
066758 2
262712 2
288532 0
067427 0
289457 0
066433 0
098871 0
066650 2
070533 0
200764 0
070910 1
196588 0
198071 0
104083 1
242961 1
283102 0
235930 0
200822 0
233390 0
243674 0
021844 0
066042 0
097142 0
039650 0
098102 0
175591 0
264317 0
161788 0
071022 1
138596 2
131730 0
084933 0
054600 1
138597 2
146669 0
235438 0
268459 2
121980 2
170277 0
253718 2
253562 2
022391 0
009522 2
282761 0
132131 0
155612 0
279241 0
017746 2
071125 1
224872 0
098161 2
063079 0
001202 0
137953 0
121981 2
090104 0
085650 0
263111 0
045935 0
124048 0
262702 0
002650 0
116899 0
124720 0
263109 0
029984 0
117644 0
148208 0
070151 0
228913 2
018753 0
257188 1
235389 2
228654 0
145061 0
260975 0
085236 0
052557 1
283240 0
287404 0
104298 1
148445 0
022341 0
242960 0
117691 0
264612 0
235504 2
128330 0
203104 0
000869 0
273982 0
071102 0
001886 0
001119 0
186473 2
104195 1
165347 0
260406 0
235539 2
071024 1
280498 0
099557 0
198743 0
104197 1
097790 0
098180 0
078405 0
209943 2
139360 0
168720 0
268537 0
284312 2
287781 0
132020 0
061563 0
286927 0
094326 0
265847 0
088266 0
130878 0
103961 0
199699 0
174578 0
284400 2
289849 0
278707 0
110146 0
200723 0
029389 0
008627 2
131613 0
045306 0
065856 0
227632 2
192183 0
096167 0
257104 2
078776 1
100581 2
184305 0
131733 0
175575 0
001076 0
243945 0
199485 0
054993 1
131731 0
131569 0
071019 0
194805 0
104192 0
232873 0
267097 0
174505 0
262153 0
098268 2
228127 0
259034 0
018406 0
270754 0
088523 2
078580 0
096230 0
280131 0
279290 0
263112 2
255675 1
187969 0
182917 0
129941 0
104275 0
058915 0
276425 0
165420 0
060220 2
137997 0
067745 0
216287 0
088725 2
285380 0
139114 0
268579 0
131628 0
021842 0
111470 2
053976 0
186804 0
078237 0
027393 0
269739 0
289243 0
145086 0
255722 0
170138 0
065842 0
194478 0
090262 0
230837 0
273664 0
076297 0
055517 0
268600 0
018173 0
029950 0
288446 2
147120 0
140377 0
088552 1
170288 0
124662 0
014327 0
111481 2
090192 0
233655 0
268654 0
199021 0
255736 1
045898 0
021179 0
032035 0
068001 0
137995 0
285006 0
088621 0
236391 0
261191 0
128847 0
084391 2
188894 0
075064 0
151657 0
129063 0
227669 0
028954 0
271631 0
194950 0
227652 0
235417 0
191405 0
241121 0
156019 2
264588 0
132573 0
128184 0
082164 0
137118 0
028934 0
131607 0
062522 0
018392 0
062685 0
132019 2
131712 0
211862 0
095673 0
261133 0
262700 0
146484 0
277823 0
084237 2
084394 0
004605 0
263829 0
219696 2
123129 0
079743 0
236112 2
140221 0
277983 0
132412 0
039544 2
180708 0
088844 2
260022 0
146636 0
180066 0
261131 0
212331 0
288447 2
142378 0
042712 0
094867 0
287092 0
099248 0
260884 0
084918 0
129277 2
260960 0
194784 0
195750 0
140970 0
261909 0
066385 0
006883 0
268660 0
121261 0
160648 0
055623 0
005528 0
108716 0
136937 0
107776 0
142421 0
164532 0
281685 0
266208 0
093595 0
262741 0
131318 0
187970 0
012159 2
069762 0
262158 0
257107 0
273944 0
017736 0
258338 0
233446 0
112037 2
268966 0
168118 0
235396 0
017701 0
001739 0
029255 0
090191 0
224000 0
222670 0
107901 2
157376 0
093670 0
287697 0
035810 0
285088 2
132080 0
140113 1
263575 0
010214 0
148911 0
195645 2
074443 0
196288 2
076093 0
090148 0
107840 2
257541 0
045903 0
262330 0
084577 0
068226 0
259959 2
264138 0
064780 0
082216 0
115651 0
236550 0
211232 0
288557 2
259038 0
173352 0
088070 0
158564 0
284063 0
241665 0
196289 2
231394 0
271619 0
286296 0
131566 0
279243 0
022342 0
170297 0
085627 0
023412 2
276074 0
076833 0
260934 0
063415 0
199901 0
249795 0
072847 0
070970 0
133630 0
266173 0
034554 2
289576 0
222533 2
034432 2
067023 0
244568 0
132178 0
152515 0
222554 2
143373 2
241478 0
043610 0
008778 0
287007 0
022390 0
005050 0
116483 0
059076 0
169754 0
161099 0
007848 1
023367 2
281633 0
268470 0
124085 0
014131 0
167251 0
112277 0
125491 0
259750 0
251772 0
221869 0
162130 0
269445 0
282768 0
140117 0
162126 0
151869 0
022372 0
010350 0
095670 0
023413 2
062941 0
090622 2
269733 2
036412 0
133551 0
288061 0
181808 0
110542 1
058284 0
139365 0
052062 0
130863 0
051518 0
098353 0
201292 0
154589 2
078540 0
286864 0
126942 0
071174 0
131567 0
026886 0
164322 0
170311 0
131754 0
079546 0
259555 0
288065 0
139466 0
227837 0
049373 0
127225 0
242944 0
090596 1
235397 0
109466 0
034377 0
232907 0
050681 0
019358 0
184312 0
083220 0
138514 0
151678 0
231466 0
282310 0
264335 0
129685 0
154582 0
203768 0
140123 0
227155 0
022365 1
268618 0
131838 0
066351 0
267702 0
281696 0
236901 0
069757 0
229652 0
078741 0
131635 0
086283 0
260872 0
268628 0
264585 0
121247 0
067031 0
062833 0
084581 0
280852 0
196594 0
139419 2
263828 0
133891 0
045183 0
143422 0
268200 0
223119 2
099545 0
140033 0
260830 2
164536 2
236135 0
173353 0
147739 0
111367 0
068820 0
010775 2
000253 0
