034578 0
093157 0
230737 0
239045 2
238784 2
008529 2
128553 2
128582 2
128199 2
128299 2
128673 2
128581 2
128550 2
017254 2
129627 2
061975 2
053422 2
052941 2
048867 0
048972 2
059487 2
062380 0
053315 0
053325 2
053137 1
001183 2
051584 2
235850 1
051604 2
235848 1
051639 2
235853 1
053769 0
175192 1
055393 2
059082 0
235833 1
175308 0
000381 2
094149 0
055618 2
053518 2
171479 1
069160 2
102333 2
194256 1
055887 2
172361 1
172315 1
170975 0
224047 1
172490 1
184255 1
091644 0
175254 0
171763 1
059252 2
054676 0
032646 0
059267 0
170933 0
171206 1
059249 2
085878 0
001625 2
172664 1
055551 2
171899 1
181969 1
060299 2
171764 1
171563 1
185015 1
172064 1
278978 1
171247 1
172515 1
179072 1
254802 0
192121 1
172550 1
175159 1
059445 2
246491 0
054609 2
172045 1
172675 1
278977 1
184319 1
171107 1
172228 1
130766 0
176627 1
172067 1
176628 1
171617 1
171443 1
171260 1
179202 1
170824 1
189822 1
171896 1
172005 1
055201 2
053347 2
094122 0
048973 2
180580 1
224207 1
172642 1
194474 1
171527 1
171446 1
240373 1
193560 1
190682 1
171243 1
172455 1
172084 1
059484 2
171068 1
171915 1
094783 0
175648 1
237815 1
171195 1
171930 1
171705 1
059479 2
053457 2
171502 1
190056 1
171814 1
194491 1
124223 2
177293 1
175647 1
179655 1
059253 0
171554 1
171276 1
223433 1
175255 0
176720 1
240371 1
250348 1
171363 1
171064 1
177294 1
176721 1
171062 1
178162 1
185138 1
171428 1
051640 2
171853 1
124225 2
171923 1
171660 1
178888 1
172418 1
172357 1
177533 1
171434 1
172693 1
179656 1
177295 1
277115 1
178163 1
171939 1
091083 0
172167 1
181481 1
194459 1
065151 2
171934 1
172742 1
172144 1
171826 1
053324 0
172154 1
172031 1
181571 1
237319 1
170956 1
177296 1
171011 1
059464 2
172204 1
171884 1
171281 1
093929 0
177292 1
178994 0
242350 1
179608 1
177534 1
171631 1
172674 1
240262 1
172426 1
185669 1
193201 1
170887 1
171354 1
171753 1
172535 1
190452 1
170978 1
172200 1
091854 0
044488 0
172158 1
177195 1
041815 2
171811 1
172537 1
172097 1
172476 1
030512 0
172137 1
171413 1
237175 1
172606 1
170868 1
172074 1
171582 1
068029 0
186759 1
171765 1
240258 0
172648 1
172405 1
041040 0
172616 1
172475 1
171340 1
225704 1
172412 1
171769 1
177235 1
059414 2
171956 1
175023 1
171237 1
172436 1
171920 1
179440 1
177236 1
171839 1
172163 1
171609 1
171638 1
171950 1
184781 1
171209 1
009442 0
193125 1
211232 0
227614 0
172172 1
183225 1
183209 1
171644 1
171614 1
172104 1
171184 1
171496 1
172644 1
172333 1
172332 1
179632 1
231026 2
176571 1
231027 2
227466 1
040578 0
188804 1
184992 1
171239 1
172482 1
172182 1
171937 1
057708 0
171802 1
226303 1
227543 2
190894 1
172682 1
181480 1
171594 1
171592 1
230458 2
055932 2
053425 2
175053 1
170820 1
182646 1
171411 1
171788 1
230460 2
059365 0
179670 1
171339 1
172676 1
171905 1
171978 1
227569 2
171948 1
227587 2
171945 1
240254 1
172409 1
173000 1
197398 2
172705 1
197718 0
171605 1
172498 1
172022 1
197328 2
170922 1
170879 1
277106 1
226281 1
197352 2
172614 1
239408 1
187630 1
172122 1
174075 1
171983 1
172656 1
171990 1
171941 1
009754 0
171761 1
172617 1
172284 1
172394 1
171965 1
172501 1
223444 1
178058 1
172438 1
171597 1
051585 2
172052 1
171246 1
237923 1
171780 1
179185 1
171890 1
171083 1
051564 2
178533 1
197401 2
172509 1
172355 1
181482 1
172658 1
174320 1
179671 1
171415 1
055641 2
172541 1
172542 1
172146 1
197350 2
197351 2
201512 2
172615 1
172654 1
171157 1
179411 1
171072 1
239413 0
059489 2
171129 1
011594 0
172112 1
171524 1
177539 1
172415 1
179390 1
182258 1
175210 1
172371 1
081380 2
171958 1
172495 1
175309 0
064781 0
171176 1
171154 1
171835 1
170958 1
171715 1
172316 1
177540 1
171836 1
178341 1
171771 1
178342 1
171974 1
170857 1
171585 1
171668 1
172583 1
054119 0
223616 1
172041 1
171379 1
174234 1
172324 1
173608 1
172406 1
172105 1
081713 0
178534 1
178984 1
171574 1
250961 1
189355 1
145620 2
171393 1
170929 1
171619 1
191713 1
081381 2
172725 1
066592 2
171571 1
081511 2
172128 1
145821 2
172686 1
171186 1
201511 0
171536 1
254409 1
179654 1
171694 1
183973 1
171202 1
172111 1
172385 1
172258 1
172417 1
081510 2
171815 1
171864 1
171366 1
172123 1
171577 1
224499 1
172037 1
178031 1
188457 1
189616 0
170950 1
172086 1
271370 1
061011 0
145824 2
179188 1
171904 1
172663 1
171535 1
076934 0
179365 1
171086 1
182250 1
179420 1
172225 1
172669 1
183197 1
279963 0
197678 0
091851 0
223535 1
173332 1
171538 1
179230 1
171470 1
225062 1
172171 1
171147 1
171268 1
172188 1
171427 1
172108 1
171778 1
179673 1
171692 1
171684 1
092157 0
081698 0
068030 2
092156 0
171168 1
240249 1
055149 2
172047 1
192184 1
172300 1
057991 0
224219 1
174252 1
171523 1
172422 1
171455 1
171902 1
055702 2
172093 1
172289 1
174228 1
172637 1
171160 1
172650 1
172723 1
171821 1
172430 1
172302 1
175177 1
171189 1
076386 2
180281 1
178059 1
171729 1
187153 0
178060 1
172464 1
170838 1
283977 0
172346 1
197641 0
184365 1
172667 1
171712 1
171981 1
171783 1
172141 1
171995 1
179327 1
193353 0
171696 1
176514 1
178992 1
172377 1
175534 1
182369 1
171240 1
171275 1
059629 2
172240 1
171338 1
186171 1
170918 1
170854 1
172730 1
171451 1
181338 1
172002 1
172100 1
177078 1
172350 1
172195 1
224776 1
177079 1
055529 2
077232 0
172078 1
179623 1
175638 1
175000 1
170882 1
173595 1
171730 1
172201 1
172447 1
237928 1
178229 1
171285 1
172556 1
171223 1
172118 1
172237 1
240554 1
171624 1
171295 1
172151 1
179213 1
177073 1
171803 1
175100 1
172040 1
172598 1
177001 1
172027 1
172599 1
177074 1
224220 1
172536 1
171300 1
174567 1
192974 1
179418 1
177002 1
171894 1
171776 1
178061 1
172437 1
171518 1
172185 1
189277 1
174995 1
188669 0
146334 0
171871 1
171637 1
172338 1
179344 1
184991 1
172386 1
237839 1
172538 1
174511 1
283975 0
172641 1
172462 1
171727 1
172380 1
171758 1
172603 1
171643 1
172604 1
178453 1
171807 1
172516 1
172587 1
188033 1
179037 1
178230 1
172424 1
171162 1
172024 1
187296 1
179340 1
171658 1
171790 1
178546 1
172034 1
171928 1
178454 1
240567 1
173338 1
224116 1
178032 1
179613 1
170960 1
172605 1
171650 1
170862 1
172340 1
172249 1
171735 1
187947 1
172322 1
040943 0
172563 1
059295 0
172378 1
178507 1
189483 1
088780 0
179306 1
171687 1
076725 2
172003 1
171657 1
172327 1
188095 1
059269 0
172341 1
171144 1
172528 1
202705 0
171093 1
172483 1
171936 1
177662 1
172039 1
171651 1
172007 1
177663 1
172529 1
177938 1
172176 1
178957 1
172212 1
172688 1
172566 1
171805 1
191009 1
016334 0
171529 1
179247 1
171543 1
172639 1
172362 1
175077 1
178403 1
188660 0
171405 1
172155 1
171907 1
172548 1
179604 1
177939 1
171860 1
172720 1
172453 1
237840 1
179195 1
244578 1
172133 1
172268 1
171943 1
172207 1
171449 1
172092 1
172088 1
172557 1
044167 0
172053 1
086864 0
172061 1
171368 1
171551 1
171468 1
177647 1
170967 1
262333 1
179219 1
188169 1
170789 1
175395 1
170914 1
173472 1
172716 1
170916 1
184461 1
171799 1
172586 1
171633 1
173473 1
178492 1
172404 1
178493 1
172594 1
240311 1
172696 1
189442 1
171610 1
092239 0
177656 1
172029 1
178508 1
188159 1
241226 1
172011 1
172431 1
172738 1
179336 1
179256 1
177648 1
188498 1
172514 1
172505 1
179663 1
172703 1
082014 0
223985 1
171151 1
179402 1
177304 1
171773 1
179337 1
172363 1
187196 1
190085 1
172291 1
171794 1
172592 1
184812 1
172130 1
172223 1
172621 1
116393 0
171819 1
172549 1
177657 1
171719 1
178404 1
171869 1
171046 1
171732 1
172569 1
172570 1
178637 1
255139 1
178638 1
060097 0
175150 1
171600 1
170786 1
172690 1
172309 1
223151 0
171892 1
267907 1
172145 1
172270 1
240252 1
172193 1
179477 1
172593 1
184235 1
172564 1
179227 1
240368 1
171475 1
172054 1
171841 1
172328 1
171723 1
179308 1
171816 1
170814 1
171971 1
172266 1
172149 1
184979 1
178420 1
172635 1
179304 1
170890 1
172565 1
172187 1
054380 0
172704 1
172487 1
187079 1
178421 1
171272 1
171478 1
179497 1
171671 1
179844 1
172521 1
172169 1
171439 1
179668 1
174813 1
172217 1
172275 1
171425 1
070306 2
103479 2
227438 0
172522 1
203022 0
172707 1
189613 0
172471 1
171784 1
179444 1
179845 1
172320 1
172197 1
172468 1
176892 1
172401 1
063219 2
171697 1
177305 1
184426 1
171878 1
179377 1
176893 1
184031 1
172229 1
172150 1
171618 1
053412 0
172450 1
172506 1
172254 1
172660 1
224449 1
176589 1
172440 1
172079 1
183775 1
171548 1
237921 1
171767 1
063024 2
171917 1
178803 1
172493 1
182813 1
240244 1
177143 1
177144 1
172285 1
045971 0
237851 1
189993 1
183678 1
255137 1
172365 1
181641 1
161943 0
211393 0
172102 1
171036 1
171823 1
172396 1
171725 1
170953 1
172318 1
283993 0
171507 1
171646 1
179609 1
173645 1
076342 0
178804 1
172252 1
172066 1
172994 1
172629 1
180515 1
172743 1
171881 1
211377 0
170841 1
228121 0
175330 1
171797 1
172443 1
171908 1
172280 1
171866 1
187108 0
172304 1
172630 1
259894 1
171740 1
184966 1
173469 1
172425 1
171290 1
172481 1
172585 1
173711 1
192704 1
174964 1
179628 1
172339 1
053898 2
171235 1
171993 1
173470 1
185117 1
181640 1
172626 1
171940 1
171830 1
172627 1
181639 1
176593 1
172624 1
175129 1
172461 1
171929 1
182941 1
177849 1
172106 1
171812 1
172083 1
171581 1
172625 1
171492 1
177850 1
179424 1
173452 1
171342 1
211394 0
172126 1
174110 1
171460 1
240558 1
172048 1
171226 1
172353 1
171690 1
171533 1
172077 1
170792 1
222802 1
179611 1
172552 1
171382 1
171498 1
175419 1
172230 1
171310 1
171590 1
188487 1
172729 1
171999 1
172134 1
179485 1
172486 1
171231 1
171980 1
172782 1
171785 1
171293 1
193252 1
189932 1
170822 1
172519 1
171953 1
237926 1
172727 1
172609 1
171200 1
172573 1
223152 0
170985 1
172370 1
171959 1
225341 1
178368 1
018237 0
175351 1
171547 1
188174 1
178369 1
171350 1
171954 1
182117 1
172513 1
171962 1
172392 1
171913 1
171997 1
240370 1
170808 1
172478 1
172115 1
179229 1
171716 1
172503 1
055251 0
172485 1
171989 1
171569 1
171699 1
172708 1
179056 1
179643 1
226291 1
172388 1
173454 1
171229 1
172460 1
172236 1
171109 1
172383 1
172429 1
251024 1
172020 1
172421 1
172057 1
171750 1
171859 1
045847 0
171541 1
058020 0
171292 1
171440 1
259896 1
188192 1
171336 1
236778 1
171531 1
174805 1
172075 1
172449 1
172073 1
172032 1
240312 1
171035 1
177789 1
172014 1
173700 1
177790 1
171925 1
179677 1
171334 1
171037 1
179355 1
179353 1
174963 1
277190 1
172702 1
176569 1
182643 1
177393 1
172015 1
171745 1
181721 1
227416 0
171736 1
174049 1
177394 1
171848 1
171384 1
280669 1
176939 1
180196 1
171789 1
211376 0
214999 0
235978 1
179361 1
172312 1
172001 1
172777 1
171452 1
176940 1
171329 1
180258 1
172374 1
171686 1
172017 1
237852 1
171335 1
236786 1
172035 0
235985 1
176568 0
063637 0
102152 0
241227 0
175838 0
172466 0
060527 2
039804 0
126037 0
171620 0
161956 0
172607 0
059848 2
090060 0
053413 0
059490 2
172243 0
275603 0
170297 0
171942 0
068850 0
141216 0
226290 0
011333 0
172395 0
284006 0
230615 0
059304 0
283990 0
059424 2
185322 0
171782 0
090950 0
088829 0
069661 0
119162 0
181087 0
156228 0
078374 0
171289 0
065184 0
230625 0
035508 0
122715 0
264940 0
136986 0
172645 0
168375 0
034539 0
055778 0
102834 0
055492 0
090067 0
227428 0
197394 0
172811 0
034274 0
227434 0
179484 0
156230 0
172472 0
164067 0
060477 2
083070 0
182750 2
273692 0
142363 0
172718 0
172518 0
067484 0
060514 2
171349 0
047853 0
181056 0
142931 0
225703 0
170966 0
172499 0
287153 0
068806 0
254646 0
266277 0
033008 0
174031 0
071718 0
063277 0
173680 0
169505 0
063966 0
289132 0
068346 0
051002 0
085381 0
003355 0
082753 0
011386 0
069511 0
104891 0
182753 2
182751 2
090115 0
087065 0
013307 0
197400 0
175857 0
172488 0
077325 0
287213 0
068518 0
171332 0
230989 0
044263 0
048123 0
069605 0
227459 0
259893 0
060887 0
182747 2
283991 0
287210 0
062918 0
013362 0
059525 0
214564 0
171757 0
059463 2
045500 0
057503 0
182674 0
025639 0
170913 0
171385 0
034705 0
184775 0
054449 0
063604 0
041383 0
079217 0
069327 0
283994 0
151675 0
205043 0
031807 0
228657 0
141312 0
237688 0
069259 0
230891 0
284007 0
079035 0
185834 0
171924 0
066597 0
055462 0
143861 0
088210 0
063635 0
091439 0
010297 0
134511 0
012701 0
172643 0
102684 0
044029 0
044518 0
055949 0
254633 0
172441 0
179018 0
279171 0
147926 0
102778 0
186645 0
207004 0
054434 0
125097 0
080923 0
095082 0
172724 0
172142 0
194274 0
067357 0
075126 0
058707 0
254928 0
266010 0
193358 0
068799 0
282670 0
170813 0
180421 0
172646 0
044401 0
126149 0
238445 0
034522 0
069512 0
287266 0
285465 0
171966 0
214839 0
185470 0
044925 0
067559 0
065747 0
091011 0
270608 0
034767 0
179603 0
191011 0
172018 0
285662 0
168930 0
224118 0
059491 0
046425 0
071461 0
079184 0
059272 0
241327 0
259837 0
197397 0
151684 0
252479 0
172553 0
180842 0
015359 0
002344 0
285615 0
074449 0
227551 0
171188 0
033804 0
014086 0
252481 0
045933 0
141192 0
185897 0
065675 0
076694 0
007191 0
139552 0
019888 0
078697 0
060717 0
223544 0
090901 0
185469 0
126570 2
091879 0
058714 0
060769 0
035206 0
286797 0
227451 0
015579 0
269884 0
102432 0
088428 0
125111 0
178209 0
185837 0
177442 0
163746 0
055386 0
081078 0
041106 0
212327 0
172709 0
065555 0
137371 0
188193 0
102685 0
212193 0
067361 0
281158 0
224263 0
276859 0
108693 0
180835 0
171410 0
143923 0
143993 0
179023 0
227109 0
107622 0
134843 0
060767 0
086830 0
223675 0
116051 0
175532 0
003766 0
198693 0
069958 0
068700 0
113989 0
127161 0
083567 0
208688 0
135681 0
033771 0
210626 0
001114 0
114503 0
238040 0
172080 0
262568 0
087533 0
035434 0
061301 0
034840 0
054417 0
054731 0
039814 0
043335 0
193745 0
154489 0
035109 0
266996 0
014695 0
179026 0
191583 0
154481 0
007573 0
026275 0
218020 0
095891 0
060181 0
177847 0
230677 0
287301 0
254424 0
068039 0
175499 0
035026 0
176526 0
172096 0
159112 0
171424 0
044768 0
175040 0
208850 0
034865 0
126596 0
270878 0
048362 0
177076 0
077173 0
065315 0
063475 0
069322 0
180407 0
065554 0
176588 0
038467 0
035111 0
017211 1
127630 0
045442 0
174272 0
174039 0
146569 0
038054 0
179607 0
238039 0
218612 0
229416 0
172622 0
277734 0
144493 0
169471 0
055724 0
081378 1
228417 0
067551 0
279175 0
289076 0
070372 0
039879 0
085357 0
077357 0
269482 0
089145 0
279363 0
088496 0
069435 0
171796 0
173462 0
009384 0
251831 0
083006 0
202981 0
085358 0
260614 0
038193 0
075130 0
087379 0
208136 0
275928 0
068816 0
110285 0
071619 0
095061 0
179496 0
002297 0
034527 0
181808 0
053848 0
055615 0
173640 0
062969 0
272799 0
054861 0
069333 0
052525 0
211903 0
014400 0
143190 0
042101 0
088044 0
170791 0
179504 0
254257 0
081272 0
172469 0
070529 0
081076 0
058611 0
109754 0
211140 0
180049 0
143244 0
172796 0
087850 0
085462 0
012503 0
182169 0
194490 0
001370 0
016161 0
171271 0
134574 0
039802 0
135999 0
240827 0
171998 0
001543 0
171225 0
018898 0
183953 0
269006 0
033049 0
171593 0
287178 0
120576 0
003096 0
198160 0
171459 0
179464 0
172580 0
034669 0
034900 0
133565 0
122618 0
053971 0
075214 0
096172 0
010744 0
098133 0
090256 0
139622 0
159103 0
285564 0
071716 0
179305 0
018720 0
281157 0
161689 0
134730 0
171973 0
030924 0
277198 0
155096 0
128944 0
143786 0
176899 0
046410 0
002200 0
180560 0
010929 0
076594 0
169096 0
207457 0
254430 0
035062 0
289133 0
215591 0
176517 0
277735 0
034744 0
077704 0
171441 0
172595 0
024352 0
034642 0
093120 0
241915 0
089169 0
083585 0
041782 0
130561 0
067546 0
277189 0
116277 0
182182 0
178443 0
179293 0
184200 0
232760 0
045796 0
226470 0
005942 0
064465 0
241876 0
181607 0
103545 0
171632 0
172659 0
104634 0
159105 0
069374 0
020543 0
025373 0
041560 0
035042 0
085326 0
170957 0
277204 0
230230 0
171469 0
034817 0
180406 0
133054 0
065933 0
023731 0
176937 0
251657 0
223336 0
272197 0
077278 0
067271 0
272335 0
252959 0
270825 0
272210 0
172107 0
212276 0
230811 0
287208 0
134522 0
059589 0
184253 0
048560 0
224083 0
051871 0
085941 0
035616 0
023871 0
098453 0
065776 0
044282 0
183664 0
271557 0
240483 0
034451 0
251736 0
025604 0
098190 0
241916 0
141883 0
089166 0
172494 0
135579 0
087282 0
080130 0
152039 0
181801 0
054781 0
168295 0
145960 0
218191 0
257831 0
266995 0
179350 0
077166 0
184243 0
023650 0
060123 0
069796 0
069430 0
059179 0
041025 0
034742 0
172546 0
051885 0
173490 0
134285 0
127597 0
014699 0
054204 0
020544 0
071396 0
026987 0
060678 0
088035 0
193203 0
077491 0
043828 0
068233 0
041019 0
069815 0
177783 0
258113 0
048542 0
035069 0
035558 0
104889 0
198165 0
060819 0
145674 0
075261 0
054213 0
133875 0
029082 0
091446 0
146329 0
207514 0
188170 0
229396 0
236824 0
055066 0
207555 0
061460 0
192942 0
058015 0
027011 0
139449 0
179631 0
042386 0
196423 0
144536 0
271852 0
286813 0
171865 0
037254 0
050682 0
035403 0
229391 0
171540 0
126022 0
004992 0
044502 0
112913 0
141401 0
169097 0
054137 0
096122 0
170952 0
277973 0
014833 0
102495 0
117803 0
103702 0
240739 0
076708 0
070273 0
011294 0
058702 0
220266 0
276985 0
070969 0
065771 0
174910 0
083157 0
099317 0
038102 0
038114 0
034980 0
193742 0
169084 0
172311 0
062959 0
006351 0
236544 0
172685 0
023853 0
042172 0
051132 0
223443 0
055123 0
098178 0
148390 0
251749 0
178667 0
173738 0
229144 0
100975 0
036473 0
172211 0
171768 0
270737 0
010973 0
167309 0
172525 0
150927 0
130446 0
172454 0
280201 0
211091 0
287215 0
143918 0
279263 0
047988 0
172063 0
214938 0
015943 0
016389 0
194257 0
277323 0
135340 0
219861 0
285614 0
108944 0
179255 0
157030 0
041566 0
103446 0
069923 0
275601 0
044102 0
178798 0
081688 0
010735 0
103096 0
018168 0
109268 0
220270 0
066759 0
001188 0
268156 0
035341 0
078218 0
199438 0
104792 0
196049 0
172416 0
096578 0
087740 0
128957 0
185634 0
100582 0
266045 0
083115 0
188564 0
069663 0
060324 0
077904 0
171813 0
289147 0
134911 0
092824 0
035338 0
272327 0
194278 0
085322 0
067350 0
077216 0
171474 0
074924 0
171453 0
232806 0
069835 0
077119 0
258652 0
277990 0
267212 0
179034 0
222650 0
175104 0
205957 0
186590 0
175128 0
185758 0
061303 0
069295 0
087738 0
134691 0
270534 0
256840 0
207073 0
100596 0
067741 0
092783 0
065475 0
036330 0
187615 0
041561 0
087887 0
103131 0
179562 0
171546 0
182743 0
086986 0
076667 0
226280 0
172717 0
054860 0
161648 0
077660 0
174037 0
289909 0
164661 0
182642 0
092977 0
061771 0
262322 0
091896 0
018317 0
112921 0
011238 0
078498 0
199449 0
204461 0
225418 0
231875 0
063981 0
144504 0
028545 0
078467 0
069809 0
077888 0
178505 0
231945 0
252435 0
027007 0
086998 0
169085 0
134934 0
061770 0
178514 0
063617 0
193251 0
045840 0
078162 0
224218 0
042407 0
243011 0
102500 0
063590 0
130490 0
240374 0
153978 0
023651 0
265891 0
157673 0
188716 0
037624 0
051224 0
165343 0
097237 0
083356 0
100278 0
048398 0
254964 0
136341 0
287234 0
174108 0
243412 0
188717 0
175076 0
156329 0
287560 0
112833 0
176187 0
181303 0
065476 0
172918 0
179078 0
170855 0
253744 0
086800 0
010918 0
002334 0
182115 0
040433 0
069161 0
003154 0
117546 0
174135 0
178991 0
183290 0
093911 0
232210 0
016716 0
078191 0
186194 0
062699 0
228016 0
207024 0
064929 0
038371 0
074742 0
196708 0
178365 0
276344 0
057977 0
043993 0
034978 0
181388 0
095727 0
178995 0
173710 0
058468 0
021648 0
100808 0
172500 0
171685 0
004562 0
234431 0
266998 0
226492 0
170821 0
063974 0
076506 0
012772 0
226865 0
202409 0
126025 0
007230 0
271524 0
053784 0
190125 0
102982 0
165937 0
112981 0
276865 0
268381 0
063081 0
070811 0
007455 0
189002 0
139912 0
015857 0
141217 0
210353 0
112808 0
108957 0
186317 0
050601 0
052462 0
133695 0
197433 0
153688 0
193357 0
048887 0
231323 0
175101 0
221463 0
284296 0
194275 0
247884 0
228904 0
181005 0
172463 0
181881 0
017788 0
174062 0
043558 0
249687 0
102836 0
231449 0
041154 0
077379 0
075768 0
175981 0
273150 0
287237 0
228418 0
017186 0
071466 0
219219 0
050907 0
266706 0
134739 0
251748 0
060895 0
208389 0
266063 0
003589 0
225340 0
028836 0
038090 0
170925 0
077598 0
009644 0
122064 0
287131 0
168360 0
098150 0
222801 0
263315 0
216900 0
260441 0
172555 0
171367 0
226001 0
170543 0
039999 0
044053 0
083040 0
102468 0
102603 0
040227 0
043086 0
055056 0
226937 0
171530 0
176186 0
126031 0
161690 0
060541 0
082543 0
194473 0
289245 0
139516 0
100940 0
277733 0
190298 0
272838 0
172347 0
058296 0
211378 0
125113 0
082242 0
241785 0
178160 0
169671 0
141861 0
171903 0
156988 0
138045 0
245158 0
016466 0
049074 0
228947 0
208215 0
062743 0
151191 0
172597 0
206915 0
075078 0
219218 0
005563 0
134525 0
147581 0
039833 0
126042 0
020745 0
037051 0
224166 0
220396 0
139401 0
091637 0
181312 0
008584 0
185465 0
067040 0
179439 0
011448 0
081911 0
032983 0
034484 0
077787 0
117082 0
277200 0
279836 0
103008 0
242803 0
158993 0
013944 0
027253 0
033722 0
025979 0
243013 0
076856 0
176509 0
005661 0
111911 0
019860 0
099145 0
208791 0
173937 0
270850 0
059906 0
253741 0
210003 0
053854 0
150833 0
045839 0
194966 0
126038 0
251670 0
193559 0
002586 0
158987 0
027391 0
075830 0
181594 0
111899 0
081784 0
081671 0
001506 0
054427 0
021621 0
051238 0
064016 0
134949 0
130411 0
217587 0
032253 0
272849 0
067533 0
