230317 0
264419 0
270985 0
194182 0
197669 0
263494 2
263492 0
281830 0
123456 0
263493 0
175104 0
123464 0
273164 0
123445 0
236641 0
087149 0
256415 2
256411 2
197647 0
271698 2
271768 2
225367 0
271350 2
271351 2
271834 2
271355 2
271378 2
270273 2
271895 2
270358 1
271894 2
272000 2
274307 2
256655 0
274509 2
271988 2
271990 2
274519 2
274316 2
274514 2
256485 0
274506 2
282040 0
282041 0
053519 0
270361 1
288700 2
068401 0
152740 0
277343 2
270264 2
282904 0
276113 0
271999 2
274438 0
009526 0
282909 0
107802 0
270423 2
277292 2
277290 2
276990 2
288698 2
271530 2
271394 2
276084 0
284745 2
271540 2
270435 2
271388 2
063701 0
289397 1
251012 0
080104 0
277278 2
270625 2
284744 2
271393 2
270933 2
277364 2
289398 1
289276 0
076995 0
271050 0
286783 2
276146 2
271397 2
276158 2
270922 2
271602 0
278255 0
276209 2
243771 2
288296 2
138799 0
284746 2
271367 2
271392 0
274385 0
271283 2
283138 0
269715 0
270982 2
274254 0
283118 0
272220 2
271542 2
230671 0
274373 0
277146 2
276138 2
274253 0
061901 0
087220 0
271531 2
272224 2
271387 0
270142 2
272219 2
279587 2
271520 2
256419 0
285761 0
272169 2
288265 2
276020 1
279586 2
288310 2
230810 0
272129 2
255783 2
162277 0
283650 1
284823 1
289346 0
272223 2
230890 0
270143 2
281695 0
279601 2
276967 1
272128 2
269944 2
269943 0
283576 1
282032 2
259937 2
270999 0
259941 1
252303 2
288522 2
134015 0
269253 2
272001 2
270572 2
276973 1
270356 2
075085 0
288519 2
272403 0
272782 0
271141 2
269783 0
259710 0
281000 1
283638 1
231185 0
283577 1
288487 2
279962 1
281670 1
281662 0
264968 0
281686 0
271242 2
288513 2
271087 2
266128 0
288485 2
271057 0
269257 2
281708 1
184875 2
288476 2
260984 0
288486 2
268971 2
232390 0
254911 0
268931 2
067444 1
067356 1
270298 2
279002 1
067327 0
269795 2
270299 2
284160 0
231427 0
257612 2
257603 2
265404 0
276836 0
068443 1
056148 2
279053 0
285307 0
244533 2
107758 0
067424 0
255892 0
286424 2
123056 0
275814 0
283637 0
004588 2
269180 2
269801 0
254949 0
230289 0
270472 2
231276 0
256422 0
068420 1
285330 0
286427 2
128524 0
283635 1
265349 0
067338 0
254958 0
230303 0
017639 1
256474 0
289273 0
074588 1
286426 2
283636 1
253648 0
286423 2
262867 0
281688 0
256169 2
186268 0
058091 0
269452 0
164807 0
279055 0
266489 0
011114 0
289344 0
266615 0
229488 0
237036 0
230661 0
285050 0
080113 0
058054 0
277983 0
257604 0
289275 0
264243 0
055964 0
258712 0
275280 0
264148 0
138830 0
115789 0
153174 0
060528 0
236978 2
236986 2
236795 2
256647 0
192599 0
257613 2
233148 0
266411 0
056640 0
269513 0
178613 0
061991 0
195574 0
264257 0
057113 0
055785 0
276835 0
280219 0
033990 0
221180 0
200613 0
018720 0
004718 2
272753 0
262174 0
240865 0
260562 2
265152 0
265028 0
112840 0
273711 0
236992 0
261671 0
200650 0
166675 2
270607 0
289058 0
285816 0
271265 0
118970 2
264256 0
166832 2
251058 0
273448 0
162249 2
162688 0
023705 0
166676 2
196440 0
005513 0
013992 0
252746 2
005624 0
259699 0
264347 0
263327 0
267334 0
268514 0
166674 2
251059 0
107800 0
266408 0
266506 0
040461 0
196780 0
267151 0
272819 0
265034 0
195179 0
250025 0
158098 0
182256 0
040612 0
225764 0
265047 0
164141 0
195061 0
186246 0
223236 0
256003 2
269751 0
144138 0
285341 0
269574 0
107801 0
270533 0
265076 1
139406 0
287482 0
284683 2
249573 0
182634 0
260431 0
107794 0
231912 2
230849 0
040604 0
273903 2
273888 2
264363 2
231908 2
269509 0
265063 0
230859 0
211096 0
279408 0
283475 0
257107 0
053395 0
273162 0
265074 1
107972 0
119233 0
164505 0
231913 2
262871 0
263331 0
275405 0
287798 0
086852 0
265062 0
175936 0
272820 0
231888 2
234978 0
231886 2
080374 0
197151 0
282863 0
264318 2
237052 0
187923 0
285883 0
275686 0
264921 0
271266 0
014212 0
271263 0
182335 0
197155 0
176057 0
264920 2
270532 0
196781 0
251060 0
247415 0
272574 0
161992 0
264930 0
271174 0
196576 0
284843 2
196782 0
082031 0
271199 0
223228 0
164033 0
264069 2
151006 0
251938 0
264928 0
251021 0
262866 0
259702 0
107799 0
265399 0
197118 0
261575 0
225781 0
081238 0
267262 0
202805 0
040451 0
275071 0
264099 2
264098 2
109622 0
276922 0
203044 0
260865 2
255649 0
100340 0
256582 0
250194 0
169403 0
284242 0
212196 0
276956 0
244985 0
143982 0
182360 0
274401 0
285336 0
162155 0
243190 0
264629 0
270282 0
223113 0
238226 0
034040 0
023654 0
218579 0
260906 2
256758 0
242538 0
236883 0
276247 0
068071 0
258098 0
266188 0
286089 0
236835 0
164103 0
284074 0
275638 0
261667 0
151996 0
275070 0
196792 0
269912 0
271079 0
279178 0
190852 0
256304 0
164122 0
287546 0
284241 0
151043 0
264249 0
018426 0
255652 0
211299 0
282270 0
230831 0
169405 0
053259 2
265038 0
196787 0
268961 0
270792 0
164129 0
169404 0
222534 0
257384 1
258658 0
242010 0
253810 0
257881 0
258973 0
273626 0
260493 0
209756 0
275472 0
200823 0
271784 0
276369 0
268565 0
130705 0
178687 0
245012 2
227723 0
196570 0
249913 0
282998 0
128816 0
211855 0
288443 0
149088 0
269735 0
240547 0
154506 0
283607 0
252524 2
022838 2
259110 1
196574 0
280417 0
234818 0
268964 0
235141 0
137420 0
021690 0
275418 0
278159 0
215569 0
254610 0
054553 0
054524 0
179394 2
274611 0
187067 0
283605 0
022464 1
021693 0
020090 2
178151 0
120228 0
109967 0
182602 0
275521 0
260615 0
267173 0
281366 0
236241 2
041895 2
088089 2
142659 0
169406 0
041782 2
237009 0
263418 0
259114 1
230837 0
243812 0
212222 0
020089 2
020096 2
050623 0
048489 0
282908 0
181672 0
241706 1
276720 0
274677 0
256062 0
025657 2
287717 0
056488 0
272824 0
266197 0
168508 0
021389 0
241693 1
240550 0
241601 1
241710 1
020292 1
172940 0
256063 0
179362 2
190564 0
144136 0
256116 0
223229 0
241712 1
199701 0
241752 1
021637 0
273216 0
241723 1
257594 0
264517 1
241849 1
162308 2
268766 0
241724 1
165343 2
265588 0
199644 0
251147 1
256840 2
268508 0
278488 0
146971 0
258102 1
165345 2
269057 0
067375 0
233375 0
241753 1
019907 0
000962 0
179376 2
095153 0
162306 2
241952 1
210094 0
033785 0
282473 0
241722 1
179396 2
133315 0
241789 1
241725 1
272833 0
272508 0
275080 0
266388 0
182609 0
255537 0
260440 0
284985 0
251016 0
241928 0
271175 0
288815 0
288772 0
284974 0
282174 0
234539 0
062271 0
006751 0
111941 0
108078 0
148533 0
275249 0
021702 0
266708 0
264538 0
019438 2
225368 0
019965 0
275388 0
164147 2
230826 0
286985 0
234994 0
277987 0
014635 0
259113 1
276019 0
053288 2
254308 0
187056 0
163746 0
261580 0
285304 0
259109 2
267160 0
193353 0
261746 0
120219 0
133325 0
236111 0
027391 0
164102 0
234829 0
100261 0
048513 0
120095 0
155942 2
112180 0
273261 0
277152 0
192692 0
238381 0
236610 0
211101 0
283270 0
012058 2
282201 0
237864 0
289747 0
242531 0
020669 0
034044 0
235317 0
234845 0
268776 0
261392 0
253569 0
256020 0
111940 0
176308 0
235335 0
276653 0
098675 0
234807 0
237403 0
034458 0
268467 0
192914 0
024408 0
011628 2
274558 0
234853 0
001038 2
141397 0
189080 0
030843 0
241483 0
186830 0
251010 0
141423 0
254309 2
082482 0
070778 0
217904 0
251031 0
017187 0
263261 0
254109 0
026175 2
217390 0
167309 0
186245 0
237595 0
159790 2
255988 0
262880 0
234738 0
164032 1
025936 0
164128 0
270894 2
187048 0
235039 0
262032 0
254457 0
270781 2
239074 0
282597 0
268516 0
200051 0
271353 0
268084 0
234856 0
111899 2
255975 0
133240 0
290077 0
111905 2
013632 0
254462 0
269256 0
268775 0
284161 0
237186 0
130744 2
111911 2
175090 1
033722 0
288364 0
168100 0
276306 0
267290 2
164121 0
235066 0
287843 0
266111 0
254310 0
260121 0
159848 2
017808 0
261560 0
159864 2
161817 0
234828 0
026083 0
161873 0
120229 0
024580 0
000361 2
197838 0
235826 0
287750 0
056450 0
123847 2
122273 2
234858 0
200818 0
266296 0
123795 0
120094 0
020723 1
194269 0
270844 0
193014 0
230197 0
235858 0
151781 0
021388 0
234799 0
060304 0
130945 2
234197 0
151561 0
256434 0
256547 0
070228 2
226611 0
234852 0
086938 0
017935 0
098122 0
254519 0
280411 0
166117 0
130433 2
228488 0
268423 0
186586 0
002586 2
195038 0
068204 0
103401 2
070191 2
264518 0
112964 0
172835 0
258353 0
153574 0
264163 0
101570 0
018787 0
029020 0
010258 2
124412 2
268957 0
165280 1
021387 0
013997 0
289578 0
262872 0
103364 2
077787 0
112414 0
235040 0
118690 0
285955 0
165257 0
239602 0
264248 0
254994 0
261864 0
239491 0
284016 0
070192 2
103365 2
240758 0
140801 0
112082 0
150424 0
255938 0
251511 0
182601 0
276343 0
274606 0
265956 0
235042 0
183066 0
210340 0
264969 0
025312 2
032668 0
021523 0
181679 0
197568 0
232476 0
173799 0
116218 2
048768 0
278757 0
014499 0
111843 0
108703 0
260633 0
129212 0
230073 0
234198 0
167291 0
032617 0
183157 0
257589 0
276229 0
020162 0
260642 0
058386 0
133488 0
260888 0
264250 0
255353 0
098913 0
123051 0
199278 0
112262 0
133489 0
276928 0
157139 2
230904 0
157136 2
033628 0
276635 0
082651 0
223169 0
164224 0
140393 0
024602 0
153788 0
186645 0
112229 0
111957 0
187057 0
186615 0
192835 0
266096 0
216143 0
226749 0
038462 0
243776 0
130868 2
051153 2
163366 0
054555 2
273381 0
028393 0
283053 0
265371 0
271661 2
244974 0
247029 0
280647 0
265211 0
272592 0
043878 2
267273 0
234855 0
020134 0
232960 0
234857 0
270522 0
081943 0
204645 0
234844 0
165265 0
090215 2
020315 0
011409 0
203733 0
075237 0
011829 2
015093 0
274435 0
218056 0
234221 0
273165 0
069958 0
210727 0
264978 0
206278 0
278805 0
254461 0
115620 0
019138 0
021401 0
112056 0
273880 0
001495 2
185706 0
238372 0
275543 0
205891 0
030188 0
239910 0
098057 2
015513 0
275689 0
098058 2
031814 0
286147 0
153236 0
130652 2
165277 0
242624 0
145742 0
025696 0
186624 0
000401 1
185633 0
254460 0
216809 0
268408 0
053483 0
288636 0
275857 0
054427 0
273827 0
201877 0
183015 0
043562 0
067693 0
002344 2
164805 0
124435 2
234222 0
126110 0
182480 0
141312 0
130658 2
254726 0
222717 0
025959 0
029076 0
030891 0
235789 0
275685 0
182674 0
024603 0
168674 0
227927 0
099904 0
265500 0
252233 0
198024 0
050847 0
131850 0
182807 0
182551 0
034176 0
257208 0
130647 2
253813 0
230920 0
284209 0
237434 0
130641 2
109403 0
076091 0
186869 0
130732 2
130908 2
165317 0
192875 0
263482 0
122308 0
257148 0
221641 0
288420 0
181607 0
163016 0
275586 0
194346 0
278684 0
124461 0
146732 0
017169 0
257075 0
263421 0
135703 0
268466 0
194419 0
083678 0
244976 0
057577 0
010320 2
039042 0
205363 0
206412 0
020574 2
244585 0
200810 0
030955 0
030912 0
002967 0
023302 0
289928 0
123454 0
266273 0
151997 0
174979 0
255664 0
027390 0
155849 0
225391 0
103131 0
134980 0
232251 0
199292 0
014885 2
019439 0
035060 0
239064 0
141563 0
289345 0
