088377 0
286395 2
286399 2
285887 2
285767 2
285768 2
285464 0
285825 2
285815 2
285899 2
286386 2
286396 2
286400 2
286382 2
089355 1
089341 1
089330 1
088766 1
088750 1
088385 2
088383 2
088379 2
088397 2
088407 2
088415 2
088417 2
090603 1
090592 1
074993 2
075013 2
075738 2
009419 1
121877 1
019394 0
017960 0
130439 0
093977 2
093922 2
093953 2
093928 2
010889 0
094023 2
093930 2
081504 1
093987 0
131687 2
126596 1
131709 1
244768 0
005506 2
095887 0
120088 2
077611 2
244661 0
052029 0
244767 0
120069 2
120068 2
131067 0
004910 0
085647 0
120058 2
005772 2
142891 0
077733 0
120387 2
090100 2
005643 2
112809 0
090190 2
273498 0
100183 0
090688 0
007704 0
087339 0
185201 0
217978 0
095877 0
090405 0
287162 0
077750 0
217975 0
115383 1
206271 0
052026 0
254384 0
009912 2
122256 2
181607 0
203620 0
085001 0
098568 1
098542 1
235734 0
235731 0
271630 0
203840 0
288803 0
008054 1
147168 1
096698 1
114974 0
146149 0
175851 0
046234 0
212163 0
144421 0
096701 1
115280 0
110916 0
215091 0
072242 0
146041 0
244667 0
085412 0
124072 0
117386 0
197585 0
099983 0
203888 0
085625 0
083624 0
115400 0
117973 0
032709 0
071651 0
007607 0
147167 0
016906 0
136119 0
271620 0
235735 0
146102 0
184802 0
034684 0
095873 0
077591 0
185634 0
002046 0
095888 0
251742 0
184801 0
272888 0
114976 1
113336 0
282265 0
286236 0
185214 0
094117 0
185204 0
187606 0
113274 0
287170 0
009706 0
033326 0
253721 0
062927 0
150880 0
243747 1
255862 0
015018 0
203896 0
088119 0
084287 0
010480 0
075680 0
111539 0
243744 2
083618 0
088363 0
211633 0
007247 0
247680 0
098232 0
083586 0
083621 0
085074 0
098901 0
220439 0
096005 0
093894 0
000916 0
087855 0
115518 0
101997 0
104824 0
117974 0
094928 0
108270 0
211609 0
115525 0
134547 0
282138 0
080752 0
121134 0
282259 0
089356 0
083620 0
087274 0
009425 0
056540 0
273492 0
218020 0
173159 0
066942 0
203886 0
113376 0
112312 0
204347 0
115515 0
134512 0
204870 0
186194 0
053401 0
130409 0
011349 0
163454 0
026011 0
255788 0
138058 1
180663 1
075701 0
121883 0
150205 0
119261 0
223983 1
248099 0
224168 1
206301 0
081378 0
047488 0
116392 1
116727 1
040008 0
008067 0
088345 0
175568 0
116349 1
004067 0
231238 0
040024 0
185897 0
075834 0
