232732 1
232735 1
155445 0
192357 0
079430 0
232205 0
064906 1
030882 0
064828 1
064808 1
064597 1
154686 1
154668 1
188535 0
277469 2
141746 0
276896 0
180026 2
179994 0
284043 0
063572 0
063558 0
064688 1
064922 1
065960 0
064797 1
070788 0
064483 1
124340 1
124343 1
085753 0
064472 1
154395 2
124420 1
124341 1
199789 0
153236 0
153638 1
064766 1
232739 1
284515 1
180519 0
284514 0
124344 1
182485 2
124437 1
232708 1
232738 1
232707 1
284513 1
169965 0
239572 0
103961 0
061011 0
285984 0
064869 1
288636 0
287922 1
064913 1
064875 1
064931 1
288742 0
182486 1
284148 0
218213 1
287928 2
182487 1
218222 1
139406 0
155187 0
133501 0
287934 2
174773 1
064905 1
288572 1
288692 1
232724 1
167408 1
124314 0
014050 1
283009 0
182927 1
180461 0
287980 1
198278 0
159778 1
195566 0
267709 1
160515 1
114210 1
176622 2
124321 1
114068 1
064429 1
229473 0
066091 1
066094 1
064862 1
013282 0
160308 0
064914 1
288898 0
192470 0
014471 1
283360 0
124041 0
117758 1
064822 1
164995 1
284567 0
180459 0
219523 0
134309 0
219676 0
181076 0
176651 2
117793 2
161173 1
134288 0
282656 0
232722 1
188540 0
146748 0
156724 0
145857 1
194441 0
117792 1
188537 0
222775 1
284548 2
289957 0
086850 1
116372 0
188415 2
064587 1
285991 0
192250 0
178103 1
013083 1
160712 0
155800 1
155433 1
225367 0
168845 0
064600 1
284568 1
189775 0
277454 1
284522 1
113386 1
289857 0
179879 0
152740 0
152386 1
064823 1
157056 1
076977 2
284147 0
188401 2
130839 1
257264 1
257231 1
152261 1
128669 2
232764 0
086683 1
168927 1
066228 0
153174 0
064777 1
161596 2
128525 1
205003 0
189524 0
187164 1
113389 1
017231 1
242538 0
113404 0
192395 0
222655 2
192469 0
222653 2
175961 0
222739 1
152485 1
215569 0
157073 0
107769 0
145836 1
168926 1
108180 0
177160 1
161715 0
163928 0
186645 0
169978 0
182014 0
220056 0
187695 0
147731 0
130800 1
158846 0
186438 0
151090 1
152494 2
194987 0
064439 2
151229 0
192397 1
240522 0
177987 1
123878 1
064482 1
064882 2
264401 0
015122 0
065660 1
170585 1
054592 0
152479 1
082827 1
251938 0
062746 1
074823 1
116325 0
152641 0
181063 0
180547 1
065156 0
064501 1
222923 1
232780 1
189530 2
128151 1
069190 2
004093 0
054586 0
283734 0
161219 1
064404 2
244023 0
125398 0
289802 0
018978 1
150565 1
064790 1
075717 0
161174 1
078206 1
288906 0
066338 0
161182 1
065165 0
145841 0
235905 0
220053 0
127977 0
124291 1
268470 0
240511 0
164239 1
123959 1
151137 2
167000 1
230469 0
078078 1
230470 0
117483 0
161164 0
155621 1
150087 0
151133 2
186868 1
112449 0
066269 1
007842 0
102363 2
133034 1
226611 0
064899 1
156892 0
187384 0
018198 2
182332 2
155656 1
124017 2
181042 0
117577 1
078073 0
187891 1
187524 0
146671 0
186448 0
164333 0
189577 1
210624 2
233102 2
269783 0
086134 0
267701 1
135710 0
182414 0
064907 1
278053 0
012743 1
193872 0
000359 1
044726 0
151124 1
128439 1
107776 0
164684 0
182331 2
164292 0
124016 1
233541 1
169979 0
123579 1
144541 0
267710 2
189838 2
077219 1
259945 0
151213 1
077876 0
164280 0
066445 1
045971 0
148993 0
220390 0
082869 1
189837 2
188154 1
170525 1
123697 1
178101 0
285765 0
155665 1
150737 2
277983 0
052770 0
123418 1
127607 1
124181 1
146663 1
007261 0
185114 0
016858 1
267704 2
189849 1
148626 0
120808 0
208324 0
153010 1
274151 0
285414 0
177039 2
157787 0
016850 1
154974 0
083034 2
166871 1
065730 2
239946 0
210588 1
288721 1
064805 1
261115 0
167942 1
177043 1
033946 0
225368 0
185998 0
044727 0
144453 0
130811 1
285694 0
188132 1
000808 0
077824 1
157342 0
182325 1
288776 0
222457 0
181548 0
083131 1
079032 1
197379 0
162266 0
283331 0
135304 0
237595 0
069434 1
284662 0
210873 0
064857 2
149647 0
000320 1
102607 1
187853 0
187344 0
260844 1
114157 0
193025 0
171521 0
188128 1
064319 1
080444 2
115665 2
052723 0
195687 0
260118 0
075898 0
199787 0
288712 1
117107 0
181739 0
116854 0
275750 0
130805 1
016988 1
123892 1
130831 1
166028 0
065599 2
076961 0
018804 0
130835 1
167884 1
085968 1
057775 0
168088 1
068174 1
180646 0
108750 1
127367 1
253926 0
108838 0
146216 0
168257 1
123998 1
176882 2
187358 0
142926 0
087545 1
156197 2
123233 1
187496 0
130809 1
206885 0
162062 0
240540 0
127238 1
181104 0
155457 0
182748 0
185997 0
264501 0
135499 0
263740 0
284956 0
205105 0
168030 1
188064 0
162761 0
164314 0
276940 0
196783 0
000319 1
057459 0
031796 0
059384 0
257383 0
064826 1
167643 1
268516 0
078021 0
204039 0
123391 1
167641 2
086107 0
094289 0
160074 1
263682 0
064821 2
181276 0
160046 2
272775 0
064487 1
285408 0
081232 1
017787 0
167543 1
283296 0
286428 0
186569 0
101217 1
168934 1
196953 0
123989 1
192276 0
157837 0
125621 0
100101 0
284705 0
163112 1
064443 1
044803 0
151189 1
230735 1
064495 1
184890 0
163117 1
188636 0
109711 0
064414 1
068957 0
167685 1
167686 1
157411 0
181866 0
167805 2
185904 0
065045 1
221955 0
234420 0
151001 0
186549 0
182155 0
004205 0
157072 0
123995 1
167547 1
167788 1
064457 1
177251 1
015769 1
259965 0
186401 0
000391 1
130813 1
005757 0
092081 0
154119 0
124425 1
000415 1
000358 1
077380 0
171128 1
202148 0
123999 1
126753 0
064871 1
284523 1
170382 1
128430 1
249427 1
262867 0
221316 1
285333 0
273158 0
165290 0
155599 1
189184 0
130810 1
167548 1
088154 0
102125 0
161520 0
017534 0
225023 0
130808 1
156042 1
101240 1
101673 0
066225 1
130869 2
187472 0
123091 1
175367 1
150036 0
170425 1
071918 0
140566 0
230350 0
123160 1
162953 0
101239 2
170426 1
123993 1
004041 2
130739 1
202151 0
129418 0
157848 0
187357 0
000918 0
064872 1
193621 1
169181 0
284713 0
260617 0
164261 0
017249 1
203720 0
027838 0
153025 1
170385 1
007186 0
124617 1
141841 0
185915 0
018567 0
211042 0
221290 0
126540 0
086192 1
114250 0
284549 1
066347 1
076086 0
124601 1
051480 0
082774 0
261665 0
064841 1
187379 1
283262 0
064499 1
109005 0
077187 1
284979 0
071318 0
123940 1
130836 1
230414 0
130773 1
231045 0
288868 0
192796 1
001057 0
139823 0
153178 0
181145 0
158418 0
117193 0
076973 1
164294 0
017691 0
149428 1
069538 0
152720 1
211442 0
139674 0
165939 1
180380 0
177449 1
260713 0
130817 1
162583 0
168076 1
180863 0
259955 0
187285 0
133669 0
189836 1
270220 0
140727 0
196181 0
170422 1
108837 0
025521 0
077279 2
099018 1
177610 1
000327 1
284516 2
075552 0
123536 1
066356 1
186600 0
014828 1
193625 1
167582 1
200239 0
252992 0
086184 1
123137 1
129633 1
192511 0
199662 0
193636 1
077132 1
131448 0
141260 0
174992 2
067099 1
182330 1
056046 0
027873 0
179570 0
130816 1
161084 0
005863 0
000354 1
003629 0
070355 1
200235 0
124117 1
284569 1
124093 1
198890 0
170381 1
171515 0
181367 0
288448 0
284512 2
103528 1
176636 1
170384 1
077124 2
130799 1
152267 0
114253 0
220212 1
272771 0
076974 1
154071 1
167602 1
018379 0
157979 1
129420 0
100075 0
211971 0
182336 1
260631 0
272782 0
164101 1
082873 0
283766 0
201517 0
066335 2
163792 1
186587 0
185055 0
181605 0
128868 0
179932 0
194322 0
193637 1
127103 0
261149 0
182363 1
130837 1
167604 1
281493 0
252983 0
003754 0
174739 1
067093 1
040272 0
223113 0
099027 1
283768 0
125891 1
187816 0
283786 1
130802 1
077243 0
190649 0
193899 0
177605 2
099575 1
091698 0
176686 1
059348 0
167592 1
124082 1
273764 0
164016 1
223083 0
099038 1
128449 0
012198 0
000356 1
070356 1
101055 1
147305 1
164309 0
147708 0
144868 0
187286 0
035686 0
177607 0
220816 0
124861 0
191412 0
174920 0
048283 0
167593 1
116122 0
121973 0
264958 0
196153 0
090878 0
215600 0
146070 0
097584 0
130628 1
174742 2
167603 1
257332 0
167605 1
156853 1
146050 0
229847 0
124015 1
152990 1
135974 0
132245 0
283233 0
016188 1
000325 1
101234 1
187231 0
005454 1
198885 0
167583 1
167148 0
264332 0
112648 0
187234 0
193746 1
131752 1
283239 0
016666 0
000795 0
265828 1
077286 1
167594 1
116165 0
176649 1
071542 1
104715 1
017938 0
118308 0
194973 0
284100 0
198594 0
103529 1
259501 0
094085 0
016972 1
127356 0
123983 1
015725 1
200868 0
172964 0
193638 1
013067 2
283367 0
133011 0
082766 1
133129 2
130639 1
111214 0
133187 0
187267 0
149925 0
017182 0
187262 0
174991 2
060432 0
197838 0
034327 0
265853 2
180591 0
035569 0
001870 0
000594 0
123053 1
070389 1
179802 0
256381 1
130873 0
284200 0
148606 0
123736 2
158320 0
001148 0
130806 1
220150 0
130672 2
124408 1
186853 1
000322 1
182746 0
124337 1
187207 0
083003 0
123067 1
016566 1
117013 0
220041 0
187197 0
134437 0
120009 1
190044 0
220060 0
124627 1
170617 1
048406 0
064683 1
220100 0
161869 0
130827 0
195818 0
124424 2
123997 1
130655 2
211206 0
158246 0
152640 0
279180 1
000398 1
167525 1
212797 0
242287 0
093771 0
076689 0
093757 0
103562 1
192545 0
121978 1
167584 1
144242 0
133104 2
176279 1
197647 0
033616 0
197451 0
044343 0
124433 1
186852 1
197442 0
016987 0
192965 0
123726 1
162943 0
098458 1
148587 0
016844 1
133098 2
126674 0
187053 2
064920 1
162418 0
273068 0
065904 1
261085 0
182149 0
044242 0
002520 0
185881 0
259354 0
212285 0
070841 0
124438 1
263808 0
140489 0
133118 2
017349 0
288968 0
172736 0
152851 1
064492 1
220103 0
220044 0
220487 0
188071 0
184897 0
166962 1
039138 0
112110 0
283802 1
124432 1
187399 1
186439 0
285336 0
152577 0
267911 2
124466 1
111384 0
148446 0
123778 0
123743 1
098456 1
147043 0
176990 1
157854 0
064585 0
170154 0
112561 0
004750 0
177532 0
050057 0
057440 0
014139 0
187072 1
176827 0
177723 0
187204 0
223926 0
171542 0
260462 0
220482 0
140069 0
285973 0
066743 0
121763 0
009518 2
127825 1
061238 0
098561 1
102711 0
121979 2
009345 1
139804 0
124422 2
265906 1
123777 0
121815 1
279807 0
167526 1
187227 1
169673 1
069203 2
127879 1
166063 0
150662 0
068014 0
191522 0
149282 0
201558 2
114143 0
133632 0
227269 0
116312 0
149316 1
097839 0
067599 1
188309 0
265901 1
152677 0
153022 1
000323 1
090333 2
177912 1
084935 1
188423 0
178822 0
064264 0
064863 1
064476 1
007938 1
098601 1
090898 0
116316 0
164310 0
128279 0
152910 1
130801 1
229921 0
265960 1
222237 0
087835 2
124260 1
182780 0
182260 2
191856 0
093654 0
064475 1
005641 0
283237 0
127708 0
154718 0
098457 1
174621 0
130807 1
133173 0
262314 0
182189 2
247020 0
151170 1
124010 1
036824 0
087843 1
264360 0
173343 1
251386 0
173211 0
120355 0
175829 1
162391 1
021587 0
133159 0
008396 0
257291 0
264811 0
148201 1
038392 0
152416 0
007183 0
238514 0
016864 1
161186 1
112921 1
170337 1
144348 0
167596 1
123700 1
067251 1
178513 1
098608 2
124455 1
113313 0
182908 2
002770 0
133099 0
065968 1
130747 1
226497 0
004552 0
257387 0
108624 0
147892 0
098227 0
165937 0
259125 0
167599 1
058341 0
125202 0
199822 0
102376 2
213625 0
064409 1
121351 1
100873 0
226647 0
002444 0
128080 0
176984 1
169687 1
130840 1
044053 0
266057 1
220082 0
041653 0
017908 0
202794 0
178739 0
015726 1
169674 1
220495 0
130885 1
167600 1
167597 1
155257 1
069248 1
071513 1
156879 0
162727 1
284597 0
100872 0
085755 0
167509 1
068859 0
255892 0
102421 1
133092 0
229773 0
265858 1
075589 0
199644 0
153892 0
087754 1
280119 0
211536 0
094977 0
065893 1
015300 1
231900 0
244331 0
196240 0
133091 0
016948 0
270952 0
070976 0
085386 1
201768 0
242503 0
066744 0
126591 0
018023 0
233720 0
011068 0
136040 0
252856 2
188340 0
019409 0
228883 0
133083 0
013006 2
018716 2
163502 0
152871 1
166963 1
201610 0
025483 0
167581 1
114140 0
148202 2
152833 1
146766 2
000312 1
161340 0
252843 1
238746 0
289969 1
009364 1
157343 0
122166 0
213668 0
044257 0
158089 0
220524 0
090789 0
123968 1
265959 1
137560 0
135067 0
152824 1
176986 1
000302 1
190042 0
165110 0
261110 0
267917 2
045754 0
167579 1
120333 1
166961 1
162512 1
221662 0
176632 2
245596 0
257444 0
001444 0
221291 0
050072 0
081466 0
192546 0
018064 0
129993 0
155220 0
152368 0
171828 0
156898 1
067912 1
150214 0
104686 1
176981 1
213585 0
111973 0
184341 0
166872 1
188392 0
036830 0
289955 1
156888 1
114128 0
149000 0
217312 0
071482 1
124191 1
239797 0
147460 1
151240 0
266056 0
194978 0
005483 0
179801 0
196090 0
262956 0
252407 0
220698 0
124487 1
016668 0
048326 0
077374 0
170349 1
146769 2
180994 0
127847 0
157696 0
034333 0
016455 0
287271 0
218758 0
176971 1
010442 0
157719 0
089271 0
000536 0
066802 1
068858 0
117632 0
149956 1
104655 1
191063 0
007069 0
181077 0
114928 0
268657 0
095967 0
120293 1
176633 2
287866 0
071481 1
064107 0
133786 0
015607 0
176678 2
167364 0
130899 1
065969 1
178332 2
175538 0
018339 0
244317 0
142790 0
051109 0
181061 0
195309 0
007981 0
144022 0
151383 0
062907 0
175397 0
004968 0
124145 2
257445 0
097957 0
130846 1
127536 1
191202 0
104654 1
153870 0
006838 1
000360 1
137916 0
071514 1
283238 0
200283 0
266489 0
178322 2
040135 0
016933 1
085166 0
066337 1
001323 1
234274 0
130859 1
055959 0
223418 0
044720 0
128348 0
095529 0
178331 2
107847 0
177398 0
143390 0
154533 0
211571 0
000298 1
159736 0
172998 1
082808 0
234986 0
013933 0
067817 0
067031 0
150624 1
002365 1
200178 0
275800 0
102079 1
209816 0
182578 0
014163 0
191528 0
257298 0
066227 0
252954 0
123883 1
104687 1
287864 0
252439 0
000299 1
014506 1
180230 2
080665 0
278614 0
176972 1
178458 2
179799 0
178464 1
154631 0
176239 0
070882 0
000544 0
180232 1
017179 1
141205 0
003299 0
126149 0
130833 1
124248 1
090787 0
042944 0
124648 0
170347 1
147737 0
021554 0
124470 1
107719 1
017526 0
243565 0
160565 1
142803 0
016803 0
156806 0
123650 1
176980 1
257002 1
288183 0
178122 1
080282 0
116894 0
183372 1
144269 1
126948 0
150908 1
005837 0
012227 0
184893 0
108869 0
130849 0
049955 0
222763 1
176780 1
195179 0
068895 0
157685 0
149923 0
129070 0
109041 0
065640 0
223121 0
212364 0
150217 0
130853 2
236040 0
130683 0
151379 2
205780 0
189591 0
044715 0
037664 0
146248 0
157721 0
003815 0
161693 0
104491 0
252943 0
153287 0
150759 1
196280 0
181714 0
087881 0
011048 1
140503 0
116313 0
124162 1
196091 0
177070 1
234302 0
003562 0
006677 0
151304 2
163077 0
123857 0
277522 0
015597 2
151291 2
180159 2
149446 0
201860 2
193533 1
164412 0
224686 0
161271 0
267140 0
087640 0
171262 0
127033 0
077806 0
163261 0
219146 0
002191 0
175614 0
276130 0
124118 0
062915 0
221447 0
252448 0
142929 0
180223 1
185092 0
130851 0
139866 0
166536 0
206582 0
130850 2
008732 0
227829 0
133736 0
064928 2
187203 0
006124 0
185234 0
142084 0
141460 0
123772 0
158633 0
042893 0
176844 0
195354 0
165919 0
149283 0
014608 0
287283 0
147762 0
184951 0
157401 0
016824 1
224475 2
154541 0
037657 0
140175 0
130843 2
156540 0
289368 1
031524 0
214885 0
114916 0
110603 0
016954 0
222718 1
157718 0
179803 0
004003 0
074935 0
009733 0
016859 1
136895 0
173060 0
150889 0
182568 0
085488 0
260784 0
007414 1
011899 0
158635 0
124149 0
018320 0
273165 0
183720 0
015790 1
066524 1
141570 0
116682 0
014827 1
159570 0
010949 0
124428 1
031678 0
276308 1
039651 0
263883 0
158228 0
124459 1
166445 0
125922 0
010127 0
045847 0
015279 0
200368 0
124615 1
116293 0
232691 1
164017 0
123925 1
288967 0
170352 2
154475 0
150212 0
079186 2
285889 0
125890 1
191481 0
275698 0
151913 0
078972 0
079221 1
259324 0
184311 1
170354 1
133674 0
177013 1
000170 0
064843 1
005746 0
235069 1
120931 1
141254 0
200386 0
177196 1
192363 0
253833 0
081176 0
155600 1
170355 1
040795 0
153365 0
009851 0
227949 0
109971 0
256345 0
130190 0
124931 0
110399 0
269603 0
068308 1
031321 0
277388 0
136456 0
184304 2
127510 1
221504 1
189538 0
184878 0
166305 0
082974 1
012447 0
199430 0
068889 0
280329 0
191139 0
064848 1
227182 0
143536 0
145787 0
217193 0
122435 0
111565 0
227982 0
114249 1
139717 0
136026 0
221525 1
252425 0
101344 0
243548 1
124142 1
215603 0
226264 0
139588 1
274017 1
011381 0
104055 0
010053 0
000435 2
253808 0
224441 0
193397 1
160001 0
221503 0
068379 1
069494 0
174838 0
162984 0
124257 1
188347 0
234589 0
014659 1
112009 0
191464 0
140171 0
014829 1
221524 0
150013 0
140081 0
136433 0
223921 0
275549 0
025671 0
034557 0
167928 1
256173 0
251123 0
226162 1
175376 0
168506 0
221072 0
000418 1
236733 0
184877 2
126087 1
112187 0
128281 0
130544 1
285092 1
213911 0
154510 1
009232 0
154664 0
216405 0
244554 0
128481 1
260437 0
276935 0
287860 1
160905 0
150812 0
135450 0
143462 1
233461 0
141461 0
087546 0
183162 1
251928 0
184988 0
009907 0
278546 0
050701 0
191652 0
152711 2
130838 0
267188 0
219093 0
009762 0
071220 0
274018 1
232627 0
217874 0
262596 0
280092 0
146259 0
130852 1
160906 0
126289 0
124616 1
050995 0
006503 0
185928 0
064338 0
287867 0
126335 0
216345 0
150379 1
220048 0
199768 0
164226 0
173419 1
177443 0
263961 0
280380 0
122354 0
064592 1
193845 0
258283 0
191253 1
129419 0
210320 1
189178 0
153351 0
266735 1
141033 0
126813 0
161305 0
134727 0
101248 0
068892 0
196357 0
169289 0
220049 0
263835 0
231048 0
254006 0
017934 0
006652 0
129999 0
150303 1
167950 0
266738 1
147743 0
027602 0
011345 1
031517 0
284787 1
188246 0
099454 0
013765 0
280050 0
040918 0
284788 0
013976 0
094165 0
222956 1
147744 0
152713 1
265095 0
181146 0
143872 0
193394 1
140381 0
006678 0
193843 0
191719 0
182107 0
126521 0
141194 2
188057 0
141234 2
139603 0
152362 1
265376 0
067986 0
014886 0
257210 0
005816 0
180982 0
000825 0
189459 0
142811 0
177068 0
152047 1
167758 0
180305 0
082863 0
158140 0
179956 0
124141 1
140133 0
201609 0
273437 0
223002 2
154508 2
225390 0
124467 1
036940 0
185013 0
141688 0
152057 1
123882 0
145992 0
092976 1
285209 1
285712 0
012616 0
174651 0
173828 0
221523 0
116817 0
168844 0
263162 0
129154 0
197390 0
123992 1
003830 0
225462 0
227734 0
064270 0
016064 0
285761 0
284676 0
271942 0
194570 1
267824 0
164120 0
016963 1
178107 2
037672 0
149287 0
100845 0
284465 0
141210 2
226489 0
179064 0
223505 0
048439 0
109975 0
157940 0
112010 0
262991 0
147705 0
175457 0
068337 1
164182 0
223096 1
284464 0
269710 1
241296 0
141224 2
164224 0
111908 0
127983 0
284671 0
096856 0
125030 0
180691 0
094877 0
167559 1
287863 0
124186 1
173496 1
163833 0
256403 0
217176 0
261580 0
175396 0
012680 0
009774 0
272922 0
223993 0
226752 0
185000 0
030552 0
141162 2
171351 0
142396 0
186644 0
068281 0
128531 0
017916 0
123278 0
167576 1
157242 0
209843 1
159738 0
124234 1
257787 0
173426 1
071252 0
030636 0
005967 0
164198 0
124026 1
080421 0
152364 0
180588 0
223924 0
031325 0
259594 0
174701 0
179807 0
270713 0
016953 1
133623 1
237741 0
124130 2
199294 0
002958 0
152363 0
065296 0
285753 1
200232 1
116744 0
088183 0
141519 0
167615 0
167886 2
267575 0
068019 1
067818 0
230504 1
076322 0
038941 0
123978 1
099605 1
186642 0
060461 0
260818 0
193130 0
226905 0
069610 0
288453 0
125888 1
128632 2
015233 0
018213 0
177067 0
222191 0
183359 0
188295 0
167577 1
143463 0
017457 0
057498 0
018304 0
264500 0
117048 0
102113 1
102115 1
156677 0
000384 0
279166 0
146258 0
097656 0
130847 0
140395 0
003843 0
102155 2
007468 0
086049 0
042401 0
262631 0
119664 0
152127 1
083033 0
017155 0
276685 0
095426 0
221377 0
138745 0
095429 0
256203 0
064878 1
005963 1
183066 0
081323 0
226157 0
283157 0
191910 2
169499 0
210023 1
109018 0
036301 1
112051 0
122170 0
068893 0
101111 0
180122 0
248628 0
127090 1
146810 0
092085 0
099977 1
099971 1
135999 0
277510 0
110580 0
019973 2
161283 0
220293 0
188368 0
043245 0
003165 0
194876 0
088367 0
189150 0
102074 1
064929 1
271951 0
164154 2
269833 0
018989 0
234952 0
015729 2
193012 0
285754 1
102027 2
283363 0
150766 0
130474 0
079513 0
002211 0
227761 0
236682 0
225463 0
194253 0
095857 0
010525 0
130674 0
031584 0
052848 0
188325 0
211303 0
015580 1
089956 0
132658 0
289856 0
176960 0
100821 0
227188 0
270832 0
041329 0
129864 0
199423 0
141567 0
224440 0
107878 0
129942 0
180716 0
107841 0
102783 0
283159 0
270232 0
026187 0
271173 0
164157 0
131522 0
104014 0
088228 0
188356 0
221502 0
191490 0
113603 0
141981 0
272786 0
066104 0
195996 0
222192 0
157720 0
115221 0
259860 0
071277 0
262646 0
223066 0
138805 0
217616 0
150979 0
158813 0
184484 0
234436 0
180984 0
095723 0
161091 0
131319 0
265349 0
193860 0
265947 0
130896 1
226910 0
124790 0
225133 0
143505 0
102198 0
221445 0
030649 0
224476 0
139628 0
255021 0
016904 0
287807 0
000431 1
227179 0
123964 0
224003 0
077214 0
171254 0
264719 0
124504 1
088180 1
012243 0
184519 0
190025 0
177672 2
037391 0
000304 1
161132 0
180609 0
240584 0
187260 0
278650 0
239369 0
235032 1
051114 0
253862 0
009560 0
242927 0
037384 0
086503 0
023029 0
099416 0
221400 0
079841 0
258324 0
177206 0
234025 0
175554 0
259583 0
220576 0
005983 0
163442 0
225017 0
111519 0
063984 0
014809 0
257028 0
125462 0
057723 0
097362 0
068142 0
187050 0
123292 0
150038 0
240618 0
038892 0
140415 0
158865 0
137074 0
221724 0
133240 0
112704 0
272185 0
233434 0
258392 0
089267 0
113039 0
262716 0
229313 0
160159 0
159599 0
266881 0
072154 0
285056 0
210022 0
111599 0
259898 0
268367 0
210833 0
180986 0
141842 0
024408 0
186433 0
145975 0
078716 0
153248 0
174779 0
015157 0
222522 0
066166 2
162552 0
183157 0
140212 0
161525 0
123343 0
264294 0
205416 0
215097 0
115152 0
112188 0
079507 0
125243 0
182565 0
136265 1
122357 0
221084 0
125909 0
109596 0
176837 0
128899 0
080130 0
004992 0
180383 0
066621 0
287261 0
102667 0
259859 0
171255 0
036386 0
150093 0
005528 0
209569 0
154110 0
136316 0
112620 0
060964 0
130886 0
030668 0
016841 1
002230 0
173852 1
162148 0
000353 1
081610 0
151952 0
012496 0
240492 0
059447 0
271944 0
130408 0
099788 0
127369 0
000326 1
080191 0
199395 0
146054 0
260820 0
283245 0
145675 0
258466 0
164115 0
223730 2
013466 0
259575 0
193115 0
012958 1
229318 0
035662 0
271655 0
131434 0
004302 0
147248 0
130900 0
151602 1
128446 0
201991 0
079404 1
127089 1
231297 0
056006 0
160810 0
128349 1
183366 0
187224 0
130001 0
229160 0
002422 0
104425 0
270187 0
041555 0
124135 1
184594 0
160147 0
284821 0
199396 0
263753 0
218817 0
219458 0
100934 0
154543 0
186578 0
100792 0
283299 0
101695 0
248120 0
037104 0
282425 0
065444 0
257786 0
121707 0
002288 0
274008 0
142030 0
155096 1
194251 0
189259 1
177400 0
035664 0
181570 1
172960 0
187288 0
182513 1
006658 0
047357 0
142415 0
029616 0
286973 0
113685 0
261369 0
269591 0
182514 1
133959 0
154534 0
126882 1
076782 0
018739 0
124097 1
187653 1
247852 0
124354 1
066131 2
278263 0
173210 0
115952 0
082014 0
017086 1
161394 0
226734 0
125941 0
104450 0
162032 2
014953 1
268325 0
095509 0
210875 0
257785 0
003388 0
112761 0
131164 0
221413 0
126803 0
276135 0
160210 0
097953 0
032789 0
125886 0
130818 1
262172 0
091222 0
015515 0
006286 0
284076 0
181651 0
100796 0
181773 0
143325 0
152594 0
062598 0
162076 1
231705 0
152540 0
288719 0
136645 0
242625 0
259598 0
085177 0
252043 0
137416 0
081687 0
167902 0
276204 1
161501 0
262513 0
072250 0
152401 0
066089 0
238868 0
112146 0
167960 0
184917 0
145046 0
139251 0
195917 0
033603 0
122356 0
159766 0
206532 0
124353 1
064850 1
124768 1
261357 0
055599 0
156025 0
181127 0
030620 0
226166 0
147288 0
223922 0
182516 1
236735 0
193844 0
040632 0
064924 1
051131 0
247740 0
192165 2
121385 0
125782 1
197185 0
047359 0
116728 0
152400 0
133238 0
005484 0
161778 0
212292 0
177671 2
259909 0
140668 0
112492 0
206709 0
146140 0
240257 0
071706 1
269174 0
252767 0
018763 0
281202 0
264590 0
074770 0
124458 0
035651 0
276699 0
195764 0
256168 0
262715 0
207436 0
067483 0
213360 0
287315 0
130819 0
141568 0
284443 1
000009 0
196507 0
151950 0
177696 1
108636 0
035657 0
000393 0
152225 0
187061 0
141613 0
030527 0
164247 0
221951 0
214896 0
044274 0
271642 0
181942 0
223680 0
124166 0
108812 0
000096 0
196581 0
113314 0
089470 1
263249 0
285050 0
266080 0
264835 0
161808 0
067512 0
068125 0
272758 0
030549 0
135042 1
065298 0
124770 1
064474 1
093877 0
134094 0
255691 0
222529 0
111418 0
169573 0
176822 0
173418 0
129464 0
281205 0
163518 0
062082 0
157051 0
126792 0
104879 1
183179 1
121756 0
065634 0
284822 0
260141 0
154690 0
242920 0
282532 0
157747 0
045468 0
152813 2
043132 0
100109 0
125177 0
130582 0
264932 0
102197 0
134357 0
267564 0
172869 0
126077 0
129718 1
257281 0
125018 1
127290 0
139627 0
186866 0
100782 0
231542 0
232755 1
206137 0
259660 0
146052 0
191104 0
053274 0
178741 1
251673 0
018952 0
278794 0
146870 0
067247 0
048375 0
260821 0
112982 0
287843 0
081644 0
017870 0
165904 0
254128 0
275588 0
225819 0
133058 0
210890 0
153631 0
086334 0
064459 1
196595 0
123967 0
179567 0
154462 0
015289 1
003523 0
176335 0
141758 0
219602 0
051057 0
202799 1
180382 0
168784 0
064435 1
278181 0
120845 0
009302 0
054543 0
235727 0
171264 0
017200 0
120360 0
105091 0
124063 1
244935 0
149921 0
130713 0
195436 0
254963 0
133737 0
150323 1
180521 0
182006 2
125934 0
244796 0
152207 0
039180 0
176967 0
192166 1
219596 0
101307 0
069041 0
088178 1
129264 0
199330 0
111672 0
246259 0
165911 0
286488 0
232721 1
175542 0
136625 0
066723 1
187790 0
185656 0
149343 0
137414 0
065695 1
013144 1
139341 0
246322 0
198364 0
068297 0
141618 0
109511 0
168649 0
130216 0
154347 0
112978 0
149450 0
140131 0
154297 0
242276 0
114222 0
124550 1
068908 0
254143 0
016559 0
173743 2
052984 0
068974 0
155998 0
286509 0
047985 0
211022 0
288416 0
018582 0
158368 0
134155 0
100935 0
061247 0
157778 0
273159 0
275035 0
156810 0
288962 0
223117 0
117056 0
118307 0
136637 1
079197 1
112749 0
128093 0
108797 0
128519 0
155370 0
267485 0
283977 0
075187 0
135035 1
282255 0
192224 0
200115 0
064460 1
139284 0
244936 0
066088 1
113377 0
176240 0
008748 0
037909 0
194999 0
275186 0
218110 0
173864 1
168860 0
007785 0
155338 1
270657 0
079495 0
047416 0
208068 0
267963 0
099255 1
162040 0
005789 0
187335 1
036018 0
100778 0
162868 0
221074 0
180990 0
180619 0
175506 0
006114 1
147684 0
066259 0
181960 2
172874 0
040394 0
162526 0
229882 0
151422 0
121787 0
197466 0
184191 0
229360 0
180076 0
262725 0
146210 0
095964 0
123389 0
044636 0
161169 0
091665 0
088349 1
143434 0
163771 0
209889 0
182848 0
236608 0
161779 0
001597 1
082809 1
077354 2
223939 0
009862 0
202425 0
124548 2
281631 0
085979 0
152814 1
065077 0
191747 0
026185 0
221304 0
111402 0
177121 0
094193 0
193671 0
125512 0
191860 1
172408 0
251428 0
143280 0
172958 0
176170 0
144113 0
174989 0
181990 2
134568 0
082521 0
231703 0
230529 1
154107 0
134401 0
113318 0
159482 0
190026 0
193717 0
108711 0
043542 0
132749 0
151231 1
086196 0
127413 0
255761 0
251247 0
124013 0
088518 0
134355 0
086424 0
171539 0
288711 0
016486 0
244826 0
176297 0
113762 0
096009 0
152806 1
234437 0
244558 0
225959 0
000783 1
086470 0
134332 0
178860 0
126846 0
158445 0
280248 0
161781 0
112948 1
279826 0
133480 0
081041 0
094762 0
129874 1
152586 0
030613 0
066419 1
170526 0
270458 0
278742 0
135044 1
176793 0
209382 0
125509 0
080671 0
150419 0
131847 0
142160 0
009580 0
175630 0
199339 1
022439 0
165093 0
241377 0
043792 0
154112 0
065439 0
182557 0
202319 0
114689 0
100186 0
133559 0
184891 0
267332 0
275543 0
114995 0
108040 0
014242 0
218789 0
169581 0
150568 0
124957 0
193058 0
123947 0
191882 1
135060 1
152748 0
184889 0
112991 1
223338 0
109512 0
271199 0
041628 0
000016 0
282202 0
101996 0
255056 0
264095 0
025518 0
110524 0
082805 2
257335 0
042030 0
194313 0
129868 2
178857 0
075701 0
212370 0
139345 0
157418 0
129869 2
079993 0
185185 0
100090 0
151957 0
081356 0
180301 0
279416 0
050402 0
226646 0
221148 0
