084219 1
051271 0
084287 2
075414 2
051255 0
075418 2
044768 0
075309 2
075311 2
083135 1
083958 2
092037 1
091397 1
075513 2
075505 2
075511 2
115253 1
083953 2
075313 0
084202 2
083896 2
084125 2
115355 1
115400 2
078164 2
083753 2
079200 2
083965 2
078252 2
083746 2
083943 2
081589 2
075312 0
079172 2
083537 1
078188 2
081650 2
083968 2
080394 2
083530 2
084307 1
078234 2
075415 2
075500 2
084327 1
067328 0
081685 2
075315 2
079218 2
075517 2
075417 2
082459 2
079363 2
075503 2
084248 2
075593 2
083914 2
083918 2
083119 1
082490 2
085326 0
082031 2
276731 0
083999 2
079223 2
079188 2
075137 2
227734 0
051488 2
051528 2
051379 1
084191 2
083168 1
084183 2
083497 2
083906 2
083171 2
082884 2
076601 0
083173 2
057706 0
084080 2
000567 0
076597 0
044106 2
051143 2
083059 1
079364 2
080299 0
083111 2
078144 2
074947 2
084336 2
074954 2
083479 2
082091 2
082757 2
276748 0
075159 2
077600 2
085358 0
084842 0
057616 0
077606 2
043963 2
051503 2
083019 1
141877 0
082743 2
075120 2
056261 0
141477 0
051078 2
085322 0
083444 2
051068 2
050972 2
084213 2
082822 2
114464 1
083179 2
075161 2
082887 1
083693 2
043889 2
051500 2
084153 2
053248 0
084381 1
044184 2
044080 2
078442 2
277236 0
084154 2
051074 2
051251 2
141479 0
078080 2
078085 2
051368 2
115446 1
083698 2
079288 2
075501 2
078445 2
075518 2
078104 2
082071 2
114483 1
079145 2
078098 2
084052 2
084384 2
042070 0
114640 1
079641 2
079129 2
067319 0
041106 0
081027 2
081701 2
084416 2
137680 1
078128 2
075608 2
082063 2
078630 2
085381 0
078093 2
043943 2
043965 2
082627 1
083697 2
083071 1
053395 0
081897 2
083811 2
082779 2
056009 0
055782 0
074827 2
276732 1
080671 0
083667 1
083691 2
082828 2
044367 2
079644 2
082096 1
276733 0
082615 1
079325 2
078452 2
083723 2
082829 2
050832 1
044193 2
141511 0
053844 0
082191 0
051194 2
084271 2
078440 2
044115 2
083563 2
084116 2
075906 2
084851 0
079167 2
083739 2
083786 2
055489 0
043937 2
084292 2
051187 2
083559 2
084152 2
226473 0
081754 2
081615 2
079837 2
272362 0
044072 2
081637 2
083432 2
079291 2
115918 0
084096 1
113836 2
051206 1
051094 1
220134 0
051193 1
113800 2
114647 1
084477 1
075186 2
051195 1
051197 1
079793 2
084157 2
081721 2
051204 1
051213 1
086486 0
051059 1
276950 0
051198 1
051107 2
075051 2
078659 2
081648 2
271840 1
115508 1
051186 1
078259 2
084053 2
165919 0
043929 2
051218 2
078285 2
154470 0
044074 2
113012 0
051192 1
051209 1
083975 2
084155 2
084098 2
219440 0
051211 1
271898 1
044258 2
084469 1
043991 2
084322 2
276736 0
084439 1
134336 0
115039 1
025548 0
084286 2
084090 2
114982 2
084005 1
050849 1
081890 2
079341 2
115034 1
214881 0
114932 2
083996 1
114987 2
084011 1
276728 0
084006 2
084335 2
083884 2
047410 0
083887 2
012330 0
114487 2
174173 0
226401 0
084413 1
084131 2
044166 2
051166 0
051557 2
276891 1
051215 1
074528 2
153646 0
079670 2
276673 0
222898 0
051189 1
084074 1
084031 2
276725 0
084103 2
051081 1
074721 2
074739 0
083053 2
051092 1
051221 1
084017 2
166330 0
115343 2
081720 2
051205 1
053444 0
051112 1
085357 0
241422 0
084109 2
084175 2
044100 2
044075 2
088644 0
137537 0
051465 2
083990 2
084045 2
207313 0
081674 2
051144 0
084317 2
083988 2
084085 2
084104 2
084101 2
051225 1
074557 2
086264 0
075472 2
051223 1
051210 2
084472 2
080130 0
075561 2
075191 2
084232 2
043879 2
044028 2
084083 2
051217 2
165904 0
051222 1
074869 2
078823 2
077374 0
044339 2
113997 2
114467 2
114873 2
114648 1
051201 1
084283 2
115347 1
114413 2
084474 2
270009 1
084110 2
043927 2
051216 1
081963 2
082073 2
181231 1
012321 0
051202 2
084255 2
083961 2
115394 2
084128 1
082144 2
051219 1
051199 1
084112 2
122949 0
083955 2
051123 1
053412 0
051191 1
055919 0
081728 2
081748 2
044255 2
020190 0
054226 0
044221 2
271689 0
084580 0
113925 0
262676 0
084249 2
081778 2
084265 2
054562 0
055794 0
083940 2
166063 0
044194 2
088682 0
083957 2
084043 2
277006 1
074907 2
082002 2
078458 2
083699 2
051200 1
114673 1
070972 0
043966 2
257687 0
083700 1
241453 0
051207 2
047623 0
114023 1
081229 2
047686 0
051208 1
270014 1
114007 2
056614 0
004884 0
273033 0
047267 0
084075 2
180268 1
271763 0
114894 2
114908 2
051079 2
081903 2
079970 2
084231 2
084475 2
125885 0
044850 2
141958 0
275034 0
269649 1
084106 2
084617 1
051203 1
104145 0
082124 2
082077 2
082075 2
084696 1
084073 2
056427 0
080217 2
114009 2
271686 0
075325 2
115280 2
220514 1
081768 2
084069 2
045040 2
054594 0
080884 2
044773 2
115322 2
084377 2
084360 2
084383 2
114972 1
045120 2
051073 2
084583 2
084318 2
084042 2
047695 0
066176 0
084596 2
081901 2
275090 0
081482 2
044832 2
082080 2
080867 2
276904 1
122943 0
220004 1
081506 2
084111 2
045144 2
045205 2
081922 2
138360 0
081794 2
044108 2
084365 2
271101 1
114603 2
181262 1
084226 2
211776 1
061384 0
113986 2
090279 0
115445 1
084759 2
271153 1
051375 2
083694 2
045143 2
206945 0
114018 2
114011 0
170478 0
084178 2
079360 2
280412 0
270015 1
159329 0
181139 0
115292 2
084076 2
084118 2
002361 1
270013 1
006826 0
084216 2
010029 0
152037 0
082651 1
020762 0
061461 0
181198 1
275814 0
083977 2
084691 2
220007 1
084348 2
114989 1
081709 2
084304 2
252576 0
078043 2
015108 2
090307 0
082029 2
210897 1
180323 1
043725 0
115430 0
288959 0
269658 1
063050 0
082769 2
081907 2
023656 0
091007 0
051431 2
051395 2
278388 0
084113 1
188669 0
077703 2
083931 2
110478 0
051175 1
210962 1
048009 0
084197 2
084100 2
188660 0
084117 2
186599 1
180630 1
269586 1
113976 0
083962 2
119192 0
083932 2
276993 0
096599 0
277015 1
114414 2
114258 1
279827 1
269640 1
186597 1
257686 0
051150 2
113025 0
276927 0
275427 0
080715 0
083945 2
114436 2
084038 2
114295 1
096611 0
003460 0
278005 0
114556 2
084047 2
066743 0
047416 0
044238 2
219891 1
211015 1
062670 2
234585 0
054532 0
084457 2
180277 1
112097 2
005900 0
141341 0
081814 2
043864 2
138478 0
115113 2
114570 2
044023 2
044218 2
115629 1
012052 1
183721 0
078303 2
045204 2
115216 0
279408 0
211014 1
084345 2
050623 0
137440 0
083578 1
081911 2
186978 0
225812 0
219889 1
002046 0
180635 1
115208 0
138557 0
204344 0
081889 2
223506 1
183728 0
223511 1
047184 0
031006 0
114465 2
084097 2
051511 1
080019 2
053651 0
054230 0
116322 0
084331 2
084211 2
047359 0
205222 0
115104 1
115435 2
113971 2
166305 0
128261 0
114217 1
084091 2
084267 2
128267 0
063790 0
083969 2
115215 0
079255 1
084120 2
084081 2
061409 0
115703 1
277028 1
081807 2
067454 0
142267 0
051412 2
041822 0
084479 2
082614 2
180614 1
115121 2
054071 0
114003 2
005825 0
079642 2
115497 1
082629 1
066744 0
114015 2
080236 2
079254 1
051397 2
114484 2
083702 2
057623 0
053739 0
082577 2
067417 0
137220 0
082764 2
084754 2
089197 1
026434 0
084308 2
061386 0
082964 2
084062 2
201061 0
109607 0
043016 0
081698 2
083037 2
136354 1
114115 1
136059 1
084250 2
115405 1
115466 1
081896 2
115204 0
079183 1
115674 1
084843 0
045498 0
074738 0
179693 1
047262 0
114218 1
082099 2
026427 0
079179 1
051069 2
082093 2
056006 0
054388 0
003679 0
276995 0
057277 0
108045 1
114523 1
114342 2
225651 0
075024 0
115676 1
124993 0
081933 2
083029 2
280411 0
007106 2
084775 1
075276 0
219431 0
205705 0
120705 2
143111 0
179703 1
054770 0
180299 1
053413 0
114343 2
083365 0
084149 1
114848 2
084718 0
083305 1
280733 0
084306 2
047544 0
084805 2
054444 0
079147 1
055343 0
131518 0
114990 2
120692 2
179961 1
080366 2
240925 0
187031 1
084387 2
078049 2
176393 0
071500 2
079114 0
179963 1
053073 0
051172 1
185592 1
180592 1
080424 2
112139 2
084222 1
078247 2
057278 0
080426 2
082969 1
194014 0
075166 2
078147 2
065503 0
055131 0
054335 0
010893 0
225479 0
253544 0
078126 0
179999 1
099082 0
185585 1
000087 0
089249 1
081713 2
018635 0
199699 0
180033 1
047645 0
272498 0
180626 1
114852 2
119913 0
184968 1
113520 0
016713 0
275035 0
071456 0
218053 0
047161 0
029062 0
165339 0
089461 0
115467 0
099080 0
113977 0
225476 0
075143 2
082089 0
054944 0
095759 0
111359 1
089147 1
088340 0
000533 0
071547 0
289014 0
083701 2
053041 0
115434 0
185588 1
084339 2
084225 2
226146 0
178344 0
037133 0
201494 0
180595 1
005371 0
136319 0
185578 1
089179 0
104673 2
084147 2
168789 0
175308 0
184499 1
113326 0
104629 0
214966 0
082088 0
012906 0
104720 0
071386 0
008263 0
139787 0
180032 0
089248 1
099679 0
114738 2
184837 1
110109 0
104559 0
063817 0
194618 0
179998 0
065458 0
112514 0
060122 0
051439 2
141335 0
083005 1
179962 0
089290 1
054411 0
098271 1
083207 2
075464 2
051534 0
228158 0
084268 2
185561 1
078504 0
285007 0
165383 0
125148 1
069662 0
226776 0
004718 1
028895 0
119442 0
000867 0
112933 0
124962 0
003440 0
003130 0
084206 2
276738 0
069844 0
272508 0
200551 0
099067 0
047965 0
045517 0
208352 0
115129 0
011163 0
075834 0
083161 2
084270 2
047712 0
060638 0
089165 1
182993 0
119895 0
207534 0
055492 0
272574 0
083027 1
130399 0
038037 0
124894 0
131041 0
185562 0
043609 0
027352 0
078172 0
103017 0
113554 0
083614 0
185568 0
114961 2
156756 0
124899 0
069775 0
115090 2
170883 0
113979 0
034620 0
021966 0
179702 0
054412 0
114601 0
147774 0
015082 1
004816 0
179960 0
064142 0
114786 1
009535 0
127058 0
185555 0
066177 0
285008 0
285048 0
119444 0
057399 0
004588 1
190606 0
147983 0
115105 2
131259 0
278360 0
057045 0
083162 2
045439 0
139761 0
253965 0
114741 2
226820 0
119921 0
083686 2
083844 2
206352 0
014141 0
099868 0
083039 2
048773 0
094386 0
054569 0
271102 0
004721 0
162381 0
052071 0
134793 0
222176 0
083684 2
114710 2
044282 0
278007 0
115088 1
099680 0
278006 0
055074 0
276679 0
157634 0
156354 0
047372 0
126905 0
285052 0
133560 0
124527 0
067584 0
130081 0
016558 0
086453 0
136318 0
108428 0
222936 0
257683 0
135277 0
115529 0
229653 0
056371 0
175555 0
277305 0
046862 0
055777 0
056046 0
139853 0
114703 2
118970 1
047152 0
015524 0
214289 0
124203 0
084442 0
179692 0
199128 0
110706 0
227351 0
250033 0
016598 0
023328 0
140008 0
054110 0
156356 0
057279 0
060553 0
144981 0
126614 0
055108 0
005174 0
006333 0
016630 0
055509 0
040599 0
199410 0
148067 0
084078 2
013864 0
003831 0
125655 1
095996 0
146295 0
228207 0
097485 0
083942 2
074831 0
053616 0
127057 0
002464 0
099077 0
114847 0
083890 0
200993 0
141334 0
038051 0
155515 0
032757 0
115136 2
005221 0
124139 0
278325 0
053109 0
112121 1
148078 0
222924 0
205474 0
083616 0
145186 0
136835 0
110688 0
005690 0
153742 0
004728 0
113964 1
074849 0
191485 0
075956 0
175254 0
186490 0
168972 0
204314 0
170870 0
221485 0
145173 0
052368 0
173072 0
123749 0
119095 0
084224 2
144684 0
095200 0
085632 0
084252 2
047884 0
010957 0
003946 0
287506 0
087516 0
054698 0
213398 0
079774 0
194999 0
220812 0
148101 0
047403 0
148108 0
228213 0
057009 0
123353 0
054575 0
134545 0
124372 0
048745 0
038419 0
226035 0
116422 0
114410 2
130134 0
015960 0
119462 0
078225 0
054099 0
124777 0
069010 0
210811 0
113893 1
162555 0
067733 0
099567 0
083836 2
056155 0
180198 0
112318 0
077880 0
075100 0
070284 0
083164 2
089881 0
217246 0
103457 0
054860 0
142040 0
084217 2
115069 2
119573 0
120307 0
086921 0
066966 0
084243 2
066967 0
119844 0
074985 0
059415 0
114707 0
180037 0
115132 2
048050 0
056484 0
114511 2
139813 0
114381 0
063984 0
003291 0
143580 0
007142 0
271910 1
140065 0
114530 2
083159 2
063059 0
227388 0
212727 0
119612 0
046615 0
044111 0
051414 0
055232 0
067072 0
047382 0
165317 0
084209 2
043964 2
044186 2
226553 0
164837 0
047229 0
148718 0
148814 0
083813 2
136324 0
175554 0
018068 0
180694 0
086891 0
246863 0
133949 0
278334 0
126996 0
280947 0
054356 0
003227 0
224388 0
112082 0
212711 0
015052 0
175397 0
057550 0
268931 0
110723 0
047953 0
089001 0
140254 0
258691 0
006270 0
169017 0
159323 0
183218 0
135135 0
144894 0
045293 0
115421 0
237963 0
010417 1
178361 0
198507 0
211781 0
057861 0
141754 0
114379 0
098412 0
277326 0
284744 0
173060 0
210065 0
003697 0
075992 0
055981 0
186995 0
075003 0
220060 0
175610 0
047057 0
230289 0
256819 0
088999 0
002477 0
184459 0
114066 0
134860 0
048007 0
047032 0
116428 0
072187 0
176018 0
114646 0
289152 0
245783 0
225766 0
057184 0
205655 0
240258 0
115819 0
088950 0
276641 0
022947 0
154216 0
116452 0
236888 0
060057 0
132330 0
282276 0
017716 0
166073 0
257604 0
053453 0
108292 0
088587 0
174956 0
054209 0
119567 0
175255 0
078951 0
059551 0
183648 0
170462 0
119786 0
014207 0
071597 0
268195 0
098688 0
233895 0
175309 0
115518 2
011927 0
262158 0
057756 0
252746 0
116884 0
228161 0
098668 0
084281 2
257594 0
116316 0
020627 0
071106 0
288332 0
009265 0
085008 0
054156 0
078723 0
269751 0
056010 0
277014 0
114440 0
065210 0
051504 0
221693 0
278445 0
059487 0
047987 0
067036 0
183129 0
078370 0
046581 0
264095 0
008550 0
016093 0
078109 0
078593 0
089434 1
085783 0
225598 0
270284 0
114857 0
113886 0
004875 0
114966 0
030522 0
048832 0
182366 0
114828 0
176306 0
043860 1
210086 0
068103 0
098687 0
206136 0
149574 0
144732 0
099543 0
207491 0
129561 0
089454 0
198487 0
059859 0
244970 0
068106 0
065963 0
061471 0
016381 0
057299 0
026187 0
010832 0
219923 0
082383 0
214795 0
178488 0
204862 0
142888 0
238952 0
132337 0
005545 0
077948 0
114380 0
050771 0
126909 0
229644 0
176323 0
078142 0
119161 0
284045 0
203645 0
084179 2
277689 0
220938 0
072856 0
187969 0
057744 0
204499 0
081975 0
109629 0
276741 0
116143 0
054164 0
046798 0
276661 0
115383 2
036612 0
026741 0
264830 0
113766 0
149252 0
116076 1
236986 0
046815 0
044019 1
114318 0
288348 0
057013 0
044212 0
200580 0
079630 0
003667 0
054355 0
115515 2
087134 0
224462 0
180738 0
206776 0
220820 0
074903 0
137003 0
227696 0
267000 0
280129 0
089928 0
047899 0
084229 2
047158 0
115525 1
164530 0
084591 0
189563 0
134570 0
109628 0
083442 0
127350 0
278335 0
234787 0
160366 0
194638 0
210053 0
162643 0
175538 0
030463 0
047985 0
056317 0
003802 0
113162 0
086826 0
111311 0
041621 0
115570 1
220041 0
074787 0
200596 0
249910 0
229901 0
008481 0
056359 0
271341 0
054639 0
275418 0
074760 0
000342 0
269943 0
201914 0
046768 0
047765 0
184355 0
213956 0
241423 0
156228 0
021835 0
174651 0
128276 0
093565 0
044026 0
130347 0
222491 0
225789 0
229810 0
123428 0
044538 0
093573 0
004895 0
046747 0
026969 0
