085524 1
010305 0
018145 2
115245 2
010298 2
113573 2
080586 0
113600 2
001745 0
112019 0
082362 0
059641 0
117089 0
111995 0
065268 2
025309 2
156872 2
156873 2
048903 0
117308 0
131477 0
188475 0
156669 0
043640 0
256080 0
186941 0
117300 0
124569 0
156964 0
201258 0
175774 0
188305 0
002358 1
085992 0
092692 0
110321 0
188725 0
002952 1
156670 0
269301 0
188288 0
135618 1
014596 0
100990 0
117761 0
169588 0
134318 2
131812 2
131875 2
288085 0
002393 0
131791 2
131798 2
012210 0
003843 0
188756 1
140375 0
134919 0
188752 1
022398 0
188724 1
133985 0
131028 0
188472 0
156777 0
138480 0
241819 0
028855 2
192264 0
192317 0
028845 2
154597 0
169587 0
241834 0
188438 1
188679 0
003754 0
188465 0
134989 0
192328 0
131652 0
137335 0
188643 0
175016 0
002892 0
124564 0
033670 2
188437 0
137090 0
188462 0
129059 0
187725 1
275726 2
032811 1
275736 2
187728 1
228923 0
056009 0
275710 2
148592 0
270829 0
287837 0
186965 0
270824 0
161845 0
136200 0
110357 0
115414 0
091930 0
259947 0
270635 1
188726 0
241821 0
270873 0
147377 2
260990 1
131030 0
129054 0
187871 0
261018 1
030282 1
147431 2
131677 0
147577 2
201255 0
005560 0
188743 0
188728 0
261046 1
188611 0
188615 0
287833 0
263369 0
027104 0
269555 1
187867 0
269508 0
190438 0
082131 2
161777 0
188698 1
025448 0
013161 0
188701 1
266540 2
188602 0
262452 2
033094 0
034268 0
022376 0
047560 2
266582 2
025413 1
243426 1
018134 0
046562 1
041627 2
031620 1
088247 0
188665 0
191159 0
269524 0
044250 1
200983 2
028610 0
262573 0
232047 0
266697 0
082139 2
266717 0
129018 0
139884 0
269527 0
085563 2
027131 0
019053 0
134268 0
087337 2
083067 1
187316 1
163233 2
042736 1
191194 0
187307 1
114714 0
082495 0
133075 0
196436 1
043439 0
136483 0
059149 1
076649 0
188514 1
188518 1
135666 0
086613 0
059140 1
019237 0
027960 1
134024 0
275725 0
031458 0
032651 0
187803 0
188764 0
231370 0
192174 0
270605 0
269556 0
027834 0
259958 0
015065 2
269335 0
260871 0
188751 0
133014 0
137020 0
188621 0
088254 0
080587 0
125665 2
275372 0
014589 0
136475 0
115806 1
028545 0
281138 0
188231 0
237246 0
027825 1
188232 0
025214 0
190322 2
270971 1
188719 0
027949 0
101191 0
054450 2
190768 0
134428 0
007475 0
135816 0
243309 0
031742 0
269934 0
164504 2
016370 0
203776 2
281543 0
143869 0
131673 0
058159 2
086871 1
164492 1
163880 1
187820 0
275735 1
165103 2
101338 0
270969 1
101389 0
033177 0
204033 0
288401 0
178675 2
270930 1
282980 0
202565 0
180752 1
208638 0
201081 1
200969 2
051490 0
180750 0
041103 1
208522 0
063843 0
270940 1
108849 0
201400 0
270821 1
054425 2
219756 2
269468 0
188722 0
083166 0
194848 0
164498 1
129811 0
231734 2
188697 0
041609 1
041121 1
028611 0
231729 2
154120 0
041116 1
270915 2
275793 0
180748 0
280595 0
155853 0
010561 0
275785 0
035001 0
238924 0
208686 0
136926 0
132139 0
270917 1
270424 0
274597 1
219768 2
284909 0
155717 0
219767 0
028543 0
270925 0
043798 0
164494 1
163010 0
041548 0
133028 0
242301 0
122343 0
101316 1
056010 0
066564 0
260904 0
138436 0
080734 0
040992 1
006576 0
083153 0
279544 1
023135 0
221708 2
222397 0
077365 0
018757 0
058295 1
272416 0
274038 0
156761 0
162927 0
101230 0
115807 1
162917 0
279543 0
025614 1
081855 0
028432 0
260991 1
071227 0
156523 0
068786 0
143486 0
041546 0
041247 1
225150 0
110166 0
258670 0
126530 0
010190 0
062473 1
131454 0
219942 1
061728 0
234442 0
028390 0
035966 0
143658 0
159309 0
188699 0
032133 2
154095 0
115074 0
037046 0
006341 1
175621 0
061796 1
151200 1
133993 0
289343 1
150568 0
162921 0
004046 0
126434 0
086117 1
261019 1
135341 0
282802 0
272361 0
041088 1
219182 1
060376 0
148564 0
086834 0
289268 1
051265 0
261311 0
264386 0
261047 1
190756 0
025762 0
288056 0
280611 0
088248 0
156514 0
137812 0
023147 0
155570 0
111623 0
219135 1
169256 1
058294 0
241221 0
261313 0
050440 0
135992 0
088255 0
270452 0
157185 0
227829 0
275814 0
081660 0
233688 0
131843 0
116322 0
004328 0
162992 0
161512 0
019336 0
086860 0
136693 0
053649 0
012753 0
262574 0
086737 0
037066 0
121487 0
067419 0
027315 1
163027 0
134902 0
009426 1
200476 0
253528 0
126664 0
276513 0
260971 0
169352 1
041091 1
114719 0
139042 0
041086 1
034675 0
199182 0
033166 0
010216 0
288402 0
041074 1
110137 0
225151 0
146420 0
045596 1
086558 0
022682 1
265349 0
086791 0
197356 0
276206 1
253314 0
203640 0
211492 0
136163 0
053844 0
098951 0
221913 0
238084 0
260972 0
045551 1
045416 0
229617 0
045812 0
199560 2
005750 0
225149 1
129056 0
009413 0
010414 0
229563 0
277670 0
014778 2
279175 0
270451 0
253545 0
263875 0
089637 0
229607 0
274256 0
085278 2
006370 0
133023 0
046128 0
230009 0
032836 1
001236 0
085293 2
243459 0
273561 0
058764 0
269901 0
279171 0
006444 0
254322 1
049010 0
273790 1
253914 0
273798 0
058067 0
009113 0
170037 0
278360 0
029089 0
243465 1
089647 0
113676 0
068037 0
210998 0
243427 1
086484 1
243425 1
078408 0
198224 0
031741 0
230166 0
074787 0
133015 0
053519 0
243419 1
243416 1
243406 1
008667 0
014223 0
152825 0
098942 0
034359 0
243411 1
188503 0
188504 0
093477 0
217934 0
197998 1
176112 0
275418 0
198035 1
264137 0
279610 0
071261 0
241407 0
280794 0
219847 2
133794 0
276679 0
045645 0
104400 0
122504 0
232149 0
176114 0
080459 0
056261 0
191242 0
253915 0
016634 0
053248 0
288057 0
159277 0
097588 0
098950 0
007089 0
161509 0
041325 1
221191 0
192709 0
241409 0
113579 0
281598 0
080405 0
056140 0
193514 0
029261 0
055046 0
065991 0
115590 0
165911 0
155583 0
000494 0
034340 2
087372 0
