250302 1
250390 1
240797 1
086986 1
086998 1
087065 1
080670 1
080644 1
086943 1
087068 1
087069 1
277198 1
066933 1
277200 2
277204 1
101905 1
269006 1
243873 1
243825 1
243783 1
243867 1
243913 1
078083 1
078074 1
086886 1
086897 1
087037 1
089292 1
087040 1
086649 1
086677 1
020327 2
086892 1
086922 1
091637 1
087067 1
088160 1
088143 1
005708 1
086775 1
086783 1
030733 2
067757 2
090870 1
089267 1
090829 1
269503 2
243626 1
087029 1
269506 2
087059 1
278912 2
030734 1
278867 1
087030 1
241195 1
087062 1
078068 1
241149 1
241217 1
241435 1
241436 1
243616 1
241439 1
078046 1
077470 1
087041 1
077649 1
077701 1
087036 1
086826 1
086877 1
280271 1
019535 1
280238 1
228417 1
226249 1
078013 1
090758 1
078213 1
086719 1
086754 1
243884 1
090709 1
078109 0
090848 1
090827 1
090860 1
168254 1
243994 1
241467 1
089733 1
240766 1
249389 1
090043 1
248977 1
251520 1
168033 2
098874 1
168006 1
067159 1
067144 1
098921 1
211669 1
091070 1
091059 1
278814 1
278761 2
087428 1
240241 1
085671 1
006931 1
239575 1
271433 1
271603 2
278591 1
020021 2
254972 1
020022 2
019998 2
085661 1
255880 1
085559 1
261153 1
085314 1
271620 1
272285 1
259928 1
271630 1
066876 1
259889 1
272888 1
029598 1
046157 2
108396 1
241169 1
257788 2
087320 1
230705 2
087323 1
087307 2
087306 2
086818 1
250819 1
005608 1
086239 1
237701 0
089324 1
212189 0
241536 1
284064 0
087278 1
120211 1
210483 0
251352 1
086220 1
243882 1
278712 2
244767 0
244239 1
227981 2
167223 0
199461 2
127931 1
118131 1
062912 0
009999 0
235734 0
086800 1
086767 1
148885 2
276174 2
080709 1
163304 1
094120 1
120209 1
087581 1
029517 0
163295 1
270806 0
270857 0
127871 1
276176 2
148950 2
242790 1
089540 1
251422 0
278154 1
233303 1
087604 1
148647 2
087614 1
277036 0
087889 1
242592 2
087893 1
278453 1
086034 1
087963 1
278442 2
087384 1
199595 2
199481 2
064034 0
235820 1
029270 1
199550 2
272460 0
078323 1
120281 1
252918 1
086080 1
097311 1
232999 1
258775 2
260251 0
101904 1
167148 0
197530 0
147386 2
270934 0
270287 2
235828 1
258760 2
234796 1
235829 2
233400 1
097250 1
242784 0
220041 0
089535 1
264291 2
185465 0
126403 0
249343 1
235849 1
005672 1
244078 1
235870 0
258215 2
223673 2
120150 2
234528 1
271161 0
128253 0
244165 1
019330 2
019327 2
005597 1
207343 0
077875 1
208249 0
120283 1
199978 0
093897 1
078179 2
223695 1
120192 1
010914 0
091111 1
016087 0
028237 1
148718 0
235877 0
086554 2
087888 1
229859 0
233263 2
090155 0
240730 0
076689 0
236823 0
261764 2
261871 2
087412 1
086546 2
082889 1
222744 2
237031 1
087032 1
261872 2
262078 2
249219 1
086794 1
270932 2
126518 0
242783 0
087892 2
000118 0
189176 0
086150 1
233331 2
262827 0
278198 0
238076 0
117254 1
087410 1
087962 1
087414 1
209298 0
216019 0
189247 0
233126 2
224012 0
262079 2
183223 0
282720 0
077672 0
277659 2
087411 1
278753 2
029369 0
070580 1
271297 1
193636 0
236618 0
228797 0
059595 0
220060 0
278250 2
123935 0
242798 0
273245 0
244768 0
272331 2
103753 1
278251 2
284298 1
254726 0
273467 0
233141 1
278356 2
278285 2
233697 1
235731 0
278771 2
233247 2
228302 0
081353 1
258580 0
144706 0
236671 0
147352 0
086524 1
086536 2
048733 0
271127 2
087395 1
070598 1
228665 2
225939 1
083468 0
007212 1
267760 0
086166 1
271295 2
005714 1
237155 0
029069 2
064468 0
220487 0
271134 1
264290 0
241785 0
087354 1
103771 1
254477 2
032384 1
070581 1
235735 0
079492 0
103754 1
078095 2
186968 0
087355 1
249830 1
065091 0
250127 0
082856 1
254657 0
080467 1
265214 0
086992 1
078713 0
032357 2
236582 0
220495 0
030597 0
118139 0
029071 1
032563 0
080470 1
197142 0
233693 1
175170 0
067016 1
029067 2
254659 0
255890 2
272333 2
083496 1
200621 1
272422 2
087049 1
278291 2
261294 1
254599 0
032359 2
158989 0
081350 2
120769 1
067006 1
080440 1
244137 0
080806 2
156294 1
035044 0
108822 1
063484 0
091806 0
229131 2
254479 2
067035 1
261296 0
228646 2
080801 2
002086 0
140331 2
083467 0
268679 0
254492 2
260614 0
254467 2
226210 0
108846 1
140385 2
273512 0
231974 0
266329 0
153483 0
003437 2
080808 2
258404 0
159158 0
254469 2
117050 0
140256 1
079485 0
140335 2
108848 1
114208 0
249549 0
127220 0
249956 1
242126 0
086418 1
253835 0
003624 0
080506 1
134006 0
227732 1
241168 0
228327 0
233696 0
242797 0
256920 2
283427 0
284045 0
226564 0
070043 0
255884 1
260254 0
253828 0
140390 0
209299 0
267850 0
275814 0
029066 0
235864 0
140387 2
049250 0
140350 2
145744 0
191498 0
208656 0
256857 1
229637 0
140342 0
081057 2
140347 0
284297 0
289771 0
016544 0
257639 0
077619 1
260382 0
252371 1
032314 2
097510 0
080810 0
140401 0
087450 2
251431 0
256279 1
252706 0
241541 0
066777 1
256214 1
140348 0
010054 0
029433 2
272699 1
133695 0
272119 2
271950 0
200733 1
078024 1
078084 1
140399 0
002967 0
071695 0
269399 0
229638 2
055794 0
230185 0
141764 0
200622 1
275499 0
144394 0
005635 0
067061 0
210651 0
170304 0
276493 2
252440 1
193541 0
240303 1
228836 0
253857 0
133748 0
244099 0
264583 0
094610 0
200346 1
272098 1
272127 2
207196 0
253924 0
005716 1
041208 0
241476 0
256878 1
080786 1
223330 0
277467 0
249832 1
078300 0
078168 2
032835 1
057903 2
234619 0
272661 1
206973 0
086974 1
086989 1
213451 0
226422 1
222603 1
066935 1
048070 0
233369 2
083411 0
075331 0
287965 0
074895 0
249831 1
089583 0
239871 1
120335 1
138293 0
077432 1
074629 0
232458 0
241626 0
230488 0
251195 0
260413 0
276478 2
120236 0
197493 0
176315 0
251868 0
091535 0
227829 0
260462 0
211773 1
270218 0
147655 0
080671 0
234592 0
242789 0
147608 2
277954 0
271946 0
109759 0
243786 1
221453 0
165198 0
120436 0
064040 0
210417 0
251511 0
093742 0
154708 0
285464 0
059630 0
285455 0
100358 0
271855 0
049127 0
103216 0
019108 0
031581 0
238432 0
243784 1
197255 0
157584 0
210741 1
233375 0
141148 0
065503 0
081474 0
148135 0
134381 0
045289 0
077433 1
092605 0
148149 0
120305 1
135011 0
231727 0
077324 1
007734 1
211745 1
232998 0
232552 0
236400 0
118920 0
113062 1
277417 0
266306 0
242780 0
220070 0
226266 2
248689 1
009538 0
036790 0
267044 0
077310 1
282451 0
082485 0
273092 0
035869 0
268251 0
050726 0
277983 0
226267 0
065519 0
163971 0
255862 0
168181 0
257276 0
254158 1
231017 0
286850 0
092156 0
083395 0
220167 0
289776 0
005576 0
278878 1
096113 0
253959 0
134742 0
258383 0
004480 0
233543 1
261938 0
249405 1
169969 0
242781 0
269818 0
241635 0
277950 0
127597 2
097886 0
284684 0
226464 1
225082 0
068103 0
085614 0
265815 1
265845 0
021342 0
131709 0
228793 1
253958 0
006762 1
258176 0
223297 0
238628 0
078218 1
077977 1
121405 0
259297 0
004562 0
233553 0
159617 0
150695 0
239476 0
283138 0
046967 0
265608 0
029766 0
078131 0
273095 0
075640 0
266489 0
253710 0
238079 0
231070 0
259014 0
013741 0
277050 1
229301 0
031896 0
171050 0
078099 0
234408 0
020543 1
253919 0
095200 0
277024 0
238810 0
091702 0
251314 0
277014 0
253071 0
086640 0
244661 0
127596 2
118771 0
228266 0
244497 0
006631 0
050359 0
030729 0
191265 0
077974 0
078719 0
228220 1
129991 0
154707 0
235588 0
168246 0
193534 0
224205 0
087417 1
056208 0
019138 0
251439 0
043276 0
228292 0
271917 0
253133 0
239369 0
030165 0
048837 0
084616 0
271969 0
241658 0
095238 0
067741 1
282455 0
087238 1
289346 0
095912 0
100908 0
162940 0
265620 0
129431 0
087100 1
129995 0
160706 0
200619 0
181842 0
017513 0
234484 0
118927 0
081486 0
005806 0
082684 1
144586 0
109607 0
271328 0
258101 0
074487 1
065814 0
049128 0
279639 0
108962 0
144335 0
197034 0
219881 0
013347 0
205345 0
066548 0
242437 0
007849 0
206440 0
111567 0
014852 1
130033 0
164900 0
087479 0
124200 0
186262 0
011720 0
018356 0
084600 0
141147 0
242779 0
074488 1
059525 0
129981 0
107660 1
236755 0
236768 0
242786 0
238642 0
107661 1
095345 0
220079 0
241567 0
225295 0
227337 0
039023 0
241443 0
226294 0
147926 0
104868 0
171649 0
277510 0
226844 0
051519 0
204366 0
129421 0
237032 0
014668 0
045993 0
265349 0
036397 0
197955 0
126591 0
086790 0
253663 0
228413 0
240922 1
120768 0
211299 0
222898 0
082758 0
269832 0
213687 0
082212 1
129983 0
093611 0
225273 0
083096 1
166211 0
231712 0
236763 0
171806 0
082238 0
241683 0
032356 0
140950 0
254076 1
244831 1
253934 0
029032 0
028447 0
220813 0
216011 0
019840 0
069417 0
242294 0
278142 1
093452 0
254927 0
267693 0
065089 0
244799 1
110703 0
233356 0
251326 0
251655 0
234640 0
047532 0
145424 0
168042 0
008052 0
241763 0
232666 0
126093 0
234617 0
205079 0
191397 0
089738 0
066812 1
026724 0
232651 0
256269 0
107949 0
244667 0
090349 0
262053 0
234572 0
253933 0
168136 0
231329 0
053395 0
058076 0
034360 0
067126 0
283541 0
257279 1
239836 1
242344 0
259523 0
231930 0
042309 0
183551 0
066934 1
027450 0
051518 0
239936 1
270542 0
256222 0
256358 0
227206 0
210649 0
033018 0
051308 0
031456 0
140837 0
087736 0
259042 0
091336 0
008498 0
043160 0
266591 0
124837 0
238801 0
133362 0
232280 0
225219 0
195353 0
087777 0
255649 0
257339 2
009441 0
164294 0
262054 0
275158 0
137405 0
239549 0
228892 0
270092 0
015489 0
257366 1
256817 0
067109 1
250487 1
175156 0
220024 0
191393 0
250738 2
057023 0
008597 0
276214 0
236474 0
063811 0
258100 0
223876 0
067185 1
199998 0
108694 0
088707 0
066622 0
255788 0
102590 0
059474 0
016532 0
192405 1
067656 0
261164 0
059473 0
068506 0
140218 0
224996 0
054532 0
141782 0
111703 0
199863 0
075419 0
147350 0
253467 0
254619 0
127298 0
240673 0
210266 0
066823 0
071363 0
258097 0
032834 0
252109 0
231570 0
127292 0
169509 0
272753 0
081381 0
042386 2
005018 0
003416 0
147149 0
251318 0
239561 0
082233 0
224071 0
192280 0
008006 0
066987 0
