003980 1
003861 1
136491 1
136680 1
136661 1
135937 1
137259 1
136881 1
135900 1
135747 1
135752 1
135767 1
135759 1
135809 1
135818 1
135791 1
135867 1
003944 1
135858 1
135926 1
136675 1
135780 1
135827 1
136883 1
135855 1
003894 1
135732 1
135797 1
135738 1
135886 1
136614 1
135830 1
135761 1
135750 1
135916 1
135869 1
135763 1
135765 1
135787 1
135953 1
135942 1
135879 1
137023 1
135744 1
135906 1
005967 1
135771 1
135839 1
135935 1
135728 1
003896 1
135795 1
136873 1
135726 1
136801 1
135848 1
135783 1
135890 1
135932 1
135724 1
135754 1
135955 1
135957 1
060327 0
135742 1
003962 1
135776 1
135835 1
135785 1
135939 1
136778 1
136793 1
135837 1
003859 1
135914 1
003852 1
135734 1
003842 1
135799 1
136591 1
136381 1
135802 1
135793 1
135778 1
003976 1
135769 1
135911 1
135736 1
135824 1
135924 1
136541 1
136477 1
135774 1
135861 1
003849 1
135730 1
003959 1
136701 1
003846 1
135852 1
135757 1
136404 1
003893 1
136378 1
135873 1
136468 1
136423 1
136545 1
137197 1
136400 1
136685 1
135740 1
136425 1
136695 1
136503 1
136551 1
136629 1
136580 1
137051 1
136582 1
136664 1
136505 1
136396 1
136441 1
136547 1
136419 1
136409 1
136386 1
136493 1
136499 1
136501 1
136466 1
136430 1
136394 1
005891 1
136605 1
137153 1
136644 1
136507 1
136561 1
136595 1
136586 1
136383 1
006101 1
136391 1
136775 1
136388 1
136398 1
136576 1
003914 1
136474 1
136464 1
136593 1
136470 1
136450 1
136578 1
003935 1
136496 1
003860 1
136617 1
136414 1
137141 1
136435 1
136608 1
135951 1
136610 1
003966 1
003874 1
136691 1
136722 1
136351 1
136238 1
003884 1
005875 1
003882 1
003865 1
003880 1
004023 1
003870 1
004055 1
135875 1
137094 1
005931 2
003895 1
003868 1
003877 1
006059 1
005915 1
004063 1
005894 1
003851 1
003941 1
136157 1
003971 1
004015 1
003977 1
136836 0
004049 1
004047 1
136109 1
136121 1
136145 1
004001 1
003995 1
136167 1
136149 1
003899 1
003955 1
272460 0
003951 1
282720 0
216053 0
003994 1
136811 1
004045 1
043527 0
006008 1
136692 1
135826 1
008631 1
003878 1
135860 1
003850 1
135792 1
003853 1
006131 1
005948 1
135716 1
135938 1
003924 2
226201 0
135777 1
003979 1
138038 0
135508 1
135865 1
136674 1
003890 1
135673 1
132286 0
135790 1
135970 1
135495 1
136009 1
135969 1
096215 0
200876 0
135817 0
135950 1
135489 1
004057 1
135497 1
135878 1
136158 1
135479 1
138671 0
138092 1
138078 1
137258 1
245339 0
138170 1
005945 1
005979 1
136403 1
052721 0
135758 1
006014 1
211881 0
137924 1
135885 1
135874 1
135746 1
136399 0
026287 0
136585 1
138239 1
138014 1
135751 1
135866 0
138144 1
135756 1
136350 1
138216 1
135506 1
135733 1
226197 0
136161 1
025439 0
136476 0
138146 1
138330 1
138178 1
136613 1
014118 1
133748 0
003657 0
135766 0
135868 1
138224 1
135808 1
280647 0
138622 1
135504 1
138274 1
135493 1
219493 0
137928 0
136575 0
136774 1
135502 1
136212 1
137140 0
224917 0
136321 1
137744 1
136267 1
222102 0
136424 0
135753 1
137646 1
136673 1
138580 0
136660 1
005989 1
138150 1
138548 1
136640 1
138240 1
135731 0
135882 1
136395 0
003907 1
135760 1
138182 1
136592 1
137703 1
138123 1
136694 0
132245 0
135491 1
137925 1
136628 0
138119 1
137879 0
137687 0
135801 1
137612 1
136504 0
137930 0
136413 0
136490 1
025986 0
135488 1
135749 1
135851 1
136408 0
047705 0
138015 1
138509 1
137653 0
136672 1
148718 0
137698 0
136792 1
136607 0
137786 1
212375 0
138676 0
006712 0
135492 0
006100 0
005904 1
136590 0
137836 0
025895 0
003654 0
136639 1
005906 1
003879 1
135854 1
135723 1
066749 0
136315 1
135899 0
137869 0
037130 0
135768 1
136440 0
003900 1
003889 1
137050 0
137815 1
136393 0
058035 1
135478 1
279296 0
138120 1
135838 1
135823 1
135743 1
071222 0
138183 1
137961 1
138039 1
138180 1
003916 1
137881 0
003876 1
138033 1
137647 1
138148 1
137688 1
137816 1
203906 0
137765 1
137870 1
137819 0
227761 0
136609 0
004077 1
135913 1
137880 1
152669 0
138383 0
136471 1
138251 0
135729 0
135934 1
025276 0
154643 1
138275 1
138106 1
137005 1
138155 0
137882 1
252712 0
078687 0
138121 1
136465 0
136777 1
136387 1
180766 1
135794 0
135782 0
137656 0
003883 1
180763 0
048887 0
137762 1
137719 0
009886 0
135872 1
004094 1
250970 0
136080 0
183332 0
138156 1
137787 1
137663 1
037144 0
137704 1
003659 1
138181 1
138012 1
137720 1
138821 0
137662 0
138331 1
136690 1
003872 1
003656 0
135739 1
284045 0
137766 1
137854 1
138157 1
148567 0
137837 1
137964 1
137929 1
135936 0
207598 0
138825 1
136616 0
138229 1
137701 1
136506 0
135505 0
052861 0
136469 0
006246 0
136684 0
078680 0
136546 0
137664 0
270676 0
135727 1
138214 0
137617 1
137618 1
031163 0
077370 0
136700 1
138179 1
135952 1
137715 1
138108 1
135762 0
137985 1
135889 0
183223 0
134731 0
079030 0
136498 0
135741 1
004024 1
138888 0
100093 0
135494 1
137739 1
136502 0
138228 1
135672 0
245447 0
136550 0
137702 1
124190 0
135735 1
136540 1
138822 1
138145 1
137761 1
137613 1
135775 1
137675 1
136500 0
137986 1
213805 0
135798 0
003913 1
135931 1
135784 1
202227 0
136880 0
137665 1
135764 0
079880 0
138234 1
137888 1
137695 1
071940 0
136382 1
135773 1
137747 1
137980 1
137805 1
137654 1
138141 1
137840 1
137634 1
135836 0
135910 1
135925 0
135923 0
221561 0
137842 1
124144 0
136008 1
003888 1
138466 1
135148 0
136473 0
063188 0
138149 1
138465 1
136643 0
138346 1
137740 1
135881 1
138217 1
137749 1
137745 1
138827 1
137673 1
137959 1
137965 1
037960 0
138578 0
137742 1
137694 1
137827 0
137874 1
137848 1
138164 1
138165 1
135496 0
138202 1
006247 1
138109 1
137820 1
137847 1
138147 1
135779 1
138113 1
138196 1
136385 0
138384 1
137705 1
003952 0
135501 0
288957 0
137748 0
135864 0
137633 0
138142 1
135829 0
138171 1
137828 1
027772 0
137674 1
137706 1
223391 0
138225 1
136449 0
070578 0
138111 1
138124 1
277763 0
135715 0
137857 1
003969 1
136544 0
209047 0
137657 1
135507 0
137631 1
138107 1
137741 1
138623 1
137878 1
137962 1
006127 2
137876 1
137699 1
135737 0
138271 1
137858 1
200954 0
138184 1
138265 0
207347 0
138215 1
181781 0
137775 1
136231 1
137671 1
138223 1
138131 1
136390 0
137670 1
136594 1
135770 0
137935 1
138133 1
137933 1
135490 1
271238 0
136663 0
135786 0
138135 1
137697 1
242983 0
137648 1
137990 1
137658 1
143511 0
138129 1
137716 1
137894 1
137806 1
136422 0
138132 1
138273 1
137649 1
138345 0
137681 1
003866 1
136882 0
138151 1
135796 0
138112 0
138828 1
136196 0
013432 0
137737 1
138127 1
138302 1
137843 1
135503 0
140932 1
137875 0
136418 0
137659 1
138222 0
136577 0
037348 0
138185 1
137877 0
138280 1
138122 1
138128 1
138826 1
138677 1
138203 1
137814 1
136579 0
137022 0
205499 0
136581 0
137844 1
027813 0
204653 0
137884 1
137931 1
137932 0
137735 1
166306 0
238872 0
138134 1
138235 1
137889 1
138579 1
138232 1
138581 1
136200 1
137711 1
188435 0
136604 0
135905 0
138199 1
021103 0
138233 1
136467 0
087594 0
138621 1
210345 0
138936 1
137989 1
137696 0
137644 1
016334 0
138118 1
138102 1
136492 0
138136 1
137726 1
216663 0
137682 1
138195 0
138500 1
137677 1
137839 1
138130 1
116062 0
006416 1
137943 1
137685 1
204681 0
137904 1
138388 1
006411 0
138189 1
138221 1
138161 1
138169 1
137784 1
137712 1
135857 0
182992 0
137824 1
137666 1
137679 1
138205 1
138219 1
138523 1
138464 1
138027 1
137789 1
137637 1
138720 1
137667 1
138672 1
137785 1
137788 1
138174 1
138177 1
253258 0
207267 0
138303 1
138163 1
138173 1
138168 1
138210 1
138266 1
137727 1
138245 1
084852 0
138648 1
137845 1
245318 0
138255 1
138318 1
138213 1
137777 1
140084 1
138070 1
137846 1
138800 1
006314 1
138153 1
138258 1
137661 1
137958 0
137152 0
137826 1
138279 0
136495 0
029619 0
137645 1
137693 1
137934 0
138470 1
136463 0
134748 0
137852 1
005852 1
138256 1
140086 1
145896 0
247963 0
242938 0
138380 1
136483 0
138246 1
137850 1
126828 0
036307 0
135915 0
138207 1
138011 1
137642 1
137864 1
138220 1
137731 1
037961 0
138099 1
036374 0
137729 1
137900 1
137691 1
138029 1
138278 1
138361 1
037946 0
138138 1
217303 0
217176 0
138260 1
138379 1
138356 1
138035 1
087216 0
138647 1
138201 1
137669 1
138264 1
138175 1
135941 0
136105 1
103751 0
014343 0
138262 1
025290 0
138159 1
137736 0
138295 1
181840 0
138353 1
135725 0
137599 1
137600 1
136380 0
137602 1
254927 0
138200 1
249581 0
025978 0
003885 1
090380 0
180646 0
136800 0
137019 1
138912 0
137660 0
137841 1
138750 0
136201 1
049322 0
227576 0
218023 0
178817 0
092696 0
207555 0
030272 0
138069 0
003754 0
137053 1
094656 0
162643 0
140083 0
136198 1
003843 0
138117 0
138101 0
027085 0
140931 0
055397 0
252678 0
003891 1
137692 0
167364 0
003975 1
144386 0
096225 0
003645 0
138277 1
114210 0
050964 0
013627 0
138034 1
138499 0
135956 1
136434 0
075708 0
137054 1
138294 1
137375 0
012942 0
008436 1
137849 1
138028 0
138204 0
003307 0
027808 0
066802 0
275293 0
284064 0
144497 0
138188 0
135847 0
151848 0
245404 0
050982 0
137630 0
138463 0
117219 0
136429 0
136560 0
138352 1
037372 0
137063 1
137873 0
288968 0
138110 0
135954 0
136397 0
023597 0
138098 0
135834 0
143980 0
003719 0
173060 0
138761 0
137684 1
222886 0
137734 0
137641 0
137668 0
011108 0
025602 0
187227 0
274346 0
004037 0
137730 0
117191 0
112186 0
032603 0
005990 0
027800 0
004040 0
138227 0
249499 0
082093 0
137851 0
138727 1
138935 0
036320 0
157451 0
225945 0
138160 1
137883 0
136232 0
274283 0
013601 0
138719 0
080112 1
138218 0
137728 0
137813 0
138198 0
222888 0
274275 0
155612 0
228495 0
180468 0
266473 0
264137 0
137690 0
003596 0
002441 0
247423 0
270458 0
274284 0
241778 0
137746 0
138158 0
036507 0
275557 0
011081 1
137733 1
138162 0
137676 0
245139 0
006321 0
137678 1
136203 1
005848 1
274417 0
137345 0
138176 0
080119 1
156875 0
210836 0
137776 0
075034 0
144515 0
003175 0
051167 0
138272 0
165759 0
138620 0
144400 0
276747 1
087551 0
066524 0
138270 0
173852 0
136389 0
126986 0
233795 0
082099 0
205689 0
242944 0
137636 0
138152 0
138360 0
136129 1
038021 0
138209 0
137774 0
216738 0
006415 0
138469 0
220300 0
138522 0
199467 0
271523 0
138137 0
115099 0
137979 0
003014 0
136131 1
274665 0
271533 0
166442 0
150568 0
138317 0
200218 0
145780 0
190471 0
127973 0
137903 0
274354 0
247885 0
023158 1
079936 0
274515 0
215101 0
134854 0
207513 0
153112 0
237775 0
019114 0
115426 0
071958 0
114949 0
134809 0
005865 0
027775 0
059290 0
274057 0
077374 0
214915 0
135959 0
010747 0
186710 0
158645 0
226358 0
000997 0
116154 0
247081 0
142318 0
141211 1
027887 0
003939 0
136303 0
027819 0
016085 0
245459 0
202788 0
138167 0
117560 0
272976 0
135720 0
051232 0
135903 0
127130 0
018121 0
274119 0
000336 0
065779 0
043016 0
239378 0
023162 0
183267 0
255187 0
288191 0
206958 0
202230 0
162784 0
141040 1
005889 1
250601 0
140085 0
166445 0
133497 0
175503 0
054309 0
023246 0
261938 0
079933 0
017805 0
137823 0
046923 0
206278 0
274345 0
274240 0
008463 1
059913 0
268168 0
137822 1
004551 0
274957 0
267617 0
141370 1
213903 0
048449 0
121141 0
137942 0
116279 0
136139 0
115208 0
188876 0
160565 0
274577 0
003658 0
116495 0
274338 0
137853 0
138387 0
222510 0
124260 0
136355 1
025591 0
086354 0
137863 0
033009 0
086259 0
006606 0
138032 0
000621 0
223093 0
026362 0
005937 0
117180 0
138448 1
235612 0
014496 0
219642 0
016026 0
087881 0
018900 0
049821 0
251123 0
209292 0
135708 0
136618 0
190468 0
168017 0
200780 0
138745 0
246753 0
129029 0
221559 0
136259 0
137893 0
141367 1
081822 0
056227 0
138212 0
117226 0
138263 0
149018 0
138373 1
137825 0
038039 0
047384 0
136482 0
023203 0
250971 0
214606 0
084839 0
030277 0
275325 0
079911 0
050408 0
148895 0
151849 0
043163 0
000795 0
027733 0
222336 0
027789 0
260619 0
208104 0
203248 0
003196 0
141374 1
139073 0
138206 0
159295 0
100924 0
137899 0
231054 0
119101 0
269769 0
116322 0
216123 0
225991 0
048232 0
287406 0
003767 0
015996 0
221494 0
141386 1
274239 0
012964 0
250145 0
078623 0
132041 0
134874 0
249597 0
206084 0
013672 0
199229 0
129803 0
050791 0
276746 0
274027 0
138172 0
217444 0
225620 0
158301 0
101599 0
204945 0
284970 0
126455 0
206554 0
087227 0
078864 0
274444 0
159146 0
153106 0
274131 0
066006 0
116316 0
138355 0
086255 0
284951 0
209792 0
027947 0
143494 0
212126 0
039111 0
048149 0
144065 0
084057 0
080368 0
138026 0
057531 0
238882 0
030870 0
139851 1
185733 0
163785 0
134903 0
075352 0
249644 0
049180 0
138261 0
239837 0
249209 0
027821 0
068178 0
006576 0
275697 0
275487 0
027861 0
074875 0
131896 0
003662 0
034118 0
133479 0
216875 0
012415 0
147149 0
069233 0
136420 1
084246 0
266164 0
183899 0
196417 0
236398 0
012896 0
138259 0
109272 0
137264 0
139835 1
064929 0
191711 0
095199 0
027822 0
141640 0
054374 0
071999 0
162832 0
186644 0
071912 0
232933 0
162748 0
139785 1
030283 0
273315 0
139832 1
165926 0
208176 0
130715 0
127542 0
045816 0
134723 0
015734 1
229918 0
003309 0
027777 0
006325 0
274068 0
237244 0
089928 0
012972 0
257983 0
000009 0
186808 0
163392 0
248184 0
275499 0
026367 0
140780 0
135896 0
125677 0
138257 0
102406 0
053523 0
077354 0
021849 0
059954 0
141597 0
038728 0
284955 0
054553 0
006356 0
198160 0
215063 0
023220 0
178495 0
274039 0
104395 0
213928 0
267131 0
139492 0
144606 0
114953 0
165762 0
049376 0
276017 0
229950 0
144190 0
157910 0
241039 0
152155 0
274114 0
003530 0
139784 0
143587 0
207558 0
027734 0
027654 0
139809 0
053453 0
165904 0
204320 0
084314 0
168363 0
000427 0
050771 0
275831 0
010649 0
071496 0
108568 0
054427 0
165911 0
004044 1
220961 0
028709 0
217956 0
236514 0
275540 0
135424 0
195142 0
138939 0
236755 0
139783 0
274176 0
135819 0
220838 0
006598 0
023477 0
013845 0
004053 1
120736 0
012753 0
159076 0
251716 0
087525 0
023163 0
211907 0
023470 0
011211 0
158972 0
253109 0
162848 0
013843 0
283805 0
172698 0
272819 0
119511 0
269633 0
043609 0
112749 0
175825 0
