044384 1
044349 1
044314 2
044601 1
044602 2
044616 1
209902 1
045920 1
045916 2
040949 2
040982 1
044821 1
044698 2
035123 1
035773 1
041639 2
046466 2
046546 1
036104 1
036111 2
035759 1
045324 1
045318 2
041632 2
044368 1
035766 1
035748 2
035797 1
035786 2
035757 1
035785 1
035903 2
035981 1
044157 2
035900 1
035755 1
035788 1
035872 2
035906 2
035760 1
035902 2
035756 1
035806 1
037794 2
035824 2
037793 1
040929 1
035849 1
035765 1
040928 2
035908 2
035861 2
036308 1
051755 1
040755 1
036034 1
035758 1
040898 1
045973 1
044732 2
044737 1
035832 2
035838 1
035843 1
035792 1
035873 2
036135 1
035817 2
036275 1
035783 1
036340 1
045965 1
044731 1
035787 1
045511 1
037314 2
035867 2
035842 1
037242 1
036141 1
045435 2
046519 1
046514 2
044899 1
036136 1
036142 1
044442 2
041577 2
044408 2
035918 1
041594 1
035919 1
036140 2
044332 1
045468 1
046014 2
044525 1
044524 1
045358 1
045708 1
053100 0
046049 1
045896 1
036131 2
045356 2
045014 1
044989 2
044638 2
035922 2
044738 2
044689 1
044633 2
044746 1
044642 2
035937 1
044933 1
044643 2
218004 1
035675 2
035674 1
044634 2
035676 2
044632 1
035699 2
040822 2
040936 1
044939 1
044936 1
044780 2
035888 2
035925 1
035926 2
044756 2
088107 1
044680 1
044745 1
044739 2
046355 1
044775 2
040792 1
035935 2
044759 2
044762 1
044748 1
044740 1
044733 2
044891 1
044882 2
044835 1
046117 2
045891 1
044327 1
045889 2
040915 1
044001 2
046594 2
040752 1
045862 1
044593 1
045854 1
019662 0
035948 1
044591 2
045845 2
039568 2
044474 1
031279 0
040901 1
039995 2
044578 2
044678 1
044585 1
035904 2
040900 1
041014 2
044253 1
035978 2
036242 1
040751 2
040902 2
040903 2
036702 2
044445 2
046489 2
044511 1
036098 1
046476 1
044558 1
044264 1
035956 1
035933 2
035934 1
040892 1
045982 2
046493 2
046459 1
045489 2
035863 2
044549 1
045998 1
046409 2
035846 1
044692 1
046411 2
044582 1
045231 2
045117 2
040937 1
209417 1
045857 1
044503 1
046293 2
041119 2
041480 1
041536 2
045623 2
045698 2
045624 1
045692 1
044268 2
045727 2
035929 2
040975 2
044254 2
042260 2
046047 1
036738 2
035859 2
045954 1
045488 2
042840 2
045425 2
041306 1
044351 2
045536 1
045758 2
035885 1
041394 1
042358 2
045689 2
045955 1
044239 1
041388 1
035879 2
035831 2
046288 1
045241 2
045619 2
010455 0
044743 1
049889 1
044391 2
049892 2
035777 1
044315 2
079723 0
045319 1
035927 1
045296 1
050685 2
045177 2
041626 1
045928 1
091222 0
036160 2
070619 0
045307 2
035752 2
045024 2
044742 1
035860 2
045983 2
103792 0
044366 2
045999 1
045757 1
045234 1
044495 2
044509 2
046375 1
035851 1
036964 0
044098 2
044563 1
044520 1
044564 1
039102 0
044402 2
066046 0
043765 1
082315 0
035649 1
035853 1
044323 1
050961 1
036000 1
040962 1
045526 2
045178 1
044570 1
036186 2
048739 0
036085 2
044906 1
044572 1
044307 1
205162 1
046462 2
069480 0
082320 0
205166 1
091114 0
036907 1
110430 0
061810 0
044468 2
037146 2
046328 0
045593 2
044203 1
034046 0
037685 2
037675 1
257580 0
204448 0
036123 1
283074 0
035912 2
066382 0
044685 1
215119 1
284632 0
205151 1
051325 2
045021 2
284719 0
044537 1
044291 1
042182 0
043895 1
044547 2
092991 0
048614 2
029185 0
092943 0
209420 0
035384 1
036372 2
214288 1
040905 1
067345 0
036013 1
091654 0
025233 0
035791 1
046502 2
049611 0
035714 2
035951 1
044220 1
035923 2
044064 1
092914 0
021527 0
021557 0
051330 0
266252 0
035304 1
035286 1
041633 0
096928 0
044606 1
128533 0
035878 2
040816 2
050788 0
044736 1
090705 0
036990 2
035776 1
035790 1
044473 2
045532 2
055703 0
059086 1
044160 2
039181 0
040932 1
044617 1
035283 1
044579 2
035488 0
046491 2
044735 1
272441 0
054433 0
044599 1
209846 1
041026 1
079727 0
044687 1
046379 2
044498 1
044690 1
214463 1
080130 0
035744 1
036978 1
036765 2
045513 2
035796 2
102653 0
045222 0
044747 1
097624 0
053123 0
045497 2
082648 0
043876 1
044162 2
083739 0
208553 0
051148 2
128545 0
045533 1
209895 0
043995 2
035921 1
035598 0
035313 0
153427 0
045443 2
046196 1
036748 1
045801 1
044716 1
037065 1
282650 0
127268 0
035420 0
087372 0
035430 0
044789 1
036652 1
035284 1
254258 0
004271 0
062794 0
036358 0
034661 1
022325 0
045582 1
036663 1
059415 1
044002 2
046198 1
228938 0
140935 0
049306 1
019699 0
040817 0
204479 1
055627 0
040793 2
051328 0
046509 1
044721 1
135368 0
049821 0
051517 1
051505 1
051496 0
050684 2
035287 1
036683 1
205164 1
044777 1
035305 1
036965 0
046461 2
044561 1
043977 1
044577 2
045248 1
044691 1
039182 0
021650 0
039121 2
044552 1
051064 2
044581 2
044273 1
138040 0
035314 1
205765 1
021652 0
044703 2
035841 1
035385 1
044278 1
038839 1
046361 1
049302 1
065003 0
037924 2
090865 0
044587 1
037902 2
258468 1
035421 0
035285 0
264818 1
037241 0
021583 0
044614 1
044715 2
040590 0
064150 0
044876 0
029003 0
218332 1
044730 1
044720 1
036737 0
037880 1
044568 2
205156 1
086182 0
101760 0
044717 1
044636 2
039080 0
214961 1
051409 0
113801 0
034643 0
051066 1
044688 1
037213 1
048070 0
021298 0
035711 2
035708 1
045501 1
029006 0
044360 0
002271 0
044992 2
044626 1
283063 0
205767 1
205282 1
045268 2
066553 0
044007 2
041739 0
208357 1
039183 0
139513 0
116189 0
046276 1
044032 2
030527 0
043538 0
133501 0
044559 1
046102 2
037192 0
009042 0
037639 0
207646 1
044855 0
051970 0
207898 0
035288 0
045367 1
235399 0
264847 1
044118 1
258524 1
043716 0
036686 0
075281 0
040667 0
036668 0
063003 0
212029 1
044589 1
036757 0
044419 1
060659 0
039944 0
096884 0
045005 1
044389 1
016144 0
032976 0
195312 0
217289 1
044163 2
172255 0
046153 1
165198 0
022278 0
258450 0
044781 2
062993 0
030715 0
012755 0
269698 0
109526 0
247085 0
045351 2
258485 0
005746 0
028556 0
044584 1
035303 0
042553 0
044592 1
205173 1
216513 0
035306 0
044149 0
044755 2
114393 0
051539 0
044379 0
051501 0
066546 0
044536 1
087356 0
028923 0
044039 1
035315 0
264831 1
044310 1
044767 1
035778 1
125243 0
065947 0
213276 1
054578 1
198680 0
044879 0
091214 0
035386 0
064409 0
052388 0
035422 0
044353 1
261997 0
030589 0
043932 1
046273 0
203732 0
068659 0
046397 0
044280 2
042180 0
276816 0
204137 1
209446 1
042588 0
021461 0
040039 2
118408 0
040819 2
035866 2
023285 0
138041 0
041712 0
040613 0
231532 0
040916 1
099315 0
116080 0
051516 1
023008 0
284630 0
126803 0
044405 1
040395 0
134995 0
256198 0
044603 2
044631 1
044357 1
037634 1
036561 1
038741 0
264813 0
078274 0
043011 0
046408 0
035735 1
081968 0
153435 0
020010 0
021747 0
023130 0
200667 0
116163 0
043900 1
057623 0
044875 0
082115 0
062819 1
078021 0
092603 0
050238 0
051042 1
064116 0
043560 0
040783 2
277036 0
029059 0
127539 0
099111 0
029201 0
108354 0
120360 0
044649 1
019676 0
035556 0
183033 0
035431 0
031282 0
051339 1
218748 0
036558 1
032960 0
120355 0
044434 1
027252 0
035920 1
062813 1
069183 0
087388 0
015820 0
044613 1
044197 2
044571 1
114281 0
211309 0
036375 2
081180 1
044705 2
205169 0
036906 1
040934 1
191627 0
026008 0
208521 0
213917 0
021726 0
045487 1
055563 0
056738 0
064997 0
207060 1
044430 1
044387 1
045473 2
043740 0
164077 0
043173 0
116817 0
035839 1
216389 1
048213 0
023345 0
037313 0
036982 0
217026 0
025763 0
037445 1
190427 0
058128 0
035623 0
051514 1
002192 0
042186 0
207124 0
208210 0
044195 2
046570 1
008998 0
044851 2
264833 0
090692 0
048134 1
064928 0
015480 0
091132 0
027004 0
044838 1
217238 0
040245 0
119367 0
037779 1
051338 1
034974 0
195999 0
037389 0
098512 0
055453 0
067803 0
019358 0
044600 1
048904 1
042583 0
015594 0
050892 1
045163 1
044931 0
043856 0
213812 0
042070 0
040907 1
044677 1
163893 1
034949 1
044801 1
044605 1
043007 0
057354 0
215504 0
260926 0
046337 1
154620 0
117725 0
183603 0
275859 0
203518 0
263740 0
094323 0
086833 0
044501 1
200835 0
111224 0
216792 0
037688 0
036267 1
205572 0
258621 0
084716 0
164412 0
019681 0
035244 1
216645 0
076020 0
238687 0
195106 0
040914 1
201226 1
268807 0
057276 0
080201 0
040791 2
020562 0
131193 0
043922 1
207658 1
064483 0
036263 1
044693 1
036268 1
136710 0
044256 2
045927 0
117903 0
044375 1
035312 0
251203 0
200363 0
215467 1
036490 1
223263 0
262077 0
036599 0
045357 1
054426 0
214705 1
035819 0
040247 0
111249 0
086859 0
079001 0
284724 0
016532 0
041352 1
044223 1
044129 1
205296 1
212460 1
026993 0
044374 1
217907 1
044644 2
034951 0
016085 0
119355 0
044145 1
040635 0
044880 0
225991 0
142963 0
008574 0
051333 1
236737 0
022993 0
069268 0
051036 0
156375 0
041937 0
109397 1
216726 0
080617 0
209936 0
102356 0
217651 0
012019 0
207006 1
023347 0
115657 0
053538 0
033364 0
009999 0
043908 2
057577 0
033988 0
096851 0
211935 0
044069 0
124321 0
222085 0
051098 0
047997 0
023213 0
037231 1
092467 0
033303 0
056003 0
029646 0
035938 0
116196 0
037884 0
007950 0
051627 0
044048 1
107999 0
033857 0
107994 0
050766 1
046804 0
053773 0
225603 0
012444 0
203822 1
036543 0
217690 0
053982 0
044082 0
207079 0
242413 0
036325 2
044544 0
042183 0
035599 0
037306 2
046043 0
206003 0
091140 0
042426 0
110530 1
033759 0
038463 0
108249 0
231484 0
018583 0
036755 0
026652 0
045934 0
020785 0
054329 0
206535 1
205782 0
048451 1
044272 1
019129 0
123848 0
009538 0
059735 0
038397 0
049337 0
045038 0
229172 0
044152 1
040886 0
113250 1
070312 0
096972 0
093658 0
112155 0
266256 0
002064 0
163872 1
040455 0
207740 0
164572 0
163971 0
108346 0
050886 1
207759 0
281095 0
113645 0
022414 0
070303 0
209880 0
119369 0
085632 0
008800 0
239573 0
040821 1
163420 0
145961 0
110561 1
044008 2
087364 0
196665 0
215268 1
051482 1
155692 0
131314 0
210644 0
254201 0
160274 0
048419 1
031471 0
044265 0
036071 1
039184 0
287832 0
017486 0
036891 0
235174 0
108278 0
118259 0
267674 0
005060 0
029005 0
128502 0
061726 0
023158 0
277772 0
036742 0
205560 1
093129 0
042562 0
037033 1
136732 0
037447 1
019692 0
216519 0
036448 0
036540 0
040935 1
033026 0
205138 0
089591 0
048832 1
050681 0
119459 0
217387 1
048550 0
045499 0
203894 1
205191 0
218949 1
201714 0
155690 0
207230 0
110569 1
115109 0
043982 1
044679 1
059382 0
218597 0
032683 0
046414 1
239699 0
045772 0
086235 0
034169 0
128081 0
044955 1
276635 0
028570 0
061639 0
055704 0
032591 0
052689 0
046418 1
134910 0
041272 0
217438 0
044586 1
163071 0
042783 0
056463 0
046968 0
051742 1
221978 0
214958 1
064848 0
044741 1
049256 1
217279 0
205303 0
037052 1
214352 1
039959 0
203565 0
087538 0
273662 0
028338 0
214960 1
086470 0
238415 0
035557 0
096919 0
237106 0
284748 0
045197 0
066975 0
035870 2
218901 0
017760 0
059294 0
217913 0
050608 0
088254 0
038510 0
039138 0
042546 1
261825 0
113997 0
029129 0
217339 0
081777 0
116549 0
213628 1
051468 0
214800 0
045846 0
207126 0
035554 0
042568 0
110417 0
002719 0
044871 0
182204 0
037528 2
038030 0
085466 0
044714 0
023294 0
045101 0
042163 0
016675 0
210789 0
049278 0
097062 0
064275 0
069109 0
044681 1
036749 0
227964 0
183737 0
025410 0
048640 0
029062 0
113859 0
043600 0
040754 1
280800 0
008534 0
051571 0
042021 0
032244 0
003860 0
020151 0
224683 0
055475 0
014749 0
118385 0
219660 0
050257 0
044065 2
044770 1
039423 2
139168 0
036276 0
065809 0
010868 0
258148 0
164081 0
043939 0
020077 0
116616 0
001063 0
056046 0
088867 0
044902 0
127095 0
191522 0
142988 0
051605 1
033780 0
207277 0
080017 0
187787 0
044862 0
037031 0
277112 0
039413 1
214925 0
044085 0
114060 0
040585 0
216317 0
131572 0
095899 0
044506 1
020793 0
019334 0
058609 0
102282 0
051744 1
210290 1
044518 1
125764 0
051621 0
125398 0
066743 0
044863 0
216638 0
037742 0
210344 1
008406 0
032718 0
215419 0
021847 0
209847 1
078664 0
070788 0
212647 0
098657 0
091255 0
208240 1
210309 0
012599 0
029257 0
148724 1
022575 0
019885 0
051519 1
075321 0
035195 0
037450 0
045703 1
040034 0
219480 1
215570 1
030218 0
209365 1
023656 0
250558 0
180651 0
128651 0
044086 0
044270 1
054476 0
011085 0
044066 0
130034 0
215430 0
040536 0
052058 0
029563 0
214783 0
058482 0
090859 0
234916 0
023162 0
209788 1
096341 0
217584 0
111908 0
103485 0
214977 0
034579 0
217389 1
033689 0
030673 0
022548 0
091656 0
245315 0
036962 0
048849 0
098150 0
110963 0
029452 0
215281 0
283083 0
045754 0
044734 2
045399 0
044540 0
036318 1
211079 0
286304 1
044266 0
040114 0
116778 0
140822 0
038580 0
066839 0
023423 0
054553 0
117918 0
056227 0
212307 0
189717 0
210560 1
208153 0
019975 0
212353 0
204253 0
048881 0
027024 0
058140 0
071918 0
043787 0
183738 0
262524 0
214194 0
062629 0
035805 1
052711 0
029780 0
205291 0
044648 1
212661 1
221736 0
283914 0
082949 0
039542 0
207014 0
061140 0
109321 0
044595 1
044087 0
103961 0
061841 0
036048 1
221778 0
116860 0
036960 0
288923 0
201080 0
063848 0
011142 0
022900 0
209430 1
210107 1
089085 0
251010 0
290080 0
118184 0
024921 0
108974 0
244892 0
282795 0
086334 0
028764 0
216966 0
136697 0
200386 0
205461 1
035555 0
083786 0
167675 0
156684 0
044248 0
057380 0
040112 0
186501 0
069194 0
268233 0
270394 0
267825 0
037817 0
089582 0
118193 0
116615 0
019342 0
032572 0
082196 0
024144 0
045306 0
025295 0
052652 0
036759 0
217388 0
042563 0
071659 0
045838 0
000588 0
029645 0
035725 0
057734 0
139732 0
024618 0
216323 0
114841 0
232602 0
035517 0
108721 0
035572 0
128782 0
213946 0
041904 0
017370 0
210750 0
051554 2
050679 0
216036 0
022305 0
236395 0
004940 0
206973 0
033905 0
116077 0
050891 1
228795 0
208412 0
206977 0
262024 0
046028 0
093879 0
261823 0
218601 0
123346 0
020841 0
038750 0
081254 0
133200 0
033910 0
010140 0
202559 0
137545 0
127261 0
025008 0
038226 0
035833 2
090436 0
077206 0
216691 0
044358 1
088248 0
058592 0
204638 0
135069 0
043948 0
203942 0
037715 0
013018 0
023681 0
105091 0
022702 0
057313 0
068729 0
043105 0
067512 0
044719 0
174925 0
063317 0
132386 0
114912 0
019979 0
082246 0
201313 0
096345 0
085203 0
037106 1
044004 1
284751 0
210762 0
126804 0
023244 0
044003 2
117009 0
010115 0
023273 0
050726 0
051960 0
062884 0
218123 0
035989 0
114069 0
266250 0
180122 0
057681 0
033334 0
042190 0
281966 0
198448 0
044316 0
201389 0
048544 0
217334 1
084748 0
205472 0
199498 0
169164 0
029922 0
203698 0
025394 0
185508 0
065194 0
125443 0
262753 0
050564 0
053641 0
045483 0
218282 0
065329 0
022049 0
257807 0
128287 0
042205 0
038213 0
216276 1
051381 0
042067 0
112047 0
029226 0
019864 0
217902 1
031157 0
017307 0
053301 0
280854 0
229651 0
035789 0
044262 1
037718 0
008167 0
061570 0
265380 0
110434 0
197737 0
127249 0
213889 0
112268 0
151281 0
214327 0
075997 0
216491 0
045080 0
204592 1
203733 0
039285 0
023017 0
025474 0
037695 0
204910 0
203831 0
008256 0
201129 0
035916 1
063354 0
065434 0
218408 1
001028 0
269077 0
025278 0
044726 1
024617 0
201979 0
234322 0
258737 0
050962 0
112976 0
051349 0
107986 0
033823 0
059653 0
016334 0
029049 0
227619 0
251241 0
095142 0
124951 0
029791 0
016205 0
198706 0
017831 0
212013 0
008460 0
042527 0
218016 1
218217 1
039042 0
033184 0
024568 0
227717 0
102441 0
006790 0
025673 0
113638 0
045816 0
002891 0
007511 0
021102 0
167223 0
211210 0
032991 0
215901 0
082840 0
151503 0
275922 0
044727 0
042028 0
051664 1
029277 0
217001 0
161996 0
000567 0
276180 0
162643 0
015294 0
212303 0
259922 0
117184 0
029978 0
096344 0
039509 0
002967 0
033236 0
205310 0
003228 0
039355 0
042319 0
044803 0
022645 0
209852 0
231017 0
078328 0
211497 0
045096 0
049226 0
156397 0
237526 0
164090 0
051182 0
125441 0
263369 0
211193 0
095703 0
200081 0
134431 0
187624 0
050884 0
215539 0
028116 0
251177 0
108253 0
047782 0
266251 0
008882 0
126651 0
061190 0
038337 0
045223 0
212945 0
079053 0
203754 0
019884 0
052122 0
038829 0
212092 0
129651 0
183148 0
021297 0
027847 0
002997 0
209930 0
020279 0
206456 0
024126 0
000721 0
268164 0
205375 0
208572 1
131435 0
218177 1
033840 0
045562 0
004331 0
218419 0
051024 0
266917 0
059213 0
051040 0
204661 0
092690 0
045194 0
044500 0
214137 0
214562 0
232546 0
058072 0
004213 0
110775 0
042565 0
046990 0
037805 0
047227 0
118452 0
028750 0
235419 0
050321 0
280647 0
