111669 2
111692 2
111697 2
111696 2
117387 1
117325 2
117275 2
115900 2
130288 2
130252 2
007624 2
108360 2
117625 2
117582 2
117503 2
116998 2
117338 2
116831 2
124249 2
124256 2
005338 2
119843 2
119791 1
009484 1
121949 1
121936 1
124523 2
004902 1
124525 2
142803 0
143280 0
113318 0
238415 0
136026 0
061140 0
226011 0
165006 2
165010 1
165009 1
165030 2
118323 0
273746 1
273748 2
276062 0
056809 0
139303 0
142790 0
149446 0
116811 0
005258 0
139696 0
149441 0
078717 0
216956 0
066037 0
266533 0
238401 0
226006 0
265809 0
276066 0
125735 0
149284 0
108210 0
143340 0
143505 0
086749 0
186119 0
061133 0
191365 0
227829 0
101004 0
264466 0
211460 0
134552 0
231207 0
116806 0
252476 0
012091 0
040985 0
