187227 1
193625 1
193636 1
193621 0
193637 1
193638 1
193746 2
078716 0
183372 2
144269 2
011048 2
184311 2
178322 0
184304 2
176986 2
176990 2
176984 2
176981 2
176971 2
176972 2
176980 2
130899 2
130885 2
130846 2
256381 2
249427 1
152720 2
173419 0
218213 2
218222 1
176780 2
171128 2
192796 2
152851 1
191253 2
152824 1
152833 1
176686 2
177196 2
176636 2
176649 2
021587 2
157787 0
107719 2
173852 1
220212 1
066802 2
066524 2
080444 1
177013 2
177070 2
160046 2
081232 2
123391 2
160074 2
175367 1
007938 2
121351 2
169687 2
169674 2
169673 1
155187 0
279180 2
178513 1
011899 2
177912 1
289368 2
082974 2
121978 0
089470 2
267917 0
222522 0
130847 2
130886 2
130900 2
067093 2
067099 0
201558 0
191910 0
030649 0
007401 0
199294 1
199330 2
199391 2
177449 2
182578 0
152990 0
151379 2
039138 1
075042 0
187344 0
151304 2
016859 0
155338 2
071706 1
146210 0
104879 1
169978 0
202942 0
151291 2
016824 0
127090 0
242648 0
267709 0
160565 0
173343 2
210842 2
210827 2
030620 0
210816 2
153638 0
114210 0
102079 1
102113 1
102027 0
102155 1
099971 0
102115 1
099977 0
025268 0
148562 0
144453 0
102074 0
004328 0
007261 0
141194 0
152261 0
152225 0
202815 0
224670 0
199430 0
267911 0
009518 0
222529 0
255080 1
011314 1
255056 2
255021 0
254963 0
264401 0
175614 0
221504 0
242782 0
157837 1
221523 0
193397 0
157820 0
178331 0
286243 0
087216 0
011384 2
006838 0
129537 0
161091 0
128572 0
184897 0
226869 0
169979 0
243930 0
154508 0
173426 0
148993 0
114068 0
159766 0
171828 0
201860 1
231048 0
019973 2
118773 0
288077 0
149620 0
123967 2
060448 0
150568 0
182485 0
156724 0
107878 0
121979 0
146052 0
224488 0
228395 0
178101 0
120808 0
133623 0
179268 1
039944 0
013292 0
030613 0
140175 0
230067 0
167607 0
173496 0
011331 0
077354 0
215246 0
099605 2
230114 0
224435 0
124768 0
178458 0
290014 0
124314 0
177160 0
120293 0
152713 0
194441 0
162032 0
052192 0
231942 0
000882 2
199396 0
198380 0
220056 0
143910 1
143755 1
143214 0
157073 0
002444 2
178464 0
221525 0
151450 0
194570 0
075809 2
076133 0
176827 0
199800 0
153248 0
039959 0
157342 0
015637 0
232780 0
115665 0
120333 1
064905 0
000010 0
167590 0
126948 0
288636 0
184951 0
189913 0
088183 0
087185 0
152740 0
014483 0
173808 0
132240 0
178332 0
077779 0
174992 0
124770 0
169987 0
033495 0
138805 0
286246 0
218789 0
018603 0
190192 0
225367 0
179479 2
179472 2
229985 0
195179 0
128706 0
125177 0
139588 0
151233 0
