015550 2
256745 2
229282 2
237717 1
261321 1
261323 1
261316 1
279149 2
261985 2
279138 2
265002 1
265000 1
237720 1
136599 2
136280 2
181705 1
181708 1
181750 1
181748 1
181844 1
145670 1
211729 1
211747 1
141250 2
141247 2
141246 2
141136 2
141135 2
147481 1
142319 1
136730 2
189986 2
184504 2
189857 1
163047 1
224835 1
165852 1
279102 2
279100 1
151509 2
151525 1
151484 1
135806 1
135692 1
135686 2
003780 2
149124 1
115260 2
177035 0
180000 1
133573 1
157225 1
225696 1
225698 1
225702 1
115251 2
182204 2
077162 2
070591 2
103763 2
070775 2
103948 2
070852 2
079924 2
104025 2
142237 1
083004 2
083008 2
083022 2
197801 1
197807 1
093487 2
070599 2
103772 2
095839 2
092708 2
197766 1
077177 2
093036 2
083044 2
097977 2
093244 2
095838 2
092705 2
126685 2
097951 2
067073 1
093238 2
093245 1
067114 2
067177 2
013309 1
218031 0
239891 1
182663 2
013738 2
153089 2
141752 1
141663 1
136649 1
136642 1
180039 0
225567 1
142330 1
142325 1
220310 2
008965 2
126648 2
016620 2
190344 1
190337 1
190437 1
190432 2
085214 2
085220 1
085215 1
087837 2
084902 1
183526 1
152523 1
159780 2
195549 0
146972 1
159781 0
190517 1
153092 1
150316 1
176758 1
152438 1
176769 1
176770 1
014584 2
232886 1
196162 1
176596 2
179913 1
173126 1
150104 1
150102 1
150344 1
156034 1
151946 0
155981 1
002420 1
152446 1
176602 1
153042 2
176659 1
087737 0
000937 2
176629 1
176787 1
171394 1
255471 2
153048 1
151074 1
154870 1
196969 2
002983 2
207260 0
001528 2
195543 2
190623 1
176946 1
191574 2
176951 1
171397 0
154742 1
192637 2
191582 0
196967 1
196838 1
065410 2
158305 1
163705 2
252112 1
264906 2
158299 0
095419 0
222114 1
222425 1
264471 1
230951 0
264381 1
153097 1
159219 2
002496 0
159233 1
155452 1
155555 1
153138 2
265061 2
155556 1
191464 2
191481 2
016457 2
191652 2
163719 0
191490 1
002421 0
259909 1
014177 2
013648 2
156377 1
255463 1
259898 1
153176 2
199539 1
199647 1
019394 0
008552 2
265060 2
279061 1
159744 2
153148 0
146829 0
176947 0
162873 0
159745 2
159758 2
148675 1
159920 2
159921 2
202462 2
191719 0
160464 2
160744 2
131480 2
188663 1
222048 1
160745 2
160848 0
155580 0
001111 1
189381 1
189382 1
124314 0
255391 2
176820 0
188673 1
255290 2
188662 1
130184 2
158638 1
160932 0
155917 0
130374 1
145337 1
183937 1
157383 1
202452 0
183933 1
016535 1
154129 2
193141 2
170988 2
014058 1
145705 1
190510 1
044638 2
222049 1
146563 1
157943 1
181866 0
192639 2
183977 2
154138 0
262646 0
169151 1
195538 2
184974 1
167069 1
190511 1
288946 1
221812 0
199034 1
199007 1
199005 1
002672 1
147385 1
199016 1
183565 1
288894 1
147384 1
155534 2
252700 1
190482 1
140349 0
183987 0
014462 2
014530 1
235767 1
192646 2
169172 0
155533 0
147495 1
195535 2
145655 1
190416 2
190492 1
200812 1
197060 1
150080 1
140620 1
164782 2
190561 1
155623 2
157978 1
176831 0
190563 0
192189 2
185143 1
004558 1
254551 1
200729 0
140179 0
136337 0
157982 1
192204 0
190560 2
169026 0
190562 0
174882 1
248737 0
016628 2
157151 1
001559 2
002124 1
157104 1
185093 1
155625 0
160933 0
162050 1
164810 0
134023 1
242264 0
190819 1
008659 0
134013 1
150062 0
185746 1
008506 1
265218 1
150986 1
231765 1
242140 1
001560 2
153225 0
227557 1
181479 1
134021 1
181930 1
211493 1
016710 1
288636 0
254552 0
215314 1
185745 1
164374 0
219371 1
016699 1
195018 1
101618 0
148134 1
170817 2
219342 0
231685 1
231684 1
154560 1
170835 1
018537 0
231467 1
234265 1
186747 1
186746 1
244978 0
231614 2
235220 2
179648 2
234956 0
235505 1
231513 0
161271 1
235264 1
176184 0
236017 1
161164 1
186752 0
232158 1
157143 2
156565 1
161283 0
179649 0
156553 1
232131 1
001565 2
177153 1
148120 0
227794 1
037750 1
227680 1
013665 2
157137 1
224581 1
153570 0
232036 0
258385 2
037650 1
037660 1
258341 1
153226 0
158874 1
220181 0
217871 2
240349 1
260060 0
220096 2
236268 0
220105 2
156624 1
217877 2
220711 2
156613 2
220716 2
217698 1
218693 2
132649 1
228038 1
225556 0
165744 0
202723 1
231564 0
159008 0
016593 0
035524 0
255433 2
156610 0
153782 1
185748 0
235729 0
037507 0
255403 0
159023 2
192117 0
255937 0
195548 0
161198 1
155535 0
010435 1
248073 0
142411 1
159020 0
175738 0
261386 1
154719 0
237318 0
220259 2
163163 2
009195 0
261396 2
134292 1
037506 0
220253 0
134263 1
134010 1
147631 2
134184 1
190294 2
251939 0
190302 2
163104 2
163107 0
147630 0
190568 2
265808 1
252287 1
233212 1
190702 2
190911 2
195726 1
192628 2
000537 1
195728 1
015236 0
223909 1
138310 2
195737 1
195739 1
138242 0
195803 1
223910 1
195806 1
024366 0
221966 0
223900 1
195815 1
195817 1
195830 1
195870 1
265844 1
195933 1
226396 0
210828 1
234088 0
161851 0
177332 2
250297 0
177133 0
045407 0
155542 0
131991 0
279099 0
176765 1
220282 0
194911 1
169012 1
195932 0
194990 1
195033 1
244301 1
234084 0
191557 2
061119 0
170247 1
194309 1
158236 1
254438 1
194306 1
156954 2
002694 2
170238 1
182699 1
136353 2
156953 2
019042 2
182728 1
014543 2
191560 0
182764 1
150928 1
242266 0
182729 1
255354 0
202687 1
202662 1
016926 1
168591 0
182492 0
131249 2
117689 0
155931 2
153828 2
160182 0
177343 0
195210 1
153839 0
017553 0
163239 0
195224 1
195223 1
152259 0
125163 0
145400 1
255308 0
202679 1
200641 0
145398 1
141183 0
208227 0
159436 1
153040 1
013298 0
163518 1
155869 1
221960 0
156612 2
221767 0
156607 0
278634 0
164360 0
220292 1
282297 0
144073 1
182499 0
155289 1
261328 1
071035 0
200642 0
215724 0
259495 1
261414 1
195770 1
001530 1
012550 0
195580 1
194394 0
017557 0
238110 0
207666 0
288988 1
131208 1
288934 1
000143 1
199416 0
145387 0
143977 0
133139 2
202483 2
184004 2
160905 0
130154 1
002194 2
184218 0
000510 0
265549 0
202422 0
002317 0
085517 0
017153 0
196390 0
176083 0
182703 0
136790 1
136794 1
136572 0
198482 0
190235 1
196901 0
195583 0
146509 0
158605 1
163428 1
268879 0
164028 1
191669 2
164217 1
158603 1
093342 0
164213 1
262725 0
194116 0
142874 1
231566 0
212841 0
000921 0
136518 1
181986 0
175741 1
152908 1
176950 0
228686 0
264623 0
141190 1
145466 0
142247 1
175759 0
136436 1
141832 0
191869 0
000432 0
137542 0
136442 1
140282 0
136444 1
286472 0
263543 2
227798 2
247941 0
227749 0
123629 0
140251 0
200637 1
179406 1
140853 1
198598 1
195744 0
198608 1
000834 0
000952 0
220111 1
061132 0
185744 0
085959 0
201649 0
259247 1
094124 0
190674 0
142124 0
259215 0
219344 1
195547 0
079568 0
176256 1
176819 0
115275 0
161783 0
259214 0
215722 0
156617 2
237611 0
000862 1
053447 0
176138 0
260056 0
176214 0
234075 0
179127 1
156608 0
150599 0
144585 0
002787 0
181993 0
260057 0
063480 0
044634 0
214147 0
194068 0
233788 0
059205 0
132444 1
179981 1
144453 0
255682 0
279098 0
179986 1
180622 0
179982 1
158537 0
176303 0
222205 1
133846 0
154542 1
233322 0
288019 0
180619 0
141934 0
045464 0
143006 1
159029 0
011620 0
154696 0
182112 1
001504 1
182104 1
196226 0
170042 0
179331 1
014213 1
195546 0
147063 1
159026 0
252176 1
147074 1
223557 0
252177 0
010650 1
238606 0
017436 0
142971 0
101432 0
014198 0
153777 0
221873 0
175504 0
268869 0
143173 0
268346 0
259156 0
246455 0
040248 0
086567 0
189014 0
064701 0
157218 0
287999 0
014211 0
124076 0
185715 0
263908 1
141184 0
011767 0
263954 1
011614 0
087416 0
159821 0
195816 0
225555 0
194161 0
163833 0
157297 0
185234 0
016671 0
260053 0
209635 0
125504 0
145214 0
085428 0
111703 0
143186 0
002813 2
259939 0
008802 0
017007 0
235968 0
064925 0
221536 0
230738 0
160906 0
237386 1
012822 0
276527 0
230739 0
205653 0
209950 2
156760 0
209387 0
156333 0
259933 0
228714 0
238436 1
231544 0
020040 0
176264 0
238162 0
001419 0
240380 0
237072 0
197951 0
004944 0
155185 0
044642 0
196588 0
136911 1
007207 0
237301 0
238198 0
149930 0
122253 0
154455 0
237309 0
169684 0
133402 0
120767 0
028542 0
195829 0
098697 0
147374 0
101416 0
110484 0
028115 0
203376 1
168440 0
220320 0
157224 0
139621 0
141931 0
207402 2
086635 0
185672 0
238065 0
156724 0
212809 0
010246 0
139002 0
286169 0
203000 0
001453 0
286470 0
053290 0
053443 0
241740 0
192162 0
007459 0
213516 0
202657 0
154376 0
202999 0
013094 0
197340 0
136327 0
136494 0
231295 0
221696 0
095414 0
164302 0
232140 0
142871 0
003786 0
206115 1
272147 0
153862 0
196064 0
250421 0
126057 0
019508 0
230829 0
133844 0
085640 0
037497 0
202750 0
143976 0
149148 0
000372 0
028125 0
059240 0
168749 1
225621 0
058476 1
122836 0
125215 0
058519 1
195872 0
151308 0
139664 0
156369 0
072154 0
237300 0
200643 0
170010 0
168800 0
196693 0
197330 0
170699 0
190854 0
119963 0
037371 0
094123 0
235753 0
132575 1
286326 0
012395 0
265548 0
263733 0
152469 0
190615 0
153072 0
276877 0
104208 0
017727 0
015425 0
252701 0
149929 0
009758 0
153071 0
127671 0
168803 0
028917 0
133381 0
125035 0
189061 0
085472 0
081318 0
179911 0
266917 0
260103 0
139845 0
000951 0
013987 1
146353 1
269945 0
100186 0
199994 0
233729 0
180992 0
168757 0
182413 2
197080 0
179106 0
122801 0
196218 0
246472 0
194818 0
086181 0
227293 0
083262 0
199507 0
093945 0
126558 0
010491 0
255161 0
253876 0
228654 0
029411 0
177032 0
155198 0
152727 0
286653 0
095337 0
139313 0
200657 0
123420 0
230749 0
140959 0
132280 0
232890 0
267343 0
125037 0
093426 0
231252 0
125006 0
257235 0
059224 0
257861 0
279963 0
195814 0
022756 0
067406 0
191974 0
153846 0
013124 0
019566 0
168758 0
195192 0
156715 0
110881 0
227141 0
068096 0
009625 0
233371 0
235384 0
227906 0
050286 0
009122 0
163233 0
066529 0
196698 0
038148 0
276466 0
007044 0
007867 0
217762 0
195802 0
147660 0
156535 0
027160 0
093936 0
064250 0
167312 0
237214 0
183344 0
271364 0
088203 0
179912 0
000908 0
189020 0
179722 0
263873 0
228773 0
053404 0
157814 0
137546 0
152833 0
122838 0
281376 0
264937 0
026737 0
150581 0
089472 0
265246 0
234242 0
220309 0
077801 0
005924 0
115230 0
156533 0
004286 0
194694 0
233355 0
002712 0
146774 0
109500 0
255162 0
238319 0
015360 0
221919 0
010743 0
147871 0
059908 0
086178 0
089328 0
269683 0
233308 0
260433 0
267082 0
183493 0
145669 0
144959 0
080312 0
128333 0
020125 0
233325 0
000745 0
004093 0
153956 0
177036 0
170684 0
137077 0
010599 0
284250 0
180163 0
276413 0
238709 0
014729 0
130158 0
197630 0
066656 0
276886 0
290059 0
118117 0
011741 0
123161 0
170672 0
041837 0
053846 0
030145 0
017499 0
131703 0
221925 0
123357 0
125019 0
124101 0
013266 0
273211 0
227899 0
195805 0
019049 0
238435 0
195883 0
018982 0
185731 0
087179 0
051284 0
019724 0
011953 0
003605 0
147811 1
049272 0
168957 0
181478 0
126690 0
247499 0
152798 0
253907 0
117616 0
015143 0
194675 0
