088377 0
002679 1
001444 1
065960 0
199789 0
091798 0
086851 0
182014 0
133642 1
133632 1
133668 1
158089 0
157848 0
085755 0
154119 0
132050 1
132010 1
132008 1
132046 1
132135 2
001458 2
131953 2
132136 1
132080 1
132020 1
132019 1
132017 1
139983 0
131954 2
133951 2
132052 1
133891 0
133331 2
261760 0
133302 2
133299 2
133297 2
133119 2
133100 2
133093 2
133088 2
133171 2
133188 2
147895 0
133427 1
133612 1
186315 0
133610 2
133611 1
133774 1
133770 1
133729 1
133730 1
133723 1
133709 2
133702 2
133703 2
133707 2
133015 0
147739 0
132839 1
132830 1
133941 2
002855 1
134001 0
163967 0
001580 1
007099 0
133365 1
133358 2
133664 2
133675 2
133598 1
132922 0
133684 1
134305 0
002777 0
131605 0
001109 1
097530 0
098654 0
133959 0
007436 0
130313 0
007635 0
131985 0
133866 0
134952 0
133737 0
226431 0
132037 0
131975 2
131988 2
131970 1
164294 0
133746 1
132952 1
132938 1
132910 1
132955 0
140098 0
117943 0
111286 0
169288 0
133311 0
137416 0
001113 0
134005 1
133868 0
132182 2
158866 0
132203 2
133721 1
133661 1
112385 0
121098 0
001459 0
132865 2
132860 2
093071 0
142036 0
133665 2
133663 2
133649 2
133899 0
181971 0
109787 0
132396 0
125010 0
181041 0
133389 0
002717 0
010253 0
178071 0
002845 0
007046 0
133719 0
099516 0
139214 0
261782 0
001720 0
148183 0
094074 0
141143 0
134003 0
131675 0
110527 0
133735 2
181051 0
188534 0
133312 0
134076 2
133581 2
138300 0
107706 0
179121 0
258326 0
113106 0
003340 0
112757 0
133940 0
134330 0
133621 2
133585 2
115523 0
132807 1
132805 2
132824 1
132825 1
132898 2
132803 2
001062 1
137993 0
118286 0
124121 0
179120 0
133200 1
001242 1
133195 1
005188 0
123034 1
123037 0
112546 0
132858 1
133138 0
139093 0
138459 0
086698 0
098692 0
001445 1
132751 1
131800 0
132685 1
132666 2
132670 1
271061 0
132018 0
003102 0
009742 1
122139 1
122129 1
122110 1
122059 1
108586 0
009594 0
261991 0
110963 0
071066 0
134275 1
130385 0
123874 0
156534 0
017629 1
129357 1
129405 1
011838 0
129429 0
069598 0
007671 0
108907 0
135126 0
133283 0
137070 0
133869 0
108060 0
141889 0
115341 0
179106 1
141756 0
151111 0
043358 0
108996 0
193105 0
133099 0
131647 0
133480 1
114382 0
156961 0
131572 0
007044 0
117555 0
274731 0
111519 0
136040 0
140078 0
131613 0
123876 0
175700 0
002488 0
153681 0
004274 0
133853 2
138037 0
133874 2
133871 1
258190 0
127896 0
133582 1
133348 1
179699 0
133347 0
144196 0
156261 0
134915 0
133841 1
133829 1
002772 2
158368 0
102019 0
231377 0
010357 0
133559 0
094454 0
001278 0
146884 0
043112 0
133472 0
122021 0
130695 0
003066 0
101081 0
138468 0
146715 0
122580 0
111521 0
140777 0
284346 0
017246 0
112622 0
132286 0
127799 1
111809 0
087372 0
137778 0
265285 0
135356 0
144541 0
017250 0
127977 0
131648 0
147905 0
007447 0
099196 0
017815 0
001446 0
127888 0
011293 0
002364 0
150008 0
180609 0
082652 0
001240 1
160300 0
080409 0
134095 0
111224 0
001887 0
146481 0
092764 0
134024 0
157854 0
131699 1
087548 0
131690 0
133044 0
133669 2
140958 0
154653 0
141205 0
137421 0
147564 0
148907 0
002451 0
131631 0
012491 0
001744 0
142046 0
141661 0
186587 0
152045 0
093816 0
114749 1
139638 0
011539 0
123834 0
143880 0
159872 0
132771 1
262396 0
114712 0
231334 0
258204 0
108036 0
085249 0
130320 0
161624 0
151744 0
092448 0
133253 0
020323 0
140094 0
005320 1
119825 1
005003 0
131319 0
148999 1
149000 0
119817 0
130393 0
092467 0
128431 0
094081 0
133219 0
134278 0
132677 0
142078 0
161339 0
100189 0
138307 0
109451 0
097699 0
148993 0
017831 1
009735 0
152081 0
132844 0
268851 0
128427 0
148707 0
017268 1
128571 1
128620 1
