211696 2
211748 2
181304 2
211698 2
126011 1
014706 1
126010 1
138972 2
120130 1
120139 1
120142 1
120140 1
120156 1
005589 2
120180 2
004783 1
119058 1
011488 2
122751 2
004581 1
118783 1
005575 2
120164 2
120154 2
005599 2
120194 2
009042 2
119613 2
118385 2
004271 2
118408 2
004270 2
118407 2
118395 2
118393 2
118398 2
118392 2
118397 2
005834 2
120455 2
120450 2
120449 2
005309 2
119806 2
005371 2
119895 2
119786 2
119844 2
005132 2
119543 2
004794 2
119072 2
014845 2
125872 2
119071 2
125865 2
130855 2
012509 0
014967 2
125763 2
125764 2
119178 2
119177 0
004849 2
004331 2
119131 2
118452 2
116549 0
004275 2
118418 2
004273 1
119116 2
118409 2
014848 2
125868 2
118414 1
118428 1
004323 1
118445 1
001586 2
001681 2
001766 2
087372 0
132770 2
004212 2
132773 1
132778 1
118273 2
095515 0
100189 0
118312 2
004727 2
118988 2
132767 2
131101 2
118987 2
118755 1
108466 0
123931 1
118748 2
131021 2
128168 2
118751 1
005236 1
015050 2
119691 1
118105 0
001063 2
118709 0
125674 2
119081 1
005498 1
131872 1
002436 0
120080 1
119032 1
119136 2
133397 1
004818 1
119096 1
119145 2
133396 1
065684 1
133391 1
133473 1
065690 0
133481 1
009054 0
002494 1
120968 1
118284 2
120959 1
007942 2
118285 2
118298 2
007481 1
120962 1
122760 1
122761 1
122764 1
122769 1
004877 2
011550 1
122772 1
120971 1
007949 1
121364 1
120963 1
120969 1
120960 1
121356 2
121363 1
130964 1
131008 1
131009 1
131017 1
009150 0
090994 0
129996 1
005130 1
119537 1
004676 2
118896 2
119181 2
011676 1
004575 1
011763 1
010509 1
118779 1
118874 2
004682 2
142570 1
118908 2
137977 1
119963 2
011924 1
011697 1
129062 1
005497 2
124743 1
120077 2
124919 1
147869 1
018075 0
130474 0
172766 1
172765 1
144749 1
120078 2
144778 1
144716 1
120040 1
120693 0
119652 1
144892 1
119651 1
005340 1
119848 1
004994 1
119362 1
005250 1
128440 1
119361 1
124969 1
005227 1
119719 1
119678 1
258283 1
011850 1
124964 1
009549 1
126306 1
010276 1
147217 1
130275 1
122605 1
163863 1
004732 1
118990 1
240376 1
163859 1
240277 1
011709 1
163843 1
118707 1
155794 0
237275 1
005177 1
126300 1
004531 1
010102 1
122404 1
012464 1
004422 1
118581 1
122984 1
118597 1
119618 1
285461 1
118589 1
118743 1
122400 0
285468 1
125194 1
118501 2
011740 1
142011 1
007496 0
011739 1
151208 1
123525 1
123526 0
237753 1
155801 0
277046 0
004863 2
127204 1
119132 2
118647 1
007556 1
005262 2
127189 1
119732 2
009903 1
119154 2
124241 0
121047 1
122246 1
127188 1
127178 1
004417 1
004387 0
118574 1
118572 1
151196 1
118502 0
124755 1
010221 0
015180 1
120830 1
123493 1
120865 1
005588 1
012377 0
237672 1
125565 1
120179 1
118976 1
007227 1
120784 1
120172 1
004875 0
146774 1
112732 0
123470 1
005583 1
004677 2
123496 1
120173 1
018264 1
128545 0
118897 2
004897 1
119232 1
118940 0
011774 0
005180 1
119622 1
118965 1
128927 1
118498 0
135200 1
069684 0
118878 2
125280 1
118967 1
098963 0
004725 1
118984 1
123554 1
125281 1
015468 1
125279 1
009747 1
122143 1
005261 1
118955 1
227239 1
119626 1
004707 1
118948 1
118950 1
118983 1
144800 1
179808 1
119649 1
119731 1
005214 1
005260 1
119730 1
124359 0
005570 1
118961 1
119661 1
119107 1
118778 1
004865 1
119157 1
005477 1
118787 1
115485 0
120158 1
179744 1
144780 1
179748 1
131288 0
001429 1
120041 1
127093 1
259688 1
141906 0
194236 1
018451 1
119414 0
127053 1
009342 1
004321 1
154507 0
148818 0
118443 1
118899 1
118412 1
080201 0
123654 1
121812 1
128794 1
123656 1
123965 1
123972 1
123970 1
123973 1
124036 1
118500 0
121808 0
118735 1
118898 1
001030 0
118904 1
004601 0
118932 0
011487 1
012517 0
005737 1
120350 1
004525 1
120326 1
135556 0
006915 1
176031 0
120529 1
122541 0
128370 1
116622 0
006928 1
120542 1
120537 1
119935 2
128246 1
148726 0
118698 1
118657 1
004500 1
004951 1
008024 1
118699 1
004896 1
121425 1
119231 1
184751 1
119305 1
119217 1
004991 1
005794 1
119357 1
009601 1
120404 1
290080 0
120051 0
008003 1
121411 1
007894 1
005251 0
101966 1
121318 1
121305 1
140690 1
007813 1
121229 1
140711 1
149927 1
005091 0
140682 1
008542 1
007344 0
193345 1
028651 0
124916 1
017188 1
120032 1
007429 1
124881 1
062099 1
101066 0
124854 1
124880 1
004462 0
124819 1
120942 1
012128 1
111721 1
120031 1
011978 0
111720 1
009780 1
122012 0
251045 1
111712 1
005467 1
120033 1
123287 1
005606 1
124204 1
120207 1
111226 1
122175 1
251044 1
128060 0
131384 0
115476 0
012313 0
007930 0
004428 1
115478 0
004498 0
118605 1
119193 1
123635 1
009005 0
124403 1
123641 1
005637 1
123642 1
124261 1
123232 2
100853 1
123524 1
148808 0
120949 1
100852 1
120946 1
120241 1
123503 1
007353 1
120888 1
123838 0
124478 0
100609 1
167652 0
101974 0
012508 1
108297 1
124485 1
121559 0
017309 0
111541 0
108289 1
004752 1
119024 1
176788 0
108368 1
119149 0
108393 1
119019 1
174037 0
123547 1
118808 0
100257 0
191172 1
243929 1
011845 1
011941 1
168029 0
144627 0
124532 1
011894 0
182319 0
133008 0
148263 0
017366 1
014294 0
010179 0
123548 1
193466 1
120181 1
005590 1
176654 1
009660 0
011293 0
068467 0
120183 1
123590 0
062059 1
124663 0
180049 0
108356 0
123869 0
007503 1
124182 1
058346 0
120993 1
125141 0
004572 0
124034 1
112155 0
138953 0
278406 1
142488 1
221535 1
147994 1
180613 1
004909 1
124222 1
119259 1
109519 2
221534 1
007081 1
146398 0
278408 0
120958 1
120677 1
186807 1
223272 1
120703 1
005790 1
147494 1
010452 1
186805 0
005552 0
120399 1
278405 0
120336 0
147989 1
149471 1
260713 0
147978 1
120268 0
149585 1
222331 1
285303 0
057926 0
062097 0
117131 0
009049 1
120441 1
139020 1
124310 1
139018 1
124264 1
006653 1
120442 1
222433 1
132981 0
004703 1
121234 0
120443 1
126789 1
120444 1
140289 1
118941 1
222652 1
127594 0
222106 1
260616 0
009012 1
121533 1
036470 1
222988 1
145865 1
145851 1
005831 1
145892 1
120452 1
120423 1
160570 0
137264 0
195553 1
223832 0
232577 0
124611 1
004625 0
195557 0
289914 1
036468 1
009011 1
121531 1
120696 0
186801 0
095442 0
001356 0
112892 2
112884 2
012438 0
005383 1
112845 2
112830 2
011958 1
122873 1
118938 1
009668 0
119914 1
009654 0
146509 1
233308 0
004469 0
127444 1
122876 0
004514 1
088688 1
130110 0
086550 0
148220 0
114389 0
120422 1
147687 0
088687 0
182867 1
120470 0
006845 1
006807 1
088677 0
122979 1
007661 1
011289 0
126082 0
028580 1
118719 1
124032 0
059788 0
121115 1
028603 0
120486 1
009204 1
009242 1
121718 1
233294 1
145085 0
126591 0
120421 1
192942 0
027344 1
123224 0
137865 1
146401 0
069149 0
005818 1
062102 0
120433 1
186279 1
151403 0
119497 0
119312 0
133085 1
128533 0
114806 0
056144 1
116623 1
137798 1
006338 1
120075 1
122075 0
056058 1
200206 0
006307 0
005499 1
180380 0
122079 0
195554 1
145646 1
194676 1
111062 0
190348 0
115409 0
009078 1
120081 1
012037 0
131296 0
152934 0
278213 0
102002 0
243132 1
055155 0
119576 1
120065 1
004982 0
243791 1
121586 1
119572 1
124424 0
009001 1
229910 0
028632 0
007694 0
004503 1
004607 1
102857 0
146985 0
084931 1
094934 1
121518 1
087526 0
118702 1
133698 1
118526 1
036456 0
119073 0
012163 0
011269 1
094929 0
175297 0
008536 0
087316 0
094139 0
133706 1
005469 1
117130 0
125112 0
118799 1
118809 1
130861 2
121556 1
146834 0
120037 1
135559 0
212613 1
011991 1
012521 0
009050 1
147587 1
147607 1
090298 0
225555 0
145651 0
017843 0
120169 0
121554 1
121524 1
121555 1
127893 0
124361 0
118797 0
101238 0
000863 1
235639 1
018256 1
120036 0
235759 1
271954 1
271953 1
271956 1
000812 1
124031 0
144327 0
030303 0
011904 1
118175 1
128935 1
120713 1
118115 1
130967 0
162456 1
007182 0
162452 1
264478 1
264482 1
086672 1
015404 1
120694 1
125335 1
015388 1
122861 1
163245 0
231149 0
149800 0
133257 0
086361 1
086303 1
014987 1
125741 1
123599 1
064928 0
011830 1
194304 0
011477 0
128703 0
124237 0
231118 0
004825 0
123585 1
109221 1
135409 0
109081 1
108946 0
035232 0
115001 1
000010 1
141300 0
225621 1
201262 0
168192 0
114994 1
253585 1
124372 0
128721 0
117171 1
127194 0
278081 0
009959 1
253486 1
252924 1
121525 0
083870 0
253266 1
225613 0
054367 1
253238 1
253434 1
253239 0
253451 1
009161 0
115142 1
120750 0
145726 1
115163 1
183095 0
131555 0
086588 0
197951 0
280013 1
069682 0
116621 0
280020 1
118533 0
121222 0
086549 0
280004 0
123242 1
123282 1
122206 0
088225 1
088369 1
088424 1
130095 1
109740 1
088436 1
088442 1
264833 0
191565 1
109774 1
108793 1
124774 1
280002 0
122052 1
227213 1
012102 1
109108 1
122895 1
124765 0
064725 0
108402 1
108253 1
108286 1
009612 1
124749 0
227207 1
121340 1
011974 1
227221 1
133010 0
191572 1
286169 0
227224 1
116614 0
191570 1
222713 1
015166 1
011735 0
121339 1
155482 1
121317 1
121314 1
155486 1
118777 0
066419 0
258631 0
015235 0
097488 0
007145 0
211455 0
201259 0
004720 1
148977 0
132828 0
118979 1
128157 0
186176 0
229696 0
198745 0
167221 0
144221 0
171456 0
131474 0
038806 1
145703 0
038807 0
285313 0
183274 1
183280 0
039077 1
192947 0
012516 0
126811 1
128725 0
167608 0
007266 1
004146 0
018178 0
009561 1
120811 1
122010 1
111442 0
098859 0
007424 0
231151 0
122088 0
007990 1
126659 1
120695 1
121396 1
115481 1
121383 1
220529 0
212914 1
124746 0
001184 1
007132 1
174487 0
180070 0
120712 1
007080 1
005826 0
126348 1
212835 0
114208 0
110806 0
111665 1
112894 0
256665 0
129343 1
120676 1
154722 1
141785 1
129395 1
129398 1
129341 1
141844 1
120439 0
120425 0
154743 1
141790 1
015500 1
126365 1
154779 1
154774 1
234067 1
124960 0
109568 1
109462 1
086129 1
124027 0
130284 1
139561 1
125255 1
130274 0
136938 0
264813 0
117441 0
139540 1
139559 1
139617 1
134106 1
147205 0
278215 0
028627 0
284603 1
284604 1
001036 1
009010 1
118827 0
121530 1
008941 1
195551 0
127125 0
010012 1
130403 0
131873 1
036450 0
120980 0
239051 1
168809 0
124629 0
151317 0
119491 1
147081 0
142414 0
254593 0
015269 1
015225 0
146161 0
239052 1
119343 0
160401 0
125469 1
174096 0
126077 0
239010 1
239039 1
120717 0
238990 1
198482 0
239361 1
239362 1
132116 1
132210 1
130353 0
132226 1
220747 1
032125 1
141302 0
091265 1
117112 0
146451 1
012273 1
220753 0
013988 1
032127 1
146476 1
128860 0
189373 1
189492 1
118929 0
014020 1
146471 1
189449 1
035964 0
131376 0
011343 1
171403 0
124995 1
129063 0
063325 0
289915 1
009072 1
120472 0
125187 1
124030 0
184988 0
024568 0
125175 1
007144 1
124994 0
007337 1
120872 1
120716 1
079472 1
007512 0
128009 0
000843 0
121579 1
119302 0
208366 0
101911 1
126005 0
121575 1
168155 1
125193 0
155799 0
128239 0
115408 0
127434 0
167222 0
188153 0
125693 0
141286 0
011893 0
169408 0
015258 0
257807 1
069526 0
240783 0
143821 1
100719 0
158218 1
140933 0
161499 1
158208 1
257817 1
197538 1
161498 1
054426 1
158211 1
120747 1
155286 0
197375 1
231129 0
231842 0
054546 0
197368 1
089745 0
157763 0
130508 1
169409 0
054476 0
120748 1
017220 0
157799 0
121150 1
157767 0
167141 0
001903 1
125487 1
062173 1
077321 0
202439 1
160574 0
222712 0
062183 0
141018 1
229909 1
220746 0
186790 1
058929 0
137097 1
186800 0
011512 0
008472 1
161550 0
141017 1
170607 1
118801 0
122992 0
152880 1
141013 1
134516 0
220313 1
011751 0
129658 0
147122 0
128976 0
004339 0
284585 0
165130 1
006525 1
015264 1
141772 0
142251 1
007558 0
197426 0
004942 1
125472 1
094743 0
231117 1
162355 1
162170 1
163861 0
124522 0
165129 1
135321 1
119293 1
137113 1
153585 1
135649 1
149654 1
124873 0
110272 0
133200 0
133009 0
118942 0
135637 1
157800 0
136328 1
140956 1
015111 0
135283 1
135298 1
136338 1
140959 1
140948 1
136346 1
176774 1
193000 0
200213 0
164255 0
244017 0
007087 0
222535 0
259690 1
149706 1
151404 1
259692 1
115474 0
018120 1
015594 1
151407 1
012548 0
129031 1
010303 1
124864 0
164241 0
174092 0
151370 0
017932 1
259677 1
141483 0
127195 0
018630 0
199928 1
262807 1
262796 1
262808 1
173379 0
262969 1
125041 0
124904 0
023732 1
184617 0
123612 0
259673 1
243518 1
023591 1
193903 0
169724 0
259671 1
243604 1
157130 1
149390 1
118670 0
119103 0
149655 0
071433 1
104606 1
127953 0
144645 0
243562 1
157726 0
147105 0
004075 0
094892 0
191533 0
023592 0
177811 0
196958 1
131314 1
071428 1
182137 1
004432 1
104601 1
118612 1
070528 0
131743 1
115317 0
258005 1
140902 1
258002 1
125505 0
007798 0
075781 0
155767 0
027892 0
101464 0
258671 0
078797 0
133260 1
025295 0
017760 0
152937 0
192007 0
131312 0
118658 0
260343 0
137443 1
152938 0
132862 1
119365 0
261935 0
150020 1
149657 1
133261 0
015612 1
010149 0
011916 0
159256 0
046043 1
116466 0
127627 1
103701 0
015577 1
149750 1
101415 0
007818 0
045667 0
127398 0
152943 1
002007 0
148136 1
116736 0
011964 1
007560 0
122853 1
221711 1
046273 1
023054 0
036160 0
136554 1
027545 1
027546 1
046042 1
164948 0
127595 0
121642 0
015607 0
123711 1
149656 0
131301 0
186886 0
111932 0
127626 0
148632 0
099142 1
123801 1
112198 1
123824 1
112153 0
161551 0
157075 0
117058 0
161841 0
001564 1
124560 0
009562 1
260184 0
128125 1
037088 1
096498 0
148588 1
278048 1
108060 0
198485 1
121000 0
070474 0
122011 1
160214 0
258929 0
227249 0
126612 1
126598 0
278128 1
034543 1
135127 0
099113 1
140722 0
014782 1
124143 0
153060 0
085622 0
034562 1
194205 0
005815 1
110024 1
136001 0
090665 0
144341 0
125477 0
009087 0
120431 1
124060 0
180487 1
005832 1
125948 1
180472 1
120453 1
018111 0
125950 1
035231 0
130002 0
131300 0
111824 1
034810 1
180478 1
288492 1
145045 0
069678 0
174836 1
131217 0
103646 0
142287 1
201299 1
125703 0
149046 0
121095 0
244997 0
111800 0
288462 1
174501 0
140899 1
133837 1
130114 1
108329 1
180888 1
180843 1
133799 1
174848 2
180841 1
288491 1
180659 0
133787 1
133833 1
180683 1
142166 1
164144 0
180678 1
164124 1
174450 1
052279 1
035934 0
034781 1
174543 0
015304 0
018499 1
151888 0
201645 0
111222 0
120878 0
175646 0
002015 1
040245 0
015318 1
225993 0
058993 0
145583 1
140895 1
224948 1
006926 0
128701 0
096605 1
182121 1
125415 1
000065 1
243078 0
135323 0
224907 1
145679 1
140759 0
096436 0
008329 0
224908 1
225166 1
169886 0
164127 1
224870 0
231315 0
100716 0
122710 0
091576 0
170197 1
203829 1
132864 1
201227 0
132861 1
125417 1
125362 1
002004 1
186587 0
125348 1
162838 1
089860 0
047662 0
111510 1
125346 1
015389 1
125345 1
265436 1
152936 1
215442 0
225169 1
000113 0
145678 1
068459 0
126191 1
002992 1
063327 0
126170 1
127851 0
243801 0
018619 0
133594 1
096939 1
098876 0
000029 0
004905 0
175615 0
090229 0
176848 0
014669 0
058369 1
004750 0
095545 0
155679 0
096417 1
011310 1
125716 0
265415 1
265395 1
242712 0
242843 0
241298 1
123021 0
017892 0
241155 1
052258 0
096914 1
121516 0
017912 1
200804 1
141927 0
080845 0
058463 1
142227 0
200799 1
200727 1
058416 1
122645 1
011330 0
215450 0
164139 0
131750 1
199905 1
191654 1
124745 1
131740 1
151165 0
058387 1
238615 1
199898 1
141604 0
064004 1
254025 1
254039 1
010358 1
131755 1
213516 0
148079 1
085484 1
264818 0
145247 0
124771 1
085528 1
000752 0
149916 0
124767 1
121900 1
238679 1
164027 1
122679 1
004495 0
136621 1
016613 1
147616 0
120535 0
186142 1
147615 0
085485 1
124975 0
239387 1
126915 0
014575 0
164021 1
220752 0
136567 1
009838 1
136612 1
177541 0
175627 0
121896 1
164023 1
121909 1
067908 1
191355 0
121640 0
122215 1
129060 0
102855 0
241813 0
004859 1
000008 1
204033 0
109526 0
046441 0
069502 0
191099 0
090210 1
090061 1
119150 1
085615 1
090513 0
260304 0
244210 1
085598 1
244220 1
244183 1
177608 0
182221 1
159353 1
025608 0
142562 1
142556 1
004858 1
209230 0
159472 1
223254 1
159474 0
119148 1
085745 1
182247 1
158993 0
243981 0
085781 0
122295 1
119133 1
141695 0
097420 0
008471 0
159576 1
015128 1
011985 1
159634 1
076099 1
125611 1
115305 1
126911 0
264395 0
143409 1
027889 0
268738 0
076059 1
076009 1
108557 1
124979 1
128685 0
135675 0
009083 1
125889 1
125901 1
253833 0
163385 1
223253 1
125620 0
122485 0
071035 0
012148 0
163288 1
064811 1
014738 0
163321 0
121049 0
122713 0
163420 1
000713 0
108333 0
011430 0
109032 1
125613 0
163384 0
144652 0
137927 0
124226 0
114845 0
148435 0
259168 0
109186 1
199477 0
286744 1
286741 1
006577 0
143186 0
074539 1
074531 0
215427 0
170166 0
129108 0
111026 0
109132 1
182848 1
182710 1
086675 1
182768 1
011091 0
136552 0
170190 0
012160 0
228422 1
255483 1
010385 1
065180 1
086337 1
065161 1
157411 0
048544 0
125002 1
007289 0
086362 1
177604 1
118650 0
085778 0
173007 1
109167 1
130684 1
046453 1
011768 1
187131 0
153083 1
119722 0
255910 0
169000 0
257570 1
125072 1
203867 0
042208 1
135391 0
178175 1
125001 0
184793 1
257571 1
263904 1
197334 1
075874 0
127656 1
021994 0
263999 0
018174 1
257524 0
035597 0
126412 0
000342 1
015158 0
178442 1
171676 0
097016 1
257522 0
041660 1
182698 1
182786 0
242872 1
128981 1
202022 0
034641 1
154647 1
154628 1
256692 0
042334 1
197296 1
003738 1
125969 0
034679 1
145286 1
145220 1
090393 0
008369 1
141363 0
285287 1
285288 0
010218 1
173008 1
186866 0
154694 1
152764 1
026464 0
096553 0
076186 0
288037 1
173028 1
288039 1
127652 1
037378 0
173022 1
182733 0
137428 0
129980 0
285294 0
179323 0
197154 0
170191 0
182762 0
155489 0
042543 0
000873 1
005299 1
125579 0
096659 0
004624 1
011862 0
118826 1
142207 1
216021 0
121230 0
027685 0
118816 0
142199 1
008159 1
060443 1
147126 0
257444 1
119792 1
114765 0
020374 0
262401 0
285207 1
126008 0
096618 0
051843 0
119764 0
257445 1
124553 0
256383 0
257387 1
257298 0
257332 0
167740 0
125297 1
002306 1
060341 1
015465 1
019682 0
128610 1
125282 1
179433 0
064500 0
128611 1
070071 1
018250 1
004385 1
118434 0
128469 1
120987 0
017897 0
151307 0
174920 0
227560 1
124693 1
218625 0
221996 0
185853 1
080076 0
043716 0
103244 1
018383 0
223426 1
114819 0
000016 0
128841 0
243979 0
113692 0
009497 0
186859 0
181732 0
004482 0
186146 0
118522 1
227561 1
089654 1
087134 0
193015 0
155788 1
276696 1
118686 0
169252 0
142273 0
089628 1
015307 1
124233 0
227441 1
275784 0
032782 0
011643 0
125426 1
089567 0
033110 0
162682 0
236837 0
175679 0
097380 1
113527 0
125427 1
230100 0
026544 0
227250 0
123708 1
176838 1
255873 0
064351 0
012073 0
130819 0
130341 1
155830 1
139516 0
169936 0
277287 1
143571 0
010379 1
011346 1
000522 1
218897 0
131297 0
187639 0
126332 0
133624 0
177410 0
123552 0
176901 0
144101 0
220557 0
096423 0
130123 0
066958 1
102006 0
129030 1
088502 1
231123 1
231082 1
066960 1
066968 1
088477 1
223427 1
256682 0
165230 1
132867 1
223478 1
058008 0
088433 0
004966 1
088472 1
223487 1
223267 1
257383 0
185752 0
165220 1
148795 1
151864 1
289110 0
151366 1
069674 0
133042 0
136370 0
143000 1
119542 0
170878 1
119329 1
090384 0
005135 0
125125 1
141586 0
082137 0
010185 0
115512 0
130627 1
018119 1
042558 0
173827 0
147319 0
142603 0
005764 0
007005 1
119548 0
099525 1
254571 1
145450 0
011755 0
058979 0
099428 1
019365 0
150887 0
067675 1
123494 0
132818 1
004532 0
240013 0
119544 1
254565 1
004617 1
125104 1
131486 0
165248 0
130121 0
125126 1
123264 1
159481 0
205007 0
110685 0
077917 0
028099 0
118818 1
060447 1
011989 0
222307 0
128477 0
195940 1
179181 0
194012 1
225994 0
068881 0
168218 1
037059 0
128977 0
190064 1
118730 1
147362 0
095852 1
194019 1
216634 0
185794 0
231124 0
227120 1
119391 0
050478 0
052276 1
186041 1
190113 1
222371 1
051485 1
195537 1
095285 0
102675 0
183053 1
183055 1
123262 1
128756 0
093779 1
076967 0
135295 0
095738 1
165292 0
027337 0
236867 1
234409 0
183056 1
095742 1
255899 0
123553 0
040645 0
082068 0
095617 1
124046 0
095886 1
230912 1
014785 1
151341 0
182989 1
095645 1
230921 1
190112 1
125944 1
007341 1
068792 0
252893 1
108462 1
120876 1
005014 0
221167 0
097092 1
260444 1
145611 0
183045 1
260381 1
116657 1
108448 1
001018 0
030002 1
029491 1
004370 1
196244 0
150882 0
051850 0
024475 0
011814 0
018013 1
119340 1
260412 1
080017 0
163417 0
139601 0
116654 1
257558 1
116474 1
257555 1
200085 0
260122 0
116302 1
116328 0
116329 0
119013 1
139549 0
176176 0
112316 0
148008 0
176246 0
119393 0
064356 0
260198 1
007342 0
102081 0
260153 0
234020 0
036798 1
011888 0
200879 0
119339 1
075021 0
081024 0
064833 0
007980 0
157994 1
148001 0
119008 1
118469 0
187793 0
174784 0
128247 0
177155 1
231983 0
140890 0
119309 1
125595 0
144625 0
096398 0
120877 0
159204 0
044530 0
113360 1
102167 0
133181 0
147017 1
145765 1
133172 0
146159 0
155826 1
120934 1
125063 0
007335 0
001087 1
120043 1
230447 1
124736 0
157966 1
230446 1
134242 0
124528 0
032178 1
150078 0
173851 0
157937 1
007434 1
153013 1
082118 1
120947 1
044443 0
024458 0
155834 1
005479 1
097801 1
100415 1
175520 1
145839 0
006893 1
078186 0
230245 1
007564 0
004433 0
230415 0
095631 1
230435 0
078806 1
134664 1
146077 0
009849 0
203680 0
011939 0
095190 0
230204 1
159754 1
194282 0
007032 1
005650 0
194680 1
114585 0
007348 1
115167 0
077918 0
150223 1
150215 1
146849 0
287253 1
027296 1
111198 0
122560 0
141165 0
114803 0
256379 0
120526 1
195549 0
128070 0
065194 0
000076 1
230773 0
127312 1
124433 0
154859 1
123483 0
120636 1
140437 0
123724 1
120881 1
002075 0
119288 0
224647 0
085976 1
099752 0
154833 1
155428 0
005092 1
015332 1
277439 0
146608 1
085898 1
070395 0
147650 1
081165 1
012468 1
261719 0
155795 1
112148 1
109225 1
125405 1
159480 0
001011 0
031859 0
184689 1
276258 1
276334 1
199964 1
145947 1
125414 1
109224 1
182147 1
015335 1
278626 0
125402 1
125403 1
145954 0
199955 1
111224 0
015319 1
120525 1
125413 1
009890 0
130827 0
154598 0
096639 0
195934 1
125975 0
124250 0
101695 0
111197 0
008039 1
010217 0
125532 1
007031 1
175676 0
120635 1
070164 1
278964 1
006892 0
276311 1
121433 1
276313 1
244982 0
007347 0
108054 0
133572 0
018603 1
005528 0
128706 1
240809 0
007549 0
028065 0
288975 0
274954 0
125519 0
081437 1
159863 1
159814 1
135206 1
125523 1
091530 0
199325 1
159937 1
074622 1
264476 1
125522 1
158077 1
125521 0
199322 1
264465 1
122537 0
024094 1
018513 0
064380 1
157562 1
186778 0
147731 0
077942 1
120880 0
157279 1
043676 0
157280 1
015305 1
134894 1
161522 1
161546 1
264182 0
161549 1
123146 1
138537 0
125431 0
072277 1
222449 0
105450 1
064406 0
059437 1
240010 0
071496 0
015412 1
074426 1
077934 1
125326 1
264194 1
197524 0
103337 1
264602 1
124444 0
176028 0
077914 1
157771 0
034587 0
166068 1
107599 1
225650 0
014319 0
264600 1
119961 1
276457 1
005415 1
058097 1
051806 1
057891 1
152754 1
166167 1
167414 2
001615 0
119972 1
058120 1
166256 1
119971 1
078849 1
167430 1
157980 1
167457 1
007339 1
064407 0
075650 1
259971 1
113936 1
127226 0
125429 1
009206 1
124740 1
120874 1
170176 0
069988 1
125430 1
103161 1
007085 0
145835 1
141139 0
285671 0
119633 1
119646 1
265558 1
005200 1
119648 1
190039 1
018081 1
145832 0
113942 1
078830 1
051805 1
009243 1
081188 1
012656 1
086161 1
018520 1
234049 0
121719 1
151725 1
124734 0
259964 1
110638 1
122487 0
135511 0
165583 0
215787 0
111946 0
078787 0
265833 1
077923 0
051828 1
166677 1
004696 1
017818 1
269992 0
179101 1
086186 1
120257 0
266816 0
086248 1
203840 0
084156 0
086222 1
231308 0
234024 0
169507 0
255700 0
179105 1
152763 1
008323 0
145846 0
258985 0
179110 1
007792 1
084170 0
171672 1
270812 0
098388 1
221790 0
007817 1
000115 0
007285 0
123036 1
121233 1
129750 0
123150 1
147847 1
163563 0
116909 0
013012 0
108555 0
136521 0
082583 1
151705 0
195541 1
004912 0
077940 1
192636 1
166669 1
042213 1
190050 1
040689 0
017753 1
022410 1
018165 1
077954 1
001427 0
037432 1
202926 0
060633 0
155314 1
177509 1
075571 0
030253 0
145837 0
121384 0
177778 1
167213 0
142124 0
000571 0
020169 1
098350 1
147077 0
123586 0
041866 0
177693 1
064813 0
128644 0
007585 1
020171 1
177515 1
227334 0
094566 0
169733 1
124867 0
132746 1
177525 1
132802 1
200342 1
230978 0
121069 1
132732 1
011501 1
127839 0
289258 0
166552 0
087318 1
128017 1
225856 1
194679 0
288783 1
020193 1
123315 0
120680 1
231303 0
127846 0
153087 0
029979 1
124650 1
145227 0
007079 0
163553 0
005829 0
077957 1
127914 0
289326 1
288765 1
157935 0
167796 1
000420 1
005220 0
060896 1
289306 1
166046 0
168395 0
100059 1
120445 0
290059 1
115219 0
204137 0
099888 0
193852 0
052043 1
273061 1
060945 1
144379 0
060940 1
221435 0
112106 0
150173 0
148993 0
051987 0
078676 0
226009 1
289290 1
169090 1
052048 1
177548 0
225815 1
289305 1
240821 0
289288 1
113518 0
026133 1
275238 0
129625 0
063703 0
004785 0
082582 0
080015 0
050475 0
078872 1
089572 0
243379 1
159684 1
005416 0
082074 0
226015 1
158320 0
030197 0
255383 1
128793 0
051989 1
202019 0
168987 0
066157 1
042492 1
122460 0
097972 0
111064 0
128494 0
144374 0
147012 1
255378 1
225705 0
273065 0
223941 0
225708 0
123890 0
256380 0
027047 0
001422 0
255384 1
243372 1
111918 0
065178 1
120447 0
038504 1
169800 0
003753 1
287406 0
255385 1
256784 1
115079 1
120446 0
031664 1
257575 1
195246 1
004930 0
028044 0
164068 0
255327 0
153584 0
168219 1
146989 1
074799 1
195202 1
209349 0
255288 0
272755 0
126071 0
004187 0
146975 1
074735 0
119286 0
152768 0
037944 1
146889 0
128489 0
151363 0
042460 1
019557 0
037997 0
031677 0
255331 0
111185 0
017885 0
134942 0
018095 0
115078 1
255332 0
042468 1
101840 0
018434 0
201952 0
090647 0
266181 0
042544 1
042475 1
042530 1
111100 0
244983 0
169029 0
122475 0
069528 0
146475 0
258977 0
144043 1
038535 0
120977 0
017378 0
017924 1
097799 0
130990 0
191274 0
168388 0
255205 0
009334 0
144037 0
004594 0
077576 0
034581 1
130038 0
139548 0
110859 0
166913 1
035815 1
134110 0
090231 0
127535 0
197681 0
168484 0
129170 0
050198 0
165183 0
062150 1
028963 0
152221 1
194401 0
017997 1
077479 0
088519 0
062185 0
074672 0
062221 0
003606 0
272768 0
151494 1
050794 0
152222 1
018803 1
050196 0
079758 0
035837 1
179432 0
167938 1
167878 1
090264 0
075104 0
237907 1
110815 0
013133 0
168391 2
168465 0
012270 0
168228 0
215358 0
153363 1
009324 0
130463 0
237901 1
153828 0
237915 1
160125 0
237916 1
064553 1
253083 0
198393 0
169736 1
185411 1
051988 1
167939 1
145455 0
169430 1
169801 1
071969 0
239386 0
185338 1
185414 1
031274 0
169449 0
145619 0
163566 1
127338 0
280581 1
209602 0
163634 0
059672 0
164794 0
169825 0
170195 0
010175 0
098430 0
052046 1
162217 0
155675 0
060289 0
185807 1
012305 0
220801 1
108137 0
025670 0
051949 1
128755 0
053122 0
060702 1
268861 0
102701 0
149795 0
220756 1
222556 0
009942 0
220757 1
062195 0
004634 1
164793 1
097186 1
037797 0
036415 0
018221 0
220434 1
081593 0
134231 0
254653 0
087304 0
102034 0
060697 1
060753 0
069472 1
170196 0
000675 1
264831 0
220485 1
124726 0
143083 0
000162 0
062227 0
175635 1
097185 1
059324 1
046492 0
072347 0
177731 0
012294 0
130669 0
120869 0
076420 0
179097 0
155789 1
155790 1
009786 1
080813 1
082736 1
231205 0
115463 0
004816 1
143507 1
141336 0
265064 0
031426 0
017208 0
082703 0
130046 1
027443 0
169264 0
134270 0
118836 1
149189 0
059319 1
228382 0
118839 1
087311 0
090242 0
011804 0
125480 0
051824 1
147146 1
147153 1
086504 0
155495 0
075977 0
146976 1
067142 1
102645 1
051815 0
016434 0
119095 1
182666 1
289511 1
118819 1
289517 1
143084 0
045660 0
067123 1
182670 1
051762 0
057925 0
182700 0
146990 1
142563 0
228531 1
051848 0
085029 0
147375 0
118741 0
177528 0
079483 0
119390 0
146890 1
014657 0
228592 1
129779 0
053397 0
249502 1
051901 0
165621 0
148264 0
249592 1
099408 0
051908 1
228536 0
146874 1
147013 1
104208 0
199111 0
250276 0
055534 0
064110 0
197927 0
085291 1
136536 0
142078 0
132535 0
111808 1
016375 1
148563 1
062079 0
018735 1
016345 1
140913 0
059705 0
286476 1
070261 0
148604 1
163215 0
004511 0
030256 0
133039 0
058895 0
149949 1
150010 1
256713 0
123843 0
052186 0
150048 1
079438 0
111027 0
150069 1
160302 0
150086 1
278163 0
002136 0
137260 0
041166 0
286539 0
218589 1
075353 1
222336 0
018103 0
001231 1
143439 0
144940 0
037996 0
262123 0
011552 0
176119 1
060372 0
176165 1
239089 0
199249 0
017531 1
016545 0
075338 1
060395 0
031515 0
286758 1
101894 0
138474 0
155361 1
085861 1
150144 0
146994 0
125230 0
178600 0
286330 1
085872 0
238909 0
088768 0
060713 0
234121 0
009965 1
139575 0
110820 0
111045 0
085982 0
130117 1
000578 1
085896 0
094148 0
130523 1
018502 1
256689 0
122296 1
018496 0
213295 0
258710 0
141287 0
012694 1
079681 1
188924 1
150085 0
183932 0
009783 1
000575 1
028011 0
222309 0
079686 0
242725 0
121176 0
130528 1
130820 0
066890 0
067434 0
266089 0
114808 0
123308 0
103434 0
165268 0
121004 0
079726 1
149740 0
273117 1
180027 1
034649 0
287063 0
050234 0
085824 1
025092 1
137916 0
050337 0
171720 1
014042 0
283750 0
172251 1
183627 0
124251 0
058740 1
203337 1
108869 0
018621 0
006083 1
126100 0
135964 0
178576 1
186101 0
144192 0
132971 0
063307 0
288704 0
273176 0
075393 1
124252 0
126206 0
178588 0
150096 1
197208 0
081579 0
052278 0
150143 1
086490 1
006102 1
180034 0
171677 0
218388 0
120332 0
114945 0
079459 1
241646 0
197600 1
085956 1
017369 0
122413 0
146870 0
011959 0
128696 0
059888 0
145246 1
079458 0
198998 1
111183 0
262129 0
042458 0
145223 1
059037 0
143038 0
275796 0
017132 0
009009 0
184770 0
009651 0
121076 0
227831 0
132227 0
017429 1
199002 1
160620 0
120438 0
139274 0
199008 0
017541 0
002600 1
188929 0
010568 0
135099 0
002755 1
142765 1
002593 1
063960 0
123508 0
261445 0
132485 0
138804 0
114580 0
132728 0
170104 0
163567 0
200050 1
023901 0
118792 0
102163 0
018176 0
130828 1
157634 0
129529 0
079982 0
186860 0
016433 1
163342 0
150335 0
012616 0
225590 0
028965 0
263303 1
064745 0
072650 0
016632 0
077233 1
270928 1
113816 0
006553 0
275235 0
075014 0
230268 0
124109 0
100914 0
139104 0
037087 0
125479 0
075962 1
038565 0
077257 1
082079 0
125254 0
132199 0
079536 1
157848 0
040325 1
122224 0
075959 0
191703 0
223458 1
019655 0
170202 0
148593 0
188925 0
145706 0
124244 0
150171 0
012178 0
058234 0
116440 0
067168 0
142036 0
081667 1
102851 0
152346 0
170203 0
223476 1
066784 0
134968 0
168229 0
188923 0
081603 1
081742 1
118034 0
130119 0
174029 0
076299 0
017218 1
081045 0
129659 1
146732 0
152621 0
078053 0
203881 0
121652 0
168040 0
009098 0
113405 0
231561 0
037796 0
007744 0
000134 0
070322 0
021484 0
175334 1
017146 0
185919 0
195133 1
087208 0
026754 1
037798 0
072216 0
120668 0
128465 0
060615 0
036465 0
286954 1
244969 0
175355 1
287389 0
009431 0
119973 0
193990 0
093183 0
130838 0
195121 1
178132 0
286936 1
128697 0
123035 0
214371 0
140898 0
078472 0
238899 0
261576 0
260173 0
016304 0
123754 0
188926 0
195666 0
169001 0
127339 0
123399 0
016587 0
155594 0
215202 1
046437 0
188930 0
006250 0
261722 0
222558 0
134619 0
227797 0
175259 1
215199 0
078862 0
144885 1
195555 0
160309 0
060619 0
175217 1
215258 0
079428 0
279672 0
113434 0
177845 1
158607 0
231735 0
288344 0
268617 0
064915 1
177843 1
064984 0
035994 0
135264 0
216787 0
112204 0
148229 0
175005 0
177067 0
067321 0
242420 0
268813 0
064909 1
266563 0
278258 0
009613 0
111202 0
115609 0
221809 0
146697 1
100731 0
008645 0
143144 0
192965 0
064795 0
205383 0
081744 0
064695 1
159860 1
065085 1
159869 1
160980 0
065158 1
223971 0
162713 0
032110 1
000411 1
065078 1
080518 1
079754 0
145475 0
160529 0
150003 0
066533 0
162689 0
139068 0
097565 0
188932 0
065173 0
062093 0
160869 0
030839 0
065172 0
006557 0
105389 0
065181 0
032115 1
089596 0
136846 0
280886 0
108153 0
062719 0
075936 0
110932 1
240088 0
069680 0
160870 0
150134 0
051596 0
110858 0
080510 0
005190 0
077661 1
148580 0
216687 0
078934 0
110927 1
147054 0
011649 0
000260 0
178042 0
009941 0
178750 0
018473 0
148455 1
072913 0
051646 0
110570 0
041036 0
124529 0
159911 0
126755 0
129412 0
177869 0
140566 0
111315 0
210584 0
152986 0
113669 0
148800 0
027362 1
003447 0
022409 0
159914 0
077652 1
007387 0
094140 0
059042 0
133900 0
146033 0
023547 0
018314 0
111191 0
111192 0
233495 0
102847 0
203862 0
171463 0
098459 1
144512 0
111233 0
120613 0
082463 0
065084 0
101665 0
130186 0
119962 0
102853 0
018088 0
200385 0
156735 0
138451 0
227248 0
014143 1
005219 1
226177 0
076007 0
004516 0
227228 0
140115 0
230451 1
069789 0
163350 0
011878 0
154623 0
225970 0
046794 0
102699 0
113355 0
168996 0
134251 0
283132 0
077976 1
111085 0
132014 0
079191 0
135324 0
157017 0
011233 0
008193 0
122872 0
092285 0
044988 0
282068 0
233804 0
062582 0
123511 0
174752 0
226313 0
012333 0
034278 0
261955 0
061227 0
078082 1
166248 0
145268 0
253090 0
121973 0
007474 0
140914 0
121887 0
145780 1
198958 1
052085 0
088621 0
017380 0
095479 1
060984 0
250362 0
186157 0
262539 0
037139 0
073173 0
169314 0
155967 1
259723 1
063000 0
155928 1
012704 0
234494 0
259724 1
148730 1
155959 1
155929 0
242222 0
155953 0
095630 0
139039 0
121410 0
010027 0
062583 0
146640 0
244908 0
006583 0
007336 0
067208 0
000910 1
156008 1
220186 0
272777 0
156004 1
156349 0
124900 0
148709 0
124875 0
065030 1
094121 0
065638 1
035929 0
008934 0
014285 0
120071 0
278660 0
094183 0
266253 0
018128 0
126650 0
006457 0
119637 0
191680 0
093860 0
198955 1
207222 0
061509 0
227155 0
139926 0
199073 0
079441 0
124540 0
186265 1
121602 0
009048 0
244968 0
069679 0
016221 0
140116 1
127686 0
005017 0
119601 0
186289 0
170011 0
198953 0
176823 0
140066 1
027688 0
123593 0
116014 0
017874 0
013966 0
140067 1
184996 0
198961 0
127629 0
142046 0
287037 0
119396 0
196671 0
008705 1
018033 0
111273 0
009251 0
129417 0
124245 1
158314 0
010714 1
075639 0
140892 0
010461 0
126313 0
078390 0
195556 0
128808 0
231053 0
179849 1
276092 0
159074 0
062917 0
227058 0
116171 0
079028 0
111594 0
156485 0
195593 0
156311 0
231560 0
078987 0
221224 0
221782 0
225876 0
232066 0
127301 0
042665 0
193111 0
077654 1
144816 0
176638 0
015364 0
073429 0
285945 0
084600 0
014670 0
025951 0
199074 0
119668 0
037860 1
090151 0
007896 0
058472 1
000582 1
044290 0
163071 0
156477 0
196683 0
037906 1
185920 0
078764 0
004411 0
285574 1
037821 1
152106 1
037802 1
018774 1
285563 1
037801 1
227141 0
037815 1
075780 0
152111 1
163142 0
037888 1
037928 0
094630 0
123420 0
059294 0
124045 1
234162 0
067134 0
226123 0
182586 0
289259 0
110213 0
038925 1
051802 1
051798 0
244963 0
202021 0
155664 0
124079 0
069681 0
079725 0
137533 0
135375 0
124126 0
021482 0
137098 0
227780 0
196732 0
005683 0
051772 0
027300 0
131586 0
156268 0
116438 0
196779 0
170806 0
161485 0
217606 0
123401 0
011900 0
129424 1
017507 1
272779 0
108228 0
147767 0
074626 0
001926 0
243760 0
018998 0
145444 0
196660 1
196667 1
025482 0
101602 0
138450 0
002870 0
170867 0
066661 0
193034 0
073691 0
119254 0
198483 0
254194 1
197385 0
007178 1
131729 0
078645 0
156476 0
129435 1
061881 0
010264 0
123020 0
123605 0
125229 0
123396 0
121099 0
115395 0
115814 0
124121 0
272775 0
078663 0
001197 0
003581 0
129423 1
227343 0
003055 0
150606 0
215816 0
027360 0
133025 0
150163 0
114805 0
113506 0
067676 0
046107 1
014219 0
259694 0
132900 0
036352 1
009499 0
131613 0
007061 0
120514 0
163330 0
133500 0
007224 1
011932 0
073948 0
118292 0
120744 1
285467 0
009244 0
140520 0
110742 0
014824 1
046174 1
120659 0
125976 0
220610 0
134577 0
175738 0
035933 0
140894 0
196735 0
090383 0
090436 0
196441 0
044071 0
036217 1
125892 1
159376 0
014650 0
125920 1
140697 0
089044 0
222118 1
148676 0
281746 0
126096 0
019554 0
102852 0
109346 0
060036 0
176837 1
218365 0
119376 0
257946 1
257945 0
078565 0
087539 0
264459 0
133005 0
074208 0
005011 0
062455 1
161840 0
017862 0
145800 0
186917 0
176839 1
119385 0
268792 0
242263 0
176844 0
191636 0
066644 0
150153 0
071488 0
129047 0
099712 0
097596 0
034643 0
174437 0
018147 0
160362 0
093907 0
119347 0
219869 1
244236 0
174535 0
219867 1
060904 0
078878 0
022616 0
175366 0
076263 0
145971 0
188412 0
006857 0
074992 0
216332 0
069632 0
271526 0
070178 1
038659 0
219799 0
115922 0
154180 0
220160 1
000611 1
001851 0
161783 0
004808 0
100413 0
257934 1
059466 1
079888 0
078924 0
282092 0
219831 1
195315 0
134253 0
219845 0
021147 0
109762 0
257930 0
095629 0
268644 0
120910 0
229678 0
103351 1
225502 0
070302 1
070344 1
046804 0
103475 1
109082 0
004365 0
103517 1
070265 1
103438 1
176256 0
145406 0
285572 0
071050 0
261938 0
006325 0
105142 0
200214 0
071042 0
124408 0
126615 0
075373 0
119600 0
128978 0
127470 0
121885 1
019644 0
104223 0
037148 0
014313 1
227265 0
115386 0
082462 0
241649 0
253488 0
034410 0
033334 0
158317 0
071168 0
104341 0
016166 0
028618 0
116331 0
200082 0
009845 0
015003 0
226178 0
116174 0
019656 0
042486 0
071049 0
142252 0
031760 1
185151 0
142226 0
104215 0
088393 0
285376 0
114095 0
067971 0
005572 0
125044 0
002442 0
110805 0
124165 0
186068 0
178589 0
104222 0
147028 0
266257 0
011491 0
102854 0
222792 0
147502 0
156280 0
131193 0
180933 0
133258 0
180382 0
012104 0
069527 0
150568 0
043489 0
129664 0
075708 0
118696 0
069173 0
124378 1
197333 0
288376 0
118569 0
124287 1
202720 0
121016 0
028213 0
287586 0
011413 0
055254 1
058340 0
161816 0
124903 0
146909 0
099001 0
007431 0
165283 0
020203 0
075059 0
131491 0
193861 0
097793 0
132196 0
160400 0
037466 0
110308 0
178426 0
149959 0
090203 0
042529 0
115991 0
194667 0
151348 0
150191 0
001493 0
009505 0
149962 0
130492 0
075394 0
033549 0
017079 0
231130 0
153691 1
264503 0
077678 0
125994 0
156275 0
255874 0
018585 0
196477 0
268873 0
079409 0
263302 1
048244 0
180934 0
002559 0
002568 1
102962 0
235111 0
238884 0
131904 0
141618 0
140891 0
121322 0
005813 0
002548 1
115487 0
244395 0
028720 0
038351 0
060874 0
153718 1
153645 1
169486 0
155064 0
147019 0
170670 0
131917 0
217076 0
193042 0
089640 0
138530 0
280731 0
099571 0
058836 0
110881 0
151907 0
055728 0
127372 0
075268 1
004431 0
109942 0
009451 0
168627 0
118555 0
254196 1
252410 1
116189 0
176138 0
088302 1
078165 0
035169 0
234710 0
227893 1
196788 0
018610 0
109556 0
148222 0
079225 0
028648 0
269873 0
286889 0
030250 0
170420 0
113702 0
170362 0
025957 1
227885 1
228764 0
108164 0
199507 0
025942 1
076038 0
199274 0
034413 0
001780 0
283749 0
101973 0
102700 0
002171 0
138961 1
231150 0
007890 0
061803 0
024095 0
203878 0
081113 0
112487 0
045031 0
015393 0
119346 0
155984 0
176199 0
159599 0
038636 1
139016 1
123540 0
134454 0
279104 0
031225 0
139019 0
064718 0
035956 0
093743 0
215789 0
110061 0
195797 0
196773 0
129024 0
061806 0
034478 0
146691 1
135331 0
125896 1
095319 0
015056 1
011701 1
125907 1
124906 0
123764 0
017698 0
202452 0
187337 0
172894 1
231076 0
125887 1
004349 0
146743 0
121899 0
118386 1
125669 1
029682 0
145552 0
