250302 1
250390 1
240797 1
086986 1
086998 1
080670 1
080644 1
087065 1
086943 1
087068 1
087069 1
277198 1
277200 2
277204 1
101905 1
269006 1
066933 1
243873 1
243825 1
243783 1
243867 1
243913 1
078083 1
078074 1
091637 1
086886 1
086897 1
087037 1
087040 1
089292 1
005708 1
087067 1
067757 2
086775 1
086783 1
020327 2
088160 1
088143 1
086649 1
086677 1
269503 2
269506 2
280271 1
280238 1
087030 1
087062 1
090870 1
090829 1
078213 1
077470 1
168254 1
168033 2
168006 1
278912 2
278867 1
243884 1
078068 1
078046 1
077649 1
077701 1
086826 1
086877 1
089267 1
085671 1
085661 1
241467 1
228417 1
226249 1
240766 1
019535 1
078013 1
030733 2
087041 1
087036 1
278712 2
086892 1
243994 1
251520 1
086922 1
089733 1
090043 1
098874 1
098921 1
254972 1
249389 1
211669 1
248977 1
086719 1
086754 1
243626 1
241195 1
087029 1
087059 1
278591 1
271433 1
271603 2
278814 1
250819 1
261153 1
255880 1
243616 1
241149 1
080709 1
090709 1
241217 1
090758 1
086239 1
086220 1
090848 1
090827 1
090860 1
259928 1
087428 1
259889 1
278761 2
241435 1
108396 1
020021 2
020022 2
019998 2
087320 1
087323 1
087307 2
087306 2
086818 1
227981 2
272285 1
006931 1
199461 2
257788 2
276174 2
276176 2
046157 2
085559 1
085314 1
148647 2
148885 2
148950 2
029598 1
147386 2
163304 1
230705 2
240241 1
232999 1
270287 2
278154 1
242592 2
264291 2
080786 1
199595 2
242790 1
005608 1
120211 1
078323 1
222744 2
199481 2
199550 2
163295 1
223695 1
223673 2
087278 1
086767 1
086800 1
120209 1
120150 2
089324 1
005597 1
120192 1
241436 1
097311 1
097250 1
237701 0
087412 1
271161 0
087411 1
087410 1
087414 1
284298 1
091070 1
091059 1
078179 2
233303 1
251352 1
066876 1
233697 1
271620 1
233263 2
118131 1
278453 1
086794 1
233126 2
233141 1
271630 1
089540 1
237031 1
086546 2
101904 1
089535 1
278442 2
086536 2
086524 1
249343 1
086554 2
255890 2
249219 1
082889 1
087032 1
030734 1
086034 1
272888 1
258775 2
258760 2
019330 2
185465 0
278753 2
086080 1
278771 2
094120 1
258215 2
087581 1
087614 1
087604 1
087395 1
271127 2
087889 1
233247 2
087049 1
233331 2
087893 1
087963 1
271297 1
262078 2
262079 2
087384 1
120281 1
241169 1
005672 1
233693 1
120283 1
241439 1
243882 1
271134 1
271295 2
270934 0
019327 2
244078 1
126403 0
093897 1
087888 1
028237 1
029071 1
029069 2
261764 2
272331 2
273467 0
272699 1
127931 1
029067 2
241536 1
261871 2
261296 0
272661 1
087892 2
070580 1
235820 1
087354 1
070581 1
235828 1
261872 2
239575 1
103754 1
078095 2
277014 0
103753 1
029433 2
255884 1
070598 1
103771 1
225939 1
087355 1
252918 1
249956 1
087962 1
227732 1
240303 1
252371 1
278356 2
252440 1
127871 1
235829 2
233400 1
272333 2
235849 1
080467 1
222603 1
235870 0
249830 1
029270 1
243786 1
229131 2
234619 0
243784 1
081057 2
244165 1
005714 1
272422 2
080470 1
080440 1
067144 1
081353 1
256857 1
241168 0
228665 2
228646 2
067159 1
080806 2
140256 1
249831 1
029066 0
080801 2
081350 2
200621 1
147352 0
080808 2
200346 1
083096 1
236582 0
238079 0
080506 1
032384 1
080810 0
032359 2
200622 1
117254 1
200733 1
081474 0
277659 2
249832 1
238810 0
226422 1
032357 2
082856 1
078168 2
007734 1
254477 2
254479 2
254492 2
254599 0
032314 2
226464 1
086418 1
276493 2
133695 0
254467 2
244799 1
209298 0
078218 1
256279 1
256214 1
067016 1
244831 1
113062 1
272098 1
254469 2
210741 1
276478 2
272119 2
272127 2
077875 1
067006 1
197493 0
083496 1
005716 1
140331 2
260413 0
083468 0
066935 1
067035 1
254657 0
078024 1
257156 0
086974 1
278250 2
108822 1
140350 2
083467 0
140385 2
140387 2
108846 1
108848 1
078084 1
140335 2
120335 1
140342 0
081486 0
256920 2
256878 1
239871 1
278251 2
086989 1
007212 1
087417 1
120305 1
248689 1
086166 1
249549 0
120769 1
254659 0
140401 0
066777 1
278285 2
066812 1
091111 1
278291 2
257279 1
086992 1
278198 0
249405 1
257339 2
257366 1
005709 1
228797 0
120330 1
160706 0
005828 1
086150 1
003437 2
057903 2
237155 0
264583 0
257639 0
120440 1
006859 0
074487 1
272460 0
261294 1
074488 1
169969 0
107660 1
236618 0
107661 1
208656 0
067126 0
083027 1
066823 0
083039 1
127597 2
127596 2
231329 0
042386 2
260251 0
082238 0
087100 1
228793 1
017513 0
244239 1
253835 0
032835 1
229689 1
014852 1
004562 0
087366 1
197530 0
087363 1
140347 0
140390 0
287972 0
087238 1
140399 0
119297 1
077619 1
077432 1
229745 1
140348 0
119352 0
129431 0
226210 0
077433 1
278878 1
239936 1
077324 1
254158 1
077310 1
277050 1
067185 1
278142 1
239836 1
067109 1
087328 0
265815 1
156294 1
086606 1
240922 1
086574 1
229638 2
087035 1
265845 0
242157 0
087042 1
230488 0
268470 0
087450 2
119351 0
087358 1
077974 0
229637 0
220167 0
082684 1
066934 1
077312 1
193534 0
239549 0
005018 0
059595 0
119397 0
083411 0
168559 1
269818 0
168042 0
254102 0
175170 0
168877 1
231930 0
168136 0
250487 1
233543 1
166211 0
091700 0
086599 1
134006 0
125916 1
233375 0
087479 0
042158 0
014804 0
080999 1
250738 2
265608 0
125915 0
239369 0
228220 1
077225 1
124362 1
121649 0
077977 1
265402 0
040179 0
067369 0
158989 0
107838 0
244083 1
281859 0
235731 0
244070 1
006762 1
271341 0
059473 0
077516 1
240730 0
029032 0
232280 0
100940 0
268251 0
014203 0
077693 1
192405 1
277907 0
005742 0
014647 0
066915 1
233696 0
029847 0
192280 0
061409 2
242344 0
218876 0
248670 1
186843 0
224205 0
067851 0
059474 0
244064 1
192245 0
042330 0
082212 1
270932 2
050359 0
082210 1
005661 0
083395 0
082204 1
082211 1
082205 1
004067 0
118771 0
226266 2
081381 0
126518 0
238076 0
067741 1
226267 0
147608 2
116234 0
092198 0
156534 0
273512 0
060324 0
244417 1
232666 0
253901 0
087436 1
079485 0
238314 0
154708 0
127292 0
042165 0
066748 0
208249 0
009159 0
242126 0
027528 0
277417 0
133696 0
050726 0
077361 1
120356 0
107949 0
281842 0
005635 0
254076 1
143534 0
067047 0
129421 0
243762 1
244970 0
042321 0
031580 0
043160 0
086600 0
123356 0
168181 0
082792 0
242798 0
175156 0
011583 0
081511 0
092153 0
254106 0
210417 0
120236 0
233369 2
116877 0
083051 0
150695 0
227337 0
231974 0
077357 0
187394 1
232998 0
284297 0
241737 1
109759 0
241735 0
197088 0
231724 0
068103 0
121650 0
249543 1
009673 0
275887 0
265620 0
270200 0
252706 0
244101 0
241924 0
095345 0
108120 0
231332 0
088743 0
023161 0
243366 0
034768 1
082871 0
130561 0
020543 1
093063 0
251508 0
077356 0
071363 0
076252 0
130024 0
220653 0
089458 0
009441 0
243597 0
284684 0
277908 0
197034 0
277912 0
091852 0
108484 0
236494 0
225295 0
068506 0
288636 0
030307 0
278384 0
097583 0
242671 0
239341 0
104536 0
111703 0
273095 0
265059 0
091806 0
089738 0
000881 0
066932 1
071782 0
086791 0
169509 0
194884 1
019350 0
194939 0
194962 0
281845 0
225082 0
124114 0
253857 0
100948 0
081701 0
018056 0
069474 0
232651 0
088710 1
228822 2
187530 0
251497 0
086377 0
176742 0
167041 0
194963 0
060323 0
242638 0
134044 0
162940 0
154707 0
091517 0
176744 0
061562 0
109128 0
058385 0
260254 0
025238 0
005794 0
023164 0
238801 0
071157 0
250127 0
175284 0
111567 0
087459 0
117291 1
131030 0
053106 0
117335 1
015422 0
174777 0
253924 0
169472 0
222009 0
236520 0
078169 0
244087 0
170009 0
005779 0
006227 0
282849 0
005744 0
099941 0
113601 0
205345 0
061527 0
116007 0
081709 0
120393 0
003416 0
027517 0
253487 0
101571 0
235877 0
236474 0
234796 1
234528 1
080186 0
242797 0
086415 0
027459 0
166113 0
068462 0
244767 0
243856 0
228923 0
233558 0
255932 0
068752 0
071888 0
242784 0
025716 0
211773 1
130033 0
091414 0
211745 1
091864 0
264290 0
236416 0
199863 0
155218 0
226844 0
008519 0
042715 0
218000 0
238961 0
244768 0
078391 0
066649 0
278709 0
082233 0
119041 0
009358 0
168507 0
087466 0
253663 0
174480 0
077672 0
108561 0
272782 0
141148 0
039144 0
068434 0
010929 0
243495 0
189247 0
008672 0
253828 0
101558 0
221040 0
036390 0
225273 0
220588 0
039477 0
031663 0
232052 0
238378 0
239561 0
082059 0
270206 0
086378 0
170805 0
239131 0
235734 0
051527 0
232458 0
081122 0
283244 0
289817 0
115088 0
006004 0
242783 0
116878 0
233469 0
003419 0
078713 0
007028 0
166854 0
226564 0
257380 0
259912 0
003228 0
089166 0
059874 0
228836 0
117736 0
235735 0
231296 0
234592 0
272775 0
087248 0
225238 0
281864 0
068124 0
000551 0
095877 0
174669 1
174664 1
288342 0
175235 0
027468 0
091684 0
075640 0
251314 0
253958 0
198974 0
006172 0
272072 0
252841 0
232413 0
000585 0
041553 0
259155 0
081504 1
088229 0
268679 0
238547 0
101277 0
163076 0
242497 0
068579 0
175201 0
260366 0
061919 0
118094 0
085023 0
242780 0
087344 0
022144 0
160113 0
033021 0
026724 0
006194 0
123357 0
228892 0
167538 0
170004 0
175164 0
225219 0
257931 0
221992 0
134777 0
050565 0
107988 0
050044 0
065390 0
259908 0
220813 0
197492 0
236510 0
078300 0
086310 0
167683 0
025299 0
204366 0
286138 0
063204 0
087736 0
239355 0
086790 0
265325 0
005720 0
039436 0
251868 0
211411 0
182132 0
166409 0
075331 0
243318 0
016551 0
053395 0
115782 0
011686 0
095101 0
158621 0
239347 0
086387 0
228924 0
253903 0
225291 0
175197 0
210692 0
114937 0
181194 0
030306 0
002086 0
229648 0
007638 0
175029 0
175134 0
181911 0
078210 0
170475 0
121648 0
031366 0
067365 0
067061 0
078410 0
029620 0
234617 0
114499 0
086144 0
238533 0
242376 0
087714 0
125938 0
174948 0
239878 0
161073 0
170221 0
001391 0
197142 0
043885 0
030165 0
273092 0
170222 0
111644 0
239683 0
086691 0
286124 0
147655 0
260382 0
029766 0
120045 0
145217 0
166782 0
137406 0
244774 0
241541 0
047800 0
222720 0
174887 0
198975 0
244785 0
229859 0
202648 0
257556 0
242556 0
091699 0
118942 0
169473 0
266306 0
210705 0
238527 0
006002 0
111566 0
