229351 1
229356 1
229358 1
234490 1
231388 1
234119 1
233919 1
227946 2
234388 1
234389 2
231229 1
231233 1
231243 1
231230 1
231234 1
231244 1
231228 2
231232 2
231242 2
228972 2
231283 2
231286 2
231313 2
231307 2
229194 2
229047 2
229357 2
229359 2
229021 0
231271 2
231255 1
231272 2
229352 2
231302 2
231411 1
231409 1
231424 2
231609 1
136485 0
017844 2
234390 2
229011 2
239745 0
234086 1
242928 2
242982 1
242922 1
242910 1
242895 2
136301 1
136299 1
136326 1
256312 2
229179 2
256301 1
194720 1
229238 2
229241 1
194722 1
229516 2
229531 1
196314 1
196586 1
196598 1
196600 1
136293 0
231112 1
231119 1
229424 2
231120 1
229361 2
231148 2
229310 2
229255 0
221595 2
221631 2
158734 1
221636 2
221682 2
234087 2
234052 2
142218 0
229289 0
234012 1
229439 1
229548 2
229207 2
228693 0
161987 0
241100 0
239329 0
155637 0
221680 2
239253 0
289099 0
191439 1
191054 1
136208 0
196315 1
191448 1
196587 1
196599 1
196601 1
220435 0
191053 1
196537 0
239800 0
208778 0
143601 0
224832 0
222154 0
235168 0
231433 0
009330 0
239739 0
206940 0
200193 0
093237 0
267532 0
224521 0
207182 0
136512 0
170262 1
170559 2
170767 2
170739 2
170776 1
170765 2
015689 0
233952 1
233944 1
009546 0
241105 0
229423 1
195958 0
235785 0
224895 0
197156 0
227212 0
238924 0
232838 0
099743 0
281543 0
284870 0
221681 2
221630 2
221635 2
221594 1
155631 0
008674 0
265451 0
260651 0
196036 0
240121 1
190276 0
121806 0
244621 0
232015 0
229148 0
227223 0
083140 0
143206 0
209427 0
211929 0
198599 0
239330 0
208779 0
099712 0
196536 1
273053 0
078643 0
228533 0
272957 0
007800 0
018050 0
236007 0
196538 0
211931 0
269539 0
242707 0
265266 0
142221 0
231504 1
171667 0
169215 0
238182 0
147924 0
229074 1
222240 1
024216 0
155615 0
231431 0
234297 0
273998 0
137326 0
231304 0
234286 1
230946 0
289101 0
234886 0
171708 0
235166 0
220444 0
269447 0
239256 0
251280 0
193466 0
159994 0
060392 0
196477 0
143220 0
231828 0
239323 0
155765 0
121913 0
235780 0
239258 0
230805 0
224840 0
225613 0
161991 0
230960 0
171674 0
192966 0
202410 0
200086 0
232912 0
265357 0
224131 0
234726 0
234727 1
234782 1
234682 0
143643 0
221998 0
231382 0
234781 0
231212 0
237246 0
188119 0
265272 0
221703 0
235457 0
231432 0
242713 0
025187 0
192008 0
233659 2
233648 2
122701 0
147449 0
