158922 2
006786 2
120466 2
005342 2
119850 2
006780 2
120462 2
119846 2
006785 0
120465 0
006783 2
120463 2
006784 0
026641 2
026347 2
077410 2
082642 2
077760 2
075820 2
076153 2
075778 2
075784 2
002204 2
178752 1
178713 1
178696 1
178615 1
178592 1
069102 1
102275 1
079078 2
224867 1
224875 1
224876 1
155971 2
075040 1
027150 2
076286 2
076304 2
076403 2
232859 1
232864 1
141615 0
273696 0
117225 1
110114 2
110373 2
082151 2
111120 0
075479 2
165086 1
165084 1
284679 1
284680 1
224226 1
000428 2
207853 1
033090 2
158965 0
165077 0
076898 0
011219 2
144752 2
144806 2
285292 0
096720 0
107948 2
018228 2
128947 2
107959 2
108052 2
011047 2
112565 2
112584 2
160977 2
161029 2
161033 2
230825 0
015206 2
207954 0
125541 2
003986 2
019066 2
190449 0
206863 0
002461 0
230775 2
220481 2
220479 2
153493 2
164990 2
153518 0
159866 2
159857 2
165079 2
159895 1
217696 0
159880 1
159881 1
165140 2
159870 2
165121 2
165105 2
012774 0
029250 0
005745 0
109845 0
258684 0
201650 0
222792 0
239253 0
120464 0
194880 0
127156 0
275892 2
275932 2
273700 0
190903 0
034150 2
003289 0
076984 0
129828 0
052946 2
014277 0
130677 0
006603 0
243663 0
206665 0
024295 0
188714 0
269910 0
012260 0
231390 0
080788 2
153530 0
120359 0
080660 0
046905 0
096724 2
039338 0
059529 1
059651 0
081075 1
081045 1
081072 1
081109 0
289330 0
129711 2
129708 2
131745 2
081090 0
129675 2
129700 2
129689 2
059523 0
120592 0
059197 0
230206 0
285286 0
000265 2
065841 0
075342 1
158971 0
012942 0
059686 0
027779 0
139571 0
131901 0
076989 0
023054 0
081289 0
233901 0
194881 0
192453 1
192015 0
233912 0
013171 0
108231 0
258700 0
139756 0
178593 0
064632 0
154598 0
206874 0
190461 0
124458 0
025404 0
076791 0
130873 0
120358 0
020053 0
021615 0
069297 0
007018 0
221962 0
015002 0
005639 0
219854 0
226451 0
120245 0
003924 0
064676 0
230104 0
028640 0
120629 0
230832 0
138888 0
020969 0
109852 0
039553 0
070644 0
193616 0
033398 0
084068 0
025311 0
148809 0
113824 0
130656 0
155245 0
267623 1
267620 0
135719 0
057097 0
128142 0
148326 0
032484 0
086802 0
007800 0
077441 0
028694 0
032501 0
207864 0
092013 0
059498 0
175493 0
