111669 2
111692 2
111697 2
111696 2
117387 1
117325 2
117275 2
115900 2
130288 2
130252 2
007624 2
108360 2
117625 2
117582 2
117503 2
116998 2
117338 2
116831 2
124249 2
124256 2
005338 2
119843 2
119791 1
124523 2
124525 2
009484 1
121949 1
121936 1
004902 1
142803 0
149446 0
165006 2
165010 1
165009 1
165030 2
136026 0
273746 1
273748 2
061140 0
116811 0
238415 0
139696 0
066037 0
186119 0
113318 0
123301 0
143505 0
265809 0
226011 0
252476 0
005192 0
211460 0
141129 0
129993 0
005283 1
119771 1
190421 0
143536 0
121973 0
150498 0
268962 0
110559 0
189685 0
108210 0
266533 0
126174 0
089308 0
087548 0
240112 0
238401 0
132581 0
140422 0
240837 0
143280 0
231207 0
276066 0
161796 0
252506 0
013025 0
