211696 2
211748 2
181304 2
211698 2
126011 1
014706 1
126010 1
138972 2
120130 1
120139 1
120142 1
120140 1
120156 1
005589 2
120180 2
004783 1
119058 1
011488 2
122751 2
004581 1
118783 1
005575 2
120164 2
120154 2
005599 2
120194 2
009042 2
119613 2
118385 2
004271 2
118408 2
004270 2
118407 2
118395 2
118393 2
118398 2
118392 2
118397 2
005834 2
120455 2
120450 2
120449 2
005309 2
119806 2
005371 2
119895 2
119786 2
119844 2
005132 2
119543 2
004794 2
119072 2
014845 2
125872 2
119071 2
125865 2
130855 2
012509 0
014967 2
125763 2
125764 2
119178 2
119177 0
004849 2
004331 2
119131 2
118452 2
116549 0
004275 2
118418 2
004273 1
119116 2
118409 2
014848 2
125868 2
118414 1
118428 1
004323 1
118445 1
001586 2
001681 2
001766 2
087372 0
132770 2
004212 2
132773 1
132778 1
118273 2
095515 0
100189 0
118312 2
004727 2
118988 2
132767 2
131101 2
118987 2
118755 1
108466 0
123931 1
118748 2
131021 2
128168 2
118751 1
005236 1
015050 2
119691 1
118105 0
001063 2
118709 0
125674 2
119081 1
005498 1
131872 1
002436 0
120080 1
119032 1
119136 2
133397 1
004818 1
119096 1
119145 2
133396 1
065684 1
133391 1
133473 1
065690 0
133481 1
009054 0
002494 1
120968 1
118284 2
120959 1
007942 2
118285 2
118298 2
007481 1
120962 1
122760 1
122761 1
122764 1
122769 1
004877 2
011550 1
122772 1
120971 1
007949 1
121364 1
120963 1
120969 1
120960 1
121356 2
121363 1
130964 1
131008 1
131009 1
131017 1
009150 0
090994 0
129996 1
005130 1
119537 1
004676 2
118896 2
119181 2
011676 1
004575 1
011763 1
010509 1
118779 1
118874 2
004682 2
142570 1
118908 2
137977 1
119963 2
011924 1
011697 1
129062 1
005497 2
124743 1
120077 2
124919 1
147869 1
018075 0
130474 0
172766 1
172765 1
144749 1
120078 2
144778 1
144716 1
120040 1
120693 0
119652 1
144892 1
119651 1
005340 1
119848 1
004994 1
119362 1
005250 1
128440 1
119361 1
124969 1
005227 1
119719 1
119678 1
258283 1
011850 1
124964 1
009549 1
126306 1
010276 1
147217 1
130275 1
122605 1
163863 1
004732 1
118990 1
240376 1
163859 1
240277 1
011709 1
163843 1
118707 1
155794 0
237275 1
005177 1
126300 1
004531 1
010102 1
122404 1
012464 1
004422 1
118581 1
122984 1
118597 1
119618 1
285461 1
118589 1
118743 1
122400 0
285468 1
125194 1
118501 2
011740 1
142011 1
007496 0
011739 1
151208 1
123525 1
123526 0
237753 1
155801 0
277046 0
004863 2
127204 1
119132 2
118647 1
007556 1
005262 2
127189 1
119732 2
009903 1
119154 2
124241 0
121047 1
122246 1
127188 1
127178 1
004417 1
004387 0
118574 1
118572 1
151196 1
118502 0
124755 1
010221 0
015180 1
120830 1
123493 1
120865 1
005588 1
012377 0
237672 1
125565 1
120179 1
118976 1
007227 1
120784 1
120172 1
004875 0
146774 1
112732 0
123470 1
005583 1
004677 2
123496 1
120173 1
018264 1
128545 0
118897 2
004897 1
119232 1
118940 0
011774 0
005180 1
119622 1
118965 1
128927 1
118498 0
135200 1
069684 0
118878 2
125280 1
118967 1
098963 0
004725 1
118984 1
123554 1
125281 1
015468 1
125279 1
009747 1
122143 1
005261 1
118955 1
227239 1
119626 1
004707 1
118948 1
118950 1
118983 1
144800 1
179808 1
119649 1
119731 1
005214 1
005260 1
119730 1
124359 0
005570 1
118961 1
119661 1
119107 1
118778 1
004865 1
119157 1
005477 1
118787 1
115485 0
120158 1
179744 1
144780 1
179748 1
131288 0
001429 1
120041 1
127093 1
259688 1
141906 0
194236 1
018451 1
119414 0
127053 1
009342 1
004321 1
154507 0
148818 0
118443 1
118899 1
118412 1
080201 0
123654 1
121812 1
128794 1
123656 1
123965 1
123972 1
123970 1
123973 1
124036 1
118500 0
121808 0
118735 1
118898 1
001030 0
118904 1
004601 0
118932 0
011487 1
012517 0
005737 1
120350 1
004525 1
120326 1
135556 0
006915 1
176031 0
120529 1
122541 0
128370 1
116622 0
006928 1
120542 1
120537 1
119935 2
128246 1
148726 0
118698 1
118657 1
004500 1
004951 1
008024 1
118699 1
004896 1
121425 1
119231 1
184751 1
119305 1
119217 1
004991 1
005794 1
119357 1
009601 1
120404 1
290080 0
120051 0
008003 1
121411 1
007894 1
005251 0
101966 1
121318 1
121305 1
140690 1
007813 1
121229 1
140711 1
149927 1
005091 0
140682 1
008542 1
007344 0
193345 1
028651 0
124916 1
017188 1
120032 1
007429 1
124881 1
062099 1
101066 0
124854 1
124880 1
004462 0
124819 1
120942 1
012128 1
111721 1
120031 1
011978 0
111720 1
009780 1
122012 0
251045 1
111712 1
005467 1
120033 1
123287 1
005606 1
124204 1
120207 1
111226 1
122175 1
251044 1
128060 0
131384 0
115476 0
012313 0
007930 0
004428 1
115478 0
004498 0
118605 1
119193 1
123635 1
009005 0
124403 1
123641 1
005637 1
123642 1
124261 1
123232 2
100853 1
123524 1
148808 0
120949 1
100852 1
120946 1
120241 1
123503 1
007353 1
120888 1
123838 0
124478 0
100609 1
167652 0
101974 0
012508 1
108297 1
124485 1
121559 0
017309 0
111541 0
108289 1
004752 1
119024 1
176788 0
108368 1
119149 0
108393 1
119019 1
174037 0
123547 1
118808 0
100257 0
191172 1
243929 1
011845 1
011941 1
168029 0
144627 0
124532 1
011894 0
182319 0
133008 0
148263 0
017366 1
014294 0
010179 0
123548 1
193466 1
120181 1
005590 1
176654 1
009660 0
011293 0
068467 0
120183 1
123590 0
062059 1
124663 0
180049 0
108356 0
123869 0
007503 1
124182 1
058346 0
120993 1
125141 0
004572 0
124034 1
112155 0
138953 0
278406 1
142488 1
221535 1
147994 1
180613 1
004909 1
124222 1
119259 1
109519 2
221534 1
007081 1
146398 0
278408 0
120958 1
120677 1
186807 1
223272 1
120703 1
005790 1
147494 1
010452 1
186805 0
005552 0
120399 1
278405 0
120336 0
147989 1
149471 1
260713 0
147978 1
120268 0
149585 1
222331 1
285303 0
057926 0
062097 0
117131 0
009049 1
120441 1
139020 1
124310 1
139018 1
124264 1
006653 1
120442 1
222433 1
132981 0
004703 1
121234 0
120443 1
126789 1
120444 1
140289 1
118941 1
222652 1
127594 0
222106 1
260616 0
009012 1
121533 1
036470 1
222988 1
145865 1
145851 1
005831 1
145892 1
120452 1
120423 1
160570 0
137264 0
195553 1
223832 0
232577 0
124611 1
004625 0
195557 0
289914 1
036468 1
009011 1
121531 1
120696 0
186801 0
095442 0
001356 0
112892 2
112884 2
012438 0
005383 1
112845 2
112830 2
011958 1
122873 1
118938 1
009668 0
119914 1
009654 0
146509 1
233308 0
004469 0
127444 1
122876 0
004514 1
088688 1
130110 0
086550 0
148220 0
114389 0
120422 1
147687 0
088687 0
182867 1
120470 0
006845 1
006807 1
088677 0
122979 1
007661 1
011289 0
126082 0
028580 1
118719 1
124032 0
059788 0
121115 1
028603 0
120486 1
009204 1
009242 1
121718 1
233294 1
145085 0
126591 0
120421 1
192942 0
027344 1
123224 0
137865 1
146401 0
069149 0
005818 1
062102 0
120433 1
186279 1
151403 0
119497 0
119312 0
133085 1
128533 0
114806 0
056144 1
116623 1
137798 1
006338 1
120075 1
122075 0
056058 1
200206 0
006307 0
005499 1
180380 0
122079 0
195554 1
145646 1
194676 1
111062 0
190348 0
115409 0
009078 1
120081 1
012037 0
131296 0
152934 0
278213 0
102002 0
243132 1
055155 0
119576 1
120065 1
004982 0
243791 1
121586 1
119572 1
124424 0
009001 1
229910 0
028632 0
007694 0
004503 1
004607 1
102857 0
146985 0
084931 1
094934 1
121518 1
087526 0
118702 1
133698 1
118526 1
036456 0
119073 0
012163 0
011269 1
094929 0
175297 0
008536 0
087316 0
094139 0
133706 1
005469 1
117130 0
125112 0
118799 1
118809 1
130861 2
121556 1
146834 0
120037 1
135559 0
212613 1
011991 1
012521 0
009050 1
147587 1
147607 1
090298 0
225555 0
145651 0
017843 0
120169 0
121554 1
121524 1
121555 1
127893 0
124361 0
118797 0
101238 0
000863 1
235639 1
018256 1
120036 0
235759 1
271954 1
271953 1
271956 1
000812 1
124031 0
144327 0
030303 0
011904 1
118175 1
128935 1
120713 1
118115 1
130967 0
162456 1
007182 0
162452 1
264478 1
264482 1
086672 1
015404 1
120694 1
125335 1
015388 1
122861 1
163245 0
231149 0
149800 0
133257 0
086361 1
086303 1
014987 1
125741 1
123599 1
064928 0
011830 1
194304 0
011477 0
128703 0
124237 0
231118 0
004825 0
123585 1
109221 1
135409 0
109081 1
108946 0
035232 0
115001 1
000010 1
141300 0
225621 1
201262 0
168192 0
114994 1
253585 1
124372 0
128721 0
117171 1
127194 0
278081 0
009959 1
253486 1
252924 1
121525 0
083870 0
253266 1
225613 0
054367 1
253238 1
253434 1
253239 0
253451 1
009161 0
115142 1
120750 0
145726 1
115163 1
183095 0
131555 0
086588 0
197951 0
280013 1
069682 0
116621 0
280020 1
118533 0
121222 0
086549 0
280004 0
123242 1
123282 1
122206 0
088225 1
088369 1
088424 1
130095 1
109740 1
088436 1
088442 1
264833 0
191565 1
109774 1
108793 1
124774 1
280002 0
122052 1
227213 1
012102 1
109108 1
122895 1
124765 0
064725 0
108402 1
108253 1
108286 1
009612 1
124749 0
227207 1
121340 1
011974 1
227221 1
133010 0
191572 1
286169 0
227224 1
116614 0
191570 1
222713 1
015166 1
011735 0
121339 1
155482 1
121317 1
121314 1
155486 1
118777 0
066419 0
258631 0
015235 0
097488 0
007145 0
211455 0
201259 0
004720 1
148977 0
132828 0
118979 1
128157 0
186176 0
229696 0
198745 0
167221 0
144221 0
171456 0
131474 0
038806 1
145703 0
038807 0
285313 0
183274 1
183280 0
039077 1
192947 0
012516 0
126811 1
128725 0
167608 0
007266 1
004146 0
018178 0
009561 1
120811 1
122010 1
111442 0
098859 0
007424 0
231151 0
122088 0
007990 1
126659 1
120695 1
121396 1
115481 1
121383 1
220529 0
212914 1
124746 0
001184 1
007132 1
174487 0
180070 0
120712 1
007080 1
005826 0
126348 1
212835 0
114208 0
110806 0
111665 1
112894 0
256665 0
129343 1
120676 1
154722 1
141785 1
129395 1
129398 1
129341 1
141844 1
120439 0
120425 0
154743 1
141790 1
015500 1
126365 1
154779 1
154774 1
234067 1
124960 0
109568 1
109462 1
086129 1
124027 0
130284 1
139561 1
125255 1
130274 0
136938 0
264813 0
117441 0
139540 1
139559 1
139617 1
134106 1
147205 0
278215 0
028627 0
284603 1
284604 1
001036 1
009010 1
118827 0
121530 1
008941 1
195551 0
127125 0
010012 1
130403 0
131873 1
036450 0
120980 0
239051 1
168809 0
124629 0
151317 0
119491 1
147081 0
142414 0
254593 0
015269 1
015225 0
146161 0
239052 1
119343 0
160401 0
125469 1
174096 0
126077 0
239010 1
239039 1
120717 0
238990 1
198482 0
239361 1
239362 1
132116 1
132210 1
130353 0
132226 1
220747 1
032125 1
141302 0
091265 1
117112 0
146451 1
012273 1
220753 0
013988 1
032127 1
146476 1
128860 0
189373 1
189492 1
118929 0
014020 1
146471 1
189449 1
035964 0
131376 0
011343 1
171403 0
124995 1
129063 0
063325 0
289915 1
009072 1
120472 0
125187 1
124030 0
184988 0
024568 0
125175 1
007144 1
124994 0
007337 1
120872 1
120716 1
079472 1
007512 0
128009 0
000843 0
121579 1
119302 0
208366 0
101911 1
126005 0
121575 1
168155 1
125193 0
155799 0
128239 0
115408 0
127434 0
167222 0
188153 0
125693 0
141286 0
011893 0
169408 0
015258 0
257807 1
069526 0
240783 0
143821 1
100719 0
158218 1
140933 0
161499 1
158208 1
257817 1
197538 1
161498 1
054426 1
158211 1
120747 1
155286 0
197375 1
231129 0
231842 0
054546 0
197368 1
089745 0
157763 0
130508 1
169409 0
054476 0
120748 1
017220 0
157799 0
121150 1
157767 0
167141 0
001903 1
125487 1
062173 1
077321 0
202439 1
160574 0
222712 0
062183 0
141018 1
229909 1
220746 0
186790 1
058929 0
137097 1
186800 0
011512 0
008472 1
161550 0
141017 1
170607 1
118801 0
122992 0
152880 1
141013 1
134516 0
220313 1
011751 0
129658 0
147122 0
128976 0
004339 0
284585 0
165130 1
006525 1
015264 1
141772 0
142251 1
007558 0
197426 0
004942 1
125472 1
094743 0
231117 1
162355 1
162170 1
163861 0
124522 0
165129 1
135321 1
119293 1
137113 1
153585 1
135649 1
149654 1
124873 0
110272 0
133200 0
133009 0
118942 0
135637 1
157800 0
136328 1
140956 1
015111 0
135283 1
135298 1
136338 1
140959 1
140948 1
136346 1
176774 1
193000 0
200213 0
164255 0
244017 0
007087 0
222535 0
259690 1
149706 1
151404 1
259692 1
115474 0
018120 1
015594 1
151407 1
012548 0
129031 1
010303 1
124864 0
164241 0
174092 0
151370 0
017932 1
259677 1
141483 0
127195 0
018630 0
199928 1
262807 1
262796 1
262808 1
173379 0
262969 1
125041 0
124904 0
023732 1
184617 0
123612 0
259673 1
243518 1
023591 1
193903 0
169724 0
259671 1
243604 1
157130 1
149390 1
118670 0
119103 0
149655 0
071433 1
104606 1
127953 0
144645 0
243562 1
157726 0
147105 0
004075 0
094892 0
191533 0
023592 0
177811 0
196958 1
131314 1
071428 1
182137 1
004432 1
104601 1
118612 1
070528 0
131743 1
115317 0
258005 1
140902 1
258002 1
125505 0
007798 0
075781 0
155767 0
027892 0
101464 0
258671 0
078797 0
133260 1
025295 0
017760 0
152937 0
192007 0
131312 0
118658 0
260343 0
137443 1
152938 0
132862 1
119365 0
261935 0
150020 1
149657 1
133261 0
015612 1
010149 0
011916 0
159256 0
046043 1
116466 0
127627 1
103701 0
015577 1
149750 1
101415 0
007818 0
045667 0
127398 0
152943 1
002007 0
148136 1
116736 0
011964 1
007560 0
122853 1
221711 1
046273 1
023054 0
036160 0
136554 1
027545 1
027546 1
046042 1
164948 0
127595 0
121642 0
015607 0
123711 1
149656 0
131301 0
186886 0
111932 0
127626 0
148632 0
099142 1
123801 1
112198 1
123824 1
112153 0
161551 0
157075 0
117058 0
161841 0
001564 1
124560 0
009562 1
260184 0
128125 1
037088 1
096498 0
148588 1
278048 1
108060 0
198485 1
121000 0
070474 0
122011 1
160214 0
258929 0
227249 0
126612 1
126598 0
278128 1
034543 1
135127 0
099113 1
140722 0
014782 1
124143 0
153060 0
085622 0
034562 1
194205 0
005815 1
110024 1
136001 0
090665 0
144341 0
125477 0
009087 0
120431 1
124060 0
180487 1
005832 1
125948 1
180472 1
120453 1
018111 0
125950 1
035231 0
130002 0
131300 0
111824 1
034810 1
180478 1
288492 1
145045 0
069678 0
174836 1
131217 0
103646 0
142287 1
201299 1
125703 0
149046 0
121095 0
244997 0
111800 0
288462 1
174501 0
140899 1
133837 1
130114 1
108329 1
180888 1
180843 1
133799 1
174848 2
180841 1
288491 1
180659 0
133787 1
133833 1
180683 1
142166 1
164144 0
180678 1
164124 1
174450 1
052279 1
035934 0
034781 1
174543 0
015304 0
018499 1
151888 0
201645 0
111222 0
120878 0
175646 0
002015 1
040245 0
015318 1
225993 0
058993 0
145583 1
140895 1
224948 1
006926 0
128701 0
096605 1
182121 1
125415 1
000065 1
243078 0
135323 0
224907 1
145679 1
140759 0
096436 0
008329 0
224908 1
225166 1
169886 0
164127 1
224870 0
231315 0
100716 0
122710 0
091576 0
170197 1
203829 1
132864 1
201227 0
132861 1
125417 1
125362 1
002004 1
186587 0
125348 1
162838 1
089860 0
047662 0
111510 1
125346 1
015389 1
125345 1
265436 1
152936 1
215442 0
225169 1
000113 0
145678 1
068459 0
126191 1
002992 1
063327 0
126170 1
127851 0
243801 0
018619 0
133594 1
096939 1
098876 0
000029 0
004905 0
175615 0
090229 0
176848 0
014669 0
058369 1
004750 0
095545 0
155679 0
096417 1
011310 1
125716 0
265415 1
265395 1
242712 0
242843 0
241298 1
123021 0
017892 0
241155 1
052258 0
096914 1
121516 0
017912 1
200804 1
141927 0
080845 0
058463 1
142227 0
200799 1
200727 1
058416 1
122645 1
011330 0
215450 0
164139 0
131750 1
199905 1
191654 1
124745 1
131740 1
151165 0
058387 1
238615 1
199898 1
141604 0
064004 1
254025 1
254039 1
010358 1
131755 1
213516 0
148079 1
085484 1
264818 0
145247 0
124771 1
085528 1
000752 0
149916 0
124767 1
121900 1
238679 1
164027 1
122679 1
004495 0
136621 1
016613 1
147616 0
120535 0
186142 1
147615 0
085485 1
124975 0
239387 1
126915 0
014575 0
164021 1
220752 0
136567 1
009838 1
136612 1
177541 0
175627 0
121896 1
164023 1
121909 1
067908 1
191355 0
121640 0
122215 1
129060 0
102855 0
241813 0
004859 1
000008 1
204033 0
109526 0
046441 0
069502 0
191099 0
090210 1
090061 1
119150 1
085615 1
090513 0
260304 0
244210 1
085598 1
244220 1
244183 1
177608 0
182221 1
159353 1
025608 0
142562 1
142556 1
004858 1
209230 0
159472 1
223254 1
159474 0
119148 1
085745 1
182247 1
158993 0
243981 0
085781 0
122295 1
119133 1
141695 0
097420 0
008471 0
159576 1
015128 1
011985 1
159634 1
076099 1
125611 1
115305 1
126911 0
264395 0
143409 1
027889 0
268738 0
076059 1
076009 1
108557 1
124979 1
128685 0
135675 0
009083 1
125889 1
125901 1
253833 0
163385 1
223253 1
125620 0
122485 0
071035 0
012148 0
163288 1
064811 1
014738 0
163321 0
121049 0
122713 0
163420 1
000713 0
108333 0
011430 0
109032 1
125613 0
163384 0
144652 0
137927 0
124226 0
114845 0
148435 0
259168 0
109186 1
199477 0
286744 1
286741 1
006577 0
143186 0
074539 1
074531 0
215427 0
170166 0
129108 0
111026 0
109132 1
182848 1
182710 1
086675 1
182768 1
011091 0
136552 0
170190 0
012160 0
228422 1
255483 1
010385 1
065180 1
086337 1
065161 1
157411 0
048544 0
125002 1
007289 0
086362 1
177604 1
118650 0
085778 0
173007 1
109167 1
130684 1
046453 1
011768 1
187131 0
153083 1
119722 0
255910 0
169000 0
257570 1
125072 1
203867 0
042208 1
135391 0
178175 1
125001 0
184793 1
257571 1
263904 1
197334 1
075874 0
127656 1
021994 0
263999 0
018174 1
257524 0
035597 0
126412 0
000342 1
015158 0
178442 1
171676 0
097016 1
257522 0
041660 1
182698 1
182786 0
242872 1
128981 1
202022 0
034641 1
154647 1
154628 1
256692 0
042334 1
197296 1
003738 1
125969 0
034679 1
145286 1
145220 1
090393 0
008369 1
141363 0
285287 1
285288 0
010218 1
173008 1
186866 0
154694 1
152764 1
026464 0
096553 0
076186 0
288037 1
173028 1
288039 1
127652 1
037378 0
173022 1
182733 0
137428 0
129980 0
285294 0
179323 0
197154 0
170191 0
182762 0
155489 0
042543 0
000873 1
005299 1
125579 0
096659 0
004624 1
011862 0
118826 1
142207 1
216021 0
121230 0
027685 0
118816 0
142199 1
008159 1
060443 1
147126 0
257444 1
119792 1
114765 0
020374 0
262401 0
285207 1
126008 0
096618 0
051843 0
119764 0
257445 1
124553 0
256383 0
257387 1
257298 0
257332 0
167740 0
125297 1
002306 1
060341 1
015465 1
019682 0
128610 1
125282 1
179433 0
064500 0
128611 1
070071 1
018250 1
004385 1
118434 0
128469 1
120987 0
017897 0
151307 0
174920 0
227560 1
124693 1
218625 0
221996 0
185853 1
080076 0
043716 0
103244 1
018383 0
223426 1
114819 0
000016 0
128841 0
243979 0
113692 0
009497 0
186859 0
181732 0
004482 0
186146 0
118522 1
227561 1
089654 1
087134 0
193015 0
155788 1
276696 1
118686 0
169252 0
142273 0
089628 1
015307 1
124233 0
227441 1
275784 0
032782 0
011643 0
125426 1
089567 0
033110 0
162682 0
236837 0
175679 0
097380 1
113527 0
125427 1
230100 0
026544 0
227250 0
123708 1
176838 1
255873 0
064351 0
012073 0
130819 0
130341 1
155830 1
139516 0
169936 0
277287 1
143571 0
010379 1
011346 1
000522 1
218897 0
131297 0
187639 0
126332 0
133624 0
177410 0
123552 0
176901 0
144101 0
220557 0
096423 0
130123 0
066958 1
102006 0
129030 1
088502 1
231123 1
231082 1
066960 1
066968 1
088477 1
223427 1
256682 0
165230 1
132867 1
223478 1
058008 0
088433 0
004966 1
088472 1
223487 1
223267 1
257383 0
185752 0
165220 1
148795 1
151864 1
289110 0
151366 1
069674 0
133042 0
136370 0
143000 1
119542 0
170878 1
119329 1
090384 0
005135 0
125125 1
141586 0
082137 0
010185 0
115512 0
130627 1
018119 1
042558 0
173827 0
147319 0
142603 0
005764 0
007005 1
119548 0
099525 1
254571 1
145450 0
011755 0
058979 0
099428 1
019365 0
150887 0
067675 1
123494 0
132818 1
004532 0
240013 0
119544 1
254565 1
004617 1
125104 1
131486 0
165248 0
130121 0
125126 1
123264 1
159481 0
205007 0
110685 0
077917 0
028099 0
118818 1
060447 1
011989 0
222307 0
128477 0
195940 1
179181 0
194012 1
225994 0
068881 0
168218 1
037059 0
128977 0
190064 1
118730 1
147362 0
095852 1
194019 1
216634 0
185794 0
231124 0
227120 1
119391 0
050478 0
052276 1
186041 1
190113 1
222371 1
051485 1
195537 1
095285 0
102675 0
183053 1
183055 1
123262 1
128756 0
093779 1
076967 0
135295 0
095738 1
165292 0
027337 0
236867 1
234409 0
183056 1
095742 1
255899 0
123553 0
040645 0
082068 0
095617 1
124046 0
095886 1
230912 1
014785 1
151341 0
182989 1
095645 1
230921 1
190112 1
125944 1
007341 1
068792 0
252893 1
108462 1
120876 1
005014 0
221167 0
097092 1
260444 1
145611 0
183045 1
260381 1
116657 1
108448 1
001018 0
030002 1
029491 1
004370 1
196244 0
150882 0
051850 0
024475 0
011814 0
018013 1
119340 1
260412 1
080017 0
163417 0
139601 0
116654 1
257558 1
116474 1
257555 1
200085 0
260122 0
116302 1
116328 0
116329 0
119013 1
139549 0
176176 0
112316 0
148008 0
176246 0
119393 0
064356 0
260198 1
007342 0
102081 0
260153 0
234020 0
036798 1
011888 0
200879 0
119339 1
075021 0
081024 0
064833 0
007980 0
157994 1
148001 0
119008 1
118469 0
187793 0
174784 0
128247 0
177155 1
231983 0
140890 0
119309 1
125595 0
144625 0
096398 0
120877 0
159204 0
044530 0
113360 1
102167 0
133181 0
147017 1
145765 1
133172 0
146159 0
155826 1
120934 1
125063 0
007335 0
001087 1
120043 1
230447 1
124736 0
157966 1
230446 1
134242 0
124528 0
032178 1
150078 0
173851 0
157937 1
007434 1
153013 1
082118 1
120947 1
044443 0
024458 0
155834 1
005479 1
097801 1
100415 1
175520 1
145839 0
006893 1
078186 0
230245 1
007564 0
004433 0
230415 0
095631 1
230435 0
078806 1
134664 1
146077 0
009849 0
203680 0
011939 0
095190 0
230204 1
159754 1
194282 0
007032 1
005650 0
194680 1
114585 0
007348 1
115167 0
077918 0
150223 1
150215 1
146849 0
287253 1
027296 1
111198 0
122560 0
141165 0
114803 0
256379 0
120526 1
195549 0
128070 0
065194 0
000076 1
230773 0
127312 1
124433 0
154859 1
123483 0
120636 1
140437 0
123724 1
120881 1
002075 0
119288 0
224647 0
085976 1
099752 0
154833 1
155428 0
005092 1
015332 1
277439 0
146608 1
085898 1
070395 0
147650 1
081165 1
012468 1
261719 0
155795 1
112148 1
109225 1
125405 1
159480 0
001011 0
031859 0
184689 1
276258 1
276334 1
199964 1
145947 1
125414 1
109224 1
182147 1
015335 1
278626 0
125402 1
125403 1
145954 0
199955 1
111224 0
015319 1
120525 1
125413 1
009890 0
130827 0
154598 0
096639 0
195934 1
125975 0
124250 0
101695 0
111197 0
008039 1
010217 0
125532 1
007031 1
175676 0
120635 1
070164 1
278964 1
006892 0
276311 1
121433 1
276313 1
244982 0
007347 0
108054 0
133572 0
018603 1
005528 0
128706 1
240809 0
007549 0
028065 0
288975 0
274954 0
125519 0
081437 1
159863 1
159814 1
135206 1
125523 1
091530 0
199325 1
159937 1
074622 1
264476 1
125522 1
158077 1
125521 0
199322 1
264465 1
122537 0
024094 1
018513 0
064380 1
157562 1
186778 0
147731 0
077942 1
120880 0
157279 1
043676 0
157280 1
015305 1
134894 1
161522 1
161546 1
264182 0
161549 1
123146 1
138537 0
125431 0
072277 1
222449 0
105450 1
064406 0
059437 1
240010 0
071496 0
015412 1
074426 1
077934 1
125326 1
264194 1
197524 0
103337 1
264602 1
124444 0
176028 0
077914 1
157771 0
034587 0
166068 1
107599 1
225650 0
014319 0
264600 1
119961 1
276457 1
005415 1
058097 1
051806 1
057891 1
152754 1
166167 1
167414 2
001615 0
119972 1
058120 1
166256 1
119971 1
078849 1
167430 1
157980 1
167457 1
007339 1
064407 0
075650 1
259971 1
113936 1
127226 0
125429 1
009206 1
124740 1
120874 1
170176 0
069988 1
125430 1
103161 1
007085 0
145835 1
141139 0
285671 0
119633 1
119646 1
265558 1
005200 1
119648 1
190039 1
018081 1
145832 0
113942 1
078830 1
051805 1
009243 1
081188 1
012656 1
086161 1
018520 1
234049 0
121719 1
151725 1
124734 0
259964 1
110638 1
122487 0
135511 0
165583 0
215787 0
111946 0
078787 0
265833 1
077923 0
051828 1
166677 1
004696 1
017818 1
269992 0
179101 1
086186 1
120257 0
266816 0
086248 1
203840 0
084156 0
086222 1
231308 0
234024 0
169507 0
255700 0
179105 1
152763 1
008323 0
145846 0
258985 0
179110 1
007792 1
084170 0
171672 1
270812 0
098388 1
221790 0
007817 1
000115 0
007285 0
123036 1
121233 1
129750 0
123150 1
147847 1
163563 0
116909 0
013012 0
108555 0
136521 0
082583 1
151705 0
195541 1
004912 0
077940 1
192636 1
166669 1
042213 1
190050 1
040689 0
017753 1
022410 1
018165 1
077954 1
001427 0
037432 1
202926 0
060633 0
155314 1
177509 1
075571 0
030253 0
145837 0
121384 0
177778 1
167213 0
142124 0
000571 0
020169 1
098350 1
147077 0
123586 0
041866 0
177693 1
064813 0
128644 0
007585 1
020171 1
177515 1
227334 0
094566 0
169733 1
124867 0
132746 1
177525 1
132802 1
200342 1
230978 0
121069 1
132732 1
011501 1
127839 0
289258 0
166552 0
087318 1
128017 1
225856 1
194679 0
288783 1
020193 1
123315 0
120680 1
231303 0
127846 0
153087 0
029979 1
124650 1
