229351 1
229356 1
229358 1
234490 1
231388 1
234119 1
233919 1
227946 2
234388 1
234389 2
231229 1
231233 1
231243 1
231230 1
231234 1
231244 1
231228 2
231232 2
231242 2
228972 2
231283 2
231286 2
231313 2
231307 2
229194 2
229047 2
229357 2
229359 2
229021 0
231271 2
231255 1
231272 2
229352 2
231302 2
231411 1
231409 1
231424 2
231609 1
136485 0
017844 2
234390 2
229011 2
239745 0
234086 1
242928 2
242982 1
242922 1
242910 1
242895 2
136301 1
136299 1
136326 1
256312 2
229179 2
256301 1
194720 1
229238 2
229241 1
194722 1
229516 2
229531 1
196314 1
196586 1
196598 1
196600 1
136293 0
231112 1
231119 1
229424 2
231120 1
229361 2
231148 2
229310 2
229255 0
221595 2
221631 2
158734 1
221636 2
221682 2
234087 2
234052 2
142218 0
229289 0
234012 1
229439 1
229548 2
229207 2
228693 0
161987 0
241100 0
239329 0
155637 0
221680 2
239253 0
289099 0
191439 1
191054 1
136208 0
196315 1
191448 1
196587 1
196599 1
196601 1
220435 0
191053 1
196537 0
239800 0
208778 0
143601 0
224832 0
222154 0
235168 0
231433 0
009330 0
239739 0
206940 0
200193 0
093237 0
267532 0
224521 0
207182 0
136512 0
170262 1
170559 2
170767 2
