044384 1
044349 1
044314 2
044601 1
044602 2
044616 1
209902 1
045920 1
045916 2
040949 2
040982 1
044821 1
044698 2
035123 1
035773 1
041639 2
046466 2
045973 1
040755 1
040898 1
046546 1
036104 1
036111 2
035759 1
044368 1
035766 1
035748 2
035797 1
035786 2
035757 1
035785 1
035903 2
035981 1
035900 1
035755 1
035788 1
035872 2
035906 2
035760 1
035902 2
035756 1
035806 1
035824 2
037794 2
037793 1
035849 1
045324 1
035861 2
045318 2
035765 1
036308 1
040929 1
040928 2
051755 1
035908 2
041632 2
036034 1
035758 1
035832 2
035838 1
035843 1
035792 1
037314 2
036275 1
036340 1
036135 1
035817 2
035783 1
036141 1
035918 1
035867 2
035842 1
044899 1
044732 2
044737 1
035873 2
044731 1
045511 1
041577 2
041594 1
035919 1
035787 1
046519 1
044157 2
046514 2
045435 2
045965 1
045896 1
045358 1
037242 1
045708 1
045356 2
036131 2
046014 2
046049 1
045014 1
044989 2
036140 2
036136 1
036142 1
044332 1
044442 2
044408 2
044638 2
044738 2
044633 2
045468 1
044525 1
044933 1
044524 1
044689 1
044746 1
218004 1
044642 2
088107 1
044643 2
044634 2
035675 2
035674 1
035676 2
035699 2
044939 1
044936 1
044780 2
044756 2
044745 1
044775 2
044739 2
044759 2
044762 1
044748 1
044740 1
044733 2
044835 1
044891 1
044882 2
044327 1
044001 2
045845 2
045891 1
045889 2
045862 1
046594 2
045854 1
039568 2
040900 1
044578 2
035948 1
044632 1
044680 1
044585 1
035904 2
044445 2
044511 1
044253 1
036242 1
035935 2
044582 1
044593 1
044591 2
035937 1
039995 2
044558 1
046489 2
041014 2
046476 1
044474 1
040822 2
040936 1
040792 1
046355 1
046117 2
044264 1
040751 2
045857 1
209417 1
035863 2
035846 1
046293 2
045231 2
046493 2
046459 1
040937 1
044503 1
045234 1
044743 1
044254 2
044239 1
035859 2
044315 2
046502 2
044268 2
035860 2
046509 1
035851 1
040902 2
035879 2
046409 2
035777 1
036702 2
046411 2
041119 2
041480 1
041536 2
045623 2
045117 2
045698 2
042260 2
036738 2
040975 2
042840 2
042358 2
035978 2
041394 1
045692 1
045624 1
045758 2
045727 2
041388 1
045489 2
041306 1
039181 0
045928 1
045619 2
041626 1
050685 2
044323 1
044351 2
036160 2
045533 1
045425 2
040903 2
045955 1
045536 1
049892 2
045241 2
045982 2
045983 2
045296 1
049306 1
045319 1
045307 2
049302 1
044064 1
045689 2
043995 2
049889 1
050961 1
046491 2
040905 1
036098 1
035956 1
036372 2
035933 2
046375 1
035831 2
044278 1
036123 1
044468 2
044617 1
040752 1
044537 1
044220 1
044473 2
044273 1
044391 2
044736 1
036013 1
044579 2
043895 1
035951 1
035878 2
044716 1
044678 1
035776 1
035925 1
035926 2
040901 1
035888 2
044721 1
044520 1
037685 2
044160 2
035752 2
040816 2
044906 1
037675 1
045954 1
046379 2
035790 1
040793 2
040932 1
044498 1
045488 2
101760 0
040916 1
044098 2
051325 2
040915 1
044291 1
045268 2
035649 1
046462 2
214288 1
045177 2
046461 2
036000 1
035912 2
044162 2
044561 1
045024 2
044587 1
044405 1
044777 1
035929 2
035791 1
045999 1
044366 2
040962 1
044032 2
035922 2
035384 1
044767 1
044568 2
035304 1
035735 1
035286 1
035283 1
037146 2
044692 1
036907 1
264818 1
264847 1
264831 1
044509 2
035778 1
051496 0
045532 2
051516 1
045443 2
044307 1
043765 1
044039 1
035841 1
045998 1
054578 1
037065 1
044002 2
044402 2
044495 2
044577 2
215119 1
214463 1
045487 1
264813 0
044536 1
045473 2
044599 1
044419 1
044781 2
035885 1
036186 2
044584 1
035711 2
044203 1
044581 2
044626 1
205162 1
217289 1
035708 1
046047 1
036085 2
051148 2
043977 1
046337 1
044747 1
036765 2
208357 1
209846 1
035598 0
044613 1
044387 1
051514 1
046288 1
044755 2
140935 0
045501 1
045178 1
066382 0
214961 1
044589 1
040783 2
035934 1
045499 0
035927 1
079723 0
044600 1
059086 1
044571 1
051517 1
044614 1
040819 2
051338 1
217238 0
059415 1
044789 1
036748 1
041026 1
044703 2
045367 1
051064 2
044735 1
040892 1
044223 1
043900 1
040934 1
045351 2
044549 1
212029 1
044685 1
035420 0
051339 1
044375 1
046198 1
040907 1
035853 1
036325 2
045163 1
044717 1
209446 1
036652 1
037447 1
201226 1
048904 1
043922 1
207060 1
036318 1
043856 0
044705 2
043908 2
216317 0
051742 1
044851 2
044353 1
207646 1
051066 1
043932 1
051744 1
044770 1
048134 1
040821 1
204479 1
044688 1
044992 2
049611 0
044636 2
045248 1
044603 2
035744 1
043982 1
044741 1
044677 1
044730 1
036683 1
044955 1
046196 1
044606 1
063003 0
218332 1
207658 1
037528 2
216389 1
205560 1
045021 2
044644 2
205156 1
062794 0
044734 2
205767 1
044256 2
212460 1
044149 0
045526 2
044801 1
214705 1
044742 1
051333 1
213276 1
040935 1
217907 1
044357 1
036663 1
036990 2
044501 1
205166 1
037306 2
036978 1
215467 1
029185 0
044280 2
044310 1
037231 1
044592 1
051482 1
110530 1
037213 1
044374 1
155690 0
211193 0
045194 0
040779 1
045005 1
044605 1
051042 1
045801 1
040802 1
044648 1
258524 1
045593 2
036375 2
044649 1
205151 1
037880 1
044687 1
205282 1
044563 1
043876 1
110569 1
037902 2
045757 1
217387 1
207006 1
044163 2
203894 1
037033 1
044129 1
258468 1
222085 0
037924 2
036071 1
217389 1
044008 2
215570 1
037052 1
044552 1
045582 1
205164 1
036561 1
214958 1
044389 1
046361 1
044564 1
205765 1
045357 1
046276 1
044559 1
218949 1
044570 1
036558 1
044572 1
206535 1
044690 1
050892 1
019662 0
110561 1
214960 1
035833 2
215268 1
044631 1
044876 0
046102 2
215464 0
044715 2
035923 2
044272 1
215894 0
035921 1
070619 0
044434 1
045513 2
109397 1
205173 1
082315 0
044693 1
044430 1
044720 1
044197 2
044691 1
204592 1
035789 0
044195 2
203822 1
044586 1
051409 0
050886 1
214352 1
037445 1
218408 1
051519 1
046153 1
044838 1
050766 1
037106 1
219480 1
035839 1
044518 1
048614 2
133501 0
051468 0
138040 0
051605 1
037779 1
213628 1
218177 1
214783 0
021652 0
078021 0
163893 1
208572 1
148724 1
046414 1
035796 2
163872 1
212661 1
048451 1
051664 1
015594 0
205375 0
035866 2
163071 0
040395 0
218016 1
218217 1
200835 0
044506 1
037241 0
045497 2
210789 0
048419 1
203698 0
041352 1
065434 0
107994 0
048832 1
046418 1
217334 1
060586 1
060535 1
216276 1
213889 0
078844 0
044270 1
114841 0
114393 0
045816 0
217902 1
036267 1
089085 0
081180 1
036268 1
036263 1
044048 1
036490 1
045164 1
210344 1
209847 1
212307 0
045148 1
034661 1
044265 0
109321 0
037639 0
037467 1
218368 1
051554 2
044152 1
062819 1
044003 2
164572 0
219810 0
044358 1
036048 1
044004 1
205461 1
044700 2
016007 0
209365 1
044118 1
