051099 2
054407 0
059396 0
054720 2
054675 0
054715 0
053703 0
056226 0
053228 2
053013 0
053170 0
019248 2
277543 2
277523 2
022495 2
022411 2
026099 0
222456 0
050963 2
051087 2
031978 0
051033 2
056361 2
056316 0
198416 2
199195 2
199046 2
199169 2
199994 2
004440 2
116411 2
116415 2
057100 2
055463 0
088112 2
056857 0
056486 2
056473 0
081175 2
088131 2
088138 2
080965 2
081121 2
081013 2
080993 2
168464 2
200626 2
200630 2
200230 2
200629 2
213258 2
213275 2
220721 2
220725 2
213616 2
220905 1
220966 2
083069 2
082783 2
080280 1
082744 2
082609 2
082591 2
202193 2
082759 2
202208 2
202245 2
202386 2
082646 2
080427 2
080399 2
082391 2
082500 2
082594 2
082618 2
082544 2
082386 2
082547 2
080543 0
082244 2
135172 2
080365 2
080747 2
135374 0
080722 2
122348 2
084108 2
029875 2
084107 2
029888 2
122350 2
084127 2
010046 2
122351 2
084194 2
003562 2
084192 2
082690 2
082692 2
077667 2
080756 2
082660 2
135170 2
071084 2
082598 2
182934 2
080763 2
104258 2
080720 2
071085 2
082300 2
104257 2
135179 2
082286 2
080713 2
182919 2
134309 2
138812 0
007987 2
080782 2
080712 2
121394 2
082521 2
121379 0
134288 0
182918 2
080773 2
080772 2
080356 2
182922 2
181551 2
181537 2
080309 2
055486 2
144656 2
080520 2
080449 2
080682 2
080397 2
080514 2
144615 2
057368 2
080791 2
080691 2
055391 0
080724 2
080498 2
080783 2
080736 2
080398 2
057131 0
110933 2
080495 2
080588 2
080613 2
080708 2
080602 2
080611 2
080753 2
080735 2
080368 2
110901 2
080784 2
080582 2
080714 2
080597 2
080571 2
080447 2
080701 2
080379 2
080711 2
080694 2
080770 2
080723 2
080570 2
080584 2
080702 2
080357 2
080768 2
080785 2
080700 2
080718 2
080754 2
082708 2
082711 2
080657 2
080729 2
080471 2
080360 2
080341 2
080685 2
080474 2
100425 2
080793 0
080796 2
100426 2
080469 2
082504 2
080466 2
080340 2
080349 2
113721 2
080740 2
113705 2
080635 0
080669 2
082370 2
115026 0
082383 2
080284 0
080591 2
084847 2
083910 2
080381 2
082803 2
082797 0
240947 2
083907 2
080589 2
070975 2
104148 2
083514 0
093742 2
080149 2
080265 2
093611 2
082673 2
082329 2
082808 0
049841 2
080792 2
080693 2
049908 0
263387 2
080565 0
263346 0
050137 1
082682 2
048719 0
050124 2
082791 0
090281 2
080715 2
055470 2
055712 2
054076 2
022232 0
263747 2
089022 2
082422 2
082562 0
089683 2
263741 2
080363 2
080764 2
050250 2
066533 0
138668 2
080171 2
156681 0
169436 2
138802 0
080692 2
006580 2
170793 0
080221 2
050242 2
087324 2
044038 2
044050 0
050249 2
210232 0
211870 0
118496 0
039786 0
080420 0
050241 2
047210 0
052268 2
052269 2
138865 0
083466 0
228207 0
082299 0
030259 2
202631 2
049698 2
050214 2
054077 2
267459 2
055471 2
055713 2
050244 2
050251 2
049697 2
050414 1
050323 2
050213 2
052720 2
049696 0
271306 2
271408 2
051364 0
050621 2
050347 0
274015 0
271307 0
285181 2
271308 2
093584 0
285147 1
285184 0
054442 2
080346 2
084584 2
055645 2
044980 0
049042 1
055308 0
052954 2
055587 0
219939 0
085150 0
059371 2
051509 0
056342 2
052800 2
161806 2
052837 2
048384 2
048181 2
052755 2
056326 0
059400 0
124218 0
080148 2
163108 2
055270 2
163105 2
055200 2
080268 2
051780 0
054049 2
055159 0
054761 2
055263 0
056744 2
054877 2
053271 2
053159 2
039718 0
056341 2
053000 2
053152 2
053094 0
136448 0
054798 0
053003 2
053141 2
052965 2
054869 2
052111 2
056457 0
236098 2
111680 0
056511 2
056622 2
080267 0
049683 2
236038 2
055599 2
050224 2
076879 0
010458 0
055991 2
050202 2
192024 0
118507 0
050143 2
007026 0
019406 0
056492 2
055910 0
052806 2
052762 2
056741 2
081021 2
080978 0
050150 2
055311 2
055588 2
056467 0
054896 2
054884 2
060953 2
054811 0
049406 2
056461 0
057152 2
055287 2
057372 2
223313 2
055416 2
055381 0
056852 1
113508 0
223318 2
054785 0
056737 2
054682 2
056327 0
055148 2
055345 0
055087 2
057128 0
055469 0
055097 0
054471 2
054094 0
054926 2
223288 0
055216 0
052140 2
054895 2
076094 2
055020 0
051031 2
146406 2
051402 2
052129 2
051359 2
082503 0
054365 0
054201 2
054821 0
224849 0
054138 0
052537 2
056460 0
055384 2
052516 2
055309 0
053200 2
052361 2
053293 2
052354 2
053001 0
053759 0
051005 2
056182 2
053015 2
048663 2
222336 0
054279 2
055291 2
056714 2
005617 2
056051 0
053534 2
056841 2
055875 0
056835 0
056181 2
057019 2
053124 0
121762 0
053512 2
056498 2
054916 0
055877 0
054577 2
048456 2
063658 2
053243 2
063807 2
056503 0
055190 0
061105 2
061014 2
059273 2
054488 0
056707 2
056476 0
054530 2
054520 2
059315 2
059343 0
055292 0
055550 0
053009 2
163241 2
056505 0
047658 2
056962 2
047581 2
090196 0
055174 2
062968 2
054274 0
054487 2
056097 2
048603 2
049065 2
055612 2
056278 2
080480 0
048940 2
056843 0
055323 0
053111 2
055146 2
052146 2
051032 2
062870 2
082446 0
055880 2
056770 2
048488 2
048491 2
054587 2
052953 2
055276 0
053423 2
056430 2
056254 0
056227 0
056397 2
055592 2
052177 2
055118 0
055185 2
055456 2
056381 0
052179 2
055438 2
055426 0
055164 0
053408 0
138813 0
054867 2
059290 0
053375 2
052838 2
054908 2
056738 2
054095 2
055692 0
054787 0
053610 2
055525 2
054003 0
053285 2
057330 2
054834 2
030859 2
054202 2
057140 0
056358 2
056789 2
056523 0
056755 2
054097 2
030857 0
057032 2
055541 2
054904 2
052932 2
057049 2
056318 0
055162 2
056516 0
052780 0
055445 2
057334 2
053600 2
055089 2
055356 0
121752 0
054439 2
053250 2
057139 0
052939 2
056861 0
059879 0
056680 2
052865 2
052938 2
053007 2
051582 2
052956 2
052833 2
051869 2
052866 2
051842 0
227736 0
053071 2
053665 2
053619 2
053040 0
057093 2
056384 2
056127 0
052771 2
056186 2
052724 2
053650 2
055245 2
224924 1
050778 2
046870 2
050670 2
056695 0
065922 2
056615 2
057036 2
054808 2
052910 0
056832 2
053602 2
054876 2
063178 0
057376 0
054234 2
224925 2
054954 0
055434 0
054218 2
000567 0
053687 2
224892 2
053574 0
054558 0
224930 0
055467 2
054901 2
055068 2
056724 2
054090 2
046507 0
056507 0
054989 2
054763 0
056716 2
053705 2
056514 0
051820 2
055031 0
151125 0
048906 0
056700 2
051819 2
054871 2
053974 2
056522 0
056530 1
056863 0
051376 2
056794 2
052776 2
051486 2
052722 2
056742 2
033175 1
051337 2
054393 0
053314 2
097074 0
050315 0
051615 2
054277 2
055478 2
053241 2
056346 2
053011 2
053163 2
011210 1
051110 2
054194 2
054127 2
057335 2
054728 2
056502 0
048557 0
205675 0
051102 2
053597 2
051004 2
054531 2
056324 0
055412 0
051127 2
054515 2
054331 2
054453 0
230776 0
235068 0
051160 2
056504 0
053050 2
053691 2
053753 2
048434 2
054921 2
053046 2
053738 2
054903 0
048202 2
054278 2
053559 0
050236 2
048750 2
048442 2
055710 2
052726 2
054273 2
052748 2
055995 2
048583 2
052567 2
059462 0
052544 2
046766 2
048531 2
053521 2
055258 2
053278 2
050142 2
078186 0
056808 2
054899 2
055908 0
054429 2
049912 2
052515 2
050466 2
057328 2
052405 2
053026 2
050164 2
048484 2
053627 0
052495 2
053593 2
049843 2
055871 2
022110 0
057311 0
054817 0
080730 2
055468 2
055385 2
053107 2
055405 0
056187 2
055294 2
054281 0
054801 2
056773 2
055310 0
055280 0
054914 0
054160 0
083518 1
056866 0
052696 0
056463 0
052598 2
055262 2
057141 0
055655 0
275663 0
054740 2
056851 0
056070 2
050588 2
055179 2
055236 0
055500 0
083513 0
054275 2
050865 0
052433 2
053245 2
015803 0
057002 2
055982 2
054387 2
053485 2
055621 0
056520 0
050429 2
052815 0
053030 2
052701 2
055895 2
055282 2
054727 2
054445 2
052586 2
052686 0
054452 2
054409 2
067247 0
055918 0
243710 2
054674 0
007807 0
056061 2
055827 0
083465 1
054251 0
055691 0
055154 0
054357 2
056867 0
164202 0
055876 0
055410 0
052744 2
054758 2
050483 0
052728 2
055790 0
053595 2
054800 2
056087 0
084591 0
053223 0
054998 0
054539 2
054875 2
082574 2
080671 0
066606 0
226994 2
159804 2
231240 0
056095 2
054529 2
084507 0
050426 2
053878 0
055331 2
080207 1
054519 2
056968 2
227073 0
052862 2
053867 2
054983 0
227074 0
055539 0
049884 0
002396 1
178462 0
133270 1
056870 0
055273 0
054526 2
053386 2
055301 0
054940 0
052846 2
198245 0
055474 0
054872 2
048441 0
228639 2
083191 2
056019 2
056483 0
054789 0
112661 0
056459 0
052613 2
083198 1
052610 0
227093 1
062343 0
052302 2
056114 2
053756 2
052301 2
227963 0
074727 2
055850 0
054857 2
228749 0
054543 0
083639 0
056100 2
224512 0
057138 0
083572 2
054968 2
283598 0
083557 2
112682 0
230312 0
083569 2
230951 0
054283 2
053148 0
076597 0
054375 0
254620 0
054773 0
053054 2
052712 0
151167 0
230744 0
113509 0
083799 0
081427 0
158515 0
056745 2
053578 0
053552 2
056151 2
053044 2
053213 0
048142 0
052911 0
052542 2
052887 2
052517 2
054389 0
227761 0
064251 0
050371 0
053736 2
056210 2
047551 0
055845 0
054535 2
052896 2
054563 0
052738 0
055036 0
055447 0
056466 0
054513 2
230759 0
054887 2
054210 2
054179 2
054544 0
271310 0
083460 2
048907 0
054532 2
054197 0
054230 0
052649 2
024210 0
056515 0
050118 2
050116 2
055951 2
114128 0
055398 0
052648 0
053076 2
055723 2
053686 2
267325 0
050326 2
053039 0
054270 0
055180 0
054665 2
056044 0
055490 2
054117 2
054987 2
051025 0
111645 2
049230 0
245005 0
272760 2
148135 0
055947 0
055659 0
059298 2
052629 0
141410 0
055488 2
055487 2
057353 2
052855 2
054481 0
054503 0
036170 0
054016 0
053958 0
056315 0
054803 2
053079 2
055407 0
082557 0
083629 0
053036 2
053568 0
055235 0
055091 0
053150 0
078158 0
054694 0
233360 0
054732 0
055967 0
034822 0
051929 2
053391 0
054966 1
055404 0
052485 0
150360 2
050956 0
055219 0
212228 0
052869 0
057132 0
212308 0
056419 0
054006 0
050013 0
054226 0
194857 0
050936 0
053477 2
055243 0
054677 0
053815 0
280522 0
056131 2
053478 2
053479 2
048129 0
287402 0
016827 0
155979 0
055072 0
055516 2
048416 2
289361 1
057317 2
052440 0
055706 2
289050 0
054166 2
057079 2
057336 0
054081 2
010653 0
055047 0
052561 2
054011 0
057145 0
052520 2
052934 0
050177 0
053476 1
262748 0
086428 0
050837 2
053551 0
055123 0
053382 2
055110 0
083542 0
211196 0
056610 0
175768 0
081060 0
053208 0
053841 2
054638 2
127058 0
055523 0
052931 2
083517 0
054679 0
080186 0
054894 2
048197 2
149736 0
052863 0
061809 0
085303 0
043016 0
224588 2
053591 2
031705 0
083483 0
269199 0
060512 2
095460 0
056192 0
055884 0
055160 0
047018 0
055860 0
267250 1
056839 0
054937 0
056493 2
057077 2
166498 0
233383 0
052718 2
053704 2
054140 2
080484 0
138272 0
054224 0
050931 0
053723 0
026709 0
052788 0
054310 0
056856 0
267233 2
054882 0
223375 0
064375 0
272819 0
055366 0
057075 0
048476 0
056414 2
267300 2
050947 0
267277 1
054672 2
059422 2
052745 0
267251 0
059407 2
055101 0
088569 0
055521 2
267232 1
009293 0
054820 0
052882 2
056532 0
052659 2
213687 0
267305 0
083208 0
267299 1
054631 0
101673 0
054714 2
055419 2
056995 0
056200 0
052729 0
052779 2
054227 2
267228 2
052768 2
055828 0
053294 0
021770 0
267246 0
080192 0
046923 2
054981 0
052657 0
048831 2
052521 2
267245 2
091186 0
056287 2
050243 0
016281 0
056218 2
055971 0
096677 0
097660 0
048792 2
056735 2
057146 2
054415 2
043747 0
053997 0
055457 0
175974 0
114952 0
054652 0
054045 2
056485 2
004005 0
274728 0
197395 0
055617 0
054540 2
056215 0
054350 0
056458 0
258050 0
056240 2
081037 2
241995 0
054066 2
225291 0
081685 0
055392 0
257779 0
052803 0
056529 1
052847 0
049117 2
052892 0
049057 2
055873 0
081092 2
049507 0
054753 2
054684 0
075040 0
056472 0
165864 0
053272 2
081101 2
052950 2
034815 0
001538 0
052840 0
052998 2
010972 1
054505 0
053158 2
136811 0
279848 0
048741 0
196679 0
053281 2
239582 2
053017 0
055506 0
267231 2
225913 0
054088 0
053839 2
064566 0
057072 0
121780 0
053322 0
222229 0
051733 0
056234 0
118360 0
084586 0
056149 0
053032 0
053286 2
084504 0
057329 2
053034 2
