064578 0
086457 0
050307 2
050457 2
080529 2
076262 2
087883 2
066406 2
088975 0
064277 2
085197 2
085195 2
085188 2
085127 0
085893 2
083085 2
083126 2
083141 2
075088 2
075260 2
075542 2
093167 0
086195 2
086247 2
086281 2
085327 2
085454 0
064073 0
063150 2
081228 2
081202 2
085857 2
089741 2
089730 1
089725 1
096160 2
096120 2
092177 2
092043 2
092103 2
085072 2
033382 2
079292 2
084146 2
087573 2
087617 0
047277 2
049475 2
049397 2
087912 2
273177 0
042342 2
032387 2
032418 2
086269 0
041685 0
096414 2
063986 0
024555 2
024498 2
023753 2
023641 2
026021 2
026130 2
025985 2
025910 2
025882 2
024738 2
024736 0
262917 2
087470 1
020205 2
083324 2
050469 2
257215 2
257221 2
224352 2
224351 2
111811 2
144206 2
144252 2
011051 0
259595 2
259586 2
075350 2
075221 2
079851 2
079856 2
111760 2
074961 2
074944 2
074960 2
259301 2
126182 1
126196 0
084880 2
087528 2
087556 2
023834 0
034694 2
087960 2
087808 2
087812 2
087961 2
050023 2
050070 2
060816 2
050503 2
050534 2
088646 2
088668 2
260392 0
109558 2
020981 2
097289 2
067594 2
067631 2
067658 0
059012 2
050451 2
050306 2
050455 2
083398 0
097366 2
097433 2
144476 1
144507 2
051578 0
097738 0
087861 2
087862 2
087863 2
080176 2
081520 0
260224 0
025918 2
117581 0
024149 2
024512 2
024509 2
024777 2
024704 2
051421 2
051283 2
051284 2
044865 0
024209 0
092881 0
226250 2
036187 2
036297 2
038162 2
038222 2
039992 2
044095 0
036089 0
089846 2
027973 0
046023 1
046005 0
024500 2
042556 0
182519 2
041907 1
041903 1
265780 1
260256 0
019546 2
087206 0
087136 0
069506 1
102679 1
030281 2
069829 2
103002 2
069800 2
102973 2
069532 2
102705 2
069422 2
102595 2
069765 2
102938 2
273302 2
273538 2
273715 0
282110 0
090806 0
000370 0
081276 0
021027 2
021024 2
020995 1
021151 2
048672 0
080838 2
080824 2
020220 0
026282 0
088695 0
111631 0
070531 0
016513 0
185809 0
090855 0
033668 0
064091 2
112495 2
112499 2
179719 0
111758 0
024491 0
001436 2
001831 0
109243 0
087137 0
132772 0
047817 1
047799 2
081856 0
271580 0
109347 0
028895 0
200139 0
058765 2
088162 0
249766 0
110407 0
191559 0
271858 0
070831 0
180530 0
020447 0
010673 0
092873 0
128029 0
024705 0
087827 2
087828 2
087852 0
141045 1
141431 0
020434 0
024768 0
089687 0
273551 2
108447 0
263841 1
263890 2
264107 2
114099 0
261086 0
000379 0
190880 0
168576 0
090880 0
050824 2
050801 0
126414 1
126417 0
126448 0
066837 0
159633 0
129788 0
041680 0
099542 0
159218 0
037485 0
005186 1
274621 0
180637 0
161577 1
193267 0
081018 0
254847 0
094492 0
110785 0
236799 0
141667 0
043907 0
130612 0
272415 0
102032 2
076498 0
260236 0
092890 0
075924 0
024463 0
087520 0
061077 2
048344 0
090003 0
150154 0
198710 0
098288 2
258246 0
015435 0
024794 0
019276 2
220003 0
061099 0
098386 0
273611 0
061576 0
100779 0
100760 0
057405 0
110211 0
175541 0
122907 0
114542 0
260387 0
044867 2
085576 0
061600 0
049594 0
023850 0
023744 2
023645 0
081529 0
016842 0
085911 0
110234 0
111490 0
182388 0
097749 2
097807 0
074758 0
185802 0
008778 0
019428 0
034557 0
024251 0
090049 0
017870 0
081750 0
114835 0
101114 0
231046 0
030376 0
028055 0
235845 2
235852 2
061598 0
226799 0
191180 0
010398 0
027998 0
239566 0
115502 0
097141 0
239586 0
103704 0
020216 2
020217 2
036440 0
092787 0
134161 0
040912 0
090807 0
108005 0
130378 0
086816 0
091351 0
042591 0
255466 0
157436 0
111683 0
022433 0
066974 0
262593 0
220274 0
052382 0
163815 0
161288 0
168150 0
081823 0
060883 0
033078 0
289679 0
040149 0
028341 0
085124 0
019378 0
100920 0
132135 0
087188 2
229096 0
016455 0
113677 0
085252 0
048694 0
033410 0
210656 0
257794 0
081401 0
260257 1
260258 1
040923 0
271579 0
157444 0
155912 0
130415 0
223949 0
079128 0
157829 0
051108 0
077564 0
124496 0
092809 0
117168 0
019541 0
148188 0
209319 0
276170 0
112601 0
089017 0
000559 0
148364 0
259846 0
225769 0
031608 0
083341 0
126727 0
069425 0
218106 0
093066 0
039690 0
181418 0
060889 0
036201 0
179815 0
021906 0
087519 0
024788 0
014839 0
003298 0
024906 0
036377 0
230339 0
271911 2
283588 0
071558 0
047347 0
018717 0
044666 0
062774 0
128138 0
058881 0
077305 0
139777 0
252610 0
034686 0
023304 0
280947 0
157526 0
111701 1
260644 0
258138 0
085698 0
039616 0
022826 0
030445 0
235604 0
019932 1
019945 0
069489 0
027917 1
083846 1
039686 1
050738 0
041644 0
078126 0
041623 1
041620 0
067575 0
050427 0
045482 0
112762 0
027968 0
