145072 2
149718 1
258702 2
177758 0
147702 2
192073 2
177674 2
177735 2
177759 2
145863 2
152884 2
152890 1
152896 1
208884 2
213033 2
192069 2
188321 0
152504 2
153984 2
153966 1
165771 2
163379 2
150019 2
150031 2
150029 2
150011 2
150037 2
150026 2
237588 2
163186 2
163155 2
268368 2
268383 2
193164 2
277942 2
277939 1
272064 0
265185 2
233010 2
233026 2
267191 1
147414 1
267475 0
152075 2
150563 2
151207 2
285262 2
285270 2
285273 2
285278 2
256706 0
259343 2
150921 2
159282 2
235250 2
235256 2
235248 2
235287 2
226019 2
261223 2
149728 2
258917 0
131565 2
152112 0
168530 1
168527 2
099728 1
100768 2
100742 2
279957 2
037176 2
034925 2
035139 2
034924 2
037318 2
037251 2
035590 1
285261 2
285269 2
285272 2
285277 2
287875 2
041935 2
258910 0
139511 2
270198 2
190408 1
263670 1
259221 2
155907 1
177734 0
268794 0
156837 0
019912 2
002465 1
256708 2
256705 2
003080 0
137999 1
019911 2
153100 0
152030 2
151035 0
163131 0
129712 0
191736 2
191737 2
243609 0
225002 0
175467 0
152505 1
238047 0
241271 0
132780 0
085633 0
266380 0
224125 0
263662 1
263694 1
267298 0
190825 0
133191 0
153674 0
213077 0
164295 0
242242 0
150915 0
038707 2
153204 0
235328 0
202755 0
281446 0
224029 0
151888 0
174824 0
147086 0
155767 0
169821 0
266333 0
162192 0
271300 0
163134 0
279819 2
279824 2
170307 0
138374 0
147353 0
173188 0
150027 0
280878 0
264717 2
164298 0
273820 0
136850 0
259342 0
145301 0
232406 0
033039 0
168938 0
134830 0
165616 0
286876 0
198541 0
259326 0
131925 0
261691 0
267189 0
133553 0
233506 0
163429 0
158871 0
166230 0
233683 0
152878 0
007721 0
192731 0
178095 0
168487 0
258909 0
149675 0
141734 0
143680 0
194316 0
287386 0
289329 0
132416 0
258124 0
238043 0
146588 0
227552 0
159807 0
271273 0
158296 0
163307 0
272264 0
195404 0
150860 0
156841 0
144891 0
243294 0
279829 2
043037 1
266837 2
266856 2
002820 0
056337 0
256709 0
280341 1
280360 2
128777 2
018475 2
128774 2
136818 0
272091 0
288132 2
076564 0
044717 1
044705 1
041738 0
026915 2
196808 0
286801 0
127209 0
022728 0
065252 0
038385 0
242002 0
175378 0
272055 0
279940 0
204599 0
192108 0
028140 0
175706 0
069549 0
279554 0
260836 0
285131 0
263742 0
157262 0
209787 2
044136 0
231649 0
131739 0
028370 0
093158 2
093254 2
093252 2
093159 2
017671 0
178045 0
213076 0
001141 0
262871 0
128385 0
177673 1
