151975 1
151970 1
227899 1
227906 1
019024 1
195548 1
224581 1
264966 1
264978 1
265549 2
265548 2
280349 1
004286 1
118117 1
117779 1
117670 1
039553 0
017925 0
152259 1
228038 1
157978 2
157982 2
154560 1
156544 2
019044 1
176264 1
000921 1
131991 1
019060 1
131710 1
268346 1
061100 0
000862 1
134184 1
134010 1
134292 1
134263 1
153072 1
153071 1
153304 1
142411 1
010435 1
194911 1
194990 1
195033 1
196390 1
200641 1
182699 1
182729 1
182728 1
182764 1
267006 1
267083 1
289135 1
001618 1
019049 1
176005 1
175921 1
153092 1
153089 1
123258 0
108531 1
163705 1
163719 1
177036 1
177032 0
040248 0
155452 1
169012 0
195901 1
195907 1
161302 1
161268 1
069751 1
102924 1
163710 1
163706 1
006944 1
120565 1
133845 1
002786 1
132649 1
018304 1
128899 1
128998 1
125163 1
125215 1
125217 1
019052 1
134964 1
134983 1
011914 1
150616 1
150646 1
018784 1
124970 1
124971 1
124968 1
134709 0
163921 1
002787 1
200642 1
133846 1
133844 1
200643 1
196549 1
008802 1
139313 1
008909 1
181986 0
196226 1
196218 1
223776 1
179911 1
179912 1
179722 1
179876 0
238718 1
000034 0
146633 1
186153 1
143114 1
143096 1
143097 1
142967 1
089061 0
163938 1
163957 1
221922 1
202158 2
221910 0
161392 0
182492 0
154697 1
154544 1
136041 1
136039 1
242134 1
242110 1
193361 1
185796 1
185844 0
124686 1
113554 0
263622 1
264450 0
011861 1
239496 1
238727 1
238942 1
238726 1
242111 1
242135 1
242084 1
242092 1
242067 1
188445 1
231767 1
177083 1
011905 1
263623 1
263604 1
263513 1
156429 1
160294 1
136118 1
136186 1
136117 1
124845 1
124789 1
160320 1
001613 1
006069 1
130622 1
009185 0
175589 0
236702 1
153515 1
153577 1
153513 1
153529 1
003963 1
289357 1
289264 1
019724 1
019708 1
054705 2
054618 1
159029 1
159023 1
159020 1
159008 1
159026 1
158874 1
117614 1
117429 1
117616 1
223477 1
013603 1
147384 1
147385 1
014462 0
242133 1
239536 0
123161 1
018506 1
000416 0
069827 1
103000 1
141961 1
008246 1
124862 1
124860 1
269578 2
269692 1
269705 1
192125 1
191972 1
192126 1
001480 1
202902 1
159042 1
159114 1
158876 1
159010 1
159022 0
100958 1
176638 1
077040 1
013183 1
196425 1
196411 1
195726 1
195728 1
195737 1
195739 1
195803 1
195806 1
195815 1
195817 1
195830 1
195870 1
195933 1
063480 0
258385 1
258341 1
195744 2
195872 1
195932 1
195829 1
195814 1
195816 1
195805 1
195802 1
195727 1
195725 1
195869 1
195736 1
195738 1
196485 1
196481 1
196503 1
195948 1
195939 1
081810 0
101432 1
088936 1
088987 1
032430 1
032422 1
148134 0
176822 1
169002 1
168804 1
180125 1
180126 1
180128 1
223420 1
001449 1
258700 1
258706 1
259550 1
258684 1
017805 1
270927 1
031676 1
127607 1
161271 1
161283 1
161164 1
269357 1
269316 1
269317 1
012992 1
145908 1
135220 1
087424 1
269683 1
269467 1
126917 1
043957 1
044058 1
137998 1
137972 1
137940 1
137971 1
240286 1
240290 1
240291 1
240300 1
240318 1
240317 1
170684 1
170724 1
170725 1
170685 1
170686 1
185800 0
066541 1
219606 0
278634 1
128111 1
128133 1
002292 1
280430 1
126899 1
197748 1
197869 1
197871 1
190565 1
190527 1
190683 1
199458 1
199482 1
199483 1
199502 1
199558 1
169131 2
169132 2
169049 1
126986 1
127130 1
069102 1
102275 1
125005 1
124987 1
176934 1
278635 1
100420 1
100509 1
190903 2
011219 1
144752 1
144806 1
011192 1
013938 1
144789 1
163213 1
163141 1
000635 1
075940 1
076100 1
076014 1
126281 1
126292 1
111425 1
070644 1
103817 1
012665 1
010035 1
122735 1
011766 1
122835 0
079720 1
079728 1
232048 1
171670 1
171922 1
169151 1
167069 1
169172 1
053688 1
237242 1
091687 1
117315 1
117316 0
068042 1
068068 1
068097 1
068098 1
211219 1
253833 0
023634 0
132641 1
286551 1
123357 1
123356 1
289654 1
289627 1
289617 1
002304 1
197330 1
131478 1
131491 1
128693 1
018629 1
128686 1
131538 1
170304 1
197340 1
170274 1
209950 1
013266 1
009517 1
209387 1
007459 1
288077 1
277007 1
276908 1
201082 1
200973 1
081268 1
081210 0
289368 1
011481 1
122749 1
128616 1
128475 1
129654 1
128615 1
129616 1
017296 1
129598 1
129653 1
124511 1
014196 1
014200 1
146881 0
191303 1
191227 1
238824 1
018219 0
000537 0
122874 1
153396 1
011986 1
122877 1
109086 1
152908 1
110105 1
112251 1
112250 1
112384 1
112388 1
112391 1
012616 1
159039 1
158944 1
164704 1
158921 1
163637 1
163514 1
163495 1
168333 0
001271 0
002859 1
236703 1
236330 1
236319 1
207674 1
208462 0
002369 1
006335 1
176758 1
176769 1
176770 1
140607 1
140608 1
193896 1
193884 1
193879 1
193883 1
196370 1
035076 1
035051 1
063835 1
063425 1
285882 1
156575 1
156574 2
090968 1
098957 1
242258 1
164167 1
018174 1
128981 1
264823 1
118945 1
118960 1
064817 1
064820 1
153466 1
153504 1
131386 0
278898 1
176382 1
176415 1
009885 1
090619 1
288774 0
070745 1
103918 1
070670 1
103843 1
060505 0
195886 1
271872 1
271971 1
229918 1
229950 1
139361 1
139344 2
130560 1
204300 1
203475 1
204289 1
255914 1
255941 1
255850 1
255824 1
014868 0
234620 1
018022 0
284620 0
014825 1
170341 1
170342 1
219454 1
069816 1
102989 1
152962 0
188320 1
000482 0
222793 0
191007 1
100193 1
190998 1
133833 1
133787 2
133799 1
133837 1
025466 1
025423 1
098099 1
098149 1
226269 0
018585 0
018321 1
231662 1
231658 2
231660 1
210559 1
210967 1
116797 1
116991 1
018509 1
066443 2
238089 1
238093 1
238108 1
238103 1
255747 0
153394 1
238940 1
156551 1
195257 0
085843 1
157425 1
157426 1
238941 1
153027 1
169488 1
169492 1
169493 1
169494 1
169485 1
153181 1
153244 1
153455 1
153180 1
153241 1
153158 1
153169 1
153488 1
153157 1
153168 1
126442 1
126482 1
117928 1
004201 1
153028 1
155969 1
007380 1
167842 1
167914 1
167915 1
170172 1
170173 1
170171 1
167490 1
167491 1
167486 1
170410 1
170418 1
170419 1
170340 1
169864 0
132521 1
132502 1
132534 1
169333 1
169334 1
069602 1
102775 1
169265 1
014666 1
016629 1
017582 1
169285 1
169343 1
169344 1
127726 0
018779 0
126797 1
126777 1
126407 1
042610 0
008658 0
181014 1
171374 1
171373 1
171375 1
164802 1
164944 2
018531 0
169123 1
169073 1
169074 1
158122 1
158283 1
165254 1
165256 1
160899 1
178651 1
178625 1
178591 1
178586 1
153399 1
153406 1
154598 0
157029 0
152134 0
015745 1
266110 1
266094 1
131711 1
176787 1
176820 1
176819 1
176831 1
275358 1
275351 1
061379 1
061381 1
280589 1
147468 0
063850 1
272715 0
124492 1
124510 1
185880 1
185855 1
138540 1
006475 0
076275 1
212211 1
018578 1
074828 1
074574 1
001598 0
143645 2
143646 1
010857 1
143731 1
219455 1
163145 1
174990 1
174954 1
202975 1
204168 1
164761 1
202976 1
203116 1
202649 2
193997 1
193983 1
193732 1
193832 1
187504 1
187493 1
169300 0
166907 0
058341 1
202826 1
003141 1
136572 0
156204 1
156276 1
141987 1
159981 1
160014 1
160020 1
166977 0
088628 1
088778 1
160827 1
160868 1
069402 1
102575 1
077049 1
229479 0
076770 1
076392 1
076393 1
076228 1
076345 1
035479 1
205553 1
012873 0
081738 1
110823 1
043921 1
089471 1
163902 1
164126 1
151864 1
152487 0
161933 1
149049 0
081684 1
081551 1
129750 0
044550 0
007684 0
016557 1
010837 1
143649 1
279937 0
152011 1
075844 1
085164 0
231904 0
070522 0
053290 0
219852 1
003477 1
124604 1
190942 1
191062 1
069367 1
102540 1
144907 0
027092 1
016644 1
110022 1
224459 1
127495 0
014143 1
239089 1
113429 0
158207 1
158200 1
156917 1
156941 1
182896 1
036367 1
036409 1
036381 0
143944 1
143888 1
141966 1
141969 0
160319 0
012260 0
161851 0
008153 0
127028 1
193359 0
126900 1
126888 1
126894 1
156283 1
110083 1
225924 1
225923 1
116653 0
255767 1
255790 1
255808 1
255879 1
126890 1
239548 2
169329 1
169330 1
239801 1
239926 1
240106 1
240178 1
240193 1
242903 1
242930 1
050051 0
259981 0
110066 0
220910 1
236265 1
236278 1
242905 1
078326 1
284442 1
078254 1
033275 1
037739 0
179696 1
064337 0
033352 1
068343 1
242279 0
269597 1
269600 1
199411 1
199442 1
001498 1
184615 1
060302 2
019042 1
278972 1
177040 1
021475 1
126447 1
131203 1
153581 1
153582 1
124180 1
012018 1
087885 1
087905 1
065220 1
065211 1
235163 1
007767 0
056339 0
030505 1
029397 0
144513 0
238728 1
238943 0
170473 1
170474 1
170463 1
169137 0
035482 0
011855 1
142068 1
142097 1
010370 1
182265 0
108142 0
175588 1
229437 1
229431 1
167578 0
075911 2
075863 1
075872 1
286794 1
286815 1
286836 1
287670 1
287677 1
287892 1
121774 0
019766 1
238107 0
020739 1
020732 1
021376 0
158286 0
001466 1
202344 1
242901 1
033344 1
199499 1
068310 1
011252 1
087906 1
278967 1
065277 1
221240 1
221221 1
065728 0
012256 0
163003 1
164823 1
238609 1
239059 1
077034 0
191599 1
108844 1
108872 1
108813 1
108753 1
108786 1
108700 1
108619 1
108573 1
108620 1
108794 1
186048 1
281777 1
020974 1
020945 1
027550 0
155981 1
156034 1
111642 1
111647 1
111635 1
110757 1
110734 1
110752 1
110941 1
110951 1
034379 0
068688 1
068669 0
122460 1
122485 1
148906 1
125141 1
125041 1
012377 0
185612 1
233212 0
008511 1
157503 1
157504 1
157505 1
157495 1
157496 1
082468 1
191220 1
191146 1
265499 0
155111 0
154896 0
127472 1
127471 1
127382 1
166772 1
166773 1
166595 1
076113 1
032661 0
190901 1
190896 1
234051 0
146742 0
204312 0
107875 0
089472 1
246794 1
247365 1
248167 1
281167 1
242940 0
190842 1
256091 1
256823 1
219886 1
219892 1
219907 1
174136 1
174129 1
185915 0
268425 0
251813 1
251872 1
262747 1
052900 0
157433 1
157341 1
111860 0
122461 0
253246 1
253078 1
253245 1
254408 1
255046 1
168656 1
168657 1
168597 1
168598 1
154114 0
151152 1
151186 1
151166 1
151172 1
211276 1
211278 1
110739 1
110848 1
111471 1
111476 1
111024 1
111401 1
111029 1
111047 1
111393 1
110984 0
111299 1
111323 1
111473 1
111478 0
111631 1
111634 1
110822 1
110783 1
016530 1
148350 1
111398 0
111813 0
191765 1
086478 1
091267 0
256831 1
185887 1
194080 1
255433 0
181452 1
234430 1
234791 1
231278 1
071688 1
104861 1
186730 1
180048 1
186729 0
152111 1
018774 1
152106 1
271972 1
112253 1
112927 0
191825 0
050193 1
060805 0
134155 0
000031 1
131445 1
231373 0
253349 0
007207 0
031047 0
082305 0
076662 0
158528 0
183965 0
156760 1
069700 1
102873 1
239744 1
239746 1
000618 1
098034 1
098004 1
160458 0
005600 0
185661 1
185659 0
066956 1
092814 0
269462 1
269472 1
239024 0
191096 0
220479 1
220481 1
015206 1
125541 1
230775 1
211329 0
269471 1
269461 1
269423 1
269554 1
269534 1
003986 0
272283 1
271860 1
272306 1
271867 1
273579 0
012184 0
152974 1
140409 0
111239 0
156155 1
156170 1
156171 1
041084 0
081685 0
242286 0
019587 0
217910 0
226534 0
124706 1
124660 1
170398 1
170399 1
170375 1
013410 1
286711 0
002499 0
159765 1
122837 1
131951 0
183742 0
046422 0
001237 1
020946 1
020975 1
020948 1
099124 0
180055 0
026907 1
135104 0
009693 0
038219 0
197477 0
032643 0
190965 1
193843 1
139905 0
111289 1
217696 1
275973 0
148190 1
148191 1
148196 1
148197 1
148198 1
125192 1
125195 1
125196 1
012612 1
270122 1
270125 1
145480 1
145483 1
145486 1
013747 1
136428 1
136438 1
180002 1
179780 1
179767 1
001753 0
051575 0
147375 0
107879 1
215009 0
071412 0
241065 0
230778 1
152863 1
152864 1
178270 1
240452 1
190692 0
155837 0
011435 0
034696 0
198469 1
056270 0
170239 0
013185 0
242942 0
155853 1
152988 0
012613 1
123010 1
150546 1
150562 1
150547 1
015818 0
132030 1
206445 0
252518 0
177816 0
008740 1
199259 0
159025 0
182326 0
191665 1
082123 1
071492 1
104665 1
081359 1
081336 1
081146 1
228777 0
002444 1
152346 1
197066 1
197067 1
197303 1
133523 0
227568 0
009049 0
007414 0
185666 0
099966 0
274578 0
270325 1
270334 1
270315 1
193209 1
193212 1
193210 1
271934 1
271963 1
034336 0
281698 0
019392 0
018323 0
153243 0
127126 1
126962 1
059072 0
085205 1
080057 0
231430 0
131417 1
167879 0
192571 0
130961 1
130929 1
115606 0
243761 1
243741 1
114563 1
114588 1
114589 1
114593 1
119734 1
005288 1
125013 1
124965 1
266075 0
024495 0
162687 1
039019 0
119018 0
256813 1
154494 1
039842 0
132483 1
132496 1
138033 0
177858 0
155696 1
126350 0
243655 1
230768 0
225084 1
225078 1
155324 0
008502 1
146218 1
258967 0
281950 0
109293 0
229762 1
229852 1
254407 0
163689 1
163701 1
040661 1
115729 0
111417 0
262474 0
109804 1
124007 1
133843 1
133842 1
002795 1
016618 1
148070 1
002563 0
256895 0
124002 0
018929 1
152588 1
152597 1
203175 0
191399 0
188785 0
226390 0
242979 1
035368 0
191172 0
285246 0
180468 0
007718 1
121152 1
144167 0
285667 0
128640 1
090631 1
090612 1
090620 1
098563 0
050824 1
050801 1
090293 0
163019 0
133731 0
051113 0
096776 0
013741 0
029324 0
119209 0
035723 1
035725 1
035726 1
035690 1
089060 1
062910 0
233728 1
233767 1
233768 1
164575 0
124690 1
117945 0
163790 1
163791 1
160977 1
116515 2
116960 1
232632 0
131858 1
157605 0
155593 1
155548 1
108241 0
064632 0
142305 0
016704 0
265448 0
048264 1
177871 1
178234 0
169376 0
239753 0
017791 0
256300 1
027082 0
001377 0
196107 0
238953 0
172094 1
200504 0
157943 0
138897 1
000947 0
163805 1
197131 0
191540 1
191496 1
191515 1
262601 0
269509 0
010179 1
122487 1
060320 0
108032 0
033747 1
019892 0
271994 0
155322 1
155230 1
155219 1
155224 1
155216 1
016586 1
131869 1
131866 1
128641 1
138847 1
138858 1
138788 1
002566 1
006568 1
096690 0
093371 0
129785 1
035722 1
035703 1
035693 1
129006 0
158665 0
232212 1
232246 1
278181 0
171991 1
171862 1
108469 0
108248 0
024030 0
236420 0
161033 0
241767 1
192479 1
264960 1
169883 1
017268 0
190603 1
040622 1
101718 0
259549 0
151252 0
210422 1
151527 1
151504 1
111805 1
149770 0
243982 0
007779 0
005887 0
258596 1
258598 1
258593 1
258997 1
259019 1
258640 1
258678 1
258996 1
038315 0
011929 0
230598 1
048321 1
048293 1
029147 0
115243 0
194955 1
018661 0
252605 0
159028 0
273696 0
161859 1
161857 1
172844 1
172908 1
172841 1
236195 1
236212 1
283711 0
190294 0
247289 0
101370 0
172739 0
025526 0
116919 0
031531 0
112677 0
133850 1
154231 1
154178 1
081318 1
154441 0
093318 0
109524 0
074592 0
111149 0
143084 0
132755 0
174744 0
014230 0
181170 0
259018 1
162518 0
183676 0
017558 0
181993 0
165266 0
118346 1
118434 0
045248 0
024835 0
008544 0
141752 0
002699 0
079015 0
225192 0
071557 0
191572 1
190479 0
249127 0
193914 0
000165 0
199615 1
199631 1
262751 0
008280 1
141646 1
017023 0
111043 0
128216 0
134293 1
134273 1
135245 0
004882 0
107984 0
124957 0
256241 0
155495 0
173188 0
182407 0
064343 0
179471 0
281105 1
281109 1
153547 1
114323 0
238719 0
139778 0
109964 0
257969 0
233979 0
081849 0
191104 1
024340 0
263058 0
243887 0
261258 0
129824 0
050941 0
255615 0
137213 1
020719 0
141905 0
195971 0
234362 0
000985 0
003266 1
031949 0
006740 0
176381 0
013947 0
091158 0
133798 1
155555 0
279479 0
235813 0
089148 1
089167 1
039225 1
039230 1
023625 0
281292 0
199882 0
185984 1
071410 0
241505 0
193562 1
193558 1
266239 0
224035 0
076819 0
096417 0
054462 1
205704 0
182667 0
122464 1
169923 0
151919 1
158137 0
067650 0
005497 0
193566 1
193599 1
089168 1
089674 1
089955 1
040826 1
040850 1
054298 1
185972 1
191565 1
191570 1
185848 0
187912 0
006027 0
185981 1
138992 0
192960 0
098022 0
265829 0
288813 0
210933 1
210936 1
014760 0
150379 0
038576 0
045434 0
150005 1
177602 1
177601 1
178614 0
032949 0
028205 0
159031 0
199977 0
157597 1
157595 1
010918 0
035780 0
074956 0
068618 0
063851 1
063855 1
152096 0
028461 0
081664 0
001078 0
069015 0
239876 1
011047 1
142603 0
259013 0
195210 0
195936 1
195539 1
287999 1
288019 1
230507 0
152429 0
150395 0
079078 0
125901 0
196801 0
077242 0
133517 1
002611 1
001298 0
124551 0
175685 1
175770 1
157060 1
268789 0
143952 0
017727 0
011692 0
231642 0
195885 0
109892 1
109890 1
268246 0
033773 1
017741 0
287003 0
234009 0
002068 0
081291 0
159501 1
226696 0
090381 0
108839 0
191976 1
191975 1
075837 0
150078 0
197348 0
205950 0
126272 1
014493 0
016870 0
185320 1
185243 1
190624 1
192635 1
187303 1
192581 1
187304 1
192134 1
191836 1
157062 1
081333 0
063386 0
183340 0
182676 0
125112 0
207243 0
235384 0
023741 0
164550 0
000935 0
025781 0
255259 1
202659 0
185013 0
038967 0
191719 0
151085 0
155778 1
179915 0
156999 0
136132 0
069468 0
169924 0
189915 1
190105 1
182499 0
176692 1
176694 1
067764 0
138924 0
161783 0
101008 0
152837 1
152821 1
048249 0
109522 0
204830 0
149357 0
257991 0
086670 0
012707 1
015035 0
091179 0
233511 0
155725 1
155755 2
199391 0
289920 0
195956 0
160472 1
160386 0
146996 1
109407 0
254023 0
148866 0
069392 1
102565 1
069340 1
102513 1
090585 0
168875 0
156111 0
226264 0
042779 0
242013 0
218891 0
257964 1
257953 1
259115 1
259135 1
259139 1
259162 1
259175 1
259180 1
257447 1
094044 1
094058 1
062147 0
010739 0
035105 0
190895 0
178432 1
178431 1
134451 0
015815 0
230897 0
148499 0
178024 0
032108 0
259022 0
155208 1
155264 2
257378 1
260047 1
155207 2
154841 1
176690 1
176689 1
190091 1
048912 0
165832 0
191140 0
188649 0
028786 0
207029 0
103695 0
226156 0
110459 0
171180 1
171187 1
161349 0
110986 0
143630 0
111312 0
227680 1
227794 1
202073 0
162050 0
240768 1
254370 0
022522 0
009722 1
122122 1
233403 1
233448 1
141149 0
010369 0
197047 0
186680 0
173158 0
093081 0
198267 1
198274 1
207952 0
225178 1
225176 1
141245 0
051691 1
060870 0
134071 0
110081 0
010877 0
260208 0
127523 0
125642 0
087350 0
149681 0
019365 0
013097 0
278938 0
241950 0
021275 0
154147 0
136112 0
179515 0
195321 0
013180 0
276091 0
199699 0
071701 0
004365 0
039349 0
042563 0
026641 0
170932 0
190720 0
176788 0
060497 0
037806 0
179209 0
171505 0
169914 0
023233 0
071617 0
186788 0
087744 1
130045 1
129974 1
042739 0
065465 0
064547 0
190795 0
159413 0
003504 0
201711 0
189919 0
145705 0
269432 1
269680 1
269725 1
269727 1
269729 1
060401 0
153395 0
017553 0
240039 0
276015 0
046563 0
147495 0
061124 0
184616 1
076074 0
160304 0
000430 0
262539 0
170012 1
267958 1
267957 1
267960 1
268110 1
036827 0
231895 0
113498 0
139137 1
139139 1
233992 0
002965 1
134133 1
184865 0
125147 1
012296 1
004636 1
194189 0
067709 0
009081 0
236460 0
090011 1
214214 0
012117 0
235554 0
139939 1
133618 1
111415 0
007854 1
121273 1
120043 0
204446 0
153912 0
136037 0
127308 1
203023 0
086680 1
120724 0
174961 0
218483 0
001011 0
100155 0
210279 0
212504 0
164880 0
099196 0
128404 0
224320 0
111214 0
168850 1
168683 1
289374 0
030205 0
169358 1
169359 1
154794 0
146492 0
239530 0
170999 1
117718 0
250727 0
151889 0
271549 0
123462 0
006776 0
165406 0
131637 0
102200 0
143976 0
095592 0
058793 1
057453 0
262837 0
070959 0
069242 1
102415 1
069204 1
102377 1
035270 0
128950 0
077988 0
087208 0
242113 0
167720 0
140719 0
180573 0
260781 0
171101 0
127322 0
002961 0
081147 0
012310 0
129003 0
040370 0
140886 0
256485 0
108567 0
289672 0
159219 0
181297 0
087381 0
169375 0
116717 0
009288 1
121775 1
152882 0
031430 1
262430 0
079747 0
036463 0
030677 0
081811 0
134871 0
214733 0
200254 0
076286 0
231110 0
157948 0
168572 0
191793 0
041343 0
131676 0
187212 0
258726 0
154405 0
034385 0
135509 1
093405 0
109962 0
079982 0
070304 1
103477 1
101530 0
001507 0
120767 0
258023 0
163020 0
285696 1
286005 1
109798 0
279083 0
271052 1
016746 0
004990 0
184553 0
180198 0
113973 0
126201 0
015772 0
003794 0
218020 0
178146 0
221944 0
098125 0
162517 0
216596 0
111240 0
127897 0
152981 0
060952 0
286304 0
197144 1
197129 1
028532 0
163472 0
272357 0
189722 0
045136 1
141901 1
142197 1
128714 0
087830 0
008828 0
233683 0
266117 0
012919 1
033398 0
170217 1
170095 1
170096 1
098909 1
098943 1
192889 1
192858 1
182828 0
287051 1
287056 1
285238 1
285237 1
287045 1
285231 1
070203 0
013084 0
179136 0
103376 0
145900 0
014210 0
254043 0
087330 1
086917 1
260769 0
153246 0
124776 0
167126 0
228560 0
003427 0
129093 0
197818 0
144118 0
255757 1
178422 0
075243 0
199013 0
120931 0
077902 0
113681 0
115276 0
128320 0
007686 0
262302 0
132910 1
019590 1
140509 0
014213 0
233389 0
156539 0
064495 0
167970 0
005671 0
087701 1
173653 0
257978 0
122080 0
201952 0
182703 0
071530 0
199025 0
225211 0
275932 0
047960 0
109577 0
183133 0
134021 0
233371 0
085307 0
141033 0
080425 0
072258 0
074670 0
228422 0
126549 0
286639 0
141743 0
127279 0
002975 0
163529 0
195075 0
128665 0
187828 0
278347 0
259982 0
150685 0
238231 0
151656 0
082415 0
095748 0
065587 0
278742 1
278794 1
245019 0
279536 0
157418 0
188397 0
038215 0
220403 0
279414 0
030525 0
164470 1
007556 0
008250 0
122100 0
168779 0
273931 0
217868 0
217184 0
083320 0
185904 0
132938 1
132952 1
132955 1
167880 0
179916 0
129032 2
129028 1
018123 1
129027 1
016900 0
232017 0
009465 0
184431 0
087391 0
004590 1
082463 0
029146 0
083975 0
029341 0
151575 0
117621 0
084280 0
071541 0
132550 0
000070 0
120196 0
070680 0
009889 0
123911 0
155109 1
155108 1
185689 0
014277 0
192166 0
160594 1
160539 1
018248 0
002687 1
279012 0
102026 0
028927 0
137169 0
190201 0
140915 0
241133 0
065267 0
037784 0
234048 0
065941 0
258502 0
014770 0
118497 0
258874 0
099063 0
193824 0
015270 0
074624 0
157606 0
158111 0
128658 0
201514 0
252664 1
252756 1
252760 1
032927 0
082318 0
125033 0
004755 0
089571 0
167038 0
024025 0
180530 1
067289 0
059497 0
161395 0
259610 0
193720 0
014349 0
021285 0
242902 0
124964 0
167769 0
238968 1
240192 0
085876 0
273102 0
273009 0
019633 0
235622 1
235651 1
235655 1
235678 1
235965 1
076097 0
239982 0
117246 0
181091 0
183722 0
115840 0
111000 0
160531 1
180445 0
238063 1
235964 0
220633 0
137634 0
180175 0
195835 0
194964 0
128992 0
163887 0
001839 0
090275 0
006895 0
272723 0
143902 0
217555 0
189913 1
190166 1
155271 0
163163 1
163239 1
163104 1
163107 1
109120 0
027895 0
041865 0
113629 0
126293 0
043433 0
189405 0
126343 0
254539 0
068140 0
200041 1
200138 1
200137 1
133727 0
191834 0
270040 0
215171 0
046420 0
025862 0
210289 0
220259 0
032957 0
276413 0
085571 1
269745 0
181320 1
239524 0
100335 0
226121 0
196055 0
090555 0
238030 0
239328 0
169925 0
113133 0
136337 0
132172 1
045325 0
258844 0
160293 0
135994 0
153828 0
163041 0
260868 0
011167 0
210710 0
033351 0
155556 0
020300 0
014530 0
091240 0
238363 0
087589 1
157282 0
131952 0
128894 0
123236 0
108035 0
180389 0
154129 0
258875 0
230007 1
136810 0
087382 0
128717 0
202760 0
272952 1
254027 0
048206 0
200645 0
231435 0
154115 0
152987 0
244804 0
167558 0
226354 0
183971 1
189322 0
015974 0
202707 1
007383 1
076408 0
002099 0
128604 0
137476 0
040064 0
194488 0
185665 0
230748 0
134261 0
109543 0
188627 0
275954 0
274535 0
273700 0
256774 0
029807 0
181705 0
024376 0
058602 0
121278 0
003062 1
288383 0
191340 0
007951 0
000582 0
033118 0
130981 0
123474 0
111281 0
211485 0
141959 0
238791 0
201754 0
144106 0
051677 0
091332 0
182911 0
173041 0
141171 0
148059 0
197501 0
120078 0
201457 0
033163 0
025628 0
011070 0
080465 0
050904 0
099846 0
183932 0
241382 0
043758 0
137146 0
001473 0
157088 0
167742 0
121125 0
143977 0
182347 0
165264 0
182216 0
110412 1
024339 0
209658 0
217882 0
071467 0
078365 0
258894 0
069263 0
068178 0
192978 0
124001 0
258274 0
168557 0
127355 0
079454 0
230561 0
096707 0
120203 0
109396 0
286721 0
011149 0
225230 0
143000 0
281977 0
185000 0
195220 0
176365 0
056372 0
098158 0
090807 0
107907 0
222990 0
141471 1
082070 0
185989 0
262401 0
150426 0
017728 0
238273 0
156726 0
052879 0
008681 0
019595 0
289774 0
144197 0
080051 0
282633 0
224242 0
199260 0
050257 0
124451 0
127226 0
104714 0
167079 0
254489 0
189321 0
039508 0
133968 0
003135 0
118151 0
159984 0
204027 0
181120 0
034339 0
237676 0
223690 0
218344 0
138969 0
176958 0
227055 0
139934 0
287748 1
005063 1
111772 0
131136 0
111561 0
088266 0
018541 0
203537 0
043665 0
030553 0
145646 0
111075 0
241084 0
098617 0
056007 1
192392 0
127775 0
170650 0
145669 0
043775 0
111225 0
045629 0
186059 0
027201 0
190564 1
286136 0
070851 0
153730 0
218560 0
000733 0
039957 0
190292 0
186999 0
193550 1
230848 0
288737 0
016183 0
102641 0
003094 0
100483 0
112688 0
002836 0
265857 0
219906 0
028697 0
131992 0
255403 0
242224 0
012037 0
080232 1
182612 0
190302 0
158077 0
131650 0
104703 0
208996 0
175791 0
254262 0
038175 0
129645 0
238704 0
137919 0
198436 1
199048 1
082363 0
090549 0
174672 0
088652 0
099944 0
002321 0
119027 0
234113 0
010921 0
138894 0
098700 0
041190 0
181001 1
286998 0
094123 0
242239 1
242247 1
145924 1
242339 0
252638 0
122867 0
153393 0
193266 0
266557 0
019431 0
064260 0
239264 0
169377 0
063328 0
278263 0
157607 0
123202 0
024258 0
000472 0
147453 0
226705 0
095436 0
152452 0
285347 1
191824 0
075811 0
172269 0
109299 0
053306 1
266832 0
027696 0
276527 0
161029 0
289659 0
156265 1
088558 1
088557 1
101197 0
101263 0
065198 0
004989 0
101156 0
138408 0
108633 0
130847 1
130886 1
130900 1
286193 0
268866 0
119963 0
221951 0
012282 0
228813 0
169656 0
215673 0
087345 0
258444 0
116771 0
132163 0
282491 0
142701 0
213230 0
196030 0
038339 0
232634 0
201105 0
193580 0
252520 0
143788 0
034921 0
121524 0
216663 0
268295 0
196453 0
142284 0
184842 0
121466 0
004896 0
052300 0
288576 0
099975 0
034699 0
258779 0
075558 0
163560 0
158177 0
257670 0
235556 0
133239 0
110631 1
117966 0
188739 0
273725 0
130789 0
021309 0
255310 0
137257 0
023751 0
099588 0
010467 0
141425 0
190057 0
001452 0
016560 0
037696 0
138149 0
200292 0
104874 0
017778 0
242541 0
027454 0
076530 0
127911 1
127884 1
033104 0
084068 0
111238 0
152166 0
083274 0
198888 0
169511 0
255904 0
149724 0
227586 0
193293 0
282361 0
225218 0
212540 0
014863 0
197353 0
000573 0
022520 0
041184 0
179877 0
069432 0
242434 0
209875 0
081446 0
140512 0
001895 0
211561 0
042062 0
081856 0
008081 0
019911 0
111946 0
151330 1
130081 0
169760 1
169761 1
169676 1
104730 0
232761 0
158976 0
012494 0
181902 0
150008 0
241979 0
042420 0
124876 0
162496 0
238621 0
124547 0
190868 0
234714 0
262367 0
010958 0
157840 0
191652 0
181591 0
196264 0
199995 0
018225 0
004929 1
119285 1
196311 0
208244 0
127606 0
060507 0
120077 0
167080 0
202262 0
167721 0
275892 0
158278 0
169138 0
289971 0
119210 0
226543 0
097822 0
046129 0
105431 0
012630 0
181022 0
258072 0
191202 0
178239 0
018243 0
050472 1
050335 0
050334 0
000917 0
115970 0
199330 0
144238 0
194951 0
252969 0
016835 0
142330 0
114819 0
131989 0
128006 0
239112 0
011936 0
235683 1
180063 0
035302 0
234931 0
267391 0
019616 0
188067 0
238061 0
168996 0
282160 0
171852 0
115053 0
015416 1
125323 1
182560 0
260247 0
025715 0
258960 0
029973 1
139069 0
154782 0
255647 0
174457 0
148523 1
109329 0
091639 1
185776 0
130370 0
033884 0
064849 0
010496 0
029399 0
138161 0
089599 0
016823 0
287082 1
183427 0
224509 0
133709 0
246778 0
134952 0
209817 0
277146 0
074882 1
074905 1
074881 1
064188 0
001051 0
239531 0
242253 0
001141 0
029482 0
128730 0
051874 0
009020 0
271996 0
166023 0
239748 0
052643 0
202084 0
130263 0
080040 0
158729 0
109797 0
162808 0
228417 0
031426 0
057937 0
175509 0
154760 0
287084 1
113551 0
139776 1
139845 1
037803 0
099394 0
122819 0
156066 0
047163 0
285762 1
285826 1
148530 0
207446 0
224028 0
001740 0
074625 0
247293 0
014132 0
225217 0
278179 0
039228 1
132181 0
154097 0
090729 0
060297 0
286712 0
126612 0
233487 0
142874 0
266103 0
176414 0
185799 0
093785 0
274661 0
282640 0
167039 0
151603 0
050283 1
210237 0
068011 0
086358 0
104640 0
140902 0
253530 0
032822 0
098424 0
019466 0
160621 0
081836 0
016354 0
216531 0
104585 0
218204 0
193618 0
186677 0
199373 0
127376 0
030202 0
148024 0
211222 0
088596 0
151869 0
143447 0
131173 0
108597 0
157608 0
226493 0
170477 0
031838 0
148923 0
190765 0
239509 0
165895 0
132141 0
061173 0
177165 0
094031 0
144063 0
064433 0
253242 0
085448 0
076403 0
125369 0
136562 0
155540 1
029516 0
195923 0
182045 0
080518 0
181144 0
146053 0
141009 0
031076 0
170777 0
159599 0
167931 0
153135 0
020468 0
164471 0
136089 0
155539 1
050390 1
285854 0
191974 0
139621 0
183723 0
143299 0
042713 0
190843 0
236329 0
084275 0
034358 0
153571 0
136379 0
153903 0
188143 0
004008 0
241287 0
216167 0
196357 0
043598 1
014944 0
055931 0
235560 1
037741 0
289928 0
125889 0
030625 0
146182 0
091633 0
190490 0
238946 0
125709 0
233380 0
184132 0
081760 0
098015 0
104132 0
286870 0
243041 0
076788 0
192131 0
045558 0
008643 0
002279 0
151550 0
197729 0
171480 0
182285 0
179138 0
152992 0
077261 0
186320 0
129744 0
069914 0
168668 0
146238 0
225175 0
290045 0
139550 0
026347 0
066765 0
033407 0
044141 0
232085 0
162954 0
057779 0
136436 0
143791 0
140869 0
038513 0
054367 0
220329 0
024403 0
201132 0
039050 0
019363 0
124653 0
034151 0
004118 0
071799 0
159102 0
266089 0
081422 1
081398 1
081416 1
081389 1
081435 1
081431 1
229364 0
078305 0
079964 0
065591 0
060902 0
124693 0
110334 0
027430 0
063375 0
199881 0
204983 0
081451 0
043606 0
164760 0
042531 0
081463 0
123583 1
123573 1
102436 0
251187 0
070222 0
034200 1
156307 1
156332 1
156518 1
188625 0
254580 0
015323 0
142362 0
033771 0
221602 0
195772 0
131008 0
175704 0
286514 1
286502 1
278705 0
003786 0
089601 0
183875 0
191481 0
250897 0
058992 0
280516 0
194825 0
027199 0
035458 0
273948 0
271713 0
259415 0
119358 0
128571 0
155838 0
195777 0
118552 0
012352 0
142372 0
045470 0
286789 0
281482 0
188714 0
123454 0
007159 0
110082 0
088622 1
189975 0
157399 0
013670 1
184577 0
079369 0
167149 0
195889 0
226836 1
162950 0
038336 0
231390 0
064912 0
235455 0
010397 0
197345 0
156629 0
176002 0
254008 0
010940 0
183228 0
117220 0
011993 0
005844 0
266971 0
061637 0
034384 0
049929 0
121588 0
258949 0
153065 0
129924 0
201561 0
285276 0
087348 0
122931 0
101081 0
167545 0
192855 0
169061 0
032003 0
122871 0
273386 0
287308 0
019073 1
235650 0
088273 0
014842 1
126875 1
143887 0
211556 0
168617 0
232121 0
094412 0
117398 0
002204 0
148908 0
242207 0
255314 0
104024 0
108055 0
160345 0
216939 1
286726 0
018220 0
079824 0
012050 0
233888 0
208047 0
240218 0
243973 0
029656 0
021307 0
027877 0
195966 0
238843 0
027439 1
222553 0
075913 0
256780 0
049314 0
014650 0
122866 0
148296 1
274005 0
020301 0
071525 0
004604 0
170618 0
010839 0
179770 0
160888 0
154975 0
021118 0
243486 0
193704 0
285050 1
276877 0
041434 0
165213 0
275786 0
102605 0
231591 0
158838 0
192143 0
141406 0
222989 0
259010 0
151995 0
119231 0
178149 0
009332 0
190899 0
240191 0
020998 0
022311 0
018414 0
271544 0
144000 0
118124 0
252608 0
038332 0
083939 0
017401 0
063147 0
042485 0
115346 0
197991 0
139844 0
244745 0
023435 0
146328 0
223920 0
166835 0
123212 0
210113 0
158875 0
024570 0
070853 0
268007 0
037816 0
062134 0
279970 0
052143 0
281965 0
100256 0
071737 0
148598 0
215476 0
241972 0
162506 0
022519 0
262538 0
173644 0
192592 0
013450 0
028511 0
113719 0
109894 0
149362 0
146775 0
290051 0
041861 0
125859 0
064050 0
128621 0
042616 0
158262 0
186757 0
027740 0
072232 0
025117 0
075529 0
012901 1
028445 0
063479 1
216690 0
