088377 0
286395 2
286399 2
285887 2
285767 2
285768 2
285825 2
285815 2
285899 2
286386 2
286396 2
286400 2
286382 2
130439 0
005506 2
120088 2
120069 2
120068 2
120058 2
005772 2
120387 2
093922 2
093953 2
093977 2
090603 1
090592 1
088379 2
088383 2
088385 2
089355 1
089341 1
089330 1
088766 1
088750 1
074993 2
075013 2
096698 1
131687 2
131709 1
147168 1
126596 1
115383 1
053401 0
243747 1
243744 2
002046 0
285822 0
254384 0
089673 0
267779 0
135034 0
046234 0
090100 2
090190 2
250787 2
250772 2
137366 0
253706 0
225402 0
284253 0
164174 0
069189 0
127190 1
211804 0
066712 0
222631 0
020426 0
225360 0
018508 0
211609 0
243785 0
029256 0
024985 0
013198 0
035062 0
113487 0
217215 0
074777 0
070259 0
046093 0
210650 0
215830 0
040450 0
284783 1
284784 0
284766 0
224284 0
137358 0
237012 0
043856 0
136069 0
102362 0
164166 0
253743 0
046184 0
174348 0
284469 0
089530 0
211838 0
075143 0
088397 2
088407 2
088415 2
088417 2
093928 2
094023 2
093930 2
096701 1
127193 0
009419 1
121877 1
081504 1
077611 2
244661 0
085001 0
005643 2
010889 0
218020 0
085625 0
077733 0
185897 0
093987 0
075336 0
127206 0
075738 2
288803 0
017960 0
075680 0
244767 0
247680 0
034684 0
101862 0
251742 0
050368 0
098568 1
098542 1
098901 0
077133 0
009912 2
122256 2
117973 0
142436 0
075101 0
072242 0
052029 0
089356 0
114976 1
048133 0
067823 0
010412 0
220439 0
276190 0
079568 0
185204 0
197585 0
096066 0
080312 0
149156 0
070428 0
100939 0
096129 0
142931 0
101372 0
111749 0
147412 0
077750 0
088968 0
279973 0
279497 0
226002 0
147167 0
011349 0
254450 0
087683 0
069333 0
140282 0
085412 0
021706 0
052026 0
112560 0
181607 0
018972 0
100940 0
095891 0
081378 0
226112 0
281602 0
186601 0
248099 0
252231 0
077460 0
244768 0
007704 0
058842 0
183443 0
075340 0
069400 0
019394 0
237338 0
111653 0
095887 0
090405 0
095197 1
138058 1
180663 1
116392 1
116727 1
116349 1
004768 0
047488 0
115378 0
223983 1
224168 1
121883 0
040008 0
064937 0
058162 0
013253 0
114877 0
192708 0
062859 0
255012 0
117334 0
044497 0
004790 0
001243 0
068759 0
116601 0
093762 0
071308 0
184801 0
068373 1
071243 0
096621 0
121897 0
100004 2
095242 0
096308 0
206271 0
287162 0
060962 0
288798 0
059778 0
