286272 1
286284 1
286273 1
286285 1
007096 2
112891 1
259908 2
259912 2
283431 0
261876 1
260139 1
260123 1
125938 2
014790 2
125937 2
186961 2
186956 2
177436 2
269835 1
271118 1
263037 0
178283 1
173708 1
286158 0
237814 1
285938 2
283890 0
288012 2
191743 1
191730 1
191800 2
191846 2
062515 2
097341 2
097347 2
288789 2
286617 2
027498 1
099178 2
099213 2
099347 2
026003 1
026004 1
019356 1
019347 2
278756 0
195750 0
123257 2
123149 2
014728 2
126368 2
126369 2
274466 2
288786 0
079832 1
053149 1
053147 1
050400 1
050290 1
050557 1
050487 1
050515 1
050567 1
028881 1
029086 1
029429 1
046800 1
046890 1
053532 1
054314 1
053689 1
053972 1
053928 1
025623 1
029463 1
029466 1
025164 1
085069 1
039289 1
039287 1
053469 1
053300 1
055051 1
088968 1
088863 1
004200 1
267034 1
267063 1
082067 1
054363 1
054399 0
054303 1
048687 1
050595 1
050674 1
050571 1
283455 0
053211 1
053180 1
053210 1
054477 1
046386 1
046391 1
053205 1
210687 0
144131 1
144144 1
015427 0
129362 0
053100 1
053123 0
053267 1
053316 0
052810 1
053292 1
059432 0
054955 0
053907 1
054169 1
054038 1
054255 1
052142 1
008592 1
058832 0
050586 1
050579 1
035205 1
054556 1
054888 0
053213 1
053208 1
024451 1
024431 1
024468 1
036502 0
057618 1
053779 1
054113 1
054744 0
257511 0
086767 1
086800 0
165415 0
047185 1
047400 1
108174 0
077388 1
082922 1
077400 1
230911 2
284274 0
054229 0
054262 1
056786 1
057171 0
284479 0
026832 1
026825 0
066403 0
008997 0
052862 1
052846 0
050984 0
053708 1
028171 2
028172 2
029151 1
131268 0
023590 0
030119 0
051830 1
120907 0
082889 1
015131 0
010479 2
178501 0
260436 0
286124 1
286138 1
259590 0
057969 1
057972 1
071465 2
104638 2
009658 2
051048 0
189150 1
173317 0
100975 1
110285 0
068580 2
000632 1
060879 1
099552 0
000221 0
196526 0
178930 1
071064 0
066812 1
256646 0
083557 0
079313 0
056343 0
005146 0
075651 0
036054 0
088496 1
234784 1
234729 1
279893 0
233375 0
186942 1
045138 1
044668 0
070348 2
103521 2
052306 0
182419 2
212001 2
204350 0
279780 2
279783 0
157127 2
157160 0
093068 0
052338 0
204358 0
279836 0
272004 0
025534 0
052068 0
176435 0
053075 0
008526 1
220084 0
289754 1
011507 0
080322 0
117885 0
053085 0
092399 0
009401 1
053199 0
187869 0
169115 0
285959 0
028284 0
074955 0
064781 0
158989 0
004127 0
074559 1
074560 1
042386 0
059365 0
279841 0
074907 0
164307 0
284287 0
286131 0
158573 0
113654 0
040656 0
229044 0
185340 0
259980 0
080342 0
288788 0
251442 0
023574 0
101140 0
124506 0
278591 0
206821 0
090433 0
065390 0
017159 0
280328 0
051312 1
051299 0
054055 0
135034 0
268071 0
266636 0
271620 0
061422 0
282704 0
093120 0
162790 0
098314 0
048919 0
051801 0
065771 0
054952 0
024911 0
026063 0
178424 1
229731 0
114499 0
191203 0
278751 0
041693 1
094986 1
237430 0
014758 0
190455 0
241093 0
139127 0
257510 1
257517 1
257561 0
269850 0
238961 0
011386 0
161126 0
004955 0
282019 0
179687 0
029733 0
151558 0
257518 0
116829 0
216287 0
086579 0
078105 0
283244 0
079485 0
196490 0
129353 0
283512 0
262041 0
048542 0
117016 0
229390 0
274751 0
121553 0
051056 0
125314 0
027006 0
233290 0
194145 0
242437 0
209083 0
110699 0
255303 0
110100 1
065641 0
003416 0
117797 0
286004 2
227153 0
238983 0
067707 0
270691 0
052689 0
288787 0
124794 0
055612 0
189433 0
039833 0
058412 0
076332 0
163821 0
160007 1
156988 0
030889 0
018053 0
058938 0
288138 0
041122 0
169116 0
286230 0
239883 0
111402 0
238394 0
007469 0
224940 0
209097 0
241924 0
234239 0
278225 0
049134 0
168579 0
066174 0
272492 0
024131 0
121514 0
070740 0
280109 0
006390 0
179220 0
020135 0
023532 0
110286 0
252243 0
236311 0
129352 0
285186 0
191585 0
269973 0
094910 0
160114 0
094756 0
160115 0
128549 0
095090 0
257562 0
003705 1
003439 0
145904 0
138007 0
014945 0
078123 0
282757 0
175871 0
019289 0
088198 0
050996 1
050542 1
034449 0
022300 0
192308 0
200887 0
230668 0
