222411 0
015842 0
206534 0
051209 0
139552 0
162602 0
124761 0
051194 0
216411 0
231729 2
231734 2
221708 1
200983 1
199560 1
201081 1
200969 1
243227 0
243183 0
018663 0
263369 1
260990 1
260991 0
040992 0
221740 1
022682 0
281366 0
222280 0
004895 0
261019 0
115505 0
243192 1
243191 1
093618 0
253905 0
225282 0
093404 0
116322 0
264098 0
039968 0
033442 0
044538 0
261047 1
254322 0
045088 0
188743 0
200517 0
087497 0
053519 0
269428 0
217186 0
221115 0
234818 0
069670 0
119230 0
254681 0
118559 0
185741 0
178904 0
081210 0
071810 0
012622 0
163875 0
045890 0
088605 0
138092 0
093744 0
252282 0
169347 0
001953 0
027985 0
222276 0
030188 0
107759 0
273790 0
013642 0
006008 0
119566 0
171190 0
222751 0
066518 0
264069 0
237960 0
219295 0
208428 0
253816 0
093995 0
277460 0
226867 0
093456 0
071363 0
115822 0
086598 0
276094 0
255261 0
178950 0
087451 0
215815 0
030109 0
286079 0
102843 0
261018 1
261046 1
269301 1
260871 1
260904 1
243426 0
260973 1
260972 2
260971 1
262452 1
201255 1
201258 1
201400 1
275710 0
200476 1
221913 2
221911 2
219516 1
219493 1
222073 1
222127 1
219182 1
219135 1
222234 1
197356 1
230837 1
262159 1
142145 0
244521 1
244513 1
220010 1
220015 2
220016 2
219756 1
219768 1
083067 0
221868 2
164492 0
219942 1
261311 1
261313 1
019053 0
265165 0
276206 1
029261 0
219661 1
205443 0
032794 0
165103 0
243352 0
163233 0
225150 0
279544 1
059140 0
163880 0
134320 0
032836 0
219510 0
179398 0
052860 0
065268 0
142184 0
028611 0
270915 0
220066 1
220065 1
219918 1
288056 0
077365 0
211870 0
236978 0
058295 0
230166 0
041627 0
028432 0
115926 0
188465 0
151200 0
220679 0
099594 0
214259 0
262155 0
196436 0
275726 0
115807 0
022401 0
