232732 1
232735 1
155445 0
192357 0
064906 1
064828 1
180026 2
188535 0
064808 1
064597 1
064766 1
064797 1
064931 1
064922 1
154395 2
064688 1
176622 2
176651 2
182927 1
076977 2
177987 1
160515 1
014050 1
014471 1
145857 1
013083 1
287922 1
287928 2
287934 2
287980 1
288692 1
289957 0
155800 1
257264 1
257231 1
018978 1
155433 1
124017 2
124016 1
064483 1
064587 1
064585 0
174773 1
154686 1
154668 1
152261 1
082827 1
077824 1
066356 1
123959 1
123579 1
123697 1
164239 1
066269 1
085968 1
188154 1
188132 1
188128 1
192395 0
123993 1
123160 1
123983 1
124041 0
064920 1
167547 1
167548 1
187267 0
164101 1
164016 1
163792 1
265828 1
265853 2
265901 1
265960 1
266057 1
265906 1
265858 1
064826 1
123067 1
123053 1
124321 1
065969 1
065968 1
064443 1
064871 1
064857 2
064492 1
064472 1
064457 1
048326 0
064777 1
170585 1
170525 1
078206 1
188540 0
267911 2
267917 2
068379 1
169674 1
169687 1
167543 1
177160 1
232780 1
233102 2
123998 1
064875 1
064913 1
064822 1
152494 2
152479 1
178103 1
152386 1
187344 0
167884 1
064905 1
168257 1
168030 1
170382 1
170385 1
166028 0
064872 1
230350 0
064439 2
064501 1
066228 0
182332 2
182331 2
288572 1
062746 1
176279 1
123989 1
075552 0
167592 1
066347 1
066335 2
284662 0
064404 2
064487 1
064495 1
283802 1
187164 1
186868 1
157979 1
124291 1
087545 1
192511 0
152485 1
065730 2
065599 2
283766 0
069190 2
102363 2
065660 1
064319 1
064862 1
077219 1
189849 1
189837 2
189838 2
284512 2
284523 1
284549 1
284569 1
284516 2
071542 1
104715 1
187357 0
080444 2
157056 1
169181 0
153025 1
180547 1
101240 1
101239 2
101234 1
101217 1
101055 1
252439 0
069434 1
102607 1
066091 1
066094 1
064907 1
064869 1
064814 2
064882 2
279180 1
068174 1
013067 2
184519 0
065904 1
233541 1
124459 1
162727 1
066445 1
064414 1
066225 1
168088 1
167942 1
182325 1
182330 1
229847 0
064821 2
177251 1
064600 1
124627 1
064790 1
124617 1
124601 1
064843 1
123999 1
064805 1
180591 0
099038 1
099027 1
099018 1
199662 0
127510 1
187695 0
064592 1
064929 1
099575 1
164226 0
127367 1
123233 1
123137 1
192397 1
210588 1
210624 2
155656 1
016988 1
012743 1
155621 1
260844 1
151189 1
235905 0
150737 2
156877 1
156914 2
198890 0
170425 1
170426 1
170422 1
167602 1
167603 1
167582 1
064823 1
170381 1
170384 1
014829 1
125888 1
014659 1
126087 1
067912 1
124181 1
064435 1
112921 1
289802 0
123995 1
111402 0
163112 1
163117 1
171128 1
123391 1
081232 1
176827 0
188071 0
187053 2
187072 1
124437 1
124420 1
124341 1
124344 1
124343 1
124340 1
123940 1
065893 1
167593 1
167594 1
167584 1
064914 1
082812 1
123992 1
177672 2
177696 1
177671 2
079186 2
079221 1
155257 1
152990 1
152910 1
152871 1
066046 1
064475 1
064841 1
067599 1
167583 1
167604 1
167605 1
124162 1
179932 0
082809 1
082805 2
068308 1
068337 1
124425 1
160970 2
160995 1
263682 0
013006 2
015300 1
287864 0
082766 1
086196 0
083131 1
169673 1
069248 1
102421 1
069203 2
102376 2
193636 1
193625 1
193621 1
193638 1
193637 1
193746 1
167596 1
167597 1
167579 1
167525 1
167526 1
167509 1
167559 1
167576 1
167577 1
177912 1
170349 1
170347 1
174742 2
174739 1
174992 2
174991 2
178296 0
175829 1
276130 0
131752 1
076916 1
076921 1
187855 0
124130 2
124097 1
124135 1
099605 1
167643 1
167641 2
012958 1
176780 1
176636 1
176686 1
176649 1
030649 0
009364 1
064848 1
176990 1
176986 1
176984 1
176981 1
176971 1
176972 1
176980 1
186852 1
186853 1
183179 1
074823 1
109561 2
185092 0
076973 1
076974 1
083034 2
082869 1
079032 1
070355 1
103528 1
070356 1
103529 1
070389 1
103562 1
087843 1
087754 1
090333 2
084935 1
087835 2
082658 2
082597 2
139588 1
077286 1
077279 2
263808 0
071373 1
104546 1
071360 1
104533 1
071351 1
104524 1
153022 1
077806 0
183584 1
183557 1
183611 1
005863 0
150759 1
124616 1
155665 1
066088 1
149428 1
150565 1
170337 1
223926 0
130839 1
130800 1
000415 1
000359 1
130808 1
130836 1
123091 1
016972 1
130817 1
151090 1
017179 1
149956 1
130810 1
130835 1
016844 1
128439 1
123536 1
148201 1
148202 2
016566 1
128430 1
068895 0
016864 1
000304 1
222775 1
124487 1
124548 2
124550 1
149316 1
000298 1
150624 1
016188 1
123997 1
016987 0
015597 2
197451 0
124337 1
064839 1
256381 1
187696 1
187707 1
066131 2
066166 2
152711 2
152713 1
287271 0
015726 1
166962 1
166963 1
166961 1
166872 1
124427 1
167581 1
167599 1
167600 1
066723 1
162512 1
187496 0
187334 1
187328 1
117459 0
168927 1
168926 1
249427 1
007938 1
121351 1
039138 0
013466 0
170154 0
188246 0
118328 0
086192 1
086184 1
064409 1
092976 1
167886 2
167928 1
168506 0
123736 2
123726 1
123743 1
021798 0
018198 2
130805 1
151170 1
222653 2
222655 2
015769 1
016850 1
128151 1
130831 1
130852 1
146663 1
130811 1
000320 1
127536 1
130739 1
124010 1
130773 1
000391 1
133034 1
000302 1
127879 1
127825 1
127238 1
000354 1
130799 1
130869 2
123892 1
151213 1
016858 1
000327 1
130809 1
168934 1
145836 1
124466 1
156197 2
154071 1
222739 1
017182 0
130837 1
130816 1
000325 1
124438 1
124422 2
000323 1
130807 1
130806 1
000322 1
130655 2
130672 2
130639 1
130628 1
130801 1
130833 1
164995 1
222923 1
130859 1
130853 2
000299 1
130850 2
130843 2
000312 1
000390 1
130896 1
129718 1
000783 1
129869 2
129868 2
129874 1
130747 1
016841 1
000360 1
150303 1
015580 1
000356 1
151137 2
151133 2
124015 1
014506 1
000431 1
003165 0
147460 1
000326 1
130818 1
124186 1
000353 1
108750 1
016933 1
150908 1
068019 1
016546 1
066249 0
017086 1
150323 1
182336 1
005236 0
288776 0
015790 1
150379 1
076961 0
173060 0
130840 1
130802 1
151124 1
000297 1
150720 1
150985 1
150658 1
150677 2
150679 1
150681 2
150690 1
013144 1
150087 0
151602 1
085386 1
124467 1
124470 1
000594 0
124026 1
000435 2
124428 1
077132 1
152047 1
152057 1
077124 2
077187 1
167805 2
167788 1
276204 1
167685 1
167686 1
196181 0
136265 1
012680 0
082087 1
095460 0
064899 1
149398 1
149400 2
101872 0
266056 0
064893 1
155748 0
064474 1
184877 2
184878 0
003641 0
064499 1
065886 1
065865 1
064429 1
114210 1
114068 1
114249 1
187891 1
064878 1
112991 1
076611 1
152720 1
150425 1
150434 1
182363 1
156726 0
030552 0
065045 1
152127 1
192545 0
128248 0
192796 1
144269 1
011048 1
125425 0
184311 1
184304 2
124234 1
175367 1
066802 1
066524 1
067093 1
067099 1
130885 1
130846 1
130899 1
183372 1
187227 1
078716 0
160074 1
021587 0
120333 1
120293 1
128481 1
128632 2
124260 1
002230 0
196153 0
177013 1
177070 1
015059 1
284522 1
284568 1
160046 2
284548 2
160565 1
151379 2
151304 2
151291 2
016824 1
016859 1
182908 2
176632 2
176633 2
176678 2
178322 2
178331 2
178332 2
178458 2
178464 1
182260 2
182189 2
172998 1
180230 2
180232 1
102079 1
102115 1
102113 1
102074 1
102027 2
102155 2
007261 0
289368 1
107719 1
064455 1
014590 0
224475 2
224441 0
177196 1
011899 0
218734 0
018716 2
121978 1
009518 2
121979 2
006838 1
086107 0
133129 2
133118 2
133173 0
199800 0
128349 1
000318 0
152824 1
152833 1
082974 1
151231 1
015637 1
149620 1
179268 1
178513 1
180159 2
180223 1
036198 0
209843 1
210023 1
210320 1
178122 1
178107 2
152851 1
221523 0
167590 1
167591 1
167585 1
191253 1
164120 0
127591 0
123925 1
124248 1
124257 1
188295 0
016948 0
179799 0
227949 0
189577 1
189530 2
187317 0
141194 2
141162 2
141224 2
141210 2
141234 2
017226 0
173419 1
173426 1
179479 0
076246 1
143610 0
003174 0
124354 1
124353 1
047668 0
183530 1
099971 1
099977 1
016803 0
173496 1
201860 2
255761 0
107878 0
199396 0
218213 1
243984 0
218222 1
267709 1
192469 0
181990 2
181960 2
182006 2
224488 0
076086 0
010497 0
173852 1
052192 0
201768 0
125922 0
000716 0
286264 0
064818 1
066462 1
065695 1
124191 1
124145 2
155599 1
115027 2
176324 1
175542 0
267710 2
267704 2
267701 1
288712 1
288721 1
064599 1
064459 1
064460 1
006451 0
064273 1
185881 0
017934 0
101448 0
004041 2
019973 2
075854 0
082840 1
082847 1
124615 1
042401 0
276940 0
007401 1
127090 1
191910 2
192165 2
285092 1
285209 1
162032 2
162076 1
070966 0
126709 0
005454 1
120009 1
147305 1
017150 0
082999 1
091236 0
016963 1
117758 1
117793 2
117792 1
007186 0
210842 1
210827 2
210816 1
220212 1
130847 0
222522 0
151450 1
187204 0
151233 1
039180 0
137552 2
006290 1
137603 2
005963 1
196906 2
196845 1
195702 0
150766 0
124770 1
124768 1
125177 0
133623 1
064598 1
196783 0
192166 1
067251 1
071481 1
104654 1
071514 1
104687 1
071482 1
104655 1
071513 1
104686 1
077709 1
077354 2
080223 0
109215 0
201558 2
167000 1
017336 1
064850 1
124063 1
200283 0
285889 0
099255 1
192250 0
064908 1
081761 0
064928 2
089470 1
127225 0
064640 1
138805 0
284672 0
069987 0
124516 1
064588 1
157242 0
006698 0
078480 1
112948 1
124082 1
124117 1
124093 1
124614 1
187382 1
013250 1
224229 0
130544 1
000418 1
118773 0
185055 0
143462 1
084314 0
170877 0
136316 0
064523 1
064530 1
082192 1
082197 1
015317 1
125416 1
164663 0
206828 0
065833 1
289955 1
289969 1
202799 1
064785 2
064786 1
173308 0
037104 0
070104 0
123650 1
112010 0
263039 0
033571 0
134091 1
111105 0
153638 1
202794 0
133104 2
190044 0
064860 1
133098 2
287834 0
133159 0
064881 1
064900 1
224476 0
064347 1
065855 1
082238 1
082233 1
064557 1
128449 0
064796 1
173343 1
154808 0
155338 1
025691 0
001597 1
142926 0
005038 0
184890 0
124408 1
124424 2
088349 1
088178 1
088180 1
123883 1
114223 0
123967 0
135156 0
127089 1
165636 0
126882 1
186569 0
145787 0
192309 0
067907 0
040907 0
037819 0
015729 2
130604 0
151952 0
123878 1
006114 1
112682 0
149852 0
181367 0
009187 0
066388 1
066332 1
241672 1
241659 1
206885 0
252446 1
019849 0
133091 0
150246 1
150247 1
149794 1
148289 1
134626 1
131640 1
131641 1
017867 1
129194 1
130160 1
182514 1
182516 1
182513 1
180076 0
137577 0
124812 0
034372 0
143550 0
147688 0
014815 1
125903 1
197999 0
124395 1
181942 0
136219 0
152501 0
092305 1
092310 1
000398 1
000527 1
188423 0
082078 1
071706 1
104879 1
124351 1
124352 1
123700 1
079268 0
000358 1
130813 1
000319 1
130079 1
130074 1
130830 1
130821 2
030973 0
193012 0
064924 1
054313 0
178580 0
070305 1
103478 1
070303 1
103476 1
098558 0
155432 1
149829 1
124349 1
000162 0
064390 1
126179 1
126721 1
124255 1
131643 1
131671 1
130073 1
124432 1
130720 1
018271 1
128914 1
149281 1
082159 1
123857 0
124360 1
133876 0
131900 1
151961 1
133163 0
155854 0
123709 1
124205 1
128322 0
000308 0
017691 0
213351 0
124957 0
087881 0
017249 1
129633 1
017495 1
129432 1
011700 0
170863 0
187508 1
124931 0
124397 1
124392 1
124217 1
124220 1
124371 2
014828 1
125891 1
123823 1
127371 0
086867 1
086368 1
064782 1
208151 0
064863 1
099024 0
124283 1
124455 1
014827 1
125890 1
183738 0
064391 1
194709 0
134153 0
187653 1
086239 0
269869 0
192224 0
064590 1
220679 0
251938 0
071001 0
167458 0
221504 1
221525 1
009345 1
121815 1
109018 0
002444 0
081826 1
066656 0
231938 0
154974 0
143586 0
146231 0
095462 0
136637 1
223066 0
124447 1
189194 0
244780 0
230114 0
165939 1
082617 1
279797 0
093431 0
033496 0
199430 0
284956 0
123968 1
064520 1
189259 1
189258 0
098457 1
098456 1
098458 1
098601 1
098561 1
202148 0
098608 2
124384 1
124390 1
100873 0
078623 0
075164 0
116165 0
252856 2
252843 1
223600 0
111433 2
111434 1
111432 2
111388 2
111773 1
029337 0
064270 0
282202 0
082049 1
064470 0
178741 1
168076 1
001323 1
178101 0
268762 0
133528 0
064840 1
192276 0
124326 1
192091 0
200239 0
199622 0
140175 0
075809 2
076133 1
028681 0
124442 1
050892 0
093433 0
218092 0
004192 0
087004 1
027090 0
028764 0
069017 1
124142 1
109967 0
124330 1
006314 0
024781 0
151413 0
077612 0
192475 1
192476 1
068481 0
187625 1
011384 2
079404 1
099016 1
099025 1
283768 0
071048 0
087065 0
187358 0
066419 1
064468 1
110491 0
062499 0
276088 0
264611 0
086614 0
064485 1
259120 0
162383 1
064526 1
064521 1
124521 0
192392 0
287737 0
187399 1
192539 0
176882 2
100528 0
199294 0
077221 1
064683 1
076316 0
024116 0
182324 0
031584 0
000075 0
067770 1
141955 1
141920 1
250826 1
187264 0
020797 0
098675 0
258324 0
182587 2
099033 1
099032 1
099030 1
099154 2
079197 1
182596 1
124333 1
035014 0
232755 1
039348 0
099176 0
092656 0
160244 1
232708 1
232707 1
161007 1
195562 2
077876 0
049909 0
064467 1
064448 1
123555 1
144572 1
144672 1
064619 1
256964 0
197811 0
066153 1
066149 1
066122 1
064427 1
219040 2
009392 1
066145 1
061852 0
038818 0
081171 0
252830 0
129501 0
009870 0
074949 0
065755 0
085891 0
167607 1
064471 1
126815 0
015200 0
143910 1
143214 1
143755 1
239393 0
134772 0
064512 1
148562 0
002485 0
218147 0
230735 1
058587 0
068659 1
070629 0
124861 0
067657 0
117449 0
075564 1
284825 0
132823 0
079993 0
177121 0
082120 0
133187 0
036824 0
276308 1
124504 1
187186 0
252407 0
277469 2
189591 0
152461 0
180994 0
143300 2
143297 2
143268 2
144431 2
143200 2
169302 0
036145 0
066338 0
142300 0
067817 0
054262 0
280150 0
017231 1
177039 2
117577 1
123418 1
127607 1
115665 2
094878 0
005967 0
140754 0
143197 2
010762 1
219338 1
219463 1
177043 1
128669 2
128525 1
007842 0
167696 2
218837 0
015122 0
177610 1
177605 2
153010 1
252665 0
219602 0
257210 0
151165 0
059384 0
125018 1
128641 1
128640 0
123048 0
188815 1
149893 0
161596 2
141570 0
285311 0
066137 1
014953 1
125782 1
012257 0
192198 0
030620 0
188537 0
288868 0
257002 1
234952 0
124216 1
124219 1
124273 0
036617 0
063675 0
067145 0
146859 0
182414 0
009767 0
214103 0
120321 0
069421 0
116372 0
159766 0
126981 1
011639 0
146480 0
232721 1
112831 0
146942 0
158450 0
010442 0
102048 0
188064 0
044649 0
155600 1
086850 1
001857 0
232739 1
232724 1
054173 0
144453 0
064917 1
262596 0
170354 1
170355 1
170352 2
037030 0
098241 0
078078 1
256572 0
098296 0
126351 0
033138 0
124773 0
173808 2
025305 0
202144 0
278167 0
115715 0
230960 0
227685 0
147029 0
086749 0
023630 0
064904 1
013765 0
128623 0
120808 0
064824 1
123986 1
124433 1
232722 1
232738 1
173809 2
173835 1
078073 0
186438 0
189184 0
086683 1
232691 1
010053 0
064879 1
192274 0
031955 0
065907 1
065850 1
098522 0
024782 0
064768 1
189836 1
011641 0
011263 1
122687 1
124118 0
126948 0
017807 1
129251 1
122701 1
011317 1
122702 1
130022 0
116106 0
084024 1
113386 1
113389 1
201610 0
011314 0
066296 1
064739 1
034333 0
287866 0
069549 0
168396 0
018429 0
068765 0
284043 0
192651 0
193250 0
029469 0
083144 0
014525 0
196090 0
129515 0
154635 1
001265 0
082918 0
074668 0
235228 0
257594 0
017828 0
017126 0
127103 0
049713 0
123947 0
229773 0
015362 1
125372 1
064723 1
187666 0
221503 0
058056 0
157486 0
081323 0
153567 0
016873 0
136057 0
126756 0
051886 0
287586 0
092254 0
181548 0
074702 0
124141 1
252436 1
269823 0
275089 0
252243 0
238514 0
117200 0
006105 0
185928 0
065830 1
126335 0
121783 0
001057 0
087855 1
004701 0
185380 0
092126 0
068459 1
111418 0
068467 1
064458 0
011345 1
064671 1
064744 1
000620 0
147027 0
064385 0
146588 0
092838 0
195900 0
230470 0
064560 1
064561 1
099020 0
179212 1
276135 0
155372 0
027568 0
087216 1
209570 0
276006 0
144161 0
221911 0
033883 0
100025 0
228395 0
290024 0
002242 0
004552 0
060118 0
009891 1
122237 1
074770 0
122206 0
135843 0
271237 0
003660 0
185989 0
177891 0
030664 0
021643 0
076919 1
076915 2
128153 0
030549 0
089271 0
217569 0
009395 0
035248 0
192169 0
064687 1
163928 0
197744 1
195688 0
084994 0
187286 0
010110 1
117736 0
147226 0
017870 0
025037 0
124446 0
258509 0
188612 0
180644 0
149925 0
190192 0
275143 0
126419 0
179488 0
133099 0
059438 0
079841 0
058516 0
253111 0
126222 0
120269 0
010064 0
136210 0
003995 0
187524 0
023729 0
016272 0
090180 0
062082 0
257563 1
027179 0
038568 0
147137 0
285159 0
108469 0
064245 0
065868 0
196270 0
190649 0
119427 0
187197 0
107835 0
218509 0
263838 0
087185 0
133911 1
133917 1
131189 0
090390 0
018008 0
004284 0
046988 0
124102 0
066337 1
111143 0
194570 1
171254 0
216128 0
127134 0
037129 0
257383 0
065770 1
013490 0
208326 0
066466 1
070882 0
280170 0
187816 0
094431 0
175515 1
175446 2
175445 1
187935 0
285585 0
122378 0
177206 0
283417 0
157497 0
066223 1
064465 1
064463 1
069044 0
011698 0
255999 0
042107 0
024456 0
065831 0
201395 0
121631 0
129537 0
123582 1
011647 0
086134 0
021677 0
100336 0
193672 0
184594 0
274601 0
187379 1
100682 0
172408 0
198885 0
167742 0
187231 0
187262 0
175698 0
030165 0
047562 0
187853 0
078293 0
195857 0
191464 0
127383 0
230067 0
278825 0
135418 0
197762 0
219928 0
136167 0
161091 0
165459 0
098414 0
286968 0
101457 0
042567 0
086198 1
000630 0
038782 0
252983 0
136139 0
144872 0
093771 0
042669 0
232764 0
284469 0
285754 1
285753 1
230504 1
234986 0
055962 0
284443 1
167527 1
167528 1
167529 1
175371 1
066227 0
123571 1
135531 0
099156 0
000169 0
014522 0
014418 0
138197 0
033495 0
162794 0
282212 0
091919 0
227855 0
130812 1
017036 0
024701 0
233088 0
014809 0
077535 0
018637 0
218259 0
277206 0
086510 0
069194 0
204211 0
087336 0
189178 0
117379 0
126127 0
138824 0
064376 1
199215 0
018989 0
104174 0
192546 0
161937 0
134357 0
287860 1
287867 0
161846 0
149876 0
110095 1
110111 1
079581 1
083163 0
164017 0
193131 0
126933 0
029524 0
149930 0
188636 0
124013 0
086733 0
135035 1
135042 1
135060 1
135044 1
227285 0
064363 1
064364 1
051757 0
010078 0
175614 0
100821 0
155096 1
203156 1
014096 0
188467 0
113082 0
269833 0
151422 0
288181 0
191860 1
191882 1
150451 0
289941 0
070123 1
103296 1
132992 0
018016 0
137646 0
122845 1
122847 0
122703 0
200368 0
238876 0
178141 0
065826 0
209461 1
202007 0
135114 0
168181 0
080810 0
257088 0
232240 0
179803 0
041628 0
123987 0
078847 1
078489 1
066192 1
098371 0
077792 0
136119 1
133772 1
133360 2
131774 2
128880 0
130535 0
134733 1
191991 0
079139 1
118906 0
078334 1
135530 1
137130 0
082210 2
284979 0
004256 0
078317 0
007359 0
014507 0
086503 0
005211 0
152577 0
154574 0
230529 1
284787 1
286608 0
088893 0
208913 0
100075 0
285166 0
064481 1
018915 0
257785 0
160023 0
065288 1
136179 0
159566 0
030976 0
082802 1
082798 1
223372 0
007765 0
036728 0
009907 0
075859 0
123661 1
051379 0
252448 0
145160 0
034390 0
034055 0
133806 0
016953 1
150756 0
289772 0
083820 0
033111 0
187963 0
124872 0
142809 0
130886 0
113387 0
056666 0
002365 1
236547 0
256736 0
010949 0
287283 0
180984 0
173327 0
271642 0
100708 0
004302 0
083627 0
065640 0
167858 0
130870 0
262316 0
028377 0
077930 0
200386 0
127708 0
180773 0
080452 0
212906 0
123086 2
123088 2
182356 0
079445 0
230414 0
122704 0
126467 0
128446 0
015289 1
125446 1
125456 0
133350 0
079229 1
079176 1
125466 0
131770 0
082212 1
082204 0
133363 1
133352 0
111662 0
112577 0
058645 0
011338 0
030753 0
090779 0
082211 0
126198 0
091976 0
210679 0
128959 0
180588 0
265959 1
161856 0
066580 1
006139 0
086799 0
001738 1
032943 0
068908 0
130764 0
138140 0
199768 0
075042 1
202319 0
123057 0
223096 1
222956 1
223002 2
050033 0
276232 0
192544 0
154503 0
235032 1
225133 0
162781 1
162747 0
221524 0
017332 0
078051 0
024478 0
149955 0
061261 0
251351 0
253422 0
187061 0
068031 1
067995 1
223730 2
223680 0
224440 0
123352 0
195152 0
124345 0
150013 0
063441 0
159791 0
223922 0
056768 0
113078 0
285538 0
252770 0
187288 0
083384 0
133092 0
233720 0
037810 0
077601 0
123389 0
223459 0
239974 0
279871 0
149860 0
100173 0
183162 1
115269 0
090597 0
213014 0
082138 0
021186 0
229985 0
257220 0
155438 0
002528 1
184484 0
078435 0
216832 0
064615 1
141567 0
258323 0
226162 1
235069 1
222718 1
222763 1
269710 1
274017 1
274018 1
266735 1
266738 1
243548 1
018739 0
221377 0
243565 0
234025 0
221413 0
002211 0
069983 1
103156 1
279235 0
065715 1
066565 1
055476 0
126416 0
156806 0
082487 0
026469 0
008741 1
091865 0
112210 1
112160 0
060406 0
126443 0
015082 2
117014 0
288454 0
071762 0
193115 0
270881 0
219584 0
289169 0
154133 0
219596 0
157245 0
274008 0
179332 0
282034 0
118937 0
000331 1
130814 1
270736 0
128635 0
005634 0
066514 0
038014 0
140834 0
125909 0
062259 0
221400 0
049352 0
079703 0
270183 0
197624 0
254440 0
119691 0
069031 0
082762 0
146070 0
135961 0
071350 0
133449 0
124839 0
142606 0
110524 0
015725 1
127210 0
024902 0
108361 0
110899 0
099604 0
131944 0
172964 0
064447 2
099981 0
067412 0
000357 0
252425 0
064528 1
076411 0
058447 0
187207 0
011538 0
254744 0
033801 0
024745 0
092907 0
196187 1
196217 1
196133 1
077144 0
114479 1
196134 1
259583 0
125655 1
114461 1
114478 1
114496 1
017520 0
254128 0
285712 0
091278 0
010388 0
222582 0
154508 2
154510 1
182565 0
259594 0
019699 0
275274 0
287650 0
288453 0
123978 1
251950 0
173155 0
127440 0
018023 0
222812 0
199395 0
155729 0
197442 0
164115 0
064887 1
152333 0
092572 0
114995 0
215829 0
280050 0
090273 0
210748 0
116658 0
038640 0
253249 0
103160 0
189322 0
187882 0
096574 0
210121 0
124501 0
192207 0
056307 0
119683 0
127369 0
084304 0
217193 0
124468 1
173043 0
030212 0
101429 0
161174 1
161219 1
166871 1
099206 0
097236 0
192982 0
075313 0
123796 0
086199 0
115585 0
228549 0
288655 0
004095 0
030613 0
147684 0
108954 0
049739 0
283786 1
235872 0
268871 0
154086 0
023957 0
017457 0
060677 0
086049 0
125621 0
231902 1
171314 0
127917 0
282223 0
121669 0
061282 0
187384 0
179472 1
000544 0
180990 0
086470 0
104139 0
059107 0
184139 1
184114 1
181276 0
049220 0
161182 1
231893 0
226072 0
203973 0
070120 0
068606 0
161173 1
156898 1
156888 1
067683 0
287863 0
159778 1
130900 0
079690 0
217322 0
126349 0
253112 0
225187 0
267252 0
219435 0
192470 0
183020 1
183185 1
006405 0
252244 0
152583 0
123625 0
051680 0
034252 0
269602 0
147075 0
069351 0
039583 0
265028 0
049956 0
150474 0
200235 0
018526 0
118433 0
015119 0
006212 0
071331 0
289434 0
082205 0
004570 0
222529 0
237210 0
057069 0
126424 0
231935 0
192910 0
203392 0
281168 0
214717 0
231045 0
153063 0
227908 0
052189 0
197749 0
087175 0
187802 0
157342 0
093367 0
144120 0
156068 0
188392 0
187234 0
185193 0
224461 0
188047 0
151210 0
130564 0
192543 0
187605 1
130043 0
077880 0
193394 1
257642 0
034327 0
170006 0
155778 0
080794 0
209414 0
092282 0
127601 0
263213 0
194441 0
124557 0
166561 0
127847 0
067267 0
193845 0
142414 0
117160 0
211784 0
043791 0
284514 0
088228 0
269660 0
065876 1
193397 1
099121 0
173728 0
033502 0
099611 0
016666 0
207326 0
152362 1
152364 0
152368 0
011799 0
201609 0
061728 0
100961 0
182487 1
167408 1
139414 0
156042 1
214197 0
135445 0
243291 0
101140 0
007552 0
209018 0
242503 0
156265 1
276685 0
083066 0
149282 0
081659 0
014863 0
227944 0
036830 0
149583 0
113645 0
282739 0
144567 0
259235 0
123884 0
191202 0
049842 0
183066 0
129853 0
220761 0
151865 0
205619 0
036195 0
044032 0
003896 0
013292 0
213269 0
108968 0
066926 0
007055 1
009026 0
167975 0
190725 0
212447 0
065988 1
012028 0
197585 0
180986 0
002666 0
284817 0
018767 0
018911 0
136246 0
037098 0
192101 0
009580 0
081687 0
147469 0
076483 0
184341 0
164756 0
196465 0
122811 0
007487 0
110907 0
002142 0
126540 0
081305 0
287620 0
054598 0
169965 0
180611 0
128613 0
018396 0
187908 0
283657 0
186212 2
242755 0
068093 0
190042 0
027307 0
102116 0
289827 0
090378 0
225962 0
192810 0
182486 1
182485 2
277454 1
213048 0
156853 1
189775 0
176278 1
131256 0
152416 0
123882 0
011893 0
130841 1
020466 0
136145 0
009109 0
098590 0
124306 0
130591 0
162904 0
277973 0
130066 0
207788 0
137887 0
124715 0
232775 1
286971 0
101258 0
158216 0
087752 0
197031 0
202143 0
158671 0
237837 0
086831 0
011939 0
102125 0
099979 0
006661 0
027100 0
229850 0
217551 0
110029 0
236491 0
039410 0
177199 0
047444 0
102722 0
200232 1
071169 1
104342 1
082114 0
111520 0
262631 0
069229 1
102402 1
093302 0
078023 0
157267 0
179398 0
064436 1
210433 0
013352 0
041616 0
026107 0
100265 0
218247 0
064876 0
185185 0
065655 1
091710 0
271149 0
240584 0
024468 0
058550 0
015665 0
140171 0
098418 0
016951 0
220654 0
090623 0
126504 0
006178 0
066150 1
066146 0
014320 0
164198 0
156810 0
192419 0
132583 0
268329 0
059297 0
116874 0
122821 0
007773 0
163914 0
126544 0
161169 0
128036 0
074442 0
026789 0
071231 0
232773 1
194976 0
064454 1
271344 0
066082 0
186549 0
104404 0
255409 0
170153 0
151317 0
262794 0
130717 0
041653 0
016200 0
100927 0
011068 0
282213 0
201650 0
162242 0
152436 0
190641 0
267865 0
078264 1
013219 0
153512 0
187285 0
125934 0
004968 0
124166 0
187203 0
202425 0
034929 0
129880 0
192389 0
153892 0
042809 0
133240 0
142342 0
117210 0
258548 0
255357 0
031232 0
192712 0
164154 2
164157 0
152748 0
155845 0
161537 0
097839 0
193844 0
066238 0
178475 0
019557 0
098056 0
245013 0
155863 0
277248 0
075405 0
230156 0
001445 0
132121 0
254143 0
122849 0
157343 0
078995 0
099603 0
181605 0
018351 0
098279 0
238732 0
009269 0
253878 0
161540 0
269025 0
250361 0
088521 0
227752 0
132224 0
072600 0
228397 0
146766 2
170214 1
094085 0
077666 0
171828 0
065821 0
154462 0
258392 0
196275 0
210130 0
102119 0
058762 0
208522 0
080679 0
109512 0
183524 0
222142 1
222187 2
222139 0
221860 0
146769 2
256025 1
222085 0
250887 0
124453 0
132245 0
157249 0
049967 0
201423 0
099170 0
146845 0
241198 0
258730 0
121537 0
237893 0
018266 0
008869 0
197466 0
003292 1
135049 2
221260 0
113020 0
117845 1
243374 0
003665 0
004093 0
041956 0
151399 0
086542 0
184191 0
183593 0
147892 0
255056 0
288719 0
123491 0
199256 0
144162 0
066083 1
120392 0
242154 0
071498 0
051014 0
234696 0
129192 0
122357 0
085881 0
005754 0
055993 0
087546 0
143746 0
218369 0
069051 0
075773 0
257787 0
092413 0
211124 0
270061 0
168493 0
154459 0
018124 0
101076 0
227097 0
236487 0
285498 0
095511 0
046456 0
079874 0
150541 0
100876 0
037827 0
014227 0
117028 0
098234 0
217451 0
056345 0
163518 0
071007 0
118774 0
126253 0
006365 0
017534 0
223258 0
066218 1
170989 0
066231 1
144204 0
081873 0
224670 0
130426 0
225189 0
259501 0
167400 0
136192 0
102004 0
221903 0
161863 0
104055 0
122364 0
199339 1
066345 1
066076 0
066048 0
242700 0
188259 0
128302 0
192354 1
192269 1
117105 0
064121 0
061419 0
079797 1
079773 1
079770 1
082292 0
149923 0
070169 0
176828 0
043564 0
183971 0
160890 0
193230 0
116660 0
093006 0
079415 0
052164 0
036903 0
009297 1
002487 0
157412 0
045181 0
012198 0
064898 1
064883 1
181464 0
037062 0
000882 0
065891 1
162497 0
144398 0
016540 0
134207 0
039388 0
066140 0
129802 0
231048 0
101890 0
046119 0
005660 0
175538 0
020464 0
141722 0
025788 0
146944 0
160147 0
193382 0
199397 0
018017 0
031947 0
168446 0
152554 0
065985 1
180982 0
188340 0
132133 0
040110 0
253133 0
253877 0
150172 0
195021 0
129096 0
075717 0
127677 0
126747 0
003964 0
188309 0
289051 0
018353 0
072228 0
014379 0
098573 0
124458 0
201119 0
043943 0
288873 0
161186 1
110035 0
058625 0
036301 1
029043 0
128865 0
037300 0
064958 0
032022 0
050471 0
003869 0
201970 0
089534 0
257709 0
048041 0
066001 1
131408 1
131406 1
078844 0
049984 0
023499 0
139296 0
018603 0
017483 0
151335 0
199423 0
224439 0
230347 0
044687 0
186448 0
002980 0
197834 0
268780 0
100923 0
065796 0
030778 0
155381 0
154762 0
079334 0
136730 0
170815 0
095807 0
043666 0
195126 0
191747 0
180863 0
122163 0
232370 1
260885 0
153249 0
016954 0
121037 0
115973 0
227622 0
015592 0
064476 1
125941 0
146397 0
027063 0
086220 0
037147 0
030641 0
080239 0
071868 0
061309 0
050040 0
218207 0
066365 0
258391 0
170675 0
099777 0
205721 0
008396 0
278836 0
162391 1
