015550 2
256745 2
229282 2
237717 1
261321 1
261323 1
261316 1
279149 2
279138 2
261985 2
265002 1
265000 1
237720 1
136599 2
136280 2
181705 1
181708 1
181750 1
181748 1
181844 1
145670 1
211729 1
211747 1
141250 2
141247 2
141246 2
141136 2
141135 2
147481 1
142319 1
136730 2
189986 2
184504 2
189857 1
163047 1
165852 1
151509 2
151525 1
151484 1
149124 1
157225 1
133573 1
224835 1
135806 1
135692 1
135686 2
003780 2
279102 2
279100 1
177035 0
115260 2
180000 1
225696 1
225698 1
225702 1
142237 1
197801 1
197807 1
197766 1
239891 1
136649 1
136642 1
225567 1
182663 2
220310 2
141752 1
182204 2
077162 2
070775 2
103948 2
070591 2
103763 2
079924 2
070599 2
103772 2
070852 2
104025 2
083004 2
083008 2
083022 2
093487 2
095839 2
092708 2
077177 2
115251 2
083044 2
093036 2
093244 2
097977 2
095838 2
092705 2
097951 2
093238 2
093245 1
126685 2
067073 1
067114 2
013309 1
218031 0
142330 1
142325 1
013738 2
008965 2
141663 1
016620 2
190344 1
190337 1
190437 1
190432 2
190517 1
179913 1
183526 1
196162 1
195549 0
150316 1
085214 2
085220 1
085215 1
087837 2
084902 1
150344 1
150104 1
150102 1
176596 2
176602 1
195543 2
190623 1
192637 2
191574 2
002420 1
176659 1
176629 1
154870 1
154742 1
196969 2
000937 2
002983 2
002421 0
001528 2
016457 2
176758 1
176769 1
176770 1
153089 2
156034 1
153042 2
153048 1
155981 1
159780 2
207260 0
199539 1
199647 1
222114 1
146972 1
222425 1
171394 1
152523 1
255471 2
016535 1
148675 1
145337 1
150080 1
264381 1
264471 1
130184 2
159219 2
002496 0
176787 1
163705 2
155452 1
155555 1
155556 1
153092 1
173126 1
001111 1
153176 2
159781 0
162873 0
153097 1
232886 1
222048 1
265061 2
264906 2
176946 1
176951 1
170988 2
199034 1
199007 1
199016 1
199005 1
195538 2
190510 1
192639 2
190511 1
195535 2
190482 1
192646 2
190492 1
200812 1
288894 1
288946 1
130374 1
183977 2
183565 1
265218 1
222049 1
255391 2
255290 2
202462 2
252112 1
235767 1
184974 1
014584 2
156377 1
015236 0
191490 1
191464 2
191652 2
191481 2
157383 1
151074 1
254551 1
155623 2
019394 0
087737 0
151946 0
065410 2
067177 2
126648 2
018537 0
265060 2
014177 2
013648 2
225556 0
147385 1
147384 1
014530 1
014462 2
147495 1
002672 1
259898 1
259909 1
164782 2
156624 1
156613 2
148134 1
008552 2
192189 2
155917 0
193141 2
252700 1
162050 1
157978 1
157982 1
169151 1
002694 2
190819 1
145705 1
000537 1
016699 1
001559 2
242264 0
158305 1
167069 1
181479 1
279061 1
158236 1
013665 2
159233 1
158638 1
258385 2
258341 1
169026 0
131480 2
197060 1
154719 0
181930 1
185093 1
185143 1
174882 1
152446 1
152438 1
159744 2
159745 2
159758 2
159920 2
159921 2
160464 2
160744 2
160745 2
242140 1
130154 1
157943 1
010435 1
142411 1
196838 1
196967 1
189381 1
188673 1
189382 1
188663 1
188662 1
016628 2
136337 0
131249 2
190416 2
170817 2
170835 1
179648 2
231765 1
153570 0
156612 2
177332 2
163163 2
163104 2
248737 0
156565 1
157143 2
155534 2
001530 1
194306 1
194309 1
145655 1
190294 2
190302 2
190568 2
190702 2
190911 2
192628 2
000952 0
016710 1
009625 0
157137 1
156553 1
224581 1
153782 1
134023 1
134013 1
134021 1
176765 1
228038 1
220096 2
220105 2
217698 1
217871 2
217877 2
220711 2
220716 2
218693 2
252287 1
210828 1
154560 1
154129 2
234265 1
255937 0
215314 1
014543 2
255463 1
153828 2
140620 1
008506 1
190560 2
175738 0
175741 1
157151 1
231685 1
231684 1
157104 1
001565 2
002124 1
231614 2
044638 2
161271 1
161164 1
138310 2
004558 1
117689 0
202452 0
153138 2
000921 0
227794 1
227680 1
255433 2
255403 0
045407 0
158874 1
159023 2
159008 0
215724 0
154542 1
221966 0
123629 0
150928 1
016926 1
232131 1
233212 1
231467 1
265548 0
232158 1
220259 2
260060 0
144073 1
185746 1
185745 1
186747 1
186746 1
202723 1
138242 0
220181 0
155931 2
177133 0
183937 1
014058 1
146563 1
183933 1
176184 0
261386 1
261396 2
159436 1
223910 1
223909 1
223900 1
227557 1
254552 0
160932 0
024366 0
244301 1
158605 1
158603 1
150986 1
254438 1
164028 1
164217 1
164213 1
001560 2
164374 0
136790 1
136794 1
195548 0
145400 1
145398 1
202662 1
202687 1
156954 2
156953 2
085959 0
061119 0
282297 0
226396 0
220292 1
199416 0
208227 0
160182 0
235220 2
240349 1
234956 0
227798 2
211493 1
190561 1
190563 0
163518 1
136518 1
261328 1
261414 1
260057 0
140853 1
133139 2
002194 2
219371 1
155289 1
131208 1
000143 1
142247 1
141832 0
265808 1
265844 1
019042 2
227749 0
195770 1
195580 1
194394 0
037750 1
037650 1
037660 1
177153 1
131991 0
002317 0
179127 1
184004 2
207402 2
203376 1
190235 1
201649 0
195018 1
141190 1
094124 0
198598 1
198608 1
189061 0
132649 1
152259 0
185748 0
236017 1
235505 1
235264 1
244978 0
288988 1
288934 1
236268 0
206115 1
154696 0
237611 0
222205 1
101618 0
278634 0
202679 1
147631 2
101156 0
212841 0
250421 0
259247 1
259215 0
182112 1
182104 1
203000 0
163107 0
196901 0
004944 0
227906 0
228686 0
263543 2
155869 1
153040 1
159020 0
147074 1
147063 1
002813 2
000834 0
142874 1
235729 0
230829 0
253215 0
148120 0
095419 0
053447 0
259495 1
191557 2
136353 2
028542 0
132444 1
220111 1
286472 0
059205 0
087834 0
009942 0
016671 0
194911 1
194990 1
195033 1
195210 1
182699 1
182728 1
182729 1
182764 1
182492 0
134010 1
134263 1
134292 1
134184 1
195726 1
195728 1
195737 1
195739 1
195803 1
195806 1
195815 1
195817 1
195830 1
195870 1
195933 1
221767 0
144585 0
214147 0
247941 0
195872 0
170247 1
170238 1
159821 0
179981 1
179986 1
179982 1
152908 1
140179 0
192117 0
179331 1
237386 1
191669 2
009758 0
205653 0
125163 0
195224 1
195932 0
195223 1
192204 0
157218 0
115275 0
111703 0
252176 1
179649 0
181986 0
007207 0
234084 0
014213 1
013298 0
202483 2
163428 1
011620 0
093342 0
179406 1
156617 2
176264 0
053290 0
000432 0
194818 0
156610 0
168749 1
136436 1
136442 1
136444 1
146509 0
231564 0
209950 2
165744 0
176819 0
136911 1
019508 0
030390 0
183987 0
161283 0
013987 1
146353 1
248073 0
268879 0
276527 0
153839 0
279098 0
255682 0
067406 0
013124 0
200637 1
132575 1
234242 0
154376 0
156607 0
005924 0
228654 0
143006 1
030033 0
157771 0
008659 0
158540 0
126057 0
139776 0
064701 0
058476 1
058519 1
155185 0
267083 0
160933 0
064250 0
219733 2
219734 2
278984 0
127671 0
089471 0
184218 0
137542 0
014198 0
028917 0
190854 0
085428 0
179911 0
135149 0
219342 0
175759 0
038148 0
227207 0
242013 0
191869 0
234088 0
141183 0
135104 2
140899 0
242266 0
259214 0
170010 0
199994 0
147811 1
169012 1
144959 0
219713 0
010650 1
142971 0
156608 0
143186 0
002051 0
196226 0
219711 0
007459 0
000951 0
182413 2
143976 0
182499 0
177066 0
164302 0
238606 0
257739 0
255354 0
158299 0
017557 0
232890 0
128197 0
191719 0
161441 2
195547 0
171994 0
186752 0
168800 0
002257 0
218589 0
033839 0
219709 0
037371 0
029411 0
160848 0
109500 0
012550 0
011481 0
195831 0
228773 0
195816 0
191582 0
149930 0
128998 0
255308 0
068096 0
049272 0
133874 0
164360 0
053404 0
231892 0
123530 0
189020 0
050011 0
008802 0
002712 0
185101 0
286723 0
163233 0
163239 0
089502 0
179106 0
246455 0
176083 0
220569 0
156760 0
190674 0
212809 0
197080 0
027160 0
238110 0
011767 0
017553 0
079594 0
143173 0
235753 0
051284 0
009048 0
147660 0
185672 0
133172 0
081318 0
153071 0
155198 0
157814 0
066656 0
161712 0
223707 0
207666 0
289357 0
233308 0
169172 0
161708 0
041837 0
161198 1
220253 0
177036 0
020125 0
147871 0
142925 0
161445 0
157224 0
202999 0
160458 0
195546 0
061132 0
161446 0
289766 0
071931 0
045464 0
022756 0
182703 0
263908 1
263954 1
231566 0
194610 0
012710 0
209635 0
053846 0
190562 0
260103 0
001472 1
130087 1
000908 0
125006 0
034449 0
026732 0
238435 0
010640 0
197330 0
231513 0
242617 0
151308 0
226101 0
016593 0
139020 0
145387 0
198203 0
277160 0
143977 0
263325 0
194116 0
185972 0
221873 0
120767 0
146695 0
001419 0
012460 0
156533 0
241740 0
011773 0
082702 0
168591 0
001504 1
009122 0
185483 0
260056 0
225555 0
200642 0
240375 0
127604 0
141184 0
093945 0
217762 0
136572 0
279963 0
196109 0
219344 1
202422 0
157878 0
155533 0
191974 0
125035 0
233371 0
009195 0
269578 0
059240 0
234075 0
005078 0
000510 0
070727 0
089328 0
176303 0
233788 0
202750 0
184729 0
263733 0
139355 0
230394 1
230413 1
230393 1
195829 0
035524 0
251044 0
142491 0
017401 0
192571 0
155814 0
141695 0
166678 0
230293 0
230321 0
227828 0
255475 0
213516 0
089472 0
031946 0
087179 0
139845 0
228714 0
053443 0
276970 0
034729 0
014211 0
000745 0
132805 0
125504 0
258895 0
279099 0
176138 0
161783 0
185744 0
011953 0
177032 0
161851 0
020040 0
239306 0
268346 0
160617 0
260053 0
221696 0
263139 0
030180 0
110247 0
153148 0
168803 0
240663 0
221960 0
155934 0
259933 0
080312 0
268869 0
262135 0
014707 0
196693 0
197345 0
082717 0
133846 0
126154 0
010300 0
227141 0
232036 0
062465 0
140251 0
235968 0
156900 0
152798 0
286653 0
168440 0
274946 0
017436 0
000204 1
123158 0
150521 0
146415 0
220320 0
062716 0
019412 0
001488 0
149148 0
123161 0
200729 0
136327 0
181084 0
095414 0
071477 0
176820 0
079483 0
233440 0
215722 0
079569 0
195907 0
153016 0
068129 0
141934 0
277224 0
088619 0
156511 1
147177 0
223557 0
276877 0
156544 0
050286 0
127607 0
223959 0
278635 0
238065 0
001543 0
210175 0
114964 0
101416 0
259939 0
202657 0
011614 0
290001 0
284246 0
026799 0
171397 0
145594 0
003487 1
028883 0
223989 0
007589 0
157297 0
194694 0
004805 0
010743 0
267343 0
198281 0
156715 0
140282 0
199882 0
229335 0
164810 0
087701 0
015425 0
264433 0
198482 0
197183 0
237072 0
192966 0
271364 0
123000 0
099763 0
001926 0
027870 0
133240 0
170042 0
059224 0
195802 0
181606 0
267006 0
030141 0
170684 0
001895 0
017728 0
194161 0
197986 0
061831 0
237053 0
126558 0
012822 0
150404 0
276413 0
225983 0
139664 0
018371 0
285644 0
177075 0
195744 0
100952 0
176214 0
096882 0
280357 0
176256 1
010491 0
207237 0
148019 0
015395 0
235557 0
015261 0
165519 0
201952 0
240380 0
261908 0
227899 0
139313 0
154455 0
157562 0
028381 0
064791 0
262133 0
169684 0
020177 0
265549 0
176870 0
067245 0
153004 0
094123 0
003538 0
102041 0
072123 0
028033 0
002593 0
225171 0
122830 0
288813 0
061738 0
134983 0
150062 0
074566 0
177553 0
114303 0
017858 0
149750 0
196063 0
286470 0
099150 0
063480 0
026737 0
019125 0
019227 0
196698 0
020514 0
230749 0
142349 0
015493 0
179121 0
185691 0
081291 0
156535 0
125019 0
168757 0
122836 0
121886 0
142871 0
171995 0
176788 0
275317 0
179385 0
191007 0
008944 0
262725 0
052937 0
000372 0
064925 0
149984 0
195805 0
189042 0
126168 0
145216 0
237301 0
019766 0
085472 0
059665 0
219299 0
