238411 0
233640 0
269056 0
082766 0
266911 2
266308 1
264605 0
236366 0
231857 1
196905 1
194954 2
205360 1
223029 1
223028 1
223031 1
223022 1
223023 1
223019 1
222593 2
222592 2
230770 0
220112 2
255934 2
255945 2
255948 2
199777 1
223325 1
199778 1
254773 0
220465 2
220420 2
220484 2
220483 2
220423 2
214158 2
214144 2
195482 1
197226 1
197225 1
219124 0
197822 2
197819 2
280266 1
270248 2
270246 2
200380 1
200375 1
226018 0
218536 2
203701 1
204547 2
204937 2
204651 2
197885 2
196095 2
270247 2
270249 2
253886 1
253883 1
201513 2
196602 1
196578 1
196355 0
252870 2
252789 2
256555 2
199839 2
275836 0
233997 0
235792 1
211720 0
263564 0
278925 0
259341 0
170993 1
281452 1
245034 0
181061 0
253856 2
253844 2
253847 2
253827 2
173785 2
173789 2
018195 2
128964 2
138350 1
150514 0
131696 2
131713 2
131700 2
131701 2
131685 1
006608 0
131578 2
131570 2
131575 2
131574 2
131576 2
131925 2
199803 1
199804 1
199759 1
199784 1
199491 2
253896 1
214163 2
219128 1
219118 1
199745 1
131790 2
131772 2
131884 2
131876 1
213686 0
131608 2
131609 2
131611 2
131588 1
131600 2
131587 2
131763 2
131761 2
002207 1
133019 2
131661 0
131748 2
215692 0
182984 0
133368 2
133308 0
244696 1
271342 0
255947 1
255944 1
255933 1
231245 1
192783 2
192731 2
129880 2
129849 2
129808 2
129807 2
129834 2
129729 2
129712 2
130243 1
130244 1
130251 2
130253 2
130230 2
130265 2
130257 2
129937 2
129989 2
129987 2
129934 2
129809 2
129992 2
129994 2
132694 2
132693 2
132655 2
132678 2
132786 2
132821 2
132780 2
132779 2
130116 0
135019 2
134997 2
134905 2
134895 2
134830 2
134837 2
133670 2
133660 2
002682 2
133638 2
134832 1
133812 2
002765 2
134896 2
133984 2
134000 2
002889 2
138913 2
138915 2
138867 2
138943 2
139211 2
138931 2
138803 2
138816 2
138854 2
138843 2
138405 2
139765 2
139727 2
139396 2
138810 2
006573 2
139314 2
138797 2
139522 2
139517 2
139399 2
139296 2
140262 2
140220 2
140176 2
138983 2
144128 2
144271 2
144270 2
144100 2
143960 1
143927 2
143938 2
143958 2
140186 2
143182 1
143165 1
142750 2
142751 2
142745 1
143467 2
143421 2
143420 1
143415 1
138981 2
142691 1
134064 2
002927 2
003607 2
139067 2
138767 2
132446 2
132459 2
133980 2
133999 2
002890 2
137392 2
123283 2
123302 2
139726 0
006634 2
138990 2
144582 2
144952 2
144954 2
144948 2
144956 2
144945 2
013779 2
144968 2
144935 2
133780 2
133794 2
133779 2
138848 1
133755 2
131805 2
144617 2
144569 2
144564 2
144556 2
144853 2
144810 2
134068 2
002928 2
134093 2
134073 2
144724 1
144725 1
144721 1
144722 1
144650 1
144632 1
145922 0
130280 2
132060 2
140263 2
132044 2
002741 2
132554 1
144164 1
144183 1
144175 1
006734 2
138636 2
138632 2
138525 2
136686 2
136638 2
115297 2
136916 0
012079 2
122892 2
132419 1
002886 2
133944 2
141131 2
141101 2
144060 2
144053 2
144054 2
144048 2
010966 2
141100 2
141082 2
002447 2
130487 2
130491 2
130495 2
130511 2
130497 2
132431 1
140369 0
140394 2
130952 2
138769 2
138749 2
069628 2
102801 2
069567 2
069649 2
102740 2
102822 2
114660 2
009964 2
114662 2
130518 2
130522 2
130704 2
130696 2
130698 2
130711 2
161721 2
138748 2
144590 1
139134 1
137299 2
144160 2
144135 2
132642 2
130167 2
130092 2
130088 2
132644 0
132384 2
130860 2
130871 2
130877 2
130864 2
130898 2
138394 2
138973 2
138393 2
138955 0
147614 2
147406 2
147416 2
147423 2
147609 2
138390 1
140960 0
006299 2
150966 0
131799 2
130909 1
130401 1
130454 0
131726 2
139198 0
178351 2
136475 0
178089 0
130337 2
130357 2
130371 2
131565 2
130228 0
132543 1
131717 0
147720 2
147589 2
220654 2
220660 0
069824 2
102997 2
144134 2
006417 2
085633 2
006435 2
006624 2
006436 2
008264 2
275837 2
275773 0
141169 2
139987 2
139977 2
139965 2
202757 0
109034 2
141345 2
141332 0
139758 2
139837 0
143408 2
138686 2
117370 2
117348 2
117144 2
117375 2
147566 2
196670 2
196668 2
196661 2
132559 1
250880 0
130844 2
205350 2
205351 2
012785 2
146129 2
196655 2
196646 2
147086 0
148166 2
135993 0
131663 2
129371 1
129372 1
017632 1
129355 1
129379 1
129375 1
129378 1
129376 1
129373 1
129374 1
129381 1
129447 1
129452 1
129441 1
129456 1
129434 1
129448 1
232406 0
115802 0
138576 0
002264 0
238035 0
010285 2
122613 2
122612 2
196886 2
239901 0
015179 0
152927 0
177432 2
131580 1
197365 2
197336 2
226533 2
226463 2
226421 2
061141 2
061179 2
061161 0
132129 0
132555 1
197932 2
197899 2
199376 2
194304 2
194312 2
194316 2
255577 0
199203 2
199174 2
243609 0
115046 0
221880 2
141986 2
147404 2
171709 1
171700 1
171708 1
171674 1
171667 1
171673 1
093115 0
258822 0
058557 2
151698 0
197865 2
197863 2
147065 0
195236 2
195228 2
195404 2
195378 2
195349 2
195317 2
195204 2
137072 1
006369 2
197256 2
158296 2
192997 1
192939 1
138503 2
138508 2
138498 0
080274 0
199638 2
199604 2
152790 0
222313 0
201928 1
136933 1
167296 2
167297 2
167248 2
167201 2
167146 2
168168 0
006064 0
076131 2
194412 2
138507 1
133182 2
133191 2
133169 0
006388 2
155610 2
155611 2
115341 1
115349 1
115354 1
115381 1
230436 2
230409 2
101241 2
101245 2
101246 2
101243 2
101252 0
136170 0
198813 0
129014 2
129019 2
018274 2
128911 2
099474 0
198530 2
199075 2
199079 2
199090 2
198537 2
198541 2
160164 2
160208 2
240261 0
196680 2
194367 2
162879 0
198339 2
198333 2
198312 0
037084 0
140920 0
210601 1
213872 0
264721 0
217202 0
141915 2
141939 2
141912 2
210000 0
147360 0
255441 1
255415 0
161269 2
177430 0
282633 0
260672 0
157909 2
129901 0
132147 1
132148 1
132150 1
132166 1
132159 0
220506 0
137183 0
231159 1
231163 1
231166 1
075502 2
075516 2
075574 2
075759 2
075749 2
075838 2
075913 2
075837 2
058898 0
147946 0
196091 0
013729 2
145015 0
280878 0
084119 2
084138 2
261139 0
132168 1
132164 1
132161 0
147055 2
131860 1
131865 0
150026 0
272657 0
141342 0
139456 2
139454 0
132146 0
157805 2
231796 0
189130 0
130061 2
000755 2
202105 0
202071 2
193696 2
201536 2
255923 0
162711 2
266333 1
240145 0
130756 1
130751 1
130722 1
130798 1
130824 1
131084 2
131013 2
131138 2
131228 2
131028 0
257879 0
076019 2
075989 2
112570 0
266378 1
266375 0
158363 0
163269 0
092325 0
144420 0
075967 2
233904 0
235732 0
196802 2
099857 0
130758 1
060019 0
097596 0
140730 0
196998 0
196769 0
194176 2
194183 2
194219 2
150585 0
018000 0
132152 1
132153 1
165442 0
132160 1
138496 2
192846 1
190459 2
190470 2
196073 0
137458 0
148775 0
143317 0
197544 1
253930 0
108974 0
213979 0
190473 0
006472 2
240617 1
240583 1
131235 2
138486 0
096893 2
278168 0
140826 0
008887 0
196211 2
196210 2
196522 2
196366 2
255359 0
155497 0
140973 2
140972 2
095708 0
132639 0
130351 0
230503 0
220383 0
005969 0
130477 0
199269 1
199268 1
214487 0
151646 1
091021 0
158169 0
201960 0
167791 0
150077 0
266709 0
129054 0
140848 0
198624 2
198626 2
198620 2
213841 0
256031 0
157282 2
157258 2
156127 1
153662 0
197180 2
155508 0
256109 0
289519 0
194130 0
152616 0
010353 0
206181 1
207424 1
131614 1
131620 1
131616 0
240494 0
143273 0
131612 0
195268 0
284588 0
131850 0
144328 0
200686 0
114734 0
191302 2
191088 2
170734 2
170668 2
152553 0
166385 0
161997 2
161993 2
002542 2
002509 0
138952 0
201197 0
139439 1
058497 0
135216 0
194616 0
225970 0
131621 1
131617 0
132145 0
193071 2
193069 2
222862 0
134012 0
031619 0
079631 1
202756 0
200458 2
101256 0
238097 0
131010 0
192966 0
224126 1
224094 1
224096 1
224124 0
018126 0
225583 0
269062 2
268978 2
269254 2
269112 0
220497 0
197532 0
008865 0
241271 0
199408 1
198307 0
150967 0
152922 0
114043 0
251187 0
217340 0
197679 2
197674 2
225694 0
151726 0
256926 0
119284 0
194089 0
200540 0
182760 1
182776 1
182110 1
243294 0
197176 1
197170 0
238303 0
225555 0
061181 0
255453 0
226019 0
197366 0
085440 0
163267 0
263117 2
138656 0
079861 0
289329 0
153696 0
253060 0
067512 0
199253 0
163692 2
140599 0
211379 0
155358 0
255912 2
229021 0
037581 0
139763 0
278863 0
237240 0
178092 0
112718 0
157352 0
256004 0
130570 0
194849 0
101352 0
133677 0
144747 0
063084 0
134642 0
008642 0
262132 0
006302 0
265046 2
142085 0
012900 0
155214 0
129686 0
254747 2
254751 2
254707 2
256637 0
224628 1
224620 1
224562 1
209385 0
177416 2
177403 1
177418 2
177419 2
202751 0
191888 0
213514 0
195956 0
196941 2
196928 2
139346 0
087548 0
213183 0
266877 0
182687 0
072255 0
230755 0
253604 2
177244 0
224125 0
061437 0
225907 0
198346 0
121933 0
227023 0
042733 0
241272 0
143407 0
258499 0
138427 0
139789 0
258702 2
256706 0
199809 2
199811 2
186030 1
221598 0
199086 0
201791 2
201566 2
224029 2
224014 2
224569 0
168677 2
168736 0
168740 0
258909 0
238207 0
262857 2
262855 2
255087 0
199876 0
259404 0
131883 2
131880 0
201545 0
183510 0
273727 0
142111 0
256079 0
041998 0
253139 0
272164 0
178091 0
222067 1
152635 0
010163 2
122454 2
230263 0
150915 2
150934 0
130308 0
097216 0
132643 0
201337 2
201474 2
201475 2
212162 2
212167 2
222788 0
143970 0
198482 0
163662 0
168938 0
017038 2
085175 0
255274 2
178095 0
151652 1
151649 1
151676 1
151658 0
154218 0
193439 2
194783 1
250695 2
250537 2
223369 1
196728 0
197966 1
256563 1
256565 1
034610 0
157512 0
257506 2
277942 0
141330 0
102075 0
243613 2
256635 2
256543 2
064545 0
196356 0
287883 0
010227 0
135414 0
254778 0
201550 2
201707 2
201712 2
211172 1
197930 0
201603 0
253020 0
150512 0
222490 0
076502 0
077514 0
252472 0
203124 1
203131 1
196009 0
194875 0
161056 0
160247 2
200962 2
200950 2
252539 0
154184 0
195999 0
152878 0
136931 0
221444 0
008730 0
202104 0
147016 0
201835 0
226924 0
122308 0
263645 0
213024 0
162165 0
255186 0
274183 0
192302 0
196621 0
138575 0
289855 0
158022 0
272364 0
168267 0
012384 0
238033 0
177438 0
064895 2
064885 0
258047 2
258052 0
246421 0
211319 1
211347 1
196600 1
196598 0
196586 0
256671 0
155578 0
130309 0
202755 0
177274 0
150037 2
150029 2
150031 2
150019 2
213570 0
193164 0
198550 1
198643 1
198691 0
198692 0
027818 0
194840 1
093237 2
253573 0
199808 0
079638 0
244395 0
232400 0
014308 0
198914 1
198433 1
173417 0
233638 0
132662 0
077079 2
077160 0
076106 0
076134 0
223636 0
269284 0
182810 0
271181 0
154874 0
140037 0
151813 0
155909 0
196297 0
132453 0
150011 2
177774 0
258572 0
147850 0
222587 0
071529 0
162243 1
162251 1
257309 0
230464 0
136078 0
260570 0
133167 0
157353 0
024196 0
135877 0
115048 1
115051 0
138491 2
007091 0
062348 0
115160 0
145928 0
094765 0
058685 2
058713 2
179531 0
256314 0
222787 1
200687 0
217555 0
144345 0
189122 0
137425 0
249339 0
111333 0
099196 0
225613 0
198304 0
211704 0
268383 0
003819 0
148311 0
071913 0
253631 0
018127 0
069164 0
127014 0
233048 0
143316 0
258573 0
137462 0
215715 0
256615 0
136929 0
241621 0
243630 0
064209 0
243507 2
241647 1
241658 1
242242 0
215475 0
196331 0
269219 2
269138 1
269742 0
269135 1
269037 1
269014 1
269216 2
269616 1
101939 0
233401 0
269363 2
243648 0
225002 0
006749 0
250808 0
011792 0
232257 1
232808 1
232727 1
279957 0
193276 0
253737 0
148903 0
255523 0
196058 0
168268 0
211471 0
223581 0
256503 0
092694 0
286301 0
110301 0
166716 0
196579 0
082909 0
146988 0
233090 1
233091 1
233351 1
233326 1
233334 0
269604 1
268985 1
269109 1
269160 2
233437 0
269022 1
220628 0
045861 0
233419 0
233830 0
230090 0
101097 0
131173 0
162183 0
114722 0
268409 0
221908 0
260936 0
122556 0
238294 1
222299 0
071644 0
081539 0
143202 0
234428 2
235911 0
182440 0
088588 0
222160 0
202653 0
256122 0
150063 0
129127 0
125566 0
142214 0
217405 0
232631 0
212272 0
144406 0
167810 0
148691 0
191921 0
196145 1
196104 1
231486 1
231604 1
101385 0
010255 2
122582 2
122559 1
122509 0
256150 1
256152 0
211271 1
129059 0
210884 2
210882 2
227230 0
255389 0
118579 0
161371 0
192338 0
188780 0
227007 0
194430 0
151048 0
098361 0
112654 0
252463 0
213100 0
266707 0
254818 2
254813 2
254786 0
112015 0
058843 0
256618 0
253750 1
253728 1
133126 0
254619 2
254612 2
229970 0
199239 0
258007 0
196841 0
230192 0
200919 0
254783 0
017965 0
266377 0
255404 0
256709 0
232568 0
199875 0
231485 0
253658 1
254812 2
238312 2
238308 1
238319 1
237587 0
197527 0
262737 0
252876 0
255275 0
257516 0
145738 0
196748 0
193318 0
264952 0
153037 0
232950 0
224564 0
017949 0
213550 0
264983 0
093913 0
135816 0
260945 0
215247 0
197390 0
276249 0
259985 0
234469 0
194642 0
240136 0
154683 0
212006 0
242852 0
210130 0
098053 1
190243 0
139479 0
139718 0
196314 0
252486 0
233909 0
196025 0
285980 2
231049 0
182809 0
141583 0
142126 0
096296 0
260320 0
138891 0
151660 0
097187 0
288441 0
117436 0
139846 0
233410 1
233399 1
156501 1
157465 0
156497 0
233753 0
156462 0
007318 0
157466 0
151663 0
289858 1
289870 0
111820 0
281372 0
147935 0
131030 0
205251 0
155565 0
160135 0
202749 0
093093 0
274565 0
195433 0
273821 0
235250 0
194489 0
161744 0
233362 0
243649 0
152039 0
219386 1
219365 1
161573 0
194100 0
114830 0
229011 0
136914 0
140396 0
078896 0
012396 0
256793 0
221267 0
139255 0
289854 0
199473 2
196940 0
197285 0
232337 0
150081 0
230101 0
220377 0
131940 0
196603 0
136573 0
141091 0
027786 0
161955 0
132416 0
193228 0
062346 0
222009 0
289853 0
033516 0
115725 0
182623 0
256694 0
254001 0
000715 0
130212 0
151047 0
245035 0
168338 1
001421 0
138543 0
077848 0
156464 0
215719 0
232469 0
131945 0
009987 0
044359 0
221038 0
042086 0
108494 0
138422 0
112572 0
146746 0
166717 0
258885 0
175695 1
255418 0
168651 0
098307 0
151065 0
255088 0
003499 0
242713 0
180090 0
140814 0
196309 0
132476 0
140598 0
220962 2
220920 2
272724 0
241816 0
194843 0
139341 0
278084 0
190825 0
058842 0
138739 0
273818 0
246416 0
206049 0
192801 0
242727 0
194177 0
268368 0
189772 0
199383 0
166386 0
081226 0
219956 0
123638 0
287887 0
152791 0
147982 0
130573 0
177777 0
194035 0
195381 0
256008 0
034658 0
189000 0
148064 0
152620 0
240692 0
231211 0
148116 0
243293 0
061673 0
241273 0
168327 0
010257 0
078654 0
011838 0
097639 0
240222 0
177283 0
194444 0
254774 0
230688 0
107866 2
107848 2
108477 2
233013 0
153213 0
151691 2
131242 0
108166 2
108151 0
197384 0
270425 0
257022 2
068756 0
259917 0
208355 0
269034 0
125027 0
191052 0
139692 0
129140 0
147076 0
003475 0
142119 0
256722 0
226960 0
274163 0
220011 0
173188 0
099841 0
196730 0
201306 1
274170 0
274530 0
199873 0
006633 0
201586 0
261602 0
101520 0
189124 0
163579 0
254287 0
120857 0
018134 0
219595 2
198368 0
233026 0
199985 1
199976 2
256611 2
256058 0
237515 2
286826 0
233323 1
233293 1
267644 0
231774 1
238380 0
233024 1
196166 1
259581 0
263552 0
155525 0
112720 0
230097 0
249523 0
235180 0
115165 0
199403 1
199878 1
199879 1
037135 0
233972 0
222267 1
222256 0
160262 0
240433 0
137111 0
059219 0
116466 0
158167 0
136825 0
151641 0
246429 0
232422 0
082920 0
155572 0
289520 0
148935 0
232686 0
192912 0
233000 1
199374 0
231775 1
220168 2
220155 2
263028 2
256051 2
201305 0
229587 0
231475 0
278799 0
196087 1
262206 1
262211 1
199831 0
264110 2
254172 0
229592 0
262363 2
254171 0
234347 0
219117 0
004845 0
118140 0
132975 0
233011 0
158023 0
259918 0
122313 0
277939 0
168323 0
070312 0
162184 0
253752 0
281419 0
173374 0
269041 1
202155 0
156463 0
269235 1
269234 0
244104 0
152604 0
198353 0
139582 0
077335 0
131734 0
269737 0
233622 0
272658 0
227091 0
265451 0
252468 0
166911 0
260525 0
011438 0
016909 0
220630 0
032317 0
164711 0
241585 0
233827 0
017540 0
108121 0
205653 0
243735 0
107725 0
219860 0
271348 0
151041 0
154185 0
109715 0
197728 0
102337 0
250120 0
178097 0
104702 0
268122 0
145450 1
145435 0
145434 0
220568 0
091012 0
155711 0
230276 0
218842 0
153303 0
144376 0
119167 0
255925 0
142347 0
101924 0
237656 0
144557 0
151665 0
251616 0
150073 0
155759 0
256449 0
115084 0
268988 1
262395 0
262341 2
263642 2
250234 2
250255 2
221823 1
278857 0
269418 0
230165 1
230012 1
230265 1
230287 0
278910 0
212280 0
232800 0
232830 0
202636 0
115117 0
190230 0
212282 0
079823 0
097212 0
135853 0
146805 0
061188 0
105428 0
076787 0
197456 0
154360 0
211547 0
166938 0
279711 0
183516 0
171372 0
139964 0
258049 0
192335 0
256719 1
256720 0
154031 0
286597 0
235922 0
193579 0
156077 0
136168 0
287885 0
260423 0
155366 0
006866 0
169661 0
196843 0
146507 0
131875 0
224812 0
231264 0
254806 0
036820 0
129940 0
286583 0
027925 0
