278758 0
070284 2
103457 2
070151 2
103324 2
070059 2
103232 2
070056 2
103229 2
070061 2
103234 2
070085 2
103258 2
070108 2
103281 2
070010 2
103183 2
097701 0
109380 2
109381 0
098366 2
094699 2
096207 2
096231 2
096201 2
096181 2
102061 2
097696 0
101876 0
095986 2
095958 2
093948 2
094056 2
094074 2
094081 2
094046 2
093698 2
093892 2
093931 2
093942 2
091317 2
091286 2
132568 0
051651 0
098529 2
098620 2
098633 2
098525 2
098508 2
096061 2
095005 0
097345 0
131127 2
137329 0
095978 2
196375 1
197193 2
197191 2
197197 2
275779 2
184601 0
175594 2
241136 2
018169 2
128986 2
129068 0
084568 2
181536 2
144990 2
145317 0
093973 2
012267 2
123285 0
175188 0
098200 2
114290 0
092070 2
092249 2
093856 0
094178 2
092793 0
094400 2
094432 2
094353 2
094245 2
092951 2
092934 2
118516 2
004419 2
093044 2
092942 0
066294 2
064514 0
189892 0
119260 0
064517 2
065068 2
065101 2
065663 0
085090 0
112385 2
111963 2
108202 2
097857 2
097817 2
097815 2
097821 2
097808 2
099342 2
097925 2
097920 2
097949 2
099357 0
093941 2
093938 2
094008 2
094071 2
094020 2
094019 2
094209 2
041509 2
096936 2
096894 2
108817 2
114382 2
114462 2
114384 2
261760 0
098777 2
098644 2
098629 2
098639 2
098784 2
099092 2
098793 2
099104 2
098097 2
098059 2
098021 2
098070 2
098020 2
098029 2
098010 2
098028 2
098068 2
098104 2
101190 2
101189 2
094612 2
094558 2
084567 2
084566 2
084559 2
084558 2
108802 0
099515 2
096209 2
096206 2
095399 0
096043 2
098375 2
096003 2
096002 2
095882 2
096049 2
101226 2
097157 0
100245 2
100034 2
133940 2
125036 2
146000 2
145974 2
138970 2
139214 2
140247 2
140355 2
140266 2
133951 0
098280 2
096648 2
086581 2
086596 2
086637 2
181843 0
067592 2
067563 2
067615 2
067636 2
067649 2
018460 2
128788 2
098354 0
125023 2
125021 2
236564 0
093912 2
004171 2
118279 2
117703 2
097973 2
097830 2
097974 2
117708 2
117710 2
131994 0
133661 2
133721 2
187021 0
097333 2
097335 2
098797 2
098781 2
097898 0
117564 2
117556 2
133746 2
095413 2
095398 2
094587 2
128871 2
128870 2
128869 2
018552 1
128739 1
117575 2
128747 2
094055 2
094054 2
084634 2
084628 2
084631 0
116149 0
260644 2
095659 2
078739 2
078741 2
078746 2
078772 2
078778 2
078271 2
079654 0
004379 2
118512 2
020886 0
063264 2
063267 2
092971 2
101255 0
119817 0
261084 0
066285 2
063058 2
099069 2
099083 2
099192 2
063851 1
063850 2
099790 0
065854 2
067847 2
065858 2
079592 0
086654 2
098362 2
098360 0
092536 2
139721 2
017937 0
094522 2
093802 2
100428 2
100378 2
100279 2
100303 1
114151 2
100464 0
063759 2
098180 0
003267 0
108127 2
086514 2
074842 2
074864 2
075008 2
096240 2
138037 2
017303 0
132001 2
131999 2
131996 2
015251 2
125486 2
126999 2
072263 2
105436 2
074433 2
107606 2
131020 2
131016 2
131014 1
131993 2
131482 2
131490 2
131493 2
131505 2
131460 2
128136 2
063331 0
148908 2
143414 0
144933 1
141970 2
001887 2
126367 1
155568 2
155560 2
060971 2
060968 2
127702 0
061662 0
164228 2
164156 2
141527 2
001330 2
001778 2
128152 2
144985 0
268459 2
256268 2
256266 2
256264 2
256259 2
256244 2
199021 2
202877 2
202878 2
202529 2
179523 2
184854 2
279290 2
237341 2
142421 2
151732 2
164635 2
164649 2
162048 2
189162 2
189161 2
189164 2
189169 2
189160 2
176683 2
176680 2
153527 0
133912 2
133920 2
133919 2
133773 2
011334 2
122716 2
122714 2
122712 2
122708 2
122690 2
258755 2
275361 2
142538 2
194511 2
164910 2
017392 2
129516 2
017318 2
129572 2
006972 2
120597 2
152489 2
152457 2
152492 2
130291 2
152337 2
152334 2
144461 2
144448 2
017936 2
129156 2
129223 2
128920 2
099295 2
099293 0
224903 2
224901 2
224893 2
224815 2
257559 2
257540 2
233769 0
000920 1
138849 0
142387 2
257539 2
257534 2
224816 2
224894 2
224748 2
224743 2
224690 2
224741 2
224759 2
233721 1
234100 2
163927 2
281621 2
130292 2
130318 2
165225 2
201732 2
244452 0
163724 2
163725 2
182823 2
142394 2
235939 0
163730 2
163727 2
131746 2
117907 2
117927 2
192032 2
116551 2
116967 2
117163 2
002762 0
130164 0
192455 2
130398 2
085206 0
193910 2
193987 2
144446 2
144447 2
144464 2
144519 2
131985 0
146800 2
194936 0
259558 0
140525 0
149293 2
152115 2
159802 2
159806 2
159878 2
159879 2
159884 1
159886 0
162959 2
163061 2
162985 2
163208 2
157676 2
069740 2
102913 2
165988 2
166008 2
170092 2
169455 2
155575 0
187313 0
219542 2
129224 2
017845 2
129219 2
129222 2
068637 0
090626 0
251229 0
101633 2
101635 2
017676 2
129322 2
142521 2
142511 2
005817 2
120432 2
120430 2
132567 0
242819 0
159721 2
159716 2
159666 2
160190 0
001997 0
138447 0
143222 0
010774 2
158434 2
158390 2
281187 2
281036 2
281012 2
280972 2
280920 2
101669 0
006933 2
120556 2
188852 0
001120 0
136132 0
257529 0
219441 2
219476 2
219420 2
219372 2
141550 2
141249 2
008402 2
010474 0
085261 2
085285 2
083156 0
190371 0
093889 2
093940 2
112868 2
112754 0
184857 0
230404 0
005703 2
120323 2
079747 0
280215 0
149696 2
009871 2
122229 2
120708 1
007217 2
120778 2
120594 2
138528 2
138516 2
119474 0
177516 2
163739 0
162827 2
162829 2
162986 2
090497 2
090713 0
219507 0
018477 0
076870 2
077026 2
077029 2
069170 2
102343 2
058026 0
009607 2
122050 2
110351 2
099878 2
099834 2
099786 2
139690 2
083900 2
086601 2
266984 0
010253 0
167959 2
113262 2
188211 0
009409 2
121867 2
079190 2
079227 2
083309 2
083343 2
083328 2
062701 2
090825 0
256483 2
018112 2
129046 2
129078 2
129074 2
137110 0
186703 0
189109 0
121859 2
177947 2
177952 2
178726 0
169797 2
169798 2
169781 2
018362 0
078237 2
078325 2
078236 2
078345 2
078404 2
163062 2
093853 2
142622 1
099730 2
099731 2
093794 2
005707 2
120328 2
131145 0
108731 2
108729 2
108710 2
092406 0
095579 0
094990 2
114654 0
065032 2
066154 0
231476 0
007070 0
114971 2
095524 2
223994 0
006934 2
120557 2
243192 0
088008 2
087998 2
087982 2
052272 0
114819 0
002844 1
032442 2
032446 2
031921 2
032450 2
032502 2
032485 2
007411 0
092554 2
092542 2
092463 2
092526 0
158158 2
171578 2
171511 2
171512 2
171491 2
150615 0
240475 0
060902 2
201468 0
097742 0
272041 0
132045 2
097807 2
097749 0
220609 0
147441 2
147422 2
147443 2
147420 2
060989 2
060988 2
064203 2
064219 2
138334 2
138336 2
138363 2
138306 2
070582 2
103755 2
070343 2
103516 2
138468 2
138459 2
138425 2
145372 0
137323 0
010349 2
122671 2
035821 0
223292 0
181941 0
243927 0
157795 0
142441 2
066732 0
011266 0
181501 0
163720 0
261063 2
261057 2
261068 0
137519 0
195952 2
195950 2
076285 2
126897 2
060995 2
064162 2
064198 2
070148 2
103321 2
195935 2
126898 2
199448 2
199462 2
199420 2
093772 2
093747 2
101096 0
131414 2
131421 0
084649 2
132080 0
085623 2
085591 2
139416 0
112951 2
112958 2
094068 2
084626 2
058789 2
084629 2
086487 2
087980 0
157040 0
032198 2
032221 2
032223 2
032224 2
007759 2
121183 2
162409 2
144674 0
065856 2
059452 0
123979 2
260124 0
190368 0
138061 0
119685 2
119701 2
005543 2
120122 2
150027 0
067216 2
287256 0
142106 2
155236 0
157024 0
094754 2
094758 2
094949 1
094377 2
094378 2
094368 2
094379 2
094385 2
069157 0
028838 0
155289 2
058856 2
083083 2
099647 0
093276 2
093202 2
062733 2
007437 2
120948 2
064258 0
132366 2
147909 2
147835 2
015129 2
125610 2
155212 0
179551 0
155996 2
101209 2
033351 0
094229 0
093645 2
011947 2
010318 2
122637 2
122705 2
011362 2
122728 2
284367 0
087602 2
033547 0
078631 2
158750 2
270839 0
234884 0
079079 2
017589 2
094369 2
094244 2
129394 2
129397 2
065895 2
065912 2
017314 0
142003 0
084144 0
258512 0
131292 2
086603 2
139541 2
139618 2
139619 2
094297 0
034267 0
131498 2
131495 2
131510 2
131501 2
152714 2
146071 2
088919 0
017740 2
129280 2
137006 0
088441 0
068254 0
094388 2
094380 2
129155 0
052300 2
130081 0
142879 2
142912 2
286317 0
101555 2
101412 2
144337 2
141038 2
140978 2
140980 2
109421 2
094390 2
094389 2
094387 0
063717 2
088638 0
064817 0
164548 0
238700 2
230390 0
132097 2
001307 0
058989 0
003745 0
079302 0
112328 2
253255 0
018831 0
094832 2
095448 0
156303 0
146719 2
145064 0
169282 0
266398 2
086655 2
086741 0
093114 0
132577 0
271282 2
271136 0
228449 0
179214 2
189118 2
013745 0
100546 0
004409 2
118566 2
015013 0
086157 0
009147 2
121639 2
001990 2
088043 2
088044 2
087986 0
107756 0
282689 0
133210 0
064669 2
071377 2
104550 2
061265 0
119916 0
142617 2
142637 2
134798 0
071364 2
104537 2
142410 1
009125 0
010619 2
117639 2
279608 0
100286 2
098779 2
098801 2
064877 0
122607 0
111794 2
111762 2
065901 0
058096 2
058014 2
058050 2
058093 2
060859 2
094344 0
086846 0
148104 2
217314 0
011817 0
177027 0
176745 2
176748 0
093054 2
093035 2
032986 0
094525 2
094355 2
076093 2
061054 2
064244 2
124355 0
082453 0
018674 2
016861 0
148809 2
097344 0
241468 2
241537 2
241538 2
257569 0
086015 2
138878 2
093668 2
093659 2
031159 2
031144 2
064317 2
064285 2
000105 0
001228 0
100751 2
100741 2
100758 2
056274 2
143423 2
143418 2
016514 0
243724 0
102009 0
093182 2
071710 2
104883 2
072189 2
105362 2
071684 2
104857 2
070341 2
103514 2
070390 2
103563 2
070319 2
103492 2
070323 2
103496 2
095961 2
095937 2
096033 2
033372 2
135685 2
180514 2
180465 2
146966 0
004538 2
032200 2
034577 2
161444 2
161412 2
161413 2
161400 0
149547 0
255861 0
004198 2
079743 0
156660 0
070364 2
103537 2
070285 2
103458 2
070117 2
103290 2
070424 2
103597 2
070114 2
103287 2
070100 2
103273 2
070450 2
103623 2
070494 2
103667 2
093010 2
094319 2
033125 0
004565 2
004507 2
118714 2
056677 2
048069 2
048075 2
112134 0
109982 0
032328 2
032340 2
032341 2
032401 2
092710 0
031972 0
014186 2
228310 0
036482 0
288561 2
288510 2
288756 2
288729 2
177695 0
051632 0
152784 0
033115 2
033131 0
033130 1
042434 0
244562 0
053539 2
052305 0
031478 2
031591 2
031604 0
035190 0
252749 0
201858 2
210042 0
004518 2
118728 2
145310 0
009919 0
072036 0
098324 2
098321 2
098302 2
098300 2
118533 0
110582 2
110676 2
070933 2
104106 2
068431 2
068432 2
064516 2
064971 0
091352 0
147572 2
147576 2
147559 2
027448 0
058505 2
034541 2
034574 2
034533 2
078530 0
131654 2
098726 2
098771 2
084391 2
083220 2
084690 2
084521 2
083219 2
111735 0
059978 2
151154 2
192494 0
083388 0
067865 0
042454 2
071135 2
104308 2
098707 2
098848 2
110550 2
124691 2
124676 2
184478 0
084237 2
083222 2
083254 2
083253 2
083279 2
084692 2
151373 2
151160 2
151168 2
084394 2
084712 2
084711 2
084714 2
084707 2
149140 0
147674 2
147680 2
147638 2
147651 2
147627 2
147626 2
142123 2
142059 2
141978 2
118121 2
118112 2
118111 2
109125 2
138900 2
138919 2
108091 0
112401 2
011607 2
122798 2
081324 2
081330 2
093015 0
153605 0
062946 2
062988 2
062970 2
064547 2
068505 2
063415 0
058264 2
058301 2
186297 0
029455 0
061502 0
135076 0
001861 0
179751 0
270223 0
043559 0
034645 0
098342 0
030579 0
159093 0
007360 0
168684 2
168685 2
256976 0
094848 2
094752 2
283164 2
283178 2
283473 2
085355 2
085383 2
087632 2
058855 0
086283 2
084945 2
075722 2
280090 2
012582 2
085081 0
018469 0
114529 0
099792 2
094051 0
182023 0
062156 0
099233 0
140197 0
024488 2
024485 0
137945 2
137967 2
137991 2
002688 2
098499 0
108847 2
108773 2
108814 2
058253 2
101039 2
122795 2
122794 2
081320 2
063001 2
062991 2
063021 2
101440 2
101437 2
095786 2
010351 2
122672 2
122643 2
122598 2
122595 2
122665 2
122654 2
122561 2
122547 2
098450 0
109025 2
058274 2
109027 2
109024 0
116772 2
134146 0
137910 0
229599 0
117605 2
117563 0
121209 0
008411 0
098612 0
133795 2
133536 2
133533 2
133539 2
133543 2
113334 0
012499 0
142650 2
142636 2
230643 2
112092 2
112096 2
013611 0
035984 0
001235 0
262736 0
111259 2
109026 0
114787 0
018091 0
131194 2
098208 0
089087 2
118661 0
075324 2
075341 2
144444 0
061832 0
098045 2
287892 0
230392 2
141213 2
141180 2
269126 0
086462 2
114552 2
114596 2
114618 2
000329 2
132201 0
175706 2
080336 0
064298 0
126718 0
224040 0
169139 2
169140 2
174605 0
268829 0
095225 2
095228 0
126771 0
099086 0
153606 0
209680 2
145627 0
252455 0
170604 0
007940 2
121353 2
011726 0
053145 2
038158 0
133467 0
131198 0
162208 0
095745 0
083858 0
039713 2
129692 0
095638 2
095600 0
183235 2
077315 0
253210 2
253178 2
099527 2
099401 2
099521 2
139053 0
268171 0
110609 2
112496 2
149218 0
111530 2
111511 2
110617 0
113123 0
071022 0
277403 2
029478 2
029520 2
062972 2
062992 2
219616 2
113131 0
114843 0
078690 0
121831 0
098461 0
146534 2
093478 2
092937 2
228778 0
132135 0
002569 0
146709 2
099343 2
076297 0
095217 2
095230 2
180954 0
089981 0
087943 0
095032 2
066301 0
100459 2
100570 2
100571 2
099588 2
099649 2
099581 2
014329 0
002384 2
280365 0
261062 0
005294 0
075588 2
068938 0
145074 0
007756 2
121178 2
169756 2
192808 2
192823 2
169786 2
169787 2
169771 2
169746 2
168553 2
169750 2
169754 2
169744 2
126366 0
136763 2
132764 0
170306 0
086281 0
052466 0
253372 0
144017 0
069653 0
190890 0
232460 1
233737 0
265209 0
116573 2
111268 2
111269 2
005187 2
119632 2
128225 0
225504 2
100449 2
100462 2
094973 2
225505 2
225522 0
111293 2
154698 2
075609 0
094827 2
094729 2
094749 2
094698 2
095423 0
098949 2
092399 0
156888 0
219985 2
279722 0
098061 2
098056 0
097677 2
101880 0
168103 2
168117 0
283794 2
283806 0
093951 0
098497 0
166326 0
061345 2
061340 2
061045 2
109713 0
058532 0
039340 2
009035 2
110452 2
149385 0
096761 2
096656 2
162429 2
161211 0
094954 0
265021 0
017996 0
239459 0
054889 0
149212 2
149319 2
149318 2
146128 0
069841 2
103014 2
135520 0
263338 0
084041 0
132177 2
132176 2
132171 2
032701 0
146532 0
129316 2
017702 2
129308 2
060507 2
060493 2
060505 2
071453 2
104626 2
101791 2
108711 2
108730 2
108732 2
109293 0
092872 0
068744 0
187114 0
011363 0
201811 0
004664 0
102108 0
085919 0
064932 0
124914 2
081131 0
124574 0
046980 2
046905 2
063416 0
213854 0
101868 0
255270 2
043519 0
276881 0
100448 0
051976 0
114915 2
131134 0
095086 0
057700 0
068298 0
061086 2
114207 2
108624 2
050705 2
050699 2
108806 0
115150 0
137413 0
041234 0
181966 0
061144 0
123864 0
198524 0
176743 0
048248 0
161003 0
271931 0
116747 0
133208 0
179180 0
066422 0
266836 0
085204 0
070221 0
133028 0
166059 0
097843 0
119744 2
119753 2
119743 2
005284 2
119772 2
094966 0
094426 2
094442 2
098315 0
096680 2
210746 0
094550 2
094564 2
043302 0
099248 0
015363 0
276916 0
288653 0
093573 2
093565 2
025330 2
066425 0
025595 0
092891 0
128476 0
032833 0
280229 0
023835 2
023769 2
061365 2
061364 2
061368 2
061383 2
157032 0
265488 0
007349 2
120882 2
041694 0
111377 0
235247 0
086138 0
095614 0
226799 0
015608 2
004124 2
118235 2
198289 0
128215 0
196237 0
080038 2
074562 2
074788 2
110735 2
110857 0
032205 2
052502 0
058246 0
069764 2
102937 2
083310 0
133887 2
097084 0
101942 0
095654 0
014791 2
244662 0
140235 0
079071 0
260347 0
096685 2
079376 0
240432 2
119158 2
119139 2
119577 0
061385 2
240487 2
069735 0
119213 0
094481 2
004400 2
118544 2
118542 2
118529 2
005404 2
119951 2
145419 0
042341 0
149767 0
168907 0
000809 0
279285 0
205055 0
279173 0
134639 0
124658 0
141517 0
001767 0
140005 2
090835 2
061219 0
082421 0
006872 2
120500 2
127219 0
035541 2
095826 2
095404 2
132046 0
120799 2
120785 0
120928 0
159737 0
095965 2
095941 2
092410 0
059455 2
099273 0
260973 0
090355 2
095933 2
095938 2
095934 2
095962 2
085839 0
086939 0
002717 2
012090 2
058286 2
039814 0
098229 2
098228 2
031202 0
188782 0
094913 2
094960 0
094935 0
120177 0
094346 1
094296 0
152105 0
214395 0
099698 0
097453 0
135378 0
176756 0
041810 2
091983 0
283808 0
145142 2
145156 0
150439 0
152331 0
032134 2
032206 2
032338 2
032407 2
039752 0
098505 2
098441 2
098411 2
098850 2
098977 2
220835 2
220821 2
098443 2
096153 2
096071 2
095234 0
273924 0
150923 0
244202 0
095935 2
095932 2
095927 2
096070 2
096032 2
096083 2
098847 2
098810 2
098751 2
098593 0
098972 2
098214 2
096024 2
096022 2
096026 2
095303 2
098947 2
139872 0
098873 2
097077 0
095347 2
034604 0
031968 2
032012 2
006630 2
097097 2
097101 2
069222 0
197720 2
098409 2
098446 2
068022 2
287902 0
146570 2
014105 0
064582 2
061749 0
094221 0
231509 0
094232 0
035823 0
026640 0
063855 2
251427 0
081141 0
283878 0
097272 0
193753 0
271137 0
098948 0
033108 2
284312 0
233014 0
067081 0
159722 2
249894 0
009100 0
094027 2
066554 0
270840 0
194115 0
092794 0
002414 1
091927 0
114954 0
125422 0
081480 2
081487 2
042844 0
041481 0
180037 0
144692 2
086213 0
109021 0
132000 0
065686 2
135085 0
202627 0
191781 2
191401 0
191787 2
191798 0
148905 0
010311 2
122626 2
093804 0
135804 0
035835 0
098588 0
033635 0
098447 2
058265 0
026813 0
128216 2
128167 2
011993 2
009233 2
121709 2
219310 0
009818 0
098413 2
098423 0
098824 2
098825 2
034850 0
098938 2
098893 2
098937 2
089406 0
191802 0
091395 0
119236 0
093699 0
076683 2
099992 0
119252 0
121550 2
042243 0
076438 0
184920 0
187548 0
088046 2
069856 2
103029 2
038171 0
009061 2
121566 2
121563 2
011396 0
062772 0
095526 0
020980 0
090002 0
280276 0
015041 0
026874 0
114205 0
185556 2
185557 2
079580 0
004154 0
138445 0
020986 0
130169 0
198589 0
086693 0
094680 0
272194 0
032948 0
132566 0
230070 0
113974 0
134077 0
018560 0
058285 2
259094 0
041207 0
092615 2
092601 2
085145 0
099176 0
099081 2
190412 0
088908 0
244339 0
056108 2
056357 2
094381 0
169287 0
134330 0
177680 0
132572 0
196250 0
094057 0
132006 0
141536 0
075262 0
008726 2
281458 0
176747 0
150298 2
017096 2
090613 0
096797 0
038214 0
258918 0
255519 0
085103 0
005956 2
220616 0
256839 0
276911 0
141673 0
160358 2
033675 0
157796 0
184858 0
142466 0
123779 0
070701 2
103874 2
058271 2
099078 0
181033 0
059441 0
084148 0
099271 2
136574 0
185565 0
010240 2
010214 2
122531 2
061294 0
058024 2
085812 0
007485 0
091131 2
009267 2
067094 0
063718 2
083261 0
180178 2
182160 2
180160 2
098179 0
112806 2
112821 2
112834 2
112769 2
009130 0
198283 0
075384 0
285062 2
009408 2
121866 2
032896 0
014334 0
064614 2
064616 2
064617 2
087668 0
034164 0
101978 2
066984 2
071441 0
139363 2
110449 0
262399 0
120688 0
084829 2
065538 0
255272 0
196873 0
110298 0
030201 0
177529 0
288482 0
280180 0
089234 0
114263 2
114259 2
065074 2
065096 2
042388 0
042354 0
263390 0
064865 0
001054 0
015077 0
064849 0
051673 2
085068 0
271941 0
133284 0
059005 0
170112 0
284930 0
191309 0
156435 0
005176 0
118233 2
010261 0
175377 0
125371 0
052084 0
128137 0
046239 0
062121 0
112324 0
143422 0
090788 0
093636 0
178896 0
275378 0
011474 0
092088 0
116147 0
120779 0
190027 2
069174 0
221273 0
064629 0
102038 2
067197 0
051690 0
270511 0
009157 0
090816 0
271292 0
163741 0
129171 2
129208 2
129147 2
129136 2
129160 0
129139 0
129157 0
059160 0
061677 0
031695 0
098067 0
011275 2
122691 2
086638 0
196446 2
196450 2
198038 2
198007 2
197928 2
180167 2
197862 0
244272 0
232821 0
199217 0
051652 0
092800 0
225201 0
083323 2
093409 0
197502 2
133891 0
035856 0
144254 0
231994 2
188807 2
199783 2
252824 2
167198 0
065986 0
226152 0
033597 0
115757 0
235845 0
005432 2
119989 2
121954 0
135036 0
252852 0
255632 0
131592 0
125827 0
153562 0
069371 2
102544 2
094306 2
004164 0
180035 2
110457 0
063274 0
092730 2
092729 2
092723 2
092724 2
092722 2
064963 2
154930 0
012480 2
258017 0
240274 0
011970 0
082982 0
154001 0
048284 0
151350 0
080931 0
109960 0
136103 0
258395 1
008009 2
193009 2
192847 2
091563 0
109030 0
124927 0
192007 0
091338 0
192661 0
249766 0
129158 0
151386 0
197893 2
068944 0
197476 2
197498 2
197474 2
197605 2
284997 0
260348 2
260323 2
260318 0
144027 0
231554 0
205910 0
071263 2
104436 2
101875 1
094440 2
060192 0
095424 0
261763 0
144982 2
118207 1
118109 1
095473 2
011750 0
062945 0
156890 0
124683 0
092104 0
257600 0
110784 0
116110 0
168381 0
018624 0
038898 0
082415 0
122580 0
208821 0
016349 0
066306 0
092580 0
018384 0
163731 0
071412 0
239097 0
147636 0
083329 0
197706 0
096418 0
258184 0
235950 0
191915 0
089198 0
064218 2
023165 2
044916 0
023093 0
164606 0
108061 0
189910 2
189923 2
093570 2
029182 2
032672 0
130293 0
063105 0
098328 0
070389 0
063811 0
109932 0
146074 2
146043 2
082319 2
015763 0
083654 0
238505 0
062841 0
236593 0
077894 0
154688 0
159101 2
110896 0
131413 0
124350 0
221324 0
160602 0
110978 2
201334 0
100333 0
078356 2
099398 0
045739 0
161443 2
161410 0
153939 0
161411 0
127955 0
258806 0
267359 0
013609 0
142986 0
029245 0
187119 0
268490 2
057024 0
211970 0
258138 0
051658 0
260311 0
119458 0
192123 0
259772 0
122591 0
067953 0
062298 0
101551 0
178422 0
146514 0
098312 0
112499 0
097222 2
179518 0
198555 0
062157 0
156206 0
159801 0
097573 0
071431 0
089123 0
164940 0
158696 0
236358 2
168732 2
168733 2
233277 0
128226 0
025131 2
033620 0
188531 0
168154 0
058281 0
138287 0
010585 0
233730 0
116483 0
099096 0
115110 0
132614 0
064513 0
062683 0
271022 0
180059 0
121677 0
108919 0
279015 0
033636 0
088291 0
096236 0
187324 0
153819 0
149846 0
010302 0
114911 0
145009 0
166341 0
098946 0
263945 0
135047 0
090237 0
092379 0
063334 0
278338 0
263337 0
034613 0
007994 0
006652 0
281620 0
094228 0
108771 2
251971 2
099573 2
099532 2
273390 0
112882 0
061672 2
185990 0
001203 0
254873 0
174748 0
219863 0
168892 0
271961 0
001577 0
231905 0
094345 0
067322 0
283812 0
070185 0
081361 0
270446 0
097199 0
002281 0
138444 0
121123 0
060229 0
169567 2
169549 0
252052 0
161920 0
092166 0
097690 0
094490 0
281456 0
010705 2
239337 0
058208 0
095989 0
004032 0
155235 0
011643 0
186742 2
097743 0
077782 0
258029 0
087474 0
092875 0
158627 0
128183 0
009689 0
059409 0
152923 0
194856 0
066421 0
098575 0
266985 0
156827 0
152785 0
082237 0
060871 2
129132 0
099713 0
130134 0
148757 0
131987 0
101867 0
137450 0
178301 0
050159 0
093881 0
102025 1
098471 0
097625 0
191950 0
095394 0
050158 0
160224 2
160311 0
160310 0
189212 0
067893 0
126784 0
066626 0
071746 0
093494 0
009000 0
188181 0
141444 0
025364 2
025359 0
042433 0
093156 0
160334 0
102330 0
165047 0
156662 0
014616 0
109020 0
012615 0
001662 0
033595 0
288763 0
085704 2
098383 0
132009 0
195886 0
277349 0
170250 0
006383 0
087744 2
051748 0
157995 0
185316 0
167730 0
090127 0
108591 2
176292 2
211348 0
012101 0
108780 0
116148 0
108556 2
108324 2
139877 0
115773 0
128937 0
009708 2
008085 0
007993 0
127068 2
127143 2
078525 2
188308 0
088055 0
005409 0
071716 0
089954 0
119615 0
240635 0
131997 0
098381 2
153746 0
159729 0
155215 0
020304 0
058381 0
133105 0
084676 0
184774 2
184777 2
255721 0
097945 0
100806 0
189196 2
030246 0
154498 0
095673 0
086776 0
110350 0
128770 0
146035 0
143213 0
005062 2
119461 2
011859 2
145420 0
178850 0
237711 0
017190 0
085184 0
012304 0
253028 0
243958 0
137219 0
086062 0
033107 0
017733 0
010270 0
075260 0
023618 0
162077 0
069757 0
092715 0
194738 0
122194 0
132602 0
086802 0
019789 0
181971 0
198184 0
099614 0
079652 0
225948 0
123732 0
173365 0
048659 0
137151 0
146133 0
001233 0
098582 0
192262 0
283619 0
089953 0
229457 0
179437 0
151625 0
093719 0
285081 0
243194 0
191884 0
036520 0
058863 0
155213 0
149776 0
141904 0
120924 0
220574 0
062541 0
187838 0
119559 0
102908 0
189290 0
114212 0
094235 2
092644 0
096087 0
182505 0
034542 0
102347 0
007726 0
130209 0
064145 2
019266 0
058390 0
094075 0
095231 0
033140 0
097131 0
276313 0
091408 0
244681 0
128581 0
005152 0
059211 0
185626 0
116746 0
007794 0
036837 0
133818 0
191347 0
189080 0
083300 0
023098 0
108967 0
100678 0
024304 0
139569 0
185401 0
072581 2
105754 2
255295 0
135097 0
092987 0
154140 0
099656 0
041716 0
198477 0
012799 0
232153 0
040361 0
270503 0
283803 0
060966 0
158725 0
004319 0
244111 0
099751 0
139767 0
280672 0
123281 0
141050 0
072109 0
233731 0
086974 0
149386 0
101826 0
003395 0
148272 0
096137 0
181962 0
090420 0
085438 0
193477 0
137556 0
129585 0
144525 0
166231 0
125244 0
099064 0
132137 0
211233 0
014351 0
044101 0
114854 0
098160 0
230954 0
100458 0
034711 0
088717 0
156664 0
165606 0
255889 0
064820 0
103394 0
131665 0
017356 0
253373 0
173653 0
044246 0
110336 2
224238 0
094310 0
114999 0
243699 0
076462 0
090502 0
266754 0
138454 0
044803 0
064630 0
064613 0
132765 0
009285 2
032568 0
070042 2
103215 2
071052 0
071051 0
104224 0
104225 0
063135 0
061186 0
130248 0
162209 0
120684 0
149964 0
118199 0
111909 2
095432 0
067225 0
071817 0
280683 0
157023 0
145968 0
059144 0
017664 0
111050 0
149421 0
176741 0
122746 0
139208 0
238800 0
185597 0
077184 0
017743 0
251259 0
085248 0
255631 0
077633 0
034432 0
001194 0
088917 0
086429 0
094928 0
226243 0
131688 0
202677 0
108100 0
007253 0
111369 0
247471 0
096986 0
093700 0
098075 0
187446 0
265321 0
183338 0
014257 0
127166 0
032486 0
041205 0
231563 0
280224 0
252750 0
252671 1
059251 0
148990 0
181034 0
038369 0
183892 0
095731 0
097255 0
197231 0
153959 0
083899 0
034135 0
015183 0
151169 0
145634 0
243041 0
251627 0
254985 2
092858 0
089089 0
152920 0
014406 0
268175 0
098335 0
152605 0
226587 2
226665 2
220319 0
254710 0
240630 0
256056 0
257939 0
154670 0
111367 0
273001 0
196637 0
186652 0
115071 0
165897 0
092837 0
099289 0
127796 0
064954 0
133580 0
256278 0
125440 0
180418 0
141318 0
062764 2
062765 2
064510 1
070757 0
168565 0
052416 0
044883 0
017116 0
192647 0
138487 0
096757 0
087347 0
089422 0
133693 0
129748 0
144974 0
141351 0
195769 0
010345 0
083226 0
029428 0
172968 0
239627 0
064982 0
021709 2
021697 0
090940 0
096908 0
183238 0
113717 0
064658 0
145656 0
184440 0
018606 0
036219 0
250673 0
240466 0
007547 0
017964 0
091922 0
011846 0
086836 0
018052 0
238396 0
035811 0
122622 0
075319 2
119562 0
059625 0
139382 0
080266 0
258492 0
197685 0
083358 0
223332 0
034795 0
149695 0
142475 0
238935 0
102089 0
156898 0
012768 0
014518 0
085165 0
109094 0
121547 0
139563 0
211967 0
135376 0
063418 0
098472 0
164349 0
258445 0
096918 0
285596 0
036254 0
199741 2
131306 0
184907 0
062767 2
021667 0
103930 0
149272 0
219894 0
149347 0
272039 0
158238 0
067902 0
062924 0
043611 0
088478 0
243688 0
045212 2
042732 0
007571 0
142402 0
148209 2
148193 2
149052 0
262570 0
109616 0
010265 0
015250 0
095626 0
221576 2
093460 0
243928 0
016073 0
131986 0
219498 0
126564 0
256922 0
163726 0
041780 0
109074 0
190825 0
229487 0
029417 0
223119 0
109253 0
050207 0
025352 0
132406 0
121212 0
022659 0
087921 0
097133 0
202678 0
132019 0
095470 0
117683 0
065305 0
083434 0
111656 0
098054 0
003375 0
230587 0
059431 0
003793 1
098281 0
112144 0
017570 2
129401 2
243722 0
188640 0
145149 0
130325 0
051645 0
122195 0
079257 0
111328 2
100345 0
048118 0
178354 0
040005 0
145118 0
040627 0
017875 0
234694 0
244438 0
096059 0
125260 0
181611 0
110863 0
259085 0
126036 0
289566 0
274549 0
279693 0
163430 2
131122 0
174704 0
019249 0
102013 0
109413 0
148997 0
008359 2
141326 0
142105 0
148208 2
148210 2
148219 2
148298 2
148227 0
148211 2
221577 0
017035 0
161919 0
008431 0
280510 2
280336 0
104195 0
016714 0
091986 2
045323 0
244454 0
091982 0
133828 0
059115 0
013022 0
141305 0
228147 0
066376 0
268660 0
052093 0
200387 0
130663 0
099089 0
277992 0
142540 0
039735 0
065227 0
111345 0
023409 0
082580 2
194966 0
083221 0
177685 0
288941 0
064953 0
063528 0
161004 0
102395 0
096489 0
239326 0
212547 0
068818 0
180061 0
062071 0
198019 0
099246 0
034084 0
220815 0
104585 0
256761 0
156293 0
099405 0
077802 0
041917 0
194942 0
267964 0
211225 0
088978 0
131423 0
098357 0
075263 0
077760 0
097481 0
063271 0
205437 0
118886 0
020105 0
267842 0
071246 0
259788 0
092386 0
146706 0
095584 0
009382 0
052689 0
121950 0
041025 0
062549 0
286319 0
006281 0
284063 0
020954 0
051779 0
058378 0
162326 0
100266 2
091532 0
083270 0
121180 0
039957 0
109491 0
090540 0
094720 0
039431 0
100241 2
092113 0
151685 0
280242 0
181965 0
160418 0
091445 0
099718 0
198142 0
180662 0
239012 0
094455 0
136568 0
267460 0
126949 0
017089 0
086214 0
279174 0
062867 0
277896 0
198285 0
260179 0
270110 0
196364 0
066028 0
158710 0
226114 0
024171 0
010256 2
122583 2
146910 0
066394 0
000074 0
234850 0
239972 0
129638 0
