044384 1
044349 1
044314 2
044601 1
044602 2
044616 1
209902 1
045920 1
045916 2
040949 2
040982 1
044821 1
044698 2
035123 1
035773 1
041639 2
046466 2
045973 1
040755 1
040898 1
046546 1
045965 1
036104 1
036111 2
044368 1
035759 1
044157 2
035766 1
035748 2
035797 1
035786 2
035757 1
035785 1
035903 2
035981 1
035900 1
035755 1
035788 1
035872 2
035906 2
035760 1
035902 2
035756 1
035806 1
035824 2
037794 2
037793 1
035765 1
035849 1
035861 2
036308 1
035908 2
045324 1
045318 2
040929 1
040928 2
051755 1
041632 2
045511 1
036034 1
035832 2
035838 1
035843 1
035792 1
037314 2
035758 1
036275 1
036340 1
036135 1
036141 1
044732 2
044737 1
035817 2
035783 1
044731 1
035918 1
035867 2
035842 1
044899 1
035919 1
041577 2
041594 1
046519 1
046514 2
045435 2
035873 2
035787 1
037242 1
045896 1
045708 1
036131 2
046014 2
046049 1
045358 1
045356 2
045014 1
044989 2
036140 2
036136 1
036142 1
044442 2
044408 2
044332 1
044638 2
044738 2
044633 2
044746 1
218004 1
044642 2
044689 1
044643 2
044634 2
035675 2
035674 1
035676 2
035699 2
045468 1
044525 1
044524 1
088107 1
044939 1
044936 1
044780 2
044756 2
044745 1
044775 2
044739 2
044759 2
044762 1
044748 1
044740 1
044733 2
044835 1
044891 1
044882 2
045845 2
044327 1
044001 2
046594 2
045891 1
045889 2
045862 1
045854 1
039568 2
040900 1
044632 1
039995 2
035948 1
035935 2
044680 1
041014 2
035937 1
044445 2
044511 1
044582 1
044578 2
044585 1
044558 1
044593 1
044591 2
036242 1
035904 2
044253 1
044474 1
040792 1
046355 1
040822 2
040936 1
046117 2
046489 2
046476 1
209417 1
044264 1
040751 2
045857 1
044933 1
046493 2
046459 1
040937 1
045231 2
046293 2
044503 1
045234 1
035859 2
044315 2
046502 2
046509 1
044743 1
035879 2
035777 1
035860 2
035851 1
044254 2
044239 1
045982 2
036702 2
035846 1
035863 2
046409 2
046411 2
040902 2
041119 2
041480 1
041536 2
045623 2
045117 2
045698 2
042260 2
036738 2
040975 2
042840 2
042358 2
045692 1
045624 1
041394 1
045727 2
045758 2
041388 1
044268 2
035978 2
041626 1
041306 1
045928 1
045489 2
050685 2
045619 2
045241 2
040903 2
044351 2
036160 2
035831 2
045296 1
045307 2
045319 1
045955 1
049892 2
040905 1
046491 2
045425 2
036372 2
045536 1
045983 2
044064 1
036013 1
050961 1
043995 2
035951 1
035878 2
035776 1
036098 1
035956 1
035933 2
036123 1
035926 2
035925 1
035888 2
046375 1
044278 1
044736 1
037685 2
040752 1
044716 1
044721 1
044520 1
044579 2
043895 1
035752 2
044468 2
044537 1
044323 1
044617 1
044473 2
044220 1
044273 1
040816 2
040932 1
037675 1
044906 1
044498 1
046379 2
044160 2
040793 2
044291 1
040901 1
045268 2
044678 1
101760 0
049889 1
051325 2
046462 2
046461 2
214288 1
045488 2
035912 2
044561 1
040915 1
035790 1
040962 1
044777 1
036000 1
045999 1
049302 1
049306 1
035791 1
044162 2
044405 1
035649 1
044307 1
036907 1
044032 2
035778 1
035922 2
044568 2
044767 1
037146 2
217289 1
035384 1
035304 1
035286 1
035283 1
051516 1
044692 1
035929 2
044002 2
045443 2
264818 1
264847 1
264831 1
040783 2
037065 1
043765 1
215119 1
214463 1
054578 1
044577 2
205162 1
046047 1
046288 1
044419 1
044599 1
045998 1
044581 2
044098 2
044755 2
044387 1
036765 2
045532 2
035934 1
045954 1
044614 1
044584 1
045487 1
045473 2
044039 1
044613 1
044600 1
208357 1
214961 1
044536 1
041026 1
044549 1
051148 2
044203 1
043977 1
043900 1
051339 1
048904 1
048134 1
040819 2
045501 1
040916 1
035841 1
044781 2
036748 1
044223 1
044747 1
044735 1
046198 1
046337 1
044851 2
051742 1
207060 1
045367 1
045351 2
045163 1
035744 1
207646 1
204479 1
043922 1
043908 2
044587 1
044603 2
044571 1
209846 1
059415 1
059086 1
209446 1
044992 2
044789 1
044703 2
044730 1
044685 1
044357 1
044688 1
044375 1
044606 1
201226 1
044636 2
035927 1
036325 2
043932 1
216389 1
044256 2
044741 1
051517 1
051064 2
044717 1
044705 2
044149 0
044955 1
051482 1
044677 1
044644 2
040907 1
207658 1
051333 1
037447 1
035853 1
036990 2
036978 1
110530 1
045248 1
205156 1
205767 1
205166 1
044589 1
213276 1
217907 1
040821 1
044310 1
044280 2
218332 1
214705 1
050892 1
050886 1
043982 1
044734 2
207006 1
044592 1
205151 1
212460 1
205282 1
205164 1
205765 1
051338 1
215467 1
040935 1
110561 1
206535 1
035711 2
205560 1
040892 1
218408 1
051744 1
212029 1
203894 1
045024 2
045689 2
044649 1
044366 2
044509 2
215570 1
045177 2
044391 2
044626 1
044402 2
140935 0
044495 2
037528 2
040934 1
036652 1
036663 1
036683 1
044605 1
044518 1
037445 1
045533 1
217387 1
214958 1
214960 1
215268 1
203822 1
044552 1
044374 1
051042 1
213628 1
214352 1
045178 1
044434 1
044430 1
044195 2
044197 2
212661 1
044129 1
044008 2
044559 1
110569 1
218949 1
037033 1
037052 1
036375 2
035833 2
035789 0
205461 1
037779 1
037213 1
037106 1
044631 1
044648 1
044272 1
051519 1
044353 1
037880 1
037902 2
037924 2
050766 1
210344 1
044801 1
209847 1
217334 1
216276 1
217902 1
218016 1
218217 1
218177 1
219480 1
204592 1
217389 1
208240 1
209365 1
209788 1
210560 1
081180 1
205173 1
208572 1
044838 1
035923 2
209430 1
044586 1
037306 2
037231 1
148724 1
210107 1
210290 1
109397 1
215154 1
045801 1
203427 1
206495 1
044693 1
203999 1
205207 1
206342 1
065434 0
046196 1
051664 1
051605 1
163893 1
163872 1
163071 0
206456 0
208545 1
044506 1
046276 1
048451 1
046361 1
051066 1
046102 2
046153 1
036048 1
046414 1
044742 1
060586 1
039423 2
044691 1
051514 1
062819 1
062813 1
036561 1
034661 1
044048 1
036558 1
044163 2
044389 1
036085 2
035921 1
060535 1
045526 2
036186 2
079475 1
045005 1
037467 1
035735 1
258468 1
258524 1
035839 1
216044 0
205296 1
045593 2
045582 1
044770 1
044262 1
035916 1
019662 0
138040 0
045818 1
044588 1
044580 2
113250 1
051515 1
044687 1
213889 0
045164 1
045148 1
045703 1
051147 1
212784 1
164572 0
201991 1
044003 2
051554 2
044358 1
044004 1
214371 0
043876 1
045817 1
046418 1
044118 1
203956 1
044007 2
007782 1
044595 1
045513 2
099315 0
021652 0
044152 1
045201 1
045152 1
040802 1
040779 1
044270 1
049256 1
204302 1
204467 1
075763 1
045420 1
205445 1
205740 1
045431 2
210265 0
044501 1
050371 0
036267 1
036263 1
036268 1
036490 1
050533 0
168396 1
043962 1
066382 0
015594 0
218888 1
217761 1
217770 1
217784 1
051173 1
204121 1
204176 1
204404 1
204122 1
204171 1
204172 1
204174 1
204175 1
219010 0
037047 1
050921 1
169219 1
005425 1
286304 1
086867 1
086368 1
062794 0
215033 0
040754 1
035796 2
040395 0
075688 1
075683 1
219502 0
045505 1
044726 1
051506 2
051145 2
039647 1
050891 1
038683 0
051558 1
037067 1
218368 1
035714 2
044700 2
044702 1
209495 1
090123 1
090141 1
048419 1
219876 1
205506 1
048832 1
044902 0
045021 2
048544 0
035920 1
045757 1
044650 1
212092 0
208939 0
045497 2
037639 0
014207 1
045816 0
044683 1
044620 1
044597 1
131314 0
054072 1
206669 1
207796 0
044248 0
207066 1
204522 1
204989 0
218483 0
218882 0
059403 1
039413 1
261825 0
077418 0
044097 1
114841 0
036250 1
099508 0
000444 0
101771 0
044681 1
043939 0
215487 1
029006 0
080617 0
038810 0
208794 0
043821 1
043815 1
043816 1
043805 1
204032 1
044547 2
046371 1
044948 1
220826 0
051330 0
037310 0
043538 0
051340 0
220596 0
043972 2
044572 1
044570 1
044564 1
090513 0
016007 0
086482 1
086468 1
204594 1
204701 1
113470 0
217935 0
204952 1
114986 1
044679 1
035866 2
145793 0
109039 1
109054 1
203246 0
205303 0
152118 0
051086 1
191876 0
044563 1
003860 0
039121 2
038839 1
082315 0
044630 0
044020 2
044104 1
036071 1
037122 0
023130 0
078716 0
062389 0
048614 2
267825 0
045754 0
035870 2
035805 1
052748 0
203930 0
049010 0
182937 0
268198 0
213240 0
218230 0
022325 0
037279 0
262524 0
044596 2
044618 1
037819 0
206822 0
066157 0
044145 1
048305 0
020299 0
176095 1
175199 1
045038 0
191209 0
209064 1
209168 1
209174 1
209759 1
209032 1
209651 1
209663 1
210051 1
210292 1
210099 1
045964 0
043992 1
044261 1
219357 1
084332 0
276131 0
079520 0
217852 0
162117 1
211016 0
044567 1
044455 0
040914 1
040791 2
046453 0
044226 1
242137 0
217379 0
078277 0
115109 0
036599 0
117866 0
108253 0
020010 0
119297 0
155624 0
027120 0
204946 0
116902 0
044065 2
044086 0
044066 0
051505 1
044690 1
050684 2
051501 0
209739 0
041627 0
216691 0
091114 0
035818 2
035784 1
161996 0
214953 1
175423 0
056644 1
057367 1
274728 0
273746 0
267436 0
203283 0
212952 0
203775 0
036301 0
116080 0
024284 0
043124 0
037696 0
068729 0
132533 0
216856 0
264813 0
210598 0
057069 0
035708 1
116077 0
044672 0
207230 0
037564 1
217498 0
268923 0
121160 0
099185 0
044482 0
043935 2
163830 0
023285 0
078274 0
269717 0
034643 0
044147 1
043951 2
215231 0
235399 0
045658 0
218944 0
281095 0
081677 0
035488 0
156395 0
210399 1
036906 1
040039 2
037206 0
269010 0
049403 0
021726 0
135413 1
199477 0
205200 0
260131 0
215106 0
218583 0
044697 0
274612 0
044112 1
112155 0
038093 0
046570 1
003705 0
220045 0
036760 0
206182 0
113801 0
242413 0
045927 0
215403 0
162432 0
239727 0
035656 0
012932 0
217859 0
205148 0
016214 0
123007 0
071527 0
091214 0
109646 0
215326 0
044047 0
267282 0
204114 0
081149 1
037695 0
217769 0
059107 0
127095 0
167966 0
078995 0
136367 0
214319 0
283061 0
032730 0
113997 0
050376 0
214566 0
204137 1
203688 0
204798 0
208550 1
045357 1
041352 1
051036 0
051544 0
042546 1
042568 0
034949 1
040247 0
035819 0
152436 0
090577 0
107691 0
035885 1
218082 0
274608 0
028750 0
203851 0
006789 1
000629 1
110678 0
003654 0
043773 0
011233 0
208804 0
044069 0
009297 0
043358 1
099801 0
049164 0
039805 0
087015 0
217347 0
023924 0
107987 0
022508 0
001828 0
041712 0
218200 0
034046 0
134910 0
266977 0
118010 0
018465 0
195086 0
035244 1
091654 0
099427 0
209973 0
020562 0
035430 0
163311 0
203373 0
152077 0
222063 0
022548 0
058548 0
000269 0
077961 0
011288 1
157731 0
209519 0
193903 0
213490 0
046540 0
075035 0
076521 0
212120 0
116349 0
081696 0
169842 0
013547 0
116172 0
208222 0
088254 0
046694 0
045080 0
263631 0
217756 0
056144 0
037882 0
253050 0
050386 0
205497 0
216470 0
051409 0
078870 0
019273 0
117311 0
016748 0
011371 0
000401 0
187827 1
001711 0
269698 0
023136 0
204126 0
093877 0
215229 0
203704 0
037825 0
110430 0
033303 0
041937 0
045782 0
213217 0
080076 0
243840 0
210555 0
280800 0
275438 0
037634 1
090692 0
044316 0
005767 0
205843 0
021747 0
281326 0
218122 1
214800 0
217209 0
044209 0
085781 0
012258 0
079001 0
035556 0
268161 0
142956 0
021736 0
183711 0
244908 0
079865 0
204294 0
035165 0
215941 0
023248 0
044458 0
109323 0
143584 0
208913 0
195765 0
204448 0
183281 0
287462 0
159264 0
112268 0
218354 0
077875 0
042194 0
163504 0
174925 0
027253 0
096345 0
036543 0
043948 0
214064 0
213009 0
078774 0
038237 0
217274 0
012468 0
137014 0
090964 0
082320 0
204403 0
047662 0
135141 0
236904 0
021527 0
203433 0
116189 0
042887 0
272089 0
201178 0
078797 0
259087 0
045348 0
288108 0
045180 0
093575 0
214267 0
219497 0
203272 0
218005 0
214137 0
210139 0
045499 0
036870 0
029979 0
207637 0
098524 0
041668 0
058733 0
198767 0
118828 0
068480 0
130954 0
115622 0
164501 0
219130 0
115688 0
216304 0
217463 1
201005 0
216602 1
217113 1
216252 1
205039 1
203660 0
216612 1
014916 0
115548 0
244844 0
214672 0
009755 0
204198 0
044886 0
214732 0
093295 0
046273 0
213561 0
090705 0
088248 0
039440 0
094411 0
216256 0
204405 0
039694 0
114452 0
168337 0
097746 0
218425 0
093363 0
037389 0
222713 0
216658 0
029003 0
077384 0
033988 0
091748 0
023123 0
048244 0
035989 0
008998 0
217427 0
041020 0
214457 0
212097 0
018732 0
210540 0
086565 0
258491 0
280816 0
008187 0
043600 0
067803 0
268431 0
045182 0
220885 0
223263 0
175874 0
038656 1
023450 0
014059 0
050918 0
208706 0
015607 0
030218 0
218307 0
134417 0
277986 0
216149 0
267801 0
023326 0
029059 0
266958 0
218823 0
046258 0
212334 0
011195 0
085071 0
008262 0
212307 0
055703 0
069147 0
261736 0
211082 0
204577 0
213917 0
193760 0
204188 0
113504 0
155692 0
032588 0
068204 0
118184 0
088880 0
207372 0
021182 0
033689 0
110417 0
217562 1
217680 0
217883 0
216074 0
050279 0
077520 0
240053 0
044087 0
216489 0
158155 0
001185 0
222307 0
210537 0
269322 0
021602 0
005018 0
123352 0
220424 0
079131 0
204672 0
098530 0
099378 0
037391 0
036982 0
022838 0
010494 0
155589 0
041219 0
050962 0
210231 0
052067 0
092500 0
257948 0
079060 0
021995 0
029268 0
239573 0
217674 0
045390 0
045467 1
216514 0
130008 0
028119 0
202925 0
206103 0
158810 0
211420 0
203677 0
042670 0
036448 0
045562 0
264833 0
036749 0
219295 0
037798 0
099683 0
219033 0
008670 0
216036 0
050608 0
088467 0
212906 0
118385 0
087709 0
215553 0
046328 0
109554 0
045104 0
071253 0
018324 0
191332 0
132391 0
197710 0
223443 0
174699 0
090436 0
173501 0
217344 0
204980 0
217690 0
012356 0
033364 0
265355 0
205137 0
032127 0
271413 0
044044 0
036897 0
204753 0
214872 0
269077 0
209755 0
035284 1
035287 1
035305 1
035314 1
035385 1
035421 0
035554 0
001140 0
035313 0
209644 0
022278 0
207171 0
118636 0
156684 0
044862 0
090476 0
248979 0
019240 0
213400 0
035807 0
244957 0
052734 0
217339 0
035623 0
162676 0
128533 0
219824 0
168498 0
078719 0
040585 0
089085 0
021557 0
171321 0
049337 0
024246 0
164312 0
021997 0
092914 0
045855 0
199600 0
022049 0
206859 0
224798 0
037837 0
036797 0
128157 0
084731 0
022056 0
044266 0
000162 0
285877 0
167326 0
082531 0
216313 0
042013 0
135289 0
216663 0
125035 0
068070 0
289478 0
007737 0
215932 0
217454 0
191218 0
045255 0
024295 0
262196 0
218921 0
035420 0
176609 0
074524 0
204600 0
091785 0
005484 0
097914 0
036060 0
050709 0
038382 0
216656 0
205759 0
191399 0
209996 0
079239 0
009287 0
164061 0
032683 0
114791 0
214349 0
203754 0
000495 0
058926 0
076497 0
056162 0
137825 0
079233 0
010485 0
200747 0
169230 0
058587 0
203518 0
005184 0
219755 0
044085 0
044500 0
046441 0
137017 0
273662 0
156496 0
119397 0
045310 0
219620 0
022153 0
115466 0
038351 0
289164 0
259233 0
181529 0
215030 0
227537 0
081680 0
205276 0
068947 0
043744 0
023213 0
207725 0
269033 0
128785 0
194354 0
044159 0
037791 0
098512 0
217964 0
268307 0
050681 0
114519 0
097624 0
213292 0
099238 0
145792 0
068338 0
044144 0
039083 0
023377 0
095948 0
029226 0
205424 0
163971 0
205502 0
075874 0
229389 0
168538 0
205398 0
222336 0
209844 0
214373 0
056634 0
212872 0
037048 0
048767 0
115099 0
240895 0
206146 0
020202 0
090602 0
150158 0
057965 0
209638 0
127154 0
056058 0
116160 0
112310 0
164001 0
015752 0
214194 0
025274 0
162207 0
273748 0
040573 0
117183 0
222861 0
097559 0
207480 0
225603 0
202850 0
116950 0
203864 0
231561 0
019129 0
119520 0
214261 0
197436 0
215915 0
219021 0
028671 0
212978 1
213483 0
218764 0
213544 0
213085 0
213513 0
214314 0
203476 0
203441 0
035303 0
012734 0
116068 0
203572 0
031282 0
213125 0
036759 0
218974 0
088255 0
207568 0
000395 0
216007 0
050874 0
037221 0
021583 0
267770 0
222234 0
067634 0
038791 0
266761 0
087372 0
044082 0
206457 0
010140 0
211252 0
208938 0
218365 0
034787 0
036828 0
118726 0
007552 0
043933 0
032754 0
022746 0
209659 0
092150 0
078679 0
210993 0
029452 0
036540 0
289907 0
200422 0
066149 0
220829 0
012599 0
224262 0
281096 0
045838 0
055563 0
065087 0
212682 0
030429 0
046671 0
219479 0
082079 0
090947 0
204720 0
008934 0
134025 0
202546 0
114393 0
088247 0
039891 0
080707 0
116163 0
167562 0
268557 0
162880 0
079508 0
043121 0
120384 0
209046 0
216601 0
131312 0
042509 0
075162 0
218538 0
039821 0
123265 0
200407 0
206824 0
139580 0
240967 0
125487 0
023347 0
084321 0
223504 0
145654 0
053773 0
261822 0
046433 0
218039 0
123436 0
133205 0
287832 0
049062 0
019342 0
217574 0
023179 0
142174 0
046300 0
102320 0
016302 0
019505 0
283074 0
077239 0
134431 0
217435 0
203492 0
201870 0
212623 0
288320 0
049331 0
215981 0
045660 0
215123 0
217440 0
134842 0
078001 0
280817 0
217898 0
219487 0
219107 0
169623 0
036924 0
209463 0
064300 0
162727 0
109526 0
065907 0
068578 0
036344 0
076344 0
023273 0
204470 0
152461 0
262796 0
175407 0
239324 0
117860 0
117349 0
