064578 0
086457 0
050307 2
033382 2
047277 2
050457 2
087573 2
063986 0
273302 2
262917 2
086269 0
080529 2
087912 2
085197 2
273538 2
087617 0
257215 2
063150 2
085072 2
111811 2
257221 2
042342 2
034694 2
224352 2
273715 0
032387 2
111760 2
224351 2
085195 2
085893 2
066406 2
084880 2
085188 2
020205 2
060816 2
089730 1
092043 2
032418 2
011051 0
050023 2
085857 2
079851 2
089741 2
087528 2
088646 2
076262 2
092103 2
087883 2
087556 2
092177 2
087960 2
085127 0
087808 2
074961 2
074944 2
064277 2
026021 2
259595 2
273177 0
088668 2
050503 2
087961 2
260224 0
126182 1
087812 2
259586 2
050070 2
260236 0
088975 0
079856 2
074960 2
075350 2
075221 2
026130 2
126196 0
079292 2
259301 2
081520 0
081202 2
086281 2
049475 2
273551 2
089725 1
081228 2
086247 2
019546 2
024555 2
067594 2
086195 2
109558 2
081529 0
050534 2
084146 2
049397 2
024498 2
226250 2
144476 1
038162 2
168962 0
168963 0
093167 0
232530 0
144206 2
038222 2
083085 2
050469 2
022700 0
144252 2
047817 1
111631 0
273611 0
005186 1
092873 0
000047 0
088162 0
085327 2
085454 0
047799 2
144507 2
025985 2
075088 2
023641 2
023753 2
075542 2
075260 2
025910 2
067631 2
087470 1
050451 2
050306 2
083126 2
083141 2
097738 0
041685 0
260392 0
023834 0
260387 0
097749 2
020981 2
050455 2
041680 0
097807 0
092890 0
092881 0
092809 0
067658 0
025882 2
024738 2
024736 0
059012 2
097289 2
096160 2
096120 2
025918 2
083324 2
051578 0
024149 2
083398 0
024512 2
097366 2
051421 2
097433 2
087862 2
051283 2
087863 2
064073 0
087861 2
046023 1
036187 2
024509 2
117581 0
046005 0
027973 0
027998 0
024209 0
024251 0
041907 1
039992 2
096414 2
036089 0
024500 2
081276 0
182519 2
265780 1
087206 0
069506 1
102679 1
089846 2
044867 2
044865 0
041903 1
036297 2
051284 2
042556 0
044095 0
024777 2
024704 2
090855 0
260256 0
069829 2
103002 2
152067 0
087136 0
048672 0
069800 2
102973 2
069532 2
102705 2
069422 2
102595 2
069765 2
102938 2
030281 2
080176 2
112495 2
020220 0
080838 2
090806 0
185809 0
112499 2
064091 2
090807 0
185802 0
021027 2
020216 2
020217 2
016513 0
021151 2
020995 1
282110 0
033668 0
021024 2
026282 0
179719 0
109243 0
080824 2
070531 0
088695 0
200139 0
028895 0
024491 0
001436 2
081856 0
128029 0
111758 0
001831 0
087137 0
109347 0
249766 0
024705 0
271580 0
271858 0
108447 0
058765 2
132772 0
087827 2
020447 0
087828 2
087852 0
110407 0
180530 0
191559 0
274621 0
126414 1
126448 0
126417 0
168576 0
129788 0
050824 2
066837 0
050801 0
024463 0
261086 0
037485 0
102032 2
023645 0
100779 0
100760 0
010673 0
159633 0
020434 0
000370 0
028055 0
024794 0
015435 0
099542 0
258246 0
057405 0
180637 0
077564 0
236799 0
095867 1
