034578 0
093157 0
230737 0
239045 2
238784 2
128550 2
252481 0
128581 2
008529 2
128553 2
128582 2
128199 2
128299 2
128673 2
053315 0
017254 2
129627 2
178994 0
061975 2
252479 0
053422 2
052941 2
246491 0
059848 2
279963 0
069160 2
102333 2
001183 2
055641 2
000381 2
224141 0
055149 2
001625 2
053325 2
033771 0
149267 0
214839 0
126570 2
214938 0
175981 0
181849 0
048972 2
048867 0
053137 1
055201 2
054609 2
015359 0
055393 2
059487 2
055618 2
032646 0
051640 2
060299 2
053324 0
055551 2
053518 2
059464 2
051604 2
048973 2
051639 2
051584 2
041815 2
059414 2
053457 2
055932 2
059484 2
081380 2
124225 2
124223 2
235850 1
059489 2
235848 1
065151 2
055529 2
062380 0
235853 1
070306 2
103479 2
059445 2
059479 2
055702 2
190682 1
171479 1
059249 2
239413 0
172361 1
172490 1
184319 1
172550 1
172455 1
175192 1
059252 2
068030 2
172664 1
172084 1
172315 1
059267 0
054676 0
171443 1
171068 1
171243 1
172606 1
172644 1
172067 1
171247 1
170824 1
181969 1
171899 1
171062 1
171763 1
175648 1
171930 1
171582 1
171950 1
171064 1
171434 1
171896 1
172515 1
171617 1
171563 1
171923 1
171761 1
194491 1
059253 0
172204 1
171956 1
176720 1
176721 1
171660 1
172675 1
278978 1
177533 1
177534 1
175053 1
171276 1
172064 1
171814 1
171011 1
171107 1
172482 1
172642 1
172436 1
193560 1
171428 1
172144 1
184255 1
223433 1
170978 1
172324 1
171753 1
170879 1
171920 1
172501 1
171446 1
250348 1
179202 1
171260 1
171619 1
060527 2
172418 1
172742 1
172268 1
170956 1
172669 1
171195 1
171594 1
172128 1
172163 1
171811 1
171502 1
194474 1
171934 1
175647 1
172509 1
172357 1
172074 1
172426 1
180580 1
171354 1
171826 1
171237 1
176627 1
176628 1
171644 1
171281 1
171788 1
179072 1
171527 1
172693 1
237923 1
224207 1
171974 1
189822 1
278977 1
172541 1
172542 1
172333 1
171884 1
171915 1
172122 1
172616 1
172617 1
237815 1
172052 1
181481 1
172137 1
172200 1
240262 1
171176 1
172228 1
171712 1
171780 1
171978 1
171206 1
076725 2
172005 1
171631 1
171186 1
171715 1
172112 1
171609 1
174075 1
172327 1
171363 1
183225 1
171554 1
172656 1
171605 1
177195 1
172614 1
172615 1
171638 1
171592 1
194459 1
171154 1
171839 1
170820 1
172146 1
190894 1
171905 1
172022 1
172495 1
185015 1
237319 1
193201 1
172332 1
171411 1
172316 1
171692 1
171939 1
179613 1
171729 1
194256 1
183197 1
171941 1
172438 1
174320 1
172172 1
172676 1
172355 1
170958 1
171765 1
175100 1
171696 1
190452 1
172167 1
171853 1
171577 1
172195 1
171536 1
171209 1
172583 1
172705 1
171239 1
175159 1
171764 1
171735 1
171157 1
173608 1
171496 1
172284 1
179632 1
171668 1
171943 1
172037 1
171524 1
191713 1
172674 1
170922 1
179655 1
179656 1
172045 1
226281 1
192184 1
171415 1
172598 1
172599 1
179185 1
170887 1
172415 1
171518 1
185669 1
171086 1
171597 1
172171 1
170967 1
177235 1
177236 1
171338 1
171983 1
172641 1
240373 1
172093 1
172394 1
171339 1
224047 1
177073 1
177074 1
174234 1
172182 1
172483 1
175534 1
172654 1
171945 1
171413 1
172300 1
172409 1
175210 1
177293 1
177294 1
172422 1
172086 1
172371 1
180281 1
172158 1
171771 1
171890 1
188804 1
171523 1
178060 1
178061 1
172111 1
171129 1
172118 1
171535 1
240371 1
189355 1
172637 1
172350 1
172417 1
170929 1
172040 1
193125 1
171778 1
171836 1
223444 1
172476 1
184781 1
190056 1
170862 1
172031 1
172141 1
242350 1
171470 1
171684 1
171904 1
171958 1
184992 1
183209 1
171624 1
171990 1
172338 1
185138 1
171705 1
192121 1
170838 1
172377 1
178162 1
178163 1
171083 1
172322 1
224499 1
181482 1
172648 1
240249 1
172430 1
179654 1
254409 1
172516 1
173338 1
171769 1
172346 1
171687 1
171574 1
177001 1
177002 1
179440 1
223535 1
173000 1
171815 1
171160 1
171803 1
171981 1
179390 1
172047 1
172041 1
171783 1
178888 1
178341 1
178342 1
179188 1
171694 1
171268 1
172289 1
172464 1
171802 1
172475 1
175023 1
172029 1
172535 1
172537 1
170950 1
177292 1
224220 1
171727 1
172249 1
171223 1
172586 1
172686 1
171162 1
171948 1
179418 1
171658 1
172603 1
172604 1
172605 1
172154 1
224219 1
171543 1
171340 1
174567 1
226303 1
172431 1
175638 1
172569 1
172570 1
179327 1
171730 1
171650 1
171651 1
250961 1
171937 1
172027 1
171643 1
176571 1
182646 1
172133 1
172498 1
191009 1
172406 1
224776 1
172207 1
171300 1
178031 1
178032 1
175000 1
171393 1
240554 1
239408 1
172682 1
172437 1
172188 1
171189 1
171468 1
172151 1
177295 1
177296 1
172723 1
172003 1
171184 1
172104 1
172105 1
172108 1
178992 1
170854 1
170914 1
172291 1
171773 1
172385 1
179230 1
172340 1
171835 1
182258 1
192974 1
223616 1
172447 1
171455 1
171093 1
171366 1
172462 1
171379 1
171894 1
171928 1
172123 1
182250 1
178984 1
172100 1
172404 1
171368 1
171405 1
176514 1
182369 1
172270 1
171240 1
172007 1
184991 1
172453 1
172225 1
277106 1
172002 1
172663 1
179477 1
172635 1
171427 1
171776 1
172061 1
170918 1
174252 1
172412 1
172201 1
172155 1
170786 1
171600 1
172024 1
179037 1
225062 1
179670 1
179671 1
171168 1
171529 1
172405 1
171965 1
170882 1
171151 1
178453 1
178454 1
172556 1
172557 1
178533 1
178534 1
178546 1
171936 1
172237 1
172424 1
178058 1
178059 1
172193 1
171657 1
171725 1
173332 1
179344 1
171869 1
171538 1
179365 1
172743 1
171871 1
172725 1
172738 1
172386 1
170960 1
172320 1
237928 1
181480 1
172304 1
184365 1
179195 1
172592 1
172593 1
172185 1
171633 1
271370 1
179411 1
172378 1
171907 1
172197 1
189483 1
172696 1
171571 1
171794 1
172703 1
171072 1
225704 1
172548 1
172302 1
188457 1
172176 1
053898 2
172053 1
186759 1
171585 1
172187 1
171637 1
171819 1
237839 1
172362 1
240254 1
171147 1
171202 1
172130 1
183973 1
172309 1
177539 1
177540 1
172621 1
179213 1
277115 1
189442 1
172528 1
172529 1
171618 1
172149 1
188033 1
172521 1
172522 1
179306 1
171995 1
172690 1
172720 1
172716 1
172514 1
172223 1
179308 1
179304 1
184461 1
179497 1
171823 1
171790 1
171671 1
172688 1
172536 1
172538 1
173472 1
173473 1
171295 1
171807 1
172217 1
172493 1
172380 1
172078 1
179256 1
181571 1
177938 1
177939 1
171816 1
172318 1
170953 1
171723 1
172088 1
177078 1
177079 1
187947 1
171697 1
170814 1
171758 1
179608 1
172650 1
179219 1
171799 1
179402 1
179340 1
171719 1
172549 1
172254 1
187296 1
172363 1
171451 1
179336 1
179337 1
172240 1
171821 1
170789 1
241226 1
171881 1
171475 1
179673 1
184235 1
172212 1
171449 1
224116 1
172639 1
188169 1
171478 1
172229 1
171246 1
172730 1
172471 1
172587 1
189277 1
175150 1
172443 1
172034 1
170868 1
172150 1
178403 1
178404 1
190085 1
171971 1
172280 1
172506 1
179420 1
171548 1
179623 1
171860 1
172667 1
172704 1
172707 1
172505 1
172252 1
237175 1
172624 1
172625 1
179247 1
172594 1
172145 1
172054 1
179227 1
172077 1
240311 1
171864 1
172563 1
172566 1
171272 1
170841 1
171805 1
174995 1
187196 1
170890 1
178492 1
178493 1
171908 1
171841 1
176589 1
182813 1
171551 1
172585 1
171929 1
172658 1
177304 1
177305 1
170857 1
171959 1
188095 1
174228 1
185117 1
188159 1
267907 1
172092 1
177647 1
177648 1
172230 1
172102 1
178637 1
178638 1
172487 1
177662 1
177663 1
186171 1
171940 1
179663 1
173469 1
173470 1
172126 1
171797 1
183775 1
184426 1
223985 1
172039 1
178957 1
173645 1
172285 1
172328 1
172401 1
171610 1
172169 1
170916 1
179668 1
172083 1
171830 1
172660 1
179444 1
172481 1
172626 1
172627 1
171036 1
171892 1
171492 1
172425 1
171507 1
184812 1
172275 1
237921 1
171917 1
177656 1
177657 1
172552 1
171275 1
178803 1
178804 1
172461 1
172513 1
192704 1
171382 1
171732 1
171144 1
171866 1
171460 1
172341 1
181338 1
183678 1
171690 1
171767 1
175077 1
171878 1
171740 1
178229 1
178230 1
224449 1
171614 1
172440 1
178420 1
178421 1
053769 0
179844 1
179845 1
174964 1
172468 1
172339 1
171425 1
175419 1
171046 1
172564 1
172565 1
179609 1
172370 1
171439 1
172727 1
240368 1
172106 1
172609 1
179377 1
179628 1
172519 1
172097 1
172573 1
171954 1
