187227 1
193625 1
169673 1
193621 0
071706 1
104879 1
021587 2
193636 1
007938 2
121351 2
171128 2
256381 2
080444 1
169687 2
169674 2
039138 1
193637 1
081232 2
173343 2
152720 2
193638 1
123391 2
249427 1
176990 2
222522 0
183372 2
176986 2
173852 1
222529 0
193746 2
011314 1
176984 2
187653 0
220212 1
006838 0
089470 2
223202 0
176686 2
064777 0
176636 2
127090 0
007401 0
176981 2
067099 0
078716 0
067093 2
176971 2
144269 2
176972 2
152851 1
176780 2
064929 0
177912 1
176980 2
179479 2
176649 2
121978 0
177070 2
066802 2
019973 2
177013 2
066524 2
179472 2
099605 2
160074 2
279180 2
289368 2
030649 0
030631 0
178513 1
152990 0
118773 0
155338 2
160046 2
047985 0
011048 2
210816 2
175367 1
188246 0
173419 0
030620 0
210827 2
210842 2
228395 0
068481 0
030613 0
192796 2
184311 2
184304 2
152824 1
130885 2
130899 2
152833 1
130846 2
107719 2
191253 2
130847 2
130886 2
130900 2
011899 2
218213 2
199294 1
199330 2
152261 0
199391 2
177449 2
218222 1
160565 0
187344 0
082974 2
148562 0
267917 0
242648 0
267911 0
175614 0
151379 2
178464 0
178101 0
178458 0
151304 2
151291 2
016859 0
016824 0
177196 2
201558 0
182578 0
255080 1
255056 2
255021 0
254963 0
179268 1
114210 0
152225 0
025268 0
060448 0
169978 0
087216 0
124768 0
230067 0
000882 2
102027 0
190192 0
191910 0
199396 0
052192 0
153638 0
215246 0
221523 0
011384 2
120293 0
243930 0
201860 1
161091 0
123967 2
224488 0
075042 0
162032 0
015637 0
167607 0
221504 0
141194 0
088183 0
182587 1
231942 0
182596 0
000010 0
075809 2
167590 0
076133 0
077779 0
024478 0
202815 0
179799 0
199430 0
077354 0
195702 0
209843 0
184951 0
017807 2
