286272 1
286617 2
286273 1
286285 1
286284 1
097341 2
097347 2
007096 2
259908 2
191743 1
123257 2
259912 2
191730 1
062515 2
283455 0
050290 1
071465 2
104638 2
014728 2
050400 1
028881 1
053689 1
076332 0
020104 0
123149 2
054314 1
099178 2
046800 1
040656 0
283512 0
274466 2
285938 2
037965 0
037966 0
037975 0
037967 0
054363 1
191846 2
037963 0
037983 0
053972 1
029086 1
099213 2
286004 2
039289 1
191800 2
025164 1
048687 1
037984 0
037990 0
037964 0
046890 1
053928 1
039287 1
050557 1
099347 2
054399 0
050487 1
053149 1
053147 1
126368 2
050567 1
050515 1
288012 2
029429 1
050595 1
126369 2
053469 1
054477 1
055051 1
050674 1
053532 1
053300 1
029463 1
029466 1
054303 1
178283 1
025623 1
053210 1
085069 1
050571 1
053211 1
026003 1
026004 1
053180 1
046386 1
260123 1
260139 1
046391 1
288786 0
027498 1
267034 1
267063 1
053267 1
004200 1
088968 1
261876 1
082067 1
054255 1
129362 0
054955 0
053213 1
054169 1
278751 0
054038 1
288789 2
053205 1
088863 1
054952 0
144131 1
058832 0
210687 0
053100 1
053907 1
054888 0
237814 1
189150 1
050586 1
278756 0
079832 1
125938 2
144144 1
052810 1
054556 1
052142 1
014790 2
125937 2
053708 1
008997 0
121514 0
059432 0
053208 1
099552 0
288787 0
015427 0
125314 0
024451 1
057618 1
129352 0
286158 0
053292 1
053779 1
009658 2
053123 0
019356 1
054113 1
269835 1
129353 0
050579 1
019347 2
177436 2
024431 1
173708 1
283890 0
024468 1
053316 0
195750 0
054744 0
186961 2
186956 2
008592 1
035205 1
263037 0
086767 1
047185 1
086800 0
257562 0
257511 0
257518 0
036502 0
047400 1
056786 1
108174 0
057171 0
077388 1
082922 1
077400 1
054229 0
284479 0
112891 1
082889 1
066403 0
028171 2
028172 2
026832 1
026825 0
054262 1
029151 1
052862 1
284274 0
052846 0
030119 0
010479 2
015131 0
023590 0
057969 1
050996 1
050984 0
057972 1
051830 1
131268 0
120907 0
100975 1
173317 0
110285 0
000221 0
271118 1
260436 0
050542 1
083557 0
054055 0
165415 0
196526 0
075651 0
178501 0
286124 1
286138 1
051312 1
000632 1
230911 2
278225 0
051299 0
259590 0
068580 2
178930 1
051048 0
005146 0
284287 0
025534 0
066812 1
