232732 1
064828 1
232735 1
155445 0
064906 1
180026 2
192357 0
064808 1
101673 0
064499 1
153124 0
086850 1
154395 2
064472 1
284043 0
124041 0
124340 1
199120 0
188535 0
124343 1
086683 1
064475 1
064597 1
064766 1
064797 1
064483 1
064922 1
176622 2
154686 1
182927 1
176651 2
160515 1
064777 1
064914 1
064455 1
113386 1
064826 1
154668 1
064931 1
113389 1
232707 1
065969 1
076977 2
014050 1
014471 1
064688 1
065968 1
066149 1
064492 1
066153 1
232691 1
078078 1
232708 1
064457 1
287922 1
064585 0
153638 1
287928 2
192250 0
064443 1
287934 2
018978 1
177987 1
066122 1
277469 2
064723 1
085968 1
064587 1
123959 1
093368 0
232738 1
078073 0
152711 2
077876 0
191551 0
112921 1
232739 1
155800 1
093431 0
232724 1
074823 1
009392 1
082827 1
232722 1
152261 1
013083 1
145857 1
287980 1
199787 0
174773 1
124321 1
064920 1
067412 0
169674 1
124437 1
123579 1
123697 1
152713 1
064485 1
064841 1
169687 1
257264 1
064447 2
079430 0
288692 1
064512 1
257231 1
289957 0
124420 1
014828 1
125891 1
068908 0
124341 1
124344 1
182014 0
124017 2
244075 0
290024 0
124016 1
092305 1
064875 1
064857 2
085753 0
077824 1
178101 0
099575 1
068957 0
180519 0
124162 1
011151 0
065960 0
064913 1
066356 1
177160 1
155433 1
069190 2
102363 2
123998 1
064905 1
064871 1
283802 1
066091 1
064862 1
164239 1
066094 1
178103 1
187164 1
152479 1
064822 1
152494 2
065730 2
232780 1
166028 0
186868 1
099038 1
152386 1
288572 1
064872 1
092310 1
075552 0
165939 1
066228 0
066338 0
230350 0
230414 0
230470 0
123233 1
064487 1
064439 2
080444 2
099027 1
177251 1
064882 2
188154 1
123983 1
099018 1
065599 2
066269 1
170585 1
065893 1
064404 2
123989 1
188132 1
064495 1
233102 2
123993 1
124459 1
065904 1
123160 1
157056 1
188128 1
064869 1
124291 1
284956 0
064319 1
087545 1
064501 1
252439 0
187344 0
068174 1
252448 0
015300 1
176279 1
252407 0
157979 1
192395 0
284979 0
252425 0
064414 1
066347 1
192276 0
170525 1
284523 1
284549 1
284569 1
284512 2
071542 1
104715 1
182332 2
062746 1
078206 1
065660 1
076246 1
265828 1
279180 1
111402 0
123137 1
265901 1
265960 1
266057 1
123067 1
064600 1
265906 1
064805 1
168030 1
188540 0
168257 1
123053 1
170382 1
170385 1
284662 0
064790 1
167543 1
265853 2
187891 1
101240 1
167547 1
167548 1
267911 2
064843 1
284516 2
152485 1
124617 1
164101 1
171128 1
064821 2
064814 2
182331 2
066335 2
184341 0
068379 1
167884 1
267917 2
048326 0
180591 0
124627 1
164016 1
184878 0
184877 2
187695 0
064907 1
184519 0
014659 1
126087 1
111418 0
066445 1
283766 0
283768 0
182414 0
156877 1
153025 1
013006 2
188071 0
265858 1
163792 1
101239 2
124601 1
101234 1
101217 1
162727 1
101055 1
124181 1
064592 1
210588 1
187357 0
210624 2
156914 2
187379 1
155257 1
123999 1
077219 1
127510 1
192397 1
180547 1
167592 1
067912 1
187358 0
182325 1
235905 0
066225 1
068308 1
013067 2
169181 0
152990 1
069434 1
102607 1
123995 1
123391 1
192511 0
267709 1
064899 1
287864 0
123940 1
176827 0
287860 1
064929 1
087754 1
087843 1
187072 1
124260 1
168088 1
189530 2
192546 0
064429 1
189836 1
187053 2
187286 0
085386 1
187285 0
192545 0
124337 1
152910 1
189849 1
167643 1
064823 1
081232 1
163117 1
187267 0
233541 1
168927 1
189837 2
060335 0
187262 0
064435 1
082812 1
064924 1
187186 0
188309 0
170425 1
170426 1
124470 1
014953 1
125782 1
084935 1
199662 0
287271 0
167641 2
092976 1
183179 1
064878 1
188423 0
151189 1
066046 1
064468 1
202794 0
188392 0
086867 1
018989 0
164226 0
188347 0
086368 1
287283 0
064590 1
087835 2
066723 1
090333 2
188325 0
079186 2
155656 1
167942 1
189577 1
124467 1
187399 1
064850 1
196090 0
164154 2
164157 0
009364 1
263682 0
126335 0
187496 0
229773 0
152871 1
163112 1
079221 1
170422 1
016988 1
012743 1
182330 1
179932 0
155621 1
069203 2
102376 2
189838 2
069248 1
102421 1
127367 1
167593 1
167594 1
015059 1
123992 1
077806 0
124425 1
123925 1
131752 1
168926 1
260844 1
177696 1
124257 1
124550 1
124248 1
077132 1
068337 1
198890 0
263808 0
167604 1
167605 1
185092 0
067599 1
177912 1
099605 1
124616 1
183611 1
276130 0
066137 1
177672 2
083131 1
198885 0
150737 2
167583 1
077286 1
183584 1
167602 1
167603 1
288776 0
257787 0
176636 1
082809 1
012958 1
176686 1
257786 0
193636 1
005863 0
257785 0
177671 2
124130 2
076916 1
086196 0
276135 0
182336 1
162512 1
082658 2
276204 1
077279 2
160995 1
167582 1
109561 2
170381 1
174991 2
170384 1
256381 1
124548 2
193625 1
187855 0
267704 2
076974 1
076921 1
082805 2
175829 1
065886 1
064523 1
082766 1
018716 2
076973 1
176780 1
082087 1
187882 0
289802 0
000716 0
070355 1
103528 1
070169 0
103342 0
005038 0
119427 0
170154 0
160970 2
288712 1
124428 1
287834 0
187508 1
064640 1
014829 1
125888 1
183557 1
082597 2
179799 0
064588 1
167928 1
042401 0
193621 1
070356 1
103529 1
167584 1
070389 1
103562 1
193638 1
193637 1
167886 2
083034 2
267701 1
267710 2
124097 1
079032 1
065865 1
176649 1
170349 1
124135 1
166962 1
166963 1
064530 1
170347 1
168506 0
288721 1
166961 1
077124 2
176990 1
193746 1
030649 0
167576 1
167577 1
082869 1
176986 1
249427 1
174742 2
167559 1
176984 1
077187 1
167596 1
167597 1
064557 1
176981 1
071481 1
104654 1
167525 1
167526 1
166872 1
114068 1
021798 0
152127 1
176980 1
064893 1
071514 1
104687 1
176972 1
124427 1
167805 2
075854 0
176971 1
071373 1
104546 1
123736 2
265959 1
285092 1
167685 1
169673 1
167579 1
064474 1
259120 0
266056 0
065695 1
174739 1
114210 1
064860 1
066088 1
167788 1
170863 0
187334 1
174992 2
064619 1
064599 1
123726 1
067251 1
182363 1
000415 1
178296 0
123091 1
064409 1
071360 1
104533 1
064839 1
243984 0
167686 1
285889 0
064459 1
064460 1
187696 1
285209 1
167581 1
167599 1
167600 1
005963 1
115027 2
167742 0
064848 1
144269 1
071351 1
104524 1
130839 1
030552 0
066802 1
052164 0
063675 0
007938 1
121351 1
066524 1
117379 0
167509 1
028764 0
180076 0
047562 0
167590 1
167591 1
076961 0
064526 1
289955 1
064467 1
126467 0
064347 1
086192 1
157242 0
192469 0
167585 1
071482 1
104655 1
071513 1
104686 1
168076 1
123743 1
011048 1
130800 1
289969 1
170352 2
064521 1
192796 1
039138 0
086184 1
128439 1
187328 1
016844 1
139433 0
067093 1
185881 0
170354 1
170355 1
152720 1
066131 2
124487 1
004041 2
227949 0
160074 1
174651 0
184311 1
155665 1
173060 0
066166 2
186853 1
066462 1
187707 1
018198 2
176393 0
130835 1
177070 1
067099 1
196181 0
177013 1
124063 1
130810 1
001597 1
175554 0
166305 0
175367 1
173308 0
201610 0
184304 2
076611 1
139421 0
112991 1
014506 1
187227 1
133118 2
047668 0
068895 0
175538 0
143610 0
160046 2
133129 2
133173 0
016864 1
130846 1
130899 1
151170 1
130885 1
150565 1
128151 1
130817 1
000304 1
016972 1
183372 1
145787 0
186852 1
000359 1
102079 1
149428 1
150759 1
150624 1
130852 1
016850 1
078716 0
000298 1
000302 1
222775 1
189184 0
102115 1
021587 0
147460 1
152851 1
160565 1
102113 1
178513 1
102155 2
152824 1
082974 1
064520 1
123536 1
252843 1
183530 1
180230 2
102027 2
289368 1
064598 1
107719 1
180232 1
120333 1
089470 1
102074 1
128430 1
141460 0
033571 0
149316 1
114249 1
158450 0
127238 1
191253 1
210827 2
033495 0
210842 1
252856 2
000327 1
152833 1
182908 2
176632 2
176633 2
017179 1
210816 1
173419 1
220212 1
015769 1
127879 1
000594 0
176678 2
176324 1
153022 1
126540 0
019973 2
141461 0
011899 0
001738 1
126815 0
123997 1
108750 1
178322 2
018804 0
064840 1
179268 1
128248 0
252665 0
064785 2
118773 0
178331 2
064273 1
130808 1
178332 2
000391 1
164663 0
124142 1
200239 0
124615 1
130739 1
188246 0
222653 2
003165 0
130811 1
269869 0
151090 1
066337 1
152501 0
064448 1
017892 0
193206 0
127825 1
146663 1
130836 1
130773 1
178464 1
178458 2
000354 1
130799 1
130805 1
000320 1
151379 2
133034 1
222923 1
222655 2
130809 1
099971 1
178107 2
178122 1
099977 1
127536 1
151304 2
149956 1
151213 1
182260 2
130831 1
128446 0
221955 0
130816 1
000360 1
172998 1
182189 2
007261 0
120808 0
202425 0
168934 1
124010 1
016803 0
224441 0
154264 0
224475 2
005757 0
128449 0
124438 1
202319 0
124422 2
130837 1
016858 1
000325 1
000323 1
156197 2
000312 1
145836 1
130869 2
016841 1
016188 1
124466 1
130807 1
148201 1
129718 1
123892 1
164995 1
154071 1
017182 0
000390 1
130806 1
000783 1
120293 1
000326 1
151291 2
130818 1
130801 1
222739 1
015726 1
000322 1
148202 2
170337 1
016859 1
130655 2
130859 1
130639 1
130672 2
130628 1
015790 1
016824 1
000356 1
015580 1
130896 1
015597 2
016566 1
064786 1
000299 1
255761 0
130853 2
151137 2
013466 0
013144 1
173426 1
173496 1
130802 1
209843 1
129868 2
016987 0
151133 2
000435 2
130847 0
130886 0
130900 0
130850 2
129869 2
210023 1
016546 1
121978 1
006290 1
223926 0
210320 1
150087 0
233720 0
030973 0
000431 1
066227 0
199395 0
124186 1
016933 1
129874 1
199396 0
130843 2
130747 1
130840 1
150908 1
151124 1
137552 2
150303 1
130833 1
009518 2
121979 2
124015 1
137603 2
150379 1
000297 1
136265 1
150985 1
124026 1
000318 0
150658 1
177196 1
017086 1
130812 1
070104 0
070120 0
103277 0
103293 0
156726 0
203156 1
125425 0
191910 2
012680 0
150677 2
151602 1
017336 1
133104 2
133098 2
064818 1
000353 1
015637 1
179479 0
006838 1
175542 0
180223 1
180159 2
167000 1
284522 1
064796 1
074949 0
150323 1
150679 1
221504 1
221525 1
152047 1
252830 0
218734 0
003641 0
206828 0
034372 0
188295 0
284568 1
284548 2
036195 0
064270 0
150681 2
150690 1
152057 1
149620 1
150425 1
192165 2
150434 1
221503 0
221524 0
192166 1
068019 1
070966 0
003174 0
162032 2
147305 1
251938 0
162076 1
065045 1
197811 0
124234 1
064881 1
125922 0
010497 0
276940 0
014809 0
125909 0
064900 1
007401 1
187204 0
005454 1
120009 1
149398 1
182587 2
147688 0
182596 1
196906 2
195702 0
149400 2
133159 0
014590 0
148562 0
130544 1
086134 0
000418 1
016948 0
218213 1
107878 0
218222 1
200283 0
143462 1
222522 0
217193 0
232240 0
136316 0
111105 0
219040 2
170877 0
202799 1
112010 0
118328 0
173343 1
066388 1
099255 1
218837 0
066332 1
155338 1
064908 1
128349 1
134091 1
149852 0
052192 0
077221 1
064928 2
257088 0
109967 0
155748 0
018915 0
196845 1
002230 0
150720 1
064782 1
284672 0
151231 1
130821 2
173852 1
130830 1
124273 0
208151 0
144453 0
201860 2
241672 1
192539 0
241659 1
076086 0
098458 1
154133 0
098456 1
098561 1
098601 1
098457 1
098608 2
009345 1
121815 1
146942 0
005967 0
173808 2
000308 0
242648 0
182006 2
077354 2
231898 0
173809 2
181990 2
181960 2
077709 1
173835 1
018023 0
180984 0
224488 0
275089 0
133099 0
151450 1
075042 1
133623 1
065855 1
124082 1
124117 1
164120 0
124093 1
138805 0
141162 2
069987 0
103160 0
011345 1
127089 1
141194 2
151233 1
066656 0
071762 0
141224 2
141234 2
126882 1
141210 2
127371 0
127369 0
124768 1
124770 1
116106 0
015317 1
125416 1
181367 0
011263 1
122687 1
087216 1
169965 0
127090 1
071706 1
104879 1
192475 1
066419 1
231938 0
123967 0
092838 0
064390 1
078623 0
187317 0
124354 1
064427 1
190649 0
268762 0
033502 0
125177 0
124353 1
192476 1
087185 0
109215 0
127033 0
201558 2
082192 1
085013 0
082197 1
091236 0
014827 1
125890 1
099024 0
088180 1
088349 1
114223 0
088178 1
065833 1
124351 1
124191 1
257563 1
093433 0
124352 1
124145 2
136637 1
224229 0
123823 1
006698 0
082840 1
040907 0
081761 0
154974 0
227285 0
230347 0
082847 1
071001 0
076919 1
124395 1
112948 1
126933 0
076915 2
078480 1
230067 0
127225 0
082078 1
064863 1
124516 1
039180 0
082159 1
136219 0
036824 0
076316 0
124614 1
086749 0
095462 0
262631 0
012257 0
184927 0
066145 1
013250 1
124442 1
085891 0
124455 1
155432 1
190044 0
002444 0
195562 2
065655 1
195857 0
067770 1
064824 1
098296 0
092126 0
066249 0
080223 0
258323 0
117158 0
068659 1
196783 0
109814 0
123555 1
189259 1
066223 1
126709 0
111434 1
111433 2
070882 0
111432 2
111773 1
111388 2
124872 0
126756 0
124330 1
082999 1
084024 1
282202 0
124397 1
017150 0
124392 1
086503 0
124371 2
124217 1
124220 1
187382 1
005660 0
120272 0
054313 0
162383 1
223600 0
064391 1
120269 0
124390 1
124384 1
124447 1
007186 0
287866 0
189258 0
037030 0
024781 0
124408 1
064470 0
124424 2
123968 1
124432 1
124433 1
064768 1
123650 1
134772 0
124013 0
123878 1
185055 0
010053 0
044649 0
000358 1
130813 1
082210 2
082238 1
108469 0
000319 1
082233 1
082212 1
049909 0
049842 0
206885 0
006314 0
082204 0
017691 0
087065 0
218259 0
019849 0
284817 0
149829 1
100528 0
244762 0
130079 1
009907 0
130074 1
130073 1
192309 0
087855 1
016963 1
111143 0
192274 0
016953 1
150766 0
184890 0
195688 0
077792 0
180994 0
082049 1
155599 1
124118 0
099016 1
159566 0
099025 1
232755 1
099032 1
009187 0
099033 1
099030 1
099154 2
232721 1
039348 0
035014 0
083820 0
202144 0
064879 1
087004 1
143586 0
124216 1
124219 1
195651 0
257002 1
070305 1
103478 1
124349 1
058587 0
236572 0
009870 0
192224 0
070303 1
103476 1
124360 1
234952 0
276308 1
250826 1
082120 0
030620 0
188537 0
004701 0
185380 0
011384 2
079404 1
279797 0
079197 1
001323 1
000075 0
196153 0
149794 1
075809 2
201768 0
076133 1
150246 1
150247 1
148289 1
081826 1
124446 0
131643 1
131640 1
131641 1
130720 1
149281 1
131671 1
018271 1
128914 1
130160 1
069840 0
103013 0
070123 1
103296 1
064739 1
081171 0
000398 1
214103 0
051757 0
187653 1
160244 1
068459 1
031584 0
127383 0
074702 0
270881 0
199256 0
159766 0
134626 1
017867 1
129194 1
068467 1
017249 1
129633 1
078489 1
131900 1
133528 0
078847 1
137577 0
004552 0
017495 1
129432 1
064458 0
011700 0
151961 1
133163 0
220679 0
064671 1
029469 0
101140 0
124931 0
122701 1
087881 0
011317 1
122702 1
042809 0
066296 1
025037 0
193012 0
037819 0
009767 0
197999 0
124255 1
139588 1
146480 0
123709 1
124205 1
218092 0
128322 0
287975 0
064904 1
133187 0
229847 0
000527 1
147469 0
232775 1
257383 0
232773 1
194976 0
286968 0
070544 0
152461 0
178580 0
101872 0
040196 0
074668 0
115585 0
271237 0
287586 0
123986 1
130564 0
124504 1
130043 0
099020 0
024116 0
121783 0
018008 0
100025 0
011314 0
143550 0
135042 1
135035 1
135060 1
118010 0
135044 1
064363 1
064471 1
117449 0
064364 1
198448 0
066192 1
155600 1
054262 0
098371 0
191202 0
199294 0
082918 0
069549 0
064744 1
082617 1
239393 0
176882 2
068765 0
077612 0
009891 1
122237 1
144572 1
276088 0
144672 1
061852 0
167953 0
149893 0
061282 0
112831 0
230960 0
080810 0
218147 0
219602 0
155372 0
151399 0
179212 1
051886 0
141567 0
169302 0
182514 1
182516 1
138126 0
178741 1
182513 1
