238411 0
233640 0
269056 0
082766 0
266911 2
212162 2
222787 1
238033 0
222788 0
212167 2
266308 1
211172 1
203124 1
236366 0
203131 1
201475 2
201337 2
201474 2
266333 1
201603 0
201586 0
266375 0
266378 1
137045 0
264605 0
196905 1
266377 0
268383 0
182434 0
205360 1
208486 0
223031 1
194954 2
215692 0
223029 1
223028 1
223022 1
223023 1
223019 1
196507 0
222593 2
223369 1
214163 2
223325 1
199777 1
255934 2
255945 2
255948 2
222592 2
214158 2
223386 0
230770 0
196998 0
219128 1
263564 0
197000 0
199784 1
229616 0
231857 1
197822 2
221880 2
158022 0
220465 2
199759 1
197819 2
205351 2
159792 0
197225 1
154927 0
076236 0
220420 2
210601 1
230436 2
182107 0
199803 1
199804 1
214144 2
199745 1
205350 2
230409 2
220484 2
220483 2
219118 1
197226 1
220423 2
195482 1
220112 2
231245 1
222160 0
231163 1
256150 1
256152 0
213100 0
213183 0
280266 1
218499 0
221038 0
253060 0
196091 0
199778 1
219124 0
194875 0
197544 1
198813 0
231159 1
199491 2
231166 1
255944 1
255947 1
255933 1
271342 0
284588 0
254773 0
219595 2
254751 2
250905 0
254707 2
254747 2
253604 2
270248 2
244696 1
197885 2
204937 2
204547 2
196602 1
199604 2
199638 2
256004 0
203701 1
196670 2
275836 0
171700 1
213979 0
218536 2
196668 2
182984 0
253883 1
215706 0
215712 0
215715 0
213024 0
240261 0
204651 2
215719 0
199839 2
226018 0
196661 2
253886 1
196655 2
270246 2
253896 1
196646 2
171709 1
171667 1
171674 1
201513 2
171673 1
171708 1
270247 2
270249 2
196578 1
200380 1
252870 2
235732 0
192997 1
201928 1
196728 0
272657 0
219117 0
256555 2
200375 1
252789 2
199268 1
199269 1
237240 0
246421 0
197865 2
273727 0
202071 2
255359 0
222313 0
192939 1
198339 2
246416 0
266709 0
198333 2
199239 0
198312 0
197863 2
196355 0
195404 2
256058 0
195378 2
195349 2
195317 2
195236 2
195228 2
195204 2
192783 2
192731 2
196095 2
256926 0
278925 0
170993 1
253856 2
202757 0
193071 2
198624 2
256565 1
256563 1
198620 2
198626 2
196802 2
202756 0
233997 0
196886 2
076131 2
229912 0
202755 0
192846 1
278923 0
197365 2
235792 1
018195 2
128964 2
260672 0
259404 0
211720 0
151691 2
240617 1
199174 2
238294 1
240583 1
197180 2
217340 0
193047 0
199203 2
194183 2
211704 0
193069 2
281452 1
194089 0
151726 0
232950 0
173785 2
238303 0
255923 0
197336 2
194176 2
194219 2
253844 2
193696 2
173789 2
230101 0
138350 1
197384 0
199086 0
253847 2
006299 2
253827 2
155610 2
017038 2
006734 2
130337 2
153662 0
155611 2
131925 2
150514 0
130371 2
131685 1
150512 0
152927 0
153663 0
130167 2
222862 0
130357 2
076019 2
257879 0
160164 2
156127 1
157282 2
160208 2
197966 1
190459 2
152620 0
152616 0
213841 0
190473 0
157258 2
075989 2
197930 0
130092 2
190470 2
130088 2
131570 2
139134 1
138686 2
085633 2
131574 2
139789 0
015179 0
125566 0
131576 2
129901 0
131578 2
138525 2
006417 2
202104 0
131696 2
131575 2
202105 0
163692 2
168938 0
006624 2
162879 0
214487 0
131565 2
289329 0
006436 2
261139 0
138632 2
138636 2
140263 2
131700 2
131713 2
139758 2
133368 2
129712 2
131701 2
147406 2
139765 2
139727 2
006435 2
131790 2
131772 2
157805 2
129994 2
130061 2
147416 2
139522 2
006369 2
129880 2
140394 2
138405 2
132555 1
000755 2
132060 2
143408 2
130265 2
129809 2
132786 2
132044 2
132821 2
129729 2
141169 2
132780 2
002928 2
132779 2
006388 2
009964 2
147423 2
130511 2
010966 2
150966 0
144556 2
134068 2
129807 2
150585 0
139396 2
130487 2
139314 2
198530 2
130952 2
240136 0
130491 2
129808 2
093115 0
134073 2
134093 2
144564 2
167296 2
167297 2
132559 1
130497 2
155578 0
144048 2
197532 0
211379 0
130257 2
008264 2
158296 2
144569 2
240145 0
150915 2
269062 2
139399 2
240977 0
130495 2
256031 0
198537 2
197249 0
220506 0
129834 2
130253 2
058557 2
139296 2
278168 0
130518 2
141082 2
129849 2
144582 2
253573 0
130230 2
069628 2
102801 2
130704 2
129989 2
002741 2
138507 1
196769 0
131608 2
144053 2
250880 0
130251 2
194367 2
230503 0
130522 2
093237 2
231796 0
002447 2
193164 0
139517 2
130244 1
150967 0
157909 2
132554 1
130243 1
152790 0
152791 0
161721 2
198541 2
131609 2
199075 2
275837 2
075574 2
155508 0
003607 2
191052 0
141101 2
199079 2
129381 1
115297 2
147934 0
144617 2
147935 0
232406 0
250808 0
210000 0
144054 2
129937 2
144060 2
130280 2
129374 1
272364 0
143182 1
197256 2
147946 0
129379 1
200458 2
201536 2
230502 0
224029 2
196210 2
225907 0
196211 2
131884 2
221444 0
075759 2
129456 1
129441 1
129452 1
130696 2
167248 2
129378 1
224014 2
180090 0
129987 2
147055 2
201791 2
232400 0
117144 2
129934 2
012079 2
122892 2
197176 1
075516 2
075749 2
148691 0
150934 0
148775 0
130698 2
129447 1
075502 2
129434 1
123283 2
141131 2
131600 2
167201 2
178092 0
226019 0
069824 2
102997 2
196680 2
031397 0
006608 0
002889 2
129371 1
147931 0
063084 0
182810 0
241271 0
129372 1
129375 1
129376 1
017632 1
129355 1
129373 1
069567 2
102740 2
129992 2
134997 2
129448 1
134905 2
138854 2
069649 2
102822 2
135019 2
140262 2
138803 2
138931 2
140220 2
132655 2
138913 2
138843 2
139211 2
138943 2
138915 2
130711 2
138867 2
133670 2
138816 2
133660 2
144270 2
144100 2
144271 2
143165 1
132693 2
143960 1
143927 2
132694 2
144128 2
140176 2
132678 2
134000 2
142750 2
143938 2
141100 2
143958 2
123302 2
002682 2
132446 2
002890 2
134832 1
140186 2
131587 2
138767 2
142751 2
131876 1
132459 2
138769 2
142691 1
131611 2
139067 2
131726 2
131805 2
130909 1
167146 2
133980 2
002207 1
142745 1
133999 2
133984 2
131588 1
130860 2
134895 2
137392 2
143467 2
131761 2
131763 2
075838 2
130871 2
138749 2
138810 2
075913 2
130864 2
199090 2
130116 0
136686 2
134896 2
136638 2
134830 2
130877 2
131799 2
075837 2
132419 1
143421 2
138394 2
143415 1
144945 2
006573 2
138983 2
132543 1
114660 2
144935 2
006634 2
138797 2
133812 2
144183 1
144948 2
144954 2
147614 2
131717 0
201566 2
144164 1
143420 1
140960 0
275773 0
144175 1
133019 2
133638 2
137072 1
147609 2
138981 2
134064 2
130898 2
140972 2
138990 2
138748 2
133780 2
134837 2
109034 2
138393 2
139198 0
131580 1
144952 2
013779 2
144968 2
138390 1
114662 2
201550 2
130758 1
132431 1
140973 2
002927 2
178351 2
139726 0
139987 2
131748 2
136916 0
136931 0
139977 2
133779 2
144956 2
136929 0
133794 2
268978 2
132384 2
147566 2
002765 2
139763 0
137299 2
141345 2
129014 2
131663 2
168168 0
141330 0
137183 0
141583 0
168267 0
168268 0
138848 1
130401 1
130454 0
147720 2
133755 2
002264 0
144853 2
144810 2
145928 0
145922 0
129019 2
147589 2
018274 2
128911 2
139965 2
132166 1
132147 1
144725 1
132159 0
144721 1
144724 1
144722 1
144632 1
144650 1
133944 2
141332 0
201707 2
201712 2
138498 0
136933 1
178089 0
115341 1
002886 2
138973 2
099474 0
138486 0
138503 2
138955 0
144590 1
132642 2
144160 2
144135 2
138508 2
130844 2
006064 0
006472 2
177432 2
140920 0
161269 2
101241 2
133308 0
136475 0
101245 2
148166 2
144134 2
012785 2
146129 2
117370 2
117348 2
151698 0
140814 0
115349 1
115802 0
117375 2
280878 0
115354 1
141915 2
101246 2
226533 2
101243 2
141939 2
091012 0
115381 1
220654 2
071694 0
104867 0
091021 0
101252 0
008534 1
079861 0
140822 0
132639 0
141912 2
226463 2
220660 0
226421 2
138575 0
130228 0
133182 2
133191 2
042733 0
133169 0
143317 0
037084 0
132129 0
130756 1
147086 0
130722 1
130751 1
130798 1
130824 1
158363 0
196522 2
131860 1
132148 1
092325 0
131865 0
196366 2
132150 1
233904 0
132152 1
132168 1
132160 1
132164 1
132153 1
132146 0
132161 0
189130 0
177419 2
213686 0
132644 0
269254 2
150026 0
213570 0
177418 2
269112 0
177416 2
140369 0
177403 1
177430 0
097596 0
079631 1
138496 2
162711 2
115046 0
197170 0
147360 0
131013 2
131028 0
131084 2
131138 2
131228 2
131235 2
255577 0
217202 0
137458 0
141986 2
144420 0
085440 0
130477 0
129127 0
197932 2
197899 2
150077 0
199376 2
194312 2
194316 2
194304 2
143407 0
084119 2
225583 0
084138 2
060019 0
282633 0
132145 0
005969 0
155497 0
243609 0
140599 0
131010 0
080274 0
195268 0
140826 0
129059 0
139456 2
008865 0
264721 0
147065 0
140848 0
161997 2
108974 0
161993 2
096893 2
136170 0
076134 0
131661 0
196073 0
155358 0
163307 0
075967 2
138952 0
194412 2
139454 0
220497 0
200919 0
225970 0
186030 1
198307 0
194035 0
139439 1
258909 0
131614 1
135993 0
131612 0
131620 1
010285 2
122613 2
131616 0
122612 2
238097 0
037581 0
256109 0
255441 1
101256 0
255415 0
131621 1
206181 1
133677 0
207424 1
131617 0
265046 2
200540 0
251187 0
131850 0
143273 0
194616 0
122663 0
102075 0
144328 0
224126 1
227023 0
224094 1
224096 1
224124 0
008887 0
191088 2
191302 2
147404 2
258822 0
138427 0
260320 0
170734 2
255274 2
114043 0
170668 2
243613 2
152553 0
241272 0
263117 2
