278758 0
070284 2
103457 2
089193 0
070151 2
103324 2
070061 2
103234 2
069804 0
102977 0
070056 2
103229 2
070059 2
103232 2
130293 0
181808 0
097481 0
070085 2
103258 2
070108 2
103281 2
070010 2
103183 2
112385 2
097701 0
097696 0
111963 2
109380 2
038533 0
108202 2
096207 2
069222 0
102395 0
069762 0
102935 0
109381 0
098366 2
099069 2
099342 2
099790 0
099083 2
099357 0
099192 2
097817 2
097815 2
097821 2
097857 2
097808 2
099515 2
097920 2
041509 2
094699 2
097925 2
114382 2
093938 2
096231 2
093941 2
099792 2
098097 2
099086 0
114462 2
096201 2
098070 2
096181 2
114384 2
146000 2
093892 2
098059 2
097949 2
145974 2
102061 2
261760 0
095399 0
093948 2
278519 0
094056 2
094081 2
094074 2
098644 2
018552 1
128739 1
125036 2
278501 0
098629 2
094046 2
098021 2
098639 2
108817 2
098784 2
099092 2
131127 2
098793 2
099104 2
094522 2
093931 2
133746 2
094612 2
097157 0
175594 2
096685 2
018169 2
128986 2
098777 2
100245 2
093114 0
108802 0
101876 0
116147 0
095986 2
132568 0
093942 2
133661 2
094008 2
156890 0
094071 2
095958 2
098529 2
101189 2
189117 0
116149 0
086581 2
093698 2
116148 0
138970 2
086596 2
051651 0
094558 2
101190 2
082108 0
100034 2
139214 2
098104 2
098029 2
133721 2
096936 2
098010 2
098028 2
096894 2
098020 2
098068 2
129068 0
098620 2
140247 2
140355 2
096043 2
140266 2
101226 2
094020 2
086637 2
094019 2
097973 2
093973 2
095978 2
086514 2
097345 0
096209 2
095659 2
097344 0
096206 2
004171 2
118279 2
137329 0
098797 2
125023 2
128747 2
084567 2
098633 2
084568 2
004379 2
118512 2
117703 2
093912 2
084566 2
098525 2
133951 0
084559 2
096003 2
133940 2
125021 2
098781 2
094055 2
084558 2
098508 2
086654 2
138037 2
004518 2
118728 2
108710 2
097830 2
097974 2
094054 2
096002 2
117708 2
117710 2
095882 2
119817 0
116573 2
094550 2
096049 2
108731 2
018460 2
128788 2
131994 0
091317 2
108729 2
095413 2
098280 2
145317 0
091286 2
092794 0
092875 0
094564 2
108127 2
098375 2
098200 2
197193 2
094178 2
187021 0
111268 2
113717 0
111269 2
095398 2
132000 0
197191 2
197197 2
131997 0
084634 2
094209 2
129638 0
139721 2
131986 0
098362 2
092793 0
101255 0
010253 0
122580 0
094827 2
260644 2
020886 0
111293 2
094587 2
094729 2
084649 2
095032 2
084631 0
084628 2
094698 2
084629 2
084626 2
094749 2
098360 0
094973 2
098354 0
067592 2
094068 2
128871 2
117564 2
100464 0
094481 2
067563 2
067615 2
095614 0
098335 0
086655 2
117575 2
099271 2
098315 0
098328 0
128870 2
062130 0
012267 2
092971 2
138425 2
096986 0
117556 2
090835 2
138459 2
109421 2
096648 2
128869 2
196375 1
092536 2
062153 0
098056 0
097333 2
097084 0
101555 2
095584 0
243722 0
243659 0
108711 2
108730 2
108732 2
135085 0
005062 2
119461 2
079592 0
243724 0
098324 2
097742 0
067636 2
096983 0
138468 2
067649 2
097335 2
098302 2
098321 2
086741 0
098300 2
112572 0
118516 2
096061 2
100428 2
096240 2
100378 2
129258 0
100279 2
085090 0
072263 2
105436 2
101412 2
093889 2
100303 1
093940 2
085145 0
108624 2
017799 0
129257 0
123285 0
119264 2
114151 2
068254 0
131016 2
131020 2
085165 0
017937 0
129155 0
004419 2
085184 0
074433 2
107606 2
131014 1
119260 0
131460 2
131482 2
093853 2
131493 2
131490 2
131505 2
093794 2
092951 2
093802 2
143414 0
126999 2
092554 2
094235 2
243192 0
099295 2
238700 2
143418 2
074842 2
143423 2
112328 2
181843 0
004032 0
078739 2
007217 2
120778 2
132001 2
092949 0
017303 0
129585 0
094232 0
099731 2
092542 2
114205 0
096418 0
096401 0
275779 2
189892 0
120708 1
120594 2
099730 2
099293 0
009871 2
122229 2
074864 2
092934 2
092463 2
075008 2
092526 0
078741 2
131999 2
131996 2
128136 2
131993 2
060971 2
138528 2
060968 2
006934 2
120557 2
005432 2
119989 2
064517 2
141970 2
119916 0
032442 2
148908 2
142538 2
078746 2
133912 2
032446 2
092070 2
061662 0
004124 2
118235 2
241136 2
095524 2
092872 0
133920 2
133919 2
099647 0
183235 2
155560 2
155568 2
111794 2
032502 2
114971 2
092406 0
279290 2
138516 2
118199 0
004198 2
111762 2
078237 2
004409 2
118566 2
119474 0
032450 2
094400 2
092249 2
011334 2
122716 2
093044 2
156660 0
156662 0
119458 0
118533 0
138878 2
090502 0
065068 2
079747 0
078236 2
007411 0
120928 0
156661 0
133773 2
031921 2
032485 2
065101 2
122714 2
122712 2
122708 2
078325 2
078345 2
078404 2
268459 2
126367 1
122690 2
078271 2
164635 2
094353 2
176683 2
164649 2
094432 2
202529 2
142421 2
202877 2
202878 2
094245 2
078778 2
001887 2
179523 2
078772 2
176680 2
079580 0
275361 2
006972 2
120597 2
162048 2
256266 2
142387 2
001778 2
256268 2
256264 2
063264 2
102086 0
102108 0
093856 0
256259 2
164228 2
063267 2
144933 1
142394 2
164156 2
272041 0
256244 2
092942 0
127702 0
144464 2
066285 2
144447 2
199021 2
141527 2
097898 0
144446 2
098499 0
138849 0
144519 2
017676 2
129322 2
001330 2
130164 0
237341 2
182823 2
142441 2
151732 2
101989 0
140525 0
233721 1
087982 2
088008 2
130232 0
130169 0
063759 2
142622 1
130321 0
063851 1
092644 0
007726 0
121156 0
087998 2
164910 2
258755 2
194511 2
153606 0
153562 0
234100 2
163927 2
152489 2
063850 2
201732 2
005817 2
120432 2
120430 2
063058 2
152492 2
152457 2
165988 2
068637 0
090497 2
117907 2
087986 0
224901 2
144461 2
224903 2
189164 2
117927 2
189162 2
144448 2
132566 0
131746 2
192455 2
261063 2
152115 2
132567 0
189169 2
011266 0
085206 0
085204 0
132614 0
132577 0
085103 0
189161 2
010774 2
132137 0
015251 2
125486 2
260138 0
149696 2
266398 2
223292 0
189160 2
166008 2
224816 2
224894 2
224748 2
190368 0
224743 2
224741 2
224690 2
224759 2
224815 2
224893 2
261057 2
261068 0
257559 2
257529 0
165225 2
017392 2
129516 2
152334 2
146800 2
257540 2
152337 2
163725 2
163724 2
244452 0
242819 0
281621 2
268490 2
268829 0
257539 2
192032 2
257534 2
235939 0
235950 0
065032 2
116551 2
281187 2
116967 2
179214 2
184854 2
066294 2
130291 2
155575 0
065663 0
194936 0
159806 2
266984 0
168553 2
186703 0
169756 2
159802 2
062701 2
157676 2
193910 2
017318 2
129572 2
251229 0
251259 0
243927 0
199741 2
158158 2
186742 2
194942 0
159101 2
159093 0
146071 2
169771 2
169786 2
169787 2
187313 0
079227 2
146719 2
193987 2
169746 2
266985 0
005703 2
120323 2
132080 0
256483 2
167959 2
083309 2
177027 0
136132 0
162077 0
271941 0
149386 0
079190 2
168889 0
168890 0
169754 2
169750 2
159878 2
159879 2
169744 2
130292 2
069740 2
102913 2
159884 1
117163 2
159886 0
083328 2
083343 2
163730 2
281036 2
130318 2
281012 2
149293 2
280972 2
163727 2
083156 0
280920 2
001997 0
002762 0
060989 2
060902 2
177516 2
190412 0
064258 0
111735 0
138447 0
190371 0
259772 0
162959 2
184857 0
163061 2
162985 2
163739 0
163208 2
060988 2
231476 0
064203 2
064219 2
060995 2
233730 0
064162 2
064198 2
130081 0
130398 2
162827 2
032221 2
032198 2
113262 2
085261 2
059452 0
098045 2
142521 2
063331 0
170092 2
085285 2
142511 2
280215 0
090713 0
094848 2
144990 2
162429 2
046741 0
014334 0
169455 2
270839 0
046903 0
046801 0
119685 2
188852 0
155289 2
095937 2
046690 0
095961 2
094752 2
032223 2
032224 2
096033 2
119701 2
005543 2
120122 2
162829 2
143222 0
143213 0
031159 2
181536 2
031144 2
162986 2
145064 0
131985 0
189109 0
071453 2
104626 2
091563 0
025131 2
085081 0
094990 2
096761 2
010318 2
122637 2
157024 0
122607 0
157023 0
096656 2
163062 2
018477 0
068298 0
093772 2
093747 2
101096 0
076870 2
176745 2
077026 2
069170 2
102343 2
093668 2
099248 0
067865 0
067893 0
042388 0
077029 2
093659 2
176747 0
076093 2
159721 2
000920 1
093645 2
078631 2
090825 0
006933 2
120556 2
159666 2
009409 2
121867 2
009607 2
122050 2
082453 0
241468 2
139690 2
168684 2
168685 2
159716 2
065858 2
137519 0
012499 0
222707 0
010349 2
122671 2
099878 2
241537 2
241538 2
137450 0
114787 0
219507 0
124355 0
219501 0
087602 2
138363 2
232460 1
219985 2
090133 0
052272 0
099834 2
093699 0
099786 2
065854 2
138334 2
138336 2
138306 2
067847 2
110351 2
160190 0
086015 2
083900 2
001120 0
001203 0
086601 2
288561 2
161444 2
093182 2
116483 0
161412 2
161413 2
112496 2
070582 2
103755 2
288510 2
083083 2
229487 0
188211 0
147441 2
137110 0
111328 2
084521 2
142003 0
131654 2
101633 2
002844 1
258918 0
097807 2
083219 2
155996 2
170306 0
188181 0
087980 0
161400 0
064317 2
280276 0
131145 0
147422 2
147443 2
064285 2
147420 2
084690 2
101635 2
083222 2
101669 0
288756 2
252749 0
252750 0
084148 0
288729 2
083254 2
083253 2
132366 2
070343 2
103516 2
107756 0
035821 0
033115 2
079302 0
084692 2
035811 0
107728 0
126771 0
085623 2
007070 0
085591 2
083279 2
070148 2
103321 2
033131 0
084712 2
131414 2
084711 2
086138 0
084707 2
084714 2
121859 2
064514 0
144674 0
131421 0
199448 2
018362 0
199462 2
199420 2
067216 2
195952 2
097749 0
062733 2
139541 2
064817 0
139618 2
139619 2
064820 0
146514 0
071377 2
104550 2
071364 2
104537 2
126897 2
144444 0
033351 0
063334 0
195950 2
126898 2
195935 2
100286 2
117639 2
058789 2
158434 2
076285 2
169797 2
169798 2
283164 2
169781 2
144337 2
064547 2
101209 2
131292 2
201858 2
158390 2
142617 2
155236 0
009233 2
121709 2
287892 0
142637 2
132045 2
014791 2
155235 0
009408 2
121866 2
230643 2
084041 0
198477 0
180954 0
198524 0
288653 0
069856 2
103029 2
219542 2
156303 0
028838 0
086283 2
284367 0
142410 1
141038 2
140978 2
283178 2
140980 2
283473 2
210042 0
134798 0
098779 2
148104 2
062156 0
098801 2
056274 2
128216 2
004538 2
128167 2
017314 0
137006 0
066154 0
138061 0
164548 0
011993 2
056677 2
048069 2
279608 0
111530 2
048075 2
094928 0
007940 2
121353 2
092710 0
111259 2
109982 0
004565 2
109713 0
004507 2
118714 2
271292 0
268171 0
094297 0
089087 2
083220 2
036482 0
084391 2
061832 0
084237 2
079079 2
084945 2
253210 2
225504 2
230390 0
228333 0
253178 2
225505 2
225522 0
084394 2
111367 0
086462 2
138287 0
085355 2
113974 0
087632 2
085383 2
174704 0
220815 0
220574 0
016861 0
094229 0
086603 2
071710 2
104883 2
286317 0
071684 2
104857 2
072189 2
105362 2
099176 0
009919 0
033125 0
008726 2
060253 0
201334 0
112092 2
064669 2
095638 2
071022 0
112096 2
095600 0
287256 0
064516 2
095745 0
063416 0
061265 0
069841 2
103014 2
029520 2
150027 0
076683 2
029478 2
145074 0
279285 0
256976 0
080931 0
017996 0
069157 0
280229 0
232587 2
097843 0
232593 0
088919 0
001307 0
199699 0
064971 0
110449 0
079654 0
075588 2
058366 0
075609 0
001775 0
058855 0
131134 0
061054 2
097453 0
064244 2
002717 2
100758 2
157796 0
100751 2
100741 2
124574 0
100266 2
198038 2
198007 2
094758 2
070389 0
197928 2
197893 2
094754 2
100241 2
094368 2
094377 2
094378 2
094385 2
094949 1
094379 2
094369 2
094244 2
070319 2
103492 2
070323 2
103496 2
083261 0
032200 2
046980 2
269126 0
255889 0
058096 2
094525 2
255861 0
072109 0
072487 0
072790 0
073053 0
073313 0
073569 0
073831 0
070364 2
103537 2
070100 2
103273 2
070114 2
103287 2
070285 2
103458 2
070117 2
103290 2
070424 2
103597 2
094355 2
046905 2
058093 2
058050 2
058014 2
070450 2
103623 2
070494 2
103667 2
070341 2
103514 2
034577 2
032340 2
094389 2
032328 2
094319 2
032341 2
094387 0
094390 2
070390 2
103563 2
060859 2
053145 2
075324 2
086213 0
086214 0
235247 0
075341 2
231905 0
098726 2
094051 0
098771 2
085919 0
063718 2
071431 0
104604 0
020955 0
033372 2
113123 0
032401 2
098707 2
098848 2
030579 0
014186 2
062121 0
070933 2
104106 2
002688 2
180465 2
110350 0
071135 2
104308 2
180514 2
110582 2
192808 2
110676 2
068431 2
062972 2
137945 2
277403 2
192823 2
094388 2
147674 2
162409 2
147638 2
091352 0
147680 2
051976 0
137967 2
147627 2
133795 2
135685 2
147651 2
094380 2
132764 0
182023 0
219616 2
098443 2
062988 2
112134 0
092615 2
219441 2
147626 2
043302 0
255632 0
101868 0
078530 0
062992 2
261062 0
141180 2
092601 2
100549 0
006872 2
120500 2
033181 0
169139 2
169140 2
133533 2
283794 2
083323 2
095217 2
132019 0
199217 0
077315 0
133536 2
133539 2
133543 2
137991 2
141213 2
062970 2
062946 2
068432 2
154698 2
000105 0
133467 0
137910 0
110550 2
002569 0
283806 0
283808 0
283812 0
063001 2
283803 0
062991 2
063021 2
124676 2
124691 2
142123 2
142059 2
141978 2
113131 0
109125 2
095230 2
108847 2
101039 2
219476 2
118121 2
081324 2
108773 2
081330 2
149212 2
094344 0
095786 2
229599 0
018469 0
010351 2
122672 2
108814 2
146570 2
135520 0
035984 0
152714 2
039713 2
253372 0
014105 0
110609 2
118112 2
180167 2
276313 0
276311 0
272191 0
027448 0
122643 2
122665 2
122654 2
122598 2
122595 2
118111 2
122547 2
122561 2
081320 2
101440 2
101437 2
219420 2
121209 0
219372 2
007794 0
121212 0
011607 2
122798 2
137413 0
138919 2
112401 2
098450 0
134146 0
138900 2
080038 2
116772 2
018674 2
068505 2
168103 2
149318 2
121205 0
146709 2
149319 2
008411 0
109025 2
074562 2
109027 2
094966 0
135076 0
108091 0
108100 0
122794 2
074788 2
135097 0
094916 0
209680 2
122795 2
010474 0
090355 2
098461 0
098441 2
168117 0
109024 0
098505 2
089981 0
114529 0
095933 2
109026 0
166326 0
095932 2
095934 2
095962 2
095938 2
095935 2
095927 2
096070 2
061502 0
096083 2
096032 2
098593 0
098588 0
124914 2
230392 2
094913 2
098947 2
191641 0
098497 0
095225 2
059978 2
224040 0
033547 0
168907 0
101880 0
186297 0
098850 2
058253 2
097133 0
058264 2
095228 0
098847 2
094960 0
098810 2
098751 2
098873 2
031202 0
098825 2
187114 0
098824 2
114915 2
113334 0
169287 0
161003 0
114911 0
142106 2
075722 2
152784 0
086939 0
132177 2
137323 0
132176 2
132171 2
279722 0
032833 0
114207 2
118661 0
066421 0
068744 0
142636 2
056108 2
062541 0
142650 2
056357 2
098411 2
025595 0
179518 0
094832 2
140005 2
051652 0
095448 0
162208 0
058425 2
158750 2
110452 2
013611 0
058500 2
058381 0
098179 0
113819 0
005187 2
119632 2
114819 0
111377 0
038103 0
189118 2
098342 0
058301 2
145142 2
003745 0
058274 2
089406 0
177695 0
068022 2
123864 0
041694 0
197720 2
220835 2
220821 2
098977 2
088044 2
098612 0
098972 2
088043 2
015608 2
010270 0
098409 2
061365 2
001990 2
061364 2
100448 0
233014 0
092730 2
114843 0
066732 0
267359 0
061368 2
092729 2
061383 2
092723 2
092724 2
092722 2
061385 2
009147 2
121639 2
064298 0
071716 0
104889 0
017936 2
129156 2
001235 0
251427 0
114552 2
259094 0
129223 2
114596 2
114618 2
009125 0
129224 2
017845 2
129219 2
129222 2
009100 0
112868 2
098948 0
112754 0
256590 0
197862 0
155212 0
128225 0
065856 2
098446 2
145242 0
098413 2
065912 2
065895 2
224238 0
098447 2
146534 2
160139 0
098423 0
102009 0
120799 2
033130 1
271931 0
120785 0
083329 0
058505 2
099649 2
009035 2
099588 2
126718 0
099581 2
099343 2
252852 0
217314 0
093951 0
061219 0
131498 2
131495 2
063415 0
131510 2
131501 2
079016 0
181941 0
007756 2
121178 2
151373 2
136763 2
175188 0
151154 2
151160 2
061345 2
041810 2
151168 2
128920 2
183892 0
099527 2
013745 0
095234 0
145310 0
251971 2
149547 0
189290 0
080336 0
099521 2
099401 2
061340 2
084829 2
064614 2
110896 0
131194 2
270840 0
058856 2
098949 2
109030 0
084144 0
064616 2
064617 2
131198 0
097677 2
176748 0
239459 0
064629 0
100571 2
100462 2
137556 0
100459 2
100449 2
100570 2
111511 2
063717 2
147572 2
226152 0
263338 0
147559 2
147576 2
076297 0
244202 0
205055 0
149140 0
101791 2
