084219 1
084287 2
051255 0
051271 0
084125 2
083958 2
075414 2
083753 2
075418 2
083135 1
115253 1
083693 2
075309 2
084202 2
084307 1
082031 2
083896 2
075311 2
083943 2
115400 2
083965 2
080394 2
083698 2
084271 2
051488 2
083953 2
079218 2
074954 2
083537 1
083906 2
051379 1
081589 2
083739 2
084381 1
084248 2
084191 2
084416 2
083746 2
083171 2
074947 2
114464 1
115355 1
084080 2
082071 2
075500 2
082884 2
083968 2
051528 2
075159 2
084292 2
075505 2
043963 2
083811 2
083723 2
084327 1
075511 2
081650 2
082091 2
075137 2
075517 2
082063 2
083173 2
081754 2
083059 1
084152 2
084384 2
081721 2
083786 2
075501 2
075518 2
084183 2
075161 2
083530 2
051503 2
083999 2
075513 2
081027 2
114640 1
077600 2
078452 2
075120 2
025548 0
084474 2
084477 1
083111 2
277006 1
115430 0
075503 2
082887 1
079223 2
115508 1
077606 2
075415 2
082757 2
082096 1
082743 2
084113 1
044080 2
051194 2
082459 2
044108 2
084472 2
084197 2
114982 2
084090 2
114483 1
114523 1
084157 2
078188 2
043889 2
084335 2
083019 1
083578 1
084155 2
044072 2
082490 2
084131 2
044074 2
083444 2
078440 2
078234 2
084073 2
091397 1
115394 2
078144 2
115343 2
084096 1
075417 2
081685 2
083432 2
083479 2
084045 2
043943 2
051368 2
079363 2
078080 2
084345 2
075051 2
084336 2
270009 1
276904 1
079188 2
114647 1
079288 2
270015 1
083975 2
044166 2
115322 2
083179 2
044075 2
280412 0
084211 2
078085 2
075593 2
084149 1
079291 2
081701 2
078104 2
079200 2
044023 2
051500 2
081897 2
044367 2
084226 2
078442 2
084109 2
074869 2
082822 2
079364 2
078823 2
114487 2
043965 2
084267 2
083497 2
083961 2
081648 2
114467 2
051078 2
083969 2
081814 2
084339 2
114990 2
084098 2
051143 2
114961 2
075186 2
084318 2
083700 1
269640 1
044193 2
074721 2
084116 2
079145 2
092037 1
084331 2
081674 2
075472 2
082615 1
115434 0
083563 2
081720 2
083071 1
137680 1
029062 0
075906 2
270013 1
082829 2
084475 2
084306 2
079172 2
084469 1
113800 2
007106 2
120705 2
082779 2
270014 1
114413 2
074557 2
084118 2
084005 1
078630 2
084031 2
084153 2
079837 2
075561 2
078659 2
084075 2
081748 2
082614 2
084053 2
128261 0
084439 1
084147 2
084178 2
269586 1
120692 2
114894 2
084154 2
269649 1
044184 2
074528 2
083559 2
084043 2
083988 2
280411 0
082577 2
180268 1
079793 2
044115 2
113836 2
051074 2
154470 0
075608 2
084322 2
044100 2
082080 2
082764 2
081963 2
084206 2
075191 2
114987 2
078445 2
082629 1
114932 2
128267 0
081615 2
084479 2
084216 2
078259 2
078285 2
082769 2
084112 2
075325 2
081922 2
078098 2
083053 2
083699 2
084085 2
083887 2
050832 1
083884 2
088340 0
081482 2
269658 1
114873 2
079325 2
084100 2
114972 1
081903 2
050972 2
082828 2
082002 2
081901 2
044194 2
078128 2
084232 2
083027 1
079970 2
084052 2
081890 2
084006 2
081911 2
180323 1
043966 2
083686 2
084348 2
044028 2
083977 2
079167 2
084101 2
084304 2
081768 2
082627 1
084111 2
084255 2
078252 2
082964 2
084117 2
081794 2
051251 2
082073 2
084317 2
083694 2
114603 2
051073 2
165339 0
180277 1
114908 2
084106 2
084074 1
280733 0
044106 2
081637 2
081506 2
081907 2
082144 2
083962 2
026741 0
056261 0
084083 2
084718 0
114648 1
083168 1
084213 2
084069 2
044258 2
054071 0
115280 2
080019 2
051187 2
078164 2
276731 0
084413 1
115629 1
081728 2
051068 2
276950 0
082124 2
084308 2
079641 2
271840 1
057706 0
081807 2
081229 2
080884 2
079341 2
083955 2
083119 1
084120 2
078458 2
083940 2
081778 2
114786 1
141877 0
051079 2
084128 1
114989 1
083957 2
043991 2
084038 2
045040 2
051218 2
053248 0
083684 2
089147 1
181231 1
083931 2
083932 2
043937 2
276748 0
044850 2
115446 1
053844 0
084387 2
084091 2
051412 2
044768 0
219889 1
165383 0
277015 1
089165 1
084103 2
080867 2
084249 2
220004 1
082075 2
082088 0
082089 0
045120 2
276732 1
082077 2
044255 2
219891 1
276891 1
089290 1
084442 0
043927 2
081709 2
043879 2
115039 1
026740 0
114848 2
114852 2
276673 0
079129 2
182993 0
043864 2
115113 2
081698 2
083039 2
051150 2
115034 1
084217 2
114003 2
114342 2
084062 2
271898 1
078093 2
083844 2
181262 1
045144 2
114258 1
051397 2
186597 1
083702 2
084175 2
079644 2
075315 2
083164 2
043929 2
044832 2
079670 2
079360 2
276736 0
053031 0
220007 1
115121 2
008719 0
084047 2
048009 0
078043 2
084583 2
210897 1
082099 2
044339 2
055489 0
084011 1
056614 0
044773 2
084097 2
084596 2
114295 1
057045 0
082093 2
083159 2
277236 0
084360 2
115129 0
051431 2
057339 0
047712 0
181139 0
276750 0
275034 0
115347 1
084104 2
115445 1
044221 2
084110 2
112097 2
077703 2
084283 2
084457 2
114414 2
045205 2
210962 1
074907 2
084696 1
114556 2
079642 2
211015 1
211014 1
114436 2
051395 2
015108 2
083990 2
114465 2
220514 1
051557 2
114570 2
114484 2
084617 1
044238 2
083996 1
044218 2
223506 1
084042 2
084017 2
078049 2
136059 1
136354 1
082651 1
186599 1
113971 2
051210 2
084265 2
279827 1
083305 1
223511 1
051202 2
084076 2
108045 1
081889 2
051207 2
078303 2
083029 2
062670 2
051069 2
080366 2
051107 2
081713 2
083037 2
115136 2
084383 2
211776 1
080424 2
115703 1
180635 1
084775 1
045204 2
084231 2
271101 1
084805 2
081896 2
080426 2
277028 1
044186 2
115674 1
083701 2
083836 2
138478 0
045143 2
043964 2
055782 0
115497 1
271153 1
137440 0
075464 2
084081 2
084250 2
051439 2
184968 1
075143 2
185592 1
078247 2
083945 2
179693 1
179703 1
179961 1
179963 1
179999 1
180033 1
089197 1
181198 1
115676 1
047416 0
115104 1
114343 2
083161 2
084243 2
185588 1
082969 1
138557 0
185585 1
089249 1
089248 1
185561 1
083162 2
083207 2
185578 1
083813 2
180626 1
002361 1
114673 1
114007 2
079774 0
082029 2
084252 2
227351 0
180299 1
115088 1
113964 1
184837 1
084281 2
081933 2
