250302 1
250390 1
080670 1
086986 1
243873 1
243825 1
087065 1
086998 1
228417 1
269006 1
240797 1
101905 1
086943 1
277198 1
243783 1
087068 1
277204 1
240766 1
239575 1
067757 2
078083 1
243867 1
080644 1
089292 1
087069 1
078213 1
077470 1
078074 1
020327 2
078068 1
087041 1
085671 1
277200 2
078046 1
066933 1
243884 1
241467 1
087067 1
280271 1
280238 1
091637 1
098874 1
086775 1
080467 1
087036 1
250819 1
005708 1
243913 1
269503 2
080470 1
098921 1
077649 1
226249 1
077701 1
278912 2
254972 1
235820 1
094120 1
088160 1
086783 1
088143 1
086886 1
080440 1
087030 1
271433 1
090870 1
085661 1
086649 1
278867 1
030733 2
168254 1
080709 1
163304 1
199461 2
087037 1
243882 1
271603 2
067144 1
269506 2
090829 1
089733 1
237701 0
005714 1
243994 1
086677 1
078013 1
067159 1
235828 1
117254 1
278154 1
078179 2
278712 2
078095 2
249389 1
086897 1
087040 1
168033 2
087428 1
090043 1
019535 1
086826 1
255890 2
168006 1
243626 1
241195 1
249956 1
089267 1
272699 1
087062 1
006931 1
086239 1
077875 1
261153 1
278591 1
005608 1
120211 1
087032 1
089324 1
249343 1
066876 1
086877 1
093897 1
255880 1
211669 1
251520 1
086220 1
086719 1
199481 2
248689 1
248977 1
233697 1
241149 1
087049 1
236582 0
160706 0
257788 2
046157 2
086754 1
199550 2
086892 1
241536 1
118131 1
147386 2
226422 1
185465 0
272661 1
233303 1
278453 1
270287 2
004562 0
118771 0
249219 1
090709 1
086554 2
029598 1
133695 0
240303 1
083039 1
091059 1
032835 1
087320 1
087323 1
086546 2
255884 1
148885 2
089535 1
087888 1
259928 1
244078 1
236618 0
090758 1
086418 1
235829 2
222603 1
086922 1
241169 1
127597 2
252371 1
086536 2
087307 2
168136 0
210741 1
120209 1
091070 1
087306 2
271620 1
089540 1
278814 1
148950 2
108396 1
086524 1
168042 0
271630 1
078218 1
083027 1
087278 1
086800 1
227981 2
278142 1
276478 2
163295 1
120281 1
086767 1
080786 1
127596 2
078168 2
252440 1
232999 1
276493 2
251352 1
087366 1
086034 1
243784 1
101904 1
086080 1
259889 1
252918 1
020022 2
243786 1
081381 0
081511 0
005716 1
120335 1
241217 1
020021 2
086818 1
087417 1
233693 1
113062 1
249830 1
082889 1
148647 2
200346 1
199595 2
070581 1
103754 1
070580 1
103753 1
087029 1
019998 2
200621 1
249405 1
272285 1
086606 1
070598 1
103771 1
097311 1
200622 1
092153 0
226464 1
032384 1
081353 1
085559 1
278442 2
097250 1
243616 1
066777 1
087363 1
085314 1
090848 1
090827 1
276174 2
078323 1
127931 1
092198 0
276176 2
080999 1
230705 2
200733 1
244165 1
108822 1
090860 1
235849 1
231329 0
284298 1
240241 1
087059 1
134006 0
087892 2
066812 1
272888 1
120150 2
005597 1
120192 1
074487 1
074488 1
107660 1
107661 1
078024 1
254158 1
236586 0
081350 2
270932 2
281859 0
241435 1
242592 2
108846 1
268251 0
066934 1
237155 0
087384 1
244070 1
086599 1
244083 1
014203 0
239836 1
078084 1
243762 1
007734 1
273467 0
091684 0
272098 1
228793 1
250487 1
226266 2
236416 0
223695 1
147608 2
030734 1
032357 2
256920 2
120305 1
257279 1
087962 1
077516 1
042158 0
032359 2
029071 1
239936 1
127871 1
134044 0
244799 1
086574 1
005672 1
120283 1
256857 1
091852 0
223673 2
254076 1
005661 0
087042 1
027528 0
091699 0
222744 2
248670 1
244064 1
273512 0
211745 1
211773 1
229689 1
091700 0
242790 1
086166 1
091864 0
238314 0
006762 1
042165 0
108848 1
080806 2
251508 0
231332 0
264291 2
278761 2
087410 1
087412 1
087414 1
087411 1
086794 1
067016 1
087889 1
087893 1
087963 1
087614 1
087581 1
067006 1
087604 1
028237 1
019330 2
087395 1
233247 2
233126 2
233263 2
278753 2
233141 1
019327 2
241436 1
278771 2
244831 1
258760 2
258775 2
271161 0
067035 1
087354 1
237031 1
066935 1
007212 1
120769 1
262078 2
262079 2
233331 2
029069 2
029270 1
029067 2
032314 2
241439 1
249831 1
086150 1
086974 1
087035 1
087355 1
277014 0
229745 1
080801 2
014852 1
087100 1
077432 1
158989 0
077619 1
