229351 1
229356 1
229358 1
234490 1
231409 1
231230 1
231234 1
231244 1
231388 1
231411 1
234389 2
234119 1
231229 1
231233 1
231243 1
231424 2
144423 0
234388 1
228972 2
227946 2
233919 1
231609 1
231228 2
231232 2
229357 2
229359 2
229047 2
256312 2
231242 2
158454 0
013920 0
229179 2
144082 0
017844 2
256301 1
013384 0
229352 2
231313 2
013372 0
026616 0
202247 0
231307 2
234390 2
229194 2
026669 0
229238 2
229021 0
231283 2
161588 0
158329 0
231286 2
239745 0
234086 1
231271 2
242928 2
242922 1
242982 1
231255 1
231272 2
136299 1
136301 1
136326 1
242910 1
242895 2
196314 1
231302 2
196586 1
229011 2
229361 2
229424 2
194720 1
229516 2
196598 1
229241 1
229531 1
229310 2
196600 1
221595 2
221631 2
221636 2
221682 2
194722 1
229207 2
231112 1
239253 0
231504 1
231119 1
229548 2
229439 1
009330 0
121806 0
234052 2
234087 2
234012 1
136293 0
158734 1
224521 0
136208 0
239800 0
190276 0
235168 0
239739 0
235166 0
142218 0
155637 0
231148 2
231120 1
136485 0
239329 0
191439 1
191054 1
196315 1
196587 1
196599 1
196601 1
191053 1
208778 0
191448 1
207182 0
170262 1
229423 1
221680 2
