226419 1
210803 2
210735 2
199662 1
211355 1
199768 1
207193 1
211988 0
201723 1
202309 1
206995 1
243224 1
201756 1
201815 1
253060 1
253501 2
216167 1
244451 2
191960 1
025484 0
184706 1
141618 0
197534 1
080223 2
253570 2
253575 2
253557 2
207523 2
244471 2
191952 1
275029 2
201813 1
184747 1
192027 1
197450 1
141604 0
253354 2
253425 2
197440 1
108832 1
206808 1
210748 2
253449 2
108911 1
253502 2
253558 2
253571 2
253576 2
210965 2
255936 1
257243 1
250887 2
243857 1
229701 2
233435 2
256022 1
275040 2
108912 1
109176 1
228781 1
256099 1
257343 1
201733 2
109198 1
237336 2
109210 1
257272 1
243843 1
282970 0
209712 0
237379 2
228910 1
183845 2
243559 1
079186 0
028839 0
101493 1
206698 2
183853 1
208535 0
185881 0
196187 0
253600 2
237378 0
196217 0
210978 1
199458 1
253602 2
275063 2
210756 1
243558 1
199482 1
108880 1
196133 0
243208 1
202689 1
256770 2
199483 1
253675 2
257917 2
256767 2
256345 0
267709 0
242947 2
253701 2
203074 0
287669 2
208975 1
163117 0
115184 0
145487 0
199558 1
196134 0
184695 2
287168 2
226922 1
263682 0
197170 0
199502 1
148897 0
276132 0
187602 2
202237 1
196270 2
202384 1
229964 2
229876 2
227462 1
227546 0
228782 1
228911 1
234372 2
258502 2
205796 2
243497 1
258244 1
202398 0
203076 2
206423 2
203072 2
255060 1
206720 2
206434 2
208007 1
225400 2
244423 1
244426 2
244436 2
242624 2
199799 1
244367 1
243496 1
244366 1
208579 1
265042 1
244365 1
206709 2
015242 0
017574 2
201964 1
229632 2
201963 1
199800 1
255270 0
201638 1
208546 2
001554 1
243401 1
243818 1
199226 1
234371 2
244353 2
243811 1
201958 1
244732 0
243779 1
208051 1
254881 0
243780 1
202794 1
244261 2
243561 0
200003 1
224535 2
243402 1
199222 1
202344 1
244363 1
208414 1
234290 1
257428 0
244425 2
254637 1
070171 2
103344 2
257421 0
146539 2
275249 0
070147 2
103320 2
136116 0
070150 2
103323 2
240501 2
202262 1
244136 1
230124 0
187674 0
274400 0
243862 1
208029 1
208997 1
243834 1
208678 1
274359 0
240791 0
187662 0
281992 0
201516 0
234289 0
244143 1
258373 2
244341 1
208018 0
258357 2
250339 1
250338 1
251938 0
199160 1
199153 1
155811 1
