198719 1
198743 0
198677 0
198852 1
198733 0
198856 1
198776 1
198707 1
015646 1
149512 1
198892 1
149515 2
108254 0
206918 1
198801 1
198781 1
202176 1
074804 1
198663 1
198933 1
198704 1
198705 1
198966 1
198674 1
198721 1
199190 1
198785 1
199202 0
198730 1
198742 1
198874 1
198751 1
198738 1
198771 1
202147 1
035579 1
198844 1
198726 1
198668 1
198769 1
198660 1
198732 1
198725 1
198786 1
198710 1
198765 1
199493 1
198939 1
165031 1
198796 1
050919 0
200604 1
198968 1
198669 1
198739 1
147618 2
065796 1
198944 1
198902 1
199517 1
147617 2
147606 1
198814 1
198683 1
082062 1
198700 1
199159 1
149852 1
198816 1
149860 2
147588 1
200570 1
025719 1
200569 1
198792 1
198783 1
198976 1
198712 1
049954 1
199367 1
147619 2
198688 1
198896 1
198754 1
160306 2
198784 1
198945 1
200601 1
149876 1
255353 1
198789 1
210839 1
199384 1
200514 1
198667 1
065794 2
241507 1
198731 1
198706 1
024710 0
199459 1
024723 0
198682 1
198713 1
024766 0
199183 1
024770 0
198686 1
200753 1
198782 1
202185 1
065792 1
199166 1
198768 1
198666 1
198711 1
198845 1
024423 0
199529 1
200574 1
199496 1
198729 1
198973 1
200605 1
037275 0
150111 1
150677 1
082060 1
198757 1
150681 1
241515 1
199387 1
198835 1
150658 1
202212 1
199369 1
272453 1
049866 1
198823 1
150679 1
149937 1
046279 1
149938 1
198793 1
198761 1
198756 1
161083 1
065582 1
039964 1
165021 1
198791 1
216420 0
199200 1
199161 1
149596 1
078546 1
200608 1
159230 1
159218 2
198718 1
049818 1
198822 1
150985 1
223669 1
198780 1
080088 1
200516 1
160355 1
178964 0
198728 1
170069 0
170070 0
075528 1
200573 1
198716 1
077635 1
091169 1
150690 1
058095 0
161048 2
277408 1
123488 0
198689 1
198794 1
046277 2
272462 1
227990 1
200815 1
199471 1
270397 0
082331 0
228092 1
082763 0
023086 0
082239 1
050717 0
108284 0
198795 1
198722 1
052221 1
272105 1
065764 1
198770 1
068155 1
087470 1
198837 1
149597 1
213492 1
213495 1
095225 0
049860 2
091881 1
278854 2
050055 1
161817 0
091844 2
198762 1
272023 1
176785 0
225423 0
161042 1
198760 1
199750 1
045899 2
213821 1
082203 1
045909 1
213310 1
123478 0
075495 1
074522 1
061066 0
197776 0
085893 1
161815 0
074591 1
193926 0
095228 0
089507 0
024695 0
057016 1
077586 1
069040 1
004105 0
024432 0
075477 1
049348 1
170056 0
198790 1
049514 1
256989 1
152566 1
200249 1
046248 1
165418 1
149600 1
028902 0
077469 1
082435 1
065672 1
074962 1
152579 1
220642 1
200289 1
028944 0
164824 1
046252 2
082705 1
075559 1
046247 1
074945 1
075269 1
051331 1
161046 1
200290 1
075554 1
074917 1
198797 1
074853 1
074854 2
220375 1
199755 1
043986 2
082601 1
052116 1
162241 1
043983 1
149540 1
043998 1
198504 1
198506 1
243522 1
056643 1
065828 0
052126 1
153322 1
078602 1
149349 0
078063 2
145570 1
149342 0
042551 1
275872 0
039946 1
016625 0
224243 0
165001 1
039926 1
224059 1
045815 1
098370 1
148148 0
199770 1
015658 1
056583 0
075117 2
086516 1
199850 1
057843 1
252126 1
085197 1
158891 0
200231 1
267773 1
149523 2
015639 2
149553 2
015582 2
153874 1
083407 0
083394 0
267862 2
271668 1
271981 1
148045 0
198701 1
272024 2
198111 1
277452 0
056705 0
162339 0
096172 1
075697 1
149359 0
046394 2
277398 2
277409 2
149375 0
277394 1
086281 1
250289 0
086195 1
086247 1
083326 0
224998 0
198044 1
226569 1
158664 1
161690 1
199363 1
011450 1
096368 1
039751 0
083244 0
039779 0
083205 0
225005 0
223496 1
083204 0
149266 0
161689 1
057296 1
218106 1
203736 1
203752 1
205181 1
039713 1
221164 1
009983 1
272415 1
039503 2
272539 2
039513 0
046624 1
046316 1
046354 1
050899 2
045119 1
058863 1
163815 1
044663 2
067594 1
160378 1
244264 0
176786 0
102032 1
163831 1
244271 0
239837 1
198369 0
244286 0
050900 1
049706 0
199163 1
084146 1
081228 1
079292 1
082265 1
199849 1
062808 1
199365 1
126814 1
271851 1
067765 0
062805 2
050451 1
022353 1
085195 1
222239 1
085188 1
242332 0
191632 0
199362 1
199358 1
051426 0
062772 1
220680 0
049475 0
051393 0
068938 1
022318 0
271909 1
272106 1
152443 1
220695 0
023070 2
242292 0
085127 1
