044384 1
044349 1
044314 2
209902 1
044601 1
043765 1
242413 0
035765 1
044602 2
035123 1
041639 2
036140 2
044291 1
046014 2
044821 1
205162 1
035908 2
035860 2
046466 2
036135 1
044599 1
037793 1
045973 1
207646 1
217209 0
037794 2
040752 1
040755 1
044617 1
041626 1
046049 1
044616 1
032588 0
035773 1
045965 1
036141 1
035851 1
044577 2
045920 1
204479 1
217522 0
044445 2
040901 1
045014 1
044989 2
044584 1
045234 1
045916 2
035674 1
242531 0
045231 2
217907 1
216736 0
041632 2
044578 2
032572 0
044585 1
044698 2
040898 1
046546 1
035904 2
044203 1
044511 1
036104 1
041577 2
040792 1
051755 1
041594 1
032509 0
044268 2
036000 1
044642 2
045324 1
035900 1
044558 1
045896 1
035675 2
205164 1
044689 1
035757 1
035849 1
044736 1
036111 2
036308 1
212029 1
035748 2
205166 1
044442 2
045708 1
035929 2
044899 1
036275 1
044756 2
035755 1
035676 2
205156 1
035752 2
035783 1
046293 2
036765 2
236107 0
207658 1
046594 2
230647 0
035861 2
140935 0
045435 2
035927 1
035918 1
039995 2
205765 1
036034 1
035758 1
088107 1
035797 1
045511 1
045318 2
184227 0
035699 2
045891 1
044638 2
035786 2
259233 0
035785 1
040902 2
036136 1
036142 1
044700 2
032728 0
035817 2
046519 1
044716 1
044721 1
051148 2
046514 2
099727 0
044593 1
036325 2
035766 1
044408 2
046117 2
205767 1
044626 1
044591 2
044332 1
032730 0
035759 1
220826 0
065109 0
205282 1
044702 1
035903 2
035792 1
039568 2
046355 1
044933 1
037314 2
036340 1
203894 1
044737 1
035806 1
044160 2
044732 2
044327 1
040928 2
044939 1
205560 1
218004 1
044582 1
044474 1
043977 1
044001 2
036702 2
036372 2
099823 0
035981 1
035873 2
040905 1
044253 1
036738 2
040395 0
045623 2
045889 2
232883 0
044936 1
032754 0
035832 2
045983 2
051325 2
044891 1
218949 1
035843 1
045857 1
205151 1
065110 0
035838 1
044579 2
043995 2
044537 1
040929 1
231990 0
035787 1
199559 0
215467 1
044368 1
044680 1
044882 2
044278 1
040949 2
035872 2
035902 2
040982 1
035919 1
035824 2
044220 1
044387 1
044738 2
035925 1
040915 1
044157 2
035867 2
046491 2
044777 1
045982 2
035842 1
051517 1
044632 1
045117 2
041388 1
098605 0
044581 2
032727 0
041394 1
048134 1
044468 2
099801 0
044264 1
046502 2
035926 2
046375 1
043895 1
212661 1
218332 1
035756 1
044256 2
037242 1
036748 1
044731 1
044780 2
045468 1
035788 1
041119 2
041536 2
036242 1
040822 2
045358 1
040900 1
046337 1
226210 0
272089 0
043932 1
035948 1
040783 2
051333 1
045698 2
044273 1
051516 1
036013 1
098581 0
044906 1
099766 0
037213 1
264847 1
214958 1
214960 1
044307 1
044561 1
044518 1
044613 1
049302 1
035777 1
044770 1
204032 1
045624 1
264818 1
101760 0
045862 1
264831 1
045999 1
035831 2
044745 1
035906 2
045443 2
043922 1
044775 2
044525 1
044315 2
044633 2
046509 1
220829 0
035778 1
044746 1
214288 1
231941 0
239727 0
044739 2
035888 2
045356 2
040903 2
040819 2
242493 0
044405 1
035760 1
044743 1
044549 1
035951 1
044162 2
044498 1
041014 2
242931 0
046462 2
256198 0
044759 2
044226 1
035879 2
035878 2
043908 2
044524 1
044473 2
035912 2
044741 1
040936 1
044755 2
035791 1
044835 1
040962 1
049306 1
044851 2
045319 1
045501 1
242137 0
040937 1
048904 1
044503 1
044064 1
045296 1
046379 2
044520 1
035711 2
089746 0
044748 1
045307 2
044323 1
044762 1
045241 2
250702 0
259672 0
044002 2
040975 2
046489 2
168337 0
045758 2
041480 1
238837 0
035776 1
035846 1
164579 0
035935 2
044691 1
046461 2
211938 0
046493 2
035863 2
078242 0
044032 2
205173 1
040751 2
045854 1
050892 1
187624 0
044589 1
211200 0
045268 2
046459 1
051742 1
044678 1
112155 0
260791 0
044254 2
044767 1
205296 1
045489 2
046476 1
050961 1
044600 1
040816 2
042840 2
048451 1
239324 0
044643 2
257580 0
046047 1
156397 0
044239 1
256113 0
045998 1
242837 0
044677 1
044740 1
168325 0
044747 1
035790 1
051064 2
045928 1
045487 1
044733 2
044679 1
044587 1
271697 0
221821 0
036123 1
257947 0
198755 0
200363 0
213628 1
035916 1
254975 0
281095 0
190512 0
044634 2
046409 2
045845 2
046411 2
209417 1
036131 2
045425 2
035859 2
040793 2
035937 1
045692 1
042358 2
035978 2
045536 1
042260 2
037685 2
045473 2
041306 1
208357 1
044223 1
044692 1
045727 2
036098 1
050685 2
035956 1
040932 1
037675 1
044614 1
044568 2
043900 1
209846 1
054578 1
217289 1
044730 1
207060 1
215119 1
046288 1
035933 2
214463 1
036160 2
044536 1
044603 2
044039 1
044789 1
044735 1
216389 1
037065 1
044703 2
044688 1
214961 1
035841 1
209446 1
035922 2
040907 1
045367 1
036907 1
044419 1
040916 1
041026 1
045619 2
044149 0
037447 1
044644 2
215268 1
201226 1
040821 1
044606 1
044717 1
044781 2
044955 1
044685 1
051482 1
044992 2
049892 2
045351 2
059415 1
051339 1
046198 1
214705 1
035384 1
044636 2
050886 1
045488 2
043982 1
044375 1
213276 1
035304 1
044705 2
044280 2
212460 1
044310 1
045955 1
044592 1
218408 1
036375 2
203822 1
037146 2
045532 2
045163 1
051338 1
040892 1
036990 2
051744 1
207006 1
035744 1
044571 1
040935 1
045178 1
110530 1
049889 1
040934 1
044351 2
059086 1
037445 1
215570 1
044357 1
217387 1
110561 1
035853 1
044552 1
035286 1
037528 2
206535 1
036978 1
205461 1
035283 1
044605 1
213889 0
044734 2
037779 1
035649 1
037106 1
044353 1
044098 2
044648 1
044374 1
035934 1
045248 1
046196 1
044434 1
051042 1
050766 1
044272 1
051519 1
044152 1
044586 1
046276 1
037033 1
051066 1
044649 1
036652 1
065434 0
044430 1
046414 1
214352 1
044129 1
037052 1
046361 1
051605 1
044687 1
035833 2
210107 1
148724 1
044631 1
044801 1
045954 1
035789 0
109397 1
044195 2
044693 1
044008 2
044197 2
219480 1
210344 1
037306 2
044559 1
037231 1
036683 1
037467 1
036663 1
045533 1
218016 1
218217 1
218177 1
206495 1
051664 1
051514 1
081180 1
210290 1
217389 1
037880 1
060586 1
163893 1
258468 1
208572 1
209847 1
217334 1
217902 1
044838 1
110569 1
045201 1
044048 1
037902 2
204592 1
208240 1
258524 1
113250 1
215154 1
163872 1
203999 1
044506 1
206342 1
216276 1
044262 1
079475 1
062819 1
045420 1
039423 2
044588 1
208545 1
043876 1
035839 1
044580 2
035923 2
062813 1
203427 1
051515 1
036048 1
037924 2
045152 1
040802 1
007782 1
205207 1
046102 2
035735 1
045818 1
035920 1
045817 1
205445 1
044003 2
044358 1
048419 1
060535 1
215487 1
036561 1
045703 1
205740 1
209365 1
210265 0
044004 1
040779 1
209788 1
015594 0
048544 0
044163 2
049256 1
045024 2
051554 2
045148 1
045164 1
163071 0
044389 1
075763 1
035870 2
045431 2
046153 1
108793 0
044742 1
201991 1
050533 0
040754 1
048832 1
210560 1
046418 1
204302 1
168396 1
