051099 2
054715 0
059396 0
053703 0
054720 2
052712 0
054675 0
056226 0
053228 2
054407 0
053170 0
053013 0
052140 2
052771 2
056808 2
052129 2
057093 2
055146 2
052269 2
052268 2
052537 2
052724 2
054097 2
048663 2
055463 0
052516 2
054202 2
057019 2
048603 2
054896 2
052800 2
054194 2
055287 2
054127 2
047658 2
056529 1
053408 0
052720 2
056361 2
054487 2
054218 2
053293 2
055599 2
056187 2
054926 2
052806 2
198416 2
055047 0
050164 2
057368 2
055523 0
055087 2
053322 0
051006 0
051033 2
048557 0
057335 2
055478 2
056615 2
054563 0
053285 2
047581 2
055162 2
054875 2
056070 2
052649 2
054877 2
050963 2
054210 2
053476 1
052755 2
054728 2
056341 2
056851 0
055154 0
052613 2
055179 2
051087 2
059298 2
056087 0
054088 0
055291 2
199195 2
052648 0
055245 2
053687 2
054761 2
199046 2
052696 0
054884 2
056741 2
059273 2
056127 0
056742 2
055982 2
055712 2
056714 2
056486 2
054871 2
056866 0
054740 2
054331 2
056514 0
199169 2
054234 2
054076 2
054899 2
057032 2
056680 2
053265 0
059343 0
062968 2
056695 0
052738 0
052610 0
019248 2
054983 0
277543 2
053521 2
243710 2
055074 0
052718 2
088138 2
056744 2
056738 2
054869 2
055880 2
056737 2
053223 0
054981 0
056859 0
235068 0
055486 2
056182 2
055991 2
055470 2
056457 0
056755 2
056492 2
057100 2
056473 0
050224 2
053271 2
056278 2
053602 2
054442 2
052932 2
053200 2
051359 2
056503 0
056857 0
048456 2
057376 0
057372 2
056511 2
056622 2
053001 0
055185 2
277523 2
055416 2
055612 2
051031 2
056700 2
054808 2
048384 2
055871 2
062870 2
055910 0
055384 2
055645 2
056507 0
050588 2
055391 0
055588 2
055525 2
056516 0
199994 2
055488 2
056316 0
056181 2
050150 2
054531 2
059290 0
051402 2
053627 0
054682 2
055216 0
056789 2
052954 2
055487 2
056227 0
057330 2
054587 2
267459 2
059400 0
054727 2
054471 2
055550 0
056461 0
056962 2
060953 2
056430 2
055020 0
048181 2
063807 2
054867 2
202631 2
056186 2
052837 2
054811 0
088112 2
052177 2
053534 2
063658 2
050202 2
054453 0
055164 0
057036 2
053610 2
055541 2
056532 0
053314 2
054895 2
055262 2
057128 0
054279 2
055311 2
056342 2
055200 2
055895 2
055876 0
057138 0
088131 2
053159 2
053243 2
055710 2
053111 2
053000 2
054916 0
054081 2
055148 2
056467 0
053423 2
053250 2
054876 2
163108 2
051005 2
054251 0
056498 2
053050 2
052361 2
055438 2
055468 2
055692 0
055456 2
052433 2
056460 0
055323 0
054530 2
053015 2
056863 0
052956 2
055276 0
054820 0
056476 0
054887 2
053974 2
055875 0
055398 0
236098 2
054160 0
053152 2
163105 2
061105 2
054201 2
061014 2
052146 2
052179 2
052833 2
055967 0
054409 2
054577 2
052354 2
051869 2
053003 2
057334 2
051842 0
056051 0
053597 2
050143 2
054529 2
053619 2
055190 0
236038 2
052953 2
054095 2
054179 2
054872 2
050137 1
056832 2
055331 2
052910 0
052965 2
056044 0
053141 2
054357 2
053124 0
054904 2
054539 2
056724 2
051110 2
056200 0
056287 2
052911 0
055385 2
053046 2
051032 2
053665 2
049042 1
054968 2
054277 2
055419 2
046870 2
053552 2
048583 2
056151 2
055097 0
055174 2
056841 2
056707 2
056397 2
054901 2
059462 0
057328 2
055723 2
055445 2
015803 0
022495 2
054090 2
050124 2
055294 2
054834 2
051582 2
054452 2
057049 2
054894 2
056381 0
054989 2
052598 2
053071 2
054334 0
053054 2
057077 2
082759 2
054488 0
056240 2
054166 2
053245 2
056745 2
048434 2
050236 2
054278 2
049065 2
057152 2
056346 2
053756 2
049683 2
053007 2
053485 2
055068 2
056218 2
055089 2
053600 2
048142 0
052302 2
054857 2
053753 2
053241 2
053650 2
053878 0
055467 2
055308 0
055159 0
054971 2
228639 2
052561 2
055877 0
052701 2
054803 2
054281 0
054975 2
057317 2
056419 0
057353 2
226994 2
054049 2
054283 2
054365 0
053076 2
055236 0
055951 2
054515 2
051820 2
056210 2
054987 2
053512 2
052762 2
053686 2
056843 0
054520 2
055356 0
056716 2
054439 2
271306 2
076879 0
055621 0
052744 2
057140 0
056053 0
055282 2
056326 0
055490 2
050466 2
150360 2
050244 2
052741 0
054801 2
052591 2
055474 0
071085 2
104257 2
055381 0
055992 2
022411 2
082744 2
052882 2
081175 2
053009 2
051337 2
057079 2
054117 2
053691 2
052871 2
052728 2
055258 2
071084 2
104258 2
051102 2
057131 0
056149 0
052515 2
056061 2
169436 2
052776 2
082646 2
055270 2
049698 2
050214 2
054077 2
055471 2
055713 2
056384 2
054540 2
057002 2
053477 2
053478 2
053479 2
052722 2
052111 2
055442 2
036170 0
083069 2
054758 2
048129 0
053107 2
053839 2
055774 0
054387 2
056995 0
055592 2
055516 2
052542 2
222456 0
030859 2
053286 2
054954 0
052780 0
086428 0
055500 0
050251 2
053375 2
053704 2
235121 0
056770 2
227074 0
051376 2
051486 2
082783 2
081121 2
051819 2
055587 0
080965 2
030857 0
052748 2
056100 2
052495 2
052726 2
081013 2
080280 1
054908 2
271408 2
051004 2
052517 2
052520 2
052301 2
080993 2
055995 2
050371 0
065922 2
080365 2
053163 2
053011 2
271307 0
059371 2
052555 2
050426 2
080427 2
056114 2
052686 0
076094 2
054544 0
053705 2
054429 2
059422 2
052815 0
054445 2
112682 0
056861 0
054094 0
056414 2
056358 2
200626 2
200630 2
052838 2
200230 2
056852 1
048750 2
055738 2
271308 2
054800 2
213258 2
213275 2
200629 2
059407 2
202193 2
056629 2
052405 2
049406 2
056821 2
213616 2
053040 0
220721 2
220725 2
051364 0
057311 0
136212 0
053039 0
080747 2
151125 0
080399 2
220905 1
220966 2
054225 0
055036 0
055060 0
050213 2
056485 2
004440 2
202208 2
249697 0
082544 2
049912 2
056263 2
049841 2
022232 0
202245 2
202386 2
080722 2
082660 2
082391 2
082609 2
082598 2
082500 2
056627 2
049908 0
082591 2
082386 2
048442 2
080791 2
082547 2
082692 2
122348 2
080691 2
080772 2
080520 2
049697 2
051615 2
080782 2
082690 2
003562 2
082244 2
080543 0
082594 2
082521 2
080565 0
122350 2
082618 2
080736 2
010046 2
122351 2
168464 2
116411 2
080498 2
182918 2
084108 2
182919 2
056515 0
080720 2
082711 2
080756 2
182934 2
052939 2
163241 2
039786 0
084107 2
056152 2
052586 2
055908 0
039718 0
116415 2
080514 2
054045 2
080773 2
110901 2
054558 0
056968 2
048416 2
080724 2
082504 2
052567 2
056794 2
051780 0
053272 2
047210 0
050778 2
054638 2
055600 2
080356 2
081819 0
080763 2
113705 2
080701 2
055539 0
055309 0
047551 0
052485 0
080381 2
080340 2
054787 0
052790 0
057336 0
080713 2
110933 2
054665 2
263346 0
182922 2
080682 2
080449 2
084847 2
080712 2
181551 2
080495 2
080349 2
080368 2
080397 2
080588 2
080735 2
082708 2
080694 2
080770 2
080613 2
181537 2
084127 2
080602 2
080784 2
080474 2
080309 2
080753 2
080471 2
080783 2
080796 2
080754 2
080714 2
080582 2
080708 2
082383 2
080611 2
082803 2
080768 2
080597 2
080584 2
080379 2
052544 2
080702 2
080635 0
052866 2
080785 2
082797 0
100425 2
082808 0
080360 2
082370 2
082300 2
052865 2
052938 2
080718 2
080685 2
080570 2
080657 2
080669 2
080398 2
080711 2
082791 0
080341 2
080447 2
080591 2
080723 2
082682 2
082673 2
080700 2
080740 2
080469 2
050670 2
080357 2
077667 2
080729 2
134288 0
080466 2
080265 2
048531 2
100426 2
135170 2
082286 2
134309 2
080792 2
219939 0
113721 2
093611 2
049117 2
029888 2
240947 2
135172 2
049696 0
030259 2
083910 2
056097 2
080571 2
093742 2
053867 2
158525 0
210232 0
081427 0
080693 2
080149 2
052926 2
054011 0
083572 2
289361 1
090281 2
289050 0
053841 2
267325 0
055091 0
048202 2
146406 2
053294 0
056820 2
080793 0
212612 0
157745 0
135179 2
080284 0
080589 2
083907 2
135374 0
029875 2
083569 2
138812 0
083557 2
048906 0
083518 1
080346 2
080363 2
052923 2
082562 0
083513 0
222336 0
081021 2
080715 2
070975 2
104148 2
052862 2
084194 2
007987 2
121394 2
080764 2
121379 0
048831 2
056530 1
211196 0
084584 2
054535 2
230776 0
033175 1
053030 2
084192 2
011210 1
052998 2
228749 0
053158 2
007807 0
051127 2
164202 0
056307 2
054224 0
089022 2
035487 0
083466 0
095460 0
054526 2
227073 0
052846 2
080978 0
051160 2
087324 2
098844 0
021770 0
056095 2
059890 0
080171 2
054672 2
050118 2
055412 0
080221 2
050116 2
080730 2
056131 2
281678 0
055706 2
052896 2
166093 0
052887 2
061809 0
078158 0
052659 2
053185 2
054066 2
051034 2
053150 0
155603 0
010891 2
016305 0
080480 0
285147 1
055145 2
054898 2
001538 0
081101 2
090196 0
163448 0
285181 2
285184 0
081060 0
052657 0
031705 0
026709 0
013484 0
080420 0
257779 0
058831 0
054732 0
062341 0
053020 2
144615 2
053094 0
144656 2
046923 2
052585 2
044582 0
052553 2
052950 2
055784 0
052840 0
059315 2
153522 0
000868 0
231240 0
280512 0
056870 0
055292 0
050249 2
055142 0
050250 2
052220 0
044050 0
140752 0
055301 0
006394 0
056324 0
050331 0
019406 0
053044 2
056506 0
054415 2
225135 0
110075 0
230951 0
054921 2
138675 0
054601 2
052280 0
056723 2
250556 0
055447 0
052785 2
057329 2
013459 0
052764 2
159804 2
054707 2
055435 0
211870 0
052364 2
055122 2
080148 2
026099 0
080268 2
010972 1
144280 0
013359 0
054714 2
056415 0
052440 0
205675 0
011997 0
056773 2
053745 2
055888 2
064907 0
081092 2
009106 0
153432 0
053810 0
056505 0
056019 2
055720 0
056318 0
053828 2
132324 0
057338 2
018314 0
072054 1
072432 1
072735 1
072998 1
073258 1
073514 1
073776 1
074033 1
074293 1
105227 1
105605 1
105908 1
106171 1
106431 1
106687 1
106949 1
107206 1
107466 1
054227 2
052684 2
055613 0
056735 2
166498 0
166499 0
238921 0
054138 0
238773 0
277841 0
057252 2
057253 2
057254 2
054966 1
052779 2
158515 0
083517 0
052700 2
081037 2
278366 0
056289 0
052678 0
052768 2
052521 2
052685 0
052638 0
054753 2
064375 0
050826 0
050142 2
053070 0
271761 0
144925 2
116895 0
013811 0
056091 0
056523 0
056835 0
055790 0
050837 2
049671 2
223313 2
223318 2
081685 0
223288 0
224970 0
156681 0
065884 0
056254 0
082329 2
065246 0
056047 0
118386 0
111126 2
162525 0
057139 0
005617 2
137402 0
189889 0
271310 0
048484 2
118074 0
126359 0
055123 0
089683 2
138668 2
263747 2
083465 1
144037 1
051008 0
144043 0
138802 0
263741 2
013133 0
151167 0
080207 1
056018 2
056448 0
149736 0
055521 2
054962 0
035784 0
157744 0
052427 0
029849 0
002325 0
113508 0
052743 0
052742 0
030568 0
077808 2
283598 0
055506 0
267397 2
267406 2
267412 2
267414 2
