034578 0
093157 0
230737 0
239045 2
238784 2
008529 2
069160 2
102333 2
091644 0
053315 0
094783 0
128199 2
128299 2
128673 2
128553 2
128582 2
128581 2
128550 2
017254 2
129627 2
052941 2
061975 2
053422 2
048972 2
048867 0
053137 1
055393 2
051604 2
051639 2
051584 2
062380 0
053518 2
053769 0
059487 2
055618 2
055551 2
054609 2
051640 2
060299 2
000381 2
059464 2
055201 2
001183 2
048973 2
059489 2
059484 2
059479 2
053457 2
041815 2
065151 2
030512 0
053325 2
059414 2
068029 0
070306 2
103479 2
053324 0
063219 2
063024 2
059445 2
044488 0
060527 2
055932 2
081380 2
059252 2
059249 2
081510 2
081381 2
081511 2
076725 2
059424 2
053347 2
124225 2
060477 2
124223 2
063277 0
009754 0
053425 2
055641 2
068030 2
032646 0
059848 2
061011 0
076342 0
051585 2
051564 2
055149 2
001625 2
063604 0
197328 2
197350 2
197351 2
201512 2
197352 2
197401 2
197398 2
230458 2
230460 2
145620 2
060514 2
145821 2
145824 2
227466 1
227543 2
231026 2
227587 2
231027 2
227569 2
201511 0
009442 0
066592 2
011594 0
227416 0
053898 2
059365 0
156230 0
059463 2
088829 0
059629 2
015359 0
076934 0
059295 0
055887 2
094149 0
064781 0
172426 1
175192 1
172550 1
175159 1
171950 1
172067 1
171617 1
172163 1
171446 1
171899 1
172515 1
172482 1
172204 1
175648 1
176627 1
277115 1
176628 1
277106 1
171428 1
172675 1
194474 1
171479 1
171853 1
172315 1
171502 1
171247 1
171434 1
171644 1
172475 1
171107 1
224207 1
186759 1
194256 1
278977 1
171814 1
172674 1
181480 1
171905 1
171915 1
171836 1
172064 1
171563 1
171363 1
189613 0
171896 1
171941 1
171930 1
278978 1
177195 1
171443 1
190056 1
172642 1
175210 1
171415 1
194491 1
172333 1
181969 1
171195 1
172005 1
171811 1
171934 1
171826 1
175647 1
171413 1
176720 1
176721 1
170824 1
172074 1
223433 1
171260 1
171243 1
171631 1
172045 1
171884 1
190452 1
171527 1
171920 1
171945 1
172742 1
171660 1
172361 1
172228 1
179072 1
193560 1
178888 1
170879 1
172664 1
171592 1
180580 1
177295 1
172355 1
170956 1
172385 1
172495 1
178341 1
176571 1
171668 1
179655 1
184319 1
171062 1
171276 1
172182 1
192121 1
171956 1
171354 1
179440 1
224047 1
172490 1
171011 1
182646 1
171763 1
171978 1
170978 1
177296 1
178342 1
172409 1
172084 1
172405 1
185015 1
172031 1
172436 1
171068 1
172644 1
177293 1
172654 1
177294 1
171594 1
171939 1
226281 1
172614 1
172606 1
170887 1
172357 1
171411 1
240371 1
170958 1
179202 1
171694 1
185669 1
171638 1
172167 1
172158 1
240373 1
181481 1
172284 1
250348 1
177292 1
237175 1
171209 1
172676 1
177235 1
171393 1
172541 1
172154 1
172615 1
172371 1
172037 1
193201 1
171585 1
177236 1
171281 1
172648 1
172542 1
171705 1
171890 1
172052 1
240262 1
184255 1
172022 1
171496 1
171839 1
171802 1
190894 1
174075 1
171605 1
172455 1
177539 1
187630 1
189822 1
172093 1
172438 1
174320 1
173608 1
171554 1
171974 1
172682 1
171129 1
179656 1
237815 1
172693 1
171239 1
171923 1
177540 1
194459 1
172669 1
171405 1
172340 1
172723 1
187947 1
172144 1
172332 1
171753 1
172200 1
172112 1
174234 1
170820 1
171582 1
172415 1
172616 1
172617 1
171764 1
171157 1
172418 1
237319 1
171176 1
171769 1
171455 1
172172 1
193125 1
171936 1
242350 1
184781 1
179654 1
170922 1
172498 1
172656 1
172316 1
172146 1
190682 1
171597 1
179411 1
171064 1
223444 1
172137 1
171083 1
171983 1
171160 1
171729 1
171609 1
172394 1
171340 1
192184 1
172412 1
170868 1
173000 1
172509 1
172289 1
172535 1
171965 1
171788 1
171684 1
172002 1
175053 1
172537 1
171366 1
171186 1
171072 1
177533 1
171339 1
171240 1
171577 1
171692 1
172300 1
172430 1
239408 1
171614 1
185138 1
172041 1
171237 1
171524 1
171835 1
180281 1
172122 1
171154 1
173595 1
171780 1
175000 1
184992 1
188804 1
250961 1
183225 1
174252 1
171379 1
171765 1
171523 1
172447 1
179365 1
172040 1
172111 1
172686 1
188457 1
171815 1
172171 1
179185 1
171990 1
171168 1
170960 1
179390 1
179632 1
191713 1
172377 1
172637 1
171536 1
172338 1
179670 1
171427 1
240249 1
171948 1
171246 1
172583 1
172650 1
172641 1
172128 1
172663 1
178162 1
224499 1
172705 1
178533 1
179671 1
172195 1
170857 1
178992 1
271370 1
178163 1
179230 1
172188 1
181482 1
172350 1
189355 1
172086 1
177534 1
171761 1
171189 1
172047 1
171206 1
241226 1
171778 1
171771 1
171904 1
171783 1
254409 1
171093 1
178534 1
171535 1
171184 1
171860 1
171470 1
172598 1
170838 1
172556 1
172501 1
178984 1
171821 1
172078 1
171202 1
171995 1
172123 1
171619 1
172406 1
179247 1
175534 1
171574 1
237923 1
171086 1
192974 1
181571 1
182258 1
171338 1
182250 1
172557 1
172118 1
237928 1
171730 1
172141 1
172464 1
171637 1
171650 1
179188 1
225062 1
172100 1
171799 1
171571 1
171223 1
171651 1
172725 1
183973 1
172104 1
172422 1
172599 1
172105 1
171894 1
171538 1
172476 1
172108 1
179327 1
172994 1
179673 1
171451 1
172658 1
170814 1
176514 1
175100 1
224220 1
170918 1
223535 1
174995 1
171958 1
171727 1
172536 1
171981 1
225704 1
172027 1
172130 1
171790 1
224219 1
179219 1
171518 1
172417 1
170929 1
172024 1
182369 1
171715 1
172563 1
171803 1
172516 1
171147 1
172587 1
172324 1
171658 1
172225 1
170862 1
171268 1
172151 1
172690 1
172346 1
179037 1
184991 1
171776 1
177073 1
171712 1
184365 1
172268 1
178058 1
172603 1
172386 1
177001 1
171529 1
175638 1
171300 1
171295 1
224776 1
171624 1
171543 1
172538 1
189483 1
177078 1
172566 1
178546 1
172528 1
179420 1
177002 1
189277 1
178059 1
172207 1
172362 1
179306 1
177074 1
173472 1
172404 1
178453 1
172133 1
188033 1
188095 1
172424 1
171907 1
179340 1
171687 1
171732 1
171468 1
178229 1
172061 1
173473 1
171285 1
172092 1
172201 1
172249 1
171449 1
172007 1
170854 1
171551 1
172462 1
171696 1
172212 1
178637 1
172431 1
190085 1
172548 1
178031 1
171902 1
171610 1
178032 1
178230 1
179213 1
171633 1
186171 1
175150 1
240254 1
171657 1
175077 1
173332 1
172378 1
172604 1
171937 1
172240 1
177079 1
172380 1
173338 1
178638 1
172529 1
172193 1
179344 1
172592 1
170882 1
172185 1
240554 1
172605 1
171162 1
223616 1
172703 1
179418 1
178060 1
172437 1
172696 1
172688 1
177647 1
171928 1
178454 1
171758 1
172003 1
171600 1
172569 1
178492 1
172223 1
179623 1
172593 1
179195 1
177648 1
189442 1
170789 1
179256 1
179663 1
174567 1
172309 1
226303 1
172291 1
191009 1
174511 1
171643 1
171807 1
171671 1
172088 1
172302 1
172453 1
177662 1
179844 1
172029 1
177663 1
172514 1
172505 1
171439 1
172217 1
171819 1
171892 1
172667 1
172594 1
171871 1
172322 1
172720 1
240311 1
171864 1
172145 1
188159 1
177938 1
172738 1
172570 1
178061 1
172187 1
172621 1
171999 1
179845 1
171475 1
172176 1
179402 1
177939 1
172716 1
172730 1
179613 1
172586 1
171478 1
174228 1
172034 1
170950 1
171794 1
171971 1
172155 1
178403 1
187296 1
172197 1
172635 1
178493 1
172320 1
179227 1
171151 1
172285 1
172169 1
171869 1
172363 1
171735 1
171797 1
179308 1
172487 1
178404 1
179304 1
172328 1
171943 1
188498 1
179336 1
172564 1
237839 1
223985 1
224116 1
179477 1
187196 1
172054 1
171719 1
181338 1
262333 1
172521 1
171368 1
183209 1
172270 1
172275 1
179497 1
171725 1
171723 1
170967 1
175023 1
175129 1
170914 1
172229 1
172565 1
172327 1
178507 1
172704 1
172258 1
184461 1
172639 1
177656 1
178957 1
172707 1
172522 1
179337 1
171425 1
171275 1
170890 1
172506 1
184812 1
188169 1
172066 1
171878 1
171940 1
172039 1
240368 1
172660 1
184031 1
176589 1
172549 1
177143 1
240558 1
172053 1
179668 1
177657 1
172493 1
178508 1
255137 1
173454 1
171697 1
171618 1
171908 1
172468 1
183197 1
179444 1
171144 1
172483 1
240244 1
172401 1
171773 1
170916 1
259894 1
178420 1
182813 1
171310 1
184235 1
171046 1
267907 1
183678 1
171350 1
173469 1
170953 1
172743 1
172237 1
171581 1
172150 1
171823 1
172443 1
171881 1
172318 1
172254 1
172280 1
176892 1
172471 1
176893 1
171841 1
177304 1
183775 1
177305 1
172106 1
173470 1
179377 1
171548 1
171492 1
172440 1
178421 1
171690 1
177144 1
170841 1
171866 1
240252 1
237921 1
172252 1
184426 1
178803 1
173645 1
171830 1
192704 1
172365 1
172396 1
172102 1
171272 1
179628 1
171767 1
181641 1
171036 1
179604 1
171460 1
178804 1
172626 1
259896 1
179609 1
171959 1
172624 1
172629 1
179485 1
171740 1
172585 1
172481 1
171646 1
184979 1
172627 1
179608 1
172339 1
175419 1
172149 1
172625 1
188487 1
172630 1
171917 1
181640 1
174813 1
171812 1
177849 1
171382 1
174964 1
187079 1
181639 1
172353 1
171590 1
172552 1
172126 1
185117 1
172083 1
171235 1
177850 1
172727 1
172077 1
171507 1
171498 1
171533 1
171816 1
225341 1
179611 1
172461 1
172729 1
172048 1
184966 1
179424 1
171784 1
171231 1
171929 1
189993 1
172097 1
180515 1
189932 1
172519 1
172425 1
172341 1
171226 1
172513 1
171953 1
170792 1
237851 1
171290 1
172134 1
172230 1
224449 1
170985 1
175330 1
171547 1
171716 1
170822 1
176593 1
172370 1
175351 1
172609 1
172392 1
172573 1
182941 1
171785 1
171962 1
222802 1
172079 1
171293 1
172782 1
193252 1
171954 1
171200 1
182117 1
172011 1
170786 1
179643 1
172485 1
172304 1
188174 1
178368 1
171980 1
174110 1
172115 1
171569 1
171989 1
178369 1
171229 1
179056 1
172486 1
171993 1
172460 1
172236 1
171913 1
170808 1
172478 1
179229 1
171997 1
175177 1
171699 1
172057 1
251024 1
171805 1
172708 1
171342 1
171859 1
171750 1
172421 1
172020 1
172383 1
172388 1
226291 1
172449 1
172777 1
171109 1
172429 1
171292 1
244578 1
172032 1
172014 1
235833 1
171541 1
171336 1
177789 1
173700 1
171440 1
177790 1
237840 1
171925 1
172075 1
171531 1
174805 1
188192 1
172503 1
172266 1
179353 1
236778 1
171035 1
173711 1
175395 1
171334 1
179677 1
172073 1
171329 1
176569 1
171037 1
277190 1
182643 1
172015 1
179355 1
177393 1
255139 1
174963 1
174049 1
177394 1
172702 1
171736 1
171848 1
181721 1
171745 1
172450 1
179361 1
171384 1
172312 1
237926 1
171789 1
176939 1
235978 1
240370 1
180196 1
280669 1
172001 1
176940 1
171452 1
172374 1
180258 1
237852 1
240567 1
172017 1
171686 1
171335 1
235985 1
240312 1
173452 1
236786 1
235848 1
235850 1
235853 1
068518 0
059304 0
011333 0
088780 0
059267 0
239413 0
069661 0
054119 0
171453 0
081078 0
076386 2
172645 0
059490 2
197718 0
048123 0
054676 0
172466 0
041040 0
122715 0
189616 0
035508 0
011238 0
091011 0
144493 0
175308 0
090950 0
068850 0
142363 0
156228 0
071718 0
074449 0
172448 0
104891 0
062918 0
098150 0
102834 0
283977 0
055529 2
055702 2
178994 0
059269 0
078697 0
116393 0
161943 0
046425 0
044167 0
090060 0
107622 0
092156 0
185470 0
091083 0
059253 0
040236 0
211393 0
069511 0
179010 0
060097 0
172472 0
283975 0
059179 0
069605 0
034539 0
055778 0
013307 0
035206 0
126570 2
020544 0
254802 0
075126 0
108957 0
083070 0
102778 0
034705 0
227438 0
063637 0
170975 0
067551 0
091851 0
197678 0
059082 0
034274 0
108693 0
188717 0
045847 0
183562 0
065555 0
254257 0
279963 0
172718 0
110778 0
227428 0
197641 0
079217 0
090115 0
055949 0
185322 0
069430 0
161956 0
006174 0
048542 0
062959 0
063635 0
093929 0
252959 0
254424 0
059272 0
088428 0
061301 0
055492 0
171755 0
003355 0
203022 0
185469 0
246491 0
040578 0
002200 0
045500 0
054731 0
252481 0
078374 0
134511 0
003096 0
181087 0
025373 0
060181 0
091439 0
211376 0
254646 0
172643 0
139552 0
202705 0
085878 0
057991 0
044925 0
170791 0
273692 0
134522 0
287560 0
070372 0
018237 0
230615 0
030924 0
090067 0
089145 0
085381 0
252479 0
082014 0
088496 0
088035 0
043558 0
102152 0
053412 0
143786 0
282670 0
068806 0
142931 0
196423 0
045971 0
264940 0
223151 0
175838 0
043516 0
067559 0
068799 0
286797 0
179026 0
083567 0
055386 0
062969 0
017211 1
173453 0
180421 0
041383 0
067546 0
230625 0
228121 0
108944 0
080923 0
094122 0
211377 0
211394 0
103545 0
283991 0
053784 0
223675 0
102684 0
079184 0
174039 0
076694 0
013944 0
001114 0
069512 0
144536 0
085357 0
171580 0
277735 0
102685 0
071466 0
044401 0
254928 0
059491 0
087379 0
089166 0
035042 0
099317 0
023731 0
079035 0
023650 0
141401 0
236824 0
284006 0
238040 0
062699 0
045933 0
226280 0
071716 0
065315 0
060769 0
125097 0
182751 2
182753 2
182750 2
182747 2
182674 0
226865 0
048362 0
203104 0
021648 0
091854 0
230989 0
145960 0
172646 0
104889 0
187153 0
133054 0
276859 0
068816 0
081076 0
227434 0
112981 0
180842 0
069259 0
019438 0
223152 0
287210 0
034767 0
088210 0
283994 0
156671 0
075830 0
180835 0
157030 0
180407 0
126037 0
283993 0
134730 0
064036 0
206915 0
095082 0
269073 0
074783 0
045442 0
134843 0
092239 0
188193 0
070273 0
146334 0
137371 0
061303 0
009644 0
116322 0
126149 0
067357 0
287153 0
034840 0
077491 0
188669 0
096122 0
269884 0
232806 0
019888 0
139449 0
284007 0
289076 0
083585 0
266277 0
092157 0
227614 0
230891 0
075768 0
035069 0
125113 0
135092 0
102219 0
077173 0
010735 0
142083 0
133226 0
120575 0
173680 0
262322 0
089169 0
256840 0
053971 0
083006 0
287213 0
181056 0
251748 0
102432 0
069809 0
077357 0
077888 0
065771 0
181303 0
014400 0
014695 0
281834 0
033771 0
223544 0
254972 0
044053 0
175532 0
033108 0
069663 0
034865 0
289132 0
175857 0
272799 0
170933 0
285642 0
051132 0
229396 0
116277 0
066387 0
269081 0
044518 0
226868 0
035616 0
077278 0
277189 0
051224 0
033049 0
015579 0
102836 0
197394 0
067741 0
050237 0
057503 0
058707 0
057708 0
139622 0
060887 0
030596 0
085358 0
179464 0
170297 0
276865 0
081028 0
185837 0
112833 0
229228 0
025604 0
287266 0
229416 0
051885 0
039833 0
010297 0
108179 0
005563 0
015857 0
207555 0
042101 0
077704 0
088103 0
014699 0
234203 0
241915 0
128944 0
035558 0
069322 0
241876 0
192942 0
034870 0
197397 0
289133 0
175040 0
001990 0
053288 0
226937 0
054380 0
055232 0
253744 0
122618 0
048847 0
116051 0
208850 0
082518 0
095989 0
038796 0
187108 0
103446 0
104639 0
128957 0
119162 0
134618 0
102495 0
289458 0
077361 0
005661 0
227451 0
186590 0
234386 0
283990 0
019860 0
042172 0
197433 0
197400 0
081911 0
075214 0
015943 0
134582 0
032983 0
018116 0
143244 0
212327 0
229391 0
178772 0
242803 0
069435 0
218437 0
254964 0
285564 0
172709 0
023651 0
077119 0
174048 0
087533 0
266995 0
185834 0
233190 0
251762 0
083040 0
043828 0
087738 0
256188 0
287301 0
035905 0
238400 0
270825 0
277394 0
113799 0
180013 0
117803 0
076856 0
092824 0
056892 0
192995 0
102608 0
277734 0
010820 0
016466 0
007191 0
287178 0
270878 0
085322 0
259837 0
179504 0
005942 0
258113 0
087065 0
173640 0
096172 0
069295 0
026035 0
134691 0
109754 0
285615 0
241916 0
014833 0
114715 0
067919 0
141192 0
057977 0
102603 0
134509 0
046131 0
061937 0
193742 0
053413 0
011190 0
085326 0
068700 0
173538 0
041566 0
148390 0
224141 0
214839 0
145674 0
034742 0
174787 0
041561 0
237793 0
233228 0
051808 0
109268 0
135427 0
271557 0
077459 0
131191 0
043086 0
156344 0
146978 0
003766 0
251831 0
276823 0
075078 0
085462 0
266998 0
027011 0
054427 0
277733 0
012172 0
035026 0
146191 0
041154 0
272197 0
152784 0
039814 0
076594 0
084982 0
240571 0
251766 0
175981 0
123739 0
266996 0
062743 0
256177 0
075889 0
054861 0
043093 0
175254 0
102468 0
092977 0
267779 0
014086 0
114706 0
102982 0
032253 0
133565 0
227459 0
277973 0
193353 0
034522 0
002334 0
234738 0
033804 0
028283 0
139401 0
278327 0
083459 0
091894 0
227551 0
143566 0
276875 0
262568 0
134324 0
176348 0
288630 0
147392 0
007729 0
143918 0
226290 0
169505 0
035109 0
275603 0
052893 0
180049 0
032802 0
108669 0
226519 0
127630 0
211232 0
039999 0
058296 0
126022 0
251790 0
198200 0
051058 0
025639 0
079755 0
166748 0
030820 0
191583 0
081907 0
149267 0
077880 0
081713 0
039879 0
084305 0
134517 0
130766 0
095727 0
078618 0
227754 0
198510 0
193251 0
051318 0
077166 0
077660 0
289245 0
218020 0
082543 0
038054 0
041905 0
224083 0
165343 0
262904 0
077723 0
018289 0
243409 0
041434 0
083098 0
143923 0
141216 0
027007 0
279171 0
092640 0
087819 0
205842 0
085481 0
112808 0
266063 0
120576 0
013112 0
060494 0
206722 0
175255 0
240258 0
177442 0
191261 0
081019 0
285662 0
188046 0
182169 0
083157 0
286813 0
232826 0
257105 0
062752 0
112913 0
034217 0
202981 0
260692 0
076831 0
238843 0
251657 0
081784 0
225916 0
002586 0
126025 0
014608 0
158993 0
125111 0
251736 0
070529 0
083026 0
092483 0
243011 0
128901 0
023137 0
172558 0
269628 0
214155 0
059589 0
207636 0
025663 0
173696 0
014079 0
087257 0
177480 0
161358 0
062786 0
126031 0
087740 0
159112 0
281861 0
262529 0
251735 0
041025 0
154866 0
058611 0
253077 0
033269 0
178170 0
087850 0
269631 0
195241 0
194044 0
054449 0
241638 0
059165 0
235335 0
040787 0
263195 0
228417 0
033273 0
093068 0
143993 0
074733 0
183051 0
182182 0
171804 0
005823 0
148821 0
045701 0
113989 0
243396 0
008799 0
043209 0
174801 0
117966 0
042053 0
261106 0
270534 0
040433 0
085941 0
035229 0
272838 0
088613 0
178962 0
149274 0
180838 0
084524 0
272575 0
016511 0
269482 0
230677 0
034744 0
151675 0
134934 0
171111 0
003067 0
027263 0
059359 0
087887 0
054448 0
228904 0
240619 0
060123 0
076593 0
207073 0
134079 0
151684 0
266530 0
060541 0
194278 0
048560 0
267224 0
256324 0
020292 0
067381 0
069374 0
067484 0
020543 0
214938 0
090098 0
165314 0
067361 0
161346 0
181720 0
172071 0
230811 0
134525 0
158411 0
200723 0
020745 0
054757 0
075409 0
131063 0
068346 0
254633 0
095891 0
085506 0
048398 0
178971 0
082495 0
174037 0
035460 0
062624 0
137466 0
067271 0
214441 0
053854 0
093120 0
108672 0
154489 0
036473 0
262377 0
032982 0
110285 0
251749 0
046410 0
265891 0
027253 0
003589 0
289147 0
233375 0
080752 0
266706 0
043200 0
066256 0
267900 0
277539 0
050907 0
083115 0
062770 0
229144 0
143919 0
018168 0
179634 0
171685 0
243013 0
074832 0
011386 0
134949 0
076626 0
051871 0
251858 0
236544 0
001370 0
075403 0
054417 0
081272 0
016882 0
119073 0
067564 0
234793 0
251857 0
001925 0
014125 0
005385 0
195227 0
065747 0
043306 0
134510 0
065776 0
260092 0
236842 0
221148 0
087894 0
241327 0
062675 0
058714 0
061327 0
171497 0
257831 0
133489 0
174910 0
042040 0
230230 0
178667 0
011635 0
074713 0
003830 0
193745 0
069796 0
056148 0
066933 0
090256 0
029082 0
018996 0
179520 0
039406 0
270851 0
180406 0
014214 0
265952 0
258307 0
077263 0
185899 0
102969 0
172689 0
236403 0
185897 0
013226 0
045796 0
141217 0
236457 0
287208 0
281823 0
178981 0
034978 0
236023 0
136073 0
194485 0
050199 0
001372 0
100975 0
016172 0
075218 0
109581 0
231147 0
109582 0
272210 0
065554 0
252435 0
030087 0
042930 0
010918 0
045673 0
034980 0
196793 0
091896 0
272805 0
181881 0
275778 0
169671 0
025979 0
257409 0
033043 0
080030 0
069958 0
013311 0
232855 0
100278 0
128989 0
170925 0
054992 0
139749 0
078100 0
011931 0
144016 0
051959 0
087282 0
026039 0
077591 0
058020 0
174908 0
226492 0
277990 0
134543 0
143190 0
265992 0
141861 0
145980 0
195402 0
238445 0
234792 0
050369 0
127597 0
172010 0
192692 0
184425 0
081783 0
170911 0
111447 0
009147 0
226470 0
210094 0
115252 0
285465 0
128400 0
077969 0
210626 0
161320 0
049225 0
135460 0
134993 0
236614 0
075933 0
266045 0
228420 0
157037 0
143861 0
232760 0
175630 0
038114 0
046778 0
287207 0
123744 0
006557 0
126038 0
112853 0
029674 0
146775 0
108673 0
182509 0
094840 0
175970 0
287131 0
025944 0
041019 0
222801 0
039764 0
164067 0
210491 0
040330 0
069063 0
089042 0
256295 0
071614 0
234787 0
277398 0
012503 0
168930 0
181388 0
104787 0
051308 0
051967 0
062378 0
048808 0
045839 0
259027 0
058612 0
172467 0
034900 0
127596 0
033095 0
172019 0
182510 0
088044 0
245087 0
113081 0
011224 0
086864 0
257345 0
178266 0
179293 0
068233 0
141883 0
064254 0
282927 0
071392 0
165908 0
034451 0
172710 0
058286 0
041106 0
251763 0
261108 0
068039 0
235829 0
279501 0
276174 0
165930 0
021621 0
059743 0
076693 0
277534 0
075925 0
225530 0
006275 0
012772 0
117229 0
126048 0
236858 0
179235 0
145671 0
257142 0
272801 0
046861 0
014378 0
058288 0
259882 0
198165 0
207236 0
078300 0
277409 0
026987 0
172390 0
123449 0
060119 0
232799 0
078871 0
081698 0
194385 0
162706 0
067329 0
266010 0
134643 0
026953 0
050906 0
225529 0
177401 0
189002 0
158987 0
193130 0
226472 0
175309 0
170855 0
018317 0
030380 0
035387 0
095061 0
141312 0
074154 0
035475 0
220279 0
135274 0
095833 0
127583 0
052485 0
152039 0
008874 0
094902 0
171000 0
035064 0
205957 0
096946 0
078838 0
059722 0
134506 0
092960 0
069333 0
133875 0
130490 0
222864 0
243748 0
102547 0
067421 0
201188 0
047853 0
088695 0
249740 0
135579 0
007236 0
098453 0
052306 0
181808 0
014217 0
277105 0
187948 0
074794 0
289909 0
180634 0
134863 0
172662 0
091779 0
111940 0
256940 0
038371 0
260441 0
194531 0
037624 0
129037 0
194275 0
061186 0
005844 0
256272 0
050911 0
040861 0
234983 0
042386 0
181715 0
260807 0
116388 0
197962 0
057892 0
061460 0
164661 0
012008 0
186618 0
063081 0
095860 0
011710 0
041731 0
148046 0
139073 0
069161 0
054204 0
051680 0
241404 0
158109 0
194490 0
177400 0
146485 0
113484 0
066300 0
140202 0
111566 0
009816 0
055251 0
224986 0
025943 0
243412 0
172776 0
214444 0
178209 0
228129 0
007115 0
154345 0
277968 0
272756 0
066039 0
176346 0
071631 0
141753 0
253653 0
218276 0
185192 0
035720 0
252487 0
041782 0
