230317 0
264419 0
270985 0
194182 0
197669 0
263494 2
263492 0
281830 0
123456 0
263493 0
273164 0
123464 0
236641 0
123445 0
271698 2
271768 2
271351 2
271350 2
271355 2
271378 2
271834 2
271894 2
272000 2
271895 2
274307 2
274509 2
270358 1
270273 2
271990 2
271988 2
256655 0
274316 2
274506 2
282041 0
274514 2
274519 2
068401 0
270264 2
270361 1
271394 2
277278 2
271388 2
271393 2
276146 2
276158 2
271520 2
271531 2
271542 2
271367 2
271283 2
276209 2
270922 2
270933 2
272220 2
270982 2
286783 2
272224 2
272223 2
272219 2
243771 2
255783 2
277343 2
276990 2
277292 2
277290 2
276020 1
277146 2
279601 2
279586 2
279587 2
276138 2
288310 2
288265 2
288296 2
282032 2
259937 2
259941 1
281662 0
283638 1
276973 1
276967 1
281000 1
283576 1
283577 1
283650 1
192599 0
284823 1
270423 2
270435 2
270298 2
270299 2
270625 2
268971 2
270142 2
268931 2
270143 2
269944 2
270999 0
269253 2
269257 2
244533 2
271397 2
269795 2
269180 2
288485 2
288487 2
288486 2
288476 2
272169 2
075085 0
272001 2
272129 2
269943 0
272128 2
271392 0
270472 2
284744 2
284745 2
284746 2
271999 2
271087 2
272403 0
289398 1
289397 1
271141 2
271242 2
277364 2
236978 2
274373 0
274253 0
236986 2
107758 0
231427 0
252303 2
256415 2
256411 2
264069 2
264098 2
264099 2
184875 2
230289 0
283635 1
283636 1
004718 2
118970 2
289276 0
186268 0
004588 2
231185 0
271530 2
271540 2
257612 2
257603 2
276113 0
260562 2
128524 0
279962 1
284242 0
144136 0
231912 2
231908 2
231888 2
231913 2
231886 2
259710 0
262911 0
256169 2
257604 0
271057 0
233148 0
151006 0
231276 0
254949 0
256647 0
230890 0
256422 0
271602 0
005624 0
257613 2
273711 0
067444 1
067356 1
067327 0
265028 0
068443 1
068420 1
067424 0
017639 1
055964 0
087220 0
284241 0
162249 2
162277 0
107802 0
256474 0
067338 0
281670 1
281708 1
056148 2
068071 0
178613 0
281688 0
162688 0
288700 2
288698 2
182256 0
166675 2
166676 2
166674 2
166832 2
256485 0
200650 0
275686 0
270572 2
270356 2
275280 0
205891 0
210843 0
270533 0
266506 0
109622 0
057113 0
266128 0
264257 0
265404 0
197647 0
230859 0
155942 2
288364 0
263327 0
144138 0
271387 0
230303 0
256419 0
138974 0
178151 0
272819 0
274254 0
284160 0
138799 0
260984 0
186246 0
254958 0
273903 2
273888 2
197155 0
282040 0
107794 0
182601 0
074588 1
080104 0
080113 0
058091 0
275405 0
286426 2
275472 0
286423 2
279002 1
286424 2
286427 2
154957 0
269452 0
190852 0
197151 0
195574 0
056640 0
176057 0
247415 0
275070 0
260615 0
264920 2
264921 0
055785 0
232390 0
263331 0
229488 0
267262 0
221180 0
281732 0
283475 0
264243 0
170618 0
287750 0
274385 0
276084 0
165343 2
165345 2
164141 0
018009 0
236795 2
276956 0
289578 0
179394 2
274438 0
289273 0
270532 0
269513 0
275685 0
259699 0
175936 0
250194 0
182335 0
268961 0
264930 0
082651 0
238381 0
270987 0
268514 0
022464 1
210727 0
162819 0
272820 0
237036 0
053259 2
258195 0
054553 0
151043 0
133315 0
260865 2
260906 2
223236 0
054524 0
134015 0
264629 0
017935 0
159790 2
159848 2
159864 2
192692 0
162594 0
275857 0
288522 2
288519 2
288513 2
009631 0
283637 0
164033 0
165280 1
165257 0
165277 0
164103 0
173799 0
266188 0
257384 1
257881 0
142659 0
258098 0
259702 0
178687 0
196781 0
020292 1
264538 0
279053 0
053288 2
273448 0
196440 0
014212 0
164122 0
019438 2
256304 0
016962 1
150757 0
157136 2
157139 2
000401 1
130641 2
130647 2
130658 2
130652 2
130732 2
130908 2
010320 2
014885 2
012058 2
011650 1
011466 2
077133 2
069400 2
102573 2
070479 2
070538 2
103652 2
103711 2
070452 2
103625 2
070404 2
103577 2
070643 2
103816 2
070628 2
070540 2
103801 2
103713 2
005022 2
119401 2
014613 2
064532 0
011628 2
124412 2
010258 2
122273 2
017410 2
129499 2
043878 2
070228 2
103401 2
070191 2
103364 2
070192 2
103365 2
076767 1
050144 0
116218 2
017213 2
051153 2
054555 2
130744 2
068452 2
053599 2
050208 0
000361 2
001038 2
017808 0
182807 0
067814 0
011907 1
001215 2
130433 2
012192 1
123795 0
016117 1
000637 2
101997 1
124435 2
068433 1
130945 2
044652 2
045042 2
067049 1
036530 1
044653 0
044541 0
011829 2
014921 0
052782 2
052957 2
001495 2
088119 0
053077 0
009142 0
009526 0
064941 1
098057 2
064837 1
098058 2
020574 2
044507 0
044440 0
065849 1
000402 2
016162 1
069460 2
017780 1
006380 1
102633 2
075408 2
124461 0
065967 0
067693 0
081074 2
075237 0
124338 2
130104 0
077929 0
124286 2
005669 0
066139 0
131844 0
003720 1
051558 2
000100 1
136173 0
056754 2
057287 2
056299 0
099941 0
141397 0
004067 1
071363 0
120278 0
015421 1
000268 2
115621 0
130902 0
136936 0
003574 1
135444 0
044135 2
044010 2
130868 2
006194 1
119480 0
050419 2
050321 2
165265 0
176814 0
066040 0
046083 0
030891 0
123847 2
009036 0
085028 0
260121 0
141423 0
003755 1
052333 0
014945 0
024602 0
182480 0
023660 0
130161 0
252746 2
116236 1
116182 1
002586 2
088089 2
133489 0
011409 0
128623 0
119216 0
026835 0
044047 0
139097 0
023708 1
023811 0
252678 0
069011 2
089356 2
090215 2
154345 0
001833 2
182551 0
068340 1
133488 0
041784 0
003572 1
001172 2
256003 2
001225 2
067932 2
049908 0
042040 0
275071 0
164129 0
006419 1
081943 0
057053 0
009470 0
176821 0
065710 1
066050 1
003919 0
179129 2
066712 0
256272 0
179119 2
178922 2
098675 0
131063 0
179362 2
179376 2
041211 0
179396 2
003823 1
087274 0
065781 0
003667 1
003473 0
031324 2
031255 2
119043 0
003672 0
008615 0
067004 1
016155 1
050847 0
016149 1
004895 1
003435 2
119230 1
175018 2
002822 0
017104 2
017108 2
175035 2
154175 0
108535 0
117016 0
119041 0
053483 0
048229 2
048223 2
048230 2
028912 0
048285 0
048308 0
085169 0
010252 0
048340 0
116550 2
259904 0
169183 0
116309 1
010279 1
074435 0
003614 2
065082 0
003887 1
058054 0
245012 2
091427 0
035064 0
065026 0
077445 0
004062 1
003612 2
100907 0
024603 0
017673 0
068642 0
013246 0
123900 2
169184 0
135551 0
256840 2
119214 0
175112 0
078150 0
041206 0
065643 0
119351 0
259109 2
259113 1
016676 2
003615 0
264148 0
254308 0
003756 1
085027 0
065390 0
003681 0
252524 2
251147 1
164859 0
003630 0
068732 0
135413 0
241723 1
241724 1
003695 1
241752 1
241710 1
241712 1
241849 1
259110 1
241693 1
259114 1
258102 1
241601 1
241706 1
241952 1
241789 1
241722 1
241725 1
241753 1
271050 0
236241 2
115782 1
234807 0
241928 0
117757 1
215184 0
239275 0
003599 1
040862 0
001262 0
115761 1
272782 0
275081 0
027024 0
041785 0
003886 0
234829 0
002344 2
015677 0
182554 0
133325 0
003439 0
065797 0
255988 0
174989 1
003625 2
235335 0
112931 0
174988 1
005880 0
003437 0
123029 0
284094 0
117725 0
174979 0
234845 0
225781 0
098618 0
123144 0
016452 0
147926 0
135464 0
088789 0
068095 0
230810 0
139063 0
003584 2
176832 0
265399 0
192836 0
065688 0
054427 0
068375 0
134250 0
076270 0
003613 0
179398 0
052463 0
164147 2
066096 0
025657 2
115664 1
053075 0
111941 0
108517 0
138532 0
136771 0
149651 0
057396 0
008338 0
264517 1
175090 1
163746 0
239295 0
003576 0
030912 0
061722 0
271353 0
215187 0
129325 0
128503 0
048108 0
123145 0
119426 0
050633 0
149156 0
275521 0
011906 0
137385 0
164102 0
033834 0
054207 0
098568 0
071622 0
264928 0
219969 2
256020 0
169685 0
036324 0
004460 1
118649 1
139151 0
166592 0
099396 2
053234 0
116011 2
094425 0
098542 0
282164 0
270607 0
049841 0
065699 0
117922 0
027015 0
279055 0
112875 0
193906 0
109306 0
144664 0
167309 0
008279 0
045271 0
149647 0
069958 0
140424 0
119221 0
005990 2
206357 0
250638 0
164032 1
011236 0
034131 0
015093 0
030666 0
035990 0
167291 0
135662 0
135461 0
025003 0
020544 0
003432 0
087652 0
196780 0
164128 0
030599 0
153464 0
234197 0
255208 0
027004 0
035060 0
271619 0
003573 0
028993 2
289771 1
029023 2
289776 0
254706 0
050763 0
164121 0
009999 0
067154 0
164505 0
194269 0
079958 0
035043 0
065242 0
196782 0
134420 0
139066 0
036314 0
128437 0
243452 0
134739 0
141718 0
163016 0
244974 0
107800 0
088177 0
098643 0
046387 2
046392 0
046282 0
122579 0
266273 0
062076 0
123041 0
169671 0
047152 0
186645 0
199278 0
254309 2
264363 2
013945 0
264318 2
009294 0
230831 0
058317 0
225764 0
270986 0
267213 0
066144 0
254109 0
051851 0
067124 0
094492 0
050479 0
109308 0
234994 0
274677 0
229256 0
030596 0
101558 0
014920 0
135448 0
006229 0
029037 0
275638 0
061990 0
004065 2
045362 1
265074 1
041855 0
275388 0
261892 2
265062 0
051012 0
261891 2
134271 0
029075 0
162643 0
014647 0
034474 0
112850 0
003480 2
182609 0
190564 0
260547 0
053488 0
216143 0
043403 1
254310 0
065494 0
003833 0
111899 2
019676 0
040461 0
017522 0
111905 2
111911 2
115410 0
154176 0
235826 0
254462 0
144589 0
091504 0
074957 0
112180 0
077916 0
264256 0
003648 1
087657 0
135486 0
124986 0
064102 0
266755 0
272508 0
144318 0
163223 0
204645 0
007755 0
034987 0
098634 0
045399 0
279213 0
068956 0
261938 0
074466 0
045481 0
050732 0
112414 0
264518 0
025312 2
031220 0
134439 0
117149 0
107972 0
045067 0
025683 2
026993 0
025696 0
039879 2
017214 2
040407 2
040330 0
226095 0
129630 0
017212 0
156945 0
065528 0
230671 0
162308 2
162306 2
008585 0
019681 0
200613 0
046384 0
166667 0
234740 0
234978 0
023466 0
177030 1
114956 0
260509 0
177321 1
068440 0
177422 1
180249 0
180248 0
115789 0
112181 0
003570 0
115411 0
113261 0
069794 2
102967 2
069838 2
103011 2
075680 0
069142 0
130213 0
006136 0
256320 0
103131 0
111940 0
003732 0
048993 0
172940 0
040406 0
213213 0
272783 0
019665 1
236023 0
034789 0
028506 0
191902 0
010272 2
168246 0
116307 0
030969 2
284538 0
142846 0
035375 0
163233 0
180003 0
068229 0
030925 0
066019 0
139072 0
112229 0
030635 0
083072 0
237052 0
234828 0
142039 0
264235 0
044802 0
171487 0
268470 0
192835 0
094561 0
169153 0
102315 0
114952 0
247029 0
025959 0
066102 0
136944 0
123241 0
036310 1
045424 0
009384 0
149396 0
119547 0
099278 0
014548 0
192875 0
030955 0
265076 1
047860 0
265063 0
068438 0
281366 0
036418 0
289346 0
065970 0
127391 0
030988 0
136349 0
168504 0
063812 0
140322 0
074495 0
020457 0
256433 0
252742 0
034273 0
029847 0
289344 0
107852 0
138534 0
259905 0
013182 0
036449 0
137417 0
164354 0
007849 1
127674 0
062639 0
275080 0
135192 0
065133 0
137419 0
264347 0
108346 0
002541 0
003258 0
006182 1
043363 2
240758 0
006421 0
109788 0
269783 0
004107 0
137175 0
137154 0
163189 0
134748 0
158693 0
050819 0
120209 0
168641 0
138254 0
030945 0
138680 0
011312 0
031393 0
285296 0
058386 0
264978 0
253810 0
104795 0
116930 0
125202 0
050636 0
030880 1
030889 1
003904 2
009395 0
030960 0
007915 2
003640 0
134980 0
018168 0
072279 0
008742 0
266706 0
164675 0
075686 0
