187227 1
193625 1
193636 1
193621 0
193746 2
193638 1
193637 1
078716 0
183372 2
144269 2
011048 2
178458 0
184304 2
184311 2
130846 2
130899 2
130885 2
173419 0
191253 2
176986 2
176990 2
176984 2
176971 2
176981 2
176972 2
176980 2
256381 2
192796 2
152720 2
249427 1
152824 1
152833 1
152851 1
218222 1
220212 1
218213 2
107719 2
177196 2
157787 0
201558 0
171828 0
171128 2
160046 2
175367 1
177070 2
160074 2
177013 2
066802 2
066524 2
176686 2
150013 0
176780 2
176636 2
176649 2
021587 2
080444 1
007938 2
121351 2
123391 2
173852 1
011899 2
081232 2
178513 1
039138 1
130847 2
169673 1
169687 2
130886 2
169674 2
130900 2
067093 2
067099 0
082974 2
177912 1
279180 2
039944 0
289368 2
267917 0
007401 0
174992 0
000010 0
152990 0
089470 2
121978 0
199294 1
199330 2
199391 2
030649 0
202815 0
222522 0
127090 0
221504 0
152261 0
155187 0
242648 0
198278 0
173343 2
075042 0
153883 0
178101 0
169978 0
160565 0
071706 1
104879 1
155338 2
025268 0
201860 1
151379 2
123967 2
151304 2
151291 2
016859 0
006838 0
162032 0
016824 0
288077 0
210842 2
210816 2
210827 2
007261 0
102115 1
102155 1
102113 1
102079 1
099971 0
102027 0
114210 0
102074 0
099977 0
187344 0
148562 0
161091 0
177449 2
175614 0
152225 0
107878 0
011314 1
129537 0
267911 0
060448 0
231048 0
182578 0
141194 0
255056 2
255080 1
254963 0
255021 0
222529 0
137916 0
173426 0
011384 2
120808 0
242782 0
030620 0
150568 0
178322 0
087216 0
221523 0
101996 0
230067 0
009518 0
167607 0
149620 0
146216 0
242700 0
099605 2
015637 0
169979 0
199430 0
002444 2
202942 0
000882 2
124768 0
075809 2
076133 0
194570 0
224488 0
118773 0
004328 0
191910 0
164017 0
184897 0
179799 0
230114 0
019973 2
179479 2
179472 2
005038 0
088183 0
114068 0
156724 0
119427 0
039959 0
140415 0
117048 0
194441 0
128572 0
179268 1
221525 0
064470 0
243930 0
288636 0
125886 0
161132 0
121979 0
124770 0
177160 0
129515 0
064875 0
286243 0
030613 0
163317 0
004570 0
173496 0
153248 0
052192 0
176827 0
064905 0
115665 0
199396 0
231942 0
255761 0
184893 0
120333 1
120293 0
144354 0
179803 0
087185 0
123418 0
224670 0
182587 1
182596 0
014628 0
154508 0
228395 0
202144 0
024478 0
152243 0
195702 0
218789 0
161169 0
199423 0
178464 0
220056 0
215246 0
184951 0
152713 0
168717 0
013067 0
201768 0
117577 0
138805 0
000620 0
223202 0
077779 0
142319 0
224435 0
077354 0
174739 0
123749 0
148993 0
016803 0
232780 0
167590 0
209843 0
198380 0
