088377 0
286395 2
286399 2
286386 2
286396 2
286400 2
286382 2
285767 2
285768 2
285815 2
285825 2
285899 2
285887 2
244768 0
130439 0
005506 2
120088 2
120069 2
120068 2
120058 2
203620 0
005772 2
120387 2
005643 2
279973 0
110916 0
147168 1
147167 0
093922 2
093953 2
093977 2
093928 2
094023 2
093930 2
090603 1
090592 1
183443 0
088417 2
088415 2
088397 2
088407 2
088379 2
088385 2
088383 2
077733 0
089355 1
089341 1
089330 1
088766 1
088750 1
009419 1
121877 1
081504 1
074993 2
075013 2
244661 0
077611 2
273492 0
131687 2
010889 0
131709 1
075738 2
017960 0
090100 2
090190 2
096701 1
096698 1
085625 0
077460 0
093987 0
111749 0
009912 2
122256 2
090405 0
095887 0
034684 0
075686 0
007704 0
091896 0
077174 0
142436 0
098476 0
285621 0
126596 1
197585 0
072242 0
004910 0
052029 0
117974 0
053401 0
288803 0
095877 0
184801 0
100948 0
081378 0
185201 0
185897 0
089271 0
080312 0
244767 0
075834 0
096308 0
121134 0
070428 0
019394 0
095891 0
115383 1
135034 0
095242 0
163454 0
114976 1
118899 0
098568 1
098542 1
243747 1
243744 2
098901 0
254384 0
075638 0
218020 0
111654 0
115518 0
095563 0
086524 0
096005 0
075106 0
212163 0
220439 0
002046 0
146041 0
097706 1
097747 1
097632 0
089356 0
095197 1
116392 1
116727 1
116349 1
138058 1
180663 1
004768 0
115378 0
047488 0
077133 0
223983 1
224168 1
134512 0
013253 0
040024 0
247680 0
041694 0
231238 0
121883 0
058162 0
192708 0
077750 0
060962 0
008054 1
067823 0
114974 0
107749 0
101997 0
079226 0
275523 0
007607 0
009706 0
009422 0
134305 0
071308 0
064937 0
004691 0
028674 0
023312 0
135139 0
040008 0
185204 0
164067 0
108724 0
114877 0
071243 0
116033 0
117333 0
069400 0
069189 0
052026 0
077591 0
135903 0
251742 0
117386 0
276190 0
200935 0
094928 0
004790 0
031737 0
100939 0
029386 0
127190 1
127193 0
127206 0
266837 0
004592 0
181607 0
100940 0
043260 0
070878 0
055514 0
048133 0
046234 0
010412 0
076777 0
096621 0
094117 0
112560 0
284253 0
115344 0
083621 0
100183 0
116966 0
110778 0
033229 0
137371 0
096129 0
040044 0
058317 0
211804 0
098454 0
255012 0
134582 0
088119 0
114878 0
071589 0
147412 0
046184 0
075680 0
114112 0
121897 0
000328 0
050368 0
140282 0
226002 0
007247 0
164174 0
062859 0
