286272 1
286284 1
286273 1
286285 1
007096 2
112891 1
076332 0
259908 2
259912 2
283431 0
261876 1
260139 1
260123 1
125938 2
014790 2
125937 2
186961 2
186956 2
177436 2
271118 1
269835 1
263037 0
237814 1
173708 1
286158 0
178283 1
283890 0
285938 2
288012 2
280109 0
191743 1
191730 1
191800 2
191846 2
062515 2
097341 2
097347 2
288789 2
099178 2
099213 2
099347 2
027498 1
178930 1
026003 1
026004 1
019356 1
019347 2
029151 1
058412 0
286617 2
028171 2
028172 2
023590 0
053149 1
053147 1
278751 0
267034 1
267063 1
050400 1
288788 0
050290 1
050557 1
050487 1
028881 1
050567 1
050515 1
029086 1
029429 1
046800 1
046890 1
054314 1
029463 1
029466 1
025623 1
053689 1
025164 1
085069 1
039289 1
055051 1
039287 1
053972 1
053928 1
053469 1
053532 1
053300 1
048687 1
050595 1
046386 1
046391 1
050674 1
050571 1
054303 1
054477 1
053211 1
053180 1
054363 1
054399 0
052689 0
054229 0
059432 0
053267 1
053210 1
053205 1
082067 1
088968 1
053316 0
088863 1
004200 1
042924 0
283455 0
053100 1
053123 0
123257 2
054888 0
008997 0
123149 2
035205 1
144131 1
144144 1
014728 2
126368 2
126369 2
054955 0
015427 0
129362 0
210687 0
052810 1
053292 1
195750 0
052142 1
024451 1
108174 0
024431 1
286124 1
053907 1
286138 1
054038 1
054169 1
024468 1
054255 1
050586 1
186942 1
050579 1
008592 1
053213 1
053208 1
058832 0
178501 0
056786 1
057171 0
057618 1
021538 0
000221 0
051312 1
288786 0
254226 0
051299 0
131268 0
028284 0
054744 0
064251 0
120866 0
048921 0
047185 1
047400 1
052862 1
052846 0
054262 1
257562 0
079832 1
274466 2
100975 1
053519 0
110285 0
026832 1
026825 0
189150 1
165415 0
070348 2
103521 2
052306 0
170354 0
182419 2
212001 2
204350 0
279780 2
279783 0
204358 0
054556 1
092379 0
053779 1
077388 1
082922 1
077400 1
083557 0
054113 1
053708 1
023574 0
036502 0
023532 0
066403 0
057969 1
057972 1
054952 0
230911 2
052338 0
082889 1
099552 0
284274 0
157127 2
157160 0
093120 0
060879 1
027006 0
010479 2
259980 0
285959 0
283512 0
279836 0
025534 0
086767 1
086800 0
071465 2
104638 2
052068 0
079492 0
051801 0
279841 0
284479 0
176435 0
050996 1
050984 0
009658 2
050542 1
148135 0
066174 0
054055 0
051830 1
129353 0
285647 0
220084 0
009401 1
169115 0
068580 2
234784 1
266636 0
125314 0
234729 1
077672 0
056968 0
008526 1
030119 0
289754 1
260436 0
083569 0
278591 0
079010 0
051016 0
101140 0
206821 0
189178 0
056870 0
011507 0
066812 1
108274 0
048739 0
131212 0
051048 0
279708 0
121514 0
026991 0
196526 0
074907 0
093068 0
209083 0
284287 0
000632 1
053199 0
005146 0
114499 0
283631 0
169116 0
054110 0
026063 0
267344 0
059365 0
049570 0
017448 1
092399 0
230910 0
191203 0
111311 0
257511 0
196490 0
251442 0
036054 0
015131 0
268071 0
054890 0
286131 0
067094 0
080322 0
112749 0
131213 0
004127 0
048857 0
270691 0
257518 0
256646 0
041693 1
065390 0
069495 0
087068 0
124506 0
085338 0
233375 0
236460 0
139127 0
003228 0
113603 0
129352 0
064252 0
098252 0
124794 0
000545 0
269850 0
158574 0
040656 0
200346 0
079313 0
079485 0
278756 0
082617 0
053085 0
209097 0
274751 0
244781 0
058938 0
279893 0
060609 0
070678 0
282019 0
090433 0
067145 0
064781 0
110286 0
173874 0
045138 1
004861 0
044668 0
158989 0
117496 0
259590 0
158573 0
021548 0
220152 0
282704 0
083572 0
200063 0
024131 0
117885 0
054048 0
024911 0
024914 0
074559 1
074560 1
114979 0
027570 0
224802 0
019346 0
224970 0
098314 0
190455 0
212308 0
220175 0
054870 0
279832 0
112059 0
035498 0
286226 0
001434 0
176224 0
278225 0
164307 0
177927 0
048542 0
052388 0
213687 0
154724 0
053190 1
099323 0
065771 0
282726 0
074441 0
052288 0
042386 0
053958 0
071064 0
053075 0
103851 0
074955 0
066409 0
177061 0
127443 0
196523 0
130994 0
067213 0
266639 0
067247 0
290054 0
288787 0
065993 0
086579 0
012799 0
120734 0
161126 0
163076 0
224282 0
243935 0
170355 0
058137 0
272004 0
068173 0
236478 0
