256945 0
230335 2
230340 2
230428 2
230355 1
230426 2
206291 1
206280 1
206269 2
230364 2
230363 2
223497 2
196063 2
258140 1
193018 0
230344 1
230337 2
204674 2
204476 2
231924 0
257920 1
264311 1
198025 1
198244 1
258353 1
243031 1
277428 1
192945 1
275171 1
254519 1
235789 1
256116 1
253810 1
184158 2
253813 1
229488 1
184192 2
192678 2
192677 2
237009 1
192675 2
192663 2
192655 2
254610 1
194742 1
194745 1
275049 1
253648 1
237403 1
275053 1
225781 1
274684 1
273940 1
234111 1
202248 2
275057 1
275060 1
275022 1
225764 1
276653 1
225396 1
225455 1
225391 1
227723 1
280219 1
274755 1
190852 1
200051 1
234068 2
182488 2
279053 1
279055 1
176308 2
267334 1
234066 1
273216 1
269307 1
232476 1
234114 1
273448 1
201220 1
228971 1
170618 2
268961 1
231898 1
202805 2
235141 1
192572 1
221180 1
234820 1
018787 1
279002 1
267160 1
226749 1
211234 1
157915 2
192394 1
276458 2
274541 1
152397 2
286424 1
197763 1
012750 2
152394 2
234849 1
158185 2
244319 1
198024 1
191185 2
286427 1
158186 2
234413 1
234835 1
234744 1
190644 2
153792 1
256582 1
234736 1
230065 2
256447 2
285320 1
163471 0
210727 1
191890 1
284974 1
210361 1
267933 1
285304 1
263989 1
284985 1
197039 1
184530 2
159852 2
257589 1
244305 1
243640 1
184556 2
253072 1
184555 2
244397 1
184588 2
244399 1
184518 2
287774 1
243634 1
287546 1
160331 2
244416 1
171519 1
187255 2
187259 2
236111 1
255674 1
257974 1
255652 1
162819 2
198889 1
213213 1
257973 1
241490 1
164146 0
256043 1
259841 1
258195 1
279064 1
239343 1
199042 1
199044 1
199096 1
196081 1
154957 2
221402 1
254994 1
240271 1
278512 1
244910 1
179398 1
199069 1
199068 1
216295 1
162876 2
254248 1
274764 1
018698 1
162882 2
259015 1
155031 2
259514 1
154786 1
267238 1
274779 1
274670 1
154775 1
267401 1
274719 1
274365 1
154568 1
276906 1
229631 2
154881 0
229438 1
279422 1
154591 1
268031 1
271679 1
164091 1
257108 1
192558 1
154482 1
222521 1
154490 1
284330 1
221429 1
082641 1
158714 1
156647 2
002622 2
173650 1
282846 1
010786 2
220748 1
158606 1
276658 1
002815 1
156642 1
165387 1
219675 1
221656 1
219727 0
269168 1
154734 0
272303 1
154898 1
279771 1
282864 1
282847 1
221637 1
221581 1
278243 1
221887 1
222055 1
283188 1
071106 1
127117 2
127264 1
127279 2
284161 1
104279 1
274562 2
071104 1
278606 1
104277 1
278621 1
155576 1
278569 1
277173 1
277175 1
285653 1
274658 1
154427 1
274680 1
007158 2
274662 1
138253 1
082639 0
138290 1
149142 1
157679 1
138763 0
257094 1
152276 1
129926 0
255411 1
153710 1
116046 0
153712 1
256932 1
016635 1
244972 1
267629 1
257361 1
275061 1
244964 1
275400 1
244971 1
270939 1
256880 1
270986 1
275062 1
274678 1
270958 1
274772 1
270993 1
244973 1
257390 1
244974 1
247029 1
275135 1
275163 1
257443 1
271313 1
257370 1
256970 1
247385 1
154958 1
257499 1
274685 1
257138 1
257038 1
247415 1
274996 1
274786 1
257503 1
275000 1
274797 1
275414 1
270987 1
276843 1
270967 1
256892 2
173331 2
278702 1
193241 2
278785 1
173330 2
274620 1
247384 1
257161 1
276971 1
257313 1
247028 1
274713 1
275403 1
274625 1
274998 1
277000 1
274997 1
275074 1
274716 1
275486 1
274746 1
275079 1
275395 1
275416 1
275001 1
274736 1
274579 1
275402 1
257302 1
151544 1
257307 1
274706 1
257324 1
275212 0
275396 1
274777 1
256931 2
274703 1
257117 1
169647 1
274711 1
275399 1
275415 1
151318 1
256890 2
201672 2
257402 1
275002 1
276861 1
274733 1
151306 1
153556 1
275033 1
151305 1
201691 2
274768 1
156351 1
173216 2
276864 1
274741 1
274739 1
275076 1
274709 1
270948 1
173213 2
153571 1
153558 1
275078 1
270979 1
275413 1
274635 1
274841 1
274762 1
274778 1
162056 2
269894 1
173202 2
156693 2
274712 1
274737 1
274724 1
242337 1
274640 0
274783 1
274757 1
274674 1
274742 1
275260 1
274836 1
274962 1
153535 1
275038 1
274595 1
221981 1
274701 1
256888 2
240284 1
278615 1
173207 2
276849 1
278547 1
274740 1
276844 1
257140 1
275125 1
275137 1
242333 2
276664 1
156124 2
139392 1
274838 1
274760 1
274727 1
153052 1
274626 1
274720 1
221847 1
016029 1
221903 1
274667 1
275275 1
274573 1
274815 1
275121 1
151313 1
155167 0
276744 1
275151 1
139475 2
137861 1
161176 1
137821 1
276648 1
161388 1
151310 1
256940 2
138385 1
151545 2
152398 2
150202 1
274744 1
189917 1
150125 1
000106 1
276651 1
150117 1
274871 1
274632 1
137833 1
154788 2
275071 2
137856 1
274820 1
154789 2
274830 1
279051 1
257110 1
279059 1
276748 0
137374 1
148992 1
164291 2
137364 1
274749 1
275081 2
172953 2
274566 1
138292 0
137316 1
279065 1
276677 1
137288 2
274775 1
161303 1
137293 1
274734 1
202656 1
153458 0
176466 1
274570 1
274873 1
275659 1
195894 1
275068 1
233991 0
172878 1
257320 1
257321 1
173314 2
266772 1
172954 2
161146 1
154771 1
172929 2
173248 2
275401 1
257166 1
275026 2
269048 1
201954 2
256889 2
161847 1
173257 2
173318 2
173326 2
275857 1
276668 1
274602 1
275069 1
257172 2
269074 1
274627 1
161356 1
268780 1
275032 1
275030 0
268611 1
267124 1
274747 1
266768 1
275398 1
266443 1
274585 1
266069 1
275664 1
266362 1
274748 1
210492 1
197756 1
197214 1
197205 1
163129 2
257234 2
165833 1
163126 2
274633 1
266072 1
274732 1
257937 1
265282 1
165747 1
268960 1
274639 1
274601 1
265329 1
274600 0
268944 1
173329 2
273426 1
190808 1
173389 2
165837 1
190778 1
265315 1
273451 1
265245 1
265224 1
268954 1
268762 1
257365 2
173397 2
165875 1
175742 0
266784 1
269036 1
190827 1
269614 1
275350 1
276700 1
196878 0
269611 1
257237 1
257374 1
257438 1
257393 1
165716 1
268663 1
275349 1
165743 1
274568 1
269602 1
173411 0
166056 1
268674 1
160817 0
269465 1
179117 0
269020 1
167223 0
269547 1
268678 1
267989 1
247387 1
275509 1
275594 1
270981 1
256867 1
201070 1
273961 1
158332 0
270881 1
275006 1
158948 2
273936 1
237434 1
273221 1
257420 1
153738 1
276749 1
274016 1
201148 1
270935 1
270889 1
201059 1
201142 1
270953 1
257426 1
247346 1
270994 1
278684 1
274754 0
237420 1
237419 1
153085 2
257168 1
237435 1
257134 1
256987 2
276808 1
161192 0
157893 2
154824 1
154429 1
257167 2
278640 1
190777 1
157887 1
276359 1
276767 1
276357 1
002315 1
154826 1
229348 1
256965 2
275178 1
176421 1
025714 1
165398 1
077143 1
278641 0
034166 0
025296 1
276338 1
133162 1
270892 0
276380 1
176220 1
276566 1
247309 1
257415 1
140008 0
274592 1
205411 1
275472 1
245033 1
276593 1
281936 1
117133 1
159003 1
173386 1
159004 1
275280 1
250460 2
244873 2
204806 1
117120 1
276992 1
286426 1
257135 1
173381 1
256993 1
173408 1
173686 1
176408 1
257158 0
283475 0
153968 2
226723 0
224069 1
173898 1
286423 1
253792 0
232463 2
275430 1
177565 1
198157 1
276996 1
274807 1
173362 0
274801 1
177571 1
275283 1
275292 1
160962 1
274609 1
272223 0
274805 1
198455 1
274605 0
193971 0
198415 1
177920 1
141975 1
148961 0
153978 1
278532 1
271054 1
271059 1
177971 1
163762 1
178083 1
197244 1
198115 1
160865 1
271077 1
271036 1
197992 1
198118 1
238482 2
256893 1
271032 1
177885 0
278538 1
278540 1
275738 1
264989 1
197993 1
276339 1
276358 1
198101 1
142066 0
276360 1
276381 1
148555 0
276567 1
276716 1
276678 1
276715 1
274617 1
264027 1
274624 1
137220 2
187276 1
225454 1
154802 2
154517 2
257218 1
173315 2
257207 2
278629 0
150088 1
156492 1
154790 2
275031 0
225395 1
173042 1
154518 2
154811 1
277003 1
281038 1
278383 1
154764 1
079258 1
079259 1
005083 0
275805 1
173200 2
278386 1
176221 1
277004 1
156493 1
173205 1
224392 1
156486 1
223961 1
276848 1
176426 1
253652 0
176222 2
154126 2
141561 2
154131 1
075049 0
173296 1
276002 0
224160 1
276842 1
271322 1
267262 0
256982 1
173561 1
269246 1
173588 0
273262 1
225780 1
264799 1
271304 1
174422 1
277283 0
173805 1
271110 1
223899 0
174407 1
276742 1
174423 1
271601 1
190386 2
141958 0
014352 1
264858 1
275485 1
015744 1
132816 1
156494 0
275491 1
264860 0
012978 0
018867 0
276659 1
168132 0
264990 0
163455 1
174625 0
225787 1
181744 1
154671 1
264770 0
132796 1
154672 0
136199 1
273250 1
132716 1
285989 1
278559 1
285953 1
174697 1
132795 1
094328 1
147163 0
188814 0
174734 1
117901 0
047416 0
027124 0
052775 1
174863 1
174874 1
154756 1
176693 1
154813 0
278550 1
275070 1
142793 0
223479 1
052637 1
154749 2
132873 1
176731 1
276379 1
278551 1
015890 1
176735 1
162338 2
182631 1
176733 1
257678 1
176695 1
132834 1
132868 1
182637 1
063302 0
176738 2
275884 1
257672 2
133857 1
271124 1
158036 1
148787 1
211766 1
211580 1
173412 2
154902 1
211767 1
004144 1
002819 1
274636 1
118253 1
148772 2
275059 1
201578 0
278798 1
001552 1
138289 0
157176 1
063605 0
194719 1
276565 1
173415 2
173400 2
219643 1
173409 2
275056 1
219622 1
278734 1
221755 1
273305 1
264409 0
194727 1
238226 0
157181 1
211005 0
194510 0
275583 1
275080 1
150878 1
010552 1
230626 1
154130 0
275048 1
275581 1
273903 1
188101 2
193077 0
271065 1
230616 1
273888 0
273246 1
275365 1
271044 1
276757 0
275521 1
119489 0
271073 1
271391 1
229334 0
273214 1
275052 1
271015 1
276689 1
222898 0
271509 1
085631 1
094331 0
271508 1
085621 1
206973 0
128527 1
006983 0
201060 0
278616 1
278548 1
271406 1
271301 1
141321 0
270801 1
167973 0
171566 1
271591 1
171555 1
276667 1
278790 0
010931 0
128670 0
100648 1
138236 2
008754 2
087281 1
093474 0
049168 1
138237 1
255347 0
049176 1
279031 1
279770 1
250845 0
087259 0
172767 2
278917 1
041905 1
274574 1
270802 1
270798 1
013218 0
270992 1
138624 1
048718 2
172779 1
280025 1
275397 0
138605 0
257133 0
267771 0
253516 0
226748 0
280043 1
280084 1
257502 1
240606 0
012969 0
257498 0
280079 1
276822 1
101407 1
174650 0
280023 0
257121 1
272190 1
257127 1
276825 1
087144 0
173347 2
278637 1
097090 0
154522 1
173413 2
272193 1
019032 1
272403 1
154524 0
178286 0
272169 2
270957 1
278632 1
272128 2
100091 0
053844 0
209438 0
276801 1
272129 1
099631 0
114937 0
140626 0
272001 2
287543 0
262802 0
228168 0
276731 1
276738 1
271076 1
097100 1
168501 2
168502 2
168489 1
128671 1
196459 1
173334 1
168532 1
286643 1
202961 0
017340 0
272460 0
158453 1
256886 2
286782 1
286714 1
142249 0
196066 0
114191 0
154763 1
154809 1
154843 1
286809 1
154173 1
154068 1
278915 0
154633 1
154632 1
276939 1
153988 0
162815 1
276945 1
260981 0
114233 0
154836 1
154845 1
274020 1
257145 1
277516 1
259194 0
162906 0
257157 1
274366 1
214390 1
274014 1
129556 0
057706 0
257805 1
280206 0
277212 1
275363 1
253812 1
111499 1
164369 1
286781 1
154823 1
154067 1
161226 0
277228 1
267161 0
110352 1
097112 1
257800 1
276736 1
192994 0
154481 1
154489 0
277517 1
256927 1
286808 1
087129 0
257181 0
277681 1
153969 1
138735 0
276732 1
154793 0
187805 1
280041 0
221693 0
267885 0
137300 0
277615 1
275366 1
172888 0
276733 1
187815 2
275422 1
004884 0
173398 2
009509 0
238381 0
187237 0
172896 2
260364 1
004428 0
162356 1
173307 2
275039 0
137311 0
162351 1
278916 1
260380 1
173388 1
147090 0
256411 0
149983 1
160616 2
141319 0
280024 1
228611 0
173308 2
141362 0
173327 2
280042 0
030131 0
280083 0
057616 0
173190 0
201533 0
160610 2
119254 1
283476 1
283447 1
273815 0
014907 1
174628 0
270775 1
011698 0
274854 0
115973 1
275362 1
255673 0
052751 0
277211 1
257139 1
257023 1
096663 0
272508 0
277227 1
173387 2
196879 0
092046 0
276006 0
173390 2
280080 0
261022 0
112792 1
193349 0
276950 0
282013 1
125818 1
005411 1
153463 0
271106 1
254390 0
005545 0
277265 1
074751 0
277209 1
282011 0
130159 0
004324 0
279296 0
173253 1
123348 1
276917 1
154835 0
148652 0
278561 1
053248 0
083336 0
168383 0
181240 0
213502 0
259444 0
265152 0
275249 0
243639 0
165820 1
278611 1
014603 1
028877 0
126152 1
158560 1
152236 0
154503 0
240547 0
194602 1
119892 1
005462 0
158551 0
162825 0
047410 0
201580 0
043658 0
160790 0
091768 1
238372 0
194590 0
026187 0
063595 0
107772 1
091878 1
013741 0
061214 1
252220 0
123072 0
061176 1
280082 0
194521 0
015215 0
173384 0
283448 1
232932 0
061169 1
043746 0
194563 0
283477 1
276776 0
270951 1
107759 1
013783 0
253389 0
272753 0
082088 0
117290 1
271374 1
276778 1
142258 0
149335 0
277786 0
276891 0
162782 1
004366 0
263191 1
175361 1
278800 0
276782 1
047152 0
130303 0
265593 0
263187 1
275586 0
175629 0
006449 1
007147 1
010106 0
156262 0
118605 0
277226 1
117377 0
226726 0
028946 1
257455 1
277974 1
277210 1
154831 1
119482 0
257454 1
250875 0
117478 0
154834 0
188439 0
064332 1
249539 0
274604 0
277968 1
277318 0
148724 0
136200 0
276673 0
047262 0
276642 1
142424 0
162856 1
281456 0
277067 1
175623 0
162860 1
277063 1
278844 0
224061 1
268139 1
278184 0
196065 1
276728 1
101298 1
269428 0
025713 0
224172 1
276727 1
224023 1
175605 0
154798 0
239064 0
279054 0
276729 1
225901 1
201147 0
225752 1
002081 0
164138 0
017581 0
161263 0
148545 0
124095 0
268685 1
080689 0
255259 0
213101 0
271116 1
137365 1
083958 0
114018 0
061057 0
280039 0
097602 0
009675 1
274607 0
086230 1
277074 0
256042 0
275543 1
145551 0
122090 1
158972 1
187244 0
010142 0
165395 0
146893 1
159062 0
275676 1
225946 1
068716 0
226069 1
086148 0
271238 0
226400 1
142075 0
253699 1
253793 1
226475 1
159076 1
253822 1
181248 0
238299 0
237595 0
253853 1
254373 1
074738 0
271540 0
276997 1
276989 1
254379 1
018043 0
255922 0
254381 1
254383 1
254391 1
253086 0
209716 0
253515 0
234716 0
253129 0
223948 0
254378 0
251323 0
276762 1
153126 0
251363 0
276713 1
170538 2
001232 0
218076 0
281688 0
260633 0
079630 0
114545 0
154516 0
140539 0
015398 0
273374 1
265147 0
101056 0
275427 0
047057 0
256415 0
276679 0
092982 0
058756 0
278488 0
092089 1
240550 0
119106 0
156843 0
227183 0
223665 1
107854 1
116876 0
087283 1
152826 0
097554 0
107906 1
158330 0
046309 0
120124 0
107905 1
176249 0
173335 1
276660 1
239370 0
227973 0
055131 0
265634 0
276751 0
239866 0
272574 0
055371 0
235523 0
170523 2
139992 0
276596 0
259437 0
138325 0
164134 0
277919 1
162905 0
173275 1
013205 0
277900 1
227734 0
210720 0
267886 0
152247 0
273387 1
278839 1
130492 0
117104 0
116794 1
107993 0
257377 0
068660 0
283491 0
016720 1
152846 1
126217 0
052368 0
242008 0
185504 0
223701 1
278801 0
223714 0
019021 1
003817 0
280542 0
028911 1
053073 0
276739 1
169185 0
126226 1
019315 0
277350 0
263900 0
126341 1
010282 0
014208 1
253520 0
225740 0
269769 0
201531 1
278822 0
274753 0
126358 0
192924 1
082015 0
192940 1
226516 1
267937 0
226411 1
192920 1
265816 0
001081 0
192917 1
251331 0
275384 0
227285 0
054320 0
056261 0
225610 0
276745 0
058551 1
259436 0
193002 1
256187 0
193016 1
192915 1
251938 0
054449 0
257401 1
280698 0
256938 2
192948 1
217221 0
239986 0
168888 1
119192 0
015200 1
189044 1
189058 1
091763 0
271530 0
277689 0
260615 0
153559 1
005079 0
253753 0
030041 0
168395 1
153573 0
015055 0
113316 0
275034 0
066978 0
257122 1
285458 1
043016 0
168484 0
257128 1
029659 0
253444 0
051011 1
168465 0
168391 0
215419 0
150255 0
285460 1
254380 0
141334 0
253084 0
221354 0
004880 0
234213 0
279304 0
152231 0
007440 0
130177 0
215569 0
168388 0
280706 0
278809 0
244240 0
052825 0
279471 0
074760 0
175611 0
038716 0
168365 0
224030 0
285750 1
278810 0
023402 1
280710 0
226611 0
028878 0
277310 0
158321 2
158934 0
187994 1
154574 1
005088 0
174651 0
270125 0
277051 1
187995 1
284823 0
188001 0
003649 1
154575 1
276965 1
095622 0
288115 0
187667 1
009361 0
007457 0
277679 0
114650 1
007152 0
163593 0
171539 0
227895 0
283607 0
141878 0
002595 1
138072 0
201504 0
019312 0
113986 0
224300 0
132570 0
094851 0
240618 0
165583 0
272353 0
280714 0
256866 1
117114 0
278584 1
278603 1
052678 0
101282 0
158450 0
280715 1
277236 0
050317 1
154454 0
253085 0
274256 0
047064 0
263966 0
204650 0
253517 0
172893 2
014953 0
276649 1
204814 0
257174 0
172748 1
219199 0
270954 1
270977 1
224709 0
163614 0
046768 0
113826 0
263113 0
027132 0
225829 0
239841 0
179947 0
000328 0
271420 0
172912 2
253443 0
005039 0
272362 0
014176 0
172886 2
276863 1
276860 1
271053 1
229810 0
276701 0
137302 1
271058 1
232949 0
111175 0
154504 0
254382 0
277835 0
056996 0
280711 0
160787 0
048397 1
047267 0
180025 0
113812 0
219610 0
057324 0
136835 0
258999 0
115692 0
237849 0
154120 0
277684 0
277030 1
277008 1
142425 0
279308 0
153725 1
252221 0
153749 1
090901 0
281834 0
284666 0
053614 0
154842 0
047359 0
278851 1
278745 0
276766 0
149345 0
278847 0
193706 1
006633 0
275915 0
028947 0
055489 0
276927 1
278806 0
193659 0
167974 0
192463 0
239594 1
016919 0
266594 0
275329 0
276735 1
287717 0
152799 1
239261 0
019013 1
276926 1
198100 0
253522 0
268440 0
154569 0
284251 0
169098 0
280393 1
091377 0
054099 0
141877 0
192428 0
166445 0
012069 0
100931 0
273133 0
048009 0
280459 0
242018 0
224015 0
276725 1
280461 0
278458 0
160776 0
259699 0
276723 1
052488 1
167457 0
154538 1
202434 0
101051 0
193414 0
276672 1
052406 1
276663 1
270058 0
276741 1
154655 1
154656 0
154787 0
276910 0
193948 0
201577 0
277745 1
067080 0
173289 0
231701 0
175538 0
277742 1
007304 0
142186 0
276661 0
153125 0
113870 0
233545 0
185130 0
047161 0
192919 0
178763 1
178769 1
219126 0
178787 1
178648 1
043294 1
229064 0
121834 0
253127 0
080414 0
092064 0
158430 0
276726 1
268176 1
162834 0
054071 0
083953 0
121028 0
276724 1
153648 0
005082 0
054335 0
227693 0
052664 0
259445 0
193183 0
045088 0
278714 0
066707 0
071067 0
134974 0
119455 0
172224 0
091581 0
271627 1
266840 0
150328 0
117124 0
219206 0
273435 0
119492 0
268164 0
193652 1
280543 0
055108 0
193660 1
098156 0
253359 0
254372 0
193662 1
193707 1
265153 0
158933 0
154457 0
091879 0
260642 0
277316 1
201499 0
269914 0
262427 1
091324 0
277312 1
117122 0
145959 0
226725 0
188793 0
173420 1
287507 0
057241 0
179953 0
164220 0
277359 0
175397 0
198407 0
152230 0
080306 0
027844 0
280693 0
233148 0
175457 0
276699 0
211511 0
158297 0
156047 0
163753 0
180731 0
219286 1
202411 0
206687 1
208136 0
134341 0
024957 0
135608 0
254903 0
206278 0
166118 0
209054 0
062475 0
260251 0
052750 0
201579 0
119233 0
219293 1
156516 0
148718 0
055462 0
114537 0
138274 0
067088 0
047235 0
121975 0
222739 0
276817 0
278146 0
277134 1
277131 1
154572 0
024782 0
287936 0
226612 0
244014 0
005154 0
082089 0
273575 0
173299 1
282863 0
152037 0
038100 0
201150 0
253386 0
224295 0
252284 0
201071 0
246026 0
259818 0
132115 0
080372 0
275301 0
048617 0
201644 0
166552 0
201069 0
052830 0
051740 0
157634 0
057395 0
084536 0
281462 0
169652 0
227949 0
084202 0
057550 0
193651 0
223835 0
047623 0
059492 0
278171 1
278170 0
164110 0
012215 0
023325 0
101970 0
178183 0
203607 0
029315 0
002316 0
046578 0
005480 1
255353 0
045294 0
120044 1
286205 0
113520 1
053031 0
264859 0
145292 0
221437 0
138622 0
271071 1
029052 0
229223 0
228634 0
074555 0
187232 1
244015 0
091376 0
277466 1
120842 0
067079 0
028636 1
004992 0
277229 1
277413 1
028621 1
256752 0
277208 1
270974 1
275453 0
224254 0
077421 1
119187 0
271007 1
253852 0
175986 0
006084 0
041667 0
091476 0
154095 0
253698 0
057277 0
277924 0
277240 0
284721 0
226620 0
201390 0
272326 0
226246 0
176386 0
176716 0
253569 0
239252 0
272630 0
276734 1
154815 0
174897 0
276423 0
276737 1
261504 0
264624 0
101964 0
053660 0
262792 0
047953 0
286493 0
009131 0
140701 0
269387 0
278766 0
279347 0
159479 0
067067 0
276765 0
267173 0
234419 0
084168 0
229076 0
091458 0
253381 0
276740 1
278380 0
066345 0
256474 0
176239 0
010446 0
154141 0
134244 0
006794 0
257087 0
175805 0
276750 0
194768 0
209842 0
062600 0
278825 0
092141 0
084287 0
191077 0
211545 0
156491 0
190094 0
118962 0
024543 1
211649 0
149116 0
253390 0
074985 0
226869 0
273804 0
047712 0
090616 0
243977 0
215425 0
057278 0
278084 0
071031 0
005666 0
038377 0
142513 0
152632 0
238406 0
256326 1
169653 0
028707 0
228906 0
237800 0
002932 0
256583 1
256586 1
276747 0
215958 0
169670 0
277388 0
047321 0
220390 0
275913 0
203923 0
206898 0
178688 0
167407 1
167409 1
256585 0
219030 0
284924 0
175437 0
167410 1
263972 0
228793 0
156061 0
186070 0
277326 0
193508 0
268508 0
047381 0
128198 0
155388 0
057406 0
207079 0
153081 0
280671 0
083697 0
279126 1
277078 0
227876 0
112527 0
201454 0
063536 0
225983 1
276656 1
174838 0
201693 0
064254 0
272742 0
037783 0
031100 0
155760 0
149793 0
223340 0
150346 0
005089 0
256007 0
225982 0
288095 0
075720 0
016165 0
236368 0
044053 0
119291 0
233736 0
285449 0
173937 0
139406 0
272580 0
149346 0
251347 0
157239 0
201143 0
244554 0
234072 0
281460 1
244169 0
227516 0
139112 0
025681 0
164623 0
065328 0
075003 0
110911 0
134631 0
133417 0
136171 1
048488 0
142245 0
057064 0
186113 0
121634 0
173232 0
261243 0
203207 0
143092 0
004695 0
176393 0
136176 0
263548 0
053444 0
184114 0
043180 0
016365 0
096723 0
180343 0
265072 0
240677 0
032122 0
134247 0
006604 0
203909 0
097452 0
288954 0
253521 0
263615 0
189477 0
046581 0
269294 0
271260 0
187443 0
123889 0
008723 0
278195 0
233594 0
078571 0
253821 0
087282 0
167796 0
271999 0
201695 0
176359 0
242335 0
219171 0
166338 0
005905 0
276573 1
270771 0
044187 0
154816 0
276384 1
265166 0
047884 0
118467 0
166339 0
273750 0
006887 0
277763 0
007541 0
057095 0
272582 0
124276 0
232399 0
121829 0
224871 0
005040 1
119234 0
030850 0
054997 0
110203 0
119292 0
270952 1
114295 0
053109 0
153950 0
280684 0
270025 0
140318 0
119432 1
082651 0
057518 0
190080 0
119431 0
111583 0
005119 0
188961 1
253445 0
140573 0
188957 0
158478 0
082915 0
135638 0
201487 0
277364 0
265349 0
026185 0
278005 0
136287 0
173088 0
276771 0
201149 0
223113 0
211971 0
140569 0
229093 0
006886 0
280240 0
290089 0
115363 0
026740 0
058537 0
278479 0
276641 1
166491 0
242010 0
258826 0
095603 0
244181 0
069752 0
220816 0
101912 0
136626 0
141973 0
050954 0
275005 0
230347 0
234026 0
181239 0
120973 0
193258 0
259710 0
272496 0
063112 0
174701 0
174779 0
160789 0
010436 0
057339 0
257113 0
277781 0
203840 0
095360 0
272341 0
047645 0
214740 0
026492 0
186756 0
057378 0
264798 0
181228 0
063517 0
185885 0
006960 0
054226 0
077248 0
064887 0
245005 0
239074 0
158570 0
154588 0
277133 1
277132 1
175376 0
253380 0
142073 1
142067 1
163880 0
048050 0
057279 0
275050 0
203824 0
047222 0
215512 0
228715 0
229218 0
136149 0
134248 0
054576 0
263643 0
053453 0
095651 0
067501 1
041510 0
047246 0
172628 0
282720 0
202980 0
154506 0
041491 0
008783 0
241750 0
134580 0
201488 0
253518 0
175506 0
114649 0
169099 0
085944 0
054698 0
134912 0
129699 0
284411 0
239602 0
057780 0
074737 0
278394 0
067747 0
199292 0
210131 0
047542 0
005116 0
197862 0
142289 0
024921 0
138652 1
057315 0
214849 0
277315 1
189471 0
046935 0
121030 0
277314 1
173243 1
138674 1
282079 0
219705 0
173254 1
149805 0
087055 0
165943 0
054100 0
285336 0
278169 0
271811 0
252821 0
282164 0
160042 0
141649 0
272649 0
239614 0
229901 0
016007 0
000211 0
114950 0
076758 1
242016 0
280411 0
063304 0
136946 1
182495 0
141807 0
252475 0
196877 0
136997 0
137000 0
042723 0
141648 0
197647 0
137047 0
002177 0
253128 0
083432 0
131390 0
137537 0
190549 0
118470 0
168296 0
164087 0
253382 0
027850 0
046548 0
272318 0
072073 0
092194 0
210439 0
288212 0
189141 0
010116 0
120686 0
024542 0
277688 0
066894 0
256311 0
159405 0
137109 0
120277 0
040044 0
024744 0
205780 0
227982 0
262971 0
211562 0
233564 0
104204 0
192594 0
278464 0
211409 0
017169 1
017187 0
054422 0
153574 0
054307 0
054380 0
257397 0
149025 0
130830 0
154729 0
229211 0
283578 0
249772 0
153568 0
027108 0
153569 0
289700 0
176282 0
189145 0
136877 0
223813 0
236138 0
168289 0
055289 0
168985 0
278196 0
142290 0
146493 0
259036 0
059556 0
000219 0
166830 0
034532 0
142950 0
047654 0
033992 0
053112 0
150716 0
148255 0
136363 0
271402 0
062654 0
279408 0
003972 0
256041 0
224406 0
238297 0
194247 0
244185 0
163111 0
177573 0
077976 0
116143 0
222277 0
102108 0
137200 0
193007 0
153075 0
173060 0
100848 0
109253 0
003004 0
203135 0
184139 0
166750 0
057752 0
142426 0
204347 0
157240 0
165557 0
083272 0
007110 0
173903 2
055690 0
251364 0
164133 0
118924 0
277760 0
056052 0
163056 0
276746 0
266532 0
017341 0
174162 0
229081 0
129555 0
087240 0
124372 0
269002 0
192814 0
009432 0
274432 0
226470 0
026181 0
197669 0
253387 0
154735 0
166330 0
235519 0
256960 0
135394 0
124859 0
272737 0
272328 0
100736 0
287517 0
193591 0
218225 0
056480 0
221439 0
280677 0
047691 0
159512 0
139932 0
234211 0
263691 0
274307 0
235533 0
011283 0
166063 0
155028 0
185446 0
167923 0
224162 0
236380 0
087012 1
242006 0
141867 0
087015 0
260050 0
008971 0
286783 0
258994 0
078936 0
140812 0
063830 0
160785 0
205782 0
014499 0
084646 0
263110 0
285761 0
138514 0
005515 0
202127 0
083444 0
193488 0
210575 0
009631 0
271834 0
242341 1
139674 0
271751 0
051653 0
242340 0
154157 0
188048 0
038130 0
004830 1
071058 0
257195 0
189144 0
055791 0
280774 0
083975 0
154758 0
083237 0
030569 0
231827 0
011084 0
046747 0
083288 0
092813 0
284804 0
233292 0
185670 0
089280 0
252619 0
234870 0
278928 0
270924 0
175610 0
007090 0
055748 0
062285 0
231888 0
181531 0
094736 0
272219 0
175616 0
276712 0
226626 0
153633 0
285118 0
281406 0
219372 0
273639 0
153750 0
055015 0
174139 0
242900 0
134528 0
078190 0
275107 0
104240 0
136335 0
264857 0
030519 0
275035 0
101962 0
278382 0
128298 0
119495 0
275341 0
261620 0
183223 0
220868 0
114418 0
152958 0
190127 0
176027 0
228623 0
252491 0
022462 0
277685 0
276705 0
006923 0
226724 0
158098 0
056360 0
228685 0
266929 0
125264 0
193467 0
172164 0
211314 0
269390 0
252500 0
194761 0
100932 0
281365 0
172992 0
216123 0
069044 0
097104 0
030834 0
100566 0
062423 0
052752 0
042250 0
266524 0
066805 0
083918 0
223121 0
289398 1
278407 1
289397 0
278409 1
175257 0
224868 0
153245 0
271080 0
283215 0
214939 0
282270 0
175619 0
171550 0
007460 0
114440 0
259050 0
100870 0
015756 0
037046 0
114258 0
083271 0
187668 0
175554 0
262696 0
221398 0
234485 0
142381 0
277819 0
189472 0
257875 0
120706 0
009084 0
205150 0
083033 0
173178 0
278929 0
167430 0
196438 0
078939 0
276852 0
226868 0
226252 0
165904 0
239601 0
169090 0
136659 0
278334 0
053008 0
234070 0
004141 0
082906 0
053265 0
235525 0
