232732 1
232735 1
079430 0
192357 0
155445 0
180519 0
239572 0
232708 1
232707 1
232739 1
232738 1
169965 0
232755 1
232721 1
086424 0
232775 1
232773 1
194976 0
232724 1
232722 1
232764 0
232691 1
271344 0
086850 1
086683 1
077876 0
177279 0
064828 1
154686 1
154668 1
188535 0
274151 0
181076 0
064906 1
064808 1
063572 0
030882 0
064597 1
180026 2
064688 1
064766 1
064797 1
153638 1
277469 2
182486 1
064931 1
182487 1
182485 2
167408 1
192470 0
064869 1
159778 1
064862 1
014050 1
160515 1
155800 1
013083 1
064913 1
145857 1
014471 1
064875 1
154395 2
064905 1
174773 1
157056 1
018978 1
277454 1
282656 0
155433 1
177987 1
177160 1
182927 1
176622 2
176651 2
076977 2
189775 0
124017 2
124016 1
287980 1
179994 0
192397 1
069190 2
102363 2
210624 2
210588 1
152386 1
155656 1
289957 0
065730 2
065599 2
257264 1
065660 1
257231 1
155621 1
069434 1
102607 1
012743 1
260844 1
287922 1
287934 2
287928 2
182332 2
178103 1
082827 1
064319 1
182331 2
152261 1
182325 1
016988 1
075552 0
123998 1
288692 1
150737 2
283766 0
288721 1
182330 1
064922 1
182336 1
288712 1
202151 0
288572 1
078206 1
064587 1
071542 1
104715 1
182363 1
153025 1
077219 1
198890 0
083131 1
151189 1
152479 1
152494 2
082869 1
187164 1
064483 1
186868 1
066228 0
080444 2
170585 1
064872 1
176827 0
064871 1
064857 2
170525 1
289802 0
064585 0
083034 2
127367 1
160308 0
176279 1
108750 1
279180 1
170154 0
124041 0
079032 1
068174 1
066356 1
101217 1
101240 1
101239 2
101055 1
171128 1
076973 1
101234 1
076974 1
114250 0
048326 0
123067 1
076961 0
284512 2
013067 2
077824 1
168927 1
066091 1
192276 0
169674 1
066094 1
169687 1
169673 1
123053 1
284516 2
087843 1
284523 1
284549 1
284569 1
267917 2
267911 2
168926 1
099575 1
232780 1
233102 2
074823 1
284568 1
284548 2
087754 1
131752 1
284522 1
087835 2
123959 1
090333 2
084935 1
082766 1
155665 1
123579 1
123697 1
233541 1
152485 1
064443 1
286971 0
124321 1
174739 1
077286 1
174742 2
193621 1
086196 0
174992 2
193625 1
077279 2
193636 1
193638 1
193637 1
288776 0
193746 1
123391 1
180547 1
081232 1
174991 2
176636 1
176686 1
111402 0
176649 1
187344 0
156888 1
176990 1
133104 2
176986 1
133098 2
133118 2
133129 2
176984 1
156898 1
176972 1
176981 1
133173 0
133159 0
176971 1
176980 1
155257 1
152871 1
176780 1
152990 1
152910 1
185092 0
184341 0
123995 1
124470 1
276204 1
123989 1
124467 1
123160 1
144022 0
123993 1
263808 0
067099 1
067093 1
152720 1
123999 1
064457 1
149428 1
064805 1
124337 1
124181 1
178513 1
068379 1
192796 1
130839 1
130800 1
177251 1
130808 1
065893 1
130836 1
263682 0
197451 0
256381 1
177912 1
175367 1
144269 1
249427 1
151090 1
044343 0
235905 0
267709 1
220212 1
148201 1
065904 1
222655 2
000359 1
222653 2
066802 1
016566 1
011048 1
160565 1
222739 1
148202 2
173343 1
178322 2
000415 1
151379 2
178332 2
178331 2
222775 1
251938 0
178458 2
130817 1
066524 1
151304 2
182908 2
151291 2
016859 1
176632 2
016824 1
123983 1
164995 1
130805 1
178464 1
128439 1
176633 2
172998 1
016803 0
184311 1
015300 1
184304 2
130831 1
128430 1
176678 2
150565 1
222923 1
145836 1
182260 2
187227 1
182189 2
099605 1
016972 1
218222 1
180232 1
218213 1
180230 2
064929 1
018198 2
146663 1
068895 0
039138 0
130899 1
130885 1
000391 1
130846 1
180159 2
180223 1
128151 1
160046 2
191910 2
130739 1
191253 1
183372 1
151170 1
030649 0
192165 2
130811 1
160074 1
173419 1
021587 0
120333 1
130773 1
164017 0
156197 2
120293 1
016864 1
000320 1
016850 1
133034 1
192166 1
154071 1
123091 1
078716 0
173426 1
127238 1
168934 1
015769 1
123536 1
167641 2
016844 1
167643 1
124314 0
152824 1
152833 1
130835 1
130810 1
000354 1
124422 2
151137 2
151133 2
130809 1
130799 1
130655 2
124438 1
124291 1
130672 2
173496 1
123892 1
151213 1
130869 2
151124 1
130639 1
124010 1
016858 1
130628 1
187379 1
000304 1
152851 1
127536 1
150087 0
000360 1
015580 1
000327 1
016188 1
123997 1
187358 0
130837 1
127879 1
127825 1
187357 0
000390 1
000302 1
229773 0
016987 0
000325 1
107719 1
007261 0
157979 1
177013 1
175614 0
000298 1
287283 0
124487 1
177070 1
150624 1
000312 1
017182 0
130896 1
130816 1
000323 1
130852 1
124420 1
124341 1
130807 1
121978 1
124344 1
009518 2
121979 2
007186 0
130806 1
289368 1
000322 1
130801 1
123940 1
002444 0
114210 1
124437 1
209843 1
114068 1
130840 1
124466 1
124548 2
210023 1
124550 1
210320 1
130818 1
130747 1
012958 1
003896 0
000326 1
124340 1
124343 1
130802 1
017179 1
000594 0
178122 1
149956 1
130850 2
155747 0
000398 1
015597 2
130847 0
178107 2
130859 1
005454 1
000299 1
130853 2
130843 2
000353 1
120009 1
129718 1
124433 1
000783 1
129868 2
059384 0
006838 1
129874 1
008555 0
129869 2
017086 1
007938 1
014809 0
121351 1
013144 1
202148 0
065865 1
276135 0
114249 1
150323 1
065886 1
199396 0
016841 1
179268 1
130813 1
130833 1
150379 1
112921 1
124015 1
006658 0
030552 0
000356 1
124186 1
000358 1
221523 0
014506 1
071373 1
147460 1
104546 1
124616 1
071360 1
104533 1
071351 1
104524 1
124082 1
124117 1
201860 2
124093 1
068019 1
000319 1
150425 1
202794 0
000431 1
150434 1
064592 1
162032 2
124162 1
124617 1
162076 1
124026 1
017691 0
086107 0
036198 0
124601 1
065968 1
255761 0
065969 1
150303 1
127371 0
283768 0
124130 2
088178 1
123778 0
151602 1
067145 0
088349 1
179879 0
124459 1
088180 1
188295 0
156877 1
123967 0
123726 1
156914 2
152713 1
124097 1
114223 0
152711 2
064414 1
123743 1
124135 1
222522 0
066269 1
123736 2
123878 1
082617 1
183611 1
095460 0
170863 0
196090 0
183557 1
183584 1
188537 0
123992 1
124957 0
064790 1
176882 2
011899 0
070356 1
066046 1
070355 1
133099 0
183179 1
070389 1
142926 0
103562 1
103528 1
103529 1
064495 1
069248 1
102421 1
064487 1
069203 2
124191 1
109561 2
102376 2
220056 0
124145 2
184927 0
007401 1
112991 1
068308 1
064814 2
017044 0
131944 0
124627 1
133187 0
012680 0
124354 1
124353 1
068337 1
224475 2
017150 0
186549 0
224441 0
231938 0
011314 0
230067 0
199430 0
144453 0
173808 2
173809 2
173835 1
192395 0
282202 0
186587 0
128449 0
087545 1
124425 1
003641 0
198885 0
150908 1
029337 0
077132 1
124063 1
112948 1
155599 1
077124 2
016933 1
077187 1
124408 1
124424 2
283786 1
196181 0
031947 0
196783 0
036301 1
188540 0
262596 0
082049 1
143571 0
066166 2
201558 2
130604 0
124432 1
167884 1
167942 1
067912 1
168088 1
066131 2
004041 2
064839 1
150759 1
200239 0
165939 1
166028 0
188154 1
188132 1
188128 1
087881 0
196270 0
230350 0
149316 1
147305 1
177672 2
015726 1
177671 2
107878 0
177696 1
066088 1
064404 2
168076 1
086749 0
099016 1
185881 0
058897 0
160970 2
160995 1
124516 1
099025 1
099033 1
164239 1
099030 1
152047 1
152057 1
102048 0
064822 1
127510 1
082658 2
099032 1
099154 2
017336 1
163112 1
126521 0
066445 1
201610 0
082597 2
164120 0
009364 1
062746 1
153022 1
186853 1
163117 1
009862 0
133091 0
064821 2
284567 0
078480 1
030549 0
065695 1
064439 2
064501 1
003174 0
186852 1
284662 0
187328 1
187334 1
066347 1
176324 1
085968 1
187496 0
039348 0
066335 2
066419 1
029472 0
167543 1
156540 0
087855 1
167547 1
175542 0
167548 1
066249 0
082809 1
066462 1
099038 1
173852 1
064429 1
120808 0
099027 1
181063 0
099018 1
231048 0
082805 2
223926 0
196906 2
118906 0
064492 1
098414 0
196845 1
082238 1
189837 2
187053 2
187072 1
082233 1
195702 0
064475 1
078844 0
187891 1
067599 1
077354 2
064818 1
195562 2
161173 1
075717 0
238514 0
098558 0
189838 2
078218 0
189849 1
064499 1
123650 1
182587 2
182596 1
167685 1
064474 1
077709 1
014829 1
161219 1
125888 1
107847 0
252407 0
187286 0
146766 2
161174 1
276940 0
086198 1
167686 1
167805 2
161182 1
177196 1
154974 0
189591 0
187262 0
084024 1
216832 0
150985 1
146769 2
218734 0
286968 0
150677 2
150658 1
201395 0
186438 0
021798 0
150679 1
086199 0
000297 1
150681 2
150690 1
198364 0
149876 0
185055 0
066225 1
076921 1
151231 1
005863 0
167788 1
167000 1
020783 0
064523 1
089470 1
064530 1
197442 0
076916 1
146942 0
127090 1
123883 1
064914 1
123857 0
188246 0
192469 0
123968 1
064882 2
064899 1
037819 0
087216 1
150720 1
196153 0
118328 0
252843 1
151961 1
149860 0
252856 2
064455 1
082840 1
128349 1
018716 2
082847 1
080089 0
005789 0
086691 0
127225 0
075564 1
223680 0
123777 0
092976 1
167593 1
088895 0
253111 0
033571 0
098608 2
098457 1
099121 0
065842 0
098456 1
167594 1
124455 1
064435 1
284817 0
167584 1
098601 1
276130 0
098458 1
098561 1
004701 0
018023 0
200283 0
017457 0
127089 1
232240 0
087185 0
015317 1
125416 1
000544 0
185989 0
167592 1
202144 0
067251 1
152518 0
163792 1
126882 1
164016 1
164101 1
087175 0
170382 1
170385 1
071482 1
168784 0
071513 1
104655 1
260784 0
071481 1
104654 1
071514 1
104687 1
104686 1
229847 0
078168 0
124614 1
006114 1
188064 0
082812 1
121973 0
162727 1
064777 1
149794 1
174621 0
125177 0
166962 1
083820 0
136219 0
082210 2
170425 1
089271 0
170426 1
166963 1
166871 1
166961 1
187317 0
192392 0
170422 1
166872 1
003665 0
167590 1
167591 1
127134 0
084679 0
167582 1
230470 0
167585 1
183530 1
174651 0
018271 1
168257 1
167602 1
162512 1
167603 1
146317 0
168030 1
128914 1
137603 2
017867 1
082212 1
137552 2
098418 0
082204 0
006290 1
129194 1
102074 1
219602 0
163069 0
130720 1
134626 1
150013 0
039355 0
006451 0
131640 1
000435 2
131641 1
170347 1
150247 1
128481 1
170349 1
131643 1
102113 1
002230 0
131671 1
170354 1
102027 2
170352 2
133528 0
150246 1
193012 0
170877 0
149852 0
178101 0
099971 1
102155 2
099977 1
130160 1
017495 1
102079 1
170355 1
102115 1
129432 1
187695 0
128632 2
011538 0
040795 0
170381 1
133092 0
037384 0
265828 1
131900 1
016948 0
170384 1
265853 2
035014 0
259120 0
145787 0
009345 1
017231 1
283802 1
265906 1
133623 1
128669 2
121815 1
066338 0
128525 1
265858 1
167596 1
016546 1
265960 1
265901 1
266057 1
124427 1
130683 0
167604 1
167597 1
117577 1
167579 1
287860 1
064419 0
201609 0
007842 0
287864 0
137577 0
141460 0
140777 0
148289 1
128640 0
177039 2
177043 1
153010 1
005038 0
082205 0
167605 1
030620 0
167583 1
266056 0
101872 0
194137 0
129999 0
165904 0
178296 0
115665 2
064472 1
187207 0
192224 0
067817 0
127607 1
098203 0
283031 0
287867 0
175538 0
070104 0
014828 1
099789 0
117793 2
276088 0
117758 1
099161 0
117792 1
143462 1
136167 0
227949 0
175829 1
189836 1
064907 1
125891 1
276308 1
064823 1
030973 0
070859 0
179932 0
170337 1
082211 0
149281 1
163928 0
168506 0
123233 1
114222 0
221502 0
149955 0
192250 0
149620 1
149398 1
014590 0
147469 0
185185 0
015637 1
149400 2
019973 2
123418 1
076611 1
252425 0
167928 1
257383 0
110524 0
177610 1
177605 2
131770 0
098590 0
003165 0
141162 2
167576 1
134357 0
187231 0
256774 0
100708 0
167886 2
082974 1
184877 2
124768 1
167577 1
167559 1
076915 2
064920 1
141194 2
189184 0
141224 2
076919 1
184878 0
124770 1
161596 2
141234 2
064843 1
199359 0
141210 2
167509 1
167525 1
167526 1
189577 1
136265 1
187625 1
014659 1
140175 0
123137 1
126087 1
124260 1
010442 0
179799 0
180984 0
152320 0
074702 0
064893 1
189530 2
006248 0
123925 1
047416 0
201768 0
064599 1
086134 0
004302 0
064640 1
116372 0
017249 1
129633 1
126198 0
174838 0
202799 1
124248 1
124257 1
197179 0
051757 0
260616 0
127002 0
013006 2
231045 0
093771 0
132823 0
164198 0
011068 0
217193 0
139823 0
034252 0
199662 0
188071 0
265959 1
258324 0
098056 0
020797 0
064604 0
015790 1
187853 0
192545 0
042401 0
092310 1
092305 1
223066 0
279797 0
078623 0
085386 1
001057 0
081761 0
133669 0
157367 0
283734 0
187626 0
014827 1
184484 0
136057 0
115027 2
155748 0
001323 1
124234 1
125890 1
149829 1
064590 1
110095 1
143610 0
206885 0
004353 0
040320 0
130812 1
153178 0
110111 1
016200 0
000318 0
186569 0
287866 0
039180 0
285889 0
038558 0
064928 2
111418 0
065045 1
112010 0
086192 1
182414 0
181960 2
181990 2
034372 0
182006 2
289969 1
230735 1
289955 1
086184 1
154808 0
224488 0
146748 0
133806 0
131774 2
136145 0
068481 0
167587 0
066433 0
036386 0
287863 0
189178 0
282212 0
155600 1
179438 0
116165 0
124142 1
227269 0
284043 0
108624 0
100075 0
130544 1
030613 0
146845 0
064454 1
086127 0
157242 0
070120 0
069987 0
091985 0
117379 0
271346 0
036195 0
066723 1
150698 0
128153 0
257210 0
125018 1
000418 1
200235 0
156042 1
194125 0
128641 1
118937 0
156726 0
162266 0
194441 0
123823 1
074770 0
147881 0
016963 1
230414 0
019687 0
172874 0
150766 0
135418 0
118773 0
074812 0
124615 1
130079 1
130074 1
130073 1
208151 0
204412 0
005816 0
016666 0
284956 0
015059 1
141570 0
233720 0
198736 0
008869 0
240511 0
086503 0
079221 1
193717 0
015122 0
164226 0
187524 0
269673 0
187204 0
079186 2
017534 0
223921 0
127033 0
251351 0
012786 0
157342 0
085189 0
114689 0
186645 0
014815 1
125903 1
132245 0
187384 0
160244 1
181942 0
066656 0
167599 1
167581 1
269834 0
124013 0
210816 1
210827 2
164663 0
179956 0
165173 0
167600 1
187399 1
161007 1
004552 0
274008 0
086470 0
133911 1
210842 1
035651 0
086049 0
126351 0
285092 1
285209 1
156853 1
252983 0
217312 0
117459 0
192539 0
155729 0
175397 0
001597 1
091236 0
133917 1
133163 0
136119 1
112588 0
262631 0
125425 0
071498 0
011700 0
082192 1
199395 0
252439 0
014669 0
016951 0
082197 1
187267 0
257002 1
133772 1
047359 0
133360 2
076233 0
111105 0
267671 0
077612 0
234952 0
135530 1
152416 0
185193 0
005483 0
135531 0
140171 0
090267 0
187816 0
133350 0
075854 0
157245 0
117480 0
130821 2
244317 0
222529 0
182516 1
130830 1
127064 0
064826 1
151952 0
124395 1
165911 0
080671 0
086540 0
009078 0
130870 0
131189 0
100682 0
136433 0
083163 0
064848 1
194570 1
147027 0
084314 0
184594 0
143886 0
016953 1
081243 0
182780 0
113134 0
252446 1
102004 0
100873 0
196509 0
024744 0
130886 0
231942 0
154533 0
061477 0
182514 1
079404 1
164333 0
121782 0
288719 0
123278 0
133363 1
004093 0
152127 1
040918 0
187288 0
079197 1
133352 0
152501 0
124504 1
066238 0
270232 0
064436 1
082087 1
079993 0
192544 0
123470 0
257786 0
122821 0
061442 0
156806 0
000308 0
269823 0
003935 0
004192 0
184890 0
145559 0
014379 0
071706 1
104879 1
182513 1
127708 0
100101 0
169822 0
068459 1
226734 0
180076 0
068467 1
187653 1
128959 0
048640 0
126981 1
111434 1
130900 0
141567 0
119427 0
192309 0
128036 0
064588 1
284514 0
111433 2
116106 0
126335 0
111432 2
111388 2
176393 0
178741 1
064619 1
143300 2
143268 2
143200 2
035249 0
144431 2
143297 2
197624 0
127601 0
183971 0
192274 0
088518 0
143197 2
010762 1
219338 1
219463 1
070129 0
077806 0
064557 1
152577 0
013250 1
064796 1
177121 0
135597 0
252448 0
066337 1
005236 0
009985 0
188636 0
126522 0
099454 0
262646 0
134733 1
066227 0
147892 0
284818 0
179803 0
099255 1
036385 0
084989 0
064782 1
221504 1
241672 1
258392 0
172408 0
076246 1
197466 0
200368 0
128446 0
108150 0
064512 1
064850 1
221503 0
018379 0
133449 0
221525 1
161091 0
136808 0
163914 0
230504 1
025268 0
120392 0
111773 1
091976 0
133876 0
087874 0
241659 1
193130 0
191860 1
285754 1
125922 0
091908 0
187234 0
164182 0
101448 0
004935 0
166018 0
180990 0
077601 0
181276 0
154508 2
101140 0
221524 0
157937 0
192546 0
234986 0
064600 1
199768 0
285753 1
136316 0
157249 0
191882 1
112577 0
111662 0
173941 0
154510 1
192511 0
187696 1
263039 0
146859 0
191464 0
006212 0
235032 1
187707 1
002435 0
118942 0
136246 0
009109 0
109018 0
251003 0
222956 1
108469 0
064841 1
150756 0
003995 0
157497 0
223002 2
081844 0
223096 1
046456 0
050057 0
033495 0
000918 0
024701 0
107741 0
266735 1
064409 1
216128 0
126540 0
180591 0
155849 0
095510 0
218147 0
183066 0
266738 1
128062 0
213585 0
269710 1
138805 0
259583 0
210679 0
225133 0
171254 0
183162 1
064528 1
151950 0
130535 0
226162 1
235069 1
075741 1
134772 0
014953 1
202143 0
108043 0
131409 0
274018 1
025305 0
069194 0
125782 1
222718 1
230469 0
222763 1
274017 1
033980 0
006779 0
079139 1
141933 0
234025 0
138299 0
095135 0
037113 0
282223 0
079176 1
243548 1
213048 0
184519 0
243565 0
079229 1
270220 0
142706 0
221400 0
018739 0
257072 0
109513 0
139588 1
062166 0
192982 0
155854 0
164684 0
188423 0
078334 1
223730 2
224440 0
224476 0
230529 1
100528 0
065855 1
127369 0
285712 0
125621 0
079581 1
223993 0
113082 0
229850 0
193115 0
180994 0
223922 0
150735 0
091865 0
113685 0
031584 0
200386 0
064924 1
185380 0
007423 0
096459 0
267704 2
147688 0
143778 0
181570 1
230114 0
276685 0
187197 0
054262 0
128868 0
092081 0
197744 1
211548 0
102367 0
054313 0
287271 0
124428 1
128881 0
100173 0
124141 1
075042 1
197762 0
205619 0
227845 0
283262 0
122701 1
064468 1
267710 2
221413 0
011317 1
267701 1
254128 0
122702 1
117410 0
067907 0
275274 0
092126 0
221377 0
011263 1
056617 0
231935 0
224478 0
122687 1
152362 1
152364 0
125941 0
064598 1
064671 1
280050 0
046615 0
064917 1
172958 0
080223 0
152368 0
283261 0
043491 0
124839 0
124446 0
167586 0
124283 1
131280 0
010053 0
125934 0
112160 0
126933 0
079415 0
123986 1
173418 0
012447 0
064878 1
116122 0
064470 0
064273 1
034327 0
064342 0
123661 1
018804 0
210130 0
259594 0
067094 0
182565 0
128248 0
195688 0
012198 0
123884 0
280728 0
000423 0
004095 0
027838 0
011639 0
125909 0
137130 0
082194 0
122166 0
214717 0
180986 0
139526 0
167933 0
154462 0
067683 0
129537 0
182324 0
142160 0
167607 1
164154 2
151413 0
110899 0
232627 0
164157 0
075701 0
184988 0
271942 0
094085 0
001857 0
086867 1
223924 0
012349 0
083384 0
192476 1
192475 1
033496 0
046527 0
206828 0
069109 0
086368 1
200232 1
269833 0
161169 0
164115 0
005967 0
192207 0
064458 0
180588 0
116109 0
064768 1
152748 0
087004 1
193533 1
189322 0
167696 2
066388 1
066332 1
161537 0
117406 0
071680 0
156844 0
284671 0
059437 0
152594 0
130674 0
187203 0
034969 0
186448 0
079268 0
162383 1
095589 0
064412 0
071001 0
202319 0
194055 0
066153 1
123882 0
263418 0
137045 0
066149 1
138824 0
168181 0
066122 1
018915 0
252114 0
284979 0
110603 0
289771 0
165001 0
002211 0
067890 0
064459 1
083144 0
258509 0
064460 1
187264 0
064881 1
064900 1
064427 1
265376 0
018989 0
252954 0
127443 0
069229 1
211022 0
064785 2
155338 1
191481 0
102402 1
064786 1
126591 0
101111 0
087386 0
125069 0
279871 0
097918 0
009752 0
166305 0
211784 0
158633 0
000075 0
009187 0
155845 0
102125 0
255357 0
009232 0
158865 0
180982 0
064908 1
136730 0
156810 0
109540 0
004205 0
183760 0
219436 0
005963 1
046988 0
192910 0
133632 0
002238 0
119691 0
268301 0
127572 0
195683 1
151450 1
013466 0
151233 1
136240 0
011384 2
187882 0
175476 0
037104 0
271149 0
195682 0
286973 0
187285 0
065421 0
162242 0
151210 0
283024 0
126222 0
161540 0
282213 0
284443 1
002980 0
074949 0
108711 0
060114 0
276232 0
237595 0
098439 0
195623 0
122354 0
098923 0
077349 0
286264 0
223600 0
257594 0
090779 0
150212 0
018352 0
068500 0
116277 0
124330 1
108475 0
196595 0
141461 0
207436 0
160810 0
064860 1
132589 0
219596 0
133332 0
160890 0
124255 1
037129 0
123709 1
152740 0
262991 0
005788 0
099802 0
257220 0
079874 0
152018 0
115882 0
095563 0
124205 1
030976 0
080810 0
188392 0
197811 0
117105 0
094431 0
126948 0
126815 0
010110 1
132133 0
064264 0
211499 0
064413 0
008067 0
017036 0
136158 0
255389 0
126504 0
000010 0
019699 0
119304 0
015200 0
226157 0
131572 0
253926 0
080947 0
160834 0
180863 0
270234 0
027100 0
151913 0
183157 0
227761 0
119399 0
080191 0
078293 0
117200 0
199423 0
002080 0
033996 0
037030 0
264082 0
165110 0
082688 0
124176 0
064485 1
010078 0
081659 0
000620 0
167527 1
088228 0
075405 0
089196 0
079703 0
167528 1
167529 1
132583 0
128022 0
228395 0
221955 0
225819 0
079797 1
188625 0
257787 0
175515 1
202425 0
079770 1
146944 0
021381 0
101429 0
079773 1
221724 0
079841 0
192261 0
268762 0
128865 0
243984 0
070966 0
006661 0
103160 0
175446 2
070882 0
157343 0
175445 1
161525 0
117736 0
175371 1
163518 0
201650 0
104174 0
126416 0
213550 0
118433 0
253422 0
020466 0
149923 0
125886 0
140834 0
044649 0
143872 0
244331 0
173308 0
015729 2
147761 0
223386 0
013923 0
173327 0
197732 0
125984 0
191202 0
221447 0
183383 0
088893 0
025674 0
049909 0
043609 0
140133 0
143262 0
127973 0
006314 0
185904 0
181548 0
187963 0
256403 0
283233 0
127847 0
113078 0
006751 0
284787 1
120321 0
031524 0
070305 1
123978 1
103478 1
188340 0
045232 0
100109 0
143910 1
070303 1
103476 1
213045 0
143755 1
128304 0
136924 0
117449 0
241898 0
143214 1
004789 0
067412 0
124392 1
129942 0
135961 0
265095 0
151422 0
128322 0
109243 0
229985 0
123555 1
129880 0
115496 0
124397 1
124217 1
124220 1
284825 0
040907 0
009392 1
086310 0
160530 0
124371 2
129418 0
032944 0
158216 0
124390 1
086542 0
196357 0
070788 0
023477 0
184191 0
150052 0
124384 1
252117 0
282244 0
125983 0
110138 0
047668 0
124216 1
124219 1
101035 0
195900 0
126694 0
284821 0
098522 0
100821 0
050903 0
127977 0
121722 0
151951 0
112559 0
116287 0
081323 0
166063 0
099156 0
015725 1
090695 0
118308 0
196146 0
033315 0
190044 0
159766 0
076315 0
009026 0
187935 0
067654 0
135470 0
208546 0
140069 0
149282 0
098279 0
026725 0
036824 0
086510 0
144567 0
257625 0
240584 0
147338 0
123947 0
173743 2
110903 0
004387 0
173864 1
175457 0
149283 0
158846 0
284788 0
035259 0
082487 0
188309 0
124266 0
003830 0
125978 0
161132 0
222139 0
167953 0
141920 1
141955 1
172960 0
167742 0
190166 0
018147 0
118912 0
024781 0
095667 0
153892 0
122357 0
097142 0
121783 0
151317 0
209816 0
069017 1
192389 0
128302 0
007414 1
252943 0
089247 0
209570 0
268912 0
124861 0
120931 1
137966 0
076207 0
194468 0
000716 0
193844 0
127383 0
129853 0
111520 0
119616 0
003318 0
077789 0
149929 0
037279 0
081826 1
162391 1
182538 0
240618 0
192091 0
136637 1
284626 0
078222 0
103277 0
283657 0
196280 0
187508 1
124588 0
134437 0
167767 0
081687 0
184328 0
124872 0
130564 0
189259 1
100164 0
099135 0
188356 0
081063 0
133994 0
262716 0
256345 0
009303 0
067483 0
228688 0
187382 1
276006 0
128572 0
121707 0
064863 1
079870 0
070695 0
202294 0
087065 0
152562 0
136149 0
283237 0
043485 0
189258 0
067427 0
225962 0
226614 0
151030 0
187666 0
160159 0
227285 0
128284 0
037098 0
121669 0
235228 0
065344 0
288181 0
240540 0
224229 0
138482 0
009395 0
025557 0
036830 0
062499 0
085655 0
179495 0
149287 0
143586 0
151958 0
275035 0
135843 0
115715 0
189194 0
121755 0
002064 0
190649 0
112210 1
196859 0
016064 0
108004 2
173149 0
222717 0
032954 0
222085 0
252830 0
174779 0
024782 0
064683 1
277410 0
107998 2
107987 0
093243 0
187855 0
070123 1
016559 0
049842 0
271237 0
062751 0
126299 0
158430 0
209886 0
124118 0
214092 0
188347 0
005754 0
122748 0
150474 0
168396 0
113386 1
103296 1
088185 0
122202 0
078847 1
089108 0
078489 1
181042 0
061282 0
150055 0
080455 0
153248 0
153063 0
113389 1
183720 0
090778 0
144555 0
227685 0
011487 0
133434 0
167458 0
065215 0
155744 0
070169 0
155863 0
064467 1
185928 0
257027 0
004570 0
260818 0
289827 0
141722 0
090273 0
017870 0
166625 0
188401 2
098227 0
027873 0
124542 0
129192 0
030751 0
100025 0
061185 0
189913 0
101854 0
283299 0
118291 0
003299 0
036970 0
189193 0
195659 0
184139 1
085980 0
188415 2
170617 1
137916 0
229313 0
159575 0
031955 0
177449 1
068765 0
188259 0
144872 0
004337 0
208913 0
002918 0
221445 0
209444 0
121537 0
101115 0
140565 0
070317 0
166561 0
214885 0
220053 0
169181 0
210287 0
081740 0
065831 0
288715 0
111969 0
094762 0
103342 0
172964 0
184114 1
252115 0
036617 0
198594 0
066150 1
187949 0
071762 0
008075 0
123292 0
066146 0
261115 0
224627 0
153185 0
257785 0
013976 0
066529 0
002365 1
149925 0
011279 0
267564 0
254472 0
066145 1
122356 0
116882 0
069031 0
134091 1
253120 0
154762 0
026187 0
078317 0
060406 0
064347 1
157041 0
064739 1
065985 1
103293 0
260820 0
142334 0
066001 1
128815 0
087546 0
055476 0
265947 0
144541 0
111961 0
284826 0
066083 1
047161 0
062082 0
251950 0
066082 0
060368 0
275089 0
170214 1
183593 0
051711 0
161996 0
064416 0
171828 0
196465 0
066076 0
163809 0
211731 0
100214 0
124149 0
192198 0
196535 0
146588 0
180773 0
288990 0
066048 0
208201 0
194126 0
036903 0
213668 0
176128 0
131347 0
184326 0
122847 0
002233 0
031128 0
089306 0
011338 0
226905 0
128179 0
286897 0
252243 0
147147 0
009700 0
187049 0
174173 0
191139 0
186212 2
268780 0
009870 0
157401 0
097060 0
144204 0
250361 0
133520 0
011345 1
180651 0
199622 0
078342 0
237470 0
196518 0
167950 0
175376 0
124812 0
067971 1
271280 0
054091 0
108945 0
024745 0
082999 1
191747 0
004992 0
049220 0
268969 0
118774 0
210433 0
036721 0
065821 0
150404 0
122721 0
152806 1
063336 0
259955 0
152813 2
156744 0
057069 0
000384 0
009560 0
134942 0
152814 1
005115 0
181920 0
125202 0
008380 0
111384 0
018017 0
116874 0
065850 1
253878 0
103302 0
122097 0
107835 0
134401 0
065907 1
190042 0
010095 0
253877 0
032945 0
077248 0
090789 0
204492 0
155998 0
226497 0
064876 0
006936 0
064662 0
122845 1
095529 0
213753 0
065770 1
000162 0
011799 0
122849 0
066296 1
136811 0
241507 0
099003 0
264958 0
122703 0
113387 0
180644 0
018429 0
081636 0
124447 1
122704 0
005757 0
135113 0
277248 0
228883 0
194322 0
191652 0
161688 0
000169 0
091919 0
210748 0
188815 1
162926 0
075809 2
083235 0
076133 1
098544 0
071048 0
259898 0
124501 0
188256 0
124521 0
109511 0
284469 0
089115 0
123964 0
154297 0
144398 0
131192 0
218259 0
242700 0
036497 0
181077 0
111960 0
077374 0
146231 0
056666 0
151756 0
133058 0
151383 0
257291 0
136625 0
177206 0
092697 0
148994 0
136229 0
220060 0
129667 0
067770 1
037827 0
185915 0
124489 0
011539 0
000077 0
187092 0
187657 0
151229 0
284676 0
117533 0
224435 0
141522 0
007487 0
018597 0
061261 0
124737 0
033138 0
064465 1
146354 0
121465 0
099020 0
144161 0
129515 0
182356 0
042669 0
112187 0
078669 0
136645 0
187061 0
152554 0
171255 0
090390 0
110117 0
195733 0
181866 0
219093 0
147357 0
202262 0
126253 0
162787 0
179212 1
123899 0
064245 0
002731 0
123343 0
087752 0
158022 0
066223 1
069012 0
187870 0
066348 1
188325 0
064411 0
082120 0
064463 1
178860 0
113399 0
066418 1
162145 0
104055 0
117467 0
081127 0
197771 0
122398 0
190192 0
081605 0
112415 0
262172 0
238868 0
183177 0
187802 0
092379 0
259860 0
017672 0
113404 0
271352 0
199211 0
034929 0
152333 0
287737 0
147684 0
104139 0
264500 0
122706 0
146346 0
115308 0
169302 0
117356 0
001738 1
075612 0
151949 0
032022 0
281630 0
041628 0
181367 0
010949 0
036963 0
242755 0
110035 0
043564 0
064390 1
214832 0
152903 0
158055 0
058729 0
289923 0
130873 0
078650 0
123254 0
141205 0
222187 2
222142 1
135973 0
124351 1
271108 0
221860 0
154119 0
005211 0
145733 0
083066 0
127917 0
124352 1
184975 0
018761 0
228397 0
110732 0
165919 0
077792 0
025061 0
017412 0
088590 0
196275 0
085772 0
041789 0
128657 0
219523 0
101464 0
177520 0
100336 0
252436 1
101076 0
065187 0
120374 0
004968 0
189150 0
142633 0
047562 0
218092 0
101052 0
126943 0
077375 0
029578 0
225006 0
288893 0
111070 0
087716 0
233132 0
088621 0
081133 0
114066 0
065755 0
097362 0
141750 0
006677 0
128844 0
283296 0
041956 0
168717 0
231902 1
124360 1
124349 1
068281 0
131256 0
244750 0
130838 0
078102 0
231893 0
161803 0
039188 0
064448 1
149583 0
252443 0
094878 0
143574 0
120329 0
187866 0
135445 0
023825 0
009580 0
193845 0
214939 0
051518 0
162955 0
035662 0
016272 0
288636 0
269602 0
006008 0
260413 0
