238411 0
233640 0
269056 0
082766 0
266911 2
266308 1
266333 1
266375 0
266378 1
266377 0
264605 0
268383 0
268368 0
245034 0
253728 1
253658 1
253750 1
236366 0
260528 0
249339 0
251567 0
285980 2
286866 0
280878 0
267191 0
254619 2
254612 2
255441 1
255415 0
197225 1
197226 1
231245 1
231159 1
231163 1
231166 1
238924 0
231857 1
231211 0
196905 1
076236 0
196058 0
230770 0
173785 2
173789 2
178351 2
178089 0
177419 2
177418 2
177416 2
177403 1
206181 1
170353 0
207424 1
202751 0
196095 2
177432 2
177430 0
200380 1
200375 1
243507 2
170993 1
210130 0
192783 2
192731 2
213550 0
195482 1
229970 0
220420 2
220465 2
220423 2
220484 2
220483 2
171700 1
171708 1
171709 1
171674 1
171673 1
171667 1
220568 0
166911 0
139289 0
219128 1
219118 1
270247 2
270249 2
253896 1
253886 1
253883 1
182440 0
199491 2
205266 0
220383 0
244696 1
213979 0
255934 2
255945 2
255948 2
255947 1
255944 1
255933 1
278925 0
220112 2
199804 1
199803 1
223029 1
199784 1
199777 1
199759 1
199778 1
223031 1
199745 1
223028 1
223022 1
223023 1
223019 1
253060 0
214158 2
214163 2
214144 2
196518 0
223325 1
222593 2
222592 2
230436 2
201513 2
205360 1
242357 0
280266 1
221880 2
215715 0
230409 2
205351 2
205350 2
221038 0
215692 0
256555 2
254773 0
284588 0
182984 0
197885 2
211782 0
272657 0
232598 0
204937 2
204651 2
204547 2
203701 1
218536 2
224126 1
224094 1
213686 0
224124 0
250880 0
256926 0
076131 2
224096 1
223369 1
255923 0
199809 2
158022 0
199811 2
275836 0
235732 0
246421 0
199808 0
075967 2
264983 0
219595 2
077514 0
199873 0
219124 0
197822 2
197819 2
190181 0
230101 0
196998 0
198813 0
196091 0
223372 0
210000 0
202756 0
017038 2
252870 2
150512 0
252789 2
254751 2
210601 1
222160 0
254747 2
253604 2
254707 2
150514 0
255377 0
241786 0
281452 1
058557 2
076019 2
075989 2
255359 0
069164 0
232701 0
213100 0
271342 0
058843 0
270248 2
270246 2
256563 1
256565 1
237515 2
258702 2
256004 0
196602 1
196578 1
196355 0
197679 2
197674 2
272339 0
195433 0
224029 2
196356 0
224014 2
237507 0
199839 2
226018 0
263564 0
200540 0
193164 0
197256 2
196621 0
058497 0
192846 1
215475 0
199638 2
199604 2
192997 1
245035 0
192939 1
258909 0
260672 0
233638 0
195404 2
195236 2
195228 2
195378 2
195317 2
195349 2
195204 2
242852 0
199086 0
018195 2
128964 2
168740 0
194089 0
263117 2
264721 0
201928 1
199269 1
199268 1
199253 0
261139 0
197365 2
197336 2
199408 1
199879 1
199403 1
199878 1
196886 2
214487 0
138350 1
199374 0
230090 0
131696 2
155508 0
131700 2
131713 2
117370 2
131925 2
256079 0
093115 0
131701 2
131790 2
117144 2
117348 2
131772 2
117375 2
131876 1
131608 2
144564 2
131609 2
131600 2
131884 2
131587 2
144569 2
131570 2
144582 2
131588 1
144556 2
131611 2
131578 2
144617 2
131574 2
002207 1
131576 2
131575 2
130357 2
144048 2
133368 2
133019 2
010966 2
131763 2
144054 2
131761 2
131748 2
130337 2
130371 2
144053 2
144060 2
144271 2
144270 2
143960 1
143938 2
130952 2
002264 0
129729 2
143927 2
131685 1
129712 2
144100 2
006299 2
143958 2
144128 2
129808 2
129834 2
143467 2
130092 2
129880 2
143182 1
130088 2
138632 2
143165 1
143421 2
129807 2
129849 2
142750 2
130167 2
138636 2
143415 1
138525 2
143420 1
006734 2
142751 2
141082 2
143408 2
142745 1
129809 2
140263 2
141100 2
142691 1
129989 2
006417 2
139134 1
140262 2
141131 2
141101 2
129994 2
006624 2
006436 2
129987 2
139765 2
147406 2
139727 2
147416 2
132821 2
140220 2
141345 2
147423 2
140186 2
139522 2
132786 2
134997 2
129937 2
134905 2
135019 2
139399 2
132780 2
141332 0
139396 2
129992 2
138405 2
140176 2
139314 2
129934 2
132779 2
133670 2
139211 2
134837 2
139517 2
139296 2
138983 2
138854 2
133660 2
132678 2
138943 2
002682 2
133638 2
138981 2
138843 2
132694 2
134895 2
132693 2
132554 1
138931 2
138915 2
130871 2
138913 2
138867 2
132655 2
006435 2
138803 2
134000 2
138816 2
139758 2
140394 2
132459 2
003607 2
138576 0
002889 2
134830 2
133984 2
138810 2
132446 2
132419 1
130116 0
132431 1
138973 2
006573 2
139067 2
002741 2
006608 0
138955 0
138797 2
006634 2
138990 2
133812 2
144935 2
138767 2
134068 2
134073 2
132060 2
144954 2
139198 0
144952 2
134093 2
150966 0
002928 2
132044 2
137392 2
144945 2
138686 2
130257 2
144948 2
013779 2
002927 2
130860 2
130244 1
130230 2
134064 2
130265 2
144968 2
144956 2
115297 2
139987 2
138769 2
130243 1
139977 2
134832 1
138575 0
114662 2
130253 2
130251 2
139965 2
002447 2
130877 2
138749 2
138748 2
144328 0
085633 2
130864 2
130280 2
130898 2
134896 2
002765 2
114660 2
131565 2
130844 2
144164 1
133780 2
008264 2
147566 2
138848 1
069628 2
138394 2
144183 1
129014 2
144175 1
002890 2
138393 2
102801 2
140973 2
161721 2
138390 1
006388 2
144134 2
069649 2
147614 2
133779 2
140972 2
102822 2
133794 2
144853 2
129019 2
018274 2
133980 2
069567 2
133999 2
144810 2
128911 2
131726 2
147609 2
133755 2
102740 2
144725 1
139726 0
202757 0
144650 1
144724 1
145928 0
140960 0
144721 1
144632 1
144722 1
138507 1
069824 2
147589 2
131717 0
132129 0
136929 0
148166 2
102997 2
133169 0
137299 2
196670 2
240145 0
136475 0
211720 0
144135 2
109034 2
130401 1
130454 0
196668 2
196661 2
213570 0
130228 0
196655 2
144160 2
196646 2
132543 1
123302 2
147720 2
037084 0
129371 1
132166 1
132159 0
136686 2
147360 0
123283 2
132639 0
133944 2
012785 2
136638 2
129452 1
129372 1
017632 1
129378 1
130909 1
129379 1
129376 1
129374 1
129381 1
129375 1
146129 2
129441 1
129355 1
129447 1
129373 1
144590 1
129456 1
129434 1
130477 0
129448 1
151652 1
012079 2
151698 0
226533 2
122892 2
226421 2
226463 2
275837 2
002886 2
140814 0
130491 2
275773 0
240261 0
132555 1
151649 1
132559 1
151676 1
141169 2
130495 2
130487 2
132150 1
132147 1
130497 2
130511 2
132148 1
130696 2
238033 0
130522 2
132152 1
015179 0
130704 2
130698 2
130711 2
145015 0
130518 2
132146 0
131580 1
009964 2
255577 0
131805 2
161269 2
132153 1
132161 0
131799 2
137183 0
139439 1
006369 2
199239 0
137072 1
220654 2
101241 2
152635 0
232400 0
220660 0
101245 2
099474 0
131028 0
101246 2
101243 2
136078 0
151658 0
200687 0
101252 0
132160 1
132145 0
115048 1
132642 2
138427 0
246429 0
092325 0
136933 1
131661 0
189122 0
013729 2
196680 2
006064 0
136931 0
141939 2
240494 0
161056 0
144747 0
101256 0
141915 2
000755 2
008642 0
141912 2
132644 0
130061 2
138508 2
138503 2
115046 0
194367 2
115051 0
151646 1
147404 2
115341 1
258573 0
138496 2
132164 1
189130 0
143317 0
006472 2
139846 0
115349 1
115354 1
152927 0
138498 0
150967 0
115381 1
238035 0
202105 0
178095 0
076670 0
130758 1
145922 0
133182 2
213024 0
141330 0
132168 1
129127 0
133191 2
107810 0
140848 0
143407 0
202653 0
151047 0
139582 0
136170 0
140847 0
157909 2
132643 0
199079 2
197544 1
199075 2
199090 2
097596 0
132384 2
138486 0
133167 0
140920 0
198537 2
198541 2
139789 0
258499 0
133308 0
198530 2
202071 2
209385 0
225613 0
074634 0
131621 1
131617 0
115802 0
232406 0
148775 0
147065 0
288441 0
158296 2
260570 0
196522 2
156127 1
196366 2
152617 0
199174 2
240617 1
131614 1
131612 0
199203 2
155611 2
155610 2
133028 0
240583 1
196802 2
198626 2
101924 0
198620 2
198624 2
139884 0
005969 0
243609 0
266877 0
257879 0
141986 2
112654 0
138422 0
150934 0
114734 0
162711 2
136916 0
142111 0
136573 0
131620 1
198339 2
219117 0
131616 0
131860 1
198333 2
198312 0
150026 0
010255 2
131865 0
122582 2
131850 0
160164 2
193276 0
198304 0
217202 0
253856 2
140599 0
012900 0
250808 0
253844 2
160208 2
129901 0
122559 1
253847 2
253827 2
254778 0
018134 0
129124 0
122509 0
167201 2
202755 0
190459 2
112570 0
147946 0
150077 0
167248 2
167296 2
190470 2
167146 2
167297 2
258885 0
233904 0
125566 0
018126 0
198307 0
170734 2
170668 2
222313 0
168267 0
114722 0
151048 0
220497 0
138952 0
202749 0
191302 2
144420 0
191088 2
266709 0
258822 0
194176 2
130309 0
158363 0
168268 0
194183 2
194219 2
196211 2
238303 0
230688 0
157512 0
255523 0
196210 2
136168 0
213872 0
131030 0
168168 0
154218 0
225907 0
094765 0
272364 0
140730 0
150915 2
138543 0
112572 0
192966 0
256503 0
177438 0
147055 2
147850 0
129054 0
198353 0
131663 2
196025 0
139837 0
222490 0
194954 2
162879 0
151660 0
193696 2
006302 0
196073 0
122612 2
152790 0
097146 0
095708 0
178091 0
139964 0
256543 2
256635 2
010285 2
122613 2
042733 0
192912 0
197180 2
182760 1
079861 0
246416 0
182776 1
197390 0
137458 0
238097 0
197176 1
197170 0
253631 0
132662 0
064545 0
002542 2
255186 0
150081 0
178092 0
139763 0
147086 0
002509 0
134642 0
138484 0
064895 2
255275 0
220506 0
152553 0
278084 0
085175 0
251187 0
064885 0
132457 2
132386 0
130756 1
180090 0
101352 0
130798 1
130722 1
135993 0
130751 1
130824 1
138891 0
150063 0
195999 0
158023 0
131084 2
131138 2
225970 0
194100 0
131013 2
213514 0
131228 2
131235 2
131883 2
152218 0
131880 0
112623 1
165442 0
257309 0
197366 0
071913 0
152039 0
148691 0
071812 0
107846 0
010163 2
242242 0
112596 0
066525 0
108974 0
272729 0
163663 0
196769 0
122454 2
037387 0
143316 0
132453 0
008534 1
222299 0
221908 0
138491 2
198346 0
253748 0
002937 0
224569 0
177244 0
080274 0
112720 0
012396 0
140822 0
157282 2
157258 2
190825 0
130237 0
112737 0
136077 0
161997 2
161993 2
061074 0
131010 0
135216 0
202104 0
141674 0
067512 0
241816 0
265046 2
256615 0
139718 0
129018 0
151691 2
201197 0
253930 0
079631 1
079638 0
274183 0
151726 0
289329 0
142024 0
243613 2
150037 2
150031 2
135877 0
197865 2
157805 2
197863 2
195268 0
263645 0
150019 2
150011 2
150029 2
254786 0
222067 1
112718 0
140037 0
271348 0
233298 0
137425 0
134012 0
199875 0
018000 0
009987 0
087548 0
201337 2
225583 0
163811 0
101385 0
191888 0
155214 0
132476 0
151065 0
116466 0
201474 2
064209 0
152620 0
201475 2
155759 0
225555 0
194412 2
142126 0
226019 0
012112 0
211172 1
150585 0
124726 0
190473 0
212162 2
212167 2
222788 0
201603 0
197899 2
203131 1
146507 0
221444 0
114830 0
203124 1
194642 0
136914 0
197932 2
014308 0
199376 2
221598 0
157353 0
255912 2
194304 2
278168 0
256031 0
194316 2
256706 0
194312 2
151035 0
197527 0
245006 0
084119 2
084138 2
140369 0
273727 0
166385 0
155497 0
151813 0
154874 0
243630 0
152604 0
198368 0
213183 0
133126 0
224564 0
230276 0
222787 1
136825 0
102075 0
155908 0
152878 0
131940 0
017540 0
139456 2
177274 0
255109 0
142085 0
008865 0
139454 0
131734 0
167791 0
238207 0
223636 0
194136 0
008887 0
002681 0
112228 0
278923 0
224125 0
254783 0
091021 0
139664 0
146746 0
262132 0
131912 0
200962 2
115725 0
211379 0
289519 0
194616 0
201536 2
118533 0
252539 0
256122 0
076549 0
135853 0
232257 1
233090 1
233351 1
194411 0
232808 1
200950 2
232727 1
233091 1
148935 0
233326 1
197384 0
233437 0
277942 0
058685 2
233334 0
151445 0
240136 0
189124 0
058713 2
144406 0
254287 0
155579 0
196579 0
137461 0
130991 0
129109 0
097639 0
155769 0
268422 0
152791 0
196603 0
233419 0
154184 0
108494 0
230263 0
129059 0
071529 0
017949 0
010227 0
118579 0
152922 0
196009 0
037581 0
190751 0
144345 0
147076 0
150073 0
060019 0
233410 1
141583 0
260320 0
132440 0
224562 1
233399 1
129035 0
200458 2
241271 0
224620 1
227023 0
002691 0
224628 1
157705 0
085274 0
182110 1
003475 0
098053 1
189772 0
138739 0
262753 0
140380 0
129126 0
155188 0
239901 0
255453 0
252486 0
279957 0
155711 0
269062 2
268978 2
031619 0
130351 0
289855 0
138656 0
126992 0
269254 2
269112 0
166988 0
159833 0
182623 0
166386 0
042086 0
012384 0
254818 2
243649 0
227230 0
269219 2
269138 1
211704 0
137462 0
230056 0
254813 2
196928 2
196941 2
238294 1
193439 2
253139 0
231796 0
132548 0
269284 0
222192 0
237587 0
197966 1
197930 0
233622 0
162165 0
269037 1
254812 2
268985 1
235792 1
255389 0
163692 2
041998 0
101097 0
269363 2
289520 0
186030 1
213841 0
151663 0
201586 0
003499 0
194430 0
193069 2
160247 2
011838 0
194783 1
193071 2
220377 0
140826 0
274163 0
153213 0
066088 0
129140 0
255087 0
254774 0
137460 0
269014 1
268122 0
147935 0
255274 2
230097 0
178097 0
138892 0
155258 0
222862 0
238380 0
269135 1
272164 0
200686 0
238312 2
167810 0
143273 0
269109 1
098361 0
238308 1
238319 1
127014 0
241658 1
099857 0
150662 0
269742 0
076502 0
193306 0
196297 0
241647 1
254779 0
150066 0
122313 0
162243 1
011792 0
198691 0
233909 0
143970 0
201960 0
140828 0
162251 1
111521 0
256109 0
256449 0
231049 0
278863 0
139654 0
010257 0
226924 0
178366 0
254784 0
129686 0
130573 0
155909 0
233753 0
075913 2
075837 2
269022 1
075838 2
075759 2
075574 2
166716 0
075749 2
075516 2
075502 2
225621 0
152616 0
151041 0
133677 0
192302 0
224828 0
194177 0
232631 0
063986 0
146502 0
264952 0
282633 0
256637 0
112232 0
224144 0
134919 0
220630 0
256709 0
229011 0
238311 0
027786 0
241272 0
162183 0
229021 0
241818 0
024196 0
153100 0
233401 0
260945 0
148956 0
259341 0
260423 0
140598 0
234469 0
155565 0
008730 0
153696 0
122556 0
269216 2
115720 0
097597 0
231339 0
254787 0
198550 1
229047 0
198643 1
205250 0
269160 2
199976 2
250695 2
162184 0
222587 0
232777 0
199985 1
260525 0
250537 2
233323 1
268409 0
160959 0
198692 0
233293 1
231264 0
178370 0
196843 0
013855 0
027818 0
229357 0
141091 0
199876 0
269616 1
217340 0
177777 0
269604 1
188780 0
233707 0
194130 0
117436 0
152298 0
143405 0
145635 0
242976 0
162150 0
105086 0
258052 0
281372 0
115977 0
135816 0
129413 0
134989 0
196748 0
018127 0
004962 0
256694 0
249523 0
211271 1
031359 0
194035 0
257506 2
256611 2
193079 0
013047 0
256618 0
194875 0
004426 0
007318 0
006749 0
239906 0
088588 0
243735 0
227007 0
244395 0
122585 0
154057 0
122663 0
156501 1
156462 0
276249 0
156464 0
211471 0
269235 1
240692 0
269234 0
227396 0
231604 1
076134 0
139479 0
092694 0
220628 0
161573 0
241625 0
241273 0
229912 0
231486 1
252472 0
191921 0
156463 0
200919 0
253573 0
227203 0
231485 0
253020 0
155222 0
289854 0
196730 0
122308 0
226960 0
267644 0
168338 1
168327 0
259581 0
129025 0
168323 0
261128 0
179715 0
156497 0
157465 0
143571 0
242027 0
114965 0
148118 0
237240 0
231775 1
231774 1
245037 0
233830 0
233024 1
115165 0
194843 0
233000 1
196331 0
157466 0
109084 0
132416 0
215712 0
133675 0
182686 0
146805 0
278862 0
230163 0
197728 0
124358 0
233972 0
225002 0
114066 0
251616 0
147898 0
220623 0
003430 0
142119 0
132776 0
155713 0
197532 0
281417 0
257892 0
155572 0
144557 0
007091 0
085440 0
178288 0
166717 0
260453 0
125027 0
260891 0
153662 0
115160 0
142252 0
163662 0
230464 0
220011 0
018333 0
151039 0
224517 0
010353 0
289853 0
241848 0
235256 0
072255 0
255925 0
176947 0
155578 0
196309 0
264984 0
112234 0
269737 0
108485 0
260893 0
179531 0
222009 0
255404 0
223581 0
097187 0
141342 0
196180 0
273677 0
097212 0
217405 0
261598 0
071694 0
061270 0
002425 0
148116 0
237656 0
149881 0
112777 0
097855 0
182434 0
189223 0
161744 0
196841 0
045861 0
233827 0
255418 0
198482 0
232571 0
097944 0
256314 0
286301 0
119284 0
229940 0
251652 0
219956 0
233026 0
241381 0
131937 0
233572 0
221544 0
148064 0
112470 0
230503 0
132447 0
061673 0
133507 0
002438 0
163267 0
111976 0
151665 0
017246 0
277939 0
161371 0
269041 1
147016 0
268988 1
131029 0
182563 0
151641 0
147931 0
105428 0
141315 0
177283 0
262491 0
151687 0
208355 0
255088 0
258243 0
223978 0
194840 1
139255 0
199473 2
237651 0
075323 0
085444 0
210882 2
210884 2
114813 0
058488 0
000468 0
104702 0
059219 0
286587 0
146068 0
196728 0
196600 1
196598 0
221992 0
224810 0
196586 0
201791 2
225758 0
114043 0
201566 2
201707 2
230369 0
201712 2
201550 2
256150 1
256152 0
121933 0
256759 0
139345 0
196314 0
144739 0
149118 0
266707 0
237509 0
064395 0
260527 0
178299 0
082017 0
003250 0
133566 0
245036 0
225765 0
069280 0
155358 0
269034 0
226946 0
129775 0
114032 0
233997 0
129940 0
112713 0
011438 0
281363 0
143680 0
139706 0
118598 0
287885 0
117146 0
222483 0
232140 0
195552 0
115117 0
198433 1
198914 1
252471 0
050860 0
126259 0
129991 0
211473 0
082538 0
120857 0
152603 0
089885 0
130240 0
168951 0
193228 0
070312 0
157352 0
239587 0
123887 0
138492 0
220341 0
256671 0
196940 0
192338 0
061437 0
194180 0
107848 2
108477 2
241872 0
107866 2
233660 0
253485 0
140517 0
156639 0
143202 0
140518 0
253752 0
182809 0
259918 0
196011 0
146988 0
