278758 0
070284 2
103457 2
070151 2
103324 2
070059 2
103232 2
070056 2
103229 2
070061 2
103234 2
070085 2
103258 2
070108 2
103281 2
070010 2
103183 2
112385 2
111963 2
108202 2
097701 0
261760 0
041509 2
099086 0
108802 0
041810 2
041953 0
093938 2
093941 2
093892 2
093931 2
093942 2
094008 2
094071 2
109380 2
098366 2
109381 0
069762 0
099069 2
099342 2
099357 0
099790 0
094699 2
098070 2
098021 2
099083 2
114382 2
114462 2
098104 2
114384 2
098059 2
098097 2
098644 2
098639 2
098629 2
098020 2
097817 2
097815 2
098784 2
098793 2
099092 2
099104 2
098777 2
097808 2
097821 2
098029 2
098010 2
098028 2
098068 2
097857 2
097973 2
097830 2
097974 2
097925 2
094612 2
079592 0
097920 2
094558 2
097949 2
116573 2
093698 2
099192 2
097157 0
094056 2
094081 2
094550 2
094481 2
094074 2
094046 2
093948 2
096207 2
117575 2
094564 2
095986 2
138037 2
095958 2
062153 0
125023 2
125021 2
096231 2
119817 0
096201 2
096181 2
100245 2
108817 2
100034 2
004518 2
102061 2
004379 2
118512 2
118728 2
095399 0
004409 2
101226 2
004171 2
118566 2
118279 2
006934 2
140247 2
097696 0
094055 2
140355 2
140266 2
020886 0
094054 2
120557 2
094051 0
097344 0
101876 0
098797 2
098781 2
099515 2
125036 2
138970 2
111293 2
111268 2
111269 2
133661 2
139214 2
041917 0
096936 2
101255 0
133721 2
146000 2
018552 1
096894 2
145974 2
128739 1
095978 2
131127 2
095032 2
128871 2
145317 0
018460 2
128788 2
128747 2
093114 0
138459 2
138425 2
004032 0
138468 2
094973 2
128870 2
094827 2
112572 0
094729 2
094698 2
128869 2
117703 2
094749 2
004124 2
118235 2
096043 2
117708 2
096648 2
096003 2
094019 2
094020 2
093973 2
117710 2
096002 2
261084 0
007411 0
117564 2
096049 2
101189 2
099792 2
095882 2
098499 0
092794 0
243722 0
101190 2
096209 2
096206 2
117556 2
131994 0
094068 2
012267 2
187021 0
100464 0
236564 0
196375 1
097345 0
135085 0
005062 2
119461 2
119264 2
119260 0
101555 2
101412 2
007874 0
108127 2
017303 0
117966 0
096240 2
100286 2
133940 2
109421 2
113717 0
118516 2
095659 2
004419 2
114151 2
123285 0
132568 0
109713 0
098362 2
098360 0
183235 2
133951 0
090946 0
121410 0
187114 0
092536 2
092971 2
095413 2
091982 0
095398 2
094587 2
095404 2
131145 0
137329 0
197193 2
074842 2
092554 2
197191 2
098620 2
092542 2
098529 2
197197 2
095826 2
098525 2
092463 2
098633 2
092526 0
098508 2
093912 2
005432 2
119916 0
093889 2
102131 0
075008 2
093940 2
097333 2
074864 2
093853 2
093794 2
095303 2
097335 2
085090 0
119989 2
096061 2
094235 2
094232 0
095347 2
095965 2
095084 0
095941 2
088008 2
087998 2
094229 0
087982 2
275779 2
092937 2
114787 0
100227 0
086514 2
087986 0
101875 1
067592 2
093478 2
101868 0
067615 2
067563 2
002717 2
067636 2
064669 2
067649 2
068254 0
004198 2
108731 2
108729 2
108710 2
094178 2
100428 2
100279 2
100378 2
108711 2
100303 1
108730 2
108732 2
108624 2
094852 0
071453 2
104626 2
092949 0
111794 2
111762 2
094209 2
068298 0
099824 0
243192 0
093802 2
066421 0
086581 2
086596 2
086637 2
071716 0
086654 2
092951 2
098354 0
061186 0
094935 0
092934 2
086655 2
107776 0
114915 2
086741 0
101791 2
114911 0
086776 0
114837 0
094522 2
156660 0
094440 2
098324 2
078739 2
078741 2
078746 2
078772 2
098300 2
095614 0
098302 2
078778 2
098321 2
231476 0
095225 2
114207 2
095228 0
078271 2
132001 2
051651 0
091317 2
074433 2
079654 0
091286 2
068434 0
131999 2
131993 2
072263 2
131996 2
105436 2
107606 2
001235 0
102108 0
114971 2
114208 0
095217 2
143423 2
143418 2
099271 2
143414 0
133891 0
095230 2
071499 0
139721 2
001330 2
141970 2
131020 2
095432 0
017937 0
092601 2
095086 0
092615 2
131016 2
095524 2
131014 1
060971 2
131460 2
131482 2
096401 0
060968 2
061662 0
131490 2
131493 2
131505 2
092875 0
142421 2
126999 2
109676 0
128136 2
001887 2
138849 0
098280 2
138061 0
094848 2
094752 2
148908 2
133746 2
010253 0
120708 1
065101 2
007217 2
120778 2
065068 2
120594 2
009871 2
122229 2
065663 0
155568 2
155560 2
099295 2
099293 0
279290 2
272041 0
164635 2
164649 2
162048 2
142538 2
268459 2
063264 2
114863 0
142394 2
138878 2
064517 2
133912 2
133919 2
063267 2
133920 2
133773 2
151732 2
102086 0
179523 2
142387 2
152489 2
189892 0
152457 2
152492 2
063331 0
202877 2
202878 2
164910 2
140525 0
061265 0
202529 2
201732 2
256266 2
275361 2
233721 1
256268 2
011334 2
256264 2
152334 2
152337 2
115150 0
256259 2
256244 2
122716 2
122712 2
142511 2
122714 2
194511 2
129585 0
111377 0
258755 2
122708 2
234100 2
142521 2
182823 2
164156 2
108806 0
163061 2
164228 2
175594 2
165225 2
006972 2
122690 2
162959 2
169756 2
120597 2
199021 2
162985 2
163927 2
169786 2
224903 2
224901 2
168553 2
169771 2
169787 2
010474 0
169746 2
169754 2
163208 2
169750 2
169744 2
063058 2
257529 0
224816 2
126367 1
224894 2
224748 2
153606 0
224893 2
224815 2
224743 2
224741 2
193910 2
000920 1
131413 0
224759 2
069740 2
224690 2
102913 2
101989 0
001120 0
131746 2
098200 2
098375 2
096986 0
130398 2
098045 2
146800 2
193987 2
165988 2
130164 0
085184 0
066285 2
128226 0
119474 0
176680 2
266984 0
063759 2
166008 2
176683 2
079580 0
138447 0
085068 0
157676 2
194942 0
014334 0
170092 2
138528 2
281621 2
159878 2
138516 2
104889 0
159806 2
159884 1
144448 2
159802 2
159879 2
032198 2
083156 0
169455 2
244452 0
099273 0
133208 0
159886 0
199741 2
144461 2
001778 2
155575 0
257559 2
124914 2
017392 2
114205 0
017676 2
219542 2
129322 2
129516 2
257540 2
257534 2
155289 2
092070 2
005817 2
120432 2
120430 2
257539 2
265488 0
092249 2
130291 2
130292 2
130318 2
017318 2
093856 0
158238 0
148809 2
132577 0
129572 2
001997 0
163724 2
220574 0
261063 2
163725 2
123281 0
001821 0
163730 2
093095 0
163727 2
179214 2
184854 2
184857 0
132566 0
260347 0
261057 2
261068 0
243927 0
071377 2
112328 2
076870 2
104550 2
071364 2
104537 2
077026 2
069170 2
220609 0
102343 2
077029 2
177516 2
167959 2
188852 0
017314 0
005703 2
163739 0
120323 2
111735 0
142441 2
121547 0
281187 2
011266 0
192455 2
094380 2
099248 0
117907 2
235939 0
032221 2
090825 0
201468 0
032223 2
114954 0
117927 2
094388 2
131985 0
281036 2
190368 0
138306 2
138334 2
138336 2
138363 2
005707 2
162429 2
117163 2
281012 2
032224 2
190412 0
280972 2
084566 2
280920 2
147441 2
242819 0
084567 2
084568 2
147420 2
084559 2
084558 2
079747 0
116551 2
116967 2
147422 2
147443 2
093719 0
001228 0
085285 2
085261 2
090133 0
070582 2
127166 0
103755 2
120328 2
110351 2
085206 0
092793 0
068637 0
162827 2
142636 2
142650 2
162829 2
100741 2
129155 0
139541 2
181843 0
007437 2
120948 2
120928 0
142617 2
070148 2
153527 0
103321 2
001203 0
086725 0
237341 2
142637 2
070343 2
018134 0
162986 2
084634 2
103516 2
139618 2
139619 2
163062 2
084649 2
100751 2
223994 0
184858 0
142410 1
007056 0
163741 0
149293 2
084631 0
132602 0
100758 2
086601 2
009607 2
090497 2
122050 2
099761 0
280215 0
062156 0
135520 0
099647 0
157033 0
131414 2
131421 0
142106 2
144464 2
144447 2
090713 0
146532 0
084628 2
136132 0
116147 0
144519 2
177947 2
144446 2
094754 2
177952 2
178726 0
192032 2
143222 0
031159 2
094758 2
084626 2
094949 1
091352 0
084629 2
259558 0
060989 2
266398 2
094368 2
060988 2
031144 2
064203 2
064219 2
094244 2
098779 2
094369 2
094377 2
098801 2
060995 2
094378 2
064162 2
064198 2
094385 2
094379 2
006872 2
087602 2
119685 2
199448 2
099834 2
119701 2
120500 2
010349 2
199462 2
099878 2
005543 2
099786 2
120122 2
122671 2
199420 2
139690 2
197928 2
083309 2
144933 1
188211 0
095423 0
011222 0
197893 2
076093 2
198038 2
083328 2
198007 2
132135 0
130081 0
153562 0
076285 2
144337 2
141038 2
131986 0
077763 0
083343 2
140978 2
140980 2
148104 2
152115 2
158158 2
093951 0
238700 2
199699 0
062701 2
135685 2
002762 0
117639 2
134798 0
187313 0
009919 0
126771 0
267776 0
052084 0
132567 0
081142 0
083900 2
152714 2
058989 0
127702 0
258918 0
146071 2
084521 2
084690 2
177027 0
148703 0
084692 2
084712 2
144444 0
084711 2
097843 0
084714 2
084707 2
009409 2
121867 2
121859 2
279608 0
221758 0
235950 0
171511 2
087980 0
033125 0
070319 2
079079 2
171578 2
171512 2
098576 0
261062 0
083219 2
171491 2
083222 2
107846 0
125011 0
025131 2
103492 2
070323 2
103496 2
070100 2
070364 2
103273 2
094390 2
070285 2
070114 2
083254 2
139825 0
103287 2
083253 2
070117 2
103290 2
103458 2
219985 2
103537 2
070424 2
094389 2
103597 2
086157 0
083279 2
070450 2
190371 0
094387 0
159721 2
159716 2
084391 2
162409 2
084237 2
103623 2
070494 2
159666 2
057700 0
103667 2
199217 0
098946 0
084394 2
070341 2
014186 2
103514 2
070390 2
116747 0
103563 2
083220 2
110452 2
104672 0
150386 0
097690 0
133210 0
160190 0
099161 0
220835 2
091584 0
220821 2
065854 2
166779 0
098342 0
018362 0
132366 2
181801 0
094832 2
098441 2
098505 2
089198 0
095448 0
065858 2
236593 0
098411 2
084041 0
168117 0
161412 2
067847 2
000972 1
149166 0
161444 2
161413 2
064317 2
161400 0
095937 2
064285 2
091338 0
233277 0
146719 2
153746 0
112806 2
090613 0
098443 2
095961 2
156303 0
096033 2
018112 2
129074 2
129046 2
129078 2
189162 2
007940 2
095638 2
056274 2
078325 2
189169 2
189164 2
095600 0
189161 2
121353 2
137910 0
085623 2
078345 2
088441 0
085591 2
097742 0
078404 2
078236 2
098461 0
189160 2
078237 2
142622 1
198142 0
094490 0
065986 0
059452 0
095579 0
127087 0
112821 2
112834 2
056677 2
134639 0
062130 0
048069 2
244562 0
048075 2
268175 0
159722 2
093409 0
195952 2
240111 0
112769 2
083226 0
122194 0
099992 0
233730 0
086283 2
195950 2
195935 2
111259 2
128167 2
270839 0
129059 0
111349 0
139053 0
137110 0
061383 2
061385 2
061365 2
066306 0
205910 0
149696 2
112773 0
096761 2
094381 0
158434 2
096656 2
098850 2
098810 2
061364 2
158390 2
128216 2
098847 2
098751 2
181971 0
052272 0
145059 0
061368 2
136103 0
098067 0
119458 0
098497 0
116149 0
155996 2
131423 0
166522 0
164548 0
239097 0
011993 2
065856 2
064514 0
255889 0
085204 0
161443 2
012090 2
252852 0
065895 2
161410 0
065912 2
109982 0
262790 0
142540 0
230587 0
076683 2
266836 0
120924 0
268490 2
159101 2
060902 2
159093 0
201811 0
010261 0
145064 0
083854 0
268829 0
174656 0
075324 2
258512 0
098179 0
175188 0
075588 2
225544 0
075341 2
169797 2
075609 0
169781 2
169798 2
169282 0
093874 0
256130 0
064516 2
015251 2
186742 2
172768 0
125486 2
186703 0
016908 0
074763 0
149386 0
161411 0
061345 2
100549 0
096685 2
094400 2
097084 0
071710 2
112772 0
079302 0
063415 0
094432 2
094353 2
018469 0
101209 2
061340 2
116746 0
086487 2
144525 0
104883 2
095006 0
000184 0
072189 2
105362 2
071684 2
104857 2
219997 0
094245 2
069856 2
112134 0
103029 2
097898 0
061045 2
061086 2
132006 0
112401 2
086015 2
226243 0
164606 0
130134 0
113262 2
061144 0
280136 0
111367 0
007759 2
157032 0
063851 1
078530 0
121183 2
226799 0
069757 0
283473 2
063850 2
098977 2
228333 0
152785 0
033115 2
093573 2
033131 0
062157 0
180514 2
287256 0
163440 0
093565 2
065032 2
180465 2
098972 2
011143 0
283178 2
280180 0
283164 2
098848 2
098707 2
086138 0
084945 2
046980 2
098771 2
098726 2
085081 0
085103 0
064218 2
260644 2
094297 0
141527 2
090626 0
020980 0
028838 0
243183 0
191347 0
146514 0
098160 0
181536 2
168684 2
140197 0
168685 2
286317 0
132614 0
033130 1
058096 2
067094 0
084144 0
066294 2
032134 2
046905 2
098383 0
137945 2
058050 2
098409 2
083329 0
110609 2
145310 0
220815 0
058014 2
058093 2
219441 2
219476 2
096236 0
219420 2
032206 2
027448 0
098446 2
098180 0
051632 0
060859 2
144985 0
098413 2
063418 0
137967 2
219372 2
168732 2
168733 2
149319 2
149318 2
169139 2
149212 2
093182 2
132045 2
137991 2
102025 1
066587 0
161920 0
173196 0
002281 0
058505 2
169140 2
063416 0
012795 2
064582 2
122580 0
102009 0
096983 0
071212 0
095424 0
146110 2
146128 0
169287 0
230390 0
182023 0
162208 0
088919 0
139416 0
124355 0
168889 0
111530 2
032896 0
159801 0
079190 2
023098 0
265209 0
032338 2
128225 0
079743 0
064820 0
097631 0
241537 2
114290 0
079227 2
256590 0
241468 2
032407 2
061749 0
149617 0
101633 2
053539 2
070888 0
094296 0
241538 2
169567 2
101669 0
169549 0
193467 0
083225 0
111511 2
162209 0
151386 0
098315 0
189109 0
111909 2
092710 0
036482 0
145142 2
062733 2
252455 0
118111 2
267234 0
017936 2
064258 0
131134 0
118121 2
129156 2
288561 2
116148 0
232460 1
118112 2
041234 0
251229 0
129223 2
181611 0
018477 0
151154 2
121026 0
129224 2
101635 2
288510 2
197138 0
145156 0
066154 0
097895 0
006383 0
066425 0
134919 0
129222 2
145242 0
058789 2
017845 2
151373 2
112754 0
002688 2
112295 0
094346 1
129219 2
151160 2
147909 2
147835 2
097272 0
288756 2
017740 2
072109 0
288729 2
129280 2
013611 0
128152 2
101187 0
271282 2
132764 0
122607 0
010705 2
252749 0
176756 0
240635 0
151168 2
271136 0
112868 2
128432 0
044916 0
134713 0
090584 0
268474 0
095526 0
026685 0
147627 2
177695 0
271137 0
109960 0
236358 2
067483 0
016573 0
085248 0
179551 0
161919 0
168946 0
059455 2
240431 0
131654 2
230742 0
147638 2
271022 0
147680 2
147674 2
001233 0
147651 2
262399 0
033107 0
060845 0
175706 2
168890 0
201605 0
014791 2
099698 0
147626 2
052466 0
132097 2
035821 0
095786 2
157905 0
114552 2
018674 2
144974 0
110617 0
031968 2
031591 2
000858 0
093044 2
142123 2
142475 0
142059 2
031604 0
141978 2
197136 0
241136 2
001307 0
114596 2
114618 2
121123 0
092942 0
146966 0
091116 0
210746 0
064244 2
198127 0
061054 2
032012 2
033351 0
122643 2
187119 0
201858 2
033675 0
086828 0
069157 0
010351 2
033372 2
122672 2
016861 0
288941 0
194966 0
070933 2
122654 2
122665 2
122598 2
122595 2
104106 2
122547 2
031478 2
071135 2
104308 2
210042 0
108847 2
110582 2
122561 2
081330 2
007726 0
110676 2
108814 2
101039 2
081324 2
086802 0
108773 2
133015 0
075319 2
083322 0
267964 0
121209 0
081320 2
109125 2
110550 2
039735 0
141213 2
141180 2
124676 2
124691 2
101440 2
000809 0
139048 0
101437 2
196637 0
168306 0
011607 2
000105 0
122798 2
198159 0
122794 2
033664 0
126897 2
069222 0
122795 2
099731 2
128780 0
068431 2
111257 0
126898 2
070701 2
063001 2
068505 2
099730 2
253342 0
103874 2
068432 2
063021 2
062946 2
281456 0
062988 2
062991 2
062970 2
001194 0
116772 2
125422 0
090540 0
263934 0
002844 1
061502 0
013609 0
094525 2
003267 0
094355 2
134146 0
278519 0
214395 0
138445 0
097677 2
099527 2
138919 2
099401 2
058253 2
177685 0
050705 2
050699 2
139688 0
099521 2
262386 0
085145 0
099176 0
146709 2
282029 0
098198 0
138900 2
110915 0
156664 0
094319 2
148757 0
006652 0
058264 2
174605 0
007794 0
234836 0
115026 0
127149 0
157039 0
006189 0
064547 2
058856 2
012609 0
066422 0
271292 0
010774 2
056296 0
068448 0
097733 0
089089 0
281458 0
256483 2
131997 0
009414 0
098335 0
163430 2
083434 0
243954 0
011817 0
001054 0
108061 0
243264 0
202678 0
161224 0
033595 0
132000 0
271476 0
085165 0
089215 0
099614 0
234951 0
184478 0
128183 0
181941 0
205055 0
158725 0
058301 2
130169 0
141773 0
181501 0
270840 0
098450 0
098582 0
160292 0
015363 0
252922 0
058274 2
108967 0
100685 0
183511 0
097807 2
243928 0
097749 0
145968 0
033547 0
007756 2
121178 2
170604 0
176745 2
233769 0
156661 0
075722 2
132137 0
137008 0
140477 0
096340 0
032502 2
093015 0
176743 0
180954 0
112092 2
112096 2
155236 0
273394 0
121541 0
076297 0
009147 2
032450 2
031921 2
178560 0
076438 0
032442 2
032446 2
032485 2
154676 0
244272 0
121639 2
097738 0
166482 0
009125 0
067216 2
258741 0
176741 0
067145 0
119744 2
068422 0
018624 0
060253 0
179518 0
253325 0
094966 0
176747 0
052093 0
133828 0
157795 0
133887 2
192494 0
109027 2
277403 2
109021 0
098328 0
117563 0
152923 0
052117 0
068022 2
186297 0
012582 2
016714 0
109025 2
098613 0
095005 0
176748 0
012662 0
009818 0
023328 0
109020 0
064817 0
181471 0
225504 2
088908 0
230643 2
194115 0
004538 2
188181 0
007070 0
194510 0
067953 0
181962 0
240630 0
225505 2
225522 0
135155 0
064613 0
001990 2
010302 0
124350 0
070757 0
058286 2
004507 2
219616 2
128937 0
004565 2
143213 0
150439 0
118714 2
125371 0
287670 0
157024 0
006214 0
039814 0
113131 0
074562 2
080038 2
182969 0
131292 2
109024 0
109026 0
190193 0
074788 2
012237 0
154698 2
196450 2
141318 0
138454 0
179180 0
086462 2
166326 0
159729 0
032200 2
072053 0
062992 2
145074 0
000329 2
099334 0
156662 0
090502 0
062972 2
196446 2
010265 0
066376 0
086198 0
150863 0
232153 0
092399 0
097481 0
099818 0
009233 2
129692 0
060871 2
092379 0
123864 0
230954 0
032340 2
109253 0
034577 2
032341 2
121709 2
039340 2
231762 0
198536 0
063391 0
127784 0
064971 0
064953 0
281462 0
018560 0
058199 0
032328 2
088044 2
088043 2
138444 0
158750 2
099405 0
101978 2
261763 0
102038 2
015129 2
189080 0
069174 0
137413 0
125610 2
058024 2
039277 0
032401 2
114999 0
035188 0
003627 0
128920 2
030579 0
089087 2
004154 0
155235 0
080336 0
029478 2
208821 0
086603 2
088917 0
232821 0
195994 0
086693 0
226163 0
201334 0
044724 0
134819 0
061219 0
095745 0
164909 0
017448 0
189126 0
155212 0
205097 0
029520 2
093668 2
234850 0
086062 0
018953 0
260348 2
090835 2
069841 2
058019 2
042243 0
093659 2
110863 0
092033 0
058026 0
260318 0
103014 2
255861 0
090504 0
095584 0
148272 0
260323 2
051779 0
013745 0
092410 0
061832 0
093460 0
155213 0
121128 0
258492 0
237999 0
082319 2
119743 2
152331 0
083323 2
279015 0
064145 2
048081 0
178354 0
035811 0
032833 0
196067 0
194936 0
148940 0
085839 0
117382 0
182846 0
132201 0
137323 0
165313 0
062987 0
097474 0
095234 0
133028 0
119753 2
141550 2
244339 0
050158 0
018169 2
114843 0
141249 2
089981 0
129068 0
149385 0
008402 2
009267 2
030201 0
098075 0
128986 2
099398 0
258395 1
160358 2
005284 2
119772 2
074443 0
148211 2
020954 0
099343 2
112144 0
119158 2
119139 2
009157 0
010318 2
031995 0
119213 0
075384 0
261393 0
113334 0
122637 2
119236 0
137450 0
061718 0
260975 0
170639 0
149893 0
052131 0
175377 0
274456 0
058532 0
194968 0
034161 0
145149 0
098056 0
225948 0
160602 0
157040 0
180167 2
260311 0
228310 0
098738 0
249865 0
242597 0
189118 2
146520 0
130232 0
094228 0
281461 0
148219 2
275316 0
134826 0
132572 0
182963 0
148210 2
148208 2
271931 0
004164 0
198524 0
090236 0
131498 2
148298 2
192808 2
192823 2
260179 0
031972 0
064982 0
148193 2
148209 2
131510 2
140739 0
032231 0
131495 2
131501 2
062121 0
039270 0
004513 0
275434 0
121550 2
009689 0
142003 0
141904 0
066626 0
011363 0
122195 0
032875 0
189290 0
259772 0
068818 0
112095 0
148227 0
232847 0
087668 0
009130 0
117460 0
189923 2
081343 0
238028 0
126366 0
251259 0
005176 0
170306 0
178850 0
170112 0
180061 0
114529 0
042341 0
068817 0
118199 0
211232 0
118533 0
016514 0
010176 0
149052 0
189910 2
005152 0
253373 0
016365 0
121831 0
243041 0
015608 2
020986 0
219863 0
240274 0
256207 0
281620 0
229599 0
240475 0
168907 0
063334 0
198555 0
118207 1
196740 0
009285 2
118109 1
181966 0
280216 0
094990 2
098612 0
093772 2
119559 0
009100 0
066301 0
195954 0
137006 0
137556 0
036837 0
116483 0
038369 0
071022 0
178631 0
145165 0
092891 0
194521 0
101096 0
093747 2
132046 0
093645 2
124683 0
035984 0
101942 0
058396 0
252750 0
009382 0
149547 0
221869 0
078525 2
181127 0
268171 0
003375 0
256839 0
093202 2
014293 0
070050 0
095962 2
041144 2
098947 2
078631 2
101880 0
098824 2
095938 2
093276 2
122308 0
096032 2
096070 2
096083 2
095934 2
095935 2
095933 2
095932 2
017875 0
095927 2
094426 2
173447 0
140005 2
139990 0
209680 2
099649 2
094442 2
099581 2
099588 2
119615 0
098873 2
096797 0
098825 2
098593 0
139872 0
038214 0
166231 0
052300 2
052305 0
097077 0
228778 0
096610 0
090002 0
098575 0
112496 2
017603 0
099205 0
110457 0
058855 0
223881 0
252671 1
137519 0
098949 2
283794 2
278338 0
280229 0
064849 0
233878 0
284997 0
189196 2
100449 2
095989 0
038171 0
283806 0
098588 0
265210 0
112002 0
043249 0
100459 2
100571 2
032205 2
157796 0
100570 2
100462 2
023093 0
095405 0
283808 0
018831 0
090355 2
034604 0
130293 0
098061 2
032948 0
108780 0
096131 0
121202 0
283812 0
083083 2
135475 0
097131 0
034626 0
041079 2
071441 0
223292 0
149679 0
119562 0
033071 0
100457 0
094928 0
052689 0
116110 0
098606 0
255270 2
147724 0
250673 0
075257 0
110735 2
119577 0
062764 2
266985 0
198179 0
189195 0
068552 0
110857 0
139569 0
283803 0
226587 2
032036 0
110978 2
287892 0
062765 2
226665 2
233731 0
099036 0
163536 0
065104 0
221818 0
149421 0
053145 2
243955 0
121212 0
272194 0
262736 0
034432 0
007349 2
103930 0
001775 0
062767 2
067902 0
086939 0
120882 2
154688 0
095673 0
126784 0
259365 0
064510 1
224040 0
192647 0
145735 0
241665 0
035190 0
253372 0
130664 0
107616 0
081566 0
157023 0
015041 0
068009 0
127955 0
131613 0
150615 0
217314 0
041780 0
098938 2
062945 0
179751 0
006630 2
097133 0
123774 0
098054 0
107817 0
029182 2
009035 2
005187 2
187577 0
150945 0
119632 2
098893 2
259085 0
029245 0
098937 2
123323 0
060493 2
265321 0
087943 0
060507 2
060505 2
088046 2
154670 0
255632 0
063091 0
033635 0
041198 0
060966 0
099656 0
085355 2
110896 0
012480 2
159737 0
085919 0
059978 2
148905 0
083232 0
121156 0
095231 0
104614 0
181808 0
197720 2
082453 0
133818 0
063090 0
017239 0
225625 0
256922 0
063811 0
102330 0
185519 0
226152 0
093804 0
004951 0
019266 0
087632 2
002384 2
081141 0
099233 0
085383 2
241516 0
066111 0
072487 0
059005 0
097414 0
033181 0
110449 0
210745 0
091634 0
017743 0
166523 0
238396 0
086474 0
015707 0
023277 0
034625 0
111316 0
044246 0
070076 0
059251 0
280090 2
059160 0
005859 0
033081 0
162430 0
029455 0
136763 2
051658 0
069647 0
280274 0
272933 0
109092 0
030246 0
100447 0
019249 0
004400 2
166341 0
003793 1
279173 0
135097 0
173653 0
075262 0
118544 2
118529 2
147983 0
098131 0
099232 0
119583 0
180059 0
118542 2
011643 0
034795 0
253299 0
145417 0
219297 0
122622 0
122705 2
023165 2
063855 2
011362 2
089903 0
123979 2
088144 0
122728 2
145420 0
196873 0
023472 0
133284 0
261499 0
121954 0
146534 2
187838 0
152105 0
101826 0
088478 0
025364 2
041323 0
155191 0
139877 0
097415 0
025359 0
123732 0
273924 0
280276 0
048248 0
100678 0
233014 0
010270 0
251427 0
112775 0
146133 0
104195 0
148640 0
188807 2
071412 0
009061 2
121566 2
096137 0
063135 0
239337 0
092166 0
136027 0
147576 2
077315 0
274421 0
170250 0
170640 0
163726 0
197502 2
134019 0
121563 2
061672 2
233737 0
125130 0
036520 0
197476 2
254881 0
044313 0
133219 0
197474 2
197498 2
050186 0
147690 0
235820 0
166483 0
122559 0
010214 2
088638 0
188782 0
147559 2
156435 0
176677 0
009608 0
122531 2
018091 0
197605 2
147572 2
258017 0
005404 2
119951 2
188531 0
115979 0
145419 0
180160 2
151236 0
102935 0
017975 0
141712 0
256278 0
211225 0
254090 0
043302 0
088909 0
253178 2
253210 2
120890 0
015979 0
244202 0
058390 0
058378 0
182160 2
072036 0
180178 2
130760 0
098229 2
099289 0
144015 0
098228 2
068916 0
260138 0
137171 0
098924 0
062867 0
094011 0
098214 2
145395 0
093636 0
094364 0
102820 0
085082 0
051682 0
139363 2
148357 0
041694 0
192262 0
050079 0
197503 0
256209 0
063105 0
088977 0
088978 0
029016 0
130325 0
127546 0
096680 2
123315 0
018606 0
141039 0
044883 0
276916 0
277349 0
239459 0
253067 0
170897 0
280224 0
092837 0
098381 2
071052 0
016483 0
220653 0
109298 0
097573 0
092165 0
271941 0
157037 0
180920 0
264138 0
063490 0
039752 0
051976 0
144584 0
099187 0
099382 0
098163 0
085812 0
063528 0
220265 0
086836 0
060974 0
051986 0
146533 0
144254 0
202627 0
016766 0
009708 2
185230 0
101867 0
170277 0
099776 0
189117 0
112951 2
220319 0
035541 2
085840 0
095101 0
177529 0
078388 0
080990 0
141430 0
112958 2
120656 0
057979 0
174704 0
208205 0
036876 0
085694 0
104585 0
115757 0
113974 0
260124 0
209580 0
193753 0
023409 0
163910 0
257700 0
057653 0
091614 0
149468 0
254087 0
110269 0
090591 0
058246 0
145627 0
164049 0
172911 0
259788 0
157582 0
089463 0
015013 0
082580 2
007025 0
141937 0
280277 0
130207 0
037020 0
156207 0
098161 0
169081 0
176930 0
175379 0
194704 0
083899 0
132606 0
002220 0
010608 0
152685 0
182099 0
108040 0
096418 0
032568 0
258029 0
153605 0
021678 2
007525 0
289694 0
021680 0
046239 0
205437 0
189501 0
254875 0
084682 0
078690 0
098756 0
096153 2
005294 0
271961 0
048659 0
140748 0
235247 0
244681 0
051619 0
096022 2
051629 0
139208 0
232587 2
145187 0
130209 0
232593 0
096071 2
096026 2
149140 0
011947 2
096024 2
145375 0
272039 0
007485 0
008085 0
115810 0
267380 0
181965 0
084829 2
249766 0
137219 0
080502 0
229752 0
129567 0
052118 0
144113 0
010472 0
039424 0
251971 2
114965 0
041205 0
178301 0
166524 0
118942 0
032819 0
104225 0
219498 0
223968 0
126790 0
144990 2
095528 0
149767 0
163498 0
114896 0
059144 0
008273 0
287581 0
087474 0
094937 0
236927 0
120799 2
120785 0
120779 0
019002 0
255519 0
011422 0
230392 2
120792 0
110350 0
133863 0
243958 0
095473 2
128011 0
241514 0
240275 0
036467 0
130660 0
116685 0
258138 0
028352 0
132176 2
089406 0
110313 0
079369 0
005320 0
138287 0
132177 2
035820 0
279693 0
160128 0
132171 2
086638 0
263376 0
067984 0
137151 0
261782 0
094298 0
014351 0
219776 0
089953 0
092450 0
075581 0
014237 0
173353 0
051652 0
084864 0
156293 0
150395 0
099286 0
093714 0
123873 2
083310 0
198589 0
042266 0
079336 2
158866 0
123789 0
113123 0
108100 0
023267 0
191781 2
056357 2
033697 0
036254 0
056108 2
249894 0
191401 0
079505 0
213338 0
156971 0
191798 0
241508 0
066732 0
017589 2
096908 0
033805 0
129397 2
191787 2
110336 2
129394 2
191802 0
184351 0
006677 0
094027 2
191309 0
007912 0
191915 0
239326 0
243191 0
018375 0
274554 0
188308 0
273698 0
028343 0
126949 0
135036 0
050311 0
269445 0
284367 0
211348 0
027717 0
160139 0
152305 0
191884 0
131238 0
100400 0
092580 0
096087 0
156622 0
185917 0
017304 0
087839 0
146570 2
181573 0
099430 0
034164 0
086607 0
037293 0
182022 0
091567 0
145634 0
050571 0
089856 0
014105 0
178896 0
098471 0
231770 0
119825 0
034135 0
145372 0
244662 0
132052 0
132190 0
014621 0
219938 0
008318 0
110454 0
062683 0
048284 0
084883 0
235852 0
084148 0
086093 0
243724 0
180662 0
019626 0
089912 0
128689 0
244512 0
259075 0
069813 0
051645 0
157030 0
058366 0
251169 0
260409 0
132624 0
012799 0
152928 0
211233 0
243194 0
164940 0
240466 0
079071 0
101551 0
099089 0
100806 0
102395 0
016504 0
094283 0
077894 0
150326 0
163720 0
093058 0
170605 0
023971 0
124658 0
058094 0
263945 0
008779 0
135548 0
063718 2
001767 0
117605 2
129316 2
109094 0
147807 0
010240 2
119252 0
255272 0
275959 0
244438 0
116463 2
017702 2
129308 2
041481 0
079370 0
264335 0
012862 0
102930 0
244761 0
017570 2
058208 0
149012 0
111369 0
123843 0
007660 0
256120 0
014406 0
257600 0
281464 0
149534 0
125059 0
195886 0
129401 2
043193 0
091927 0
132709 0
101087 0
244529 0
273330 0
015643 0
129171 2
280510 2
168381 0
149846 0
084236 0
232141 0
251454 0
280365 0
100448 0
252109 0
129136 2
069943 0
280336 0
096766 0
097097 2
129208 2
039516 0
101382 0
031945 0
129147 2
067893 0
129139 0
094916 0
162426 0
129157 0
289483 0
002414 1
094344 0
177602 0
257602 0
088291 0
033108 2
241666 0
260202 0
091563 0
145686 0
087227 0
132406 0
253255 0
102347 0
280242 0
129160 0
036231 0
097101 2
129132 0
097466 0
281011 0
168103 2
064865 0
082421 0
263479 0
004378 0
156888 0
129158 0
142986 0
035847 0
109218 0
017964 0
129279 0
124927 0
135804 0
004853 0
099460 0
197231 0
093107 0
148213 0
227355 0
156067 0
129129 0
274549 0
129679 0
034850 0
252052 0
134956 0
095795 0
280255 0
287902 0
058848 0
011723 0
198180 0
060229 0
095803 0
219716 0
084915 0
239627 0
130414 0
012484 0
099264 0
141444 0
145118 0
274552 0
190027 2
069764 2
261470 0
251258 0
165334 0
062549 0
241520 0
059189 0
243988 0
069214 0
048687 0
102937 2
057024 0
012485 0
086315 0
094310 0
069735 0
261785 0
017664 0
155850 0
098472 0
224238 0
011275 2
151512 0
184601 0
083303 0
032701 0
122590 0
027301 2
023272 0
122691 2
066371 0
123945 0
093570 2
229457 0
060799 0
102908 0
085868 0
096064 0
225270 0
058265 0
135378 0
272906 0
132050 0
127443 0
