211696 2
211748 2
181304 2
211698 2
126011 1
014706 1
126010 1
138972 2
120130 1
120139 1
120142 1
120140 1
120156 1
005589 2
120180 2
004783 1
119058 1
011488 2
122751 2
004581 1
118783 1
005575 2
120164 2
120154 2
005599 2
120194 2
009042 2
119613 2
118385 2
100189 0
004271 2
118408 2
005834 2
120455 2
120450 2
120449 2
005309 2
119806 2
119786 2
005371 2
119895 2
119844 2
014845 2
125872 2
118395 2
118392 2
118393 2
004270 2
118407 2
118398 2
118397 2
005132 2
119543 2
004794 2
119072 2
119071 2
125865 2
130855 2
087372 0
014967 2
125763 2
125764 2
132770 2
001681 2
001586 2
001766 2
014848 2
125868 2
012509 0
001063 2
005498 1
128168 2
120080 1
131101 2
131021 2
128533 0
015050 2
125674 2
119136 2
119145 2
132773 1
132778 1
118284 2
118285 2
118298 2
004212 2
118312 2
132767 2
118709 0
119032 1
007942 2
121356 2
119081 1
005130 1
119537 1
007481 1
120971 1
120968 1
120969 1
120963 1
120962 1
120960 1
120959 1
112735 0
118874 2
004676 2
118896 2
004682 2
118908 2
122760 1
122761 1
122764 1
122769 1
011550 1
122772 1
123931 1
007949 1
007496 0
121364 1
121363 1
130964 1
131017 1
131009 1
131008 1
004818 1
119096 1
137977 1
142570 1
004273 1
118414 1
118428 1
004422 1
010509 1
004323 1
118445 1
118581 1
129996 1
011676 1
004863 2
133397 1
119154 2
133396 1
002494 1
133391 1
133481 1
133473 1
120075 1
005499 1
120081 1
118273 2
011763 1
011697 1
120065 1
120040 1
118589 1
118755 1
119652 1
118597 1
004575 1
005250 1
119651 1
118779 1
119719 1
118748 2
005340 1
118751 1
119848 1
011924 1
119963 2
120693 0
118932 0
147869 1
144749 1
129062 1
240277 1
144778 1
005227 1
144716 1
119678 1
240376 1
144892 1
065684 1
237275 1
237753 1
065690 0
128440 1
009549 1
124969 1
237672 1
258283 1
118501 2
118948 1
285468 1
124964 1
147217 1
004727 2
118955 1
172765 1
172766 1
005177 1
118988 2
010102 1
118987 2
163863 1
118983 1
126306 1
146774 1
010276 1
126300 1
122404 1
118961 1
120865 1
119618 1
011774 0
163859 1
005497 2
120077 2
120830 1
122400 0
034410 0
285461 1
120078 2
142011 1
122605 1
151208 1
118105 0
151196 1
163843 1
007556 1
011740 1
155799 0
004677 2
118897 2
118878 2
176028 0
005262 2
119732 2
121047 1
123554 1
009601 1
130275 1
005588 1
011894 0
004732 1
120179 1
118990 1
005214 1
120172 1
119661 1
119626 1
119649 1
005180 1
005583 1
004503 1
119622 1
120173 1
120051 0
004321 1
124241 0
118412 1
118443 1
011739 1
004865 1
131743 1
009747 1
004531 1
119107 1
118702 1
119157 1
118743 1
011487 1
122143 1
123287 1
118976 1
118965 1
118526 1
011850 1
004607 1
028651 0
118809 1
118799 1
017843 0
007227 1
004994 1
120784 1
004725 1
118984 1
004500 1
015180 1
118699 1
125565 1
119362 1
119361 1
012313 0
006915 1
118967 1
004417 1
004951 1
119305 1
118735 1
120529 1
118572 1
118904 1
118899 1
118574 1
179808 1
179748 1
004707 1
118898 1
004896 1
118950 1
124755 1
004525 1
118502 0
004594 0
009342 1
271953 1
119231 1
179744 1
271954 1
135556 0
005261 1
119731 1
271956 1
005477 1
120041 1
123503 1
121812 1
004625 0
005260 1
118698 1
018451 1
121808 0
005570 1
119935 2
128794 1
123524 1
115485 0
108356 0
005794 1
120158 1
120404 1
119730 1
118657 1
120032 1
004428 1
118605 1
011941 1
120031 1
012516 0
118778 1
010149 0
006940 0
009903 1
005467 1
012464 1
119414 0
243929 1
120033 1
118787 1
122984 1
125194 1
122246 1
006928 1
119177 0
119336 0
120542 1
120537 1
107847 0
005606 1
123973 1
123965 1
010221 0
120207 1
174037 0
120181 1
123970 1
009054 0
058979 0
001429 1
123972 1
126789 1
005590 1
009005 0
120183 1
001030 0
116622 0
124182 1
004909 1
009654 0
119259 1
235639 1
141906 0
124034 1
101966 1
124036 1
168029 0
005637 1
167586 0
120241 1
120326 1
005737 1
007503 1
120993 1
120350 1
120703 1
205007 0
235759 1
120958 1
007081 1
133010 0
120677 1
032782 0
119217 1
005790 1
123654 1
123656 1
120399 1
120268 0
124222 1
123526 0
157130 1
011289 0
004991 1
119357 1
120336 0
124310 1
118940 0
124264 1
124743 1
124919 1
012128 1
004752 1
192942 0
119024 1
124032 0
018264 1
128927 1
118498 0
009049 1
198745 0
119019 1
121234 0
007894 1
111442 0
121305 1
115409 0
121318 1
069684 0
243816 0
004331 2
118452 2
145865 1
145851 1
118409 2
145892 1
004275 2
118418 2
118707 1
118647 1
011978 0
259688 1
004514 1
278128 1
148588 1
005236 1
118719 1
124359 0
111721 1
119691 1
278048 1
114765 0
123525 1
201262 0
111720 1
062099 1
111712 1
008024 1
111226 1
119193 1
121425 1
148818 0
017366 1
068467 0
133008 0
008003 1
119572 1
011893 0
120949 1
118500 0
119576 1
112830 2
112845 2
112884 2
123224 0
112892 2
100257 0
124408 0
120946 1
007353 1
120888 1
012270 0
109519 2
077917 0
000812 1
091654 0
121411 1
007153 1
147994 1
000863 1
100853 1
120721 1
120704 1
121900 1
147978 1
149471 1
121559 0
101238 0
147494 1
100852 1
147989 1
100609 1
101974 0
149585 1
121896 1
135200 1
121340 1
121909 1
017188 1
121339 1
121317 1
121314 1
149927 1
184751 1
160574 0
007329 0
009668 0
015577 1
007798 0
149750 1
059788 0
127204 1
149657 1
127189 1
127188 1
015404 1
034679 1
015612 1
125335 1
124611 1
141604 0
127093 1
012438 0
015388 1
004601 0
127178 1
146834 0
127053 1
120444 1
004703 1
123605 0
126365 1
011269 1
126348 1
244814 0
182319 0
126811 1
126659 1
120443 1
120442 1
149656 0
120441 1
120423 1
005831 1
120452 1
004982 0
036470 1
127851 0
131740 1
005818 1
131750 1
131755 1
123470 1
118941 1
005091 0
120422 1
036468 1
120433 1
006845 1
124403 1
123493 1
120486 1
123496 1
124478 0
124485 1
120421 1
142036 0
111062 0
126591 0
186866 0
118938 1
129063 0
007661 1
141927 0
121115 1
006807 1
009242 1
122541 0
009204 1
174545 0
121718 1
149654 1
015607 0
015468 1
125279 1
125280 1
125281 1
123599 1
121044 0
131376 0
123585 1
009012 1
121533 1
122979 1
009011 1
121531 1
005383 1
004469 0
124904 0
131288 0
176788 0
119914 1
183274 1
098963 0
183280 0
009780 1
010217 0
145726 1
090298 0
109462 1
109568 1
088688 1
122175 1
131217 0
088687 0
253238 1
088677 0
227239 1
004572 0
252924 1
253266 1
066419 0
068459 0
253434 1
253451 1
253239 0
253585 1
253486 1
145651 0
097092 1
005135 0
221534 1
221535 1
008329 0
114389 0
183150 0
069472 1
148808 0
069502 0
053397 0
102675 0
011709 1
140690 1
140711 1
220529 0
260343 0
222331 1
140682 1
008542 1
222433 1
119178 2
202022 0
004432 1
086550 0
004849 2
122075 0
118612 1
006577 0
095442 0
151288 0
167652 0
119131 2
009078 1
102645 1
119116 2
121586 1
062173 1
062183 0
130095 1
169408 0
132828 0
012508 1
182137 1
004877 2
011343 1
007771 0
058346 0
130110 0
141285 0
011958 1
119181 2
222652 1
222106 1
141483 0
079472 1
148263 0
122873 1
144800 1
118929 0
123642 1
144780 1
015166 1
119132 2
123641 1
115476 0
120713 1
176654 1
011845 1
120694 1
123635 1
007182 0
015235 0
180613 1
015594 1
005815 1
149706 1
120987 0
124361 0
195553 1
195554 1
191172 1
119073 0
177805 0
152937 0
012163 0
109221 1
120431 1
109081 1
005832 1
155801 0
120453 1
108946 0
243979 0
108297 1
009001 1
121518 1
108393 1
108368 1
195557 0
108289 1
128370 1
133085 1
108793 1
109108 1
108286 1
108253 1
108402 1
109740 1
119149 0
086129 1
128246 1
130284 1
108586 0
125141 0
109774 1
086672 1
123282 1
123242 1
223272 1
120750 0
232577 0
102857 0
086303 1
212914 1
130353 0
086361 1
285303 0
137865 1
125487 1
225613 0
212835 0
004897 1
182867 1
119232 1
121554 1
130474 0
108466 0
006338 1
186807 1
137798 1
154507 0
094934 1
015264 1
137264 0
102034 0
009050 1
005469 1
012517 0
128545 0
094929 0
120037 1
120036 0
007818 0
125472 1
186790 1
121555 1
186800 0
222371 1
121524 1
130274 0
166669 1
015269 1
125469 1
132116 1
130403 0
278213 0
122088 0
132210 1
132226 1
075781 0
009431 0
116621 0
189373 1
194676 1
287406 0
004617 1
189449 1
117131 0
146985 0
118818 1
011985 1
118730 1
064725 0
186801 0
015111 0
166677 1
189492 1
171456 0
126077 0
171403 0
089860 0
062059 1
062097 0
007429 1
120942 1
014782 1
260616 0
118175 1
133698 1
118115 1
004482 0
125948 1
199928 1
133706 1
125950 1
149655 0
145646 1
140933 0
115481 1
244210 1
186142 1
132981 0
260713 0
222449 0
244183 1
124143 0
255910 0
244220 1
000713 0
001903 1
146476 1
146471 1
013988 1
146451 1
185853 1
243923 0
014020 1
183095 0
115478 0
195551 0
124767 1
149800 0
004146 0
124995 1
012102 1
167740 0
265436 1
265415 1
015258 0
285313 0
007337 1
265395 1
257570 1
120872 1
124745 1
122895 1
124771 1
125175 1
125187 1
124979 1
124994 0
125072 1
174920 0
124975 0
257571 1
263904 1
227560 1
227441 1
263999 0
159863 1
001184 1
007344 0
227561 1
233308 0
135323 0
000008 1
011649 0
257524 0
114208 0
222988 1
000065 1
124532 1
243981 0
009660 0
144221 0
125901 1
257522 0
159754 1
264813 0
125889 1
011862 0
000113 0
227249 0
159814 1
124237 0
087316 0
159937 1
223941 0
062102 0
018250 1
124663 0
186805 0
124749 0
125002 1
119497 0
222118 1
125001 0
175615 0
165129 1
170607 1
007144 1
145772 0
258631 0
165130 1
001036 1
118723 0
162170 1
153083 1
162355 1
285574 1
163861 0
131873 1
242843 0
285563 1
151403 0
142251 1
164255 0
080017 0
088225 1
088369 1
121556 1
008472 1
124724 0
088424 1
115474 0
091320 0
211455 0
141013 1
120716 1
088442 1
088436 1
012160 0
141017 1
116623 1
011991 1
141018 1
158218 1
261722 0
257444 1
128610 1
158208 1
257387 1
012377 0
133039 0
257445 1
158211 1
257298 0
157799 0
257332 0
128611 1
011830 1
159204 0
124027 0
114580 0
140289 1
164241 0
128469 1
123232 2
221996 0
130341 1
127656 1
028580 1
009010 1
131872 1
190348 0
141336 0
111932 0
000162 0
157800 0
239051 1
239052 1
118801 0
221790 0
121530 1
239039 1
251044 1
007221 0
269446 0
028632 0
239010 1
238990 1
251045 1
010012 1
028603 0
239362 1
094566 0
101415 0
137927 0
239361 1
227213 1
046042 1
007145 0
278215 0
193345 1
161499 1
120470 0
161498 1
125505 0
006307 0
145085 0
117171 1
127652 1
227207 1
227221 1
227224 1
119312 0
046043 1
190634 0
046273 1
157726 0
009612 1
174487 0
004812 0
122052 1
197426 0
000016 0
194205 0
017753 1
128157 0
187639 0
014669 0
164661 1
143084 0
243132 1
023225 0
011904 1
164593 0
135127 0
115001 1
114994 1
122861 1
243791 1
018256 1
015305 1
149390 1
128935 1
244997 0
231149 0
151307 0
125429 1
125430 1
128494 0
140566 0
063327 0
096417 1
064380 1
064406 0
064500 0
117112 0
028627 0
167141 0
170867 0
088621 0
164139 0
114806 0
027344 1
018499 1
119491 1
011751 0
064407 0
264478 1
147687 0
000752 0
157763 0
147502 0
128860 0
225994 0
128721 0
119343 0
015128 1
195537 1
123824 1
222713 1
195940 1
264482 1
164565 0
086588 0
194019 1
194012 1
147587 1
125611 1
128239 0
147607 1
123890 0
115142 1
158320 0
123801 1
284603 1
125620 0
123711 1
284604 1
259690 1
192947 0
054426 1
054476 0
196244 0
161550 0
012273 1
017220 0
145053 0
027892 0
098859 0
115163 1
259692 1
143821 1
054546 0
116614 0
010185 0
164144 0
144652 0
161551 0
259677 1
157562 1
161546 1
222535 0
169409 0
012148 0
120747 1
274954 0
259671 1
259673 1
243604 1
243518 1
018075 0
147105 0
191771 0
231129 0
161522 1
158987 0
161549 1
011916 0
157279 1
125613 0
157280 1
194236 1
102002 0
141286 0
134106 1
097016 1
096498 0
164482 0
005220 0
140956 1
204137 0
120748 1
145045 0
243562 1
140959 1
096618 0
012333 0
191565 1
150020 1
128725 0
284585 0
043480 0
140948 1
160401 0
145703 0
035232 0
240821 0
002559 0
191570 1
135409 0
006926 0
191572 1
133837 1
118777 0
133799 1
075331 0
133833 1
133787 1
177287 0
007990 1
118827 0
164541 0
193466 1
122079 0
124629 0
120878 0
121383 1
131384 0
121396 1
009150 0
135391 0
162456 1
140902 1
108329 1
162452 1
146509 1
169252 0
129060 0
124746 0
077321 0
069682 0
140759 0
224948 1
120717 0
125703 0
132862 1
002007 0
254593 0
010303 1
224907 1
186859 0
121004 0
096659 0
124880 1
224908 1
224870 0
225169 1
001018 0
124881 1
177155 1
225166 1
067971 0
002015 1
145583 1
124916 1
145679 1
096553 0
112198 1
112153 0
124854 1
111824 1
124819 1
145678 1
139470 0
124204 1
231151 0
124774 1
111800 0
199477 0
015500 1
125255 1
032127 1
190039 1
112894 0
174848 2
126170 1
078797 0
174836 1
032125 1
122710 0
190050 1
141300 0
132864 1
124261 1
173379 0
087526 0
132861 1
197681 0
004966 1
127125 0
002004 1
137443 1
191274 0
126191 1
136554 1
223832 0
119329 1
122537 0
126915 0
097008 0
066157 1
090264 0
039077 1
145247 0
125362 1
015465 1
174092 0
038806 1
056144 1
038807 0
124765 0
125282 1
125297 1
029646 0
203829 1
125348 1
015318 1
125415 1
056058 1
084931 1
119548 0
009083 1
215442 0
182121 1
125417 1
015389 1
125345 1
000029 0
125346 1
178442 1
288975 0
082582 0
244982 0
118797 0
147126 0
244017 0
118942 0
095742 1
130820 0
018383 0
095617 1
185752 0
121095 0
004859 1
095738 1
095645 1
095852 1
095886 1
147337 0
119150 1
046453 1
027545 1
215450 0
147205 0
111918 0
111665 1
004858 1
046441 0
119148 1
119133 1
178175 1
017912 1
228422 1
129658 0
055155 0
152938 0
129341 1
008536 0
119542 0
195556 0
172251 1
185794 0
142287 1
027546 1
129395 1
036450 0
124060 0
124031 0
142166 1
018619 0
129343 1
231842 0
129398 1
163553 0
137413 0
145800 0
128841 0
098876 0
157767 0
076099 1
053960 0
152934 0
076059 1
133260 1
134942 0
127627 1
057925 0
076009 1
133261 0
128125 1
031426 0
184793 1
012014 0
121235 0
127595 0
119544 1
121150 1
179432 0
023054 0
127626 0
030303 0
222556 0
067434 0
128247 0
127398 0
174501 0
080076 0
258977 0
255560 0
229909 1
182710 1
176031 0
004942 1
124030 0
165220 1
118792 0
130819 0
119293 1
182768 1
122992 0
130838 0
009505 0
182848 1
128489 0
006723 0
120472 0
146401 0
035231 0
113360 1
127893 0
018174 1
165230 1
140437 0
194679 0
128981 1
289914 1
175297 0
202019 0
000010 1
024423 0
123494 0
191793 0
165248 0
155789 1
086549 0
002992 1
128703 0
280013 1
111510 1
280020 1
177604 1
231117 1
150887 0
275859 0
280004 0
020169 1
020171 1
177608 0
020193 1
001564 1
261902 0
175627 0
097488 0
135559 0
180843 1
170190 0
155790 1
115468 0
135132 0
130499 0
278081 0
285294 0
152936 1
290080 0
280002 0
186146 0
064833 0
128697 0
181732 0
272755 0
180472 1
180841 1
004720 1
118686 0
180888 1
118979 1
130121 0
180487 1
180678 1
180478 1
111198 0
180683 1
058369 1
069526 0
119309 1
119339 1
166913 1
090778 0
122853 1
058416 1
009072 1
119340 1
130861 2
052279 1
058387 1
058463 1
157411 0
118670 0
159472 1
145611 0
007434 1
287253 1
124560 0
120947 1
023900 0
126005 0
158993 0
005650 0
159576 1
004462 0
121575 1
159474 0
121579 1
120934 1
018630 0
099142 1
035121 0
254039 1
215427 0
099113 1
085291 1
165292 0
254025 1
175738 0
001087 1
167414 2
122876 0
231124 0
124165 0
169724 0
010358 1
089745 0
102006 0
167430 1
011310 1
010218 1
126911 0
225993 0
004634 1
166248 0
134516 0
288492 1
058993 0
084600 0
288462 1
122645 1
242872 1
167457 1
118819 1
133594 1
166068 1
118741 0
203680 0
288491 1
159353 1
288037 1
101894 0
122679 1
075650 1
159634 1
166167 1
118836 1
288039 1
118839 1
067675 1
179849 1
060443 1
037088 1
110024 1
001807 0
166256 1
185338 1
225621 1
170197 1
185414 1
162838 1
164027 1
034543 1
060341 1
120980 0
034562 1
166552 0
223426 1
223427 1
009561 1
185411 1
122010 1
223267 1
163288 1
164023 1
164021 1
165583 0
122012 0
289481 0
163321 0
117130 0
139020 1
017309 0
191654 1
191680 0
019688 0
011477 0
184988 0
222712 0
125041 0
179097 0
018585 0
276696 1
191099 0
012310 0
011964 1
004825 0
120535 0
012521 0
155794 0
145450 0
024568 0
215358 0
128756 0
220313 1
069678 0
225650 0
082736 1
139018 1
082703 0
141618 0
095631 1
023901 0
006653 1
006525 1
080564 0
244933 0
111233 0
100719 0
004385 1
095190 0
118522 1
122295 1
123843 0
191355 0
278405 0
289915 1
110268 0
197538 1
023732 1
195549 0
023591 1
197375 1
260184 0
197368 1
141139 0
154722 1
180027 1
116654 1
116657 1
116474 1
196958 1
126612 1
168155 1
147362 0
214792 0
116328 0
023592 0
154743 1
142078 0
082137 0
126598 0
116302 1
255483 1
109032 1
154774 1
148220 0
256383 0
116329 0
054367 1
180034 0
260304 0
109186 1
154779 1
163071 0
144627 0
195202 1
153585 1
124736 0
195246 1
014219 0
180659 0
256379 0
136552 0
171672 1
170166 0
227250 0
007336 0
122485 0
109132 1
109167 1
124251 0
140722 0
141586 0
111946 0
155830 1
276334 1
202439 1
094892 0
233294 1
160348 0
125716 0
183627 0
176199 0
276311 1
186101 0
174450 1
276313 1
276258 1
052070 0
157075 0
002040 0
134253 0
223487 1
201299 1
174543 0
164341 0
223478 1
286169 0
175646 0
169886 0
091265 1
123264 1
085622 0
123262 1
146161 0
262969 1
262808 1
193861 0
262796 1
120169 0
115408 0
262807 1
124864 0
200342 1
126332 0
004930 0
149046 0
121642 0
278406 1
243078 0
033110 0
075393 1
111045 0
024475 0
240013 0
148593 0
278408 0
223253 1
128562 0
011552 0
000843 0
093743 0
170191 0
101464 0
141363 0
007558 0
009562 1
129625 0
007005 1
147122 0
242712 0
122011 1
289258 0
036299 0
219947 1
125125 1
059042 0
257807 1
125126 1
007335 0
220747 1
125104 1
168484 0
151864 1
272775 0
085976 1
085898 1
220753 0
026544 0
095630 0
115305 1
168395 0
025295 0
209602 0
097420 0
124250 0
015307 1
114489 0
158455 0
125426 1
090665 0
125427 1
162689 0
153013 1
090384 0
219949 0
199766 0
101081 0
155826 1
257817 1
131478 0
144327 0
029432 0
264395 0
101994 0
155834 1
005285 0
010379 1
177806 0
004624 1
231205 0
078186 0
007512 0
064811 1
005014 0
011346 1
117058 0
118826 1
285288 0
042208 1
220078 1
275796 0
101911 1
185745 0
118816 0
064351 0
198483 0
092229 0
001422 0
119365 0
193000 0
041660 1
042334 1
077233 1
017897 0
046107 1
124553 0
007342 0
111222 0
135321 1
137097 1
137113 1
126755 0
046174 1
133257 0
135649 1
077257 1
089654 1
111027 0
018022 0
136346 1
036456 0
136338 1
135283 1
126008 0
135298 1
135637 1
170176 0
067123 1
067142 1
143085 0
102851 0
241298 1
241155 1
145286 1
136328 1
128977 0
010179 0
089628 1
155064 0
066960 1
089567 0
121000 0
145220 1
066968 1
136621 1
179105 1
066958 1
016166 0
008369 1
123073 0
110820 0
015225 0
153363 1
220746 0
164124 1
043446 0
129779 0
179101 1
114845 0
179110 1
157980 1
131314 1
167878 1
164127 1
155314 1
269873 0
264155 0
136567 1
167938 1
096914 1
186279 1
131312 0
143507 1
144645 0
231303 0
040689 0
097801 1
254571 1
091576 0
167939 1
096939 1
231987 0
254565 1
136612 1
216634 0
098845 0
116440 0
100415 1
098430 0
079405 0
197334 1
000420 1
045660 0
124693 1
012305 0
085824 1
131301 0
160570 0
121640 0
085956 1
024458 0
015332 1
125405 1
006083 1
170196 0
178600 0
006102 1
240783 0
148079 1
016613 1
015335 1
125402 1
200206 0
128017 1
147616 0
147615 0
128070 0
169936 0
273117 1
168040 0
197296 1
192010 0
143439 0
007980 0
125063 0
125403 1
234067 1
125414 1
127535 0
151317 0
059437 1
067908 1
121577 0
268617 0
015319 1
110272 0
125413 1
014575 0
081188 1
125523 1
125519 0
119390 0
238679 1
125521 0
000522 1
197154 0
222307 0
188955 0
148435 0
151494 1
077914 1
238615 1
015412 1
077942 1
002306 1
239387 1
057891 1
053122 0
077934 1
061143 0
125326 1
036798 1
176774 1
058008 0
090210 1
078830 1
170195 0
078787 0
011804 0
200804 1
063325 0
134110 0
190064 1
078849 1
190113 1
183056 1
145971 0
288710 0
128701 0
183053 1
183055 1
135675 0
200799 1
152763 1
199898 1
130463 0
182989 1
190112 1
183045 1
018088 0
037378 0
171676 0
264459 0
090061 1
143409 1
200727 1
125532 1
113942 1
058097 1
120214 0
042558 0
031664 1
058120 1
199905 1
113936 1
131300 0
155428 0
084170 0
010385 1
084156 0
004696 1
031677 0
120877 0
005092 1
152754 1
125693 0
125522 1
029491 1
220610 0
161841 0
090393 0
004905 0
030002 1
131474 0
168987 0
144341 0
186041 1
149615 0
080015 0
176848 0
175520 1
032178 1
150078 0
016375 1
136938 0
018520 1
075353 1
148563 1
016345 1
075338 1
148604 1
018081 1
000873 1
037432 1
149949 1
150010 1
009838 1
017818 1
282349 0
026464 0
150048 1
150069 1
150086 1
138537 0
018735 1
122215 1
038535 0
121516 0
078472 0
014738 0
051805 1
012037 0
051806 1
003284 0
080813 1
148795 1
220186 0
268644 0
051828 1
031225 0
140189 0
192720 0
032110 1
123552 0
089044 0
119391 0
222309 0
175679 0
159481 0
032115 1
223254 1
142562 1
221711 1
289306 1
285207 1
142556 1
007817 1
285287 1
256692 0
175676 0
007792 1
121233 1
098388 1
289326 1
071433 1
077918 0
015158 0
007585 1
289305 1
154180 0
008471 0
289290 1
098350 1
052276 1
104606 1
097380 1
164948 0
120043 1
071428 1
121069 1
195555 0
104601 1
289288 1
145835 1
119286 0
198485 1
069674 0
169029 0
041866 0
168219 1
108462 1
280581 1
179433 0
108448 1
231560 0
082068 0
148136 1
024094 1
074799 1
005479 1
078676 0
074735 0
163563 0
258985 0
145832 0
182698 1
182733 0
227120 1
070528 0
111197 0
148977 0
137533 0
182221 1
169430 1
230912 1
230921 1
288964 0
034641 1
108279 0
182247 1
102847 0
119103 0
120514 0
139575 0
163566 1
100059 1
169449 0
111315 0
163634 0
230245 1
145846 0
230204 1
052048 1
034587 0
051987 0
152880 1
079438 0
005299 1
095674 0
164793 1
164794 0
027889 0
119792 1
014670 0
008039 1
230446 1
051989 1
118555 0
121433 1
140155 0
157935 0
230447 1
230435 0
230415 0
000076 1
005415 1
119972 1
119633 1
034781 1
004816 1
005200 1
119648 1
138474 0
119095 1
119971 1
163342 0
034810 1
009243 1
009206 1
119764 0
119646 1
121719 1
118533 0
148726 0
052043 1
007085 0
260444 1
119961 1
168388 0
260381 1
145839 0
009965 1
194680 1
000789 1
183270 0
103701 0
119393 0
007339 1
230978 0
240809 0
164145 0
120874 1
123146 1
134664 1
123150 1
052046 1
075014 0
051988 1
260412 1
150882 0
000115 0
028648 0
276457 1
122296 1
115078 1
182786 0
114589 0
115079 1
066784 0
289259 0
244743 0
065638 1
123036 1
127226 0
051949 1
125969 0
202720 0
011501 1
182762 0
130828 1
081165 1
155788 1
050196 0
260198 1
260122 0
011755 0
225555 0
242725 0
260153 0
000675 1
087318 1
060896 1
007285 0
157966 1
060940 1
060945 1
140520 0
095285 0
273061 1
130684 1
009858 0
000342 1
124650 1
157937 1
273065 0
124734 0
060619 0
234409 0
163384 0
200082 0
108153 0
145765 1
112106 0
005528 0
111541 0
135086 0
009161 0
130046 1
016545 0
143456 1
130186 0
157994 1
055534 0
065178 1
031515 0
075977 0
186886 0
115512 0
169801 1
070474 0
060289 0
143498 1
144037 0
148632 0
018803 1
176838 1
117918 0
124740 1
152221 1
079758 0
191533 0
012656 1
018013 1
001231 1
031274 0
152222 1
184689 1
199322 1
199325 1
071035 0
065180 1
155361 1
150223 1
136536 0
220925 0
103646 0
186778 0
168218 1
169800 0
150215 1
249502 1
147017 1
132199 0
141785 1
141844 1
169733 1
155486 1
009786 1
185807 1
169825 0
133009 0
066890 0
141790 1
058895 0
220434 1
018513 0
042543 0
100716 0
065161 1
155482 1
026133 1
147650 1
137428 0
249592 1
145947 1
188153 0
146608 1
001197 0
145837 0
034581 1
046804 0
169736 1
257558 1
151366 1
152943 1
257555 1
242420 0
050198 0
136521 0
177693 1
176901 0
147375 0
115463 0
004433 0
275784 0
070261 0
170878 1
134894 1
223458 1
289110 0
006250 0
177778 1
223476 1
135206 1
220550 0
177525 1
144379 0
176165 1
130508 1
220801 1
177509 1
177515 1
113401 0
227831 0
060447 1
001427 0
176119 1
140899 1
014319 0
178588 0
005416 0
140895 1
082079 0
176176 0
077923 0
220485 1
195593 0
030253 0
196779 0
160362 0
167221 0
145954 0
075104 0
111026 0
017132 0
220757 1
169507 0
220756 1
048544 0
009845 0
061227 0
150085 0
123035 0
154833 1
027360 0
154859 1
203867 0
177548 0
132728 0
060984 0
118794 0
163417 0
127629 0
123483 0
185919 0
259168 0
002136 0
147153 1
069679 0
120869 0
147146 1
086161 1
086186 1
071969 0
180262 0
086222 1
157771 0
155767 0
180380 0
058929 0
086248 1
027296 1
140913 0
122222 0
238899 0
031860 0
087539 0
127903 0
011330 0
224647 0
042492 1
173827 0
234754 0
078390 0
145246 1
176837 1
228531 1
036026 0
126412 0
176839 1
075571 0
228592 1
176844 0
145223 1
027443 0
228536 0
018434 0
042544 1
042530 1
158607 0
147847 1
199111 0
042460 1
042468 1
180049 0
142765 1
042475 1
192636 1
142488 1
272779 0
143038 0
010568 0
128009 0
110638 1
002442 0
060615 0
219869 1
220160 1
010452 1
219867 1
130627 1
138909 0
195541 1
219845 0
169314 0
219831 1
181307 1
060395 0
146475 0
111808 1
017378 0
160221 0
163330 0
125595 0
162275 0
102855 0
042458 0
090647 0
219799 0
162682 0
079726 1
060372 0
011430 0
270928 1
078987 0
108458 0
150167 0
244983 0
058740 1
111100 0
257946 1
149740 0
244969 0
257945 0
093847 0
259964 1
167222 0
004184 0
014065 0
125483 0
086675 1
168465 0
086337 1
259971 1
090323 0
086362 1
018165 1
044079 0
078806 1
130827 0
012694 1
085861 1
148800 0
042213 1
127953 0
127914 0
258002 1
011768 1
257934 1
081437 1
004785 0
064110 0
257930 0
083151 0
258005 1
146899 0
058340 0
286744 1
078667 0
100075 0
072216 0
045667 0
002288 1
243379 1
272768 0
085528 1
286741 1
079441 0
009849 0
085872 0
045499 0
194282 0
185920 0
200050 1
182147 1
079796 0
172894 1
004370 1
198482 0
132802 1
146697 1
085485 1
085484 1
236867 1
085615 1
145706 0
151725 1
132732 1
151705 0
132746 1
060697 1
143976 1
138804 0
085745 1
263152 0
077940 1
261719 0
137638 0
241743 0
084621 0
217072 0
252893 1
075962 1
144625 0
085598 1
155675 0
085781 0
060702 1
230451 1
060753 0
243372 1
142563 0
144374 0
082118 1
075959 0
113692 0
113355 0
070071 1
051802 1
187131 0
007387 0
150143 1
125193 0
043676 0
051798 0
103244 1
069988 1
109225 1
154628 1
065194 0
150096 1
199249 0
111273 0
154647 1
112148 1
154694 1
195934 1
103161 1
016653 0
155489 0
109224 1
051772 0
285856 0
152764 1
153439 0
068792 0
085896 0
098657 0
112316 0
012294 0
017507 1
168596 0
062093 0
160927 0
082583 1
011499 0
197600 1
116438 0
191636 0
006893 1
007032 1
170104 0
118650 0
085982 0
007348 1
077954 1
120526 1
120636 1
120881 1
258630 0
125180 1
198998 1
199002 1
077957 1
125579 0
238553 0
081045 0
131193 0
199008 0
168391 2
175635 1
090229 0
126881 1
129423 1
013232 0
090438 0
064553 1
129435 1
010157 0
003738 1
169090 1
226009 1
209349 0
185151 0
149189 0
010461 0
120525 1
009324 0
216206 0
126650 0
225590 0
082074 0
013012 0
114945 0
129424 1
007031 1
231561 0
121384 0
100227 0
064915 1
150568 0
198033 0
022409 0
226015 1
065078 1
065085 1
256713 0
065172 0
064909 1
065158 1
225815 1
178750 0
108164 0
057926 0
064795 0
010018 0
055728 0
076273 1
078872 1
064695 1
225856 1
199246 0
234494 0
225708 0
120635 1
006892 0
101840 0
191703 0
007347 0
065173 0
116331 0
131296 0
122053 0
141772 0
066533 0
261576 0
225705 0
120880 0
268861 0
007341 1
187337 0
124252 0
074672 0
167213 0
075015 0
076913 1
142207 1
148455 1
076917 1
043489 0
120876 1
264602 1
038504 1
264600 1
264465 1
264476 1
168228 0
069680 0
194401 0
035815 1
170420 0
199955 1
134619 0
151981 0
035837 1
020374 0
037944 1
264194 1
275238 0
264182 0
099525 1
263302 1
062455 1
220088 0
037997 0
142199 1
244963 0
099428 1
008159 1
128644 0
123586 0
065181 0
007289 0
097186 1
183932 0
176882 0
148003 0
277287 1
042486 0
152346 0
229910 0
233648 0
097185 1
037797 0
128685 0
216032 0
017885 0
067168 0
134669 0
005251 0
035597 0
135511 0
017429 1
238909 0
079483 0
186265 1
125230 0
040325 1
005736 0
000578 1
129529 0
007266 1
014042 0
046492 0
256780 0
079028 0
186289 0
110859 0
009584 0
024005 0
161485 0
130523 1
199964 1
007511 0
074426 1
286936 1
107599 1
120811 1
286954 1
007132 1
186409 0
120695 1
256689 0
120712 1
037796 0
278964 1
161783 0
000575 1
007080 1
072277 1
145268 0
105450 1
142932 0
130528 1
221167 0
139559 1
099408 0
120676 1
139540 1
098459 1
200385 0
130117 1
005826 0
170202 0
168229 0
120439 0
067353 0
275235 0
127388 0
152986 0
152985 0
139617 1
028099 0
120425 0
265558 1
265833 1
266816 0
124244 0
018603 1
004339 0
058037 1
113405 0
057900 1
051596 0
150003 0
153584 0
081667 1
197927 0
139561 1
081742 1
108557 1
011091 0
120257 0
108333 0
081603 1
012548 0
025712 0
058234 0
258671 0
090231 0
014143 1
100317 0
128706 1
012468 1
134242 0
051646 0
064004 1
010890 0
012885 0
074622 1
234121 0
148008 0
153691 1
072347 0
017208 0
153718 1
153645 1
043716 0
178576 1
209596 0
177541 0
051762 0
173881 0
081770 0
148264 0
077576 0
059324 1
129030 1
222828 0
051815 0
145780 1
035934 0
059319 1
168192 0
012980 1
111224 0
119600 0
125975 0
114095 0
051848 0
138961 1
114756 0
139016 1
115609 0
082585 1
004516 0
123724 1
142414 0
287620 0
118658 0
003753 1
220619 0
005683 0
002755 1
231123 1
144885 1
255899 0
075858 0
002600 1
231082 1
082581 0
188924 1
051824 1
028011 0
188929 0
002593 1
241303 0
077661 1
100914 0
077652 1
153087 0
051908 1
028065 0
125254 0
059486 0
168627 0
051901 0
017531 1
139019 0
061881 0
018120 1
232885 0
075268 1
018119 1
017932 1
017881 0
017540 0
129031 1
155495 0
131297 0
129412 0
287586 0
188925 0
009009 0
007087 0
150171 0
101369 0
077654 1
263303 1
079459 1
079225 0
128755 0
058278 0
126071 0
134270 0
121176 0
124087 0
134240 1
140898 0
006672 0
078909 0
122724 0
023547 0
079681 1
134193 0
061803 0
000571 0
212060 0
079686 0
234020 0
114819 0
121887 0
134192 0
079458 0
093779 1
150173 0
110858 0
070655 0
215199 0
119253 0
051843 0
148001 0
063307 0
119013 1
188930 0
216381 0
005372 0
113527 0
288783 1
188926 0
119008 1
288765 1
127338 0
222336 0
112140 0
286330 1
063703 0
231569 0
102081 0
004349 0
018128 0
097972 0
146849 0
286476 1
007813 1
021147 0
007930 0
179323 0
037996 0
021482 0
282092 0
213490 0
177843 1
286539 0
163142 0
005015 0
177845 1
001851 0
121229 1
089596 0
035994 0
180250 0
145617 0
044608 1
255700 0
016433 1
102699 0
227248 0
227141 0
022410 1
044604 1
127312 1
005190 0
178589 0
034649 0
148580 0
188923 0
155981 0
045228 0
175334 1
143175 0
045229 0
137560 0
192007 0
009783 1
005616 0
005320 0
066644 0
045230 0
104208 0
200802 0
109556 0
102853 0
116171 0
044676 0
175355 1
244968 0
119668 0
175259 1
272777 0
175217 1
215816 0
103434 0
093183 0
240367 0
266253 0
000411 1
120831 0
079754 0
004411 0
129006 0
151404 1
045236 0
140453 0
186860 0
081593 0
148229 0
010714 1
153365 0
262123 0
135099 0
007549 0
253083 0
215202 1
003039 0
127594 0
146159 0
015304 0
253833 0
016434 0
058836 0
046039 0
220507 0
009620 0
155689 1
007224 1
011939 0
268470 0
088433 0
178042 0
164068 0
128808 0
007474 0
094630 0
228382 0
058300 0
096605 1
096436 0
259724 1
216787 0
134180 0
259723 1
155664 0
183965 0
155594 0
000130 0
151407 1
165283 0
081744 0
061806 0
159860 1
011134 0
145455 0
188932 0
159869 1
176638 0
119973 0
009048 0
155761 0
155682 0
180382 0
173022 1
060874 0
215609 0
173028 1
150009 0
018178 0
114585 0
099671 0
119376 0
196788 0
085895 0
227155 0
036465 0
116554 0
118469 0
123508 0
129815 0
173007 1
005219 1
214488 0
117441 0
031859 0
058472 1
173008 1
102852 0
144043 1
139074 0
013133 0
041239 0
203881 0
116014 0
000134 0
046162 0
078764 0
261284 0
111191 0
120977 0
097793 0
290059 1
152111 1
075021 0
076742 0
150163 0
151370 0
155967 1
090515 0
011340 0
224327 0
152106 1
018774 1
155959 1
028965 0
009244 0
155928 1
160869 0
159911 0
155929 0
032344 0
128060 0
072650 0
169264 0
213516 0
256665 0
145619 0
065030 1
124045 1
018496 0
139549 0
050051 0
151363 0
124528 0
155953 0
174096 0
159914 0
264818 0
200101 0
160980 0
140116 1
182666 1
124126 0
160870 0
126542 0
101754 0
157017 0
008705 1
088303 0
140067 1
084948 0
140066 1
126070 0
130626 0
052186 0
135264 0
156004 1
156008 1
023253 0
159684 1
060633 0
042522 0
182670 1
182700 0
075643 0
256380 0
130492 0
286758 1
156280 0
124245 1
124079 0
009071 0
128717 0
145475 0
124540 0
125229 0
028963 0
135331 0
127444 1
139601 0
221226 0
158314 0
139489 0
277439 0
234162 0
135330 0
124873 0
149681 0
088502 1
072913 0
136001 0
012751 0
196667 1
285945 0
124885 0
201280 0
073173 0
123020 0
088477 1
285467 0
088472 1
090513 0
110932 1
132227 0
059037 0
122224 0
063109 0
150134 0
269741 0
162025 0
110815 0
017892 0
062150 1
167796 1
220752 0
143977 0
111183 0
268873 0
196660 1
062185 0
162217 0
110927 1
128595 0
095515 0
111192 0
121885 1
142273 0
142227 0
119288 0
129664 0
011880 0
074992 0
171720 1
010294 0
151888 0
171677 0
059705 0
115317 0
241646 0
155679 0
256384 0
158322 0
261478 0
000260 0
241652 1
052278 0
059672 0
079191 0
155795 1
163215 0
197208 0
088302 1
097799 0
161985 0
077479 0
126799 0
099593 0
124287 1
273176 0
146640 0
124378 1
073429 0
131558 0
081579 0
030395 0
062221 0
024025 0
180383 0
155640 0
262129 0
265064 0
145444 0
067321 0
060533 0
289511 1
097816 0
101290 0
289517 1
065041 0
095479 1
122872 0
009417 0
076299 0
119394 0
076196 0
181690 0
163567 0
018147 0
037798 0
094183 0
008934 0
093758 0
120680 1
170203 0
266181 0
094121 0
001493 0
134577 0
017495 1
062195 0
178132 0
144196 0
135964 0
238884 0
096423 0
062227 0
019557 0
077976 1
034413 0
093907 0
129432 1
059466 1
145406 0
007079 0
100910 0
149918 0
213295 0
034242 0
133572 0
262401 0
090242 0
125994 0
045686 0
096398 0
146077 0
231076 0
105389 0
073691 0
070344 1
124046 0
005829 0
200085 0
086490 1
156477 0
193015 0
070178 1
241736 0
103351 1
161520 0
103517 1
070302 1
018095 0
103475 1
070265 1
082462 0
177497 0
018502 1
078645 0
140115 0
103438 1
111272 0
064829 0
019644 0
120445 0
151026 0
109762 0
115814 0
079536 1
135974 0
030839 0
120447 0
071042 0
254653 0
152112 0
043183 0
120298 0
157634 0
071049 0
149916 0
062199 1
014481 0
028499 0
131486 0
122713 0
125207 0
071050 0
182586 0
116015 0
221435 0
016304 0
125661 0
085778 0
122725 0
234024 0
139441 0
128793 0
012299 1
065084 0
147048 1
037860 1
037821 1
005011 0
259719 0
231053 0
037802 1
005662 0
038925 1
226178 0
147070 1
037906 1
037815 1
037801 1
037888 1
037928 0
198955 1
151289 0
067406 0
133172 0
003447 0
069632 0
000611 1
069173 0
075936 0
119722 0
127470 0
150312 0
218912 0
279104 0
230268 0
007083 0
071168 0
203764 0
199498 0
017541 0
011735 0
198958 1
070164 1
000582 1
104341 0
103337 1
014987 1
141245 0
135967 0
198953 0
177869 0
123590 0
113434 0
140892 0
195666 0
104223 0
130114 1
061215 0
134251 0
272927 0
109429 0
231315 0
089884 0
207222 0
110311 0
036217 1
011973 0
036352 1
125741 1
034478 0
227058 0
104222 0
198393 0
152553 0
170806 0
019079 0
195315 0
198961 0
147087 0
122475 0
069528 0
278870 0
025092 1
121973 0
017760 0
215787 0
195133 1
146154 0
148350 0
150250 0
242263 0
158077 1
277814 0
116523 0
176256 0
078934 0
104215 0
145796 0
006583 0
074531 0
196671 0
006557 0
123772 0
203840 0
201399 0
076007 0
037087 0
237907 1
127839 0
239386 0
037795 0
073948 0
195121 1
237916 1
078924 0
051485 1
231726 0
078553 0
255874 0
237901 1
237915 1
124900 0
201259 0
121161 0
108555 0
135359 0
055254 1
282068 0
141287 0
028304 0
196064 0
028097 0
139068 0
079428 0
168809 0
168606 0
129417 0
148993 0
044530 0
140114 0
025942 1
118569 0
120871 0
084896 0
120446 0
121076 0
025957 1
110308 0
260173 0
124109 0
005077 0
124867 0
014340 0
069681 0
008323 0
146994 0
139104 0
142256 0
227228 0
162713 0
017106 0
101913 0
196683 0
141302 0
115922 0
182594 0
197385 0
080074 0
017380 0
253019 1
149770 0
197172 0
066190 0
036410 0
234049 0
123511 0
078082 1
266257 0
119601 0
282651 0
215993 0
122487 0
009603 0
018221 0
079725 0
165621 0
085818 0
145513 0
008022 0
148631 0
011491 0
076237 0
101099 0
168996 0
126206 0
152621 0
109750 0
121155 0
074626 0
009451 0
060789 0
092744 0
159480 0
278626 0
006090 0
149962 0
052258 0
141340 0
145871 0
109082 0
121525 0
244236 0
059888 0
131492 0
144192 0
150047 0
044443 0
138304 0
146821 0
201952 0
197387 0
252410 1
075874 0
221782 0
128976 0
282411 0
013029 0
151341 0
076038 0
038636 1
220589 0
225970 0
017867 0
040166 0
131491 0
081113 0
125976 0
006712 0
168372 0
160214 0
254196 1
221268 0
244390 0
288406 0
050794 0
079075 0
014785 1
081120 0
007424 0
109942 0
076420 0
227893 1
119385 0
037927 0
121049 0
163385 1
136308 1
163420 1
046437 0
146056 0
220933 0
102854 0
084641 1
014657 0
078455 0
084642 1
170011 0
017874 0
156311 0
136236 1
227885 1
129691 0
120199 0
136508 0
125944 1
178115 0
125431 0
140894 0
231118 0
178426 0
116174 0
142735 0
102346 0
259711 1
047170 0
084683 1
045044 0
174752 0
255378 1
077333 0
064357 0
019630 0
231308 0
084697 0
091966 0
018314 0
084704 0
264831 0
132818 1
084698 0
143000 1
011701 1
260823 1
142603 0
221809 0
005572 0
083705 0
112138 0
027362 1
017698 0
220676 0
109346 0
255383 1
162026 0
160302 0
255385 1
255384 1
256784 1
257575 1
243396 0
158608 0
124236 0
255327 0
255331 0
132867 1
196732 0
075373 0
255288 0
030197 0
121077 0
255332 0
261751 0
084669 1
153782 0
260895 1
202021 0
179181 0
254194 1
255205 0
123050 0
199073 0
120438 0
002568 1
118468 0
002548 1
258552 0
153313 0
084648 0
203846 0
071488 0
221224 0
236814 0
198417 0
121723 0
202675 0
218388 0
011989 0
019554 0
113317 0
108321 0
011128 0
264847 0
231735 0
222823 0
024176 0
067134 0
074539 1
143916 0
095629 0
007744 0
061087 0
101066 0
124314 0
007854 0
001452 0
094463 0
196735 0
145798 0
155806 0
119637 0
075059 0
030256 0
081233 0
103828 0
161816 0
047662 0
079953 0
240914 0
156349 0
108060 0
150545 0
173158 0
286889 0
044302 0
174535 0
028009 0
258929 0
163134 0
001011 0
126313 0
199531 0
096639 0
124983 0
138530 0
150343 0
257383 0
100413 0
267525 0
118483 0
129194 0
026070 0
005120 0
099365 0
044290 0
109962 0
152768 0
135328 0
199805 0
240938 1
043487 0
051330 0
076697 0
004532 0
028213 0
036415 0
226177 0
080237 0
199074 0
005017 0
091306 0
118795 0
014650 0
170875 0
131567 0
125477 0
079409 0
258711 0
033549 0
108197 0
121016 0
140891 0
118579 0
075394 0
136988 0
133155 0
119223 0
184996 0
151987 0
017079 0
230100 0
250310 0
137403 0
158317 0
069527 0
119813 0
161840 0
060320 0
201805 0
165173 0
162657 0
237125 0
009118 0
001141 1
074208 0
060713 0
179100 0
285671 0
133674 0
140890 0
142892 0
009928 0
036035 0
033334 0
007896 0
013275 0
188412 0
146976 1
152926 0
012104 0
041219 0
268792 0
221434 0
111085 0
080895 0
146990 1
203878 0
127194 0
147013 1
227797 0
146890 1
197183 0
146874 1
018111 0
129527 0
169000 0
147012 1
146398 0
115991 0
156476 0
262856 1
146989 1
035929 0
042665 0
159376 0
258292 0
126082 0
169001 0
146975 1
146889 0
095466 0
190573 0
127846 0
092943 0
004993 0
101808 0
123548 1
051850 0
122026 0
123547 1
140914 0
163424 0
151792 0
146870 0
062878 0
065948 0
100576 0
139059 0
034682 0
153390 0
108800 0
232876 0
131586 0
110061 0
024095 0
145227 0
095319 0
233373 0
229792 0
211560 1
125896 1
148730 1
099592 0
089362 0
126096 0
123764 0
170687 0
125920 1
121906 0
015056 1
011974 1
125669 1
148709 0
158777 0
125887 1
025951 0
125907 1
069636 0
016221 0
014313 1
113669 0
124903 0
211532 0
153586 0
014824 1
151165 0
129531 0
125892 1
153060 0
204353 0
017218 1
217295 0
006675 0
137263 1
135304 0
275937 0
037148 0
115832 0
001806 0
096363 0
030252 0
165183 0
143571 0
142931 0
070322 0
