084219 1
051271 0
084287 2
084125 2
083958 2
083953 2
083965 2
083968 2
081589 2
083943 2
081650 2
084080 2
084202 2
083753 2
083746 2
083896 2
083906 2
115400 2
084248 2
083537 1
083530 2
083999 2
084191 2
084183 2
051488 2
051379 1
080394 2
083444 2
083432 2
084271 2
276731 0
084307 1
083135 1
084006 2
082031 2
115253 1
075309 2
075311 2
084477 1
115355 1
075414 2
075418 2
082091 2
082884 2
075505 2
084384 2
082096 1
075513 2
075511 2
083693 2
083698 2
074954 2
074947 2
075500 2
075517 2
084327 1
084213 2
079218 2
075503 2
075501 2
075518 2
081027 2
079363 2
079223 2
077600 2
084096 1
079364 2
075159 2
077606 2
079188 2
075161 2
084416 2
083111 2
092037 1
082459 2
078080 2
082490 2
078164 2
084128 1
081685 2
078144 2
078104 2
078188 2
078234 2
078252 2
083171 2
082887 1
091397 1
084381 1
079200 2
079172 2
083173 2
078085 2
083179 2
078442 2
078452 2
079145 2
078440 2
114464 1
083059 1
075415 2
082743 2
082757 2
083019 1
078098 2
078128 2
082822 2
043963 2
075417 2
044184 2
082063 2
082071 2
075315 2
084152 2
114640 1
079641 2
081701 2
114483 1
114647 1
082829 2
075593 2
084090 2
084155 2
078445 2
082828 2
084157 2
044367 2
051528 2
043943 2
044080 2
044166 2
051503 2
051368 2
051143 2
044072 2
043889 2
082615 1
078630 2
079644 2
079129 2
081897 2
081709 2
083479 2
137680 1
078093 2
043937 2
078659 2
079167 2
079288 2
044074 2
113836 2
051251 2
083119 1
083168 1
044115 2
044075 2
113800 2
075608 2
075906 2
082627 1
079291 2
075051 2
083053 2
114413 2
081721 2
114603 2
083497 2
081754 2
084469 1
082124 2
044258 2
043991 2
084336 2
043879 2
044255 2
082144 2
043927 2
114894 2
084439 1
045040 2
114932 2
044339 2
081648 2
043929 2
044832 2
044100 2
044850 2
045120 2
051078 2
045144 2
084098 2
084116 2
044773 2
084413 1
114972 1
044221 2
081890 2
081922 2
084216 2
082075 2
051500 2
081229 2
081674 2
082077 2
079325 2
081901 2
051079 2
081903 2
074869 2
044028 2
045205 2
074557 2
083563 2
115347 1
084005 1
115445 1
181231 1
050972 2
115039 1
078259 2
115034 1
074528 2
051074 2
181262 1
078285 2
114873 2
051255 0
079670 2
114989 1
075472 2
084031 2
083988 2
084322 2
083559 2
181198 1
181139 0
112097 2
114414 2
051068 2
075561 2
084292 2
083887 2
114908 2
050832 1
084286 2
083884 2
084104 2
084083 2
051557 2
084475 2
055782 0
075325 2
051187 2
084085 2
051073 2
210897 1
084317 2
210962 1
084110 2
074907 2
084249 2
043965 2
051194 2
211015 1
079837 2
211014 1
279827 1
083700 1
084472 2
015108 2
083977 2
219889 1
114436 2
084073 2
081794 2
219891 1
079793 2
083962 2
084045 2
269649 1
044193 2
084255 2
080884 2
079970 2
269586 1
081814 2
277006 1
080019 2
269658 1
045143 2
081768 2
080867 2
276904 1
083071 1
084335 2
082779 2
114556 2
084457 2
211776 1
051431 2
078458 2
114467 2
083811 2
115343 2
083723 2
114487 2
081907 2
077703 2
051412 2
051397 2
114570 2
114465 2
114484 2
051395 2
084348 2
083739 2
114258 1
044238 2
081615 2
075186 2
079341 2
084696 1
043864 2
083975 2
081720 2
083786 2
051150 2
114295 1
081911 2
075191 2
223506 1
078823 2
081637 2
044218 2
079360 2
045204 2
081748 2
223511 1
081482 2
084211 2
084474 2
051107 2
084479 2
136059 1
084283 2
270009 1
137440 0
115446 1
084175 2
083990 2
084232 2
082651 1
082073 2
081807 2
270015 1
025548 0
074721 2
270013 1
271840 1
084617 1
271898 1
082080 2
044106 2
051210 2
084265 2
083961 2
084345 2
082093 2
082099 2
051069 2
180323 1
044108 2
082577 2
084017 2
081506 2
136354 1
115703 1
078043 2
180277 1
115918 0
044194 2
043966 2
051193 1
051195 1
078049 2
083955 2
083699 2
044023 2
083694 2
075143 2
082769 2
084113 1
082764 2
083957 2
084231 2
269640 1
115674 1
270014 1
084226 2
115629 1
084147 2
185592 1
075464 2
115497 1
108045 1
115322 2
115676 1
084360 2
075137 2
034620 0
081728 2
084383 2
081963 2
084097 2
051218 2
075120 2
081778 2
075312 0
084304 2
079642 2
084178 2
128261 0
082002 2
082088 0
084100 2
115508 1
082029 2
007106 2
115394 2
051198 1
082629 1
084154 2
084117 2
083029 2
080366 2
051186 1
083697 2
084153 2
084583 2
083207 2
081933 2
084074 1
120705 2
083037 2
084387 2
083931 2
083932 2
083667 1
083691 2
084038 2
082614 2
051094 1
084775 1
084339 2
115292 2
084596 2
084331 2
051209 1
185585 1
185588 1
051202 2
220514 1
080424 2
120692 2
185578 1
051204 1
051207 2
220004 1
114982 2
115113 2
051213 1
185561 1
084718 0
083305 1
051192 1
220007 1
084306 2
084042 2
114007 2
084267 2
115430 0
114009 2
186597 1
084076 2
084318 2
115121 2
271686 0
051206 1
180299 1
051166 0
186599 1
113971 2
084011 1
051059 1
083996 1
084106 2
115280 2
084052 2
084270 2
114848 2
084268 2
271101 1
184968 1
271153 1
180635 1
062670 2
051197 1
113997 2
184837 1
184499 1
179693 1
084053 2
084111 2
179703 1
179961 1
179963 1
114987 2
051217 2
074903 0
080217 2
051215 1
051223 1
277015 1
179999 1
180033 1
084759 2
051211 1
180626 1
180614 1
051216 1
114003 2
180595 1
051221 1
114018 2
114023 1
084691 2
180592 1
113986 2
080236 2
185562 0
053248 0
081889 2
114852 2
051081 1
078303 2
083969 2
084805 2
084377 2
051189 1
051219 1
051112 1
084754 2
051201 1
081896 2
180032 0
051200 1
114015 2
154470 0
051203 1
084365 2
114710 2
080426 2
051191 1
115435 2
051199 1
114990 2
050849 1
114961 2
051208 1
051092 1
051205 1
051123 1
084043 2
114648 1
084075 2
089290 1
115136 2
280412 0
115105 2
114741 2
115090 2
125655 1
051222 1
277028 1
070972 0
089147 1
187031 1
051225 1
083940 2
114673 1
081698 2
081713 2
075166 2
041822 0
082964 2
114011 0
112139 2
084069 2
278007 0
054444 0
089165 1
083027 1
083039 2
180268 1
084243 2
089197 1
089248 1
082969 1
111359 1
015082 1
138557 0
083161 2
029062 0
067319 0
089249 1
083162 2
114115 1
051175 1
137537 0
228158 0
084118 2
114218 1
114217 1
084252 2
061409 0
114523 1
059551 0
084062 2
115069 2
003291 0
084047 2
003679 0
084101 2
084112 2
143111 0
186978 0
098271 1
115132 2
084131 2
083578 1
115104 1
084197 2
063050 0
114738 2
074985 0
114703 2
002361 1
051375 2
051465 2
053453 0
088340 0
114786 1
084225 2
045517 0
084206 2
084308 2
114511 2
114530 2
084081 2
078247 2
115405 1
083945 2
054226 0
115088 1
165339 0
225812 0
115129 0
084091 2
084120 2
067417 0
051439 2
054335 0
054412 0
084217 2
226776 0
082089 0
071500 2
043964 2
044186 2
079774 0
104673 2
280733 0
116309 0
115466 1
084109 2
071456 0
084103 2
115467 0
051172 1
083844 2
083702 2
084149 1
210086 0
083836 2
048050 0
083701 2
113976 0
180630 1
225479 0
125148 1
114639 0
124993 0
083614 0
083813 2
004588 1
003130 0
278006 0
115434 0
071547 0
269943 0
113977 0
104629 0
083686 2
227351 0
083005 1
114342 2
114343 2
136324 0
084250 2
175308 0
045498 0
047712 0
083164 2
083159 2
053073 0
280411 0
276748 0
099679 0
124962 0
083684 2
226460 0
084842 0
054110 0
071386 0
124894 0
079179 1
074827 2
165904 0
079147 1
047262 0
020762 0
079114 0
224865 0
156354 0
117661 0
016630 0
055899 0
124527 0
083914 2
078147 2
004884 0
269253 0
221485 0
128267 0
146295 0
079183 1
079254 1
114966 0
041971 0
113964 1
079255 1
051511 1
113893 1
083918 2
214795 0
136835 0
010893 0
057616 0
104720 0
279304 0
076601 0
046251 0
271910 1
183648 0
075024 0
115383 2
004718 1
118970 1
184859 0
054356 0
010417 1
054099 0
236992 0
138478 0
200993 0
265028 1
010957 0
185555 0
276094 0
114601 0
047416 0
084222 1
112121 1
241422 0
114851 0
179998 0
084918 0
141479 0
195515 0
048773 0
201061 0
124899 0
272819 0
045890 0
134924 0
268931 0
114410 2
113012 0
115518 2
260862 0
055462 0
078126 0
025722 0
270284 0
115515 2
115525 1
104559 0
114976 2
119442 0
055131 0
011163 0
084281 2
237963 0
219440 0
054639 0
005825 0
220041 0
076597 0
099680 0
005624 0
067328 0
000867 0
128276 0
084442 0
194485 0
114758 0
175555 0
241423 0
258884 0
277236 0
183721 0
045439 0
263327 0
124203 0
005990 0
115736 0
005371 0
179702 0
057777 0
084851 0
066934 0
047152 0
276732 1
276733 0
115529 0
051414 0
079630 0
268971 0
276720 0
114946 0
055777 0
056148 0
053844 0
089881 0
139544 0
059415 0
172992 0
061471 0
114949 0
047226 0
142888 0
165383 0
047032 0
113064 0
138192 0
182993 0
256647 0
227388 0
116260 0
084238 1
223835 0
084180 1
063059 0
084516 1
119192 0
083750 1
081413 1
113979 0
081564 1
081369 1
079026 1
057706 0
142496 0
076361 0
269126 0
174956 0
076642 0
069397 0
124928 0
119895 0
116196 0
271763 0
053012 0
054388 0
139804 0
176393 0
045888 0
183728 0
020356 0
097485 0
113430 1
113431 0
272460 0
116915 0
056811 0
047856 0
053031 0
043860 1
119844 0
148067 0
053041 0
276736 0
153646 0
114988 0
048875 0
084540 1
177748 0
186366 0
047359 0
272362 0
124139 0
000087 0
083283 0
113249 0
276950 0
084224 2
180037 0
102570 0
116076 1
053519 0
041173 0
173558 0
044019 1
115819 0
044026 0
137003 0
047765 0
115761 0
095997 0
276738 0
252331 0
044810 0
026451 0
114857 0
020190 0
056261 0
089928 0
276728 0
005221 0
057775 0
042033 0
005121 0
040862 0
223982 0
083616 0
012330 0
023328 0
087134 0
115215 0
003667 0
035229 0
179595 0
046862 0
069586 0
159473 0
104145 0
034767 0
045869 0
271341 0
201494 0
084296 0
230303 0
039980 0
114646 0
179692 0
271183 0
119444 0
041079 1
271102 0
016598 0
041144 0
122423 0
032401 0
054870 0
271044 0
114532 2
114517 2
003306 0
179962 0
228161 0
048832 0
114531 0
241415 0
009535 0
044892 0
114516 0
020304 0
078172 0
114707 0
055489 0
228799 0
226820 0
048745 0
047410 0
271242 0
112933 0
055108 0
252303 0
003697 0
119786 0
003831 0
026702 0
030579 0
102759 0
114046 0
044401 0
159057 0
271511 0
119573 0
176306 0
112332 0
007142 0
074739 0
023874 0
032341 0
074738 0
084821 0
162224 0
047057 0
085326 0
115570 1
090279 0
047851 0
214881 0
185568 0
054613 0
045643 0
053660 0
012906 0
084392 2
054071 0
135135 0
141238 0
227736 0
086921 0
227183 0
013487 0
115625 0
115315 0
176323 0
276725 0
178488 0
127569 1
210053 0
034577 0
008263 0
127573 0
161417 0
272820 0
006283 0
112514 0
115593 0
056371 0
127574 0
284744 0
127575 0
222322 0
179960 0
275981 0
226706 0
115973 0
135006 0
048009 0
272466 1
089434 1
093389 0
127576 0
043827 0
165547 0
012052 1
089454 0
076372 0
220060 0
026969 0
116220 0
273597 0
218053 0
062121 0
141958 0
165964 0
057277 0
075003 0
056580 0
089550 0
110109 0
141334 0
077138 0
016713 0
051399 0
118962 0
015960 0
165317 0
177733 0
047747 0
120219 0
028395 1
271292 0
223649 0
077136 0
054156 0
054944 0
118971 0
004177 0
117311 0
271476 0
227734 0
156356 0
041948 0
083846 2
236978 0
084496 1
084501 2
084497 2
084067 2
084016 0
057278 0
275427 0
113554 0
189119 0
184777 0
241453 0
074787 0
175255 0
077374 0
068564 0
071743 0
080800 0
047987 0
243426 0
030734 0
115491 0
084843 0
127578 0
276891 1
114055 0
276673 0
079668 0
109629 0
042070 0
165538 0
020357 0
175309 0
136198 0
032340 0
065117 1
047161 0
055729 0
156285 0
054532 0
113025 0
220044 0
078006 0
225476 0
006270 0
078158 0
276927 0
084209 2
077141 0
117802 0
276681 0
053395 0
271185 0
116030 2
083425 0
161418 0
047687 0
134755 0
276661 0
222924 0
026434 0
115419 0
115410 0
159663 0
075313 0
210226 0
276750 0
084078 2
083942 2
045887 0
084179 2
090278 0
123749 0
084229 2
055546 0
187342 0
222395 0
226746 0
066038 0
047933 0
054411 0
113162 0
136149 0
113896 0
252746 0
138190 0
000340 0
050623 0
157634 0
174651 0
115458 0
078880 0
142289 0
074849 0
081966 0
134934 0
018635 0
057717 0
052409 0
268077 0
048830 0
057623 0
080748 0
126568 0
078142 0
141877 0
079043 0
277146 0
176239 0
003460 0
232783 0
113967 0
032328 0
119567 0
114877 0
234386 0
003440 0
048448 0
275035 0
135145 0
047645 0
162525 0
194486 0
046677 0
276741 0
075156 0
139552 0
139787 0
047513 0
142267 0
070878 0
116021 0
205222 0
256485 0
158287 0
003672 0
054783 0
054770 0
139039 0
119935 0
005715 0
134629 0
053977 0
069010 0
265409 0
140027 0
138288 0
275184 0
183332 0
109305 0
047267 0
000342 0
196147 1
084811 0
115782 0
274697 0
071849 0
045806 0
055046 0
116057 0
008272 0
116088 0
159470 0
166063 0
055631 0
055620 0
041466 0
047105 0
023869 0
227696 0
074977 0
114651 0
139853 0
022466 0
034626 0
161489 0
127344 0
272508 0
032200 0
151006 0
275034 0
276679 0
002046 0
053444 0
088950 0
196146 0
099067 0
226276 0
005545 0
040999 0
280947 0
279308 0
177731 0
148078 0
204134 0
047668 0
047372 0
126745 0
096067 0
161501 0
174499 0
020358 0
139866 0
026588 0
261317 0
003823 0
162437 0
265404 0
276735 0
183129 0
117659 0
078131 0
004519 0
080051 0
236986 0
147774 0
160155 0
082020 2
066222 0
082034 2
044538 0
156540 0
138324 0
137577 0
271238 0
281366 0
047623 0
172938 0
131041 0
034367 0
268217 0
057279 0
225043 0
004062 0
074826 0
277684 0
027658 0
120228 0
087823 0
057399 0
224015 0
005968 0
053407 0
003227 0
114991 0
277326 0
268651 0
271076 0
229810 0
015193 0
089001 0
075623 0
175455 0
053824 0
264069 0
147132 0
083970 2
075262 0
115721 1
067047 0
169969 0
083890 0
257604 0
006921 0
137164 0
277924 0
112832 0
077649 0
075463 0
253767 1
130684 0
277689 0
079051 0
065458 0
256195 0
023850 0
077731 0
265399 0
149071 0
080724 0
097779 0
173640 0
271689 0
054997 0
165548 0
054374 0
005174 0
270951 0
010407 0
223443 0
053691 0
246499 0
004066 0
252646 0
054587 0
139739 0
111626 0
002208 0
055814 0
026187 0
056257 0
068638 0
111627 0
046831 0
232001 0
221159 0
015689 0
115216 0
057339 0
054594 0
245047 0
241417 0
148718 0
256169 0
075100 0
048820 0
166115 0
046601 0
139320 0
221193 0
088544 0
250227 0
047953 0
234442 0
054860 0
273262 0
277314 0
178213 0
074831 0
115509 0
055006 0
119214 0
047758 0
135635 0
075256 0
057045 0
108428 0
090307 0
211997 0
074737 0
277413 0
115421 0
231427 0
263369 0
082120 0
117799 0
274256 0
271065 0
023509 0
278334 0
100690 0
078951 0
134697 0
030493 0
084646 0
030463 0
084801 0
026850 0
009489 0
250231 0
188669 0
250989 0
041932 0
067871 0
276699 0
053642 0
080096 0
053109 0
074760 0
116086 0
270897 0
053153 0
032757 0
099080 0
134710 0
219751 0
230289 0
019255 0
000541 0
011950 0
149281 0
141090 0
275684 0
173231 0
047246 0
175538 0
006703 0
057704 0
234787 0
139325 0
269596 0
071968 0
278325 0
059086 0
056317 0
095996 0
020307 0
083986 2
057064 0
130347 0
084033 2
044053 0
174909 0
083793 0
113302 0
271234 0
214882 0
015608 0
109363 0
276737 0
054883 0
176128 0
254109 0
227151 0
182513 0
043016 0
039387 0
047148 0
