085524 2
010305 1
010298 1
018145 2
115245 2
113573 2
113600 2
080586 0
117089 1
117761 1
124569 1
124564 1
110321 0
114664 0
061728 0
133014 0
005560 1
025309 0
112019 2
111995 2
131477 2
082362 2
108852 0
115942 2
115917 2
186965 0
112158 2
112171 2
112176 1
086613 1
086604 1
139705 0
131289 1
131379 1
131330 1
131351 1
131350 1
100839 0
095237 0
009879 2
122234 2
007874 0
284390 0
004900 0
036677 0
112283 0
116050 0
086001 0
037382 0
112277 0
152278 0
256080 0
086373 0
131053 0
069257 0
071261 0
118001 0
287473 0
117300 0
006786 0
133023 0
253543 0
169587 0
110578 0
002720 0
