250302 1
250390 1
240797 1
086986 1
086998 1
087065 1
080670 1
080644 1
086943 1
087068 1
087069 1
277198 1
277200 2
277204 1
101905 1
269006 1
066933 1
243873 1
243825 1
243783 1
243867 1
243913 1
086886 1
086897 1
087037 1
087040 1
086892 1
086922 1
086649 1
086677 1
087029 1
087059 1
020327 2
086775 1
086783 1
088160 1
088143 1
087067 1
091637 1
030733 2
243626 1
089267 1
078083 1
078074 1
241195 1
241149 1
243616 1
241217 1
241435 1
241436 1
241439 1
278912 2
278867 1
077649 1
077701 1
078068 1
078046 1
090709 1
090758 1
090848 1
090827 1
090860 1
019535 1
090870 1
090829 1
067757 2
226249 1
078013 1
269503 2
269506 2
086719 1
086754 1
077470 1
086826 1
086877 1
280271 1
280238 1
087030 1
087062 1
005708 1
089292 1
078213 1
228417 1
168254 1
168033 2
168006 1
089733 1
090043 1
243884 1
251520 1
241467 1
243994 1
240766 1
211669 1
085671 1
085661 1
278814 1
098874 1
098921 1
249389 1
087041 1
087036 1
248977 1
254972 1
278712 2
278591 1
250819 1
278761 2
261153 1
255880 1
089324 1
259928 1
118131 1
259889 1
227981 2
108396 1
020022 2
020021 2
019998 2
272285 1
276174 2
276176 2
101904 1
087320 1
087323 1
087307 2
087306 2
086818 1
257788 2
086239 1
086220 1
232999 1
080709 1
046157 2
199461 2
148885 2
148950 2
148647 2
147386 2
270287 2
242592 2
264291 2
199595 2
199481 2
199550 2
237701 0
230705 2
242790 1
078179 2
240241 1
006931 1
085559 1
085314 1
087428 1
222744 2
078323 1
223695 1
066876 1
223673 2
163304 1
087278 1
097311 1
029598 1
097250 1
278453 1
087412 1
087411 1
087410 1
087414 1
163295 1
120209 1
005608 1
120211 1
086150 1
086166 1
120150 2
005597 1
120192 1
086794 1
233263 2
241536 1
233126 2
233141 1
278442 2
233303 1
237031 1
284298 1
086767 1
086800 1
271433 1
271603 2
258775 2
258760 2
089540 1
127931 1
249343 1
278753 2
278771 2
262078 2
262079 2
089535 1
091070 1
271620 1
091059 1
271630 1
249219 1
271127 2
271161 0
082889 1
258215 2
272888 1
087581 1
278154 1
087614 1
233697 1
087604 1
087889 1
087893 1
087963 1
030734 1
087384 1
271295 2
255890 2
271134 1
251352 1
087888 1
272331 2
120281 1
241169 1
127871 1
272333 2
271297 1
261764 2
233247 2
005672 1
070580 1
261871 2
070581 1
103754 1
103753 1
070598 1
120283 1
103771 1
273467 0
087395 1
255884 1
233331 2
019330 2
233693 1
261872 2
086034 1
019327 2
086080 1
028237 1
278356 2
252918 1
087032 1
256857 1
229131 2
094120 1
087049 1
087892 2
140256 1
272422 2
243882 1
086536 2
254657 0
087962 1
093897 1
081057 2
086546 2
086524 1
086554 2
256214 1
087354 1
261296 0
140385 2
087355 1
140331 2
140387 2
278198 0
256279 1
140335 2
140350 2
249830 1
126403 0
029433 2
029270 1
140390 0
067016 1
185465 0
252371 1
249956 1
252440 1
080786 1
260251 0
081353 1
032384 1
081350 2
240303 1
249831 1
081474 0
032359 2
272699 1
007212 1
249832 1
251422 0
032357 2
032314 2
260413 0
067006 1
235820 1
120769 1
235828 1
272661 1
235829 2
239575 1
234619 0
244078 1
277014 0
029071 1
140342 0
029069 2
029067 2
225939 1
083096 1
108822 1
233400 1
067035 1
210741 1
235849 1
086418 1
227732 1
007734 1
256920 2
108846 1
014852 1
276493 2
117254 1
078095 2
256878 1
226422 1
222603 1
080467 1
057903 2
226464 1
066935 1
244831 1
074487 1
276478 2
244799 1
074488 1
108848 1
197530 0
080470 1
107660 1
078168 2
080440 1
067144 1
078218 1
229638 2
005714 1
067159 1
235870 0
107661 1
236618 0
243784 1
229637 0
243786 1
003437 2
240922 1
228646 2
200346 1
078084 1
244165 1
067126 0
078024 1
082856 1
200621 1
228665 2
087417 1
248689 1
080806 2
066812 1
236755 0
113062 1
200622 1
200733 1
080801 2
080808 2
278878 1
080506 1
249405 1
083027 1
091111 1
140399 0
127597 2
133695 0
083039 1
087238 1
127596 2
249549 0
080810 0
077875 1
160706 0
086974 1
042386 2
087100 1
129431 0
005716 1
086790 0
005709 1
120335 1
120330 1
005828 1
120440 1
254102 0
120305 1
006859 0
077619 1
241168 0
147608 2
077432 1
257639 0
083496 1
083468 0
077433 1
083467 0
077324 1
254158 1
029066 0
228793 1
077310 1
287972 0
235734 0
175170 0
236582 0
066777 1
278142 1
158989 0
239936 1
239871 1
032835 1
239836 1
242344 0
265815 1
230488 0
229689 1
277659 2
229745 1
086599 1
265845 0
156294 1
119297 1
119352 0
086606 1
082684 1
264583 0
140347 0
193534 0
087366 1
066823 0
272098 1
117335 1
140348 0
042158 0
087363 1
272119 2
272127 2
244083 1
231329 0
004562 0
086574 1
244070 1
117291 1
087042 1
166211 0
244239 1
254477 2
254479 2
087035 1
119351 0
254467 2
254469 2
228220 1
254492 2
254599 0
228797 0
271341 0
125916 1
081486 0
077977 1
077974 0
087450 2
220167 0
014804 0
121649 0
087328 0
067109 1
239561 0
006762 1
080999 1
140401 0
100948 0
086989 1
005661 0
005742 0
005018 0
067185 1
092153 0
077312 1
027528 0
086992 1
257279 1
277050 1
257339 2
257366 1
168042 0
236474 0
119397 0
278250 2
169969 0
066932 1
059473 0
066934 1
226210 0
278251 2
077225 1
278291 2
233543 1
087358 1
254659 0
278285 2
050359 0
040179 0
253857 0
083411 0
238079 0
226266 2
087479 0
244064 1
077516 1
067851 0
226267 0
242671 0
077693 1
261294 1
017513 0
147352 0
237155 0
014203 0
066915 1
192405 1
042330 0
125915 0
083395 0
192280 0
273512 0
029032 0
067369 0
192245 0
257931 0
124362 1
253835 0
233696 0
248670 1
269818 0
244417 1
005635 0
080271 0
082871 0
175156 0
277907 0
116007 0
250487 1
250738 2
116234 0
061409 2
081381 0
129421 0
232280 0
088710 1
281859 0
234592 0
014647 0
243597 0
042321 0
083051 0
239341 0
270932 2
268251 0
156534 0
011583 0
242157 0
126518 0
168559 1
168877 1
020543 1
242126 0
068506 0
231974 0
099941 0
227337 0
186844 0
218876 0
108120 0
007028 0
042715 0
240730 0
233375 0
251508 0
107838 0
092198 0
077361 1
210417 0
254076 1
234528 1
187394 1
243762 1
168136 0
244970 0
234796 1
060324 0
231930 0
197493 0
011720 0
009159 0
042165 0
270934 0
009673 0
047800 0
086415 0
162940 0
249543 1
168507 0
229859 0
253487 0
284684 0
213580 0
236494 0
077357 0
197088 0
123357 0
192474 0
194884 1
194939 0
194962 0
187530 0
238810 0
231332 0
167041 0
036310 0
093103 0
118771 0
194963 0
067741 1
068001 0
238314 0
111703 0
134006 0
254106 0
034768 1
133696 0
082212 1
082210 1
082204 1
082211 1
082205 1
150695 0
121650 0
001391 0
114499 0
259908 0
081511 0
243366 0
095345 0
068434 0
091852 0
277908 0
058385 0
087436 1
089458 0
277912 0
078131 0
066649 0
078391 0
252706 0
080094 0
037530 0
008672 0
120356 0
082421 0
235731 0
050565 0
253901 0
097583 0
091806 0
077356 0
265608 0
201487 0
089828 0
244373 0
109759 0
154707 0
277417 0
228923 0
116877 0
145217 0
043160 0
275138 0
224205 0
275887 0
023164 0
130024 0
136122 0
005779 0
238076 0
225219 0
169509 0
233369 2
255932 0
050726 0
174777 0
019350 0
242798 0
264290 0
116878 0
059474 0
082238 0
100940 0
076252 0
268679 0
270200 0
278384 0
061726 0
078713 0
000551 0
259155 0
131030 0
232998 0
109128 0
071782 0
168181 0
120236 0
075640 0
166854 0
239549 0
251497 0
278709 0
061562 0
085265 0
244767 0
006227 0
143534 0
228822 2
031366 0
281864 0
047705 0
086378 0
091864 0
027459 0
029620 0
239369 0
025238 0
088743 0
003228 0
008519 0
284297 0
242376 0
006004 0
231724 0
071695 0
111567 0
225295 0
067152 0
051489 0
071157 0
232666 0
085023 0
170009 0
241778 0
082792 0
253903 0
091684 0
235877 0
068752 0
015422 0
225273 0
065390 0
236520 0
067061 0
239347 0
060323 0
081709 0
225238 0
030307 0
118094 0
086377 0
123356 0
161073 0
000881 0
281842 0
095506 0
238801 0
208656 0
199998 0
059874 0
036390 0
078300 0
232458 0
218000 0
081504 1
086600 0
243495 0
244101 0
082458 0
134777 0
198974 0
182132 0
175191 0
009358 0
124114 0
014112 0
166113 0
174480 0
241476 0
211773 1
175284 0
211745 1
066748 0
170221 0
025716 0
023161 0
068579 0
228836 0
239553 0
089738 0
167683 0
257380 0
226537 0
104330 0
114937 0
240006 0
160113 0
265325 0
288636 0
220653 0
177664 0
107949 0
241737 1
244768 0
134044 0
199863 0
241735 0
080971 0
241924 0
257156 0
170004 0
242638 0
120393 0
253924 0
242797 0
189247 0
059595 0
108962 0
031580 0
091699 0
243856 0
244774 0
081701 0
241815 0
086791 0
029847 0
066144 0
118920 0
091517 0
155218 0
197955 0
093063 0
056941 0
087404 0
253710 0
170222 0
207905 0
069417 0
087248 0
197492 0
233469 0
176744 0
211411 0
270206 0
242497 0
186262 0
239735 0
036101 0
078210 0
223297 0
005794 0
061527 0
104868 0
004067 0
030165 0
213661 0
058137 0
265316 0
120404 0
083149 0
244398 0
210692 0
135034 0
184006 0
029619 0
236395 0
066039 0
222009 0
029369 0
027517 0
126968 0
244087 0
038467 0
238295 0
095447 0
009441 0
005584 0
154708 0
078410 0
006172 0
234617 0
272466 0
086310 0
232651 0
238378 0
030306 0
237032 0
242780 0
074442 0
272782 0
227148 0
143218 0
242556 0
143918 0
010929 0
226564 0
058878 0
209298 0
243842 0
097142 0
011839 0
233012 0
003416 0
225082 0
003705 0
181194 0
271459 0
118909 0
238961 0
250279 0
168579 0
071363 0
231712 0
175158 0
251195 0
286138 0
041672 0
087344 0
232291 0
148803 0
087459 0
170304 0
150013 0
071888 0
221992 0
271946 0
037449 0
079498 0
166782 0
232413 0
175235 0
081122 0
025299 0
160614 0
142440 0
260366 0
236416 0
078172 0
260254 0
253608 0
238628 0
114032 0
052689 0
063204 0
253958 0
018206 0
088428 0
027468 0
143209 0
114208 0
111644 0
171050 0
167538 0
077672 0
223375 0
169472 0
013299 0
253828 0
288716 0
176742 0
051871 0
174669 1
147531 0
242783 0
174664 1
094895 0
152212 0
089707 0
270523 0
050044 0
086691 0
265402 0
251205 0
069474 0
064622 0
010572 0
121648 0
003419 0
239348 0
237739 0
169473 0
150112 0
272775 0
164663 0
056748 0
091700 0
239683 0
251733 0
087777 0
177666 0
068103 0
091414 0
174665 0
233468 0
226844 0
236629 0
