003980 1
003861 1
136491 1
136680 1
136661 1
135937 1
137259 1
136881 1
135900 1
135747 1
135752 1
135767 1
135759 1
135809 1
135818 1
135791 1
135867 1
135858 1
135926 1
135780 1
136675 1
135827 1
136883 1
135797 1
135855 1
135732 1
135738 1
136614 1
135886 1
135830 1
135750 1
135761 1
135763 1
135765 1
135916 1
135869 1
135787 1
135953 1
137023 1
135942 1
135879 1
135771 1
135906 1
135744 1
135839 1
135935 1
135728 1
135795 1
135726 1
135890 1
135754 1
135783 1
136801 1
135932 1
135848 1
135724 1
135955 1
135742 1
135957 1
135776 1
135835 1
135785 1
135939 1
135837 1
135914 1
136778 1
136793 1
135799 1
135734 1
135802 1
136381 1
135793 1
135769 1
135736 1
136591 1
135824 1
135778 1
136541 1
135924 1
136477 1
135774 1
135730 1
135861 1
003944 1
136701 1
135852 1
136873 1
135911 1
135757 1
003852 1
003959 1
003849 1
003842 1
003859 1
003976 1
136404 1
003846 1
136545 1
136468 1
136423 1
136400 1
136685 1
136695 1
136425 1
136503 1
136551 1
136629 1
135873 1
136580 1
137051 1
136582 1
136664 1
136396 1
136505 1
136441 1
136419 1
136493 1
136409 1
136547 1
136499 1
136501 1
136466 1
136430 1
136394 1
136644 1
136605 1
137153 1
136507 1
136595 1
136561 1
136586 1
006101 1
136391 1
136398 1
136388 1
136576 1
136775 1
136474 1
136464 1
136593 1
135740 1
136496 1
136578 1
136450 1
136470 1
136386 1
136617 1
136383 1
136414 1
137141 1
136435 1
136608 1
136610 1
136691 1
003962 1
003893 1
136378 1
135951 1
136351 1
003914 1
137197 1
136722 1
005891 1
003896 1
135508 1
135716 1
135865 1
135673 1
135495 1
136009 1
135489 1
135497 1
135504 1
135506 1
135479 1
135493 1
135502 1
135491 1
135875 1
003935 1
003865 1
003874 1
005875 1
136238 1
003882 1
003894 1
005967 1
003880 1
003870 1
004023 1
003868 1
003884 1
003895 1
003860 1
003966 1
003877 1
006059 1
137094 1
004015 1
004063 1
005931 2
003977 1
005915 1
005894 1
003951 1
004055 1
003851 1
136157 1
003994 1
003941 1
003955 1
003979 1
004001 1
004045 1
006008 1
136692 1
136836 0
003878 1
003899 1
004049 1
136640 1
136811 1
136673 1
003924 2
003995 1
006131 1
003971 1
004057 1
003853 1
003850 1
003890 1
006014 1
003879 1
136267 1
005979 1
135753 1
135938 1
135826 1
135777 1
135860 1
135790 1
135746 1
136674 1
135751 1
135950 1
135885 1
135735 1
137258 1
136403 1
135733 1
136350 1
135874 1
135749 1
135758 1
135868 1
135766 0
135768 1
137744 1
137646 1
136672 1
136607 0
136387 1
003654 0
137630 0
136585 1
135931 1
135492 0
136382 1
135760 1
138141 1
136660 1
226201 0
138014 1
135872 1
135882 1
136490 1
138144 1
138146 1
135823 1
138121 1
136700 1
136616 0
138330 1
138178 1
138180 1
138224 1
137869 0
138622 1
138274 1
136613 1
136592 1
138106 1
138123 1
138150 1
137765 1
136639 1
137612 1
136397 0
136792 1
138239 1
137786 1
135854 1
135801 1
138148 1
136690 1
138119 1
135756 1
135934 1
137961 1
136145 1
138825 1
014118 1
137839 1
137841 1
138108 1
137847 1
137701 1
138182 1
137985 1
138170 1
137739 1
135851 1
137815 1
138120 1
137888 1
138234 1
137805 1
137964 1
137617 1
137924 1
138827 1
137703 1
136167 1
135739 1
136149 1
136774 1
137704 1
138142 1
135838 1
137857 1
136777 1
138240 1
138131 1
137663 1
138156 1
138015 1
138109 1
137986 1
138149 1
137840 1
138181 1
137787 1
138228 1
003657 0
135741 1
137613 1
137965 1
137618 1
137858 1
137889 1
137842 1
138183 1
138828 1
137925 1
137702 1
138039 1
137880 1
138133 1
137654 1
137657 1
137740 1
138151 1
138107 1
137848 1
137749 1
138826 1
137882 1
137720 1
137929 1
137766 1
137742 1
137816 1
137806 1
138235 1
138122 1
137745 1
137962 1
138171 1
138033 1
137634 1
137928 0
138147 1
138157 1
136469 0
137699 1
138145 1
138331 1
137820 1
138229 1
138132 1
138623 1
138271 1
137647 1
138621 1
137959 1
137665 1
138822 1
138225 1
138134 1
138273 1
137685 1
137874 1
138179 1
138217 1
138275 1
138388 1
138936 1
137675 1
137674 1
138384 1
138672 1
138215 1
138223 1
140932 1
138136 1
138205 1
137876 1
138280 1
137828 1
137671 1
137878 1
137935 1
137933 1
137894 1
138128 1
135878 1
138196 1
138124 1
138118 1
138219 1
138130 1
138165 1
137737 1
138161 1
137682 1
137706 1
137661 1
137931 1
138720 1
137777 1
138579 1
138266 1
138677 1
138346 1
136546 0
138581 1
138102 1
137741 1
138189 1
138500 1
137659 1
138199 1
138203 1
138111 1
137735 1
137980 1
137695 1
004047 1
137775 1
137716 1
006416 1
137785 1
138169 1
137814 1
138135 1
137679 1
137697 1
138233 1
137688 1
137677 1
138648 1
137884 1
137712 1
138523 1
137642 1
138177 1
137904 1
137631 1
137693 1
137990 1
138202 1
137844 1
138168 1
138210 1
138464 1
137824 1
138163 1
137762 1
138216 1
138318 1
138113 1
138153 1
138185 1
138173 1
137846 1
137789 1
138127 1
137943 1
138035 1
138246 1
138070 1
137645 1
138466 1
138258 1
137667 1
138213 1
137826 1
140084 1
137731 1
138303 1
137729 1
140086 1
137852 1
138256 1
138207 1
137727 1
137637 1
138221 1
138278 1
138027 1
137850 1
138099 1
138380 1
137864 1
137649 1
137900 1
138138 1
137870 1
138012 1
138470 1
138361 1
137691 1
138129 1
137837 1
138260 1
137747 1
138262 1
138264 1
138029 1
138201 1
138356 1
138159 1
137669 1
137854 1
138295 1
138353 1
137599 1
137600 1
136158 1
137602 1
137784 1
137715 1
137653 0
137694 1
137989 1
135923 0
137827 0
137788 1
135784 1
135723 1
136449 0
138232 1
003916 1
138184 1
138302 1
005989 1
006100 0
137673 1
138360 0
136109 1
138255 1
137748 0
003872 1
137930 0
003952 0
003889 1
135773 1
021103 0
138245 1
003866 1
138465 1
137666 1
136121 1
138509 1
138548 1
137845 1
137843 1
137761 1
005906 1
154643 1
135969 1
003883 1
138200 1
138379 1
135970 1
135836 0
138352 1
138101 0
136540 1
137664 0
005945 1
138164 1
058035 1
070578 0
137875 0
003907 1
003876 1
136389 0
137658 1
137644 1
138028 0
138294 1
008631 1
003969 1
025986 0
004094 1
138011 1
137670 1
137932 0
135779 1
005948 1
138038 0
003888 1
003891 1
003975 1
005852 1
138220 1
137877 0
003659 1
006314 1
135501 0
136385 0
138277 1
137681 1
209047 0
272460 0
003913 1
135910 1
137705 1
138222 0
180766 1
138175 1
138174 1
005904 1
136203 1
005848 1
137711 1
138912 0
180763 0
087216 0
138034 1
003900 1
004024 1
137005 1
137849 1
135913 1
006127 2
004077 1
245459 0
137733 1
025439 0
136201 1
033009 0
075034 0
136231 1
027813 0
136161 1
137019 1
136315 1
138727 1
138800 1
136321 1
138671 0
003719 0
141040 1
137053 1
137054 1
136105 1
008463 1
137063 1
135743 1
136200 1
138647 1
136131 1
004037 0
137648 1
138373 1
138448 1
138092 1
138078 1
135808 1
138578 0
066802 0
136590 0
136594 1
008436 1
103751 0
141374 1
141386 1
141211 1
141370 1
141367 1
116583 0
166442 0
003767 0
136550 0
139851 1
139835 1
003885 1
009886 0
003754 0
025895 0
226197 0
139832 1
135762 0
137726 1
139785 1
137879 0
136212 1
139809 0
162848 0
069233 0
016026 0
223391 0
135488 1
078687 0
225620 0
138620 0
136259 0
135817 0
135731 0
137050 0
137719 0
137696 0
217176 0
136471 1
135672 0
138198 0
003656 0
135775 1
173895 0
136628 0
136483 0
204653 0
276747 1
135899 0
025602 0
173852 0
135494 1
135478 1
141640 0
139783 0
135952 1
137881 0
136008 1
152669 0
117180 0
176393 0
138383 0
135864 0
135490 1
136198 1
135727 1
138112 0
173060 0
137668 0
135715 0
222886 0
137822 1
136129 1
006247 1
137140 0
077370 0
137934 0
136575 0
006494 1
162849 0
252712 0
136694 0
187227 0
005889 1
015996 0
136420 1
011211 0
136839 0
136122 1
121141 0
037348 0
135866 0
138227 0
136101 1
136544 0
084314 0
135792 1
066749 0
135956 1
222102 0
148718 0
116495 0
037960 0
004040 0
138761 0
135737 0
136684 0
136434 0
137662 0
138214 0
131896 0
016260 0
025591 0
004992 0
137734 0
126828 0
077354 0
136408 0
080119 1
135764 0
205499 0
180468 0
080112 1
027772 0
136399 0
079933 0
166290 0
226358 0
137656 0
225446 0
135796 0
138158 0
012205 0
135834 0
027654 0
011081 1
117309 0
047705 0
135889 0
000699 0
012896 0
165904 0
188876 0
138676 0
136579 0
274131 0
142981 0
028709 0
050185 0
138032 0
040661 0
223115 0
136498 0
136504 0
048887 0
084300 0
254940 0
222888 0
162845 0
137633 0
138265 0
138218 0
066587 0
212375 0
078158 0
135794 0
136476 0
135729 0
078680 0
238872 0
136393 0
136211 0
051167 0
275537 0
138916 0
037130 0
279296 0
138387 0
140097 1
140426 0
102406 0
138935 0
182992 0
136465 0
160565 0
214346 0
165919 0
173734 0
003937 1
200972 0
218249 0
201236 0
137577 0
270602 0
004000 1
138026 0
136217 1
137836 0
153230 0
135782 0
078623 0
117191 0
137774 0
057861 0
222737 0
162844 0
136424 0
037946 0
066524 0
135798 0
136502 0
223107 0
138821 0
003307 0
050550 0
225991 0
135829 0
254927 0
079695 0
276982 0
136880 0
143010 0
071912 0
137819 0
050791 0
012942 0
139784 0
015907 0
137873 0
140931 0
136500 0
176401 0
165759 0
135936 0
003915 1
165926 0
207347 0
138251 0
138098 0
030272 0
136581 0
135881 1
120580 0
125677 0
135925 0
075708 0
264137 0
037961 0
135505 0
003175 0
050964 0
033495 0
117303 0
219493 0
118138 0
210836 0
079911 0
134903 0
037677 0
010747 0
138279 0
136196 0
118210 0
105085 0
222523 0
003645 0
051232 0
005865 0
165762 0
027085 0
027631 0
003843 0
075424 0
207401 0
135954 0
138259 0
003662 0
138355 0
135905 0
136413 0
038167 0
004044 1
067438 0
136643 0
077374 0
146422 0
137958 0
048232 0
015734 1
019114 0
159253 0
135857 0
169842 0
016455 0
008867 0
209797 0
266717 0
023162 0
242983 0
003660 0
253435 0
127542 0
135786 0
149071 0
166019 0
153112 0
166020 0
165911 0
003014 0
046141 0
136492 0
276746 0
179932 0
037144 0
138110 0
136882 0
136609 0
201535 0
094267 0
027800 0
137152 0
222510 0
011228 0
204681 0
136395 0
162843 0
137684 1
079275 0
135770 0
015058 0
136422 0
137676 0
136380 0
033594 0
225422 0
274275 0
030870 0
246986 0
013627 0
064832 0
124162 0
079891 0
025276 0
137022 0
167093 0
011210 0
138195 0
046923 0
213120 0
172135 0
077709 0
222371 0
136440 0
111737 0
138925 0
186236 0
138580 0
250971 0
052368 0
143497 0
136467 0
047416 0
210330 0
136139 0
032603 0
135507 0
137736 0
135496 0
130405 0
222209 0
047495 0
037372 0
027807 0
216875 0
117476 0
136800 0
157451 0
246710 0
211507 0
136506 0
152155 0
002405 0
196417 0
009777 0
136663 0
003939 0
115212 0
225449 0
135725 0
055704 0
025978 0
013601 0
138137 0
166247 0
136355 1
136845 0
186385 0
138069 0
127545 0
136560 0
153106 0
155130 0
137322 0
274035 0
059540 0
135847 0
116500 0
121978 0
023377 0
284951 0
229918 0
136917 0
137853 0
229950 0
238415 0
217303 0
075707 0
205997 0
136463 0
239324 0
118257 0
000427 0
274068 0
026010 0
138155 0
135503 0
137942 0
288957 0
145887 0
287688 0
023158 1
087551 0
138719 0
049821 0
138750 0
138167 0
023477 0
137687 0
023203 0
136604 0
137698 0
136390 0
023220 0
245447 0
020501 0
260619 0
212451 0
112562 0
003254 1
136908 0
136495 0
154992 0
136577 0
162643 0
003875 0
138888 0
143019 0
079491 0
138261 0
023470 0
027773 0
221354 0
003301 0
274181 0
216123 0
117308 0
136418 0
138412 0
072271 0
134815 0
110189 0
135915 0
006648 0
137678 1
116496 0
166306 0
007382 0
023246 0
079873 0
045293 0
218746 0
165927 0
000336 0
267617 0
027682 0
086354 0
289049 0
006411 0
138463 0
112580 0
137728 0
139637 0
031929 0
183332 0
025268 0
006496 0
207267 0
011048 0
137883 0
020497 0
116697 0
089928 0
158238 0
116279 0
003345 0
268262 0
051278 0
138499 0
137692 0
075992 0
192796 0
276734 0
217701 0
041715 0
138204 0
114952 0
274669 0
013184 0
137660 0
167094 0
143511 0
116309 0
136295 0
257030 0
006598 0
138160 1
138117 0
125671 0
282720 0
023163 0
003658 0
043956 0
221523 0
137893 0
165760 0
126726 0
221962 0
138188 0
134874 0
284970 0
038728 0
075957 0
138959 0
013672 0
166063 0
004060 0
139850 0
138272 0
138152 0
013785 0
215473 0
188877 0
119511 0
006629 0
075190 0
136473 0
117736 0
166445 0
123987 0
225416 0
138162 0
009904 0
111788 0
027808 0
136429 0
046089 0
048149 0
069182 0
199467 0
135904 0
167364 0
225745 0
139354 0
024729 0
274811 0
037711 0
169843 0
137746 0
219642 0
222350 0
145352 0
005754 0
023475 0
139781 0
138745 0
138209 0
144468 0
135720 0
010811 1
135234 0
222983 0
115664 0
224873 0
227655 0
115036 0
182553 0
137776 0
120374 0
006606 0
136079 0
084302 0
135941 0
117593 0
087185 0
219587 0
117136 0
146296 0
022204 0
080368 0
236514 0
206397 0
115099 0
228024 0
223470 0
197579 0
105444 0
166307 0
071809 0
207390 0
148638 0
274039 0
071920 0
020499 0
274931 0
115031 0
241778 0
138263 0
136618 0
005992 0
082974 0
038021 0
079818 0
126289 0
134854 0
232240 0
134863 0
035093 0
040562 0
287389 0
134925 0
079880 0
166399 0
151848 0
162066 0
117234 0
163998 0
280005 0
154259 0
224192 0
078441 0
037712 0
138172 0
016316 0
049066 0
208795 0
214285 0
009518 0
006415 0
138568 0
229573 0
054870 0
151210 0
016348 0
138345 0
138270 0
215329 0
163089 0
282443 0
210377 0
135912 0
145351 0
137730 0
045374 0
054374 0
127020 0
046744 0
139788 0
003309 0
012866 0
020500 0
027542 0
139942 0
086255 0
037710 0
135441 0
117345 0
037686 0
150678 0
087067 0
206722 0
166400 0
144535 0
227784 0
255187 0
121979 0
126986 0
079750 0
038246 0
054118 0
080665 0
201129 0
254943 0
071651 0
120333 0
271147 0
254957 0
013920 0
010649 0
151313 0
125667 0
116374 0
036694 0
126291 0
011139 0
137813 0
217498 0
048270 0
175776 0
223549 0
152159 0
013102 0
046452 0
203906 0
138469 0
217546 0
195965 0
217445 0
207788 0
135896 0
222308 0
027610 0
223527 0
006617 0
064929 0
176335 0
044817 0
224868 0
137825 0
003597 0
136252 0
014008 0
102355 0
075685 0
022684 0
027179 0
270683 0
271027 0
134723 0
273786 0
089897 0
108414 0
274564 0
140780 0
137690 0
137641 0
222539 0
270458 0
079772 0
138927 0
242555 0
079862 0
222336 0
251027 0
117624 0
138206 0
048449 0
282527 0
055653 0
005990 0
166910 0
138176 0
287406 0
013359 0
027887 0
138212 0
182550 0
140085 0
043527 0
228011 0
137903 0
039111 0
224283 0
116103 0
209150 0
197429 0
136233 0
069207 0
006019 0
038039 0
023244 0
272820 0
135710 0
