229351 1
229356 1
229358 1
234490 1
231388 1
233919 1
234119 1
227946 2
234388 1
234389 2
231229 1
231233 1
231243 1
231230 1
231234 1
231244 1
231228 2
231232 2
231242 2
228972 2
229194 2
229047 2
229357 2
229359 2
229021 0
231283 2
231286 2
231313 2
231307 2
231271 2
231272 2
231255 1
231302 2
231411 1
231424 2
231409 1
136485 0
231609 1
017844 2
242928 2
242982 1
242922 1
242910 1
239745 0
242895 2
196600 1
196314 1
196586 1
196598 1
136512 0
229352 2
234390 2
256312 2
256301 1
194720 1
194722 1
231119 1
231112 1
229361 2
229424 2
231120 1
231148 2
221595 2
229310 2
221631 2
208778 0
234086 1
221636 2
221682 2
234012 1
234087 2
234052 2
229516 2
142218 0
229531 1
229179 2
229238 2
229241 1
229439 1
229548 2
136301 1
136299 1
136326 1
239253 0
136208 0
220444 0
143206 0
229289 0
263117 0
239329 0
241105 0
226654 0
229207 2
289099 0
235168 0
229011 2
239800 0
158734 1
191448 1
191439 1
191054 1
196315 1
196587 1
196599 1
196601 1
191053 1
161987 0
170262 1
170559 2
224521 0
169215 0
170739 2
170776 1
170767 2
170765 2
233952 1
233944 1
195958 0
099743 0
196537 0
155637 0
206940 0
009330 0
154622 0
124973 0
265451 0
267532 0
221680 2
150115 0
121913 0
196036 0
229423 1
143601 0
221681 2
221594 1
221630 2
221635 2
093237 0
227223 0
222154 0
272957 0
156643 0
024216 0
136293 0
284870 0
220435 0
207182 0
265266 0
008674 0
229255 0
015689 0
147475 0
222163 0
197156 0
208779 0
155631 0
228693 0
161991 0
273053 0
224832 0
239330 0
211929 0
286583 0
227212 0
239739 0
196536 1
013127 0
007800 0
142221 0
238924 0
269447 0
143744 0
155615 0
231433 0
235780 0
196538 0
056998 0
121806 0
236007 0
087241 0
099712 0
083140 0
221703 0
289101 0
102223 0
239323 0
186041 0
028686 0
137372 0
070952 0
156658 0
192008 0
229148 0
159994 0
171708 0
010247 0
251280 0
289100 0
190276 0
096031 0
202410 0
288119 0
009546 0
195204 0
269539 0
235785 0
196516 0
078643 0
195762 0
232838 0
044546 0
200193 0
155765 0
222240 1
211931 0
231504 1
231431 0
225613 0
005842 0
265272 0
228533 0
228719 0
143220 0
230946 0
235166 0
231304 0
239322 0
234726 0
230805 0
121995 0
064890 0
224895 0
231382 0
240121 1
234297 0
067406 0
171674 0
158090 0
241100 0
197251 0
229074 1
251284 0
236387 0
244621 0
196477 0
179323 0
273998 0
188291 0
054320 0
198601 0
143643 0
