226419 1
202309 1
199662 1
199768 1
211355 1
201723 1
201733 2
253060 1
207523 2
191960 1
191952 1
192027 1
233435 2
141618 0
199799 1
199800 1
242624 2
240501 2
199644 0
210978 1
225400 2
229632 2
196270 2
258244 1
152740 0
257917 2
275029 2
256433 0
258502 2
275040 2
211988 0
275063 2
269513 0
242947 2
243224 1
115184 0
229701 2
243208 1
250887 2
229964 2
229876 2
234372 2
243497 1
287168 2
258373 2
258357 2
244136 1
244143 1
243496 1
287669 2
234371 2
243401 1
243402 1
243811 1
250338 1
250339 1
243818 1
243528 0
243857 1
243780 1
243779 1
243862 1
256551 1
243559 1
243558 1
243843 1
243834 1
244363 1
244341 1
183845 2
256770 2
183853 1
256767 2
208546 2
202237 1
202384 1
202398 0
244732 0
282164 2
243826 0
271663 2
251938 0
271664 2
261392 0
275249 0
187602 2
206808 1
201638 1
108832 1
200003 1
199967 1
108880 1
108911 1
108912 1
109176 1
109210 1
109198 1
015242 0
202262 1
184706 1
201964 1
201963 1
201958 1
184695 2
210803 2
210735 2
207193 1
255936 1
256022 1
256099 1
222259 0
203074 0
205796 2
206995 1
206423 2
206434 2
202794 1
208579 1
080223 2
202344 1
210756 1
201756 1
216167 1
256403 0
243186 1
210965 2
210748 2
253501 2
202796 0
255060 1
184747 1
204245 1
254881 0
025484 0
253557 2
208051 1
197534 1
253570 2
253575 2
253602 2
253600 2
253675 2
253701 2
197450 1
197440 1
257343 1
253354 2
244471 2
257243 1
257272 1
253425 2
253449 2
128627 1
253502 2
128478 1
244451 2
253558 2
253571 2
253576 2
228781 1
228910 1
098618 0
205619 0
203070 0
017574 2
201815 1
203076 2
203072 2
101493 1
227462 1
227546 0
252372 0
155811 1
019075 1
265042 1
199789 0
201813 1
199226 1
199222 1
199153 1
199154 1
136116 0
199156 1
226922 1
199160 1
067839 1
067843 1
253569 0
244261 2
244353 2
067812 1
001554 1
244423 1
244426 2
244365 1
244436 2
244366 1
244367 1
080833 1
113760 0
206698 2
206720 2
206709 2
254637 1
080961 1
186283 0
029303 0
262867 1
206885 2
244425 2
224535 2
262872 1
064349 1
257421 0
146539 2
237379 2
237336 2
237378 0
258430 0
228782 1
243812 0
208975 1
195764 0
228911 1
256173 0
070171 2
208007 1
234290 1
103344 2
208018 0
234289 0
070147 2
103320 2
070150 2
262174 0
103323 2
202633 0
274359 0
281992 0
263682 0
244435 0
197170 0
209712 0
206797 1
207204 1
090687 0
238027 0
201516 0
202689 1
209030 1
123878 0
256434 0
127751 0
152484 0
186569 0
210877 0
235994 0
243561 0
199483 1
199482 1
199458 1
199558 1
257428 0
199502 1
190565 0
032000 1
031977 1
255270 0
200471 0
230075 1
255691 0
208029 1
226161 1
226164 0
160194 0
282970 0
188960 0
208997 1
190527 0
230124 0
261667 0
194468 0
086685 0
261447 0
256345 0
199236 0
057897 0
224627 0
208986 0
187674 0
226559 0
253574 1
288705 0
124467 0
241117 0
240550 0
132183 0
217258 0
208414 1
256432 0
244502 1
208678 1
229135 0
275809 0
240791 0
028839 0
163765 0
141604 0
165336 0
197176 0
145487 0
202963 0
254225 1
254170 1
254169 1
254165 1
254186 1
258440 0
088010 1
192326 0
201852 0
261530 0
153111 0
203057 0
264159 0
275543 0
224976 0
250646 0
139406 0
281926 0
256168 0
287867 0
207754 0
276412 0
229871 1
283607 0
229824 0
276132 0
253926 0
209911 0
208535 0
285761 0
252426 0
006558 0
210885 0
233644 0
229820 0
176461 0
265927 0
215600 0
025686 0
030165 0
261671 0
202470 0
229250 0
252331 0
226845 0
269452 0
094059 0
148897 0
275814 0
202795 0
215603 0
163117 0
033087 0
190683 0
226560 0
187662 0
229269 0
152471 0
153174 0
228727 0
193752 0
261453 0
274400 0
274418 0
261580 0
242101 0
283605 0
193521 0
265152 0
239616 2
239624 0
255589 0
010964 0
079430 0
157664 0
253995 0
112197 0
221278 0
278360 0
023279 0
199251 0
124950 0
202334 1
202363 2
277026 0
235280 0
230706 0
242472 0
229279 0
266408 0
233652 0
267709 0
275521 0
196187 0
264160 0
076977 0
257903 0
115627 0
234399 0
256783 1
210852 0
256772 0
194441 0
256803 0
203050 0
196161 0
258925 0
200523 0
222775 0
262863 0
278452 0
256816 0
267467 0
251950 0
025463 0
287283 0
262330 0
240836 0
119306 0
048852 0
275199 0
153788 0
288706 0
243832 0
232856 0
160173 0
204211 0
193849 0
097597 0
270363 0
238226 0
287864 0
206541 0
133558 0
257456 0
215608 1
244985 0
215611 0
215569 0
241077 0
001174 0
262783 0
230040 0
215605 0
284672 0
277268 0
124470 0
260615 0
261575 0
226626 0
226867 0
270407 0
262084 0
165298 0
265658 0
068174 0
000512 0
124617 0
253780 0
243261 0
075590 0
115188 0
163167 0
226411 0
244083 0
047705 0
243756 0
263740 0
147737 0
282863 0
263679 0
127390 0
252233 0
262900 0
283395 0
220390 0
196217 0
195561 0
193517 0
225367 0
223113 0
242531 0
238429 0
209668 0
233928 0
224398 0
025431 0
255115 0
269783 0
164499 0
009663 0
030168 0
215613 0
065960 0
