038793 1
046428 2
002426 1
079635 1
074739 0
044282 0
112106 1
113419 1
199083 1
126332 0
113309 1
113324 1
114502 1
114495 1
113123 1
113378 1
113369 1
113477 1
113317 1
113380 1
113374 1
113277 1
113489 1
113475 1
113485 1
113455 1
113399 1
025494 2
113693 1
113688 1
113439 1
113441 1
113942 1
113496 1
113502 1
045228 2
045229 2
113936 1
044676 2
045230 2
045236 2
044604 2
044608 2
046039 2
046162 2
038800 1
113355 1
113975 1
113973 1
113708 1
113777 1
113765 1
113702 1
007875 1
113388 1
114938 1
113440 1
025505 1
113390 1
113769 1
113438 1
191745 0
113527 1
113030 0
113768 1
259182 1
113518 1
113405 1
113510 1
113401 1
113407 1
262577 1
131217 0
111584 1
113505 1
004351 0
113480 1
113470 1
114260 1
114254 1
113311 1
113326 1
113403 1
207265 0
114950 0
113781 1
079668 0
113782 1
041854 0
113444 1
113413 1
264157 1
113778 2
113571 1
113566 1
040866 0
113723 1
076244 0
113720 1
072187 0
196069 1
016545 1
113434 1
113433 1
080076 0
199467 0
268873 0
113460 1
015734 0
113362 1
075430 0
113359 1
113511 1
075854 0
113504 1
043000 0
127162 0
277036 0
113360 1
025404 0
075568 0
153363 2
220745 0
153365 2
002288 2
045135 0
268861 0
113531 1
162266 0
078685 0
177252 2
113673 1
109115 0
126659 0
159937 0
085756 2
038024 0
113525 1
113516 1
113356 1
085776 2
076196 0
114215 1
114111 1
159415 0
247994 0
123139 0
075643 0
005788 0
014340 0
081165 0
173382 1
162893 0
022409 0
111541 1
113322 0
015136 1
119032 0
114947 1
003000 0
114945 2
118942 0
111610 0
092113 0
074826 0
127184 0
274812 0
170190 0
158345 0
114735 0
148452 0
043310 0
150078 0
114966 0
003719 0
118898 0
123262 0
113819 0
114949 0
158107 0
078804 0
126263 2
126271 1
126257 1
126253 2
126222 1
022301 0
080136 0
040762 0
078903 0
074933 0
017781 0
109132 0
034679 0
191731 0
074622 0
193410 0
005092 0
159563 0
274317 0
069843 0
033009 0
075392 0
025152 0
078378 0
074829 0
222891 1
101894 0
113526 1
113517 1
161066 0
113545 1
114410 1
115515 1
115518 0
088576 0
113431 1
113430 1
115525 0
171672 0
114976 1
138922 0
116260 1
116915 1
000265 0
113471 0
274321 0
130720 1
118899 0
007813 0
014659 0
038033 0
150025 0
009933 0
257817 0
134626 0
133748 0
114944 0
052048 0
075515 0
159754 0
105359 0
069859 0
158252 0
101842 0
138617 0
074911 0
090964 0
118904 0
116284 0
212600 0
081333 0
119081 0
075268 0
051989 0
117246 1
114019 0
043380 0
122206 0
113514 0
212840 0
148455 0
121229 0
018271 0
208442 0
233055 0
175679 0
006712 0
078361 0
006744 0
099161 0
136220 0
133005 0
126811 0
287406 0
012260 0
062389 0
005121 1
119527 1
078926 0
109490 0
117716 0
075348 0
068451 0
122425 0
021994 0
113347 0
077404 0
242658 0
075015 0
000342 0
222377 0
199238 0
202689 0
