158922 2
006786 2
120466 2
005342 2
119850 2
006780 2
120462 2
119846 2
006785 0
006783 2
120463 2
006784 0
026641 2
026347 2
077410 2
082642 2
077760 2
075820 2
076153 2
075778 2
075784 2
178752 1
178713 1
178696 1
178615 1
178592 1
002204 2
075040 1
224867 1
224875 1
224876 1
155971 2
027150 2
079078 2
069102 1
102275 1
076286 2
076304 2
076403 2
232859 1
232864 1
117225 1
273696 0
110114 2
110373 2
082151 2
075479 2
141615 0
076898 0
284679 1
284680 1
165077 0
033090 2
002461 0
224226 1
011219 2
144752 2
144806 2
000428 2
111120 0
165086 1
165084 1
285292 0
096720 0
018228 2
128947 2
003289 0
164990 2
165079 2
159895 1
165140 2
159880 1
159881 1
165121 2
159870 2
165105 2
159866 2
159857 2
039338 0
207853 1
222792 0
019066 2
112565 2
112584 2
107948 2
107959 2
108052 2
011047 2
160977 2
161029 2
161033 2
194880 0
015206 2
125541 2
206863 0
003986 2
230775 2
220481 2
207954 0
220479 2
217696 0
109845 0
029250 0
127156 0
158965 0
239253 0
275892 2
275932 2
153493 2
153518 0
226451 0
258684 0
190903 0
052946 2
255360 0
113824 0
096724 2
005745 0
129828 0
221962 0
120465 0
059529 1
059651 0
059686 0
006603 0
013171 0
034150 2
018931 0
081075 1
081045 1
081072 1
285286 0
032484 0
081109 0
201650 0
075342 1
012260 0
230206 0
059197 0
080788 2
000265 2
080660 0
081090 0
130656 0
233901 0
130677 0
059523 0
120464 0
230832 0
273700 0
057097 0
076791 0
206665 0
153530 0
120359 0
014277 0
070644 0
188714 0
012942 0
006951 0
065841 0
194881 0
148809 0
267623 1
267620 0
138888 0
092013 0
233912 0
081289 0
045418 0
005639 0
064676 0
229666 0
012859 0
120358 0
024295 0
269910 0
230825 0
236700 0
027805 0
046905 0
258700 0
046420 0
139571 0
230104 0
028640 0
025404 0
178593 0
076989 0
023054 0
129711 2
129708 2
131745 2
129675 2
129700 2
129689 2
120592 0
062184 0
270146 0
131914 0
021615 0
138939 0
198749 0
190449 0
061066 0
032501 0
020053 0
133083 0
192453 1
192015 0
025311 0
247692 0
289330 0
027779 0
086693 0
115009 0
107817 0
039553 0
190461 0
158971 0
003924 0
154598 0
209668 0
020380 0
155245 0
146033 0
233914 0
194841 0
139756 0
076984 0
022291 0
193616 0
140117 0
011513 0
223272 0
