064578 0
086457 0
050307 2
033382 2
047277 2
050457 2
087573 2
063986 0
087617 0
080529 2
085197 2
087912 2
273177 0
085195 2
066406 2
085188 2
076262 2
087883 2
088975 0
085127 0
085893 2
086195 2
086247 2
086281 2
064277 2
083085 2
085327 2
085454 0
083126 2
083141 2
081228 2
081202 2
075088 2
063150 2
075260 2
075542 2
085857 2
093167 0
084146 2
089741 2
085072 2
089730 1
064073 0
096160 2
092873 0
096120 2
092787 0
092177 2
092043 2
042342 2
032387 2
089725 1
092103 2
086269 0
032418 2
079292 2
262917 2
092784 0
041685 0
049475 2
049397 2
096414 2
024555 2
087470 1
080176 2
024498 2
259301 2
087960 2
087808 2
067594 2
087812 2
083324 2
050451 2
087961 2
050023 2
050469 2
020205 2
097366 2
111811 2
144206 2
273302 2
257215 2
097289 2
097433 2
050070 2
050306 2
097738 0
084880 2
097807 0
066837 0
117581 0
260392 0
097749 2
257221 2
260387 0
050455 2
144252 2
224352 2
224351 2
087528 2
087556 2
273538 2
273715 0
011051 0
067631 2
023641 2
026021 2
023753 2
259595 2
075350 2
259586 2
023834 0
075221 2
026130 2
067658 0
025985 2
025910 2
079851 2
111760 2
074961 2
034694 2
079856 2
024738 2
074944 2
126182 1
050503 2
025882 2
020981 2
059012 2
144476 1
126196 0
074960 2
087862 2
109558 2
087861 2
087863 2
088646 2
024736 0
060816 2
083398 0
024500 2
051578 0
081520 0
050534 2
051421 2
226250 2
088668 2
260224 0
144507 2
024149 2
025918 2
089846 2
051283 2
092881 0
051284 2
039992 2
024512 2
044865 0
024509 2
048672 0
024777 2
038162 2
036187 2
024704 2
027973 0
038222 2
036297 2
024209 0
042556 0
036089 0
019546 2
041907 1
182519 2
046023 1
087206 0
046005 0
041903 1
090855 0
044095 0
265780 1
081276 0
069506 1
102679 1
260256 0
069829 2
103002 2
030281 2
080838 2
087137 0
069800 2
102973 2
069532 2
102705 2
069422 2
102595 2
069765 2
102938 2
080824 2
033668 0
111631 0
185809 0
090807 0
020220 0
282110 0
088695 0
000370 0
064091 2
112495 2
112499 2
070531 0
070831 0
179719 0
001831 0
016513 0
026282 0
047817 1
010673 0
047799 2
021027 2
021151 2
109347 0
021024 2
020995 1
001436 2
028895 0
088162 0
081856 0
271580 0
111758 0
024491 0
200139 0
249766 0
058765 2
109243 0
128029 0
261086 0
024705 0
087827 2
020447 0
087828 2
087852 0
271858 0
180530 0
110407 0
132772 0
108447 0
020434 0
050824 2
191559 0
050801 0
037485 0
273551 2
190880 0
273611 0
168576 0
129788 0
289679 0
263841 1
258246 0
263890 2
264107 2
024768 0
000379 0
041680 0
126414 1
126448 0
126417 0
099542 0
090880 0
087136 0
159633 0
180637 0
057405 0
274621 0
089687 0
090003 0
005186 1
024794 0
260236 0
092890 0
122907 0
023645 0
102032 2
048344 0
100779 0
100760 0
235845 2
