187227 1
193625 1
169673 1
193621 0
193636 1
193637 1
193638 1
193746 2
169687 2
173852 1
171128 2
169674 2
078716 0
183372 2
256381 2
144269 2
176990 2
123391 2
006838 0
176986 2
176984 2
039138 1
080444 1
222522 0
021587 2
222529 0
249427 1
176981 2
176780 2
007938 2
121351 2
007401 0
176971 2
121978 0
176972 2
176980 2
184311 2
184304 2
011048 2
130899 2
130885 2
130846 2
081232 2
152720 2
192796 2
173419 0
176686 2
176636 2
177013 2
107719 2
177070 2
176649 2
160046 2
279180 2
289368 2
178513 1
011899 2
152824 1
191253 2
066802 2
152851 1
175367 1
160074 2
067093 2
201558 0
191910 0
177912 1
030649 0
089470 2
152833 1
152990 0
066524 2
178322 0
201860 1
180230 0
067099 0
220212 1
130847 2
130886 2
130900 2
218213 2
218222 1
199330 2
199294 1
267911 0
199391 2
155338 2
127090 0
177449 2
242648 0
175614 0
177196 2
210842 2
071706 1
104879 1
123967 2
075042 0
210827 2
210816 2
187344 0
082974 2
173343 2
148562 0
179268 1
255080 1
255056 2
152261 0
255021 0
254963 0
169978 0
230067 0
114210 0
025268 0
182578 0
011314 1
152225 0
060448 0
221504 0
160565 0
019973 2
000882 2
011384 2
124768 0
118773 0
243930 0
000010 0
178101 0
087216 0
228395 0
030620 0
099605 2
153638 0
179479 2
179472 2
215246 0
167607 0
015637 0
052192 0
179799 0
141194 0
199430 0
077709 0
224488 0
024478 0
267709 0
202815 0
161169 0
036312 0
167590 0
182587 1
232780 0
182596 0
151291 2
231942 0
016859 0
151304 2
151379 2
016824 0
102115 1
102079 1
