286272 1
286617 2
286273 1
286285 1
286284 1
097341 2
097347 2
007096 2
259908 2
191743 1
123257 2
259912 2
191730 1
062515 2
283455 0
050290 1
071465 2
104638 2
014728 2
050400 1
028881 1
053689 1
076332 0
020104 0
123149 2
054314 1
099178 2
046800 1
040656 0
283512 0
274466 2
285938 2
037965 0
099213 2
046890 1
191800 2
191846 2
099347 2
126368 2
050557 1
050487 1
029086 1
126369 2
288012 2
054477 1
053149 1
029429 1
050515 1
053147 1
050567 1
178283 1
053972 1
055051 1
053532 1
025164 1
053928 1
053469 1
054363 1
288786 0
260139 1
260123 1
054303 1
048687 1
026004 1
026003 1
053300 1
039289 1
053210 1
261876 1
039287 1
288789 2
054399 0
053211 1
125938 2
029463 1
014790 2
125937 2
025623 1
029466 1
085069 1
027498 1
267034 1
267063 1
004200 1
053180 1
088968 1
046386 1
050595 1
099552 0
082067 1
237814 1
278751 0
046391 1
288787 0
144131 1
079832 1
088863 1
189150 1
278756 0
054255 1
053267 1
009658 2
050674 1
053213 1
054169 1
177436 2
210687 0
054038 1
019356 1
129362 0
053907 1
144144 1
019347 2
050571 1
015427 0
053208 1
269835 1
173708 1
283890 0
053205 1
286158 0
053316 0
053100 1
059432 0
053123 0
054888 0
052810 1
263037 0
053292 1
008592 1
054955 0
186961 2
186956 2
050586 1
195750 0
050579 1
036502 0
024451 1
052142 1
008997 0
024431 1
024468 1
058832 0
057618 1
035205 1
086800 0
047185 1
257511 0
047400 1
054229 0
077388 1
082922 1
077400 1
108174 0
066403 0
056786 1
284274 0
057171 0
054262 1
028171 2
028172 2
026832 1
026825 0
029151 1
052862 1
051830 1
131268 0
052846 0
030119 0
023590 0
112891 1
120907 0
082889 1
015131 0
010479 2
165415 0
100975 1
230911 2
110285 0
284479 0
266636 0
178501 0
173317 0
260436 0
054744 0
057969 1
286124 1
000221 0
286138 1
057972 1
271118 1
000632 1
005146 0
068580 2
196526 0
278225 0
233375 0
178930 1
075651 0
025534 0
045138 1
066812 1
053199 0
044668 0
279893 0
079313 0
036054 0
051048 0
234784 1
042386 0
234729 1
186942 1
053075 0
176435 0
284287 0
083569 0
050996 1
117885 0
050984 0
050542 1
070348 2
103521 2
256646 0
052306 0
182419 2
