256945 0
230335 2
173411 0
230340 2
230428 2
230355 1
230426 2
206291 1
193018 0
206280 1
196066 0
206269 2
258140 1
230363 2
223497 2
230364 2
257094 1
230344 1
264311 1
192655 2
267885 0
230337 2
192663 2
192675 2
192677 2
192678 2
196063 2
243031 1
184158 2
204674 2
198025 1
184192 2
274836 1
198157 1
193241 2
210492 1
274838 1
198455 1
258353 1
274640 0
198415 1
257920 1
204476 2
275171 1
274998 1
275135 1
275039 0
275403 1
275049 1
275053 1
275022 1
274678 1
275402 1
273940 1
275414 1
275400 1
275057 1
275060 1
275163 1
275061 1
192945 1
275416 1
269048 1
274996 1
274779 1
274786 1
205411 1
275062 1
256116 1
254519 1
244873 2
198115 1
198118 1
257415 1
231924 0
256889 2
194742 1
198244 1
197992 1
274703 1
274712 1
275415 1
274736 1
274566 1
274685 1
268960 1
274797 1
263989 1
275076 1
274762 1
274757 1
275399 1
274541 1
274746 1
201220 1
274579 1
219199 0
197244 1
235789 1
274711 1
242337 1
257393 1
151310 1
277428 1
274680 1
275396 1
233545 0
204806 1
268780 1
242333 2
269074 1
151313 1
194745 1
275000 1
234716 0
233736 0
233292 0
232499 0
274772 1
275001 1
274713 1
274997 1
275395 1
254610 1
275486 1
269307 1
274684 1
274709 1
275413 1
274755 1
253810 1
275002 1
274749 1
274706 1
274764 1
190852 1
237009 1
229488 1
257438 1
276653 1
275659 1
253813 1
275078 1
274733 1
274742 1
234111 1
266772 1
274871 1
280219 1
274744 1
232476 1
234068 2
268961 1
197993 1
198101 1
259015 1
234066 1
274724 1
256965 2
275074 1
195894 1
182488 2
234114 1
275664 1
266069 1
266443 1
274716 1
274727 1
266072 1
266362 1
256867 1
256932 1
273448 1
258195 1
267334 1
275079 1
282846 1
274562 2
273216 1
274768 1
225396 1
225455 1
225391 1
266768 1
244319 1
267160 1
237403 1
162882 2
244305 1
274732 1
127117 2
275026 2
018698 1
256880 1
257390 1
256970 1
279002 1
257443 1
274873 1
244397 1
170618 2
227723 1
225781 1
225764 1
244399 1
257361 1
265245 1
275006 1
265282 1
259841 1
265315 1
274658 1
265224 1
282864 1
265329 1
275033 1
257038 1
276458 2
256890 2
234835 1
257973 1
279053 1
268944 1
244910 1
274734 1
256931 2
234820 1
275401 1
257974 1
284974 1
253648 1
257110 1
287774 1
285304 1
201672 2
200051 1
234849 1
010786 2
257138 1
256888 2
256582 1
279055 1
082641 1
274775 1
268954 1
127264 1
282847 1
256993 1
158185 2
274783 1
275275 1
201691 2
274620 1
275260 1
127279 2
274777 1
274841 1
256892 2
151545 2
286424 1
286427 1
173202 2
241490 1
278512 1
269611 1
226749 1
269036 1
187255 2
157915 2
274635 1
275430 1
257135 1
184530 2
274662 1
274568 1
197763 1
229631 2
231898 1
284985 1
269020 1
257234 2
274962 1
257365 2
275857 1
210361 1
257313 1
202805 2
274670 1
192394 1
187259 2
247309 1
274570 1
184556 2
247346 1
158186 2
247387 1
275125 1
257499 1
257503 1
184518 2
228971 1
274674 1
274719 1
184555 2
274778 1
257374 1
176308 2
274626 1
184588 2
264989 1
275032 1
275398 1
245033 1
152397 2
221180 1
018787 1
256987 2
269614 1
267124 1
139475 2
139392 1
244416 1
257134 1
162876 2
012750 2
191890 1
153792 1
197756 1
284330 1
275283 1
151544 1
154881 0
162819 2
235141 1
257237 1
275059 1
275068 1
238482 2
202248 2
221429 1
257589 1
267933 1
266784 1
002815 1
154957 2
275056 1
173213 2
257370 1
244964 1
159852 2
268611 1
244972 1
156693 2
079258 1
079259 1
202656 1
221402 1
257166 1
257307 1
256940 2
275137 1
274701 1
137821 1
192558 1
137833 1
275038 1
201578 0
201580 0
201531 1
275292 1
137856 1
259514 1
274760 1
160331 2
153085 2
154482 1
201533 0
269602 1
279064 1
154958 1
287546 1
270935 1
151306 1
154568 1
137861 1
256982 1
257168 1
188101 2
192572 1
267401 1
230065 2
163455 1
267238 1
257302 1
150202 1
274365 1
274605 0
179398 1
274741 1
256893 1
153556 1
270981 1
275048 1
151318 1
213213 1
155031 2
270881 1
270889 1
152394 2
257167 2
275738 1
257117 1
117133 1
274601 1
154788 2
274815 1
269465 1
154490 1
151305 1
256447 2
255411 1
257324 1
071106 1
104279 1
152398 2
276658 1
274739 1
264027 1
071104 1
104277 1
158714 1
276906 1
274625 1
275069 1
173207 2
075049 0
157679 1
274574 1
154427 1
257172 2
253072 1
190386 2
211234 1
177565 1
176466 1
153571 1
268031 1
173216 2
162056 2
197039 1
164091 1
198024 1
165387 1
274737 1
275071 2
275081 2
171519 1
257108 1
278243 1
284161 1
173314 2
268762 1
002622 2
278606 1
278621 1
177571 1
278569 1
034166 0
154591 1
274754 0
257161 1
269246 1
164146 0
137220 2
154789 2
272303 1
274740 1
254994 1
210727 1
197214 1
274639 1
173650 1
194719 1
274632 1
158606 1
234744 1
221656 1
154786 1
163471 0
285320 1
116046 0
257320 1
275121 1
236111 1
153968 2
154790 2
156647 2
221637 1
137364 1
137374 1
232463 2
082639 0
000106 1
234413 1
275178 1
117120 1
274820 1
201954 2
274633 1
257145 1
269547 1
182631 1
221581 1
276664 1
194727 1
154775 1
158948 2
182637 1
271679 1
153558 1
255674 1
239343 1
274595 1
197205 1
015890 1
276842 1
016635 1
175742 0
138763 0
274592 1
153710 1
189917 1
220748 1
176693 1
269168 1
173318 2
257402 1
234736 1
177920 1
244974 1
276700 1
257321 1
274600 0
216295 1
269894 1
176731 1
276848 1
274366 1
138253 1
172953 2
247415 1
256043 1
138290 1
243640 1
176695 1
254248 1
224069 1
219675 1
283188 1
190808 1
275212 0
190778 1
156642 1
255652 1
196459 1
154802 2
156351 1
176733 1
190827 1
157176 1
274667 1
153535 1
176735 1
275805 1
275031 0
275397 0
263191 1
275052 1
281038 1
243634 1
138385 1
115973 1
229438 1
244973 1
052775 1
154126 2
285653 1
173326 2
268663 1
279422 1
244971 1
190644 2
196081 1
153738 1
263187 1
257157 1
077143 1
270939 1
172954 2
154771 1
137316 1
247029 1
247385 1
275280 1
276808 1
275472 1
160962 1
173042 1
201070 1
201148 1
274617 1
163129 2
162338 2
270986 1
257672 2
199069 1
277173 1
141561 2
052637 1
267629 1
157181 1
278702 1
176738 2
219727 0
247028 1
268674 1
082015 0
191185 2
173412 2
276002 0
173248 2
156843 0
014352 1
156124 2
274830 1
253699 1
253793 1
253822 1
253853 1
254373 1
254379 1
254381 1
254383 1
254391 1
278785 1
198889 1
019032 1
176027 0
161263 0
199042 1
199044 1
199096 1
276668 1
193971 0
177971 1
201059 1
163126 2
008754 2
172929 2
168532 1
140626 0
257140 1
279771 1
274609 1
150088 1
010931 0
222898 0
240271 1
199068 1
276861 1
222055 1
270958 1
270993 1
271313 1
221887 1
270987 1
273426 1
018867 0
257678 1
222521 1
247384 1
169647 1
148992 1
201142 1
237420 1
152276 1
172878 1
268678 1
137288 2
257937 1
154131 1
276971 1
154824 1
276843 1
099631 0
255347 0
153978 1
154429 1
137293 1
253086 0
253129 0
270967 1
237419 1
153712 1
157893 2
154826 1
277000 1
237434 1
025714 1
276864 1
277175 1
150878 1
119254 1
154764 1
256886 2
138292 0
002315 1
161388 1
173200 2
274720 1
237435 1
119892 1
025296 1
240284 1
276677 1
154811 1
273262 1
157887 1
155167 0
148787 1
223899 0
154734 0
016029 1
173296 1
173330 2
149142 1
015744 1
154898 1
276357 1
163762 1
154756 1
147163 0
010142 0
173331 2
168132 0
276359 1
276338 1
270892 0
276593 1
221981 1
173205 1
154813 0
005462 0
155576 1
250460 2
161176 1
085621 1
276380 1
276566 1
085631 1
165398 1
161847 1
161146 1
273221 1
173329 2
270953 1
257420 1
173561 1
173257 2
267989 1
004144 1
118253 1
173315 2
154671 1
178083 1
154672 0
285989 1
275350 1
154749 2
283475 0
264409 0
148555 0
276744 1
275349 1
271304 1
133162 1
154522 1
153052 1
148545 0
154902 1
005083 0
275509 1
276749 1
190777 1
271601 1
165747 1
275594 1
156492 1
094328 1
279059 1
279051 1
164291 2
196879 0
156493 1
279065 1
156486 1
271110 1
273961 1
257426 1
273936 1
225454 1
270994 1
276992 1
187276 1
173588 0
160865 1
276678 1
273250 1
281936 1
154524 0
285953 1
132816 1
177885 0
229348 1
176421 1
273451 1
176408 1
148772 2
275485 1
161356 1
274016 1
132716 1
276716 1
165833 1
273214 1
010552 1
174422 1
165837 1
178763 1
178648 1
173805 1
276996 1
093474 0
132795 1
161303 1
271044 1
276659 1
068716 0
278532 1
276844 1
154517 2
154843 1
271059 1
169098 0
169099 0
253389 0
132796 1
271054 1
278548 1
270802 1
153725 1
275070 1
278616 1
272169 2
274585 1
274627 1
250845 0
178769 1
275491 1
132873 1
132834 1
132868 1
270798 1
270801 1
225395 1
173381 1
278538 1
276715 1
173386 1
278540 1
165716 1
178787 1
165875 1
275080 1
271036 1
275365 1
271032 1
273305 1
165743 1
174407 1
276849 1
173408 1
272128 2
276748 0
271374 1
272001 2
260380 1
272129 1
176220 1
278798 1
211766 1
174423 1
153749 1
225787 1
154763 1
154518 2
271077 1
278734 1
276742 1
278547 1
272403 1
271015 1
271301 1
273246 1
171566 1
201060 0
201071 0
201143 0
201149 0
158036 1
273903 1
171555 1
136199 1
271591 1
276939 1
176426 1
276731 1
047410 0
264799 1
264858 1
264860 0
166056 1
173686 1
154809 1
174625 0
154173 1
278615 1
154632 1
173898 1
154836 1
211580 1
211767 1
261022 0
154823 1
260981 0
260364 1
273888 0
154845 1
154633 1
153969 1
154068 1
154067 1
006983 0
153988 0
175361 1
154481 1
138236 2
138237 1
176221 1
001552 1
168501 2
168502 2
063605 0
168489 1
154489 0
271406 1
271508 1
154793 0
221847 1
278386 1
225780 1
278383 1
049176 1
049168 1
172779 1
224392 1
277283 0
224160 1
271322 1
223961 1
041905 1
276339 1
276358 1
276360 1
276381 1
276567 1
278800 0
158453 1
274624 1
154503 0
126217 0
271391 1
126226 1
030131 0
262792 0
271509 1
221903 1
278559 1
276822 1
175605 0
278550 1
172767 2
064332 1
141975 1
162356 1
142066 0
162351 1
162906 0
257158 0
052751 0
161192 0
160817 0
271076 1
274636 1
153458 0
275151 1
048718 2
278551 1
257805 1
257377 0
257800 1
274573 1
276379 1
111499 1
110352 1
156494 0
271065 1
061214 1
063302 0
061176 1
061169 1
147090 0
114650 1
276565 1
116876 0
017581 0
114018 0
262802 0
274607 0
181744 1
173308 2
272190 1
276825 1
028877 0
272193 1
173327 2
162815 1
154516 0
283638 0
286426 1
192994 0
286423 1
277003 1
271540 0
276667 1
278184 0
173347 2
275884 1
164138 0
252220 0
092046 0
276689 1
271116 1
277781 0
043658 0
254390 0
173253 1
173415 2
154538 1
119489 0
276751 0
173409 2
154574 1
227285 0
154575 1
253753 0
165395 0
277835 0
113870 0
227973 0
173334 1
271124 1
230626 1
112792 1
150125 1
137300 0
230616 1
150117 1
275583 1
223479 1
173389 2
016720 1
160616 2
009675 1
122090 1
274807 1
004324 0
275581 1
219643 1
274801 1
173397 2
229334 0
274805 1
219622 1
211005 0
221755 1
274602 1
160610 2
282013 1
282011 0
158560 1
275362 1
173335 1
280023 0
280079 1
280080 0
158551 0
278684 1
211511 0
278640 1
257218 1
278641 0
257207 2
173384 0
257121 1
053248 0
257127 1
129926 0
276596 0
003817 0
174697 1
174734 1
142075 0
183965 0
174863 1
174874 1
179117 0
173307 2
107772 1
173275 1
004668 0
107759 1
264990 0
257455 1
286643 1
172896 2
234213 0
286782 1
286809 1
286714 1
257454 1
000328 0
094331 0
275366 1
173398 2
226748 0
275363 1
278637 1
256927 1
270951 1
173388 1
278632 1
271106 1
074738 0
275422 1
135608 0
276713 1
154454 0
276762 1
253812 1
173400 2
014208 1
277004 1
257502 1
164369 1
007158 2
276917 1
167223 0
130177 0
276801 1
165820 1
138624 1
138605 0
276945 1
162782 1
