222411 0
015842 0
206534 0
051209 0
139552 0
162602 0
124761 0
051194 0
216411 0
231729 2
178482 0
231734 2
221708 1
200983 1
288056 0
199560 1
201081 1
200969 1
243227 0
201400 1
201255 1
201258 1
243426 0
200476 1
221913 2
219516 1
221911 2
222073 1
219182 1
276206 1
165103 0
222127 1
219493 1
219135 1
219549 1
222234 1
197356 1
191748 0
222235 1
219768 1
217215 1
191747 0
230837 1
220010 1
219756 1
220015 2
208102 0
220016 2
221868 2
211241 1
218890 0
269301 1
115527 0
221861 1
219995 2
219972 1
077374 0
265165 0
262159 1
162992 0
022682 0
142145 0
222155 0
173060 0
244513 1
263369 1
244521 1
262452 1
275710 0
260871 1
219942 1
260990 1
261018 1
083067 0
261046 1
260904 1
260991 0
260971 1
260972 2
260973 1
019053 0
029261 0
164504 0
163233 0
225149 0
221740 1
243351 0
219661 1
053519 0
205443 0
032794 0
243183 0
279544 1
220679 0
059140 0
139836 0
040992 0
225941 0
018663 0
277997 0
230849 0
151200 0
204341 0
220066 1
261019 0
219918 1
220065 1
221864 0
198245 0
022398 0
045809 0
279308 0
045890 0
270915 0
217492 0
281366 0
211870 0
019237 0
179398 0
221191 2
226247 0
219394 0
221748 0
192317 0
175610 0
131798 0
117103 0
162525 0
188465 0
116849 0
221875 1
138333 0
221770 1
279792 1
219763 1
279788 1
280647 0
039042 0
006243 0
278802 0
032836 0
258542 0
278307 0
028855 0
220424 0
269643 0
219767 0
115926 0
042205 0
243465 0
279543 0
041103 0
095209 0
264675 0
219510 0
223679 0
042868 0
268084 0
163203 0
116103 0
052860 0
083018 0
269751 0
028611 0
115807 0
022238 0
088248 0
115822 0
044851 0
058295 0
221387 1
147377 0
221409 1
144427 0
082499 0
274015 0
225282 0
095941 0
269070 0
028432 0
220067 0
142184 0
267586 0
079326 0
056361 0
163027 0
022401 0
009119 0
218869 0
135450 0
053586 0
025214 0
086484 0
188611 0
210500 0
261047 1
269304 0
261313 1
261311 1
