238411 0
233640 0
269056 0
082766 0
266911 2
212162 2
222787 1
238033 0
222788 0
212167 2
266308 1
211172 1
203124 1
236366 0
203131 1
201475 2
201337 2
201474 2
266333 1
201603 0
266375 0
266378 1
137045 0
264605 0
196905 1
266377 0
268383 0
182434 0
205360 1
208486 0
223031 1
194954 2
215692 0
223029 1
223028 1
223022 1
223023 1
223019 1
196507 0
222593 2
223369 1
223325 1
214163 2
199777 1
255934 2
255945 2
255948 2
222592 2
214158 2
223386 0
214144 2
199784 1
199759 1
199803 1
199804 1
199745 1
220465 2
231857 1
220420 2
230770 0
219128 1
220112 2
230436 2
210601 1
197822 2
197000 0
196998 0
197819 2
221880 2
256150 1
229616 0
220484 2
220483 2
195482 1
205351 2
231245 1
256152 0
193868 0
220423 2
230409 2
205350 2
219118 1
231163 1
199778 1
219124 0
231159 1
231166 1
199491 2
255944 1
255947 1
280266 1
197226 1
218499 0
221038 0
255933 1
197225 1
284588 0
254773 0
196091 0
271342 0
213100 0
219595 2
254751 2
256004 0
254707 2
254747 2
253604 2
244696 1
270248 2
197885 2
253060 0
270246 2
204547 2
196602 1
204937 2
171700 1
200380 1
203701 1
275836 0
204651 2
218536 2
200375 1
171709 1
171674 1
171708 1
171667 1
171673 1
182984 0
196578 1
253883 1
253886 1
201513 2
213979 0
226018 0
270247 2
270249 2
213686 0
252870 2
253896 1
199839 2
197544 1
242242 0
252789 2
256555 2
196355 0
272657 0
281452 1
199638 2
199604 2
201928 1
273727 0
256926 0
235732 0
170993 1
278925 0
018195 2
128964 2
237240 0
138350 1
192997 1
213024 0
192939 1
150514 0
131685 1
198813 0
196802 2
256032 0
152927 0
240617 1
240583 1
202071 2
263564 0
256563 1
256565 1
196728 0
246421 0
258909 0
199269 1
199268 1
192846 1
192783 2
230101 0
192731 2
199253 0
006299 2
195404 2
194089 0
195378 2
195349 2
195317 2
195236 2
195228 2
195204 2
130337 2
196670 2
196668 2
199086 0
196661 2
196646 2
196655 2
130371 2
130357 2
202756 0
202757 0
198624 2
153662 0
198620 2
198626 2
222313 0
199408 1
138525 2
085633 2
256031 0
138636 2
138632 2
006436 2
006417 2
006624 2
213841 0
140263 2
139758 2
006369 2
155610 2
155611 2
157282 2
006734 2
157258 2
006435 2
211720 0
260672 0
138405 2
151691 2
156127 1
129901 0
141169 2
139134 1
152616 0
151726 0
139765 2
129712 2
006388 2
134068 2
002928 2
139727 2
010966 2
132786 2
006608 0
139522 2
132780 2
134073 2
132821 2
134093 2
132779 2
144048 2
144053 2
144054 2
144060 2
139296 2
139399 2
139314 2
139396 2
139517 2
138816 2
138843 2
138854 2
129880 2
138931 2
002741 2
138913 2
138915 2
144556 2
129729 2
138867 2
138943 2
139211 2
138803 2
129808 2
129834 2
134997 2
131570 2
129807 2
144564 2
129849 2
132693 2
135019 2
144582 2
132694 2
131925 2
003607 2
134905 2
144569 2
144617 2
140394 2
132655 2
138767 2
131574 2
008264 2
131575 2
115297 2
009964 2
058557 2
132060 2
255923 0
138686 2
266877 0
173785 2
143408 2
131576 2
132044 2
152790 0
152791 0
006573 2
147406 2
117370 2
138797 2
138810 2
133670 2
197256 2
197365 2
160164 2
130280 2
210000 0
147946 0
132678 2
131578 2
133660 2
134895 2
130244 1
130243 1
002682 2
130230 2
130253 2
134830 2
130251 2
131696 2
130257 2
133812 2
143182 1
143960 1
143927 2
147416 2
134832 1
144128 2
002889 2
143938 2
144100 2
133638 2
134064 2
144270 2
134837 2
138983 2
143165 1
144271 2
130265 2
134000 2
143958 2
133984 2
002927 2
133980 2
147423 2
197336 2
129994 2
139067 2
133999 2
131772 2
002765 2
002890 2
140262 2
137392 2
139726 0
139763 0
160208 2
133368 2
142750 2
131713 2
139198 0
150966 0
140220 2
144954 2
114660 2
139837 0
142691 1
131790 2
129809 2
141101 2
144948 2
141131 2
138981 2
131700 2
132459 2
139789 0
143467 2
143421 2
142751 2
143415 1
143420 1
144952 2
144945 2
142745 1
144956 2
144935 2
131701 2
134896 2
013779 2
144968 2
002447 2
140176 2
140186 2
130952 2
161721 2
133780 2
133794 2
141082 2
129937 2
114662 2
133779 2
129987 2
138848 1
129934 2
129989 2
131884 2
132554 1
006634 2
129992 2
138394 2
136686 2
141100 2
136638 2
147566 2
012079 2
122892 2
130487 2
130491 2
173789 2
138990 2
069628 2
102801 2
138393 2
131876 1
130116 0
130860 2
069649 2
102822 2
140972 2
069567 2
102740 2
140960 0
132446 2
133755 2
130167 2
002207 1
144164 1
141345 2
140973 2
131608 2
129378 1
129379 1
129371 1
138390 1
137299 2
144810 2
131609 2
129372 1
144853 2
144183 1
144175 1
130864 2
129375 1
130871 2
069824 2
102997 2
130092 2
138507 1
129376 1
017632 1
129355 1
131763 2
131761 2
129374 1
132559 1
129373 1
129381 1
131611 2
130511 2
131600 2
133019 2
131565 2
130877 2
130495 2
130088 2
196095 2
130497 2
131588 1
131805 2
145922 0
133944 2
275837 2
131587 2
145928 0
129452 1
136475 0
117144 2
129447 1
147720 2
141332 0
129441 1
130898 2
117348 2
129456 1
147086 0
132543 1
226533 2
147614 2
130401 1
132384 2
002886 2
139987 2
138973 2
137072 1
139977 2
136916 0
136931 0
129434 1
129448 1
130704 2
131726 2
130518 2
130522 2
117375 2
130696 2
131748 2
130454 0
147609 2
002264 0
138955 0
144724 1
144725 1
139965 2
109034 2
144721 1
144722 1
130698 2
275773 0
130711 2
144632 1
144650 1
147589 2
132555 1
130844 2
131717 0
132419 1
226463 2
131799 2
141986 2
148166 2
144590 1
138769 2
115341 1
157909 2
123283 2
015179 0
125566 0
255577 0
132431 1
131580 1
226421 2
138575 0
123302 2
138749 2
115349 1
132642 2
115354 1
138748 2
115381 1
130758 1
144160 2
136933 1
144135 2
093115 0
130228 0
132644 0
144134 2
006064 0
132147 1
115802 0
132148 1
132166 1
132150 1
132159 0
177432 2
133308 0
129014 2
151698 0
129019 2
018274 2
128911 2
135993 0
101241 2
101245 2
178351 2
099474 0
101246 2
101243 2
178089 0
101252 0
197932 2
197899 2
147360 0
199376 2
194304 2
194312 2
194316 2
232400 0
137183 0
240145 0
037084 0
199203 2
199174 2
233904 0
133182 2
133191 2
240261 0
133169 0
130909 1
194367 2
140920 0
196680 2
202105 0
138503 2
196886 2
012785 2
146129 2
220654 2
138508 2
158296 2
132129 0
138498 0
220660 0
220506 0
132146 0
162879 0
141915 2
115046 0
141939 2
141912 2
198530 2
161269 2
167296 2
167297 2
005969 0
167248 2
167201 2
167146 2
198541 2
198537 2
199075 2
199079 2
199090 2
162711 2
280878 0
168168 0
080274 0
243609 0
147055 2
147404 2
150585 0
143317 0
190459 2
096893 2
197863 2
196211 2
092325 0
196210 2
197865 2
190470 2
131661 0
075502 2
075516 2
201536 2
177419 2
150026 0
075574 2
075759 2
075749 2
177418 2
075838 2
177416 2
075913 2
075837 2
177403 1
190473 0
076131 2
261139 0
214487 0
189130 0
177430 0
131028 0
076019 2
148775 0
075989 2
097596 0
130756 1
061141 2
140730 0
061179 2
130722 1
130751 1
130798 1
061161 0
130824 1
151646 1
102075 0
136170 0
258822 0
257879 0
167791 0
131084 2
278168 0
131013 2
131138 2
131228 2
158363 0
131235 2
108974 0
250880 0
196073 0
217202 0
200686 0
131663 2
206181 1
131860 1
264721 0
131865 0
207424 1
196522 2
282633 0
196366 2
225583 0
255441 1
157805 2
000755 2
130061 2
140826 0
255415 0
042733 0
196769 0
085440 0
138496 2
084119 2
132152 1
144420 0
084138 2
132153 1
132168 1
225970 0
132164 1
132160 1
132161 0
099857 0
139456 2
139454 0
230503 0
231796 0
141583 0
163307 0
132416 0
132639 0
238207 0
140848 0
075967 2
194412 2
194176 2
150077 0
194183 2
194219 2
130477 0
013729 2
200540 0
145015 0
193696 2
129124 0
196009 0
132145 0
006472 2
256109 0
200458 2
138486 0
238097 0
130308 0
010285 2
122613 2
194616 0
122612 2
122663 0
192966 0
131614 1
112761 0
131612 0
131620 1
251187 0
131616 0
211379 0
150967 0
079631 1
137458 0
269062 2
241271 0
268978 2
269254 2
122559 1
010255 2
122582 2
198339 2
131010 0
122509 0
269112 0
198333 2
198312 0
130351 0
255359 0
118579 0
008865 0
085175 0
253856 2
143407 0
253844 2
253847 2
253827 2
143273 0
289519 0
135216 0
202751 0
131621 1
131617 0
198307 0
139439 1
114734 0
253930 0
061437 0
037581 0
140369 0
144328 0
101256 0
195268 0
058497 0
197532 0
140599 0
196941 2
197180 2
161997 2
007318 0
196928 2
161993 2
002542 2
144747 0
002509 0
178092 0
133677 0
138952 0
266709 0
018126 0
155497 0
060019 0
191888 0
222862 0
138427 0
240494 0
258572 0
131850 0
265046 2
018134 0
263117 2
235792 1
072255 0
194849 0
225907 0
197366 0
201197 0
155214 0
114043 0
147065 0
238303 0
158169 0
064895 2
262132 0
064885 0
233997 0
027786 0
061181 0
170734 2
220383 0
170668 2
191302 2
191088 2
152922 0
152553 0
155508 0
166385 0
182760 1
220497 0
182776 1
224126 1
201791 2
079861 0
201566 2
224096 1
224094 1
201550 2
224124 0
201707 2
201712 2
177244 0
250695 2
