278758 0
070284 2
103457 2
089193 0
070151 2
103324 2
070061 2
103234 2
069804 0
070059 2
103232 2
070056 2
103229 2
070085 2
103258 2
070108 2
103281 2
070010 2
103183 2
097701 0
097696 0
112385 2
111963 2
109380 2
108202 2
109381 0
069762 0
098366 2
099069 2
099342 2
041509 2
261760 0
099083 2
099357 0
099790 0
099192 2
099086 0
094699 2
114382 2
097817 2
102061 2
114462 2
096207 2
097920 2
099515 2
093938 2
097925 2
114384 2
097815 2
097821 2
097857 2
093941 2
097157 0
146000 2
145974 2
097808 2
098070 2
096231 2
098097 2
093892 2
099792 2
096181 2
096201 2
097949 2
018552 1
128739 1
125036 2
133746 2
108802 0
098059 2
138970 2
131127 2
132568 0
098021 2
278519 0
051651 0
018169 2
128986 2
093948 2
278501 0
093931 2
084568 2
041810 2
084567 2
156890 0
098644 2
098784 2
098629 2
098793 2
098639 2
099092 2
099104 2
098777 2
084566 2
084559 2
093942 2
084558 2
094081 2
094074 2
094056 2
094046 2
139214 2
098104 2
094008 2
094071 2
108817 2
129068 0
098029 2
094612 2
133661 2
098020 2
140247 2
098010 2
140355 2
098028 2
140266 2
095986 2
100245 2
098068 2
093698 2
094558 2
133721 2
138037 2
097973 2
116149 0
095399 0
095958 2
096936 2
004379 2
118512 2
116148 0
116147 0
125023 2
101876 0
119817 0
097830 2
097974 2
096894 2
100034 2
125021 2
096043 2
004171 2
118279 2
097345 0
096003 2
096002 2
096049 2
095882 2
095978 2
101226 2
101255 0
094020 2
094019 2
093973 2
092875 0
094055 2
101189 2
094054 2
133951 0
096209 2
096206 2
101190 2
111268 2
117703 2
111269 2
187021 0
018460 2
128788 2
062130 0
111293 2
094068 2
062153 0
117708 2
117710 2
128871 2
095032 2
094973 2
094827 2
094729 2
131994 0
094749 2
128870 2
098362 2
094698 2
131986 0
084634 2
098360 0
128869 2
084628 2
084631 0
138459 2
138425 2
100464 0
138468 2
093912 2
098797 2
095659 2
084649 2
133940 2
135085 0
098781 2
067592 2
094522 2
094178 2
084629 2
084626 2
113717 0
094209 2
067615 2
067563 2
067636 2
067649 2
004518 2
118728 2
020886 0
100428 2
108127 2
095413 2
108710 2
092971 2
139721 2
117575 2
100378 2
128747 2
108731 2
116573 2
243722 0
086514 2
095398 2
117564 2
137329 0
100279 2
086581 2
100303 1
086596 2
109421 2
243659 0
094550 2
108729 2
098354 0
017303 0
129585 0
094587 2
094564 2
117556 2
112572 0
086637 2
094481 2
012267 2
096685 2
092536 2
086654 2
093889 2
078739 2
093940 2
079654 0
078741 2
093853 2
086655 2
078746 2
101555 2
094235 2
085090 0
094232 0
093794 2
078772 2
086741 0
101412 2
114151 2
090835 2
093802 2
078778 2
096240 2
196375 1
004124 2
118235 2
100286 2
122607 0
093114 0
078271 2
004409 2
118566 2
007411 0
006934 2
120557 2
102108 0
126999 2
118516 2
017937 0
004419 2
095614 0
119916 0
096648 2
072263 2
105436 2
123285 0
074433 2
107606 2
096401 0
098324 2
005062 2
119461 2
132001 2
092554 2
095961 2
095937 2
098280 2
009871 2
122229 2
098302 2
114971 2
004032 0
096033 2
098321 2
098300 2
092542 2
131999 2
131996 2
066294 2
189892 0
189910 2
131993 2
060971 2
007217 2
120778 2
120594 2
120708 1
060968 2
143414 0
092526 0
092463 2
119260 0
098529 2
065068 2
032442 2
131016 2
119264 2
131020 2
091317 2
061662 0
098499 0
131014 1
131482 2
131460 2
131490 2
131493 2
065101 2
032446 2
131505 2
091286 2
098620 2
032450 2
031921 2
032485 2
032502 2
128136 2
063264 2
141970 2
063267 2
064517 2
138528 2
074842 2
001235 0
176745 2
092872 0
108711 2
108730 2
108732 2
127702 0
111530 2
183235 2
093699 0
015251 2
125486 2
099295 2
114654 0
272041 0
176747 0
138516 2
099293 0
109982 0
075008 2
063058 2
074864 2
066285 2
155560 2
155568 2
197193 2
063851 1
102086 0
197191 2
197197 2
063850 2
095524 2
148908 2
063759 2
065854 2
065663 0
065858 2
067847 2
063331 0
256268 2
275779 2
256266 2
256264 2
268459 2
011334 2
122716 2
176683 2
065032 2
202877 2
202878 2
078237 2
071022 0
104195 0
151732 2
164228 2
017676 2
129322 2
119458 0
001887 2
202529 2
071019 0
104192 0
256259 2
256244 2
164156 2
122714 2
122712 2
122708 2
176680 2
179523 2
122690 2
164635 2
194511 2
078236 2
164649 2
199021 2
078325 2
078404 2
078345 2
126367 1
279290 2
120430 2
149696 2
142421 2
006972 2
120597 2
005817 2
120432 2
162048 2
163927 2
258755 2
142387 2
153562 0
144933 1
224903 2
224901 2
169756 2
153527 0
153606 0
144461 2
275361 2
117907 2
068637 0
062701 2
237341 2
136132 0
164910 2
001778 2
168553 2
182823 2
189109 0
142394 2
144448 2
169771 2
169786 2
169787 2
169746 2
169754 2
224893 2
224815 2
169750 2
117927 2
233721 1
224816 2
224894 2
224748 2
224743 2
169744 2
224741 2
224690 2
224759 2
128152 2
140525 0
142538 2
133912 2
234100 2
131423 0
133920 2
138849 0
257529 0
133919 2
131413 0
132567 0
133773 2
152489 2
152457 2
152492 2
257559 2
152337 2
152334 2
193910 2
110351 2
193987 2
146800 2
099649 2
099588 2
257540 2
152115 2
085204 0
099581 2
257539 2
257534 2
165225 2
201732 2
165988 2
266984 0
244452 0
017392 2
129516 2
159802 2
159806 2
079747 0
190412 0
190371 0
159878 2
159879 2
159884 1
159886 0
017318 2
129572 2
166008 2
162959 2
163061 2
157676 2
083309 2
162985 2
149293 2
005703 2
120323 2
163724 2
281187 2
163208 2
261063 2
220815 0
163725 2
192032 2
181536 2
281621 2
000920 1
116551 2
188852 0
220609 0
192455 2
219542 2
012499 0
116967 2
090497 2
220574 0
256483 2
233730 0
117163 2
261057 2
069740 2
102913 2
002762 0
261068 0
083328 2
130291 2
281036 2
131746 2
083343 2
130292 2
199741 2
079227 2
170092 2
184854 2
189169 2
163727 2
163730 2
169455 2
010774 2
079190 2
189164 2
281012 2
190368 0
090626 0
192647 0
090613 0
189162 2
189161 2
189160 2
130318 2
280972 2
280920 2
184857 0
083156 0
186703 0
090713 0
177516 2
187313 0
155575 0
266398 2
163739 0
132080 0
060902 2
111735 0
011266 0
231476 0
130398 2
085081 0
223994 0
138447 0
169781 2
169797 2
169798 2
211970 0
085261 2
144446 2
085285 2
087982 2
009607 2
122050 2
131145 0
144464 2
144519 2
144447 2
101633 2
159721 2
088008 2
114205 0
101635 2
159716 2
159666 2
101669 0
087998 2
160190 0
259772 0
087986 0
243192 0
001997 0
099878 2
219507 0
099834 2
099786 2
130164 0
151154 2
151373 2
010253 0
151160 2
151168 2
243927 0
235939 0
099731 2
098056 0
099730 2
060989 2
130081 0
060988 2
064203 2
064219 2
139690 2
086601 2
137110 0
060995 2
064162 2
064198 2
083900 2
076870 2
077026 2
069170 2
102343 2
141527 2
088978 0
077029 2
076093 2
142622 1
177947 2
114819 0
268490 2
071453 2
104626 2
146128 0
158158 2
258918 0
162827 2
094848 2
012795 2
146110 2
155996 2
155289 2
087602 2
177952 2
260644 2
093951 0
087980 0
178726 0
094752 2
268829 0
162829 2
142511 2
068298 0
142521 2
162986 2
163062 2
167959 2
083219 2
032221 2
014334 0
032223 2
032224 2
083222 2
032198 2
157024 0
083254 2
083253 2
031144 2
031159 2
219985 2
084521 2
083279 2
093668 2
084690 2
280276 0
265210 0
265322 0
093659 2
084692 2
162409 2
027448 0
084712 2
084711 2
084714 2
232460 1
201858 2
084707 2
141550 2
210042 0
018362 0
083854 0
141249 2
008402 2
096761 2
096656 2
059452 0
078631 2
143222 0
094990 2
168684 2
168685 2
010474 0
093772 2
093747 2
101096 0
219441 2
126897 2
156303 0
219476 2
126898 2
219420 2
219372 2
093856 0
017936 2
129156 2
242819 0
129223 2
129224 2
017845 2
129219 2
129222 2
137323 0
230390 0
162429 2
128920 2
112868 2
240475 0
112754 0
001330 2
131985 0
007756 2
121178 2
002844 1
064258 0
144985 0
159101 2
159093 0
173653 0
113262 2
280215 0
079302 0
076285 2
065856 2
108624 2
099761 0
065912 2
065895 2
066154 0
260124 0
112328 2
009147 2
121639 2
238700 2
018477 0
009125 0
090825 0
084041 0
110452 2
086015 2
287892 0
071389 0
058378 0
002414 1
091563 0
170250 0
181941 0
052272 0
140978 2
062733 2
144337 2
098525 2
141038 2
093645 2
006933 2
120556 2
086603 2
187114 0
140980 2
098508 2
098633 2
069841 2
103014 2
007070 0
097333 2
139416 0
097335 2
071377 2
104550 2
096061 2
071364 2
104537 2
201468 0
151386 0
111794 2
086138 0
111762 2
117639 2
098779 2
148104 2
093823 0
098801 2
199217 0
092951 2
114207 2
134639 0
092934 2
082453 0
177027 0
094188 0
009408 2
121866 2
056274 2
099647 0
056677 2
048069 2
048075 2
270840 0
155236 0
271292 0
111259 2
004538 2
142617 2
138878 2
286317 0
142637 2
142410 1
110609 2
004565 2
134798 0
004507 2
118714 2
075341 2
075324 2
071710 2
104883 2
071684 2
104857 2
195952 2
033372 2
142441 2
111511 2
149212 2
209680 2
072189 2
105362 2
033125 0
223292 0
111377 0
069157 0
102330 0
149318 2
195950 2
195935 2
149319 2
075588 2
007940 2
121353 2
036482 0
075609 0
133795 2
139541 2
279608 0
133536 2
133533 2
133543 2
133539 2
139618 2
139619 2
077163 0
133467 0
137519 0
253210 2
067216 2
145317 0
253178 2
228778 0
085623 2
268171 0
085591 2
168103 2
198524 0
168117 0
142636 2
225504 2
005187 2
119632 2
109030 0
142650 2
225505 2
225522 0
129155 0
181843 0
063718 2
135685 2
099110 0
121831 0
150871 0
004198 2
131654 2
094400 2
098342 0
094353 2
094432 2
094245 2
097898 0
156660 0
100266 2
244562 0
100241 2
098281 0
094297 0
001990 2
028838 0
088043 2
114787 0
088044 2
251229 0
241468 2
241537 2
241538 2
162077 0
288561 2
066421 0
288510 2
288756 2
288729 2
252749 0
086462 2
070319 2
103492 2
093182 2
033130 1
095638 2
009409 2
121867 2
070323 2
103496 2
063334 0
070364 2
103537 2
070285 2
103458 2
070117 2
103290 2
070424 2
103597 2
070100 2
103273 2
070114 2
103287 2
095600 0
070450 2
103623 2
070494 2
103667 2
070341 2
103514 2
144674 0
155212 0
155213 0
011143 0
070390 2
103563 2
094754 2
094758 2
094385 2
094379 2
094368 2
094949 1
119685 2
150027 0
094369 2
094244 2
094377 2
094378 2
119701 2
005543 2
120122 2
092710 0
100758 2
100751 2
100741 2
094388 2
094380 2
064669 2
094389 2
094390 2
094387 0
138061 0
175594 2
145310 0
000074 0
071716 0
064244 2
061054 2
097344 0
064514 0
132577 0
098726 2
098771 2
064317 2
137945 2
094229 0
137967 2
098707 2
064285 2
137991 2
098848 2
182023 0
002688 2
094344 0
132764 0
014186 2
137910 0
092070 2
061265 0
092249 2
198038 2
198007 2
126784 0
197928 2
197893 2
180465 2
180514 2
255889 0
124355 0
058096 2
063717 2
032200 2
064817 0
058050 2
058093 2
058014 2
034577 2
032328 2
032340 2
032341 2
060859 2
094832 2
033115 2
018674 2
146966 0
085355 2
085383 2
078530 0
143423 2
114915 2
087632 2
093044 2
229487 0
089087 2
100549 0
076438 0
032401 2
016861 0
033131 0
030579 0
058855 0
095448 0
179518 0
143418 2
147674 2
046980 2
147680 2
124914 2
095626 0
147638 2
147651 2
147627 2
147626 2
046905 2
180954 0
101791 2
142123 2
002717 2
070933 2
104106 2
086939 0
142059 2
071135 2
104308 2
141978 2
141213 2
110582 2
141180 2
110676 2
068431 2
094525 2
070389 0
103562 0
138919 2
010351 2
122672 2
095225 2
000105 0
122643 2
109125 2
169287 0
114618 2
110896 0
122665 2
122654 2
122598 2
122595 2
122561 2
122547 2
138900 2
094355 2
068432 2
095786 2
114596 2
114552 2
108847 2
101039 2
118121 2
095228 0
118112 2
118661 0
121209 0
108814 2
108773 2
118111 2
101440 2
101437 2
094319 2
081330 2
081324 2
124676 2
062946 2
011607 2
122798 2
114529 0
062970 2
062988 2
112401 2
064547 2
135076 0
135097 0
081320 2
122795 2
122794 2
063001 2
062991 2
124691 2
064971 0
064516 2
063021 2
116772 2
068505 2
064982 0
098450 0
109025 2
109027 2
134146 0
109026 0
229599 0
126718 0
099527 2
108091 0
099401 2
099521 2
110550 2
008411 0
097677 2
109024 0
083083 2
101826 0
033547 0
113334 0
196237 0
098612 0
133028 0
112092 2
161444 2
061502 0
112096 2
161412 2
161413 2
161400 0
092942 0
230643 2
009035 2
079079 2
110617 0
011817 0
095745 0
035541 2
139053 0
179214 2
066732 0
131134 0
062156 0
012090 2
009100 0
152714 2
042434 0
101209 2
256976 0
114911 0
093202 2
093276 2
179751 0
083323 2
058285 2
271282 2
013611 0
271136 0
058271 2
091352 0
011726 0
033351 0
093478 2
176743 0
092937 2
079592 0
061832 0
161003 0
070582 2
103755 2
132366 2
035984 0
174605 0
160139 0
068254 0
010318 2
122637 2
287256 0
256590 0
001120 0
142106 2
119753 2
114954 0
119743 2
005284 2
119772 2
119158 2
119139 2
119744 2
119577 0
119213 0
092644 0
094346 1
013745 0
094296 0
080336 0
121859 2
255519 0
145074 0
120702 0
192808 2
070343 2
103516 2
035821 0
192823 2
070148 2
103321 2
138363 2
199448 2
138334 2
138336 2
138306 2
137413 0
199462 2
199420 2
058789 2
131414 2
120799 2
065901 0
120785 0
131421 0
240432 2
007437 2
120948 2
157796 0
240487 2
093015 0
132135 0
094051 0
150923 0
232847 0
063416 0
132201 0
058301 2
098505 2
079016 0
098441 2
058274 2
098461 0
058253 2
098497 0
058264 2
214395 0
012480 2
133818 0
127546 0
015129 2
125610 2
230392 2
028173 0
274456 0
042454 2
144990 2
009919 0
135520 0
284367 0
095217 2
252455 0
095230 2
089981 0
017740 2
129280 2
032701 0
262736 0
095423 0
048248 0
186297 0
144444 0
009818 0
131292 2
072109 0
108806 0
058856 2
235247 0
152784 0
086283 2
025595 0
142899 0
150615 0
159722 2
112134 0
133887 2
131510 2
149386 0
131498 2
131495 2
131501 2
017996 0
273924 0
145064 0
077633 0
095965 2
110298 0
095941 2
228333 0
120177 0
091927 0
120928 0
126366 0
146532 0
283164 2
084391 2
041481 0
283178 2
283473 2
084237 2
283794 2
132045 2
280229 0
283806 0
084394 2
083220 2
146071 2
201811 0
132046 0
093054 2
084945 2
093035 2
017314 0
093010 2
062972 2
145142 2
190890 0
062992 2
219616 2
080038 2
053145 2
101868 0
074562 2
074788 2
154698 2
277403 2
113131 0
029478 2
253372 0
029520 2
114843 0
051976 0
068744 0
189923 2
093573 2
094913 2
170604 0
094960 0
093565 2
145156 0
260973 0
280090 2
098045 2
271931 0
094426 2
117563 0
094442 2
065986 0
039713 2
092615 2
059978 2
092601 2
233737 0
085206 0
056108 2
034542 0
056357 2
002569 0
177695 0
169139 2
169140 2
113123 0
075722 2
147441 2
084829 2
014329 0
147443 2
147420 2
147422 2
270839 0
025131 2
158750 2
163720 0
070221 0
002384 2
123864 0
140197 0
034267 0
140235 0
251971 2
146534 2
015363 0
239459 0
051632 0
010349 2
122671 2
076297 0
012582 2
032833 0
000329 2
097742 0
129692 0
175706 2
162208 0
188211 0
095826 2
018469 0
095404 2
261062 0
095303 2
125422 0
031202 0
255270 2
058505 2
129078 2
173378 0
129074 2
018112 2
129046 2
092730 2
032205 2
092729 2
091983 0
092723 2
092724 2
092722 2
272191 0
064298 0
083085 0
043519 0
226152 0
128225 0
061219 0
271941 0
159737 0
288653 0
171578 2
023835 2
189118 2
088441 0
023769 2
171512 2
171511 2
171491 2
090028 0
007759 2
121183 2
266836 0
158434 2
158390 2
264931 1
202627 0
265021 0
137006 0
068938 0
166326 0
157032 0
259094 0
132019 0
263934 0
051673 2
099698 0
057700 0
098948 0
066376 0
217314 0
095347 2
132097 2
110449 0
001307 0
052502 0
015608 2
099343 2
102009 0
100571 2
100459 2
100462 2
100449 2
098949 2
100570 2
158696 0
224040 0
034135 0
098315 0
144254 0
136763 2
018560 0
066425 0
063811 0
255632 0
061345 2
265209 0
061340 2
149547 0
061045 2
