211696 2
005575 2
120164 2
211748 2
181304 2
120154 2
211698 2
009042 2
005599 2
120194 2
119786 2
118709 0
118707 1
004581 1
118783 1
118647 1
118284 2
005498 1
120080 1
119613 2
011488 2
122751 2
005834 2
120455 2
119844 2
005371 2
119895 2
118385 2
120450 2
121363 1
120830 1
007949 1
121364 1
004703 1
118941 1
005309 2
119806 2
118940 0
126011 1
120130 1
005130 1
119537 1
137977 1
004212 2
118312 2
119361 1
004732 1
118990 1
014706 1
126010 1
120139 1
007942 2
121356 2
120142 1
053397 0
004575 1
118779 1
118285 2
118874 2
120140 1
009083 1
004783 1
119058 1
119032 1
120865 1
120156 1
004676 2
118896 2
120449 2
011924 1
005589 2
120180 2
130121 0
004994 1
119362 1
017892 0
258283 1
120031 1
142570 1
004682 2
118908 2
120959 1
142011 1
005132 2
119543 2
123931 1
004794 2
119072 2
126332 0
120960 1
010509 1
138972 2
212613 1
053371 0
277046 0
120032 1
005467 1
120033 1
004677 2
118897 2
120962 1
122760 1
119136 2
119145 2
118392 2
118878 2
120963 1
004271 2
118408 2
014845 2
125872 2
019655 0
120968 1
120969 1
018221 0
009959 1
119626 1
172992 0
007481 1
120971 1
122761 1
005177 1
119618 1
181348 0
119193 1
118938 1
002494 1
118298 2
130275 1
044988 0
130110 0
122764 1
122769 1
133397 1
133396 1
133391 1
011550 1
122772 1
118395 2
118393 2
133473 1
133481 1
119652 1
011676 1
119651 1
004270 2
118407 2
005250 1
119719 1
119071 2
015050 2
125674 2
130964 1
118397 2
118398 2
131017 1
119963 2
005227 1
119678 1
005340 1
119848 1
129062 1
004273 1
118414 1
131009 1
011697 1
128440 1
004531 1
118743 1
131008 1
014967 2
125763 2
005214 1
119661 1
011763 1
237275 1
004323 1
118445 1
147869 1
129996 1
240277 1
118428 1
004863 2
119154 2
240376 1
119081 1
118751 1
009549 1
144749 1
118748 2
118755 1
118589 1
118412 1
005583 1
120173 1
237753 1
144716 1
120172 1
144778 1
119132 2
285468 1
005588 1
120179 1
119649 1
172766 1
172765 1
004321 1
118443 1
147217 1
118597 1
005180 1
119622 1
144892 1
119177 0
005262 2
119732 2
125764 2
119178 2
010276 1
122605 1
015180 1
125565 1
285461 1
163863 1
011850 1
163859 1
004909 1
119259 1
124969 1
004818 1
119096 1
004897 1
119232 1
237672 1
065690 0
123554 1
065684 1
004422 1
118581 1
004877 2
119181 2
011958 1
122873 1
124964 1
004896 1
119231 1
123232 2
091132 0
012313 0
120946 1
163843 1
120949 1
098876 0
125865 2
006915 1
120529 1
004417 1
118574 1
069684 0
102857 0
119217 1
098859 0
118572 1
007353 1
120888 1
118502 0
124241 0
151208 1
007556 1
121047 1
120077 2
151196 1
004991 1
119357 1
005497 2
120078 2
155799 0
011740 1
011739 1
118501 2
124755 1
118899 1
118105 0
118904 1
118898 1
007227 1
120784 1
179808 1
009747 1
122143 1
179748 1
179744 1
001030 0
007894 1
121318 1
121305 1
011774 0
118976 1
009601 1
018264 1
128927 1
145646 1
111721 1
111720 1
012508 1
111712 1
011487 1
118735 1
222331 1
005499 1
120081 1
251045 1
120075 1
176031 0
140690 1
119414 0
018451 1
128794 1
222433 1
120051 0
118932 0
008542 1
101966 1
004727 2
118988 2
112892 2
007503 1
120993 1
007182 0
120750 0
111226 1
140682 1
140711 1
120065 1
007081 1
120677 1
120703 1
120958 1
112884 2
251044 1
005790 1
120399 1
120336 0
112830 2
118987 2
120268 0
009342 1
121812 1
004525 1
112845 2
126306 1
004725 1
118984 1
118948 1
009054 0
121559 0
008024 1
121425 1
118955 1
012037 0
121556 1
004500 1
118699 1
012464 1
122984 1
118273 2
009668 0
118983 1
118961 1
125194 1
118698 1
118778 1
126300 1
009903 1
122246 1
118787 1
006928 1
120542 1
123526 0
120537 1
119935 2
123525 1
005477 1
120041 1
109519 2
118965 1
100853 1
100257 0
124743 1
005570 1
120158 1
119107 1
005261 1
119731 1
001429 1
145726 1
127093 1
005637 1
120241 1
028651 0
011845 1
124919 1
121808 0
004865 1
119157 1
009005 0
121525 0
011894 0
005260 1
119730 1
115485 0
005606 1
120207 1
118657 1
100852 1
011941 1
004752 1
119024 1
012128 1
004503 1
118702 1
011978 0
118526 1
100609 1
101974 0
119019 1
126789 1
174037 0
271954 1
271953 1
118967 1
271956 1
124222 1
120181 1
243929 1
115409 0
005590 1
120183 1
005815 1
120431 1
124310 1
146774 1
145435 0
004428 1
118605 1
120326 1
116622 0
123524 1
124264 1
119576 1
131743 1
068467 0
119572 1
123503 1
137264 0
145450 0
005832 1
120453 1
124182 1
086588 0
124034 1
124403 1
124478 0
005737 1
120350 1
004707 1
118950 1
005383 1
119914 1
000812 1
149927 1
135556 0
017188 1
000863 1
147994 1
133008 0
147978 1
149471 1
147989 1
149585 1
147494 1
123970 1
123965 1
134106 1
015404 1
125335 1
123972 1
259688 1
109740 1
123973 1
017366 1
009012 1
121533 1
148818 0
121900 1
008003 1
121411 1
095442 0
147017 1
148808 0
109774 1
144627 0
117131 0
028580 1
009011 1
121531 1
011974 1
162456 1
077917 0
108793 1
109108 1
162452 1
121896 1
015388 1
108402 1
121909 1
028603 0
108253 1
108286 1
086129 1
119312 0
124036 1
145765 1
140289 1
004951 1
119305 1
010221 0
122541 0
159353 1
009654 0
159634 1
159472 1
159474 0
147587 1
152934 0
147607 1
005818 1
120433 1
124237 0
120422 1
006845 1
120486 1
120421 1
005236 1
119691 1
147650 1
123654 1
123635 1
010012 1
155486 1
124359 0
155482 1
123656 1
123642 1
123641 1
264482 1
264478 1
145839 0
009010 1
121530 1
004816 1
119095 1
009780 1
122175 1
011904 1
122861 1
254593 0
010303 1
007337 1
120872 1
124611 1
141018 1
118175 1
192007 0
141017 1
259690 1
007694 0
145837 0
124727 0
141013 1
118115 1
008472 1
259692 1
012438 0
259677 1
114806 0
259671 1
259673 1
142251 1
004432 1
118612 1
170607 1
176774 1
127851 0
147687 0
011916 0
087316 0
014987 1
125741 1
009049 1
001184 1
012102 1
122895 1
101238 0
253486 1
253585 1
121234 0
252924 1
253238 1
253266 1
253239 0
009050 1
121555 1
123224 0
121554 1
121524 1
117171 1
141844 1
148263 0
141785 1
141790 1
167652 0
157130 1
094934 1
117441 0
094929 0
004720 1
118979 1
180942 0
124532 1
129063 0
131376 0
131873 1
192942 0
001036 1
001903 1
015166 1
243132 1
145651 0
243791 1
149654 1
012516 0
064380 1
123282 1
123242 1
132862 1
010102 1
122404 1
075781 0
122400 0
000713 0
015594 1
149706 1
141483 0
149750 1
149657 1
015577 1
015612 1
149655 0
149656 0
079472 1
123708 1
124663 0
006577 0
125487 1
004601 0
015264 1
125472 1
253434 1
064406 0
253451 1
002007 0
133261 0
133698 1
133706 1
176788 0
062059 1
088442 1
146471 1
088436 1
146476 1
135409 0
088424 1
013988 1
146451 1
014020 1
088369 1
088225 1
264813 0
069526 0
109568 1
121095 0
109462 1
143821 1
054367 1
140933 0
125193 0
005831 1
120452 1
168155 1
123470 1
007344 0
120444 1
120443 1
123496 1
120442 1
123493 1
120441 1
012163 0
120423 1
231149 0
062102 0
122012 0
085622 0
128157 0
115001 1
165129 1
007153 1
120721 1
120704 1
015111 0
114994 1
165130 1
148588 1
139018 1
108297 1
153083 1
006653 1
009561 1
122010 1
148632 0
139020 1
108289 1
108393 1
108368 1
071973 0
285303 0
009612 1
141695 0
122052 1
119491 1
115142 1
126005 0
115163 1
116614 0
258929 0
090393 0
125141 0
012014 0
018256 1
128935 1
004514 1
118719 1
123599 1
112198 1
112153 0
123585 1
128703 0
052070 0
027344 1
146509 1
008941 1
007558 0
007798 0
113360 1
153585 1
125280 1
015468 1
125279 1
125281 1
014782 1
125948 1
119254 0
125950 1
127204 1
144800 1
165230 1
097488 0
144780 1
165220 1
127189 1
127188 1
135200 1
145851 1
137865 1
145865 1
131296 0
284603 1
011709 1
289915 1
120040 1
146834 0
284604 1
111510 1
242420 0
147081 0
145892 1
137798 1
006338 1
127178 1
109221 1
109081 1
111062 0
167141 0
108946 0
182867 1
136554 1
140899 1
140895 1
015269 1
125469 1
000029 0
132210 1
132226 1
132116 1
086672 1
186790 1
143409 1
175297 0
186800 0
086361 1
086303 1
124995 1
184751 1
183274 1
098963 0
125175 1
125187 1
124994 0
183280 0
189373 1
212914 1
223272 1
137443 1
133085 1
178175 1
177604 1
187131 0
178442 1
189449 1
177608 0
189492 1
171456 0
186807 1
187639 0
184793 1
137113 1
137097 1
132864 1
280013 1
011985 1
017220 0
136346 1
136338 1
136328 1
135649 1
135321 1
135637 1
280020 1
132861 1
135298 1
135283 1
280004 0
212835 0
260343 0
002004 1
157994 1
286169 0
157966 1
157937 1
232577 0
136938 0
142562 1
011751 0
142556 1
260616 0
018499 1
164021 1
009204 1
231082 1
058929 0
164027 1
231123 1
164023 1
006807 1
009242 1
121718 1
007661 1
121115 1
000752 0
166913 1
145583 1
009001 1
121518 1
124204 1
066960 1
066958 1
066968 1
193345 1
180613 1
285574 1
012521 0
191654 1
145679 1
285563 1
146161 0
124880 1
201259 0
116174 0
182710 1
201262 0
124881 1
124819 1
124854 1
124916 1
182768 1
124261 1
182848 1
010385 1
119013 1
191355 0
119008 1
039077 1
145678 1
038806 1
038807 0
150020 1
223478 1
191680 0
223487 1
175520 1
147205 0
175615 0
059788 0
258631 0
141230 0
157562 1
058346 0
157279 1
157280 1
161546 1
161549 1
009078 1
121586 1
161522 1
182121 1
163288 1
136621 1
243012 0
163321 0
136567 1
136612 1
145045 0
145247 0
009660 0
278213 0
204137 0
135675 0
151307 0
158218 1
161499 1
161498 1
012548 0
158211 1
158208 1
157763 0
240809 0
121340 1
123548 1
004462 0
123547 1
121339 1
191172 1
121317 1
198485 1
287757 0
121314 1
007990 1
121396 1
228422 1
155789 1
155790 1
195553 1
089745 0
121383 1
227207 1
227221 1
227213 1
197538 1
134516 0
227224 1
222713 1
197375 1
195554 1
197368 1
222988 1
176119 1
194236 1
000522 1
004469 0
118670 0
027443 0
151366 1
130114 1
174487 0
176165 1
176176 0
195557 0
157800 0
032127 1
221167 0
032125 1
221534 1
108329 1
010179 0
221535 1
222652 1
222106 1
194676 1
211455 0
225621 1
200206 0
225613 0
140959 1
176654 1
002015 1
124324 0
140956 1
140948 1
152936 1
144221 0
159576 1
235759 1
142287 1
191572 1
007429 1
120942 1
149390 1
048970 0
142166 1
191565 1
191570 1
235639 1
145611 0
097801 1
100415 1
088302 1
015500 1
125255 1
119365 0
005014 0
227239 1
095631 1
239039 1
239051 1
239052 1
119149 0
239361 1
239010 1
167878 1
004859 1
119150 1
252893 1
199477 0
041036 0
239362 1
238990 1
167938 1
167939 1
170195 0
095190 0
126811 1
236867 1
223253 1
193466 1
122853 1
015158 0
126659 1
221711 1
233308 0
240013 0
218897 0
190348 0
090298 0
165248 0
186805 0
007031 1
120635 1
126365 1
244982 0
120525 1
126348 1
007347 0
011477 0
067675 1
067908 1
155795 1
200342 1
023054 0
130284 1
203840 0
130274 0
151864 1
198483 0
230245 1
160401 0
230204 1
071433 1
104606 1
002755 1
046042 1
015305 1
125429 1
125430 1
220747 1
220753 0
071428 1
104601 1
046043 1
046273 1
002600 1
002593 1
070528 0
051805 1
000010 1
066419 0
051806 1
051828 1
007342 0
120877 0
064500 0
223426 1
223427 1
169408 0
223267 1
122295 1
090210 1
227248 0
090061 1
015225 0
011964 1
276258 1
243518 1
202439 1
234409 0
243604 1
276334 1
276311 1
276313 1
243562 1
004263 1
118399 1
118386 1
177778 1
231842 0
177693 1
177525 1
177509 1
177515 1
148079 1
016613 1
234067 1
000065 1
193903 0
077321 0
276696 1
075874 0
150022 0
147616 0
000008 1
027296 1
115305 1
018520 1
027047 0
018081 1
017818 1
124975 0
000115 0
133837 1
000076 1
018250 1
077326 0
133833 1
133799 1
133787 1
152221 1
152222 1
124027 0
018803 1
162170 1
078797 0
162355 1
131024 0
163861 0
139559 1
139561 1
110820 0
139617 1
139540 1
095285 0
000113 0
002992 1
130095 1
011991 1
008471 0
110024 1
004942 1
119293 1
116657 1
097016 1
168987 0
096498 0
116474 1
116654 1
116328 0
257570 1
197387 0
257571 1
263904 1
000238 0
257522 0
180487 1
180472 1
180478 1
197426 0
180841 1
180843 1
180888 1
180678 1
180683 1
224948 1
064745 0
225169 1
224907 1
224908 1
225166 1
135127 0
224870 0
263999 0
182137 1
186279 1
153584 0
289288 1
056144 1
289290 1
176838 1
010379 1
194471 0
289306 1
289305 1
289326 1
176848 0
056058 1
005794 1
120404 1
100313 0
186859 0
174437 0
085976 1
085898 1
190064 1
075650 1
064004 1
122475 0
190113 1
183055 1
183056 1
183053 1
182989 1
075977 0
190112 1
183045 1
146985 0
089654 1
000910 1
085528 1
116329 0
085485 1
085484 1
089628 1
085615 1
085598 1
085745 1
089567 0
085781 0
038065 0
088688 1
199249 0
088677 0
276457 1
007813 1
121229 1
125063 0
280581 1
137428 0
122206 0
168809 0
255910 0
152880 1
076099 1
169724 0
076059 1
076009 1
008039 1
121433 1
004624 1
118826 1
288492 1
177541 0
118816 0
288462 1
288491 1
007085 0
154833 1
154859 1
131872 1
118500 0
017429 1
130684 1
288037 1
060702 1
169936 0
060697 1
288039 1
000342 1
017378 0
089596 0
256383 0
134664 1
108164 0
262796 1
225993 0
262808 1
262807 1
262969 1
115317 0
077942 1
077914 1
077934 1
195940 1
150078 0
195537 1
194012 1
194019 1
208366 0
190039 1
177155 1
190050 1
078830 1
019554 0
078849 1
078787 0
179101 1
244210 1
060753 0
244220 1
244183 1
179105 1
179110 1
006525 1
024094 1
063307 0
071969 0
230447 1
142932 0
230446 1
230435 0
203148 0
123262 1
186142 1
074799 1
025951 0
074735 0
123264 1
000873 1
034679 1
024458 0
082068 0
027545 1
082137 0
027546 1
265436 1
124485 1
154628 1
086490 1
191274 0
154647 1
154694 1
152764 1
170190 0
155489 0
067168 0
127312 1
155826 1
155834 1
153013 1
182698 1
278081 0
145223 1
265395 1
145246 1
200804 1
007980 0
142765 1
143038 0
200799 1
265415 1
200727 1
199905 1
199898 1
227249 0
123754 0
242843 0
037088 1
153087 0
034543 1
034562 1
182733 0
133594 1
004385 1
118522 1
149189 0
123020 0
257807 1
257817 1
133572 0
009562 1
122011 1
035934 0
036470 1
257946 1
179433 0
257945 0
026464 0
260444 1
004858 1
119148 1
260381 1
011343 1
011768 1
036468 1
011310 1
036456 0
260412 1
010358 1
122679 1
122645 1
260198 1
042208 1
001493 0
041660 1
260122 0
042334 1
124745 1
113190 0
124767 1
124771 1
012160 0
034781 1
125072 1
034810 1
070655 0
015332 1
125405 1
007005 1
076420 0
015335 1
125402 1
125403 1
125414 1
015319 1
125413 1
238615 1
046441 0
238679 1
239387 1
015412 1
125326 1
186041 1
015318 1
125415 1
060447 1
001926 0
004572 0
118777 0
125417 1
125348 1
125362 1
015389 1
125345 1
125346 1
126191 1
126170 1
166068 1
034587 0
064833 0
166167 1
166256 1
148795 1
126915 0
036798 1
152754 1
152763 1
017912 1
007792 1
139601 0
007817 1
121233 1
075353 1
128756 0
018513 0
075338 1
124560 0
032178 1
064984 0
130820 0
230912 1
017728 0
230921 1
222309 0
135206 1
109132 1
109186 1
289914 1
258985 0
109167 1
109032 1
134894 1
120668 0
264476 1
111197 0
264465 1
264602 1
264600 1
264194 1
264182 0
257387 1
257444 1
257445 1
265833 1
017897 0
257332 0
265558 1
266816 0
163563 0
169090 1
113405 0
278964 1
084170 0
119133 1
223476 1
085861 1
027892 0
223458 1
085872 0
067142 1
283750 0
067123 1
005091 0
100716 0
194680 1
163384 0
182666 1
148726 0
182670 1
034641 1
043676 0
182700 0
147337 0
000411 1
142207 1
166046 0
142199 1
008159 1
127053 1
197334 1
255483 1
038504 1
074622 1
241646 0
037944 1
037997 0
197296 1
009072 1
121579 1
075962 1
007285 0
121575 1
075959 0
011293 0
182221 1
032115 1
010235 0
032110 1
182247 1
194679 0
043744 0
080076 0
102002 0
254039 1
011830 1
257558 1
195670 0
257555 1
254025 1
009838 1
122215 1
290080 0
060443 1
229909 1
060341 1
162689 0
231117 1
062099 1
010217 0
020169 1
197154 0
020171 1
020193 1
164124 1
004433 0
164127 1
001087 1
140898 0
268813 0
128239 0
227560 1
070164 1
103337 1
171403 0
227441 1
227561 1
199928 1
243979 0
287253 1
121176 0
285671 0
080015 0
011181 0
144645 0
231124 0
111932 0
221996 0
128370 1
286936 1
122979 1
237505 0
286954 1
128246 1
131288 0
139926 0
227155 0
258005 1
088687 0
258002 1
228382 0
260713 0
145947 1
145954 0
264395 0
064811 1
128477 0
077233 1
079758 0
077257 1
287586 0
011269 1
005299 1
119792 1
242725 0
119764 0
123711 1
123824 1
014143 1
096417 1
029491 1
123801 1
079441 0
030002 1
124740 1
080518 1
006926 0
080510 0
012656 1
125125 1
009008 0
125104 1
125126 1
005572 0
195202 1
195246 1
111808 1
004617 1
118818 1
126201 0
118730 1
111100 0
125901 1
182147 1
065180 1
096939 1
002306 1
111946 0
096914 1
065161 1
125889 1
109225 1
134051 0
109224 1
095742 1
222371 1
220078 1
053960 0
095852 1
095738 1
095886 1
219949 0
095645 1
095617 1
140722 0
195934 1
159684 1
095630 0
195541 1
078676 0
192636 1
124060 0
115079 1
011939 0
115078 1
010568 0
037432 1
265064 0
159860 1
159869 1
111541 0
159911 0
125002 1
241298 1
120472 0
241155 1
150215 1
150223 1
125001 0
159914 0
122710 0
125703 0
091265 1
130341 1
000420 1
148730 1
288344 0
148709 0
052085 0
062582 0
184689 1
124864 0
148136 1
075571 0
125145 0
168218 1
011552 0
136521 0
185807 1
260304 0
194205 0
155349 0
126612 1
185853 1
081437 1
012273 1
025957 1
060984 0
025942 1
126598 0
159480 0
121150 1
230773 0
007224 1
041866 0
155314 1
159754 1
196958 1
037087 0
159814 1
159863 1
155675 0
159937 1
223941 0
166677 1
220313 1
153363 1
166669 1
124693 1
168219 1
151494 1
171676 0
222449 0
141336 0
164948 0
180380 0
127629 0
076273 1
175627 0
076917 1
076913 1
016433 1
031664 1
113942 1
004930 0
031677 0
113936 1
005092 1
111273 0
016434 0
057891 1
138450 0
058008 0
155830 1
115476 0
120169 0
131478 0
163342 0
066784 0
152938 0
074426 1
107599 1
175635 1
088303 0
072277 1
105450 1
169409 0
062097 0
052279 1
090438 0
170197 1
017753 1
269007 0
162838 1
018165 1
128070 0
286744 1
158077 1
018619 0
286741 1
112148 1
162025 0
260153 0
283439 0
174848 2
081120 0
174836 1
278128 1
278048 1
275784 0
201952 0
130627 1
147153 1
134270 0
147146 1
148008 0
152768 0
151403 0
063325 0
131474 0
116621 0
064110 0
025092 1
231315 0
219869 1
165183 0
219867 1
220160 1
219831 1
219845 0
219799 0
288765 1
288783 1
029979 1
046174 1
062173 1
256713 0
046107 1
062183 0
018174 1
128981 1
005469 1
120037 1
069502 0
120036 0
030197 0
108555 0
005415 1
119972 1
007339 1
120874 1
168391 2
168388 0
119971 1
119961 1
001231 1
034581 1
259964 1
244933 0
259971 1
077654 1
017885 0
097185 1
124774 1
015128 1
125611 1
168484 0
097186 1
124765 0
042558 0
125613 0
017218 1
129659 1
067434 0
128610 1
031274 0
071035 0
018013 1
243847 0
128469 1
128611 1
123890 0
012148 0
080017 0
004339 0
161550 0
052276 1
139016 1
001197 0
138961 1
139019 0
064553 1
096553 0
148593 0
174501 0
006307 0
075014 0
124904 0
009965 1
122296 1
095319 0
147615 0
143000 1
112106 0
142603 0
017582 0
253225 0
111665 1
221790 0
004634 1
118839 1
078872 1
009864 1
186860 0
118836 1
118819 1
118741 0
070071 1
103244 1
150003 0
004982 0
000134 0
122088 0
120713 1
011893 0
120694 1
120878 0
241813 0
124361 0
078764 0
040325 1
114585 0
081667 1
028011 0
081603 1
221842 0
081742 1
120693 0
168040 0
027685 0
089884 0
016345 1
148604 1
149949 1
150010 1
150048 1
150069 1
150086 1
131594 0
018735 1
148563 1
016375 1
007145 0
000578 1
178600 0
130523 1
146027 0
000575 1
147955 0
130117 1
130528 1
014824 1
125892 1
043628 0
125920 1
058097 1
091542 0
058120 1
000843 0
119497 0
118498 0
275937 0
004216 0
055254 1
079754 0
033110 0
009206 1
045660 0
005200 1
119648 1
009243 1
121719 1
119633 1
119646 1
140902 1
273117 1
179849 1
171187 0
129341 1
129395 1
238899 0
129398 1
129343 1
008329 0
119601 0
108462 1
155967 1
278406 1
200783 0
155959 1
155928 1
108448 1
156004 1
156008 1
155929 0
155953 0
278408 0
132802 1
158314 0
132732 1
132746 1
060619 0
152986 0
121906 0
113434 0
095660 0
164144 0
124979 1
156485 0
007983 0
064356 0
000521 0
162713 0
000582 1
026544 0
130186 0
111315 0
124749 0
096639 0
116302 1
231129 0
120880 0
152346 0
197681 0
144043 1
040689 0
144037 0
250251 0
084156 0
052043 1
005833 0
098388 1
152106 1
011346 1
262129 0
152111 1
018774 1
098350 1
052048 1
117130 0
051989 1
161783 0
100059 1
050198 0
066157 1
273061 1
055534 0
273065 0
224647 0
060896 1
060940 1
111027 0
060945 1
194282 0
011501 1
000675 1
065178 1
209602 0
130046 1
026133 1
001427 0
051987 0
080813 1
128860 0
055155 0
145835 1
134232 0
059466 1
163385 1
004431 0
163420 1
028099 0
149800 0
241303 0
127656 1
220529 0
127652 1
160869 0
015307 1
125426 1
199964 1
280886 0
199955 1
125427 1
028648 0
170191 0
015465 1
125282 1
034278 0
125297 1
169507 0
144352 0
125620 0
272825 0
173379 0
113692 0
087539 0
185745 0
087311 0
008645 0
015235 0
266253 0
289481 0
272768 0
013133 0
081188 1
145286 1
005077 0
145220 1
076742 0
141363 0
285313 0
230415 0
007266 1
120811 1
009452 0
007132 1
120712 1
120695 1
007080 1
120676 1
008369 1
005826 0
120439 0
126077 0
060289 0
147375 0
035231 0
256682 0
126591 0
037906 1
139059 0
037860 1
037802 1
037821 1
037801 1
037815 1
037888 1
037928 0
038925 1
