084219 1
084287 2
051255 0
084125 2
051271 0
083958 2
083753 2
075414 2
083135 1
075418 2
084202 2
115253 1
075309 2
083896 2
083693 2
082031 2
083965 2
115400 2
051488 2
084307 1
075311 2
083943 2
080394 2
051379 1
084271 2
079218 2
083698 2
083953 2
081589 2
083906 2
083537 1
082884 2
084248 2
074954 2
083739 2
084191 2
083968 2
084416 2
083746 2
114464 1
084080 2
084381 1
081650 2
083171 2
115355 1
082071 2
083811 2
074947 2
051528 2
075500 2
075505 2
083723 2
084327 1
084292 2
075159 2
043963 2
075511 2
082091 2
082887 1
083786 2
083173 2
084152 2
081754 2
082063 2
075517 2
081721 2
083059 1
084477 1
075501 2
075518 2
084183 2
083999 2
083530 2
084384 2
051503 2
075137 2
075161 2
081027 2
084474 2
077600 2
084472 2
114640 1
078452 2
075513 2
084113 1
083111 2
078080 2
025548 0
044080 2
115430 0
077606 2
079223 2
277006 1
075415 2
082096 1
115508 1
075503 2
114982 2
082757 2
084090 2
084197 2
051194 2
114483 1
083578 1
082743 2
078085 2
083444 2
084157 2
044072 2
084155 2
075120 2
082459 2
084096 1
114523 1
270009 1
083432 2
115394 2
091397 1
044108 2
083019 1
270015 1
078188 2
078440 2
043889 2
079363 2
051368 2
083479 2
044074 2
078144 2
084073 2
084131 2
081685 2
078234 2
075417 2
082490 2
084045 2
084335 2
115343 2
084345 2
043943 2
078823 2
083975 2
084336 2
114647 1
276904 1
084211 2
081701 2
079188 2
051500 2
075051 2
083179 2
280412 0
084149 1
081648 2
044075 2
044166 2
079200 2
075593 2
078104 2
115322 2
079288 2
084109 2
079364 2
081897 2
044367 2
079291 2
074869 2
081674 2
084226 2
084318 2
078442 2
082822 2
083969 2
084098 2
081814 2
044023 2
270013 1
083497 2
083961 2
075472 2
084339 2
270014 1
114487 2
114990 2
084116 2
083700 1
051078 2
269640 1
114467 2
084118 2
043965 2
051143 2
075186 2
079145 2
084267 2
114961 2
084331 2
269649 1
074721 2
092037 1
083563 2
075561 2
269586 1
082615 1
115434 0
081720 2
114894 2
083071 1
075906 2
084153 2
137680 1
044193 2
084005 1
082829 2
084306 2
084053 2
084075 2
079172 2
084469 1
079837 2
082779 2
114413 2
113800 2
007106 2
120705 2
074557 2
084154 2
029062 0
084031 2
084147 2
084475 2
081748 2
084439 1
084043 2
084085 2
083559 2
154470 0
180268 1
078630 2
084178 2
078659 2
269658 1
128261 0
082614 2
074528 2
081615 2
079793 2
280411 0
084322 2
114932 2
044184 2
120692 2
113836 2
083988 2
044115 2
082577 2
078098 2
114987 2
075608 2
081963 2
079970 2
051074 2
084479 2
044100 2
084112 2
082080 2
084206 2
075191 2
081482 2
078128 2
084216 2
083053 2
078259 2
128267 0
078285 2
083887 2
083884 2
078445 2
075325 2
082629 1
050832 1
277015 1
114972 1
079325 2
084100 2
082764 2
114873 2
084052 2
082002 2
084111 2
050972 2
084101 2
084232 2
044194 2
083699 2
084006 2
081728 2
083027 1
088340 0
079641 2
082828 2
084304 2
114648 1
081890 2
084083 2
081911 2
079167 2
083686 2
082769 2
084348 2
043966 2
081922 2
080019 2
084317 2
081637 2
084106 2
078252 2
044028 2
180323 1
051073 2
081903 2
082627 1
081768 2
083977 2
114603 2
276950 0
084255 2
081901 2
084074 1
081794 2
084117 2
276731 0
081778 2
081506 2
082073 2
280733 0
082964 2
165339 0
051251 2
114908 2
084213 2
081907 2
180277 1
051187 2
083694 2
115280 2
083168 1
082144 2
044106 2
078164 2
084718 0
083962 2
276748 0
115629 1
084413 1
083955 2
084308 2
044258 2
084120 2
084069 2
080884 2
277028 1
083957 2
081807 2
271840 1
057706 0
084038 2
084128 1
082124 2
081229 2
079341 2
114989 1
114786 1
078458 2
083931 2
083932 2
084091 2
051068 2
084387 2
083119 1
276732 1
079644 2
276891 1
043937 2
051412 2
056261 0
083684 2
083940 2
181231 1
043991 2
141877 0
051079 2
084103 2
080867 2
089147 1
220004 1
051218 2
219889 1
045040 2
081709 2
276673 0
044850 2
165383 0
054071 0
115446 1
084249 2
083844 2
219891 1
082075 2
115039 1
084217 2
114848 2
114852 2
089165 1
082077 2
044255 2
115113 2
081698 2
045120 2
053844 0
043927 2
053248 0
083039 2
089290 1
079129 2
043879 2
276736 0
084062 2
078093 2
115034 1
114258 1
043864 2
051397 2
084442 0
181262 1
051150 2
271898 1
084583 2
083702 2
220007 1
186597 1
082089 0
114003 2
078043 2
043929 2
075315 2
084252 2
079360 2
084596 2
082088 0
182993 0
084047 2
115121 2
114342 2
045144 2
084175 2
277236 0
056614 0
044339 2
044832 2
044773 2
115347 1
115445 1
084104 2
044221 2
084110 2
210897 1
210962 1
045205 2
211015 1
211014 1
112097 2
077703 2
084457 2
220514 1
114414 2
079670 2
079642 2
114556 2
084283 2
114295 1
083990 2
074907 2
082099 2
084696 1
114465 2
082093 2
114436 2
223506 1
015108 2
181139 0
114570 2
114484 2
181198 1
084097 2
084017 2
078049 2
051557 2
084617 1
223511 1
180630 1
051431 2
279827 1
051395 2
084042 2
084360 2
051210 2
044238 2
186599 1
044218 2
136354 1
113971 2
136059 1
045204 2
084265 2
115703 1
211776 1
082651 1
051107 2
062670 2
051069 2
084076 2
080366 2
083996 1
051202 2
108045 1
081889 2
051207 2
045143 2
083305 1
078303 2
080424 2
083029 2
115674 1
084775 1
081713 2
083836 2
083037 2
044186 2
084011 1
115497 1
138478 0
083701 2
180635 1
075464 2
271101 1
043964 2
084231 2
137440 0
115136 2
081896 2
080426 2
084805 2
075143 2
115104 1
271153 1
179693 1
179703 1
179961 1
179963 1
179999 1
180033 1
047416 0
084243 2
185592 1
115676 1
180626 1
084383 2
084081 2
084250 2
082969 1
138557 0
185588 1
184968 1
055782 0
185585 1
083161 2
083945 2
089197 1
114343 2
051439 2
078247 2
089249 1
083813 2
184837 1
089248 1
185561 1
083162 2
082029 2
185578 1
114673 1
083207 2
083164 2
271686 0
081933 2
084281 2
114007 2
115129 0
002361 1
180299 1
125148 1
115435 2
