003980 1
005967 1
003896 1
136158 1
136692 1
021103 0
138144 1
135950 1
137744 1
138178 1
135746 1
135751 1
137646 1
138146 1
006059 1
003894 1
138330 1
003853 1
006008 1
003962 1
135885 1
138274 1
003966 1
003951 1
006131 1
138622 1
137715 1
004049 1
138224 1
070578 0
103751 0
137786 1
136613 1
087216 0
166442 0
276747 1
136238 1
136680 1
075034 0
136811 1
138148 1
136639 1
138123 1
003861 1
003870 1
008436 1
135756 1
137705 1
138150 1
187227 0
136350 1
136873 1
135860 1
136403 1
003944 1
136592 1
136674 1
137258 1
136491 1
135851 1
135854 1
003976 1
135777 1
135938 1
003852 1
135934 1
003842 1
136690 1
135739 1
135741 1
136777 1
135747 1
135752 1
003846 1
136661 1
135937 1
135758 1
135767 1
136881 1
135759 1
137259 1
135900 1
135784 1
003859 1
135826 1
135872 1
135809 1
136382 1
135818 1
135867 1
135838 1
135931 1
135791 1
135858 1
135926 1
135780 1
136675 1
135790 1
135797 1
135750 1
136614 1
135732 1
135830 1
135738 1
135827 1
136883 1
135763 1
135766 0
135855 1
135886 1
135761 1
135765 1
137023 1
135742 1
135771 1
003849 1
135787 1
135916 1
135953 1
135839 1
135879 1
135869 1
136387 1
135942 1
135744 1
135817 0
137050 0
136585 1
135906 1
135795 1
135935 1
135726 1
003880 1
003959 1
135890 1
135866 0
138119 1
135773 1
135728 1
136408 0
136465 0
135848 1
135724 1
135754 1
135783 1
136801 1
135776 1
137765 1
135957 1
135932 1
135939 1
135955 1
135837 1
136628 0
136590 0
137985 1
135753 1
135835 1
136399 0
135785 1
135736 1
136778 1
135914 1
135774 1
136591 1
135734 1
136793 1
135799 1
135802 1
135824 1
135793 1
135778 1
135769 1
135911 1
136381 1
135924 1
135852 1
136541 1
136477 1
135757 1
136701 1
135730 1
136378 1
135861 1
003893 1
135740 1
003874 1
136404 1
135873 1
005891 1
003935 1
003914 1
137197 1
003899 1
005875 1
003895 1
003882 1
003884 1
003877 1
003994 1
136722 1
136423 1
136468 1
003955 1
136545 1
137094 1
003860 1
137961 1
136695 1
003868 1
136685 1
138180 1
004015 1
003977 1
136145 1
138170 1
136551 1
136425 1
136503 1
138239 1
136400 1
138106 1
136629 1
005915 1
138108 1
136580 1
138182 1
004063 1
003865 1
138121 1
138234 1
138131 1
138133 1
137815 1
004023 1
136586 1
137051 1
136396 1
136582 1
136388 1
136664 1
137964 1
136441 1
003924 2
136419 1
136547 1
137924 1
226201 0
137805 1
136644 1
137888 1
136499 1
137847 1
138202 1
136493 1
136505 1
003851 1
226197 0
136501 1
003916 1
138141 1
136605 1
138184 1
136383 1
137857 1
138825 1
136576 1
136394 1
138827 1
138302 1
136595 1
004055 1
138014 1
136593 1
136409 1
136507 1
136561 1
136430 1
137845 1
137784 1
136391 1
136466 1
006101 1
137153 1
003878 1
005894 1
135749 1
136351 1
136775 1
136398 1
135874 1
135868 1
135735 1
137788 1
138255 1
003872 1
138232 1
138379 1
138164 1
135823 1
137989 1
138135 1
137843 1
136167 1
136464 1
136660 1
138245 1
136474 1
003941 1
137694 1
138220 1
138127 1
003971 1
136578 1
136496 1
138011 1
136386 1
136540 1
137701 1
135878 1
138129 1
136109 1
005931 2
136617 1
135723 1
136470 1
136792 1
138200 1
137664 0
138174 1
135913 1
004001 1
003883 1
137703 1
137673 1
136450 1
138647 1
141211 1
136157 1
137670 1
135768 1
135743 1
135951 1
137849 1
137648 1
138294 1
137675 1
138216 1
137839 1
141370 1
005979 1
138465 1
136490 1
005989 1
138034 1
135760 1
136672 1
136691 1
003979 1
141367 1
137141 1
137617 1
137658 1
135910 1
006014 1
137761 1
135727 1
135952 1
141374 1
137681 1
136435 1
136414 1
135733 1
135775 1
136149 1
003879 1
135779 1
138277 1
141386 1
004045 1
136121 1
136608 1
136610 1
136700 1
003969 1
137711 1
137739 1
137879 0
137881 0
135801 1
137841 1
025439 0
137741 1
136836 0
003975 1
135923 0
137612 1
137644 1
136640 1
005945 1
078687 0
135875 1
135882 1
135479 1
014118 1
006314 1
005906 1
136673 1
004057 1
135502 1
003889 1
003913 1
135716 1
003866 1
003890 1
003850 1
136267 1
138222 0
003891 1
138352 1
135865 1
135493 1
135969 1
003995 1
136009 1
152669 0
135497 1
005904 1
003907 1
135489 1
003888 1
223391 0
058035 1
005848 1
008631 1
135495 1
137827 0
138620 0
037960 0
135673 1
135508 1
135504 1
135506 1
135491 1
003654 0
136161 1
003876 1
138120 1
138175 1
003900 1
004024 1
135970 1
138228 1
138156 1
137840 1
138353 1
138727 1
137820 1
137842 1
006127 2
137850 1
137613 1
005852 1
205499 0
180766 1
136203 1
138078 1
139835 1
138509 1
136105 1
137726 1
138142 1
162848 0
222886 0
207347 0
139851 1
136231 1
025986 0
137740 1
137742 1
138800 1
138621 1
138130 1
137618 1
137704 1
138128 1
138136 1
225620 0
137702 1
138012 1
138033 1
137695 1
137716 1
137697 1
137762 1
137659 1
137654 1
137634 1
137674 1
137712 1
137657 1
137745 1
137647 1
137727 1
137720 1
138826 1
137671 1
138181 1
137925 1
138828 1
137682 1
138157 1
138229 1
138466 1
137749 1
137874 1
137706 1
138015 1
138183 1
137663 1
138240 1
137699 1
137645 1
137962 1
137959 1
137878 1
137787 1
138107 1
138109 1
138275 1
137766 1
137677 1
137935 1
137986 1
137876 1
137631 1
137844 1
137806 1
137933 1
138179 1
138145 1
138331 1
137735 1
137816 1
138936 1
138132 1
138134 1
138147 1
138113 1
137737 1
138225 1
137846 1
137688 1
137965 1
138822 1
137870 1
137785 1
137858 1
137848 1
138149 1
137789 1
138271 1
138273 1
137990 1
138165 1
138233 1
138185 1
137679 1
137889 1
138201 1
138623 1
137894 1
138384 1
138215 1
138648 1
138256 1
138278 1
137693 1
138171 1
138035 1
138151 1
