226419 1
210803 2
210735 2
199662 1
211355 1
199768 1
207193 1
211988 0
201723 1
202309 1
206995 1
243224 1
201756 1
201815 1
253060 1
253501 2
216167 1
244451 2
191960 1
025484 0
184706 1
141618 0
197534 1
080223 2
253570 2
253575 2
253557 2
207523 2
244471 2
191952 1
275029 2
201813 1
184747 1
192027 1
197450 1
141604 0
253354 2
253425 2
197440 1
108832 1
206808 1
210748 2
253449 2
108911 1
253502 2
253558 2
253571 2
253576 2
210965 2
255936 1
257243 1
250887 2
243857 1
229701 2
233435 2
256022 1
275040 2
108912 1
109176 1
228781 1
256099 1
257343 1
201733 2
109198 1
237336 2
109210 1
257272 1
243843 1
282970 0
209712 0
237379 2
228910 1
183845 2
243559 1
079186 0
028839 0
101493 1
206698 2
183853 1
208535 0
185881 0
253600 2
253675 2
253602 2
253701 2
108880 1
242947 2
229964 2
257917 2
237378 0
229876 2
196270 2
275063 2
227462 1
258244 1
227546 0
242624 2
234372 2
229632 2
225400 2
287168 2
243558 1
287669 2
243208 1
202237 1
203074 0
258502 2
199799 1
202384 1
224535 2
184695 2
203076 2
206720 2
187602 2
240501 2
210756 1
234371 2
203072 2
199800 1
205796 2
206423 2
243497 1
256770 2
202398 0
206709 2
256767 2
206434 2
015242 0
275249 0
265042 1
244423 1
244426 2
244436 2
210978 1
243496 1
208579 1
244367 1
244366 1
017574 2
255060 1
244365 1
230075 1
115184 0
243401 1
243818 1
254637 1
244732 0
201963 1
243811 1
243561 0
201638 1
243779 1
244363 1
244425 2
234290 1
243780 1
255270 0
001554 1
152740 0
201964 1
244353 2
228782 1
228911 1
201958 1
199226 1
200003 1
153174 0
244261 2
243402 1
234289 0
199222 1
202794 1
244341 1
208546 2
243862 1
243834 1
250339 1
250338 1
202344 1
258373 2
136116 0
244136 1
257428 0
208051 1
199967 1
128478 1
257421 0
244143 1
281992 0
258357 2
128627 1
199153 1
199160 1
199154 1
251938 0
202262 1
256551 1
253926 0
199156 1
155811 1
019075 1
271663 2
274359 0
271664 2
262867 1
208975 1
070171 2
103344 2
262872 1
243826 0
070147 2
103320 2
070150 2
103323 2
208007 1
