051099 2
054715 0
059396 0
053703 0
054720 2
052712 0
054675 0
056226 0
053228 2
054407 0
053170 0
053013 0
052140 2
052771 2
056808 2
052129 2
057093 2
055146 2
052269 2
052268 2
052537 2
052724 2
054097 2
048663 2
055463 0
052516 2
056529 1
048456 2
055101 0
057335 2
057019 2
052800 2
053293 2
054896 2
054926 2
054002 0
055599 2
052755 2
054884 2
053285 2
055287 2
054331 2
053602 2
054487 2
056859 0
055478 2
054202 2
053200 2
054761 2
047658 2
055488 2
052720 2
056680 2
055087 2
056744 2
052932 2
056866 0
055487 2
054869 2
062968 2
056511 2
056622 2
056361 2
056742 2
056695 0
056492 2
054234 2
054194 2
054127 2
056755 2
055438 2
057138 0
056486 2
051031 2
056700 2
053627 0
054281 0
055991 2
056741 2
062870 2
047581 2
198416 2
057032 2
054877 2
050224 2
056182 2
056087 0
056457 0
050150 2
053243 2
055486 2
199195 2
054808 2
056516 0
199046 2
199169 2
054442 2
057372 2
053015 2
055384 2
055291 2
053001 0
055185 2
055880 2
055645 2
055910 0
054682 2
052361 2
056714 2
056278 2
053271 2
056473 0
056507 0
046870 2
055895 2
054895 2
055612 2
163108 2
052354 2
057100 2
053597 2
056615 2
057376 0
057036 2
056461 0
056857 0
054409 2
054201 2
057128 0
054357 2
163105 2
055164 0
056181 2
267459 2
056430 2
055790 0
054279 2
051033 2
053610 2
051359 2
054531 2
056789 2
053314 2
059400 0
051402 2
055525 2
054471 2
055416 2
057334 2
055200 2
056503 0
053534 2
055468 2
048384 2
056962 2
055245 2
054867 2
054727 2
055588 2
055323 0
050588 2
053665 2
055190 0
053159 2
054821 0
053000 2
202631 2
050202 2
056514 0
055982 2
054515 2
053241 2
056227 0
053152 2
050143 2
052954 2
060953 2
055311 2
048181 2
055154 0
052837 2
053003 2
052965 2
051005 2
053141 2
053423 2
055456 2
053050 2
052146 2
063658 2
063807 2
054872 2
057330 2
056832 2
052956 2
055871 2
055550 0
055391 0
055308 0
053163 2
053011 2
054899 2
199994 2
055262 2
236098 2
053408 0
049042 1
053250 2
056342 2
054277 2
055445 2
054453 0
055712 2
055148 2
054095 2
059462 0
054076 2
052833 2
061105 2
061014 2
051869 2
055470 2
054577 2
051842 0
053046 2
053071 2
056051 0
236038 2
056841 2
049683 2
050236 2
057368 2
051582 2
056316 0
235068 0
054488 0
056737 2
055162 2
056397 2
059273 2
052806 2
056381 0
052762 2
050137 1
052953 2
055331 2
055174 2
055068 2
055270 2
053040 0
050124 2
056467 0
057049 2
059315 2
053124 0
059343 0
057152 2
055587 0
053687 2
055467 2
054728 2
056346 2
055097 0
054439 2
048603 2
051110 2
051032 2
054904 2
056852 1
055179 2
051087 2
049065 2
055294 2
054278 2
052177 2
054901 2
053111 2
054908 2
051376 2
056707 2
057328 2
050963 2
055710 2
056187 2
054094 0
056186 2
056843 0
051337 2
055541 2
054530 2
049406 2
054834 2
053375 2
048583 2
056061 2
048434 2
056724 2
054529 2
049912 2
054090 2
052515 2
055216 0
054887 2
054179 2
056070 2
056738 2
054081 2
057311 0
050244 2
056851 0
054740 2
053974 2
054049 2
053007 2
055301 0
053512 2
053650 2
054218 2
055385 2
049698 2
050214 2
054077 2
055471 2
055713 2
051486 2
065922 2
051820 2
056341 2
055474 0
057317 2
056770 2
055877 0
053619 2
054365 0
056835 0
054857 2
052561 2
056324 0
050251 2
052179 2
051819 2
051102 2
054587 2
054876 2
076879 0
055592 2
052520 2
053753 2
053686 2
052910 0
056100 2
051004 2
052598 2
055995 2
054801 2
050778 2
054871 2
054989 2
053552 2
052495 2
054968 2
054803 2
015803 0
057002 2
054758 2
056794 2
048750 2
076094 2
056114 2
054544 0
051615 2
053107 2
050371 0
052776 2
055621 0
151125 0
055500 0
050670 2
053054 2
048442 2
052722 2
051364 0
055412 0
048531 2
055908 0
052433 2
052701 2
056210 2
056263 2
048202 2
056151 2
055309 0
052686 0
056861 0
050466 2
055967 0
059371 2
056498 2
055089 2
052302 2
052567 2
053704 2
056476 0
052544 2
052301 2
047551 0
056716 2
059407 2
054117 2
052111 2
030859 2
053009 2
056773 2
056127 0
059422 2
030857 0
053756 2
048557 0
054045 2
057353 2
052838 2
052591 2
056821 2
054283 2
056384 2
054638 2
052744 2
054894 2
057140 0
053477 2
053478 2
053479 2
249697 0
054334 0
052728 2
052555 2
050426 2
054429 2
052741 0
053521 2
054558 0
055738 2
052405 2
053705 2
046923 2
055875 0
052950 2
056097 2
055723 2
056515 0
052840 0
054225 0
053272 2
112682 0
056419 0
052926 2
049117 2
024350 0
057079 2
052923 2
055282 2
055292 0
054445 2
053150 0
054875 2
271306 2
052939 2
053878 0
271408 2
271307 0
052866 2
052865 2
052938 2
055036 0
052780 0
056414 2
054210 2
053600 2
053839 2
052586 2
086428 0
053245 2
053223 0
052815 0
057077 2
055490 2
055142 0
057338 2
052998 2
053158 2
054539 2
054800 2
053485 2
052485 0
055236 0
056629 2
052684 2
053076 2
055356 0
056627 2
052678 0
053039 0
054060 2
054166 2
031705 0
050118 2
055516 2
235123 0
050116 2
163241 2
052862 2
056131 2
054011 0
052846 2
056968 2
055706 2
052896 2
280512 0
052887 2
158515 0
061809 0
056358 2
053094 0
055258 2
057302 2
048484 2
081101 2
055145 2
053286 2
054274 0
081060 0
053185 2
056820 2
059290 0
054665 2
082759 2
052748 2
169098 0
052726 2
082744 2
082646 2
053691 2
052785 2
056506 0
052764 2
080365 2
166093 0
064907 0
083069 2
080427 2
080280 1
082783 2
215723 0
080399 2
082660 2
200230 2
200626 2
200630 2
082544 2
200629 2
213258 2
213275 2
213616 2
220721 2
220725 2
082598 2
220905 1
220966 2
080747 2
080791 2
082391 2
202193 2
080722 2
080772 2
082711 2
056485 2
080691 2
053020 2
082692 2
202208 2
243710 2
082386 2
082609 2
082500 2
082618 2
055091 0
055159 0
056745 2
202245 2
051780 0
055613 0
054387 2
055600 2
056530 1
082594 2
222456 0
053030 2
057131 0
202386 2
080543 0
082591 2
082690 2
080782 2
082708 2
080520 2
082547 2
080682 2
080498 2
082521 2
080736 2
080381 2
080713 2
082244 2
080773 2
080368 2
080701 2
082504 2
084847 2
080449 2
110901 2
080763 2
080756 2
080796 2
080720 2
080356 2
080514 2
080349 2
080735 2
082383 2
080724 2
080613 2
080712 2
080265 2
110933 2
084108 2
082803 2
080784 2
080635 0
080340 2
080770 2
082808 0
080379 2
080754 2
082797 0
084107 2
080474 2
289361 1
080588 2
080714 2
289050 0
022495 2
019248 2
080685 2
056326 0
082682 2
080495 2
080397 2
080447 2
052440 0
080711 2
080753 2
080471 2
080708 2
080602 2
082370 2
080611 2
080702 2
080723 2
080718 2
080398 2
080582 2
080768 2
080694 2
080597 2
082673 2
080785 2
080783 2
080360 2
080700 2
080584 2
080309 2
100425 2
080149 2
080657 2
080357 2
082300 2
080570 2
100426 2
080729 2
080591 2
022411 2
080469 2
080284 0
084127 2
080341 2
080466 2
077667 2
182918 2
182919 2
080740 2
082286 2
182934 2
080571 2
080793 0
080792 2
182922 2
080669 2
088138 2
049841 2
080693 2
181551 2
080692 2
169436 2
093611 2
083518 1
080589 2
277523 2
122348 2
039786 0
088112 2
093742 2
048416 2
062341 0
113705 2
039718 0
062343 0
081819 0
181537 2
277543 2
122350 2
088131 2
010046 2
122351 2
049908 0
083572 2
135170 2
083513 0
135172 2
083569 2
135179 2
083910 2
219939 0
135374 0
083907 2
083557 2
168464 2
004440 2
080346 2
022232 0
116411 2
222336 0
116415 2
071085 2
104257 2
082562 0
071084 2
104258 2
090281 2
263346 0
030259 2
113721 2
080764 2
080715 2
084194 2
134309 2
003562 2
081175 2
070975 2
104148 2
081021 2
134288 0
029888 2
150360 2
084192 2
163448 0
000868 0
080363 2
080965 2
121379 0
081121 2
081013 2
080993 2
029875 2
080978 0
089022 2
033175 1
087324 2
084584 2
021770 0
051034 2
050250 2
055539 0
050249 2
098844 0
285147 1
044050 0
285181 2
285184 0
138812 0
267325 0
230776 0
226994 2
048906 0
228639 2
227073 0
164202 0
080171 2
132324 0
080221 2
052659 2
140752 0
052657 0
054520 2
231240 0
080730 2
057336 0
048142 0
007807 0
083466 0
054066 2
250556 0
052882 2
080480 0
158525 0
056307 2
019406 0
053841 2
055381 0
050213 2
056152 2
049884 0
049697 2
049696 0
050837 2
054224 0
211196 0
055720 0
052220 0
056870 0
056095 2
056091 0
054452 2
053867 2
026709 0
054526 2
055435 0
035784 0
228749 0
055951 2
271761 0
053044 2
054601 2
065246 0
056723 2
144615 2
144656 2
054672 2
155603 0
054540 2
054787 0
072054 1
072432 1
072735 1
072998 1
073258 1
073514 1
073776 1
074033 1
074293 1
105227 1
105605 1
105908 1
106171 1
106431 1
106687 1
106949 1
107206 1
107466 1
110075 0
210232 0
056289 0
052738 0
064375 0
051127 2
054954 0
051160 2
054732 0
278366 0
080420 0
056415 0
054987 2
090645 0
082329 2
116895 0
081092 2
056735 2
050164 2
089683 2
225135 0
257779 0
052613 2
054753 2
054921 2
053745 2
058831 0
049671 2
036170 0
050142 2
054415 2
053828 2
056505 0
056995 0
052779 2
054535 2
056318 0
052768 2
052521 2
138675 0
052585 2
046507 0
052553 2
054714 2
013517 2
083465 1
113508 0
055123 0
013484 0
056047 0
081427 0
048831 2
019548 0
283598 0
083517 0
054088 0
052364 2
055442 2
055521 2
055447 0
003995 0
013811 0
081037 2
044582 0
120051 0
055992 2
052340 0
153432 0
054983 0
281678 0
026099 0
080148 2
075982 0
080268 2
224940 0
055784 0
056863 0
056523 0
055122 2
052649 2
056448 0
052648 0
162525 0
052542 2
056254 0
052517 2
052610 0
227093 1
054707 2
055888 2
077808 2
056031 2
002325 0
052743 0
067223 0
227074 0
277841 0
263747 2
161154 0
263741 2
275185 0
052427 0
065884 0
240947 2
090196 0
080207 1
053070 0
054227 2
146406 2
084586 0
078186 0
137402 0
118074 0
080565 0
054898 2
056044 0
013922 0
159804 2
057139 0
054321 2
054966 1
197395 0
049057 2
052794 2
211870 0
052746 0
136171 0
054962 0
052509 2
056422 2
005617 2
018314 0
052491 0
052633 2
271310 0
052609 2
118386 0
157744 0
056239 2
053810 0
015742 0
083191 2
064580 0
083198 1
138668 2
007026 0
138802 0
074727 2
002396 1
016865 0
133270 1
009106 0
083639 0
230951 0
054197 0
047210 0
056036 0
052700 2
050429 2
056504 0
052685 0
126359 0
255353 0
083460 2
121752 0
156681 0
257418 0
054773 0
275735 0
149736 0
057252 2
057253 2
057254 2
056780 0
052638 0
052997 0
057310 2
052742 0
052580 2
057318 0
052550 2
052551 2
166498 0
053057 0
001273 0
055461 2
054971 2
091775 0
054975 2
