194093 2
071204 1
104377 1
071197 1
104370 1
279949 0
193574 2
194101 2
193567 2
202637 1
202635 2
266162 2
199484 1
199460 1
195746 2
128516 2
266163 2
202641 2
128517 1
149438 2
128556 1
196796 2
195747 2
190850 2
199454 0
014582 1
196798 1
149452 2
128559 1
227400 2
202640 1
170268 0
263608 0
190783 1
138807 2
195754 2
138819 1
220363 0
196321 2
170266 0
246616 0
196251 2
196253 2
195760 1
227402 2
201727 2
201737 2
201752 1
196307 2
233314 1
224068 1
201781 2
233301 1
264171 0
223996 1
223950 0
202936 0
191964 2
201748 1
196347 0
192004 2
201734 1
201740 1
232213 0
201792 1
262765 1
230375 0
262757 1
262760 1
266022 0
257508 0
147134 2
262885 0
147133 2
202112 2
202122 2
201938 2
140691 0
201929 2
202375 2
202135 2
018018 0
196252 2
202134 1
202151 2
202934 1
257093 1
202148 2
202157 1
207446 1
226412 0
202931 1
202156 1
257107 1
264963 2
260660 2
260653 2
264964 2
196272 2
078302 0
137196 0
207490 1
261747 2
066143 0
017265 2
129618 2
145521 1
289911 1
196282 2
259817 0
008415 0
013195 0
204850 0
111521 0
261665 0
251324 1
254140 0
273546 0
123732 0
121962 0
017919 0
071434 2
104607 2
258855 0
071405 1
104578 1
264166 0
004455 0
262004 1
232890 0
261926 1
028824 0
025891 0
110893 0
213890 0
194545 2
260768 0
239789 1
239788 1
239790 1
239792 1
239794 1
239793 1
239797 1
239776 0
239782 0
239778 0
239779 0
239946 0
016925 0
152530 0
239774 0
131022 1
243190 0
131019 1
131015 0
131011 1
131026 0
280576 1
280605 1
038990 1
289475 1
014859 0
257458 0
123266 1
