038793 1
002426 1
046428 2
112106 1
113419 1
199083 1
113309 1
114502 1
114495 1
113324 1
113123 1
113496 1
113378 1
113369 1
113477 1
113502 1
113388 1
025494 2
207265 0
113768 1
113781 1
113769 1
113355 1
113489 1
113688 1
113455 1
113470 1
113693 1
113380 1
113317 1
113942 1
113399 1
079635 1
113485 1
038800 1
041854 0
259182 1
113311 1
113374 1
113936 1
114938 1
043000 0
045229 2
045228 2
113277 1
045236 2
044676 2
046039 2
043380 0
045230 2
046162 2
113975 1
113439 1
113441 1
074739 0
044604 2
113782 1
150025 0
113973 1
044608 2
113475 1
113708 1
113765 1
075023 0
113505 1
113777 1
113510 1
123139 0
080136 0
126332 0
113480 1
113326 1
113702 1
007875 1
025505 1
113527 1
113405 1
114260 1
131217 0
114254 1
113518 1
113401 1
113440 1
113407 1
262577 1
113434 1
268861 0
113433 1
113438 1
113403 1
191745 0
075430 0
111584 1
159415 0
113778 2
113444 1
079668 0
113413 1
113571 1
113511 1
113723 1
015136 1
196069 1
264157 1
080076 0
113504 1
113720 1
113566 1
016545 1
113362 1
173382 1
113360 1
127184 0
113359 1
162893 0
025404 0
113531 1
045135 0
113460 1
153363 2
075568 0
274564 0
113673 1
114215 1
022301 0
114111 1
113390 1
038024 0
113545 1
076244 0
078685 0
114410 1
114950 0
115515 1
115518 0
115525 0
002288 2
