158922 2
006786 2
120466 2
005342 2
119850 2
006780 2
119846 2
120462 2
075040 1
006785 0
120465 0
006784 0
002204 2
026641 2
026347 2
006783 2
120463 2
077760 2
178752 1
178713 1
082642 2
155971 2
077410 2
027150 2
033090 2
076153 2
158965 0
075820 2
141615 0
178696 1
075784 2
112565 2
075778 2
178615 1
107948 2
224867 1
178592 1
112584 2
285292 0
120464 0
232859 1
079078 2
224875 1
224876 1
232864 1
002461 0
076304 2
076403 2
076286 2
107959 2
220481 2
019066 2
285286 0
230775 2
158971 0
108052 2
284679 1
160977 2
052946 2
159895 1
064676 0
011047 2
284680 1
161033 2
161029 2
220479 2
159880 1
159881 1
165140 2
159870 2
165121 2
165105 2
069102 1
102275 1
159866 2
165079 2
164990 2
015206 2
125541 2
273696 0
159857 2
110114 2
117225 1
165086 1
273700 0
165084 1
082151 2
110373 2
011219 2
000428 2
217696 0
029250 0
003986 2
224226 1
081075 1
207853 1
018228 2
128947 2
081045 1
096720 0
153493 2
275892 2
