145072 2
149718 1
139511 2
133893 0
139598 0
150011 2
150029 2
150037 2
150031 2
150019 2
150026 2
268368 2
268383 2
266378 0
153100 0
267191 1
267475 0
147702 2
192073 2
177674 2
177735 2
177759 2
145863 2
152884 2
152890 1
152896 1
192069 2
188321 0
165771 2
163379 2
153984 2
153966 1
258702 2
177734 0
265185 2
285262 2
285270 2
285273 2
285278 2
256706 0
226019 2
237588 2
193164 2
237587 0
208884 2
037176 2
034925 2
035139 2
034924 2
037318 2
037251 2
035590 1
272064 0
213033 2
152504 2
149728 2
152075 2
152505 1
151207 2
150563 2
150027 0
168530 1
168527 2
150921 2
261223 2
191736 2
191737 2
152030 2
151035 0
159282 2
099728 1
100768 2
100742 2
287875 2
259343 2
258910 0
285261 2
285269 2
285272 2
285277 2
093247 0
235287 2
174824 0
235248 2
235250 2
235256 2
280878 0
056337 0
041935 2
235328 0
131565 2
148166 0
156837 0
243609 0
259221 2
270198 2
259342 0
083221 0
019912 2
277939 1
277942 2
268794 0
190408 1
233010 2
233026 2
213077 0
147414 1
003080 0
224125 0
014308 0
272091 0
178095 0
041934 0
150934 0
002465 1
177758 0
131578 0
085633 0
165347 0
163186 2
163155 2
163131 0
136834 0
141734 0
151888 0
256705 2
256708 2
136850 0
175467 0
256709 0
242242 0
268619 0
273821 0
263670 1
288132 2
252764 0
028370 0
149100 0
019911 2
263662 1
263694 1
152112 0
137999 1
