193625 1
193621 0
193636 1
193637 1
193638 1
193746 2
187227 1
078716 0
144269 2
011048 2
178458 0
183372 2
130846 2
130899 2
130885 2
192796 2
176986 2
176990 2
176971 2
176981 2
176984 2
176980 2
176972 2
184311 2
184304 2
152720 2
007261 0
249427 1
218213 2
218222 1
256381 2
191253 2
157787 0
152851 1
152824 1
152833 1
176780 2
175367 1
160046 2
160074 2
107719 2
155187 0
173419 0
066802 2
066524 2
177070 2
177013 2
011899 2
021587 2
173852 1
171128 2
176649 2
176686 2
176636 2
080444 1
123391 2
169673 1
121978 0
081232 2
288636 0
220212 1
178513 1
169687 2
007938 2
279180 2
121351 2
169674 2
177449 2
177912 1
089470 2
289368 2
067093 2
067099 0
152990 0
130847 2
222522 0
130886 2
130900 2
197451 0
199294 1
199330 2
199391 2
007401 0
155338 2
030649 0
075042 0
182578 0
242648 0
187344 0
184897 0
039138 1
127090 0
177196 2
000010 0
202815 0
152261 0
071706 1
169978 0
104879 1
039944 0
114068 0
082974 2
255080 1
255056 2
255021 0
087216 0
254963 0
267917 0
221504 0
173343 2
210842 2
210827 2
210816 2
011314 1
167607 0
222529 0
184951 0
179268 1
019973 2
288077 0
060448 0
258323 0
102113 1
099971 0
175614 0
009518 0
102027 0
012019 0
114210 0
176827 0
199430 0
102115 1
102155 1
099977 0
102079 1
102074 0
161091 0
152225 0
242782 0
015637 0
178101 0
148562 0
006838 0
201558 0
129537 0
124768 0
141194 0
118773 0
148993 0
099605 2
221523 0
013765 0
004328 0
151379 2
151304 2
151291 2
016859 0
016824 0
232780 0
231942 0
160565 0
191910 0
199396 0
011384 2
120808 0
000882 2
194441 0
202942 0
030620 0
075809 2
076133 0
174749 0
030613 0
159769 0
005038 0
267709 0
243930 0
016803 0
140175 0
286243 0
218910 0
267911 0
201768 0
179799 0
152213 0
153638 0
014628 0
121979 0
025268 0
039959 0
163317 0
230067 0
020669 0
024478 0
123967 2
201860 1
