256945 0
230335 2
230340 2
230428 2
230355 1
230426 2
206291 1
206280 1
206269 2
230364 2
230363 2
193018 0
223497 2
196063 2
204674 2
204476 2
231924 0
258140 1
275039 0
230344 1
230337 2
198025 1
198244 1
197756 1
197214 1
197205 1
193241 2
192655 2
192663 2
192675 2
192677 2
192678 2
243031 1
184158 2
184192 2
258353 1
273940 1
235789 1
253810 1
234111 1
234068 2
234066 1
234114 1
253813 1
194742 1
194745 1
274541 1
256116 1
237009 1
229488 1
227723 1
275171 1
254519 1
254610 1
237403 1
277428 1
225396 1
225455 1
225391 1
182488 2
225781 1
225764 1
276653 1
280219 1
253648 1
279053 1
234849 1
234835 1
234820 1
170618 2
274684 1
279055 1
190852 1
200051 1
234744 1
273448 1
232476 1
273216 1
279002 1
176308 2
234736 1
235141 1
267334 1
158185 2
202248 2
202805 2
221180 1
018787 1
152397 2
192394 1
192572 1
152394 2
286424 1
012750 2
190644 2
234413 1
157915 2
231898 1
153792 1
286427 1
191185 2
198024 1
211234 1
158186 2
268961 1
226749 1
210727 1
230065 2
197763 1
256582 1
228971 1
253072 1
267160 1
276458 2
191890 1
274755 1
171519 1
244416 1
256447 2
243640 1
243634 1
236111 1
267238 1
287546 1
160331 2
159852 2
256043 1
201220 1
267401 1
255652 1
284974 1
154786 1
255674 1
269307 1
285320 1
198889 1
254994 1
239343 1
240271 1
285304 1
279422 1
154568 1
229438 1
257108 1
268031 1
267933 1
154591 1
154775 1
269168 1
210361 1
163471 0
199042 1
199044 1
184530 2
275049 1
287774 1
199096 1
213213 1
275053 1
199069 1
199068 1
275057 1
275060 1
279064 1
257589 1
275022 1
284985 1
221402 1
184556 2
179398 1
263989 1
162819 2
002815 1
184588 2
164146 0
184555 2
244319 1
244305 1
244397 1
244399 1
154482 1
155031 2
154490 1
154881 0
184518 2
278512 1
196081 1
276906 1
257973 1
187255 2
257974 1
274365 1
271679 1
259841 1
154898 1
274670 1
274764 1
221887 1
274719 1
241490 1
259514 1
018698 1
216295 1
244910 1
164091 1
149142 1
219675 1
259015 1
155576 1
219727 0
276658 1
129926 0
187259 2
002622 2
197039 1
192945 1
282846 1
010786 2
282864 1
258195 1
254248 1
221656 1
282847 1
127117 2
158714 1
221429 1
274779 1
229631 2
274562 2
127264 1
082641 1
274680 1
274662 1
127279 2
274658 1
270939 1
221637 1
270986 1
270958 1
220748 1
222055 1
201672 2
221581 1
158606 1
270993 1
284330 1
138290 1
138253 1
270987 1
165387 1
278243 1
082639 0
192558 1
276843 1
222521 1
271313 1
257361 1
270967 1
257402 1
169647 1
201691 2
173331 2
138289 0
276861 1
255411 1
156647 2
257302 1
277173 1
257307 1
173330 2
153710 1
257370 1
153712 1
154734 0
156642 1
162876 2
244972 1
244964 1
276864 1
244971 1
274678 1
244973 1
162882 2
274996 1
244974 1
275400 1
247029 1
277175 1
274620 1
274625 1
071106 1
104279 1
274786 1
275074 1
158948 2
278702 1
247385 1
139392 1
153085 2
275061 1
247415 1
071104 1
274797 1
255347 0
275062 1
162056 2
276744 1
278785 1
139475 2
253699 1
276971 1
275079 1
269894 1
274685 1
275403 1
153052 1
247028 1
277000 1
152398 2
104277 1
138763 0
275001 1
253793 1
275000 1
274716 1
274772 1
138385 1
274997 1
279051 1
274711 1
151313 1
279059 1
275212 0
275486 1
253822 1
152276 1
274998 1
253853 1
254373 1
151310 1
274713 1
151545 2
279065 1
274736 1
247384 1
274768 1
274706 1
274703 1
275416 1
275395 1
254379 1
275415 1
274783 1
274741 1
275396 1
173202 2
275002 1
254381 1
254383 1
274739 1
275402 1
254391 1
274962 1
276664 1
274579 1
163129 2
173207 2
274841 1
275413 1
276677 1
274746 1
275399 1
274777 1
275125 1
154771 1
253086 0
153556 1
274778 1
275038 1
275414 1
275135 1
274740 1
275260 1
275137 1
151544 1
275163 1
151306 1
163126 2
274737 1
275076 1
274762 1
153558 1
151318 1
201954 2
274709 1
274742 1
274712 1
275401 1
153571 1
156693 2
274724 1
256890 2
153535 1
256888 2
257094 1
274573 1
274836 1
274635 1
275068 1
151305 1
016029 1
276648 1
275275 1
275078 1
274838 1
274757 1
275069 1
148992 1
274733 1
156124 2
275121 1
172929 2
274732 1
274601 1
275178 1
242333 2
274815 1
172878 1
242337 1
150202 1
000106 1
275151 1
274871 1
274873 1
137821 1
137861 1
275030 0
210492 1
275026 2
137833 1
275857 1
137856 1
274595 1
137364 1
202656 1
173213 2
257172 2
137374 1
176466 1
173216 2
274600 0
274820 1
274626 1
257140 1
154427 1
150125 1
274744 1
257110 1
257166 1
269074 1
257313 1
150117 1
269048 1
276844 1
276849 1
274701 1
266772 1
274570 1
276748 0
137316 1
156351 1
154788 2
257324 1
275033 1
274632 1
137293 1
266768 1
268780 1
275664 1
275659 1
274674 1
257320 1
274760 1
137288 2
274749 1
274720 1
274727 1
167223 0
266443 1
275071 2
266072 1
173248 2
275081 2
274566 1
274667 1
173257 2
257321 1
266069 1
266362 1
154789 2
267629 1
266784 1
286426 1
002315 1
268954 1
265315 1
265282 1
173314 2
269614 1
138292 0
268960 1
173318 2
265329 1
265245 1
268611 1
256932 1
267124 1
269611 1
133162 1
275006 1
256880 1
273426 1
278547 1
278615 1
269020 1
256970 1
278684 1
257443 1
268663 1
265224 1
268674 1
274568 1
269465 1
257161 1
276767 1
273451 1
268944 1
257390 1
165747 1
257038 1
161388 1
278640 1
274775 1
268678 1
269602 1
278641 0
267989 1
269036 1
274636 1
257138 1
257499 1
161146 1
274627 1
161847 1
283475 0
257438 1
165837 1
226869 0
276992 1
195894 1
276996 1
257393 1
256867 1
274640 0
165833 1
257503 1
268762 1
273221 1
276002 0
269547 1
257117 1
165875 1
157679 1
286423 1
165716 1
153968 2
154824 1
165743 1
153978 1
014352 1
257937 1
256892 2
157893 2
274807 1
161176 1
173334 1
189917 1
157887 1
166056 1
237434 1
276651 1
173650 1
153738 1
147163 0
256931 2
274801 1
237420 1
172953 2
158036 1
173326 2
274805 1
172954 2
274747 1
173386 1
173411 0
274748 1
173329 2
276357 1
276359 1
173347 2
276338 1
173381 1
160817 0
154826 1
270981 1
161303 1
015890 1
237419 1
016635 1
276380 1
274830 1
237435 1
278532 1
173408 1
276566 1
161356 1
278538 1
270935 1
232463 2
201070 1
270889 1
271032 1
173686 1
119489 0
270881 1
253389 0
271036 1
173898 1
154131 1
276593 1
137220 2
012969 0
201148 1
275430 1
277003 1
012978 0
275283 1
190808 1
190778 1
154126 2
190827 1
231017 0
201060 0
275472 1
275292 1
275280 1
257237 1
141561 2
257234 2
201059 1
201142 1
276749 1
256940 2
283188 1
271059 1
277004 1
271054 1
276668 1
270953 1
187276 1
272303 1
274734 1
117133 1
168132 0
275350 1
279771 1
153458 0
275349 1
274585 1
117120 1
284161 1
154764 1
275509 1
160962 1
099631 0
229348 1
256965 2
154811 1
190777 1
260380 1
275594 1
269246 1
260364 1
256889 2
285653 1
006983 0
276339 1
276358 1
257134 1
257415 1
276678 1
154130 0
270994 1
276848 1
274617 1
276842 1
224069 1
160865 1
156492 1
276360 1
276381 1
156493 1
276567 1
276757 0
274624 1
256987 2
226723 0
175742 0
273961 1
273936 1
179117 0
274016 1
257377 0
276659 1
278540 1
278561 1
221981 1
156486 1
275738 1
275070 1
079258 1
079259 1
244873 2
275080 1
025714 1
275032 1
278606 1
278621 1
265349 0
247387 1
275398 1
275805 1
257374 1
274633 1
278569 1
075049 0
274639 1
077143 1
257365 2
224392 1
224160 1
278611 1
223961 1
225454 1
278383 1
278386 1
271322 1
225395 1
247346 1
274602 1
025296 1
247309 1
273903 1
240284 1
273888 0
173315 2
271540 0
271015 1
155167 0
177565 1
245033 1
177571 1
015744 1
177920 1
253129 0
274574 1
276700 1
162338 2
276689 1
257135 1
173805 1
177971 1
271374 1
273246 1
238482 2
276801 1
173397 2
165398 1
276808 1
173389 2
178083 1
278559 1
047152 0
198157 1
257133 0
201533 0
276379 1
256993 1
253652 0
281038 1
010552 1
007457 0
176421 1
163762 1
257920 1
270892 0
177885 0
194510 0
273262 1
257672 2
278629 0
173042 1
278550 1
278551 1
274605 0
173296 1
126226 1
197992 1
126341 1
198101 1
173561 1
159003 1
198115 1
198118 1
173588 0
225780 1
126217 0
126358 0
015398 0
277968 1
225787 1
272128 2
271304 1
272001 2
197993 1
277974 1
272169 2
198415 1
176220 1
198455 1
272129 1
159004 1
264027 1
264311 1
257121 1
257127 1
271601 1
256893 1
271110 1
275485 1
257678 1
174422 1
176408 1
274754 0
197244 1
277283 0
273250 1
271124 1
275491 1
273305 1
154517 2
018867 0
174650 0
276731 1
154518 2
250460 2
256982 1
238381 0
272403 1
264989 1
271044 1
074738 0
163455 1
176221 1
257420 1
176735 1
261022 0
057706 0
019032 1
154802 2
205411 1
262802 0
154429 1
257426 1
204806 1
273214 1
094328 1
275365 1
254390 0
142258 0
176731 1
176733 1
154790 2
174628 0
161192 0
085621 1
173400 2
275031 0
173409 2
176693 1
257168 1
176695 1
182637 1
176738 2
257167 2
182631 1
276742 1
148555 0
141319 0
148787 1
085631 1
190386 2
148772 2
173308 2
271077 1
001552 1
141958 0
052775 1
172767 2
051194 0
264799 1
264858 1
264860 0
270802 1
173327 2
244169 0
271065 1
278800 0
138236 2
275884 1
276716 1
138237 1
276715 1
172779 1
093474 0
150088 1
270798 1
154763 1
115973 1
116046 0
052637 1
270801 1
154902 1
154749 2
173205 1
264990 0
154843 1
154671 1
173200 2
271508 1
271406 1
004144 1
174407 1
174423 1
118253 1
154672 0
154809 1
154173 1
174734 1
154632 1
188101 2
154633 1
164291 2
154823 1
223899 0
154958 1
025713 0
154068 1
132716 1
154957 2
132795 1
132816 1
174697 1
154067 1
153969 1
174863 1
154793 0
153988 0
154836 1
154845 1
174874 1
278616 1
132796 1
278548 1
276565 1
154481 1
132834 1
158330 0
132873 1
132868 1
157176 1
052751 0
157181 1
221847 1
284924 0
171566 1
154489 0
171555 1
262792 0
287543 0
271391 1
002081 0
130303 0
034166 0
271509 1
017581 0
256411 0
196879 0
061214 1
147090 0
285989 1
117104 0
005083 0
061176 1
285953 1
275363 1
061169 1
264409 0
256886 2
271301 1
168532 1
275362 1
275422 1
238299 0
257145 1
277228 1
154522 1
173412 2
168501 2
275366 1
257157 1
168502 2
277212 1
168489 1
201071 0
097090 0
257502 1
160790 0
232949 0
175361 1
257122 1
286643 1
257128 1
064332 1
173415 2
172912 2
274592 1
286782 1
172886 2
257158 0
286714 1
286809 1
239866 0
175623 0
154524 0
281936 1
257498 0
173307 2
276667 1
162906 0
274609 1
173253 1
148961 0
221903 1
278844 0
196066 0
269428 0
257805 1
181744 1
238226 0
211766 1
270775 1
222898 0
226748 0
010931 0
211767 1
154835 0
016720 1
173362 0
141321 0
173387 2
148718 0
113986 0
211580 1
164369 1
160787 0
257800 1
271076 1
276945 1
201578 0
276939 1
219199 0
173390 2
239602 0
165820 1
263191 1
263187 1
150878 1
271106 1
221693 0
028877 0
259444 0
275397 0
276732 1
152247 0
174625 0
276917 1
063595 0
068716 0
154756 1
133857 1
176426 1
002819 1
047953 0
154813 0
276822 1
286808 1
175605 0
276733 1
276825 1
265147 0
233991 0
286781 1
271591 1
277318 0
278488 0
178763 1
274014 1
176222 2
276891 0
192994 0
027124 0
178769 1
253444 0
178648 1
178787 1
149025 0
136199 1
001232 0
272193 1
004884 0
271116 1
272190 1
063302 0
130492 0
138624 1
138605 0
254378 0
274607 0
150255 0
169185 0
276863 1
276860 1
049176 1
278632 1
004324 0
049168 1
278637 1
160610 2
140539 0
173190 0
041905 1
124268 0
160616 2
156494 0
274854 0
055131 0
047057 0
228611 0
199897 0
263900 0
058336 0
094851 0
270951 1
168383 0
008754 2
162815 1
173413 2
094331 0
285561 0
138735 0
063605 0
113870 0
275048 1
181248 0
159062 0
092046 0
274020 1
275059 1
278798 1
162782 1
164138 0
275056 1
240547 0
278734 1
275052 1
270954 1
162856 1
162860 1
277835 0
173388 1
270977 1
141975 1
142066 0
267885 0
173398 2
015215 0
048718 2
170538 2
074751 0
276649 1
047410 0
130159 0
253812 1
270957 1
165395 0
252220 0
142426 0
270992 1
194719 1
276736 1
172896 2
255673 0
194727 1
170523 2
