222411 0
206534 0
015842 0
051209 0
139552 0
124761 0
162602 0
051194 0
178482 0
216411 0
231729 2
231734 2
221708 1
200983 1
199560 1
201081 1
200969 1
201400 1
201255 1
201258 1
200476 1
221913 2
221911 2
219516 1
219493 1
222073 1
222127 1
219549 1
222234 1
222235 1
219182 1
219135 1
197356 1
191748 0
217215 1
220010 1
220015 2
220016 2
219995 2
219972 1
219768 1
219756 1
053519 0
219763 1
211241 1
162992 0
225425 0
230837 1
208102 0
218890 0
280647 0
219767 0
078158 0
243426 0
173060 0
265165 0
222155 0
232609 0
142145 0
225828 0
115527 0
225422 0
279544 1
276206 1
230890 0
244513 1
244521 1
225149 0
225959 0
022682 0
243227 0
165103 0
250918 0
243351 0
269301 1
077374 0
209294 0
262159 1
260871 1
260904 1
263369 1
260990 1
261018 1
261046 1
260991 0
260971 1
260972 2
260973 1
270873 0
279543 0
262452 1
083067 0
059140 0
264409 0
164504 0
163233 0
029261 0
139836 0
219942 1
275418 0
280206 0
019053 0
269304 0
139169 0
221868 2
221861 1
163027 0
221740 1
219661 1
205443 0
032794 0
277997 0
219510 0
275726 0
262158 0
221875 1
221770 1
191747 0
044305 0
269643 0
116317 0
095941 0
271910 0
223288 0
018663 0
086484 0
279476 0
263189 0
022398 0
006243 0
267234 0
142184 0
214259 0
221387 1
221409 1
134320 0
056316 0
170627 0
167399 0
019237 0
221191 2
219394 0
187728 0
221748 0
192317 0
175610 0
261019 0
117103 0
174482 0
116849 0
264675 0
220679 0
131798 0
243192 1
243183 0
243191 1
236978 0
227761 0
252818 0
188743 0
261047 1
242697 0
279788 1
279792 1
142200 0
230009 0
219918 1
220065 1
220066 1
