278758 0
070284 2
103457 2
070151 2
103324 2
070059 2
103232 2
070056 2
103229 2
070061 2
103234 2
070085 2
103258 2
070108 2
103281 2
070010 2
103183 2
112385 2
111963 2
108202 2
097701 0
261760 0
041509 2
099086 0
108802 0
114382 2
114462 2
114384 2
109380 2
109381 0
116573 2
097157 0
093938 2
098366 2
099069 2
093892 2
099342 2
099083 2
099357 0
099192 2
093931 2
093942 2
093941 2
094008 2
094071 2
100245 2
100034 2
099790 0
094699 2
097817 2
098354 0
097815 2
097821 2
097808 2
097857 2
098070 2
098021 2
098059 2
098097 2
098777 2
098629 2
098639 2
098644 2
098784 2
098793 2
099092 2
099104 2
098029 2
098010 2
098028 2
098068 2
097974 2
098104 2
098020 2
097973 2
097830 2
097925 2
097920 2
097949 2
062153 0
020886 0
102061 2
096207 2
094056 2
094074 2
094046 2
094081 2
093948 2
096181 2
096231 2
096201 2
093698 2
099515 2
108817 2
095986 2
095958 2
098797 2
094612 2
094522 2
098781 2
094440 2
112806 2
094558 2
101876 0
094481 2
094550 2
094564 2
145974 2
146000 2
004379 2
096936 2
118512 2
096894 2
096648 2
101226 2
004171 2
112821 2
118279 2
112834 2
094055 2
095978 2
094054 2
094051 0
095413 2
111268 2
101255 0
111269 2
111293 2
112769 2
097345 0
095398 2
112773 0
236927 0
094587 2
125036 2
096043 2
096003 2
096002 2
095882 2
096049 2
092875 0
138970 2
096240 2
095659 2
092971 2
139214 2
090946 0
187021 0
094020 2
093973 2
094019 2
119817 0
096209 2
094068 2
005062 2
119461 2
096206 2
133661 2
133721 2
095032 2
094973 2
094749 2
119260 0
094827 2
094729 2
094698 2
078739 2
078741 2
096236 0
078746 2
078271 2
078772 2
078778 2
098375 2
101189 2
101190 2
067563 2
079580 0
098200 2
067592 2
067615 2
260644 2
097084 0
095399 0
067636 2
067649 2
068254 0
093912 2
113717 0
072263 2
133940 2
105436 2
018460 2
074433 2
107606 2
140247 2
128788 2
135085 0
095937 2
140355 2
140266 2
141970 2
092536 2
095961 2
128871 2
061662 0
096033 2
095638 2
012267 2
126367 1
128870 2
095600 0
128152 2
001330 2
131413 0
128869 2
092554 2
092542 2
092526 0
058019 2
117575 2
065068 2
065101 2
127702 0
100279 2
096418 0
100378 2
100428 2
132568 0
100303 1
131127 2
098499 0
093686 0
100464 0
114151 2
196375 1
141527 2
243192 0
131999 2
131993 2
131996 2
132001 2
001235 0
085145 0
131238 0
063264 2
093940 2
063267 2
093889 2
114205 0
093853 2
063331 0
144933 1
131016 2
131014 1
093794 2
131020 2
097696 0
126999 2
131460 2
131493 2
131482 2
131490 2
131505 2
005817 2
063759 2
131994 0
120432 2
128136 2
120430 2
066294 2
017676 2
001887 2
129322 2
108127 2
132614 0
256266 2
256268 2
256264 2
139721 2
155560 2
256259 2
155568 2
256244 2
017937 0
268459 2
142387 2
202877 2
202878 2
108731 2
108729 2
108710 2
202529 2
140525 0
176680 2
142394 2
199021 2
176683 2
164649 2
164635 2
148908 2
162048 2
258755 2
151732 2
063058 2
194511 2
233721 1
234100 2
011334 2
122716 2
224815 2
224893 2
279290 2
224903 2
122714 2
224901 2
122712 2
179523 2
119264 2
224816 2
193987 2
224894 2
193910 2
064517 2
224748 2
224743 2
224741 2
224759 2
224690 2
152489 2
261063 2
122708 2
219863 0
122690 2
233769 0
281621 2
163927 2
192032 2
112623 0
152457 2
261068 0
153606 0
152492 2
152337 2
133920 2
152334 2
257539 2
157676 2
164228 2
133912 2
164156 2
142421 2
257559 2
133919 2
133773 2
261057 2
257540 2
257534 2
165225 2
060971 2
060968 2
011266 0
275361 2
006972 2
120597 2
142538 2
162985 2
163061 2
162959 2
192455 2
201732 2
190371 0
143423 2
143418 2
149293 2
258741 0
143414 0
163208 2
146800 2
158434 2
152115 2
069740 2
102913 2
117907 2
099295 2
099293 0
159802 2
158390 2
159806 2
117927 2
219542 2
159878 2
000920 1
159879 2
001120 0
159884 1
159886 0
150615 0
083156 0
111530 2
116551 2
144464 2
170092 2
116967 2
169455 2
117163 2
065663 0
001228 0
144447 2
144446 2
017392 2
201334 0
177947 2
129516 2
144519 2
017318 2
129572 2
098045 2
177952 2
007726 0
178726 0
098324 2
001778 2
259772 0
144461 2
098321 2
187313 0
130291 2
130292 2
098300 2
098302 2
130318 2
010349 2
155575 0
130164 0
122671 2
090626 0
164910 2
093802 2
102086 0
144448 2
242819 0
265210 0
112328 2
111511 2
076870 2
111259 2
001997 0
130398 2
077026 2
077029 2
281620 0
000972 1
069170 2
157795 0
102343 2
111257 0
142521 2
163724 2
220609 0
066285 2
266398 2
142511 2
197193 2
260347 0
197197 2
149742 0
197191 2
163725 2
075319 2
109982 0
163730 2
163727 2
002844 1
095524 2
002762 0
099273 0
094752 2
167959 2
131746 2
017314 0
079747 0
094848 2
165988 2
166008 2
131985 0
010474 0
118516 2
146071 2
004419 2
133951 0
119474 0
244452 0
005703 2
009871 2
192647 0
062701 2
101555 2
120323 2
074864 2
177516 2
001203 0
163739 0
079190 2
257529 0
074842 2
122229 2
111735 0
002414 1
075008 2
138528 2
007217 2
079227 2
136132 0
110609 2
101412 2
280215 0
138516 2
090497 2
142106 2
120778 2
120708 1
094178 2
094209 2
120594 2
085261 2
085285 2
125023 2
129155 0
094235 2
159101 2
159093 0
094232 0
130081 0
137329 0
125021 2
006872 2
266984 0
196408 0
076093 2
144985 0
087602 2
120500 2
064258 0
272041 0
129059 0
113262 2
159666 2
181843 0
188852 0
159721 2
098342 0
120924 0
144444 0
159716 2
145059 0
083219 2
065856 2
083222 2
083253 2
083254 2
083279 2
211970 0
065895 2
085206 0
138447 0
243927 0
065912 2
092463 2
160190 0
112496 2
099792 2
236564 0
069174 0
132566 0
280276 0
094229 0
149696 2
183235 2
062156 0
162429 2
052084 0
126897 2
281187 2
090713 0
281036 2
127166 0
152714 2
281012 2
142441 2
017894 0
109421 2
219985 2
099121 0
280920 2
223994 0
280972 2
090825 0
162409 2
177027 0
110351 2
148809 2
132046 0
158158 2
084521 2
098328 0
084692 2
084690 2
126898 2
010774 2
068637 0
189910 2
003267 0
065032 2
189923 2
189892 0
001662 0
084712 2
084711 2
084714 2
084707 2
069762 0
195317 0
148997 0
101868 0
096761 2
177529 0
096656 2
209680 2
166522 0
143222 0
110617 0
086138 0
079079 2
084144 0
009607 2
122050 2
094065 0
136103 0
141550 2
114290 0
133028 0
092794 0
151154 2
141249 2
261062 0
230643 2
151373 2
008402 2
151160 2
010261 0
156303 0
116110 0
123285 0
151168 2
240475 0
092937 2
065986 0
138363 2
001821 0
138306 2
138334 2
138336 2
189109 0
093478 2
100457 0
235939 0
134639 0
007437 2
120948 2
146074 2
004518 2
070582 2
103755 2
118728 2
146043 2
131145 0
097344 0
098179 0
140020 0
236358 2
231476 0
070343 2
139416 0
098362 2
103516 2
153562 0
147441 2
115496 0
238028 0
147422 2
168732 2
070148 2
147443 2
168733 2
098360 0
103321 2
111377 0
147420 2
098280 2
169567 2
146532 0
199448 2
161920 0
131134 0
169549 0
111328 2
199420 2
199462 2
086015 2
071377 2
104550 2
071364 2
104537 2
083323 2
201858 2
083329 0
210042 0
018362 0
162827 2
162829 2
162986 2
133887 2
091338 0
163062 2
026685 0
155289 2
007411 0
116147 0
159722 2
032198 2
100286 2
186742 2
186703 0
076683 2
139541 2
009046 0
237999 0
079654 0
139618 2
139619 2
163741 0
099248 0
065854 2
004198 2
065858 2
188211 0
067847 2
083900 2
228333 0
002281 0
058789 2
056274 2
195952 2
069841 2
088919 0
280365 0
060989 2
060988 2
195950 2
195935 2
064219 2
101087 0
138878 2
060995 2
064203 2
064162 2
103014 2
064198 2
006934 2
120557 2
119916 0
060902 2
133210 0
063851 1
199741 2
197138 0
225544 0
056677 2
063850 2
079743 0
079592 0
169282 0
230390 0
088917 0
075722 2
142003 0
190412 0
048069 2
142636 2
048075 2
228310 0
078325 2
078236 2
066154 0
142650 2
189169 2
064971 0
221273 0
078345 2
093856 0
157032 0
078404 2
078237 2
182823 2
005432 2
181801 0
099271 2
199699 0
032502 2
119989 2
032485 2
031921 2
138444 0
032450 2
032446 2
189164 2
032442 2
189162 2
189161 2
189160 2
114787 0
016714 0
052300 2
086601 2
095804 0
004409 2
076297 0
179751 0
118566 2
052305 0
006933 2
117639 2
120556 2
158238 0
189126 0
033125 0
025131 2
117710 2
093827 0
117703 2
143213 0
237341 2
117708 2
144337 2
141038 2
086283 2
087982 2
064820 0
124355 0
070221 0
140978 2
140980 2
095526 0
117564 2
007070 0
198142 0
117556 2
095225 2
128747 2
095228 0
145064 0
156664 0
002717 2
244681 0
131414 2
283473 2
033130 1
131421 0
283178 2
137110 0
283164 2
088008 2
094344 0
184854 2
031144 2
142622 1
058989 0
031159 2
153527 0
146520 0
184857 0
051632 0
160139 0
087998 2
241136 2
053539 2
138425 2
156661 0
271292 0
087986 0
133861 0
062987 0
266985 0
124914 2
060253 0
069856 2
158750 2
108711 2
138468 2
148104 2
138459 2
114207 2
061345 2
108730 2
061340 2
064317 2
103029 2
260124 0
199217 0
010318 2
122637 2
128226 0
064285 2
168103 2
108732 2
095826 2
122607 0
084945 2
095230 2
168117 0
108624 2
095217 2
180059 0
091584 0
146133 0
126771 0
279608 0
258918 0
088376 0
256976 0
226799 0
190368 0
082421 0
119458 0
091352 0
197082 0
125011 0
259558 0
127149 0
197136 0
139690 2
010253 0
184858 0
069157 0
007756 2
095424 0
121178 2
095303 2
098946 0
032221 2
128216 2
095347 2
161919 0
128167 2
095404 2
079302 0
099761 0
058856 2
044916 0
093409 0
011993 2
146514 0
256056 0
095432 0
093015 0
009409 2
133746 2
004538 2
121867 2
004507 2
032223 2
118714 2
094852 0
004124 2
004565 2
121547 0
032224 2
013745 0
093699 0
121859 2
096137 0
243724 0
103394 0
252922 0
018552 1
132567 0
071453 2
104626 2
068298 0
089087 2
112951 2
181501 0
118235 2
086462 2
128739 1
146719 2
112958 2
109713 0
058286 2
219310 0
268829 0
033595 0
176743 0
039814 0
097690 0
095423 0
244272 0
179214 2
078530 0
085081 0
061265 0
086603 2
275779 2
087632 2
143263 0
085355 2
018477 0
085383 2
085623 2
085591 2
097272 0
142540 0
068434 0
027448 0
061045 2
198555 0
061086 2
120928 0
109676 0
085090 0
061144 0
010265 0
064218 2
101875 1
085103 0
142617 2
083220 2
084041 0
064669 2
088908 0
138037 2
114955 0
252455 0
179551 0
098593 0
066425 0
145317 0
142410 1
102108 0
041234 0
084391 2
116779 0
142637 2
146128 0
086725 0
004838 0
009414 0
067865 0
018112 2
135520 0
129046 2
287256 0
129074 2
129078 2
131423 0
187114 0
176930 0
233730 0
098315 0
132137 0
280229 0
235950 0
122580 0
084237 2
007940 2
099776 0
134077 0
084394 2
004032 0
121353 2
071022 0
243954 0
091286 2
091317 2
096685 2
114208 0
095941 2
093114 0
095965 2
111794 2
132572 0
111762 2
093874 0
137967 2
132366 2
244562 0
225504 2
225505 2
099786 2
225522 0
052093 0
099878 2
098160 0
099834 2
137945 2
137991 2
018169 2
155996 2
128986 2
124350 0
129068 0
066818 0
042454 2
116424 0
101880 0
100227 0
099992 0
134798 0
130653 0
137910 0
065686 2
089198 0
098620 2
006383 0
098529 2
017740 2
086596 2
076285 2
179518 0
129280 2
089463 0
133015 0
280180 0
098633 2
098525 2
265209 0
098508 2
286317 0
086581 2
238700 2
097333 2
157905 0
268175 0
256057 0
086514 2
085204 0
086637 2
086654 2
097335 2
095654 0
095614 0
101633 2
086655 2
101635 2
101669 0
068818 0
128225 0
092615 2
128770 0
086741 0
014406 0
052272 0
084567 2
034084 0
004164 0
083309 2
092601 2
083328 2
131997 0
083226 0
086776 0
201468 0
081142 0
112596 0
096061 2
132135 0
084631 0
077763 0
084568 2
240635 0
083343 2
005859 0
084566 2
084559 2
086487 2
058855 0
084558 2
128183 0
088441 0
007759 2
130134 0
286311 0
121183 2
059455 2
088046 2
098588 0
059452 0
171578 2
011363 0
171511 2
012499 0
099731 2
276334 0
099730 2
083322 0
057700 0
171512 2
171491 2
000329 2
259365 0
101989 0
033664 0
075341 2
075324 2
241537 2
149695 0
111367 0
051651 0
241468 2
241538 2
090613 0
086188 0
141517 0
175594 2
098801 2
098779 2
166482 0
018560 0
249894 0
219441 2
094990 2
063334 0
252852 0
219420 2
058425 2
141318 0
219476 2
116149 0
219372 2
063528 0
131292 2
081487 2
092951 2
093520 0
081480 2
043302 0
092934 2
128476 0
058500 2
108806 0
058381 0
018375 0
159801 0
092837 0
009285 2
094388 2
094380 2
033107 0
129692 0
086157 0
084634 2
149385 0
017936 2
067216 2
097631 0
090835 2
084649 2
093772 2
088478 0
112868 2
123323 0
187119 0
084626 2
112754 0
156660 0
084628 2
101096 0
180061 0
288561 2
129156 2
129223 2
058378 0
071499 0
129224 2
288510 2
003375 0
129222 2
193467 0
006189 0
084629 2
017845 2
129219 2
009233 2
093747 2
121709 2
093645 2
236989 0
288756 2
064516 2
063415 0
114971 2
252749 0
288729 2
095084 0
098056 0
122194 0
061054 2
064244 2
198127 0
008273 0
094346 1
194510 0
145074 0
005707 2
120328 2
129054 0
169287 0
114819 0
239326 0
240630 0
070319 2
094296 0
138445 0
132577 0
257602 0
176756 0
017743 0
083225 0
168306 0
062733 2
103492 2
009818 0
098061 2
189080 0
098335 0
058026 0
070323 2
103496 2
070364 2
134343 0
121677 0
103537 2
070117 2
111632 0
064830 0
070285 2
070100 2
070424 2
123349 0
103458 2
103290 2
090765 0
138287 0
092070 2
003230 0
103597 2
103273 2
070114 2
103287 2
070450 2
070494 2
147909 2
103623 2
103667 2
061832 0
147835 2
155212 0
116148 0
085248 0
137519 0
094385 2
109960 0
094379 2
092249 2
093044 2
123979 2
110452 2
096797 0
094368 2
115026 0
094369 2
260138 0
092942 0
094758 2
114915 2
094377 2
130169 0
220319 0
094244 2
257600 0
112401 2
094378 2
094754 2
094949 1
085165 0
070341 2
103514 2
092399 0
098075 0
102935 0
009267 2
070390 2
103563 2
099647 0
050158 0
083232 0
009147 2
114911 0
121639 2
137323 0
261084 0
032206 2
080319 0
119701 2
009125 0
015013 0
118254 0
032134 2
284367 0
110449 0
061749 0
088977 0
093565 2
242597 0
010705 2
093573 2
093054 2
101209 2
092793 0
119685 2
093035 2
005543 2
120122 2
256207 0
009157 0
093010 2
077315 0
067483 0
094832 2
009919 0
181536 2
142475 0
251427 0
268490 2
004181 0
102009 0
031478 2
132045 2
189118 2
102025 1
100751 2
033115 2
111127 0
100741 2
094390 2
152331 0
140276 0
033131 0
094389 2
094387 0
100758 2
189290 0
031591 2
114863 0
006936 0
063418 0
115150 0
236593 0
177695 0
028838 0
093570 2
097843 0
176745 2
094490 0
249865 0
158710 0
011947 2
031604 0
155213 0
176748 0
094381 0
095448 0
032338 2
095962 2
023277 0
032407 2
176747 0
150863 0
098441 2
288653 0
098505 2
131510 2
177685 0
095005 0
087980 0
090540 0
139884 0
064514 0
131495 2
088978 0
131498 2
131501 2
052117 0
057979 0
098497 0
170138 0
031968 2
012237 0
051779 0
223292 0
098131 0
090502 0
032012 2
123315 0
071710 2
095938 2
071684 2
111656 0
104883 2
072189 2
104857 2
156662 0
105362 2
085184 0
095934 2
220835 2
220821 2
095935 2
095933 2
096083 2
274554 0
060859 2
015251 2
093328 0
093668 2
095932 2
093659 2
098771 2
067953 0
133828 0
098726 2
098848 2
033351 0
005152 0
128250 0
112092 2
102330 0
189196 2
251229 0
071412 0
039752 0
098707 2
035188 0
112096 2
095927 2
052466 0
098411 2
116685 0
096070 2
096032 2
149212 2
149319 2
125486 2
288941 0
110350 0
002688 2
064865 0
252750 0
149318 2
097131 0
090002 0
098575 0
161412 2
161444 2
098850 2
161413 2
161400 0
221869 0
041204 0
096918 0
223192 0
194966 0
287892 0
064582 2
176741 0
098810 2
150439 0
015363 0
284824 0
094228 0
119583 0
098847 2
277403 2
125371 0
015129 2
098751 2
164606 0
125610 2
281456 0
066421 0
011396 0
144990 2
188181 0
032896 0
098443 2
093182 2
098461 0
058301 2
233731 0
256590 0
061186 0
013611 0
093951 0
147714 0
078631 2
068431 2
233770 0
194521 0
058274 2
163440 0
068432 2
123984 0
058014 2
067094 0
086693 0
058096 2
062972 2
062992 2
058050 2
119743 2
058093 2
005284 2
265321 0
009774 0
119139 2
150027 0
128937 0
062946 2
119158 2
119772 2
119753 2
063416 0
113131 0
258492 0
149166 0
066422 0
119213 0
012799 0
158881 0
062970 2
062988 2
114965 0
097077 0
086032 0
149776 0
135475 0
094400 2
062991 2
181966 0
070933 2
104106 2
071135 2
104308 2
126784 0
094353 2
063021 2
044531 0
243955 0
130660 0
094432 2
063001 2
119236 0
094245 2
128920 2
147887 0
064547 2
101440 2
101437 2
095786 2
094525 2
144974 0
097898 0
069647 0
142123 2
142059 2
119559 0
194936 0
081324 2
141978 2
101039 2
099382 0
270839 0
094297 0
086638 0
081330 2
108773 2
081320 2
251259 0
147680 2
147674 2
108847 2
258806 0
147638 2
147651 2
108814 2
034604 0
147627 2
147626 2
110676 2
110582 2
229749 0
092379 0
094355 2
094319 2
132764 0
146709 2
118121 2
118111 2
118112 2
109125 2
226243 0
124676 2
141213 2
182023 0
005176 0
219616 2
011607 2
122547 2
122798 2
124691 2
154698 2
098612 0
141180 2
068448 0
122643 2
122595 2
122561 2
084682 0
134146 0
232847 0
122598 2
010351 2
132000 0
001194 0
122672 2
050079 0
122665 2
195404 0
122654 2
018674 2
099334 0
156622 0
097133 0
089088 0
014186 2
000105 0
023409 0
122794 2
116772 2
132006 0
131833 0
256483 2
122795 2
044724 0
176677 0
046980 2
114999 0
100448 0
046905 2
095745 0
258512 0
230392 2
099233 0
098947 2
127618 0
135685 2
132097 2
110550 2
001307 0
239458 0
098972 2
039424 0
061502 0
098977 2
081343 0
159737 0
020986 0
139437 0
101826 0
119744 2
098873 2
180465 2
180514 2
098824 2
258017 0
121209 0
132602 0
098825 2
001990 2
098409 2
109027 2
109026 0
067998 0
006214 0
127784 0
138900 2
098450 0
138919 2
123281 0
258184 0
119252 0
265484 0
109024 0
070757 0
109025 2
080038 2
095405 0
063090 0
108061 0
234836 0
074788 2
205055 0
109020 0
134713 0
243183 0
041198 0
074562 2
121123 0
263626 0
280216 0
042434 0
096986 0
095626 0
287581 0
275378 0
094310 0
086939 0
012795 2
146110 2
068505 2
162077 0
064982 0
068744 0
180167 2
101791 2
109021 0
102347 0
061219 0
108040 0
063105 0
148269 0
256839 0
017303 0
142466 0
240466 0
006242 0
058264 2
112002 0
035811 0
181123 0
268171 0
089981 0
166326 0
058253 2
016514 0
042243 0
260980 0
096766 0
080165 0
173352 0
128830 0
187577 0
062867 0
081141 0
255519 0
016861 0
098163 0
077599 0
252671 1
013609 0
220815 0
253372 0
011726 0
098229 2
099649 2
274552 0
083357 0
099588 2
088044 2
088043 2
054889 0
099581 2
192808 2
078525 2
098228 2
192823 2
011817 0
098214 2
119577 0
201811 0
052689 0
095086 0
096153 2
