211696 2
211748 2
181304 2
211698 2
126011 1
014706 1
126010 1
138972 2
120130 1
120139 1
120142 1
120140 1
120156 1
005589 2
120180 2
004783 1
119058 1
011488 2
122751 2
004581 1
118783 1
005599 2
120194 2
005575 2
120164 2
120154 2
009042 2
119613 2
118385 2
004271 2
118408 2
004270 2
118407 2
118395 2
118398 2
118397 2
118393 2
118392 2
005834 2
120455 2
120450 2
120449 2
005309 2
119806 2
005371 2
119895 2
119844 2
119786 2
005132 2
119543 2
004794 2
119072 2
119071 2
014845 2
125872 2
119178 2
004877 2
119181 2
119177 0
004849 2
014967 2
012509 0
004273 1
125763 2
004323 1
125764 2
119131 2
118445 1
119116 2
118428 1
118414 1
118751 1
100189 0
118748 2
118755 1
004331 2
091132 0
118452 2
118409 2
004349 0
004275 2
118418 2
004212 2
118312 2
133397 1
133396 1
133391 1
133473 1
133481 1
007949 1
002494 1
012305 0
121364 1
121363 1
120963 1
120962 1
118709 0
007481 1
120971 1
120969 1
120968 1
120960 1
120959 1
005130 1
108466 0
119537 1
120980 0
123931 1
004727 2
118988 2
118987 2
137977 1
130964 1
142570 1
131017 1
131009 1
131008 1
010509 1
007942 2
121356 2
122760 1
122761 1
122764 1
122769 1
011550 1
122772 1
011697 1
129996 1
118284 2
011676 1
011924 1
129062 1
144778 1
118285 2
118298 2
144749 1
004676 2
144716 1
018075 0
118273 2
118896 2
144892 1
123493 1
130474 0
118874 2
011763 1
065684 1
065690 0
124969 1
123470 1
004682 2
118908 2
118932 0
120040 1
123496 1
124964 1
120169 0
011774 0
147869 1
004575 1
118779 1
004863 2
119154 2
124359 0
119652 1
278470 0
005250 1
119719 1
119651 1
004951 1
005340 1
119848 1
119305 1
240277 1
258283 1
005227 1
119678 1
172766 1
172765 1
163863 1
240376 1
123525 1
123526 0
128440 1
135556 0
163859 1
237753 1
010276 1
163843 1
147217 1
122605 1
237275 1
237672 1
005498 1
004732 1
118990 1
009549 1
120080 1
004531 1
118743 1
168029 0
118105 0
090705 0
119963 2
142011 1
015050 2
006915 1
083837 0
005177 1
119618 1
222331 1
120529 1
222433 1
125674 2
118589 1
004422 1
176028 0
118581 1
118597 1
119145 2
283475 0
119136 2
088401 0
119081 1
119032 1
004677 2
119361 1
118897 2
004321 1
004818 1
004994 1
119362 1
119096 1
118878 2
005588 1
005262 2
120031 1
005467 1
120033 1
118412 1
120032 1
119732 2
118443 1
120179 1
285468 1
130275 1
058993 0
285461 1
098859 0
120077 2
015180 1
005497 2
120078 2
125565 1
118940 0
118955 1
118948 1
011850 1
120946 1
120949 1
118961 1
118983 1
120830 1
118501 2
007353 1
120888 1
120865 1
213295 0
007556 1
101966 1
011487 1
121047 1
011740 1
004896 1
011739 1
123554 1
005583 1
007227 1
119231 1
120784 1
009747 1
107847 0
124241 0
120172 1
009054 0
009601 1
119132 2
120173 1
179808 1
122143 1
179748 1
123232 2
118778 1
179744 1
124755 1
100852 1
118787 1
118898 1
100609 1
137264 0
118899 1
118904 1
069684 0
005214 1
005570 1
119661 1
120158 1
012464 1
005261 1
119626 1
101974 0
119731 1
005260 1
119730 1
118976 1
115476 0
120693 0
119649 1
005180 1
119622 1
155788 1
119414 0
122984 1
125194 1
118965 1
155794 0
005606 1
001030 0
120207 1
118735 1
004725 1
100853 1
009903 1
118984 1
122246 1
118967 1
004897 1
005477 1
120041 1
004865 1
012128 1
004875 0
111226 1
119107 1
111712 1
111720 1
111721 1
010221 0
119232 1
119157 1
119935 2
004525 1
004500 1
108356 0
018451 1
004707 1
118699 1
119193 1
155801 0
128794 1
118698 1
118657 1
118950 1
009654 0
123656 1
007930 0
123654 1
112892 2
112884 2
112830 2
008024 1
009342 1
005737 1
112845 2
121812 1
120326 1
121425 1
120350 1
004625 0
121808 0
271954 1
116622 0
008003 1
271953 1
271956 1
001429 1
100257 0
121411 1
028651 0
122012 0
151208 1
005794 1
151196 1
120404 1
120075 1
243929 1
126789 1
005499 1
120081 1
120051 0
174037 0
133008 0
120065 1
120537 1
109519 2
124036 1
006928 1
120542 1
012037 0
004909 1
137638 0
018264 1
128927 1
145435 0
119259 1
011289 0
118707 1
259688 1
155799 0
094934 1
012508 1
004572 0
119217 1
126300 1
126306 1
118647 1
004991 1
119357 1
012313 0
006973 0
011958 1
094929 0
124310 1
005236 1
122873 1
127204 1
127189 1
124222 1
004503 1
124264 1
127188 1
119572 1
119691 1
004428 1
123641 1
123642 1
005815 1
123635 1
127178 1
120431 1
119576 1
005832 1
118702 1
091008 0
118526 1
005383 1
120453 1
119914 1
017188 1
149927 1
011941 1
118605 1
011709 1
125281 1
120696 0
162456 1
012163 0
162452 1
004462 0
015468 1
168192 0
007894 1
131288 0
009780 1
004417 1
121305 1
122175 1
118574 1
148808 0
005637 1
121318 1
118572 1
120241 1
118502 0
125280 1
123599 1
125279 1
122541 0
123585 1
124403 1
004752 1
119024 1
119019 1
124478 0
011269 1
123503 1
123524 1
118498 0
017366 1
124182 1
111541 0
115485 0
124034 1
066419 0
117171 1
120181 1
000812 1
005590 1
123224 0
120183 1
205007 0
000863 1
121234 0
114389 0
009619 0
127893 0
086550 0
117131 0
005790 1
130095 1
007081 1
120677 1
007503 1
014670 0
120399 1
120993 1
120958 1
120268 0
131376 0
011978 0
005818 1
120703 1
010303 1
118500 0
120336 0
120433 1
120422 1
146774 1
006845 1
120486 1
120421 1
124237 0
011845 1
227239 1
124485 1
145646 1
114208 0
126591 0
277814 0
071973 0
009049 1
004514 1
005091 0
123970 1
118719 1
004859 1
118034 0
119150 1
119149 0
123973 1
005831 1
123972 1
123965 1
007429 1
120942 1
007145 0
285303 0
004432 1
120443 1
120452 1
124743 1
118612 1
004858 1
120423 1
264813 0
120441 1
120442 1
119133 1
120444 1
068467 0
009660 0
009011 1
124919 1
119148 1
007798 0
121531 1
009012 1
121044 0
121556 1
180383 0
135200 1
004720 1
111062 0
121533 1
118979 1
011830 1
144800 1
123552 0
124030 0
027344 1
191172 1
009204 1
144780 1
006807 1
007661 1
005123 0
240936 0
121115 1
009242 1
121718 1
009613 0
271512 0
012517 0
145651 0
124611 1
004982 0
008941 1
012438 0
121340 1
062099 1
121339 1
121317 1
121314 1
009668 0
011991 1
147994 1
147978 1
147494 1
147989 1
149471 1
149585 1
009005 0
015166 1
028580 1
028603 0
016087 0
115409 0
122979 1
010218 1
028632 0
118658 0
128239 0
146834 0
284585 0
015304 0
121554 1
121524 1
009050 1
121555 1
121559 0
147587 1
124650 1
147607 1
007344 0
119254 0
007818 0
007512 0
129063 0
009612 1
122052 1
109220 0
252924 1
253238 1
253266 1
253239 0
062173 1
253434 1
015158 0
253451 1
118827 0
220747 1
220753 0
155486 1
062183 0
118797 0
253486 1
253585 1
131384 0
155482 1
231842 0
012014 0
059788 0
154722 1
154774 1
143821 1
086672 1
086361 1
154779 1
116623 1
141844 1
125431 0
007990 1
121396 1
086303 1
114765 0
141785 1
121383 1
141790 1
127953 0
170190 0
154743 1
147687 0
139559 1
062059 1
131314 1
139617 1
035231 0
009078 1
007182 0
121586 1
139561 1
139540 1
145726 1
004703 1
140289 1
118941 1
131312 0
278880 0
124361 0
009010 1
118938 1
227560 1
133706 1
227561 1
227441 1
062102 0
011862 0
079472 1
133698 1
278215 0
121530 1
010012 1
149654 1
009001 1
121518 1
241813 0
254593 0
148632 0
126191 1
126170 1
015318 1
148818 0
108297 1
243981 0
186807 1
145865 1
145851 1
145892 1
108368 1
125415 1
195553 1
108289 1
108393 1
149750 1
125362 1
125417 1
114806 0
126915 0
125348 1
154507 0
125346 1
232577 0
195554 1
145765 1
015577 1
182867 1
199928 1
140933 0
131301 0
220746 0
015389 1
126811 1
125345 1
131743 1
173379 0
018256 1
128935 1
125487 1
176654 1
141734 0
004469 0
289915 1
015264 1
260995 0
147017 1
149706 1
015612 1
149657 1
126659 1
015594 1
125472 1
109221 1
126348 1
109081 1
123262 1
123264 1
126365 1
195557 0
129664 0
108946 0
149656 0
125193 0
009083 1
148726 0
133837 1
186866 0
136521 0
192942 0
133833 1
141906 0
133799 1
133787 1
000029 0
141586 0
140682 1
133085 1
140690 1
140711 1
008542 1
015269 1
132210 1
125469 1
132116 1
132226 1
146451 1
117441 0
014020 1
013988 1
167652 0
146476 1
146471 1
101464 0
133010 0
004605 0
227249 0
111932 0
184751 1
141483 0
126005 0
186805 0
128157 0
001184 1
119073 0
128725 0
118175 1
146161 0
186790 1
186800 0
118115 1
130114 1
153585 1
124560 0
122853 1
018630 0
128370 1
084931 1
135409 0
087526 0
182137 1
122075 0
128246 1
087316 0
260713 0
130508 1
001036 1
131873 1
158993 0
127093 1
051330 0
058291 0
157994 1
157966 1
148263 0
123282 1
127053 1
157937 1
123242 1
151403 0
140948 1
131300 0
140956 1
130110 0
140959 1
012102 1
025957 1
122895 1
011293 0
119343 0
046441 0
186801 0
120694 1
161783 0
025942 1
120713 1
115478 0
142488 1
055155 0
171456 0
010452 1
203148 0
124663 0
126911 0
140902 1
193345 1
015235 0
170867 0
115408 0
062097 0
124027 0
015500 1
004825 0
126077 0
122079 0
137927 0
125255 1
000843 0
124995 1
125175 1
125187 1
098963 0
124553 0
243518 1
124532 1
086588 0
149655 0
012310 0
108333 0
243604 1
124994 0
101238 0
134253 0
192007 0
124904 0
145045 0
152937 0
186142 1
114994 1
017912 1
115001 1
128545 0
124629 0
115142 1
115163 1
116621 0
136938 0
112198 1
243562 1
119497 0
102857 0
152938 0
111918 0
198033 0
007813 1
112153 0
119491 1
222988 1
120750 0
128009 0
111824 1
008329 0
116614 0
111800 0
140759 0
018621 0
148588 1
121229 1
000522 1
258929 0
258631 0
011904 1
122861 1
009072 1
121579 1
015111 0
111222 0
129343 1
012516 0
096939 1
096914 1
121575 1
108793 1
108286 1
027443 0
109774 1
129341 1
124204 1
129398 1
108402 1
108253 1
109108 1
129395 1
036456 0
109740 1
124261 1
017540 0
289258 0
227207 1
053397 0
227213 1
227221 1
177548 0
101973 0
161485 0
028627 0
173881 0
227224 1
147081 0
167221 0
222713 1
018383 0
138537 0
071433 1
142251 1
148977 0
175615 0
124774 1
017897 0
269873 0
159256 0
169936 0
141013 1
104606 1
007064 0
071428 1
104601 1
070528 0
124819 1
008472 1
124765 0
141017 1
124749 0
124746 0
124881 1
020169 1
020171 1
020193 1
124854 1
036470 1
141018 1
036468 1
124916 1
204137 0
124880 1
011880 0
221534 1
086129 1
221535 1
036450 0
128685 0
010102 1
150078 0
004816 1
119095 1
222652 1
122404 1
122400 0
222106 1
103701 0
174501 0
278048 1
278128 1
011263 0
220752 0
058346 0
143186 0
109568 1
182147 1
011755 0
109462 1
004601 0
015607 0
012333 0
244017 0
072351 0
225621 1
225613 0
075781 0
044079 0
166677 1
136652 0
166669 1
189449 1
145839 0
225555 0
011330 0
222712 0
159814 1
171403 0
035232 0
115481 1
159863 1
081233 0
159754 1
176031 0
011430 0
278213 0
150887 0
135127 0
159937 1
223941 0
180382 0
121235 0
224647 0
195934 1
007424 0
278549 0
027545 1
129060 0
014669 0
141363 0
027546 1
132861 1
135323 0
132864 1
039077 1
193466 1
038806 1
038807 0
172251 1
002004 1
118801 0
002015 1
199531 0
093847 0
276258 1
276311 1
144221 0
144652 0
151317 0
275784 0
276334 1
175297 0
276313 1
285313 0
278406 1
278408 0
123708 1
137443 1
212914 1
129779 0
040645 0
088442 1
076099 1
076059 1
189492 1
215356 0
076009 1
088424 1
212835 0
088436 1
011888 0
088225 1
094566 0
260616 0
088369 1
189373 1
239051 1
015404 1
142287 1
125335 1
011964 1
120717 0
015388 1
116466 0
180472 1
168219 1
239052 1
239039 1
239010 1
239361 1
222449 0
239362 1
180478 1
238990 1
142166 1
180487 1
118670 0
289914 1
180888 1
180841 1
183095 0
180843 1
180678 1
180683 1
037088 1
074622 1
151366 1
034543 1
202184 0
034562 1
132981 0
122992 0
195940 1
278405 0
008536 0
182121 1
194019 1
194012 1
139020 1
233308 0
244210 1
117130 0
115474 0
244220 1
195537 1
184988 0
244183 1
197538 1
097016 1
001903 1
034679 1
197375 1
096659 0
197368 1
096553 0
080076 0
125505 0
006653 1
096618 0
066890 0
139018 1
122088 0
200804 1
011477 0
160401 0
169408 0
132862 1
092395 0
064718 0
004498 0
200799 1
200727 1
199905 1
064725 0
255910 0
140899 1
199898 1
163553 0
123711 1
002007 0
190039 1
140895 1
148079 1
069526 0
190050 1
096498 0
123824 1
016613 1
251045 1
169029 0
251044 1
133172 0
123801 1
000713 0
089860 0
123020 0
186859 0
121150 1
091576 0
112106 0
147616 0
243132 1
124975 0
243791 1
130967 0
225994 0
147615 0
026544 0
180613 1
231149 0
288037 1
288039 1
157130 1
227250 0
258671 0
190348 0
136536 0
197184 0
131555 0
146159 0
119312 0
125693 0
130284 1
007496 0
240783 0
014575 0
278081 0
096417 1
034641 1
007434 1
006926 0
097488 0
123590 0
124882 0
077321 0
069682 0
231124 0
130353 0
120947 1
097420 0
120934 1
101415 0
015332 1
101066 0
120878 0
066395 0
125405 1
154955 0
195541 1
126755 0
124060 0
125414 1
125403 1
015335 1
146985 0
000065 1
192636 1
144627 0
125402 1
220313 1
015319 1
284603 1
125413 1
196958 1
018520 1
194236 1
130274 0
037087 0
109186 1
109032 1
010179 0
130403 0
018081 1
000113 0
017818 1
056144 1
284604 1
169724 0
137113 1
015225 0
125141 0
000115 0
137097 1
253833 0
124032 0
202439 1
176837 1
179101 1
135298 1
118777 0
136346 1
136328 1
135649 1
135637 1
179105 1
179110 1
136338 1
135321 1
102002 0
001427 0
176839 1
135283 1
007792 1
007817 1
152934 0
121233 1
260184 0
056058 1
009251 0
051805 1
138474 0
126332 0
176844 0
015412 1
161841 0
004624 1
168155 1
118816 0
051806 1
051828 1
018434 0
169409 0
097801 1
095631 1
070474 0
278258 0
118826 1
194676 1
140722 0
100415 1
052085 0
046043 1
146099 0
117112 0
260343 0
119365 0
197333 0
165130 1
088303 0
046042 1
046273 1
177155 1
110024 1
023054 0
165129 1
125326 1
264482 1
007342 0
258977 0
146509 1
086549 0
163563 0
264478 1
131296 0
118929 0
017429 1
111510 1
233294 1
004482 0
080017 0
182710 1
259690 1
259692 1
259677 1
124745 1
194205 0
112894 0
213516 0
017378 0
177525 1
182768 1
124767 1
120470 0
182848 1
124771 1
225993 0
223832 0
197681 0
228422 1
259673 1
259671 1
145583 1
127444 1
095190 0
177778 1
145679 1
177509 1
035597 0
177693 1
030303 0
145835 1
177608 0
177515 1
145832 0
231117 1
127629 0
145846 0
229909 1
097624 0
027892 0
134251 0
064004 1
221711 1
182824 0
009838 1
147205 0
125901 1
143083 0
122215 1
118650 0
125889 1
007337 1
098876 0
231129 0
187131 0
124979 1
099752 0
191274 0
120872 1
060619 0
122026 0
276696 1
223272 1
129529 0
012160 0
018174 1
075650 1
018513 0
167213 0
145837 0
128981 1
175627 0
024475 0
012148 0
170607 1
176774 1
145085 0
201299 1
007336 0
000008 1
131474 0
128703 0
277287 1
018499 1
074539 1
074531 0
081113 0
186068 0
120748 1
169800 0
014738 0
191654 1
174487 0
191099 0
057926 0
014782 1
202720 0
120747 1
125950 1
125948 1
199498 0
200342 1
166913 1
004905 0
131755 1
048544 0
128610 1
231303 0
147126 0
174450 1
145678 1
174543 0
155675 0
111045 0
131740 1
254039 1
244982 0
170197 1
116316 0
169252 0
149390 1
000752 0
058929 0
121095 0
162355 1
121000 0
254025 1
273117 1
141604 0
162170 1
162838 1
127656 1
131750 1
070164 1
234067 1
164027 1
179323 0
007144 1
231151 0
164021 1
103337 1
164023 1
163861 0
128469 1
128611 1
120716 1
242843 0
145247 0
120514 0
161499 1
004426 0
122876 0
176788 0
171676 0
151307 0
018250 1
134106 1
000016 0
136552 0
161498 1
085976 1
152936 1
075977 0
158218 1
198485 1
120877 0
158211 1
157799 0
134516 0
230912 1
078645 0
230921 1
198314 0
158208 1
215450 0
157763 0
120535 0
197426 0
125072 1
161550 0
125002 1
137865 1
006338 1
137798 1
060341 1
157800 0
085898 1
060443 1
125001 0
254653 0
193015 0
127652 1
161551 0
164255 0
223426 1
015128 1
067971 0
012548 0
125611 1
200085 0
111027 0
119103 0
095630 0
125620 0
014313 1
006307 0
223427 1
130819 0
223267 1
221996 0
125613 0
185853 1
141927 0
164139 0
221224 0
014319 0
254571 1
007558 0
015465 1
157767 0
125282 1
191355 0
171720 1
066157 1
125297 1
278964 1
140437 0
167141 0
243979 0
023225 0
011985 1
256383 0
011343 1
254565 1
078472 0
010185 0
095442 0
195555 0
103646 0
045660 0
123553 0
145780 1
171677 0
067675 1
191565 1
001018 0
090264 0
191570 1
191572 1
034587 0
026464 0
220529 0
113360 1
242967 0
077917 0
018437 0
001422 0
149542 0
139601 0
134669 0
184617 0
280013 1
150020 1
062150 1
155830 1
221435 0
166068 1
287253 1
078455 0
166167 1
166256 1
280020 1
031677 0
014987 1
118942 0
125741 1
062185 0
288492 1
288462 1
280004 0
288491 1
011181 0
142207 1
008159 1
142199 1
032127 1
122687 0
266088 0
280002 0
260304 0
136554 1
005251 0
231205 0
186146 0
170191 0
111665 1
272775 0
075874 0
061881 0
032125 1
230245 1
230204 1
078797 0
225856 1
225815 1
143409 1
062221 0
130684 1
225705 0
225708 0
150882 0
000342 1
109167 1
240809 0
146697 1
148220 0
135391 0
157726 0
060633 0
007005 1
042208 1
144341 0
229910 0
187639 0
149189 0
151864 1
109132 1
192965 0
144645 0
177604 1
041660 1
042334 1
018022 0
127312 1
058369 1
058416 1
009942 0
058463 1
122460 0
006325 0
058387 1
226009 1
122710 0
165230 1
165220 1
040245 0
002992 1
126071 0
128696 0
176848 0
123890 0
119722 0
124693 1
153363 1
060984 0
144379 0
265436 1
111273 0
211455 0
280581 1
113405 0
265395 1
160214 0
031820 0
226015 1
017220 0
015307 1
030324 0
125426 1
125427 1
224948 1
225169 1
225166 1
224907 1
020374 0
224908 1
186041 1
265415 1
148593 0
155314 1
224870 0
163288 1
164241 0
242712 0
275796 0
122713 0
165292 0
010379 1
131297 0
203840 0
231308 0
157562 1
173008 1
133260 1
161522 1
108329 1
161546 1
133261 0
183274 1
191680 0
183280 0
157279 1
186279 1
001564 1
173007 1
173022 1
161549 1
127595 0
157280 1
127627 1
173028 1
127626 0
227302 0
199477 0
128125 1
120043 1
042543 0
124143 0
163321 0
135559 0
223478 1
223487 1
127398 0
097380 1
133009 0
164144 0
264833 0
129093 0
046453 1
131486 0
260444 1
052048 1
260381 1
233373 0
170166 0
230773 0
064811 1
051989 1
256379 0
260412 1
128247 0
159576 1
027362 1
260198 1
260153 0
159472 1
260122 0
159474 0
164145 0
165283 0
123399 0
125969 0
052276 1
243379 1
243372 1
062195 0
012521 0
147650 1
181732 0
027296 1
149916 0
151404 1
059672 0
005479 1
141231 0
225650 0
067142 1
125703 0
165248 0
067123 1
153083 1
227120 1
136612 1
192720 0
136621 1
078934 0
111442 0
036798 1
264602 1
037432 1
124906 0
005014 0
264600 1
132728 0
151407 1
136567 1
159204 0
128701 0
017208 0
108448 1
089654 1
264476 1
064833 0
089628 1
264465 1
178442 1
121525 0
178175 1
264194 1
062227 0
011552 0
240088 0
150337 0
052043 1
005135 0
216787 0
152880 1
131217 0
002442 0
159353 1
108462 1
264182 0
077326 0
159634 1
089567 0
157411 0
144625 0
102699 0
221167 0
149918 0
198316 0
163384 0
185338 1
029646 0
218818 0
038535 0
265558 1
255483 1
265833 1
185411 1
126070 0
016545 0
185414 1
266816 0
151370 0
257444 1
257387 1
005469 1
034810 1
257445 1
148136 1
257332 0
034781 1
097092 1
180027 1
222118 1
119542 0
257298 0
081188 1
142556 1
008039 1
285294 0
257807 1
180034 0
178600 0
142562 1
257817 1
144878 0
209349 0
121433 1
186886 0
098388 1
289290 1
289326 1
120037 1
068459 0
007085 0
151888 0
098350 1
182221 1
182247 1
054426 1
111946 0
194680 1
120036 0
255873 0
289288 1
054476 0
200206 0
289306 1
289305 1
150223 1
264395 0
144327 0
070071 1
103244 1
066968 1
150215 1
227155 0
001087 1
066960 1
003738 1
170176 0
220186 0
058004 0
179432 0
155826 1
155834 1
151363 0
169886 0
050198 0
153013 1
152754 1
088302 1
066958 1
005200 1
255874 0
276457 1
135675 0
223458 1
223476 1
009562 1
122011 1
009243 1
122295 1
198483 0
175646 0
238899 0
164127 1
164124 1
242872 1
119648 1
152763 1
004696 1
264818 0
275238 0
121719 1
009206 1
099525 1
074930 0
179097 0
119646 1
119633 1
034581 1
129658 0
065178 1
004431 0
059437 1
099428 1
017892 0
051987 0
078806 1
077942 1
124250 0
018147 0
124251 0
082582 0
257570 1
100059 1
028011 0
142414 0
069502 0
075393 1
164948 0
257571 1
263904 1
263999 0
090210 1
127851 0
222535 0
111197 0
077914 1
095886 1
124528 0
077934 1
095852 1
011501 1
262969 1
054546 0
095738 1
244983 0
095645 1
125716 0
257524 0
125579 0
257522 0
078830 1
011751 0
262796 1
095742 1
024458 0
010385 1
262808 1
009324 0
095617 1
149800 0
262807 1
045667 0
078849 1
090061 1
078787 0
054367 1
042558 0
174092 0
238615 1
084170 0
176838 1
084156 0
171672 1
052279 1
067908 1
124736 0
238679 1
163417 0
005299 1
033110 0
119792 1
239387 1
273061 1
141695 0
124864 0
184689 1
230447 1
037378 0
273065 0
167414 2
157935 0
177843 1
119764 0
177845 1
167430 1
177541 0
185752 0
139575 0
268861 0
090298 0
120695 1
167457 1
124252 0
126008 0
185151 0
230446 1
119253 0
057891 1
168484 0
222309 0
060896 1
007339 1
051949 1
120874 1
058008 0
060940 1
285288 0
077918 0
088688 1
088687 0
060945 1
058097 1
079758 0
007132 1
058120 1
119961 1
240013 0
069988 1
185807 1
230435 0
119971 1
007335 0
005415 1
119972 1
103161 1
102855 0
007266 1
176901 0
032110 1
032115 1
120811 1
168395 0
120712 1
194679 0
078872 1
085622 0
005826 0
147970 0
052046 1
051988 1
007080 1
169430 1
000076 1
088677 0
175520 1
117058 0
176119 1
169449 0
176165 1
288975 0
024094 1
004387 0
071002 0
157075 0
230415 0
176176 0
120676 1
134664 1
095285 0
120439 0
132867 1
072277 1
164794 0
060372 0
258005 1
164793 1
132818 1
223253 1
175679 0
120425 0
222336 0
050234 0
128808 0
197334 1
105450 1
124740 1
012656 1
133257 0
070482 0
004385 1
178042 0
196244 0
071035 0
118522 1
170420 0
197296 1
258002 1
074426 1
163342 0
107599 1
032178 1
197154 0
089596 0
168218 1
075353 1
137428 0
085029 0
097596 0
075338 1
195556 0
123146 1
007341 1
108153 0
145947 1
286741 1
123150 1
223254 1
127226 0
145286 1
145954 0
286744 1
145220 1
009965 1
008369 1
122296 1
123483 0
163634 0
190064 1
016433 1
011894 0
081437 1
286954 1
183055 1
190113 1
240821 0
086337 1
170878 1
168391 2
183053 1
064500 0
275235 0
168465 0
000675 1
183056 1
182989 1
155789 1
086362 1
183045 1
190112 1
123036 1
001011 0
130046 1
163566 1
155790 1
025951 0
006577 0
165183 0
175676 0
286936 1
086675 1
050475 0
108557 1
067168 0
113942 1
044037 0
168388 0
085484 1
124031 0
109225 1
011310 1
272689 0
122645 1
179849 1
129344 0
010358 1
018337 0
102081 0
120876 1
018502 1
122679 1
043676 0
018496 0
102034 0
228536 0
242725 0
113936 1
018013 1
118686 0
085528 1
163071 0
179181 0
175635 1
055534 0
144037 0
000134 0
166552 0
018323 0
130627 1
085745 1
085485 1
115305 1
125104 1
005092 1
139016 1
188924 1
194282 0
059294 0
125125 1
135206 1
000873 1
140115 0
167222 0
082079 0
147153 1
138961 1
011768 1
147146 1
125126 1
009786 1
085615 1
255899 0
004930 0
139019 0
085598 1
134894 1
109224 1
119548 0
085781 0
007585 1
230978 0
141165 0
121069 1
162275 0
166046 0
111808 1
178576 1
221790 0
018803 1
111100 0
270928 1
051798 0
290059 1
147362 0
179433 0
219831 1
173827 0
145611 0
125595 0
065180 1
203881 0
178132 0
065161 1
004370 1
220160 1
219867 1
219845 0
142227 0
115078 1
060447 1
219869 1
148795 1
130121 0
195552 0
009561 1
219799 0
102675 0
122010 1
115079 1
199766 0
188929 0
158320 0
141300 0
188925 0
152221 1
122485 0
031664 1
006583 0
018120 1
133594 1
008022 0
011959 0
265086 0
152222 1
289511 1
221782 0
082118 1
109762 0
124046 0
202022 0
129031 1
069678 0
145475 0
167938 1
168987 0
017932 1
167939 1
167878 1
144374 0
181307 1
005326 0
007387 0
289517 1
074992 0
278626 0
082068 0
000010 1
069472 1
169090 1
121516 0
087539 0
002755 1
002600 1
119393 0
102645 1
170195 0
188932 0
034413 0
099113 1
086161 1
010235 0
004617 1
099142 1
059888 0
286758 1
005416 0
170196 0
193000 0
182698 1
086186 1
178589 0
135059 0
009150 0
290008 0
005650 0
120869 0
129980 0
022410 1
018165 1
118818 1
086248 1
086222 1
067434 0
118730 1
009839 0
098430 0
010217 0
182786 0
061509 0
273016 0
063325 0
002593 1
085291 1
257555 1
058895 0
182733 0
145246 1
024025 0
143038 0
145223 1
031274 0
257558 1
144043 1
148350 0
168809 0
079726 1
285207 1
258985 0
034410 0
182762 0
154833 1
059705 0
134270 0
153584 0
154859 1
142765 1
285287 1
010568 0
155286 0
173851 0
168040 0
013133 0
063327 0
180380 0
076007 0
220801 1
026133 1
064110 0
120525 1
174096 0
249502 1
275859 0
147847 1
145619 0
220434 1
220485 1
116440 0
236867 1
090229 0
123494 0
235759 1
148455 1
220757 1
220756 1
096605 1
080813 1
154628 1
249592 1
