084219 1
051271 0
084287 2
084125 2
083958 2
083953 2
083965 2
083968 2
081589 2
083943 2
081650 2
084080 2
084202 2
083753 2
067328 0
115400 2
083746 2
083537 1
083530 2
083896 2
083906 2
084248 2
057616 0
051488 2
051379 1
084191 2
084183 2
083135 1
084307 1
079218 2
083999 2
082031 2
092037 1
115253 1
084477 1
075309 2
075311 2
075414 2
080394 2
075418 2
075505 2
075511 2
075513 2
084327 1
075500 2
078188 2
084006 2
078234 2
075517 2
082459 2
082490 2
091397 1
075503 2
083171 2
083173 2
074954 2
074947 2
078164 2
079200 2
051528 2
079172 2
082743 2
082757 2
075415 2
077600 2
075417 2
077606 2
081685 2
051503 2
075159 2
083059 1
075161 2
079288 2
075593 2
079291 2
075051 2
082822 2
083019 1
082829 2
082091 2
078252 2
082884 2
075315 2
082096 1
083111 2
082828 2
079363 2
083179 2
079223 2
079188 2
079364 2
078144 2
078104 2
078080 2
051368 2
075312 0
115355 1
051500 2
078085 2
084416 2
084384 2
078452 2
083119 1
114464 1
114483 1
078440 2
137680 1
078442 2
079145 2
078445 2
083693 2
083698 2
084381 1
084152 2
084155 2
084157 2
079641 2
084090 2
044367 2
043963 2
081027 2
079129 2
081701 2
113836 2
081648 2
044184 2
113800 2
083168 1
051251 2
075608 2
081674 2
082887 1
075906 2
081728 2
051143 2
114640 1
044115 2
051078 2
078098 2
114647 1
078093 2
082615 1
082627 1
050972 2
075501 2
075518 2
081897 2
044100 2
051194 2
078128 2
043889 2
081778 2
074869 2
081721 2
081754 2
084213 2
084336 2
083053 2
084469 1
079325 2
081709 2
084439 1
051074 2
082071 2
082063 2
044080 2
079644 2
043943 2
044072 2
044166 2
044258 2
045040 2
081890 2
084005 1
043991 2
082124 2
044074 2
044028 2
044075 2
044255 2
114413 2
074557 2
043879 2
043927 2
082144 2
044339 2
044832 2
044773 2
044850 2
045120 2
084413 1
045144 2
114603 2
114414 2
045205 2
044221 2
051079 2
084098 2
082077 2
074528 2
114894 2
114932 2
084116 2
082075 2
081229 2
081901 2
083811 2
114972 1
115039 1
115347 1
081922 2
181231 1
083723 2
081903 2
079167 2
115034 1
115445 1
078659 2
078630 2
114989 1
084292 2
079670 2
114873 2
078259 2
181262 1
084031 2
083988 2
078285 2
083563 2
084322 2
083559 2
181139 0
083739 2
114908 2
112097 2
084255 2
084475 2
114436 2
025548 0
083884 2
083786 2
083887 2
051068 2
075472 2
084073 2
055782 0
084317 2
043965 2
084045 2
279827 1
075561 2
043937 2
083479 2
075325 2
044193 2
083497 2
074907 2
114487 2
084110 2
210897 1
210962 1
114467 2
079970 2
084104 2
084335 2
115343 2
084286 2
269649 1
219889 1
211014 1
084216 2
083977 2
043929 2
211015 1
114556 2
277006 1
219891 1
114570 2
269586 1
080019 2
114484 2
084283 2
181198 1
114465 2
115703 1
269658 1
276904 1
115674 1
115497 1
079341 2
084232 2
077703 2
084348 2
080884 2
115394 2
079837 2
223506 1
015108 2
051073 2
084249 2
112139 2
223511 1
045143 2
080867 2
115322 2
083962 2
115446 1
079360 2
051431 2
083700 1
045204 2
115676 1
051187 2
079793 2
051395 2
050832 1
078458 2
114258 1
084472 2
084175 2
084265 2
081720 2
114295 1
051150 2
043864 2
115215 0
270015 1
084231 2
270009 1
270013 1
211776 1
082764 2
081748 2
270014 1
111359 1
084474 2
051069 2
084360 2
083975 2
083444 2
082651 1
082769 2
137440 0
081768 2
081615 2
051107 2
051557 2
083432 2
084383 2
084696 1
044238 2
083207 2
084457 2
051218 2
084096 1
044218 2
081637 2
084017 2
078823 2
220514 1
074721 2
051210 2
083699 2
082080 2
084128 1
082099 2
220004 1
083990 2
084271 2
081794 2
084211 2
082093 2
083955 2
084617 1
084345 2
082073 2
220007 1
084097 2
051412 2
082779 2
081482 2
083071 1
051397 2
115629 1
136059 1
083694 2
062670 2
082577 2
082614 2
082629 1
078043 2
136354 1
075186 2
271840 1
271898 1
080366 2
084775 1
084331 2
078049 2
084583 2
051193 1
084596 2
083957 2
044108 2
084267 2
044023 2
051255 0
271101 1
115918 0
084270 2
084268 2
080236 2
081506 2
084479 2
075191 2
084754 2
084226 2
079642 2
114007 2
083961 2
271153 1
108045 1
084178 2
007106 2
051202 2
075464 2
051207 2
081814 2
120705 2
080424 2
114848 2
114009 2
114852 2
269640 1
075166 2
082029 2
084100 2
084153 2
114003 2
084718 0
120692 2
051198 1
081933 2
075143 2
075137 2
114015 2
084318 2
054411 0
075120 2
051195 1
084117 2
115121 2
115113 2
084154 2
083305 1
114982 2
138478 0
084304 2
051186 1
044194 2
114018 2
084043 2
113986 2
084075 2
115090 2
081907 2
115105 2
051217 2
115435 2
115430 0
043966 2
051215 1
084306 2
115136 2
114710 2
114741 2
084759 2
078303 2
084197 2
080217 2
180323 1
051094 1
082089 0
180277 1
185592 1
084085 2
185585 1
054444 0
084083 2
185588 1
084691 2
081911 2
185578 1
185561 1
114023 1
271689 0
051204 1
081807 2
081963 2
051209 1
113997 2
051213 1
114987 2
082002 2
051059 1
113971 2
051192 1
051206 1
084131 2
051197 1
084038 2
083029 2
084308 2
083027 1
115508 1
083931 2
084377 2
051112 1
083037 2
084365 2
083932 2
154470 0
114990 2
051189 1
051211 1
051166 0
051199 1
180299 1
053844 0
051201 1
277015 1
051200 1
128261 0
114961 2
083039 2
074903 0
051203 1
020190 0
084339 2
044186 2
043964 2
277028 1
084217 2
050849 1
084113 1
051123 1
051216 1
115405 1
051081 1
084106 2
180635 1
179693 1
179703 1
184968 1
084074 1
084111 2
051221 1
081889 2
051223 1
051219 1
179961 1
051092 1
080426 2
084805 2
115292 2
074827 2
081896 2
054226 0
179963 1
179999 1
180033 1
051191 1
186599 1
180626 1
186597 1
272362 0
084147 2
184837 1
180268 1
051208 1
180614 1
180595 1
112514 0
051205 1
184499 1
114648 1
044106 2
051175 1
