250302 1
250390 1
240797 1
086986 1
086998 1
087065 1
080670 1
080644 1
086943 1
087068 1
087069 1
277198 1
277200 2
277204 1
101905 1
269006 1
066933 1
243873 1
243825 1
243783 1
243867 1
243913 1
086886 1
086897 1
087037 1
087040 1
086892 1
086922 1
087029 1
087059 1
086649 1
086677 1
020327 2
086775 1
086783 1
088160 1
088143 1
030733 2
091637 1
087067 1
243626 1
089267 1
078083 1
078074 1
241195 1
241149 1
243616 1
241217 1
241435 1
241436 1
241439 1
278912 2
278867 1
077649 1
077701 1
090709 1
090758 1
090848 1
090827 1
090860 1
019535 1
078068 1
078046 1
090870 1
090829 1
067757 2
086719 1
086754 1
226249 1
089733 1
090043 1
269503 2
269506 2
077470 1
087030 1
087062 1
086826 1
086877 1
280271 1
280238 1
005708 1
089292 1
078013 1
168254 1
168033 2
168006 1
078213 1
243884 1
240766 1
251520 1
241467 1
243994 1
211669 1
278814 1
098874 1
098921 1
278761 2
254972 1
249389 1
248977 1
087041 1
087036 1
228417 1
255880 1
278591 1
261153 1
085671 1
259928 1
259889 1
085661 1
257788 2
020021 2
240241 1
020022 2
019998 2
227981 2
108396 1
276176 2
276174 2
272285 1
006931 1
230705 2
087320 1
087323 1
087307 2
087306 2
086818 1
087428 1
199461 2
199595 2
199481 2
148647 2
199550 2
148885 2
148950 2
147386 2
046157 2
232999 1
242592 2
270287 2
264291 2
242790 1
222744 2
223695 1
223673 2
233303 1
078323 1
087278 1
029598 1
085559 1
085314 1
087412 1
087411 1
087410 1
087414 1
097311 1
097250 1
091070 1
120209 1
005608 1
120211 1
120150 2
005597 1
120192 1
091059 1
185465 0
233263 2
233126 2
078179 2
233141 1
163304 1
237031 1
271433 1
087581 1
271603 2
086239 1
087614 1
086220 1
087604 1
087889 1
087893 1
087963 1
163295 1
278753 2
278771 2
278712 2
086767 1
086800 1
080709 1
271161 0
262078 2
262079 2
237701 0
258775 2
278453 1
258760 2
101904 1
241536 1
250819 1
086546 2
086536 2
086524 1
080786 1
086794 1
086554 2
233697 1
278154 1
087395 1
278442 2
089324 1
080806 2
087888 1
082889 1
284298 1
249343 1
249219 1
089540 1
233247 2
233331 2
241169 1
261764 2
271127 2
271295 2
086034 1
271134 1
278198 0
261871 2
258215 2
087384 1
272331 2
254492 2
086080 1
066876 1
254477 2
272333 2
233693 1
261872 2
254479 2
254657 0
120281 1
080801 2
255890 2
089535 1
118131 1
087892 2
272699 1
273467 0
261294 1
019330 2
087962 1
251352 1
019327 2
094120 1
261296 0
005672 1
070581 1
103754 1
070580 1
080808 2
239878 0
255884 1
243882 1
093897 1
080506 1
103753 1
070598 1
080810 0
103771 1
108822 1
028237 1
272661 1
271620 1
087354 1
087032 1
241168 0
030734 1
271630 1
120283 1
272888 1
087049 1
278356 2
271297 1
277659 2
235820 1
126403 0
029270 1
081353 1
272422 2
277014 0
235828 1
081350 2
140256 1
029071 1
108846 1
256857 1
229131 2
240303 1
081474 0
228797 0
087355 1
029069 2
108848 1
140331 2
029067 2
127931 1
140385 2
239575 1
005714 1
067016 1
140335 2
140387 2
140390 0
235829 2
249956 1
249830 1
265815 1
081057 2
067006 1
222603 1
254599 0
127871 1
252371 1
140350 2
235849 1
252440 1
117254 1
225939 1
249831 1
236582 0
265845 0
080467 1
244078 1
254469 2
078095 2
080470 1
252918 1
244831 1
067035 1
256920 2
080440 1
244799 1
091111 1
249832 1
256214 1
066935 1
007212 1
074487 1
243786 1
029433 2
120769 1
067144 1
074488 1
256279 1
235870 0
057903 2
243784 1
107660 1
254467 2
067159 1
107661 1
067126 0
227732 1
077875 1
082856 1
234619 0
256878 1
078168 2
078218 1
029066 0
086150 1
233400 1
133695 0
083496 1
086790 0
276478 2
086418 1
200622 1
200346 1
276493 2
113062 1
200621 1
082684 1
083468 0
200733 1
066777 1
086166 1
032384 1
244165 1
226422 1
249549 0
239871 1
087100 1
226464 1
210741 1
239936 1
007734 1
086974 1
078024 1
140342 0
005709 1
120330 1
264583 0
005828 1
120440 1
006859 0
067109 1
067185 1
