003980 1
003861 1
136491 1
136680 1
136661 1
135937 1
135900 1
136881 1
137259 1
135747 1
135752 1
135767 1
135759 1
135809 1
135818 1
135791 1
135867 1
135858 1
135926 1
135780 1
136675 1
136883 1
135827 1
135797 1
135855 1
135732 1
135738 1
136614 1
135886 1
135830 1
135750 1
135761 1
135763 1
135765 1
135916 1
135869 1
135787 1
135953 1
137023 1
135942 1
135879 1
135771 1
135906 1
135744 1
135839 1
135935 1
135728 1
135795 1
135726 1
135890 1
135724 1
135783 1
136801 1
135932 1
135848 1
135955 1
135754 1
135742 1
135957 1
135776 1
135785 1
135835 1
135939 1
135736 1
135914 1
136778 1
136793 1
135837 1
135734 1
135799 1
135802 1
136381 1
135793 1
135769 1
136591 1
135824 1
135778 1
136541 1
135924 1
136477 1
135774 1
135730 1
135861 1
136701 1
003944 1
135852 1
136873 1
135757 1
135911 1
003852 1
003959 1
003849 1
003842 1
003976 1
003859 1
136404 1
003846 1
136545 1
136468 1
136423 1
136400 1
136685 1
136695 1
136425 1
136503 1
136551 1
136629 1
135873 1
136580 1
137051 1
136582 1
136664 1
136396 1
136441 1
136505 1
136419 1
136493 1
136409 1
136547 1
136499 1
136501 1
136466 1
136430 1
136394 1
136644 1
136605 1
137153 1
136617 1
136507 1
136595 1
136561 1
136586 1
006101 1
136391 1
136398 1
136576 1
136388 1
136775 1
136474 1
136464 1
136593 1
135740 1
136496 1
136578 1
136470 1
136450 1
136386 1
136383 1
136414 1
137141 1
136435 1
136691 1
136608 1
136610 1
003962 1
003893 1
136378 1
135951 1
136351 1
003914 1
137197 1
136722 1
003896 1
005891 1
003865 1
003935 1
003874 1
005875 1
136238 1
003882 1
003880 1
003870 1
004023 1
003868 1
003884 1
003894 1
003860 1
003895 1
004015 1
005967 1
003966 1
005931 2
137094 1
003877 1
004063 1
006059 1
003977 1
005894 1
005915 1
004055 1
003941 1
003851 1
135875 1
004001 1
003951 1
003994 1
003979 1
003955 1
004045 1
136836 0
004049 1
003995 1
003899 1
003971 1
006008 1
003878 1
136692 1
003924 2
136811 1
136157 1
006131 1
003853 1
004057 1
003850 1
006014 1
003890 1
003907 1
136267 1
003879 1
005906 1
135753 1
005945 1
135938 1
135874 1
135826 1
135860 1
135777 1
226201 0
135758 1
135790 1
136674 1
137258 1
135950 1
136403 1
135746 1
135766 0
135751 1
136350 1
135885 1
135749 1
136607 0
135735 1
004047 1
138144 1
136382 1
138141 1
137924 1
135502 1
138101 0
135868 1
136640 1
135506 1
138146 1
137744 1
135865 1
136690 1
136145 1
135501 0
137847 1
138330 1
135716 1
135801 1
136167 1
135851 1
138178 1
005904 1
138274 1
138622 1
136149 1
136009 1
136385 0
138121 1
138224 1
138123 1
138180 1
137786 1
136673 1
136672 1
135479 1
135756 1
138239 1
138148 1
136585 1
138150 1
137765 1
137928 0
135673 1
135495 1
135497 1
137701 1
135489 1
135508 1
138216 1
136158 1
138119 1
138182 1
272460 0
137815 1
137888 1
135504 1
135493 1
135491 1
137703 1
135882 1
138170 1
003654 0
137869 0
136613 1
138106 1
003889 1
138108 1
137985 1
003916 1
136639 1
135872 1
005989 1
135854 1
137612 1
137961 1
136592 1
137617 1
135760 1
137653 0
135934 1
135931 1
135733 1
138131 1
003872 1
136387 1
138234 1
137675 1
136469 0
005979 1
137964 1
138133 1
137646 1
138014 1
135784 1
137805 1
003657 0
136109 1
138135 1
138127 1
003888 1
137857 1
137739 1
136777 1
135739 1
135741 1
138129 1
135838 1
138827 1
138825 1
138302 1
003883 1
137784 1
021103 0
138202 1
135823 1
138184 1
014118 1
137715 1
003866 1
137877 0
136121 1
137845 1
138232 1
135878 1
137741 1
138200 1
135773 1
137839 1
135969 1
136660 1
137742 1
136490 1
137613 1
137695 1
138015 1
138828 1
138240 1
138156 1
138201 1
137925 1
137704 1
138228 1
137846 1
137785 1
137618 1
137740 1
137962 1
138826 1
138132 1
138033 1
137816 1
137749 1
138136 1
137986 1
137806 1
138124 1
138217 1
137720 1
138171 1
138183 1
138134 1
137931 1
138142 1
138275 1
138122 1
137702 1
137858 1
137874 1
138128 1
137631 1
138233 1
138149 1
138822 1
138303 1
138181 1
138130 1
137820 1
137694 1
137699 1
137965 1
135970 1
138203 1
137876 1
135779 1
138331 1
138165 1
138145 1
137716 1
137787 1
138113 1
138157 1
137880 1
137745 1
138229 1
137663 1
137766 1
138151 1
138235 1
137882 1
138225 1
137634 1
137697 1
135923 0
137647 1
138147 1
137828 1
138164 1
138384 1
137665 1
137959 1
138109 1
138179 1
138266 1
138215 1
138579 1
138185 1
137814 1
140932 1
138271 1
138273 1
137889 1
137777 1
138223 1
137654 1
138107 1
137840 1
137674 1
137854 1
137848 1
138621 1
137935 1
137933 1
137659 1
138199 1
138280 1
138677 1
138623 1
137878 1
138161 1
138118 1
138936 1
138196 1
137737 1
137894 1
137671 1
137657 1
138581 1
137842 1
138189 1
137712 1
137775 1
138219 1
138500 1
138388 1
138346 1
138111 1
138102 1
137706 1
138523 1
138177 1
138039 1
138210 1
138720 1
137688 1
006416 1
138163 1
137682 1
137837 1
138464 1
138168 1
138173 1
137642 1
137679 1
137884 1
137677 1
137870 1
137844 1
137904 1
137667 1
138169 1
137980 1
138318 1
137661 1
137735 1
137943 1
138648 1
140084 1
137685 1
138672 1
138070 1
138012 1
137693 1
137929 1
137824 1
138205 1
137826 1
137727 1
138153 1
137850 1
138258 1
137762 1
140086 1
138213 1
138256 1
138470 1
137789 1
137990 1
138466 1
137645 1
138246 1
138120 1
138027 1
138207 1
138380 1
138099 1
137649 1
