229351 1
229356 1
229358 1
234389 2
234388 1
231388 1
234490 1
234119 1
233919 1
227946 2
231229 1
231233 1
231243 1
231230 1
231234 1
231244 1
231228 2
231232 2
231242 2
228972 2
231283 2
231286 2
231313 2
231307 2
231271 2
231255 1
231272 2
231302 2
229194 2
229047 2
229357 2
229359 2
229021 0
231411 1
231409 1
231424 2
231609 1
017844 2
239745 0
229352 2
234390 2
136485 0
136301 1
136512 0
136299 1
136326 1
234086 1
242928 2
242982 1
242922 1
242910 1
242895 2
256312 2
256301 1
229516 2
239253 0
229531 1
229179 2
194720 1
229238 2
194722 1
196314 1
196586 1
196598 1
196600 1
229424 2
229361 2
229310 2
231112 1
221595 2
231119 1
221631 2
221636 2
229241 1
221682 2
142218 0
229439 1
229548 2
229289 0
234012 1
234087 2
234052 2
256031 0
231148 2
231120 1
158734 1
136293 0
155637 0
239329 0
191439 1
191054 1
196315 1
196587 1
196599 1
191448 1
196601 1
207182 0
161987 0
208778 0
229207 2
235780 0
009330 0
169215 0
170559 2
170767 2
170739 2
170776 1
170262 1
170765 2
