226419 1
202309 1
199662 1
199768 1
211355 1
201723 1
201733 2
253060 1
207523 2
191960 1
191952 1
192027 1
233435 2
141618 0
199799 1
199800 1
242624 2
240501 2
199644 0
229632 2
225400 2
258244 1
224535 2
196270 2
257917 2
256433 0
262174 0
275040 2
275029 2
275063 2
211988 0
242947 2
229701 2
283475 0
243224 1
250887 2
229964 2
229876 2
243208 1
234372 2
234371 2
287168 2
258502 2
244136 1
244143 1
210978 1
287669 2
243528 0
243497 1
231133 0
243496 1
260884 0
243401 1
256770 2
256767 2
243402 1
243559 1
243862 1
243857 1
243834 1
243558 1
202237 1
243780 1
202384 1
243779 1
243811 1
243818 1
202398 0
243843 1
250339 1
208546 2
250338 1
203074 0
210803 2
210735 2
080223 2
244363 1
257343 1
244341 1
183845 2
257243 1
257272 1
228910 1
228781 1
228782 1
227462 1
227546 0
244732 0
228911 1
243826 0
183853 1
243186 1
206808 1
201638 1
108832 1
256403 0
108880 1
243561 0
108911 1
109176 1
108912 1
253501 2
109198 1
109210 1
253570 2
253575 2
253557 2
253602 2
253600 2
253675 2
255060 1
015242 0
187602 2
253701 2
253425 2
253449 2
253502 2
244471 2
253558 2
253354 2
244451 2
253571 2
253576 2
256022 1
255936 1
256099 1
210965 2
210748 2
201964 1
207193 1
206995 1
205796 2
257421 0
206423 2
206434 2
201963 1
208579 1
201958 1
184706 1
254881 0
202794 1
201756 1
210756 1
025484 0
202963 0
184695 2
202262 1
184747 1
128478 1
128627 1
200003 1
202344 1
115184 0
203070 0
206698 2
206720 2
199967 1
206709 2
208051 1
216167 1
079430 0
254637 1
165336 0
206885 2
203076 2
017574 2
155811 1
019075 1
199226 1
199222 1
203072 2
271664 2
101493 1
265042 1
271663 2
237379 2
199153 1
199154 1
237336 2
199160 1
199156 1
237378 0
258357 2
258373 2
136116 0
064349 1
238027 0
080833 1
256551 1
253926 0
205619 0
067843 1
258430 0
067839 1
067812 1
282164 2
208975 1
080961 1
261392 0
208007 1
197534 1
197450 1
197440 1
274400 0
202633 0
208029 1
208997 1
208018 0
201815 1
201813 1
186283 0
252372 0
209030 1
224398 0
113760 0
030168 0
234290 1
206797 1
234289 0
207204 1
275249 0
256173 0
208986 0
210877 0
202689 1
032000 1
031977 1
180669 0
244426 2
235994 0
244423 1
