198719 1
198743 0
198677 0
198852 1
198856 1
198733 0
199202 0
198776 1
198801 1
198707 1
198792 1
198785 1
198667 1
198663 1
198705 1
198933 1
198765 1
198710 1
198769 1
198966 1
199190 1
198704 1
198721 1
198751 1
198738 1
198835 1
198730 1
198768 1
198786 1
198874 1
198844 1
198726 1
198742 1
198945 1
198668 1
198754 1
198976 1
198771 1
198793 1
198732 1
198783 1
198791 1
198660 1
199493 1
198669 1
198845 1
198739 1
200604 1
198814 1
198789 1
199496 1
198666 1
198756 1
198968 1
199159 1
198683 1
198896 1
200605 1
198823 1
198816 1
198784 1
198973 1
198688 1
200570 1
200569 1
210839 1
200574 1
198712 1
199161 1
198794 1
198822 1
198782 1
198939 1
198713 1
200573 1
198944 1
198686 1
198795 1
200514 1
198731 1
198728 1
198706 1
200516 1
200601 1
198689 1
199183 1
198757 1
200608 1
199166 1
198837 1
199200 1
198761 1
198762 1
198892 1
198902 1
198770 1
198790 1
200753 1
200815 1
198718 1
198781 1
198796 1
199459 1
199471 1
202147 1
202176 1
199517 1
199529 1
198797 1
198780 1
198674 1
198682 1
198722 1
198760 1
198700 1
198711 1
198729 1
198716 1
199750 1
199755 1
198701 1
198725 1
206918 1
252126 1
199384 1
199387 1
228092 1
227990 1
199367 1
199369 1
199363 1
198799 1
198827 1
162642 0
173131 0
179027 0
084070 0
244264 0
255909 0
074804 1
022353 1
022349 2
101991 0
108254 0
130457 0
199480 0
191708 0
277408 1
277452 0
149512 1
015646 1
149515 2
147618 2
147617 2
147606 1
147588 1
147619 2
152566 1
152579 1
243522 1
149596 1
149597 1
065796 1
065794 2
165031 1
065792 1
074945 1
074962 1
049818 1
049866 1
165021 1
049954 1
200249 1
256989 1
165418 1
241507 1
241515 1
049348 1
057016 1
200289 1
049514 1
028902 0
200290 1
198504 1
159218 2
082239 1
082331 0
052116 1
198506 1
159230 1
202185 1
202212 1
255353 1
149600 1
078546 1
052126 1
149860 2
220642 1
220375 1
043983 1
015582 2
069040 1
051331 1
043986 2
149876 1
150681 1
149852 1
043998 1
150679 1
150677 1
150658 1
150985 1
150690 1
039964 1
278854 2
077469 1
074917 1
052221 1
074522 1
074591 1
075590 0
223669 1
046248 1
221164 1
074854 2
074853 1
016625 0
046252 2
075117 2
075135 0
046247 1
075744 0
149938 1
080088 1
075495 1
165001 1
075528 1
082705 1
082601 1
049860 2
065672 1
082435 1
091169 1
056583 0
075559 1
075269 1
045899 2
082062 1
050055 1
091844 2
086516 1
091881 1
082060 1
149937 1
045909 1
078602 1
082763 0
078063 2
039946 1
150111 1
039926 1
082203 1
176786 0
091167 0
051393 0
145570 1
162241 1
164824 1
153322 1
077635 1
077586 1
270306 1
153874 1
161048 2
259826 0
161083 1
161046 1
161042 1
065764 1
199770 1
199850 1
205179 1
075477 1
075554 1
160378 1
199849 1
239837 1
065974 0
158664 1
065828 0
056643 1
098370 1
039513 0
205181 1
025719 1
200231 1
203736 1
203752 1
218106 1
272105 1
223496 1
240568 0
057296 1
198369 0
046394 2
065582 1
045815 1
098791 0
149540 1
009983 1
149523 2
015639 2
149553 2
015658 1
267862 2
224243 0
163815 1
160306 2
267773 1
160355 1
163831 1
011450 1
225005 0
015831 0
075697 1
199365 1
275872 0
199362 1
039503 2
272539 2
277398 2
199358 1
277394 1
271909 1
277409 2
039713 1
272415 1
266942 2
042551 1
067765 0
266890 1
272453 1
272024 2
272462 1
271981 1
271851 1
271668 1
272023 1
272106 1
149349 0
126814 1
152443 1
035579 1
276250 1
062808 1
062805 2
211232 0
062772 1
062814 1
276302 1
050899 2
096368 1
098690 1
098526 1
056705 0
240097 0
096172 1
050900 1
058863 1
039749 0
046316 1
046279 1
082265 1
048861 0
050919 0
046354 1
045384 0
057843 1
022326 1
046277 2
099701 1
046624 1
161689 1
099409 1
161690 1
044663 2
045119 1
025744 0
141690 0
016373 0
087470 1
050237 1
181801 0
068938 1
068966 1
045979 1
045936 2
068954 1
079435 1
068942 1
065227 1
045701 1
065239 1
065243 1
