044384 1
044349 1
044314 2
044601 1
044602 2
044616 1
045920 1
045916 2
040949 2
040982 1
044821 1
044698 2
035123 1
035773 1
041639 2
046466 2
036104 1
036111 2
035759 1
035766 1
035748 2
035797 1
035786 2
035757 1
035785 1
035903 2
035981 1
035900 1
035755 1
035906 2
035760 1
035788 1
035872 2
035902 2
035756 1
035806 1
035824 2
037794 2
037793 1
035849 1
035861 2
040929 1
040928 2
035758 1
036308 1
046546 1
036034 1
045324 1
045318 2
035765 1
035908 2
051755 1
041632 2
035832 2
035838 1
035843 1
035792 1
036135 1
036141 1
037314 2
035817 2
035783 1
035873 2
035787 1
037242 1
036275 1
036340 1
036131 2
035867 2
035842 1
041577 2
041594 1
044731 1
035918 1
035919 1
044899 1
040755 1
040898 1
045973 1
044732 2
044737 1
045965 1
045896 1
045511 1
046519 1
046514 2
045435 2
044368 1
044157 2
045358 1
045356 2
045708 1
045014 1
044989 2
036140 2
046049 1
046014 2
036136 1
036142 1
044442 2
044332 1
044408 2
045468 1
044525 1
044524 1
044689 1
044738 2
044638 2
046047 1
044633 2
044746 1
044642 2
044643 2
044634 2
036964 0
218004 1
035675 2
044933 1
035674 1
035676 2
035699 2
046594 2
035904 2
044632 1
046355 1
040792 1
044939 1
044936 1
044780 2
044756 2
044745 1
044775 2
044739 2
044759 2
044762 1
044748 1
044740 1
044733 2
044835 1
044891 1
044882 2
088107 1
045891 1
045889 2
045862 1
044680 1
045854 1
044692 1
044327 1
044001 2
045845 2
044578 2
044585 1
039568 2
040900 1
044593 1
044253 1
044591 2
040751 2
044445 2
044511 1
039995 2
035948 1
046489 2
046476 1
044264 1
036242 1
044582 1
044254 2
044239 1
046293 2
045231 2
044315 2
045234 1
040902 2
044474 1
044323 1
209417 1
044558 1
036702 2
046117 2
046409 2
046411 2
045117 2
045623 2
041536 2
041119 2
045698 2
041480 1
042260 2
040975 2
041388 1
042840 2
036738 2
041394 1
045692 1
035978 2
045624 1
045758 2
042358 2
045727 2
045619 2
044268 2
045489 2
044351 2
045955 1
049892 2
041306 1
050685 2
036160 2
040903 2
041626 1
049889 1
045488 2
045928 1
045954 1
045689 2
040822 2
045177 2
045857 1
040936 1
040915 1
045241 2
045296 1
045307 2
035649 1
045319 1
044098 2
046288 1
044391 2
045024 2
044509 2
044366 2
051325 2
046502 2
035935 2
046509 1
035937 1
040905 1
044503 1
046491 2
046493 2
046459 1
040937 1
044495 2
044743 1
041014 2
045982 2
045998 1
045983 2
043995 2
044278 1
044220 1
044273 1
035831 2
035859 2
035879 2
035777 1
040816 2
035956 1
036098 1
035933 2
045425 2
045536 1
035860 2
035851 1
044579 2
049306 1
049302 1
043895 1
036123 1
044064 1
035846 1
040932 1
035863 2
040752 1
050961 1
035934 1
036372 2
035951 1
035878 2
035776 1
046375 1
036013 1
044736 1
044498 1
044716 1
040892 1
044721 1
035853 1
040901 1
044468 2
044537 1
046379 2
044617 1
035926 2
035925 1
035888 2
044520 1
040793 2
044473 2
209902 1
044561 1
037685 2
035752 2
044291 1
037675 1
045268 2
046462 2
046461 2
040916 1
044678 1
044160 2
044906 1
045999 1
101760 0
035912 2
044307 1
044777 1
037065 1
044781 2
035384 1
035929 2
035304 1
035791 1
040962 1
035286 1
035283 1
037146 2
044162 2
044405 1
035790 1
036907 1
036000 1
044767 1
044419 1
035778 1
264818 1
264847 1
264831 1
035922 2
044577 2
044801 1
035927 1
044584 1
044536 1
046337 1
044755 2
051516 1
045532 2
044032 2
205162 1
054578 1
045443 2
044587 1
044402 2
043765 1
044039 1
044581 2
035841 1
214288 1
044614 1
041026 1
217289 1
044613 1
045501 1
044568 2
044599 1
044589 1
215119 1
044571 1
214463 1
048904 1
264813 0
051339 1
044203 1
043977 1
044387 1
044002 2
044600 1
205166 1
044735 1
035711 2
044626 1
044851 2
044549 1
044955 1
040590 0
036765 2
036748 1
051148 2
044353 1
035885 1
040783 2
045473 2
021527 0
051517 1
045487 1
044223 1
051742 1
035420 0
040819 2
045367 1
045351 2
051338 1
044256 2
044501 1
205151 1
045163 1
044270 1
208357 1
043900 1
043982 1
044685 1
063003 0
044717 1
044730 1
048134 1
043922 1
044741 1
043908 2
040934 1
214961 1
044705 2
051744 1
036325 2
044789 1
207646 1
044734 2
201226 1
216317 0
044703 2
204479 1
044688 1
207658 1
051514 1
045248 1
044552 1
205156 1
045197 0
209846 1
051482 1
205767 1
044636 2
044992 2
043932 1
037447 1
045499 0
044603 2
205164 1
036737 0
205765 1
207060 1
037528 2
040907 1
046361 1
035744 1
044687 1
044559 1
044747 1
036990 2
046198 1
044434 1
044691 1
051333 1
046276 1
048451 1
050892 1
059415 1
044310 1
051064 2
051066 1
059086 1
044375 1
044606 1
044605 1
050886 1
046196 1
044280 2
036978 1
044149 0
209446 1
044357 1
110561 1
044430 1
207124 0
218332 1
036652 1
036085 2
044197 2
045927 0
051468 0
036663 1
044195 2
110530 1
044649 1
043876 1
110569 1
216389 1
044129 1
044677 1
044644 2
036683 1
215467 1
042426 0
037213 1
213276 1
207006 1
051042 1
205282 1
214705 1
212460 1
035708 1
044008 2
062794 0
044592 1
044374 1
036318 1
048419 1
217907 1
258524 1
206535 1
040114 0
045533 1
261823 0
037445 1
215570 1
044272 1
117725 0
046102 2
034661 1
040821 1
036375 2
203894 1
060586 1
048832 1
044631 1
214958 1
214352 1
214960 1
046153 1
212661 1
258468 1
205560 1
215268 1
205173 1
044715 2
044838 1
044720 1
050766 1
140935 0
218408 1
044518 1
046414 1
046418 1
212029 1
060535 1
035735 1
044145 1
044693 1
214783 0
037306 2
042205 0
035923 2
037231 1
040935 1
045801 1
213628 1
035921 1
218949 1
044876 0
070619 0
204592 1
037880 1
219480 1
133501 0
215464 0
035833 2
035789 0
037902 2
037924 2
051605 1
044586 1
205461 1
217387 1
217389 1
044648 1
113250 1
196949 0
036071 1
066382 0
045194 0
218177 1
045005 1
044048 1
045357 1
210107 1
218016 1
218217 1
210290 1
215894 0
045178 1
037106 1
036561 1
208572 1
213889 0
037033 1
044742 1
044770 1
045846 0
037052 1
049256 1
036558 1
035796 2
045021 2
037779 1
051664 1
044163 2
217647 0
041352 1
064150 0
044679 1
048544 0
217334 1
058076 0
081180 1
148724 1
046397 0
019662 0
046570 1
205296 1
216276 1
109397 1
079723 0
203822 1
053538 0
045757 1
065434 0
210344 1
044389 1
044700 2
044702 1
209847 1
217347 0
062819 1
209365 1
209788 1
062813 1
040395 0
210560 1
163893 1
217902 1
045703 1
035920 1
163872 1
163071 0
210762 0
044152 1
035839 1
016007 0
044506 1
209430 1
036267 1
045582 1
216036 0
036268 1
050371 0
036263 1
036490 1
206495 1
035714 2
218888 1
217761 1
036906 1
208545 1
051519 1
217770 1
217784 1
015607 0
037467 1
