051099 2
059396 0
053703 0
052712 0
050963 2
051087 2
056361 2
056316 0
057368 2
057131 0
055463 0
222456 0
057100 2
056857 0
055486 2
055391 0
051033 2
198416 2
199195 2
199046 2
199169 2
199994 2
056486 2
056473 0
056744 2
056457 0
048384 2
048181 2
199194 0
055599 2
267459 2
236098 2
236038 2
055287 2
055087 2
055020 0
056342 2
056326 0
052954 2
052837 2
051402 2
051359 2
055645 2
055308 0
051005 2
050202 2
054281 0
050143 2
056714 2
056503 0
056511 2
056622 2
056181 2
055877 0
054442 2
053200 2
053015 2
054577 2
054488 0
049042 1
054761 2
049683 2
049406 2
050137 1
050124 2
054869 2
054785 0
054895 2
054201 2
054821 0
202631 2
059400 0
052537 2
052516 2
163108 2
163105 2
052800 2
052755 2
054682 2
053124 0
062968 2
062870 2
055587 0
057372 2
057128 0
055185 2
055164 0
050224 2
056492 2
050150 2
052806 2
052762 2
054094 0
048663 2
048456 2
056182 2
052269 2
052268 2
052140 2
054867 2
054884 2
054787 0
052129 2
055588 2
056741 2
056461 0
055875 0
047658 2
053293 2
053001 0
055991 2
047581 2
053243 2
055910 0
051031 2
054720 2
054811 0
054279 2
057036 2
055880 2
059273 2
054274 0
055692 0
054138 0
056278 2
053534 2
053610 2
052720 2
056227 0
054202 2
056467 0
057019 2
057077 2
055478 2
055146 2
056724 2
055525 2
055398 0
056700 2
059315 2
056808 2
053423 2
056789 2
053375 2
053512 2
055971 0
054926 2
053228 2
053009 2
055356 0
056430 2
057334 2
059343 0
052744 2
052728 2
053111 2
055190 0
053285 2
056529 1
057139 0
057376 0
054877 2
057330 2
057140 0
052542 2
055467 2
056504 0
052953 2
054097 2
052517 2
053170 0
054587 2
056523 0
054798 0
055311 2
056738 2
057335 2
052838 2
052932 2
056680 2
057138 0
055384 2
056507 0
054331 2
057032 2
053408 0
053250 2
054453 0
054808 2
053271 2
055270 2
055445 2
053007 2
055309 0
052146 2
055162 2
054896 2
055174 2
055612 2
053593 2
053687 2
055200 2
054901 2
056863 0
054095 2
051032 2
054003 0
055323 0
056695 0
052724 2
053159 2
052771 2
053000 2
053152 2
053003 2
053141 2
052965 2
055263 0
054487 2
056737 2
053314 2
054876 2
055712 2
054076 2
055470 2
055292 0
048583 2
056755 2
055541 2
056516 0
055101 0
056254 0
053619 2
054218 2
048484 2
063658 2
063807 2
061014 2
053602 2
052910 0
054899 2
061105 2
048603 2
055291 2
054531 2
059462 0
048488 2
048491 2
053597 2
054515 2
042919 0
056962 2
055159 0
056841 2
050244 2
049698 2
050214 2
054077 2
055471 2
055713 2
050251 2
049696 0
056843 0
055148 2
055097 0
054817 0
055068 2
056835 0
056866 0
052177 2
052361 2
056794 2
052179 2
054903 0
052354 2
055982 2
055294 2
055416 2
055031 0
054954 0
053552 2
055280 0
055468 2
056742 2
054908 2
055918 0
055154 0
055381 0
056615 2
052567 2
052956 2
057093 2
052544 2
051337 2
053050 2
051376 2
052833 2
051486 2
052722 2
051869 2
052776 2
053046 2
056514 0
057049 2
051842 0
052598 2
056346 2
055592 2
054090 2
057152 2
056852 1
056324 0
056226 0
051110 2
051820 2
054471 2
053650 2
051819 2
056397 2
053595 2
056381 0
076879 0
046870 2
051102 2
051364 0
054365 0
054234 2
051004 2
055245 2
055438 2
056851 0
056832 2
053071 2
053040 0
053241 2
055179 2
054665 2
054278 2
053011 2
056460 0
053163 2
056861 0
056530 1
054439 2
055412 0
053551 0
055995 2
054983 0
054277 2
055908 0
151125 0
055456 2
055258 2
057002 2
056384 2
054117 2
055710 2
055738 2
024350 0
054160 0
055871 2
055691 0
055672 0
054558 0
050778 2
048557 0
050670 2
055550 0
053665 2
054194 2
054539 2
021770 0
054127 2
054452 2
052741 0
036170 0
052586 2
054904 2
057311 0
056186 2
052649 2
056061 2
052648 0
052892 0
055827 0
054530 2
054998 0
056341 2
052939 2
055089 2
052866 2
052865 2
052938 2
054520 2
056358 2
056773 2
054275 2
049065 2
053686 2
054544 0
054393 0
053568 0
055655 0
056459 0
052405 2
056520 0
056100 2
056820 2
051509 0
054834 2
056127 0
065922 2
055500 0
055118 0
055490 2
249697 0
055845 0
050466 2
055331 2
056318 0
055301 0
054882 0
050429 2
056187 2
056044 0
054375 0
208066 0
055385 2
050236 2
055310 0
051582 2
053756 2
054763 0
050142 2
054803 2
053736 2
056498 2
056476 0
054197 0
054677 0
054429 2
051615 2
056716 2
136212 0
053753 2
056070 2
053738 2
056770 2
054006 0
053748 0
055262 2
053278 2
054871 2
049912 2
055474 0
076094 2
053705 2
060953 2
053107 2
053030 2
056526 1
053691 2
056522 0
057328 2
084507 0
046766 2
054728 2
056968 2
053013 0
052748 2
054273 2
048940 2
235068 0
052726 2
056114 2
052862 2
056870 0
055876 0
056502 0
053974 2
052846 2
054532 2
052780 0
055539 0
052485 0
055621 0
054872 2
054968 2
053054 2
056051 0
054251 0
059371 2
052111 2
054045 2
056087 0
057141 0
055447 0
054989 2
053600 2
050426 2
056515 0
054230 0
055850 0
048434 2
055407 0
053044 2
057338 2
112682 0
054875 2
056019 2
052855 2
057136 0
054740 2
053704 2
048202 2
049117 2
015803 0
084504 0
056707 2
048750 2
048442 2
048531 2
054529 2
049057 2
055276 0
053272 2
054519 2
043016 0
114952 0
054049 2
056505 0
053878 0
053158 2
052998 2
050326 2
052433 2
053079 2
052788 0
056289 0
054962 0
054638 2
049843 2
052857 0
254105 0
053391 0
055488 2
053036 2
051929 2
053521 2
050837 2
055487 2
060512 2
055072 0
053477 2
053478 2
050956 0
053479 2
054503 0
056210 2
053223 0
054283 2
054727 2
053970 0
053148 0
055967 0
055723 2
054445 2
048142 0
036065 0
085811 0
052701 2
230946 0
050588 2
055659 0
051034 2
055895 2
054409 2
054357 2
052686 0
055426 0
052515 2
052613 2
056151 2
054887 2
055236 0
054801 2
053438 2
056097 2
052524 0
052495 2
053627 0
055873 0
053150 0
052496 2
056192 0
064907 0
252136 0
054387 2
054800 2
056532 0
050483 0
050371 0
057079 2
056263 2
054545 2
048441 0
086428 0
055110 0
054407 0
054166 2
054540 2
056448 0
097355 0
054505 0
055434 0
054921 2
054434 0
056414 2
052931 2
052934 0
054715 0
054011 0
267325 0
055790 0
054758 2
056485 2
056386 0
054719 0
056472 0
056610 0
053559 0
054631 0
054894 2
047551 0
054732 0
052650 0
052302 2
052301 2
062192 0
052911 0
197395 0
055860 0
207401 0
054270 0
052561 2
052520 2
052629 0
053485 2
054714 2
082646 2
082759 2
082744 2
203661 0
054140 2
054857 2
053034 2
032116 0
057317 2
050947 0
057145 0
050118 2
054789 0
050116 2
055469 0
055884 0
052887 2
054820 0
052896 2
078158 0
053026 2
053386 2
053578 0
054672 2
055141 0
052610 0
059422 2
059407 2
053382 2
052901 0
056867 0
055219 0
081060 0
056466 0
010653 0
054179 2
055216 0
052745 0
052608 0
055091 0
052869 0
054081 2
055457 0
063178 0
054975 2
054773 0
055506 0
055243 0
053376 2
055404 0
053997 0
054971 2
053560 0
054928 0
053294 0
054940 0
054016 0
228639 2
226994 2
227073 0
053759 0
158515 0
227074 0
050931 0
055516 2
054674 0
056131 2
048906 0
046923 2
055706 2
227093 1
240651 0
053076 2
056839 0
163241 2
052950 2
243710 2
083069 2
052840 0
082783 2
053039 0
055282 2
065246 0
077667 2
036061 0
055784 0
056095 2
080280 1
280512 0
055951 2
052900 0
056018 2
056735 2
228749 0
082660 2
051223 0
056856 0
082598 2
054753 2
055142 0
054662 2
046744 2
082521 2
082500 2
051127 2
082391 2
080565 0
080365 2
051160 2
082544 2
082386 2
080772 2
080427 2
080791 2
080691 2
080399 2
082594 2
082618 2
054914 0
200626 2
080543 0
082711 2
053867 2
200230 2
200629 2
200630 2
213258 2
213275 2
213616 2
220721 2
220725 2
220905 1
220966 2
082547 2
230312 0
080682 2
054526 2
082504 2
202193 2
202208 2
082708 2
056774 2
202386 2
202245 2
080736 2
082609 2
080724 2
080713 2
055235 0
082591 2
080747 2
080722 2
080782 2
080712 2
080773 2
080498 2
080495 2
080763 2
057353 2
080602 2
080449 2
080397 2
080520 2
080597 2
080701 2
080694 2
080514 2
080784 2
080770 2
080368 2
082692 2
080735 2
082690 2
080714 2
080702 2
080768 2
080753 2
080708 2
080360 2
080700 2
080711 2
080613 2
080611 2
080381 2
080785 2
082370 2
080588 2
080723 2
084847 2
080582 2
082383 2
080783 2
080357 2
080341 2
080685 2
080340 2
080474 2
080471 2
080398 2
080796 2
080447 2
080570 2
080718 2
080657 2
080754 2
080379 2
080584 2
080729 2
080571 2
080284 0
080635 0
080349 2
055947 0
055170 0
080793 0
050164 2
082244 2
082503 0
080720 2
057132 0
080756 2
082286 2
082300 2
080591 2
080466 2
080469 2
080589 2
082803 2
082808 0
100425 2
084108 2
084107 2
227963 0
052955 2
030859 2
030857 0
084127 2
100426 2
082797 0
056745 2
054563 0
052918 0
088138 2
084194 2
088112 2
080740 2
084192 2
053017 0
048831 2
080265 2
080149 2
088131 2
082791 0
052027 2
080356 2
082673 2
082682 2
080309 2
080715 2
004440 2
048792 2
080764 2
052429 2
019248 2
080693 2
080792 2
124218 0
053281 2
053476 1
022495 2
022411 2
080480 0
168464 2
271306 2
003562 2
135172 2
271408 2
110933 2
110901 2
084584 2
135170 2
230744 0
289361 1
182919 2
182918 2
182934 2
182922 2
289050 0
181551 2
181537 2
109546 0
271307 0
052915 2
271308 2
052870 0
116411 2
052364 2
053574 0
049841 2
116415 2
049908 0
135374 0
135179 2
056521 0
054684 0
277523 2
277543 2
056327 0
082329 2
223313 2
070975 2
134309 2
134288 0
223318 2
007987 2
055366 0
223288 0
054198 2
104148 2
080669 2
122348 2
224849 0
205675 0
121379 0
122350 2
010046 2
122351 2
082381 0
056200 0
144615 2
121394 2
056629 2
144656 2
055976 0
029888 2
056627 2
055828 0
078186 0
113705 2
056506 0
052779 2
055047 0
029875 2
113721 2
050250 2
082422 2
050242 2
082562 0
083910 2
057370 0
156681 0
044050 0
263346 0
054543 0
067061 0
081037 2
083907 2
052768 2
048719 0
052521 2
050249 2
093742 2
044038 2
112685 0
169436 2
055523 0
052696 0
052440 0
093611 2
219939 0
053322 0
081092 2
081101 2
071085 2
055273 0
071084 2
054227 2
056995 0
053057 0
104258 2
104257 2
081175 2
050621 2
055232 0
080671 0
090281 2
169098 0
138865 0
080965 2
081013 2
081121 2
080692 2
050347 0
089022 2
080993 2
150360 2
230759 0
047210 0
080363 2
230776 0
222336 0
053591 2
005731 0
083518 1
087324 2
081021 2
026099 0
055392 0
050241 2
039786 0
083513 0
054002 0
025828 0
080978 0
053564 0
210232 0
083466 0
059290 0
090196 0
066264 0
056464 0
050177 0
040208 0
165746 0
093584 0
080207 1
050936 0
056134 0
056149 0
054210 2
263747 2
263741 2
057072 0
054481 0
030259 2
084586 0
050213 2
083514 0
055390 0
022110 0
055123 0
049697 2
053995 0
056734 0
054816 0
080221 2
055542 0
080171 2
039718 0
166498 0
053841 2
053815 0
100090 0
050865 0
064540 0
275982 0
054144 0
275662 2
275663 0
275914 0
224924 1
084851 0
031645 0
155603 0
054154 0
052738 0
015895 0
080346 2
276236 0
224925 2
224892 2
054916 0
053171 0
083639 0
240947 2
013487 0
224930 0
056496 0
055074 0
053094 0
049884 0
055269 0
048907 0
053592 2
132986 0
056509 0
048416 2
053723 0
053839 2
055345 0
048197 2
162311 0
082557 0
061809 0
285147 1
081988 0
285181 2
059298 2
053023 0
054224 0
055781 0
146406 2
024210 0
285184 0
067247 0
161806 2
022232 0
136448 0
138812 0
056419 0
053024 0
080148 2
080268 2
159804 2
055600 2
010891 2
053286 2
048476 0
211870 0
000868 0
170352 0
054536 0
080730 2
054389 0
084842 0
050414 1
056493 2
268854 0
054088 0
048129 0
050331 0
212228 0
054967 0
054652 0
137402 0
052659 2
053725 2
241995 0
083799 0
050323 2
055521 2
047018 0
224588 2
053670 2
282522 0
078434 0
097318 0
224512 0
052657 0
223386 0
057146 2
080267 0
149736 0
053745 2
120051 0
057336 0
054334 0
033175 1
053032 0
263387 2
187504 0
113508 0
056859 0
225188 0
153432 0
055222 0
054402 0
083198 1
083191 2
055801 0
083572 2
086262 0
083569 2
083517 0
045002 0
054535 2
074727 2
054700 0
055410 0
118494 0
083557 2
010583 0
081685 0
056821 2
279848 0
222229 0
049485 0
130645 0
005617 2
093918 0
082446 0
054513 2
054845 0
055890 0
053213 0
121762 0
055365 0
051780 0
081427 0
080484 0
053458 0
089683 2
002396 1
