230317 0
264419 0
270985 0
194182 0
197669 0
256415 2
256411 2
288700 2
271698 2
271895 2
271834 2
271768 2
271894 2
272000 2
271351 2
271350 2
271378 2
271355 2
274307 2
270358 1
274509 2
270273 2
271988 2
271990 2
274316 2
256655 0
288698 2
274519 2
274514 2
274506 2
270264 2
282040 0
271394 2
068401 0
270361 1
107802 0
276990 2
277364 2
271540 2
271388 2
271393 2
277278 2
277292 2
271999 2
284745 2
277343 2
284744 2
284746 2
277290 2
271530 2
271367 2
276158 2
271283 2
276146 2
286783 2
271531 2
276209 2
271542 2
271520 2
270922 2
270933 2
243771 2
270982 2
277146 2
272223 2
272220 2
272224 2
272219 2
255783 2
279587 2
279601 2
279586 2
272169 2
288296 2
270423 2
259937 2
269253 2
269257 2
288310 2
288265 2
272128 2
272129 2
259941 1
272001 2
270435 2
282032 2
268971 2
244533 2
289397 1
268931 2
289398 1
288487 2
270298 2
288485 2
288476 2
288486 2
270299 2
252303 2
276020 1
236978 2
236986 2
270625 2
284823 1
231427 0
270999 0
283650 1
270142 2
270143 2
274253 0
270472 2
184875 2
269944 2
283576 1
283638 1
281000 1
276973 1
283577 1
276967 1
075085 0
259699 0
259710 0
230289 0
269795 2
236641 0
200650 0
283636 1
186246 0
276138 2
186268 0
230303 0
283635 1
269180 2
281670 1
271397 2
192599 0
195574 0
281662 0
231185 0
264098 2
107758 0
264069 2
269943 0
264099 2
281708 1
256419 0
273711 0
004588 2
004718 2
118970 2
256422 0
196440 0
272403 0
257612 2
260562 2
231912 2
231908 2
231913 2
257603 2
271087 2
281688 0
271242 2
271141 2
270533 0
231888 2
230859 0
056148 2
128524 0
162249 2
265404 0
279962 1
230849 0
256474 0
275686 0
230890 0
166675 2
231886 2
166676 2
166674 2
166832 2
162277 0
162688 0
178151 0
256169 2
270572 2
068071 0
256647 0
144136 0
257604 0
257613 2
164033 0
164103 0
164122 0
164129 0
164141 0
270356 2
068443 1
144138 0
151006 0
265028 0
165343 2
155942 2
275280 0
068420 1
165345 2
067424 0
067338 0
067444 1
017639 1
087220 0
274438 0
276113 0
271057 0
055964 0
199701 0
284241 0
284160 0
284242 0
271392 0
263492 0
272819 0
057113 0
178613 0
197155 0
182634 0
197151 0
282041 0
271050 0
067356 1
263494 2
082651 0
260984 0
182360 0
264921 0
256485 0
205891 0
232390 0
286426 2
265074 1
264257 0
262911 0
264243 0
264148 0
273164 0
289276 0
264930 0
109622 0
144172 0
264256 0
179394 2
288522 2
041895 2
236795 2
144318 0
264920 2
276922 0
263327 0
067327 0
276956 0
041782 2
274677 0
236883 0
237036 0
275405 0
022838 2
237052 0
288519 2
265062 0
286423 2
288513 2
053259 2
279002 1
176057 0
165280 1
026175 2
050270 0
025657 2
159790 2
175936 0
115721 0
159848 2
055785 0
050369 0
017935 0
269787 0
287750 0
009631 0
022464 1
289578 0
286424 2
286427 2
159864 2
134015 0
069958 0
103131 0
065672 0
257384 1
054553 0
258098 0
142659 0
263493 0
280417 0
230073 0
225764 0
225781 0
273448 0
268961 0
279053 0
170618 0
247415 0
278512 0
267933 0
190852 0
279055 0
173799 0
277428 0
267401 0
285304 0
221180 0
154957 0
287774 0
257881 0
210727 0
267238 0
154958 0
154881 0
254519 0
254610 0
256582 0
235789 0
133315 0
276906 0
284985 0
258195 0
235141 0
270987 0
159852 0
269307 0
175090 1
259841 0
270939 0
133325 0
229488 0
162819 0
192692 0
020292 1
194269 0
192836 0
194043 0
193906 0
192835 0
276230 0
276248 0
165277 0
163016 0
192875 0
194375 0
266755 0
162772 0
274254 0
256003 2
230831 0
234399 0
273888 2
267262 0
266188 0
231276 0
122273 2
179362 2
164223 0
271602 0
241215 0
157136 2
252746 2
269631 0
018426 0
128816 0
005624 0
120228 0
145135 1
123025 0
268514 0
260615 0
288866 2
179376 2
266706 0
273903 2
274401 0
058091 0
283637 0
179396 2
157139 2
013632 0
288867 2
256840 2
245012 2
000401 1
012058 2
053288 2
019438 2
197647 0
287346 0
017780 1
234994 0
256272 0
271387 0
117016 0
150757 0
016962 1
041731 0
015108 0
041785 0
130647 2
130641 2
011650 1
054209 0
083072 0
183066 0
183157 0
183177 0
255208 0
041784 0
130658 2
130652 2
254308 0
008279 0
168508 0
168504 0
168505 0
054573 0
264629 0
275472 0
162917 0
256277 0
057396 0
130732 2
273827 0
141647 0
141312 0
256320 0
275857 0
130908 2
010320 2
014885 2
011466 2
124435 2
005022 2
119401 2
124412 2
010258 2
001495 2
011628 2
098057 2
098058 2
076767 1
069400 2
102573 2
070479 2
103652 2
070538 2
103711 2
017213 2
077133 2
067693 0
070452 2
103625 2
012192 1
070404 2
103577 2
070643 2
103816 2
124338 2
070628 2
103801 2
070540 2
103713 2
124286 2
016162 1
017410 2
129499 2
015421 1
070228 2
103401 2
001225 2
035064 0
154345 0
011907 1
116218 2
263094 0
053599 2
001215 2
035060 0
009142 0
070191 2
103364 2
000100 1
033722 0
052782 2
070192 2
103365 2
052957 2
064532 0
005669 0
120278 0
014613 2
044652 2
045042 2
050144 0
101997 1
068452 2
011829 2
050208 0
081074 2
051153 2
043878 2
011409 0
077929 0
044653 0
016117 1
056754 2
000637 2
063747 0
044541 0
130744 2
044507 0
044135 2
054555 2
075408 2
056299 0
064051 0
001172 2
044440 0
044010 2
130868 2
053077 0
088119 0
000361 2
057287 2
064192 0
001038 2
130433 2
088177 0
052333 0
009036 0
069460 2
102633 2
005259 0
099396 2
088036 0
014921 0
130104 0
054207 0
003630 0
014945 0
112875 0
121400 0
130161 0
068433 1
000268 2
061990 0
010279 1
130902 0
123795 0
017808 0
123847 2
131844 0
130945 2
182807 0
028912 0
182480 0
182551 0
182554 0
064941 1
036530 1
067049 1
050847 0
009526 0
051558 2
064837 1
050419 2
030891 0
011236 0
050321 2
030912 0
000402 2
001833 2
088789 0
067814 0
065849 1
124461 0
013945 0
020574 2
139097 0
003720 1
011906 0
003755 1
029076 0
090215 2
179129 2
027015 0
081943 0
023660 0
024602 0
176821 0
176814 0
065970 0
260121 0
020335 0
123900 2
067004 1
176832 0
020280 0
053483 0
068340 1
135551 0
050763 0
119043 0
009470 0
031324 2
115621 0
119426 0
088089 2
123144 0
119480 0
026835 0
065967 0
133488 0
029075 0
133489 0
116236 1
098643 0
116182 1
179119 2
031255 2
066050 1
178922 2
067154 0
066139 0
067124 0
065710 1
069011 2
068610 0
067533 0
066712 0
175112 0
136173 0
079958 0
067932 2
004067 1
119214 0
066835 1
065797 0
074466 0
107639 0
068603 0
006380 1
065528 0
071363 0
104536 0
067030 0
071700 0
104873 0
074495 0
107668 0
119216 0
074496 0
074497 0
107669 0
107670 0
123029 0
066847 0
071105 0
104278 0
068732 0
123041 0
049908 0
003574 1
072558 0
105731 0
067729 0
115782 1
034789 0
065494 0
072857 0
106030 0
066740 0
049841 0
134420 0
089356 2
071108 0
104281 0
074435 0
107608 0
036310 1
067060 0
252678 0
003695 1
065688 0
068375 0
264235 0
036314 0
169183 0
169184 0
087652 0
004460 1
118649 1
085169 0
284538 0
036324 0
117757 1
036418 0
117725 0
003435 2
023708 1
050819 0
099941 0
003473 0
115410 0
003887 1
048229 2
048223 2
003667 1
116309 1
048230 2
006419 1
003572 1
006194 1
131063 0
119351 0
023811 0
046083 0
036449 0
075680 0
043403 1
137173 0
004895 1
119230 1
128623 0
065082 0
003573 0
030599 0
005018 1
119397 1
003823 1
075686 0
031393 0
119352 0
175035 2
007755 0
065026 0
098568 0
098542 0
149432 0
116011 2
206357 0
029023 2
048285 0
140424 0
135662 0
065133 0
116550 2
137175 0
045067 0
115664 1
149396 0
136936 0
030666 0
087274 0
008615 0
100907 0
098618 0
115411 0
280735 0
280762 0
280764 0
280782 0
280784 0
163189 0
015700 0
017104 2
017673 0
129325 0
142179 0
059910 0
243452 0
028993 2
032802 2
003612 2
175018 2
119297 0
057053 0
185804 0
094840 0
017108 2
108535 0
016155 1
154175 0
016149 1
108517 0
003672 0
003614 2
078150 0
003599 1
048340 0
048308 0
261892 2
153497 0
154176 0
261891 2
259905 0
153464 0
003576 0
002344 2
013246 0
003615 0
003613 0
115761 1
260509 0
260547 0
109788 0
023466 0
003681 0
117922 0
259904 0
003625 2
004062 1
109759 0
010272 2
120554 0
191902 0
005880 0
002822 0
094561 0
003439 0
120555 0
135413 0
220496 0
003886 0
012154 0
030964 1
164859 0
135444 0
003833 0
259109 2
111899 2
191900 0
006957 0
120574 0
040862 0
139151 0
111941 0
138534 0
135447 0
094627 2
190670 0
046481 0
138532 0
004107 0
118220 0
163223 0
098675 0
003732 0
135448 0
016676 2
043363 2
111911 2
137385 0
004899 0
119237 0
138680 0
005863 0
220393 0
014647 0
111905 2
114848 1
114852 1
220476 0
003437 0
003584 2
004108 1
118221 1
118188 1
239275 0
041676 0
220489 0
010252 0
122579 0
259113 1
030970 1
094571 2
094623 2
003432 0
004065 2
162308 2
174989 1
164102 0
019676 0
149156 0
112181 0
127680 0
112180 0
127674 0
025683 2
046384 0
252524 2
062639 0
051126 0
016452 0
163746 0
095449 2
264363 2
266273 0
162306 2
014920 0
164032 1
034987 0
019681 0
047370 0
074957 0
003919 0
174988 1
007849 1
028506 0
095503 0
168246 0
228943 0
228942 0
112414 0
174979 0
003756 1
107852 0
079463 0
023561 0
112265 0
112262 0
007915 2
075410 0
020179 0
112229 0
272820 0
212666 0
016169 0
251147 1
285546 0
017522 0
236241 2
006265 0
124200 0
065699 0
044802 0
044725 0
114311 0
075402 0
039879 2
034131 0
024647 0
136771 0
053075 0
141423 0
008742 0
020090 2
024603 0
215184 0
137154 0
061722 0
066542 0
109308 0
020089 2
094425 0
051851 0
046387 2
020543 0
024616 0
040453 1
187996 2
055647 0
034742 0
079387 0
079774 0
264318 2
114937 0
001497 0
020096 2
033834 0
071622 0
104795 0
005964 0
169685 0
044167 0
038299 0
108412 0
241712 1
241752 1
040407 2
241723 1
040330 0
241710 1
046392 0
241724 1
241849 1
258102 1
241693 1
241706 1
241601 1
259110 1
259114 1
241722 1
241725 1
187998 2
241952 1
241753 1
241789 1
235317 0
234829 0
234845 0
234853 0
234856 0
234858 0
234818 0
235826 0
234807 0
235039 0
235066 0
025696 0
027024 0
005990 2
050636 0
031402 2
136944 0
076270 0
284758 0
163233 0
172931 0
076268 0
151043 0
025312 2
031377 2
275071 0
275081 0
156945 0
079785 0
045807 0
138315 0
168718 0
069794 2
102967 2
255988 0
018113 0
129043 0
235335 0
036978 0
162176 2
008448 0
008338 0
066144 0
045025 0
069838 2
103011 2
045481 0
281366 0
234993 0
068095 0
167291 0
171487 0
134271 0
267213 0
267584 0
266066 0
030988 0
130625 0
131412 0
131416 0
136185 0
066102 0
050633 0
137003 2
264928 0
272824 0
138254 0
100938 1
234740 0
095715 2
094405 0
010189 0
122503 0
234738 0
044047 0
114952 0
079696 0
084294 0
063082 0
179063 2
268008 0
031004 0
018089 0
050279 0
262723 0
128503 0
050380 0
178887 2
134250 0
080104 0
272833 0
023540 0
234978 0
094582 2
178863 2
162510 0
095716 2
094616 2
094436 0
094169 0
095740 2
094201 0
094408 0
094444 0
094410 0
093946 0
094409 0
094125 0
069142 0
102315 0
241928 0
030880 1
030889 1
030969 2
006421 0
031220 0
108615 0
034233 0
035375 0
034172 0
111940 0
006182 1
067856 2
034253 0
003570 0
108602 0
272783 0
120209 0
137537 0
141722 0
284784 0
054427 0
045362 1
