151975 1
151970 1
261429 0
197045 0
207589 0
197063 0
227899 1
227906 1
195548 1
145961 0
224581 1
264966 1
280349 1
004286 1
117779 1
118117 1
117670 1
265548 2
264978 1
265549 2
039553 0
000921 1
272508 0
152259 1
131991 1
195547 0
131710 1
017925 0
000862 1
157978 2
228038 1
157982 2
001618 1
156544 2
019044 1
153071 1
153072 1
153304 1
154560 1
176264 1
134184 1
134010 1
134292 1
019060 1
134263 1
142411 1
010435 1
194911 1
289135 1
019024 1
019049 1
040248 0
268346 1
101432 1
019042 1
194990 1
195033 1
123258 0
123163 0
061100 0
176005 1
108597 0
289357 1
175921 1
161302 1
081268 1
289264 1
081210 0
161268 1
182729 1
182728 1
182699 1
108531 1
182764 1
200641 1
196390 1
155452 1
153089 1
153092 1
200643 1
200642 1
002787 1
181986 0
181993 0
196226 1
223776 1
196218 1
182492 0
163705 1
182499 0
267006 1
179911 1
179912 1
179722 1
163719 1
267083 1
133844 1
133846 1
008802 1
139313 1
179876 0
179877 0
179915 0
008909 1
196549 1
163710 1
018304 1
128899 1
159020 1
159023 1
177036 1
128998 1
159008 1
159029 1
159026 1
158874 1
163706 1
195901 1
195907 1
069751 1
102924 1
006944 1
120565 1
133845 1
169012 0
002786 1
132649 1
003963 1
134964 1
177032 0
134983 1
125163 1
125215 1
117614 1
117429 1
117616 1
125217 1
153515 1
018784 1
011914 1
134871 0
019724 1
081810 0
124970 1
150616 1
195726 1
195728 1
195737 1
195739 1
195803 1
195806 1
195815 1
195817 1
195830 1
195870 1
195933 1
150646 1
124971 1
124968 1
153577 1
153513 1
153529 1
019708 1
089061 0
143096 1
143097 1
143114 1
019052 1
159042 1
238718 1
013603 1
142967 1
009185 0
123161 1
146633 1
159114 1
158876 1
159010 1
159022 0
159025 0
159028 0
159031 0
147385 1
147384 1
163921 1
186153 1
100958 1
160294 1
163938 1
161392 0
264450 0
124686 1
136337 0
124789 1
154697 1
000034 0
136327 0
003786 0
219454 1
063480 0
221922 1
196425 1
163957 1
124845 1
154544 1
196411 1
156429 1
160320 1
202158 2
221910 0
001480 1
136186 1
136118 1
136117 1
011861 1
242134 1
161271 1
130622 1
014462 0
193361 1
236702 1
258385 1
054705 2
161283 1
169151 1
204300 1
188445 1
006069 1
195829 1
185796 1
136039 1
002292 1
185844 0
161164 1
136041 1
242110 1
195814 1
167069 1
258341 1
204289 1
195727 1
054618 1
223477 1
195816 1
238727 1
239496 1
185799 0
185847 0
238942 1
195805 1
013183 1
195802 1
263622 1
195932 1
195725 1
203475 1
169172 1
191824 0
185797 0
185845 0
195869 1
177083 1
195736 1
195738 1
263623 1
263604 1
263513 1
018506 1
001613 1
238726 1
196485 1
069827 1
103000 1
196481 1
141961 1
195744 2
269578 2
195872 1
269692 1
176758 1
176769 1
176770 1
269705 1
000416 0
008246 1
077040 1
124862 1
137998 1
148134 0
011905 1
192125 1
160458 0
242111 1
242135 1
231767 1
126899 1
236703 1
191972 1
176638 1
223420 1
175589 0
127607 1
242084 1
242092 1
192126 1
242067 1
137972 1
236330 1
137940 1
124860 1
236319 1
176822 1
180125 1
137971 1
170724 1
170725 1
176787 1
031676 1
269357 1
255914 1
255941 1
032430 1
202902 1
017805 1
255850 1
170685 1
170686 1
001449 1
032422 1
180126 1
242133 1
126917 1
170684 1
012616 1
088936 1
128111 1
180128 1
280430 1
258700 1
258706 1
259550 1
169002 1
237242 1
258684 1
255824 1
128133 1
088987 1
176819 1
176820 1
269316 1
168804 1
176831 1
285882 1
135220 1
066541 1
069102 1
102275 1
270927 1
219606 0
011219 1
144752 1
087424 1
278634 1
238108 1
023634 0
014868 0
100420 1
029397 0
195948 1
124511 1
043957 1
269317 1
132641 1
068042 1
191007 1
126986 1
239548 2
134013 0
010035 1
185800 0
185848 0
240286 1
156575 1
197748 1
205553 1
253833 0
269683 1
190565 1
238093 1
238089 1
144806 1
127130 1
190527 1
122735 1
240290 1
044058 1
011766 1
122835 0
122837 1
197869 1
195939 1
100509 1
240291 1
197871 1
068068 1
238103 1
240300 1
156574 2
068097 1
068098 1
240318 1
240317 1
169131 2
169132 2
196503 1
190683 1
011192 1
269467 1
199458 1
169049 1
125005 1
176934 1
199482 1
013938 1
144789 1
199483 1
190998 1
085843 1
075940 1
002859 1
007207 0
120767 0
131478 1
128616 1
011481 1
122749 1
199558 1
131491 1
210559 1
017296 1
199502 1
128475 1
129654 1
129616 1
129598 1
128615 1
129653 1
124987 1
128693 1
018629 1
128686 1
131538 1
076100 1
076014 1
163213 1
232048 1
190903 2
210967 1
117315 1
117316 0
000635 1
111425 1
090968 1
264823 1
272715 0
122874 1
278635 1
191303 1
090619 1
272723 0
132521 1
141987 1
001466 1
164167 1
231662 1
170341 1
170342 1
132502 1
002369 1
079720 1
289654 1
132534 1
018219 0
128950 0
128992 0
129645 0
211219 1
118960 1
006335 1
161933 1
255747 0
053688 1
069816 1
102989 1
156551 1
035076 1
163141 1
118945 1
289627 1
079728 1
289617 1
011986 1
122877 1
191227 1
070644 1
103817 1
035051 1
098957 1
025466 1
091687 1
231658 2
152452 0
193896 1
152487 0
124492 1
170340 1
253349 0
193884 1
139344 2
276908 1
139361 1
069602 1
102775 1
170172 1
170173 1
025423 1
060805 0
277007 1
039349 0
033773 1
133833 1
018174 1
128981 1
126442 1
193879 1
018321 1
287670 1
190842 1
063835 1
207674 1
130560 1
133787 2
159039 1
116991 1
242258 1
012665 1
002304 1
117928 1
258561 0
126900 1
126482 1
116797 1
231660 1
258601 0
158944 1
181014 1
164704 1
081738 1
076113 1
212211 1
193883 1
158921 1
163637 1
133837 1
133799 1
163514 1
163495 1
170171 1
004201 1
169492 1
169493 1
169494 1
169488 1
124510 1
126888 1
007380 1
126894 1
153027 1
208462 0
169485 1
063425 1
143645 2
170418 1
170419 1
014825 1
168333 0
170410 1
196370 1
153181 1
127028 1
153157 1
284620 0
259981 0
271872 1
169333 1
169334 1
287677 1
191599 1
153244 1
070745 1
103918 1
286794 1
153455 1
016629 1
286836 1
286815 1
018585 0
128714 0
153180 1
162687 1
153396 1
275358 1
188320 1
126292 1
271971 1
153168 1
286551 1
238107 0
020739 1
127471 1
128717 0
157425 1
157426 1
076275 1
287892 1
143646 1
110823 1
012260 0
160827 1
070670 1
153241 1
153158 1
153169 1
153488 1
153028 1
103843 1
126281 1
160868 1
143731 1
010857 1
275351 1
169265 1
127472 1
140608 1
127382 1
018779 0
020732 1
140607 1
064817 1
195886 1
064820 1
010370 1
238824 1
061379 1
042610 0
014200 1
146881 0
155969 1
127726 0
014196 1
164470 1
112251 1
255767 1
112384 1
127775 0
003141 1
224459 1
255808 1
238940 1
112250 1
043435 0
043436 0
169285 1
255790 1
042606 0
017582 1
167842 1
199411 1
169343 1
169344 1
234620 1
163145 1
112388 1
167914 1
167915 1
003794 0
190942 1
154598 0
255879 1
169864 0
011252 1
042641 0
017791 0
088628 1
153399 1
219852 1
167490 1
167491 1
222793 0
061381 1
169924 0
169925 0
112391 1
167486 1
058341 1
100193 1
126890 1
088778 1
191062 1
109086 1
152962 0
152981 0
098099 1
262747 1
063850 1
153406 1
199442 1
202975 1
288774 0
018509 1
238941 1
144907 0
184615 1
289774 0
290045 0
290051 0
290099 0
204168 1
175588 1
098149 1
202976 1
199699 0
179696 1
069367 1
102540 1
110022 1
181170 0
014666 1
124180 1
123357 1
203116 1
202649 2
236265 1
236278 1
280589 1
220910 1
018022 0
129093 0
018531 0
066443 2
155853 1
174990 1
081684 1
183965 0
151864 1
110066 0
195936 1
158122 1
158283 1
008658 0
153581 1
013819 0
193720 0
235163 1
152011 1
190624 1
192635 1
071412 0
104585 0
044550 0
187303 1
192581 1
183932 0
239801 1
199499 1
001598 0
037739 0
266094 1
288077 1
110083 1
018578 1
242903 1
266110 1
153582 1
012018 1
037697 0
060505 0
202073 0
239089 1
008153 0
187304 1
037709 0
195539 1
242930 1
239926 1
240106 1
240178 1
240193 1
123356 1
174954 1
035479 1
158207 1
113429 0
081551 1
043921 1
149049 0
159981 1
131203 1
177040 1
158200 1
131711 1
091267 0
163902 1
171922 1
226269 0
284442 1
160020 1
202344 1
271972 1
186048 1
171670 1
170473 1
170474 1
197330 1
007767 0
238728 1
156204 1
209950 1
238609 1
238943 0
001271 0
289368 1
027092 1
169329 1
169330 1
239059 1
215009 0
234430 1
001498 1
221221 1
160014 1
154494 1
166772 1
166773 1
194080 1
156917 1
156276 1
155981 1
281777 1
170304 1
153394 1
221240 1
166595 1
048249 0
156941 1
032661 0
141966 1
129750 0
204312 0
143944 1
185880 1
170463 1
190603 1
017558 0
178270 1
078326 1
156034 1
110752 1
163003 1
185666 0
193359 0
220479 1
124604 1
268425 0
011855 1
185855 1
144513 0
201082 1
281167 1
200973 1
056339 0
069402 1
102575 1
002444 1
133517 1
020974 1
138540 1
077049 1
006475 0
033275 1
078254 1
141969 0
209387 1
156283 1
197340 1
009517 1
143888 1
234791 1
220481 1
233728 1
233767 1
233768 1
033352 1
020945 1
170274 1
164823 1
033344 1
188785 0
068343 1
013266 1
111635 1
164126 1
108872 1
108844 1
002611 1
131581 0
108813 1
108573 1
035723 1
108620 1
152134 0
131952 0
142068 1
131951 0
108619 1
167126 0
060302 2
108786 1
108753 1
166907 0
108700 1
077034 0
111647 1
161851 0
068310 1
286653 0
007684 0
121125 0
148190 1
111642 1
108794 1
233212 0
110951 1
110757 1
270941 0
198622 0
035690 1
010837 1
230775 1
182896 1
258967 0
198573 0
110941 1
015206 1
125541 1
242901 1
035482 0
147468 0
099124 0
242940 0
286711 0
035725 1
157814 0
195909 0
110105 1
195911 0
242905 1
272306 1
127126 1
285488 0
143649 1
148196 1
170239 0
098034 1
284521 0
152908 1
082468 1
265499 0
157812 0
271860 1
110822 1
286721 0
286726 0
272283 1
019766 1
239024 0
050051 0
270831 0
126797 1
286638 0
110734 1
111471 1
111476 1
110783 1
111631 1
148191 1
111634 1
111860 0
148197 1
148198 1
111393 1
111401 1
110848 1
110739 1
111029 1
111024 1
111473 1
126962 1
111047 1
007459 1
111323 1
111478 0
098004 1
111299 1
034379 0
142097 1
271867 1
126777 1
185612 1
126407 1
110984 0
278898 1
225924 1
229437 1
000537 0
111214 0
066956 1
110986 0
185915 0
026907 1
247365 1
111398 0
273579 0
246794 1
111289 1
111415 0
111043 0
111240 0
251813 1
012873 0
016644 1
229918 1
229950 1
191220 1
085164 0
009288 1
121775 1
231904 0
065220 1
231895 0
019616 0
121774 0
001753 0
111075 0
225923 1
111238 0
019587 0
016557 1
112253 1
125041 1
111239 0
019633 0
021475 1
034699 0
034696 0
012919 1
089472 1
001377 0
003986 0
108142 0
279937 0
185887 1
251872 1
133843 1
231278 1
065211 1
068688 1
169358 1
169359 1
217696 1
278972 1
269462 1
269472 1
190901 1
193843 1
090612 1
076770 1
191765 1
076392 1
090631 1
255433 0
192479 1
013084 0
008502 1
191481 0
191464 0
133842 1
075844 1
157029 0
167879 0
167880 0
229431 1
090620 1
219455 1
081685 0
076393 1
248167 1
076228 1
190896 1
076345 1
002795 1
068669 0
125192 1
125141 1
191146 1
030505 1
125195 1
036367 1
036409 1
278967 1
269471 1
052900 0
190965 1
065277 1
125196 1
087885 1
226534 0
036381 0
012612 1
191976 1
012256 0
086478 1
269423 1
112927 0
009885 1
191825 0
035726 1
176382 1
269597 1
269554 1
219886 1
269534 1
064337 0
241065 0
114323 0
191975 1
229762 1
016530 1
075911 2
122460 1
153466 1
265448 0
126350 0
012377 0
075863 1
243887 0
148906 1
051575 0
011435 0
269461 1
160319 0
089167 1
169376 0
169377 0
150546 1
240374 0
128167 0
082305 0
191665 1
231430 0
256813 1
181452 1
075872 1
052879 0
244009 0
244010 0
192134 1
128216 0
242541 0
125013 1
154896 0
186680 0
231390 0
151527 1
158511 0
021376 0
177602 1
070522 0
103695 0
042126 0
089148 1
191836 1
038576 0
214214 0
252518 0
242526 0
081359 1
163791 1
051113 0
219892 1
013410 1
151504 1
240452 1
239744 1
126447 1
229852 1
226390 0
089471 1
124965 1
011993 0
176415 1
019363 0
065728 0
242979 1
152987 0
009693 0
098563 0
087905 1
014143 1
252605 0
019392 0
076286 0
203160 0
203172 0
244025 0
226493 0
219907 1
168875 0
031047 0
060376 0
050193 1
013741 0
012613 1
123010 1
153504 1
239746 1
087906 1
089168 1
148350 1
081336 1
269600 1
081146 1
177601 1
016618 1
089955 1
150562 1
122485 1
089674 1
163790 1
148070 1
170398 1
170399 1
150547 1
035722 1
035703 1
119018 0
046422 0
183722 0
122461 0
008740 1
076662 0
027550 0
005600 0
120196 0
183742 0
003477 1
025526 0
010179 1
122487 1
046420 0
116919 0
116653 0
016586 1
075913 0
002699 0
069700 1
102873 1
271934 1
275973 0
075837 0
183723 0
158286 0
242942 0
027696 0
012992 1
048321 1
029324 0
119734 1
158528 0
156155 1
071688 1
104861 1
197477 0
191399 0
030835 0
262474 0
124706 1
004755 0
119027 0
276015 0
000031 1
191341 0
167578 0
039842 0
193209 1
193997 1
130961 1
079982 0
139905 0
175622 0
157605 0
157606 0
157607 0
157608 0
157609 0
157610 0
157611 0
157612 0
157613 0
157614 0
157615 0
157616 0
157617 0
157618 0
157619 0
157620 0
157621 0
157622 0
157623 0
157624 0
157625 0
157626 0
157627 0
157628 0
157629 0
080057 0
035693 1
075838 0
125112 0
030606 0
142305 0
164802 1
005288 1
157604 0
039225 1
170375 1
119209 0
227680 1
060320 0
015323 0
125411 0
024495 0
289659 0
124690 1
040661 1
013747 1
225084 1
015745 1
164944 2
015818 0
193983 1
147375 0
045248 0
029147 0
018661 0
131417 1
270122 1
131445 1
155837 0
039019 0
137634 0
085205 1
164761 1
270125 1
193732 1
271963 1
193832 1
124660 1
130929 1
048293 1
145908 1
039230 1
193212 1
193210 1
171375 1
156170 1
156171 1
202826 1
171374 1
227794 1
225078 1
171373 1
160899 1
187493 1
178651 1
187504 1
133523 0
178625 1
134155 0
117945 0
178586 1
178591 1
152974 1
169123 1
199615 1
232212 1
169073 1
169074 1
143630 0
262751 0
262837 0
114563 1
114589 1
114588 1
199631 1
258874 0
258960 0
145483 1
145480 1
089060 1
145486 1
232246 1
040826 1
002499 0
192571 0
002563 0
156760 1
217910 0
256895 0
136428 1
155593 1
040850 1
121466 0
135104 0
281950 0
163805 1
169300 0
018929 1
242279 0
121470 0
121448 0
108839 0
198469 1
114593 1
197066 1
197067 1
013947 0
010918 0
009081 0
121588 0
101370 0
099966 0
185661 1
136438 1
008083 0
121471 0
163019 0
178024 0
109293 0
138897 1
000482 0
159219 0
242286 0
163689 1
121480 0
187212 0
042420 0
042422 0
155696 1
169883 1
259022 0
256300 1
059072 0
027082 0
241767 1
253246 1
063851 1
264960 1
027926 0
011929 0
122867 0
172094 1
007779 0
157597 1
226121 0
116960 1
019892 0
109299 0
116515 2
244760 0
041084 0
242307 0
067764 0
141663 0
165256 1
253078 1
153547 1
082123 1
230778 1
259549 0
121587 0
185659 0
242253 0
242224 0
238953 0
164550 0
285696 1
157595 1
150275 0
077261 0
000935 0
133850 1
093371 0
128640 1
112677 0
111805 1
243655 1
281977 0
141905 0
152588 1
191104 1
163701 1
071492 1
104665 1
236420 0
062910 0
152597 1
165254 1
197303 1
253245 1
254408 1
255046 1
155548 1
155322 1
286005 1
155230 1
171991 1
128641 1
155219 1
155224 1
002068 0
234051 0
234048 0
149681 0
002566 1
123605 0
138847 1
108032 0
202760 0
188068 0
203023 0
231373 0
067650 0
243982 0
138858 1
151152 1
108035 0
108248 0
232632 0
014230 0
016870 0
176381 0
146218 1
231435 0
138788 1
035780 0
149770 0
270325 1
017268 0
128571 0
128620 0
128622 0
128653 0
128655 0
128659 0
270334 1
051691 1
236212 1
001237 1
176414 0
188072 0
155216 1
115606 0
007414 0
120931 0
243973 0
155324 0
176365 0
018323 0
128894 0
233979 0
012184 0
134293 1
017023 0
124007 1
134273 1
271994 0
236195 1
111312 0
191540 1
270315 1
199274 0
118346 1
131858 1
190564 1
199191 0
177858 0
190692 0
151166 1
115519 0
132755 0
256091 1
151172 1
008250 0
142248 0
108632 0
155311 0
010397 0
124002 0
192166 0
076819 0
167038 0
167039 0
014493 0
115528 0
011692 0
122819 0
008511 1
035270 0
230598 1
108633 0
107879 1
063855 1
071541 0
104714 0
177871 1
173188 0
191202 0
079078 0
232683 0
232634 0
191496 1
035835 0
199264 0
191515 1
118434 0
113629 0
133731 0
266075 0
148499 0
243486 0
231591 0
243354 0
001298 0
116717 0
048912 0
199391 0
239524 0
096690 0
006568 1
281292 0
184616 1
064343 0
239509 0
131650 0
076397 0
279479 0
005497 0
120078 0
160977 1
056270 0
135245 0
142332 0
173041 0
157503 1
096707 0
243485 0
007718 1
121152 1
115524 0
120077 0
157504 1
157505 1
245019 0
102200 0
155555 0
155556 0
076074 0
195075 0
225192 0
262539 0
124001 0
084952 0
111149 0
286870 0
132030 1
157495 1
157496 1
151186 1
157433 1
157341 1
168597 1
168598 1
168656 1
168657 1
154114 0
256823 1
131869 1
152111 1
154147 0
211278 1
131866 1
109577 0
109524 0
152106 1
256831 1
020975 1
018774 1
211276 1
132496 1
132483 1
081318 1
171862 1
020946 1
023625 0
265829 0
159765 1
020948 1
024030 0
038219 0
211329 0
210422 1
281698 0
241505 0
040622 1
187912 0
152864 1
152863 1
115729 0
255310 0
150005 1
038215 0
005887 0
180055 0
074592 0
249127 0
152096 0
158665 0
031531 0
255314 0
243761 1
257969 0
192960 0
238231 0
281105 1
241517 0
227568 0
189910 0
192978 0
255615 0
137213 1
129785 1
023741 0
178234 0
281109 1
141171 0
079015 0
189892 0
012707 1
257964 1
255045 0
255259 1
254407 0
254023 0
254027 0
154115 0
182326 0
257953 1
207029 0
124776 0
152107 0
086670 0
180468 0
243741 1
190479 0
200504 0
015815 0
180814 0
151919 1
038967 0
258640 1
231642 0
197348 0
236460 0
109522 0
000618 1
283711 0
011047 1
197353 0
258596 1
258598 1
258593 1
020719 0
258997 1
259019 1
172739 0
024025 0
254008 0
258678 1
232171 0
191172 0
087350 0
042779 0
190294 0
241521 0
232017 0
060952 0
164880 0
275954 0
126426 0
015035 0
189923 0
006776 0
175685 1
271052 1
008280 1
184132 0
141646 1
149988 0
032957 0
169137 0
169138 0
255757 1
190302 0
269509 0
151252 0
140409 0
182347 0
286136 0
032949 0
143952 0
115276 0
210933 1
216167 0
126384 0
176788 0
164905 0
093081 0
024340 0
010821 0
006740 0
133798 1
180812 0
079637 0
154405 0
197345 0
196801 0
285050 1
033747 1
163020 0
086358 0
109804 1
122464 1
137107 0
124754 0
129003 0
136966 0
177469 0
183676 0
171187 1
050824 1
180048 1
036463 0
000985 0
062147 0
197358 0
115243 0
060902 0
178239 0
025781 0
207952 0
064632 0
177816 0
210936 1
171180 1
050801 1
259115 1
259135 1
259139 1
259162 1
259175 1
259180 1
257447 1
257378 1
260047 1
258996 1
175770 1
180002 1
006027 0
179780 1
259018 1
179767 1
161033 0
186729 0
186730 1
161029 0
274578 0
008544 0
017728 0
129294 0
194955 1
238719 0
054462 1
017727 0
129295 0
143977 0
148263 0
107984 0
138924 0
256241 0
032108 0
158137 0
138894 0
275932 0
004636 1
275892 0
158111 0
108469 0
260208 0
069015 0
190201 0
084275 0
228422 0
084280 0
071410 0
104583 0
101718 0
165895 0
165896 0
071617 0
104790 0
019590 1
195885 0
263058 0
263064 0
013185 0
071620 0
104793 0
087208 0
081333 0
155778 1
129792 0
191572 1
150395 0
021275 0
110081 0
090381 0
201952 0
084279 0
256258 0
257991 0
258274 0
065587 0
185013 0
124551 0
017741 0
226264 0
258272 0
195542 0
031838 0
154231 1
288813 0
013180 0
155208 1
108567 0
096417 0
193285 0
218891 0
083975 0
036576 0
281611 0
276877 0
276886 0
185000 0
071414 0
104587 0
165897 0
160472 1
197204 0
178432 1
182216 0
117246 0
084274 0
182188 0
136132 0
199259 0
195772 0
210495 0
056372 0
151085 0
034336 0
195971 0
130209 0
012037 0
075243 0
288737 0
124547 0
150379 0
099394 0
276091 0
198267 1
172844 1
205983 0
205950 0
262601 0
234362 0
109346 0
157060 1
083291 0
189915 1
133707 0
190951 0
192627 0
140066 0
010018 0
122334 0
054298 1
115840 0
084282 0
262597 0
093318 0
109329 0
197146 0
170999 1
277146 0
168572 0
069468 0
102641 0
140869 0
140876 0
174136 1
188649 0
141149 0
287999 1
125147 1
133709 0
172908 1
087701 1
139844 0
125642 0
139778 0
172841 1
012352 0
061124 0
071701 0
104874 0
191096 0
056090 0
085964 0
122331 0
093945 0
135509 1
157948 0
182265 0
130207 0
083320 0
148024 0
158010 0
012310 0
217184 0
087830 0
109894 0
074670 0
037806 0
160594 1
082079 0
268246 0
268295 0
241950 0
171101 0
083295 0
011019 0
156539 0
231212 0
016900 0
152129 0
094123 0
150078 0
124957 0
012296 1
198274 1
178431 1
155264 2
154178 1
155207 2
191565 1
191570 1
174129 1
190105 1
160539 1
288019 1
160531 1
160386 0
157062 1
154841 1
146996 1
230507 0
161859 1
070304 1
103477 1
160293 0
161857 1
190091 1
130045 1
240768 1
090011 1
081291 0
203537 0
174961 0
212504 0
081147 0
256485 0
207243 0
035105 0
184865 0
125901 0
014770 0
230561 0
069392 1
102565 1
010877 0
048264 1
212540 0
159501 1
226696 0
204830 0
201711 0
095436 0
029146 0
168850 1
185984 1
015974 0
068618 0
000165 0
181297 0
258726 0
224242 0
210113 0
242013 0
147495 0
170012 1
185972 1
273696 0
095592 0
224035 0
157943 0
156999 0
288576 0
067289 0
064495 0
058602 0
272952 1
154441 0
029341 0
273700 0
176694 1
101530 0
179515 0
148523 1
269432 1
179725 0
162518 0
010739 0
081267 0
045136 1
208047 0
179471 0
250727 0
144118 0
081836 0
206445 0
176692 1
165406 0
183133 0
148866 0
210289 0
000947 0
185320 1
089571 0
089599 0
089601 0
089875 0
090164 0
090473 0
065591 0
145669 0
155725 1
010921 0
129974 1
081125 0
081849 0
014760 0
069340 1
102513 1
081261 0
014530 0
254489 0
001011 0
087744 1
085876 0
120724 0
086680 1
155755 2
210710 0
179723 0
125889 0
028532 0
070680 0
103853 0
226705 0
010369 0
213485 0
171505 0
190795 0
003266 1
179209 0
011471 0
042563 0
042584 0
192889 1
160345 0
160304 0
139137 1
129006 0
040064 0
286998 0
031430 1
113498 0
128320 0
155271 0
201561 0
180530 1
003504 0
258023 0
262430 0
093405 0
214078 0
197991 0
140657 0
094044 1
060401 0
022522 0
278181 0
109407 0
185981 1
036827 0
123911 0
215171 0
190868 0
050941 0
007159 0
120727 0
024835 0
140886 0
231110 0
085571 1
239876 1
081811 0
136379 0
168683 1
065465 0
170618 0
209817 0
240039 0
139939 1
065941 0
144473 0
287026 0
007686 0
081086 0
101008 0
016704 0
288577 0
015270 0
182407 0
123236 0
240215 0
240216 0
029973 1
190720 0
256655 0
157088 0
287051 1
140719 0
107907 0
182703 0
053290 0
081253 0
209875 0
023751 0
022519 0
224320 0
011167 0
153243 0
090293 0
179757 0
241133 0
192858 1
267958 1
110459 0
030205 0
273102 0
129924 0
196311 0
013097 0
016623 0
176690 1
094058 1
176689 1
139139 1
287056 1
267957 1
180445 0
185243 1
267960 1
269680 1
269725 1
269727 1
269729 1
285237 1
285238 1
070203 0
103376 0
268110 1
287045 1
285231 1
180573 0
233403 1
233448 1
149357 0
196107 0
220403 0
004008 0
242113 0
023233 0
090585 0
197144 1
254370 0
199977 0
197818 0
197129 1
069137 0
102310 0
235554 0
193562 1
234009 0
193558 1
225178 1
028461 0
220329 0
090549 0
145705 0
211561 0
067709 0
195956 0
195923 0
199775 0
195945 0
098700 0
149362 0
197729 0
163529 0
198888 0
159252 0
003427 0
254539 0
159210 0
042739 0
235560 1
023232 0
028205 0
169914 0
153912 0
018248 0
204446 0
031949 0
170932 0
198894 0
199027 0
163560 0
007716 1
162050 0
154794 0
113681 0
225176 1
038315 0
077988 0
191793 0
254580 0
167769 0
098694 0
058793 1
254606 0
142372 0
198893 0
028697 0
178422 0
258894 0
258949 0
045434 0
152346 1
239264 0
143788 0
126272 1
226354 0
239530 0
239531 0
152988 0
163472 0
195321 0
266239 0
224910 0
224911 0
024258 0
004365 0
118497 0
235384 0
184842 0
146492 0
211556 0
143085 0
148598 0
153903 0
230897 0
064547 0
145900 0
200254 0
009722 1
122122 1
224915 0
267391 0
099846 0
141901 1
165266 0
266242 0
181320 1
239455 0
030525 0
014349 0
080040 0
140509 0
031946 0
134071 0
072258 0
105431 0
145670 0
254043 0
195777 0
175791 0
182828 0
159413 0
225230 0
198036 0
028786 0
239272 0
068140 0
017553 0
143084 0
028782 0
191340 0
154797 0
226345 0
004882 0
028190 0
200292 0
071467 0
104640 0
004929 1
119285 1
165264 0
142890 0
090555 0
159984 0
028433 0
011070 0
273931 0
202262 0
211553 0
210205 0
151550 0
210279 0
227055 0
097822 0
219906 0
098909 1
279414 0
156111 0
061173 0
178614 0
129744 0
189321 0
173158 0
260868 0
198084 0
152992 0
161783 0
167970 0
260769 0
158625 0
228813 0
242902 0
238968 1
041865 0
175716 0
173644 0
127897 0
258502 0
043598 1
140915 0
147481 0
042207 0
142892 0
129817 0
136089 0
098943 1
015772 0
158077 0
127523 0
195494 0
195495 0
142603 0
050472 1
247289 0
183224 0
063386 0
168668 0
002975 0
123588 0
289971 0
289979 0
109892 1
289672 0
143000 0
169923 0
267377 0
033118 0
024376 0
014210 0
182667 0
154773 0
109798 0
136442 0
127855 0
154097 0
027895 0
091158 0
225217 0
010496 0
163163 1
173727 0
137146 0
028781 0
168669 0
168670 0
127308 1
048206 0
193566 1
050335 0
109890 1
193599 1
050334 0
163239 1
163104 1
163107 1
127322 0
222990 0
123462 0
222989 0
127355 0
002965 1
127376 0
152821 1
188397 0
218560 0
270040 0
050904 0
152837 1
134133 1
069242 1
102415 1
133618 1
009889 0
270104 0
152882 0
016746 0
111000 0
170217 1
233389 0
091332 0
233380 0
122100 0
142197 1
170095 1
170096 1
043606 0
000430 0
185904 0
126201 0
004989 0
119358 0
257978 0
069204 1
102377 1
153828 0
216596 0
198436 1
238363 0
204027 0
201105 0
081664 0
099196 0
209658 0
115053 0
192592 0
005063 1
117398 0
027430 0
180175 0
259982 0
200138 1
068178 0
091240 0
200041 1
262538 0
199025 0
189405 0
027399 0
276413 0
194189 0
202707 1
233683 0
176958 0
276527 0
077902 0
167720 0
167721 0
038175 0
239753 0
070959 0
104132 0
192392 0
009020 0
043758 0
230007 1
217868 0
288383 0
009049 0
111281 0
226156 0
080051 0
008681 0
090807 0
289933 0
218204 0
154129 0
141033 0
230748 0
123454 0
216531 0
151889 0
063479 1
235813 0
059497 0
014277 0
126343 0
030553 0
230752 0
038513 0
071799 0
071905 0
104972 0
105078 0
050257 0
155859 0
260048 0
285246 0
045325 0
241084 0
111225 0
132172 1
125033 0
024339 0
217882 0
289920 0
286639 0
286712 0
286722 0
286727 0
132910 1
171480 0
043754 0
286795 0
286816 0
286837 0
287671 0
087330 1
174744 0
279536 0
240192 0
279491 0
038332 0
001452 0
065209 0
266832 0
289928 0
016411 0
080425 0
238030 0
010378 0
199013 0
075558 0
262541 0
240191 0
090806 0
012117 0
153393 0
200137 1
011149 0
109964 0
087589 1
082318 0
119963 0
129032 2
046129 0
186788 0
007556 0
121047 0
218344 0
278742 1
140806 0
082200 0
100311 0
163887 0
269191 0
161395 0
007951 0
252664 1
252756 1
252760 1
028927 0
287082 1
113973 0
181091 0
001078 0
131386 0
100256 0
033398 0
131637 0
033422 0
082687 0
108081 0
026641 0
141471 1
238791 0
098022 0
195001 0
100290 0
282633 0
004990 0
119210 0
119359 0
218020 0
069263 0
102436 0
123202 0
091179 0
242339 0
100483 0
082283 0
255403 0
100392 0
193914 0
162517 0
100304 0
009465 0
121927 0
021285 0
127264 0
278179 0
037784 0
027094 0
020998 0
180198 0
082150 0
050287 0
043775 0
255904 0
127279 0
086917 1
059335 0
038402 0
191834 0
262527 0
100479 0
040370 0
193759 0
111758 0
081760 0
113975 0
278938 0
133239 0
153395 0
287748 1
074574 1
082070 0
113719 0
010958 0
126293 0
193618 0
221951 0
204983 0
012050 0
095748 0
190895 0
235622 1
235651 1
235655 1
235678 1
235965 1
027992 0
191385 0
237676 0
199882 0
193631 0
179136 0
193761 0
014213 0
233680 0
162505 0
179138 0
190490 0
129028 1
074828 1
278794 1
199048 1
287084 1
018123 1
129027 1
063405 1
132938 1
132952 1
132955 1
063491 0
087391 0
063502 0
266117 0
087345 0
063512 0
266103 0
138149 0
138161 0
138258 0
002961 0
218483 0
138033 0
271549 0
076408 0
157418 0
137874 0
138992 0
096776 0
153246 0
137737 0
138153 0
137720 0
137959 0
138157 0
138229 0
110412 1
235964 0
201514 0
109120 0
138822 0
138969 0
235650 0
235654 0
235677 0
262401 0
137933 0
153065 0
137679 0
004590 1
024570 0
138275 0
138228 0
138466 0
138936 0
137682 0
137702 0
137894 0
137880 0
137882 0
137828 0
138027 0
137745 0
137878 0
220633 0
137929 0
137674 0
137657 0
137935 0
157282 0
138215 0
235621 0
137986 0
006416 0
201457 0
201459 0
201463 0
137876 0
266557 0
096907 0
137699 0
137618 0
200645 0
138356 0
090275 0
137962 0
137665 0
252520 0
138223 0
130847 1
130886 1
130900 1
138109 0
137762 0
138156 0
260781 0
193550 1
137671 0
032003 0
100335 0
138199 0
025628 0
285347 1
137787 0
137659 0
216663 0
137697 0
019365 0
045629 0
138181 0
027454 0
137806 0
137677 0
071557 0
104730 0
019121 0
020468 0
137704 0
138826 0
271713 0
138163 0
137904 0
138331 0
137695 0
137716 0
138225 0
020300 0
138111 0
268866 0
137742 0
137889 0
138179 0
278347 0
278705 0
137631 0
137735 0
266575 0
138464 0
157258 0
138147 0
137766 0
138500 0
138210 0
138271 0
138273 0
033351 0
228417 0
137858 0
137649 0
194488 0
137647 0
138384 0
034385 0
238704 0
039957 0
138145 0
137613 0
138266 0
132550 0
091639 1
122080 0
128665 0
099649 0
138012 0
258771 0
029807 0
174672 0
137685 0
127911 1
227586 0
137667 0
262302 0
099588 0
168779 0
137965 0
076097 0
138828 0
138380 0
082415 0
138118 0
225211 0
225218 0
137785 0
137943 0
185665 0
138470 0
138388 0
138102 0
137661 0
137816 0
051677 0
138015 0
098158 0
137852 0
138523 0
137693 0
138183 0
137837 0
012630 0
137712 0
137925 0
140932 0
186999 0
138203 0
273009 0
137740 0
138240 0
167079 0
167080 0
137980 0
137826 0
138280 0
137727 0
138151 0
253530 0
137663 0
137706 0
137870 0
138233 0
137884 0
153066 0
071530 0
104703 0
138720 0
131676 0
001507 0
099581 0
138138 0
138185 0
138070 0
016560 0
156038 0
138113 0
138168 0
000209 0
137691 0
128658 0
138579 0
138581 0
137900 0
137848 0
137931 0
138173 0
232761 0
157840 0
020301 0
150685 0
138132 0
138134 0
137688 0
137777 0
138130 0
279083 0
201453 0
137775 0
189919 0
137854 0
137844 0
138136 0
137846 0
253468 0
138142 0
155109 1
025862 0
018225 0
165682 0
080232 1
047960 0
100155 0
137824 0
138029 0
138128 0
138205 0
138361 0
287327 0
138648 0
111772 0
139776 1
138122 0
137789 0
139934 0
138677 0
137654 0
002687 1
137731 0
060493 0
130789 0
138219 0
287313 0
187828 0
138221 0
137729 0
148344 0
137599 0
217555 0
233466 0
057453 0
148530 0
039228 1
133968 0
169179 0
169180 0
139845 1
155108 1
127884 1
143902 0
196453 0
140512 0
038339 0
238063 1
144106 0
241979 0
082363 0
121278 0
258844 0
181001 1
168996 0
168997 0
111918 0
117966 0
111946 0
001839 0
007383 1
141752 0
038336 0
131992 0
241972 0
141959 0
185689 0
019595 0
002321 0
156265 1
169375 0
003135 0
041190 0
202659 0
178146 0
064260 0
078365 0
151330 1
181902 0
112688 0
000472 0
141095 0
133727 0
110631 1
161349 0
143447 0
162496 0
134261 0
120203 0
019566 0
034921 0
016835 0
039508 0
128006 0
004896 0
119231 0
286193 0
258779 0
109396 0
235461 0
196055 0
050234 0
069432 0
102605 0
197047 0
006895 0
117718 0
274661 0
136112 0
064849 0
080465 0
029399 0
195889 0
191974 0
259610 0
235556 0
000917 0
088622 1
008828 0
002836 0
113133 0
178149 0
118151 0
075811 0
032927 0
001895 0
034339 0
101156 0
118124 0
192131 0
163041 0
222553 0
235464 0
101263 0
142362 0
278263 0
149724 0
142193 0
162506 0
014810 0
125908 0
001051 0
142284 0
019691 0
011002 0
118127 0
179933 0
136810 0
265689 0
265751 0
065267 0
074624 0
132163 0
181705 0
088596 0
003062 1
009378 0
287003 0
234931 0
241382 0
199430 0
190292 0
128730 0
195749 0
208996 0
282640 0
137257 0
069914 0
103087 0
068011 0
015416 1
125323 1
054367 0
133941 0
210237 0
238798 0
128604 0
235484 0
234971 0
199330 0
197501 0
029398 0
265857 0
007861 0
121279 0
070851 0
104024 0
037696 0
201132 0
027201 0
208244 0
088953 0
145924 1
286789 0
235455 0
177753 0
202754 0
254262 0
136114 0
005623 0
120227 0
042062 0
230848 0
235489 0
151656 0
155838 0
242239 1
075451 0
226836 1
153730 0
034324 0
010467 0
085448 0
029482 0
141425 0
133725 0
257670 0
113551 0
055931 0
247293 0
075860 0
079964 0
128457 0
081554 0
180788 1
061125 0
