088377 0
286395 2
286399 2
285887 2
285767 2
285768 2
285825 2
285815 2
285899 2
286386 2
286396 2
286400 2
286382 2
130439 0
005506 2
120088 2
120069 2
120068 2
120058 2
005772 2
120387 2
005643 2
203620 0
093922 2
093953 2
147168 1
244768 0
089355 1
093977 2
089341 1
093928 2
094023 2
093930 2
089330 1
090603 1
088379 2
090592 1
088385 2
088397 2
088407 2
088417 2
088383 2
088415 2
088766 1
088750 1
074993 2
075013 2
077611 2
093987 0
009419 1
121877 1
010889 0
096701 1
077733 0
096698 1
089356 0
131687 2
181607 0
244661 0
077610 0
131709 1
218020 0
081504 1
050368 0
185634 0
085625 0
090100 2
090190 2
126596 1
075738 2
115383 1
185897 0
017960 0
142436 0
098568 1
087683 0
052029 0
052026 0
069333 0
098542 1
034684 0
114976 1
095887 0
098901 0
009912 2
122256 2
075680 0
254384 0
053401 0
243747 1
243744 2
135034 0
075686 0
002046 0
288803 0
090405 0
075106 0
075101 0
095197 1
072242 0
105415 0
072268 0
105441 0
075132 0
008054 1
075109 0
075125 0
077133 0
010412 0
118899 0
197585 0
114974 0
117386 0
117973 0
112560 0
009706 0
000916 0
007247 0
007607 0
130409 0
117974 0
009422 0
112312 0
112259 0
108270 0
083620 0
083621 0
113367 0
004425 0
085548 0
116392 1
116727 1
223983 1
138058 1
116349 1
071308 0
104481 0
224168 1
004768 0
067823 0
004691 0
121883 0
180663 1
058162 0
071086 0
104259 0
040024 0
040008 0
040044 0
040051 0
115378 0
047488 0
064937 0
062859 0
062852 0
013253 0
063339 0
192708 0
116196 0
114877 0
114878 0
255012 0
255177 0
114112 0
275523 0
114885 0
048282 0
068759 0
093762 0
093704 0
117333 0
093764 0
116966 0
063196 0
093748 0
284253 0
134512 0
283888 0
283955 0
231238 0
212163 0
046234 0
100939 0
284386 0
127190 1
211625 0
185204 0
185201 0
164174 0
211734 0
276190 0
060962 0
283952 0
063730 0
251742 0
211796 0
026875 0
211804 0
060960 0
026853 0
100183 0
079226 0
127193 0
127206 0
140282 0
096129 0
057286 0
064357 0
220439 0
019394 0
247680 0
079568 0
071243 0
104416 0
083183 0
071313 0
104486 0
046130 0
147412 0
064358 0
033229 0
142237 0
147413 0
055514 0
193204 0
028324 0
069189 0
102362 0
075340 0
044350 0
184801 0
248099 0
244767 0
004790 0
077460 0
077445 0
048133 0
222631 0
077427 0
070428 0
103601 0
111749 0
077598 0
