286272 1
286284 1
286273 1
286285 1
007096 2
286004 2
112891 1
076332 0
283431 0
283455 0
259908 2
259912 2
261876 1
200887 0
021702 0
260139 1
260123 1
125938 2
014790 2
125937 2
269835 1
177436 2
186961 2
186956 2
271118 1
178283 1
263037 0
027498 1
173708 1
286158 0
237814 1
285938 2
283890 0
254227 0
254226 0
254229 0
191743 1
280109 0
288012 2
280146 0
191730 1
230911 2
191846 2
028171 2
028172 2
191800 2
062515 2
288789 2
097341 2
195750 0
097347 2
286617 2
029151 1
176435 0
176224 0
099178 2
099213 2
026003 1
099347 2
026004 1
079832 1
019356 1
019347 2
274466 2
152113 0
210687 0
257511 0
257518 0
257562 0
288786 0
123257 2
053532 1
278751 0
024911 0
026832 1
053149 1
023590 0
082889 1
026825 0
053147 1
123149 2
014728 2
050400 1
050290 1
126368 2
028881 1
029429 1
071465 2
104638 2
029086 1
050557 1
000632 1
009658 2
086800 0
050487 1
126369 2
050567 1
050515 1
025623 1
046800 1
085069 1
053689 1
029463 1
082067 1
054314 1
053972 1
029466 1
053210 1
046890 1
055051 1
054038 1
053928 1
054169 1
053907 1
025164 1
054255 1
053469 1
039289 1
053300 1
039287 1
054477 1
053205 1
048687 1
053211 1
054363 1
046386 1
267034 1
046391 1
267063 1
054303 1
053180 1
054399 0
050595 1
050674 1
129362 0
050571 1
054888 0
054556 1
088968 1
004200 1
050586 1
053779 1
053267 1
054955 0
054113 1
054952 0
129352 0
053708 1
129353 0
053100 1
144131 1
050579 1
144144 1
088863 1
053123 0
015427 0
125314 0
053316 0
008997 0
121514 0
035205 1
058832 0
047185 1
053213 1
052810 1
165415 0
024451 1
008592 1
047400 1
052142 1
054744 0
165353 0
057618 1
053208 1
059432 0
053292 1
024431 1
024468 1
036502 0
077388 1
082922 1
077400 1
056786 1
054229 0
108174 0
284274 0
178501 0
131268 0
054262 1
066174 0
051830 1
066403 0
010479 2
286124 1
057969 1
131212 0
131213 0
066409 0
286138 1
030119 0
052306 0
039148 0
057972 1
057171 0
100975 1
015131 0
110285 0
052862 1
260436 0
068580 2
050996 1
050984 0
259590 0
284479 0
189150 1
083557 0
000221 0
025534 0
051048 0
051312 1
120907 0
050542 1
120848 0
120866 0
053075 0
036054 0
256646 0
052846 0
196526 0
008526 1
278225 0
196523 0
051299 0
054055 0
054048 0
099552 0
178930 1
045138 1
053199 0
044668 0
066812 1
288788 0
053190 1
005146 0
234784 1
053519 0
053116 0
054660 0
054897 0
054881 0
055729 0
284287 0
054890 0
053085 0
009401 1
054870 0
075651 0
285959 0
285996 0
079313 0
117885 0
056343 0
288787 0
187869 0
053901 0
234729 1
186942 1
059365 0
080322 0
101140 0
135034 0
074955 0
289754 1
284767 0
092379 0
117016 0
060879 1
042386 0
088496 1
286131 0
158989 0
162790 0
092399 0
165053 0
061422 0
284777 0
216287 0
191203 0
035435 0
147273 0
268071 0
164307 0
284793 0
026063 0
090433 0
029733 0
090495 0
233375 0
067094 0
185340 0
151558 0
028284 0
279893 0
279906 0
074559 1
178424 1
071064 0
104237 0
282704 0
074560 1
023574 0
064781 0
113654 0
244161 0
282726 0
011507 0
124506 0
158573 0
158575 0
244157 0
111402 0
278591 0
229044 0
113668 0
272492 0
229068 0
004127 0
272888 0
111418 0
251442 0
058938 0
026991 0
190455 0
027006 0
179220 0
283512 0
110100 1
051016 0
279736 0
271620 0
280328 0
259980 0
098314 0
074907 0
030889 0
229731 0
160007 1
238983 0
030880 0
065641 0
014758 0
230910 0
048919 0
067707 0
065635 0
189433 0
020135 0
252243 0
186505 0
040656 0
252244 0
114499 0
006390 0
051617 0
229390 0
078105 0
186503 0
121553 0
179687 0
272004 0
110699 0
163821 0
124794 0
099099 0
070740 0
103913 0
229385 0
136349 0
122660 0
116829 0
139127 0
161126 0
270691 0
189324 0
033259 0
041693 1
065771 0
117797 0
086579 0
160114 0
160115 0
278756 0
017159 0
094986 1
227153 0
255303 0
078123 0
090113 0
239883 0
239887 0
239905 0
241093 0
087876 0
089697 0
087868 0
048542 0
227160 0
088198 0
194145 0
191585 0
169115 0
169116 0
266636 0
047008 0
003416 0
007469 0
288138 0
266639 0
242437 0
224940 0
055323 0
156988 0
046295 0
234239 0
