256945 0
230335 2
173411 0
230340 2
230428 2
230355 1
230426 2
206291 1
230363 2
230364 2
193018 0
206280 1
258140 1
223497 2
275039 0
196063 2
206269 2
230344 1
267885 0
198157 1
257920 1
198455 1
230337 2
198415 1
198115 1
198118 1
197992 1
204674 2
197993 1
198101 1
204476 2
193241 2
198025 1
264311 1
205411 1
231924 0
204806 1
243031 1
198244 1
210492 1
274836 1
192945 1
195894 1
184158 2
184192 2
258353 1
274838 1
192655 2
192663 2
192675 2
192677 2
192678 2
275171 1
201220 1
274998 1
235789 1
254519 1
256116 1
277428 1
194742 1
275049 1
275053 1
274779 1
273940 1
275057 1
275060 1
275022 1
253810 1
254610 1
194745 1
274684 1
229488 1
253813 1
269307 1
274755 1
237009 1
190852 1
234111 1
274541 1
234068 2
280219 1
276653 1
234066 1
237403 1
182488 2
234114 1
225396 1
225455 1
225391 1
225781 1
225764 1
232476 1
227723 1
263989 1
279053 1
253648 1
273216 1
267334 1
273448 1
170618 2
234835 1
200051 1
234849 1
268961 1
234820 1
279002 1
279055 1
158185 2
221180 1
274764 1
267160 1
235141 1
202805 2
286424 1
286427 1
176308 2
202248 2
256582 1
284974 1
226749 1
285304 1
276458 2
231898 1
018787 1
197763 1
228971 1
158186 2
012750 2
152397 2
192394 1
157915 2
211234 1
192572 1
287774 1
152394 2
153792 1
234744 1
284985 1
198024 1
274670 1
191890 1
210361 1
256447 2
234736 1
267933 1
287546 1
274719 1
018698 1
234413 1
259841 1
244319 1
190644 2
230065 2
159852 2
244305 1
274365 1
210727 1
257589 1
171519 1
160331 2
278512 1
285320 1
244910 1
244397 1
254994 1
279064 1
253072 1
268031 1
259514 1
255674 1
163471 0
236111 1
239343 1
243640 1
213213 1
256043 1
255652 1
243634 1
257974 1
244399 1
259015 1
257973 1
162819 2
184530 2
279422 1
179398 1
221402 1
267238 1
154786 1
276906 1
267401 1
229438 1
184556 2
258195 1
002815 1
240271 1
184588 2
198889 1
154568 1
184555 2
199042 1
199044 1
184518 2
199096 1
154775 1
154482 1
164091 1
155031 2
154591 1
244416 1
196081 1
002622 2
154881 0
216295 1
154490 1
154957 2
269168 1
271679 1
010786 2
082641 1
284330 1
241490 1
257108 1
199069 1
162882 2
282846 1
127117 2
154958 1
197039 1
278243 1
282864 1
274562 2
164146 0
282847 1
191185 2
219675 1
254248 1
285653 1
276658 1
199068 1
154427 1
221656 1
127264 1
165387 1
173650 1
284161 1
162876 2
156647 2
219727 0
127279 2
278606 1
278621 1
156642 1
201533 0
187255 2
192558 1
256890 2
278569 1
272303 1
244972 1
138290 1
256888 2
138253 1
201578 0
201580 0
187259 2
158714 1
221637 1
221581 1
229631 2
257361 1
220748 1
222521 1
244964 1
274786 1
256932 1
221429 1
270939 1
158606 1
071106 1
104279 1
222055 1
071104 1
104277 1
157679 1
270986 1
257094 1
274678 1
138763 0
275076 1
274996 1
275400 1
242337 1
274680 1
256880 1
275061 1
242333 2
275135 1
274797 1
274685 1
255411 1
256970 1
275402 1
257443 1
257390 1
275403 1
275414 1
275062 1
275001 1
274772 1
274736 1
275000 1
270958 1
270993 1
274640 0
274997 1
257038 1
274658 1
274711 1
274703 1
275163 1
256892 2
275416 1
257138 1
275486 1
274713 1
275399 1
275078 1
275857 1
277173 1
275074 1
274706 1
256931 2
257370 1
152276 1
201672 2
221887 1
162056 2
257110 1
274662 1
257393 1
079258 1
079259 1
275395 1
275396 1
275415 1
275413 1
274746 1
275002 1
257499 1
257503 1
257438 1
274762 1
201691 2
274757 1
016635 1
075049 0
271313 1
274709 1
274783 1
274744 1
279771 1
139392 1
256965 2
274742 1
274716 1
256867 1
139475 2
137220 2
277175 1
278702 1
257415 1
173202 2
275079 1
257313 1
274620 1
244873 2
274733 1
274732 1
244971 1
278785 1
274768 1
267629 1
269894 1
019032 1
274635 1
169647 1
153556 1
244973 1
244974 1
274777 1
247029 1
247385 1
173207 2
274962 1
153571 1
274778 1
138385 1
156351 1
274749 1
274727 1
274734 1
197756 1
256889 2
274871 1
270987 1
154788 2
276843 1
274815 1
276861 1
117133 1
275430 1
275125 1
257324 1
257166 1
153558 1
247415 1
173213 2
153085 2
154789 2
257117 1
257307 1
274830 1
099631 0
274712 1
274579 1
275033 1
275401 1
275006 1
257365 2
283188 1
257374 1
116046 0
256940 2
274841 1
257302 1
156124 2
270967 1
153535 1
173216 2
275038 1
154771 1
257161 1
275137 1
275283 1
274625 1
156693 2
276664 1
257402 1
274724 1
274873 1
158948 2
274566 1
275260 1
275026 2
152398 2
257134 1
257172 2
275659 1
202656 1
151544 1
257168 1
153968 2
257234 2
269074 1
275071 2
275081 2
275292 1
151313 1
257167 2
274626 1
151318 1
151306 1
275212 0
151305 1
270981 1
137821 1
274775 1
270935 1
257937 1
266772 1
274820 1
276864 1
153710 1
008754 2
257320 1
257321 1
157893 2
247028 1
276700 1
172929 2
266443 1
270881 1
266362 1
189917 1
257672 2
270889 1
266072 1
266069 1
266768 1
269048 1
137861 1
257237 1
268780 1
257678 1
276808 1
265282 1
150202 1
247384 1
275664 1
137833 1
256987 2
153738 1
265245 1
154824 1
173330 2
265315 1
247387 1
172878 1
265224 1
176466 1
137856 1
269614 1
274754 0
265329 1
154790 2
257135 1
247346 1
275275 1
153712 1
153978 1
269611 1
268611 1
274570 1
173314 2
157887 1
000106 1
268960 1
256993 1
154802 2
151310 1
276971 1
154429 1
197214 1
273426 1
274760 1
274737 1
267124 1
281038 1
197205 1
238482 2
275068 1
268944 1
269246 1
175742 0
154131 1
025714 1
277000 1
154764 1
266784 1
268954 1
269036 1
269020 1
269465 1
173331 2
274740 1
025296 1
173318 2
247309 1
137364 1
269602 1
245033 1
154811 1
275032 1
275398 1
137374 1
154126 2
268762 1
268663 1
154517 2
173200 2
154734 0
276677 1
274568 1
275738 1
274674 1
154826 1
269547 1
163126 2
163129 2
151545 2
173042 1
264989 1
257140 1
264027 1
268674 1
201954 2
148992 1
274601 1
034166 0
274667 1
172953 2
255347 0
016029 1
154522 1
177565 1
276668 1
268678 1
002315 1
274739 1
177571 1
119892 1
168132 0
154756 1
014352 1
119254 1
018867 0
274741 1
275069 1
275121 1
275280 1
173248 2
176693 1
001552 1
173326 2
182631 1
172954 2
182637 1
154518 2
138236 2
176731 1
176695 1
176735 1
176733 1
147163 0
275472 1
137316 1
137293 1
274701 1
005462 0
138237 1
274720 1
137288 2
133162 1
173205 1
154749 2
154671 1
154813 0
077143 1
154516 0
237434 1
190808 1
190778 1
161388 1
176738 2
141561 2
190827 1
173296 1
173561 1
150878 1
197244 1
267989 1
154524 0
257158 0
153052 1
240284 1
237420 1
161847 1
276842 1
274595 1
275805 1
276744 1
275031 0
275397 0
015890 1
270953 1
264409 0
155167 0
224069 1
154763 1
117120 1
160962 1
274632 1
154672 0
154902 1
005083 0
052775 1
176421 1
193971 0
256886 2
201070 1
201148 1
276848 1
275350 1
149142 1
256893 1
232463 2
274600 0
193948 0
173308 2
161263 0
010552 1
163762 1
158560 1
278684 1
277074 0
219199 0
201059 1
201142 1
275349 1
237419 1
221981 1
177920 1
154898 1
237435 1
161176 1
052637 1
176408 1
275509 1
190386 2
223899 0
165747 1
276659 1
276357 1
173588 0
148787 1
273221 1
273262 1
276359 1
177971 1
085621 1
173315 2
273451 1
173329 2
094328 1
085631 1
275594 1
160865 1
276593 1
270802 1
161146 1
279059 1
174422 1
279051 1
270892 0
278540 1
178648 1
275178 1
270798 1
188101 2
155576 1
270801 1
276749 1
270994 1
158551 0
178763 1
257157 1
263187 1
273961 1
257145 1
276678 1
163455 1
256982 1
263191 1
271059 1
173257 2
285989 1
162351 1
162356 1
281936 1
150088 1
272169 2
015744 1
272128 2
173412 2
271054 1
004144 1
118253 1
165398 1
272001 2
176220 1
272129 1
154843 1
273936 1
274605 0
276379 1
273214 1
276716 1
154503 0
154836 1
283475 0
276992 1
274016 1
250460 2
129926 0
276996 1
148555 0
148545 0
279065 1
178769 1
159003 1
159004 1
276338 1
276844 1
196879 0
156492 1
174407 1
276715 1
254390 0
278532 1
254378 0
254380 0
254372 0
254382 0
278538 1
271304 1
211766 1
097100 1
271032 1
190777 1
165833 1
097090 0
097112 1
271036 1
165837 1
229348 1
157176 1
164291 2
093474 0
174423 1
130303 0
001232 0
285953 1
278616 1
271110 1
178787 1
161303 1
154823 1
154632 1
276380 1
276566 1
156493 1
257420 1
225454 1
271044 1
278548 1
161356 1
187276 1
253792 0
253698 0
275485 1
271601 1
253852 0
132816 1
253821 0
273250 1
002081 0
154845 1
174625 0
275070 1
130159 0
154809 1
272403 1
178083 1
275365 1
148772 2
164138 0
162338 2
156486 1
157181 1
154173 1
278386 1
156494 0
153969 1
278798 1
154067 1
132716 1
177885 0
276002 0
260981 0
128527 1
141362 0
278383 1
271591 1
192994 0
261022 0
132796 1
275491 1
132795 1
154068 1
225395 1
173381 1
154633 1
165716 1
154481 1
153988 0
132834 1
132873 1
276748 0
173386 1
165743 1
165875 1
278734 1
132868 1
276849 1
273305 1
271374 1
260380 1
276742 1
224392 1
047410 0
271322 1
278547 1
048009 0
173408 1
068716 0
047623 0
276731 1
257426 1
211767 1
147090 0
271077 1
057706 0
068660 0
225787 1
211580 1
275080 1
226748 0
273246 1
278615 1
224160 1
257377 0
223961 1
158036 1
053844 0
277283 0
201060 0
201071 0
201143 0
201149 0
087281 1
047691 0
276939 1
274627 1
047262 0
154489 0
171566 1
176221 1
221847 1
173805 1
271508 1
276822 1
047712 0
276339 1
276358 1
276360 1
276381 1
276567 1
171555 1
264799 1
264858 1
264860 0
264990 0
175361 1
271406 1
276565 1
271015 1
063605 0
166056 1
063595 0
271065 1
276738 1
047708 0
260364 1
276732 1
271076 1
169098 0
169099 0
271301 1
278640 1
154793 0
271391 1
274633 1
280080 0
057045 0
253389 0
278550 1
025713 0
172779 1
006983 0
173686 1
225780 1
278559 1
173898 1
278641 0
271509 1
087259 0
175605 0
278629 0
257805 1
179117 0
049176 1
049168 1
274639 1
172767 2
273903 1
175623 0
272190 1
116876 0
136199 1
272193 1
173327 2
064332 1
154538 1
141975 1
142066 0
274573 1
276667 1
153458 0
087144 0
277003 1
052751 0
041905 1
175629 0
161192 0
092046 0
196066 0
181744 1
087129 0
017581 0
274617 1
274585 1
276825 1
061214 1
154574 1
119489 0
138624 1
286643 1
140626 0
262792 0
164369 1
176426 1
275362 1
063302 0
009675 1
122090 1
061176 1
256042 0
278800 0
111499 1
162906 0
276689 1
110352 1
274607 0
061169 1
221903 1
140539 0
196459 1
149983 1
271540 0
138605 0
272223 0
286426 1
278551 1
092089 1
168532 1
271116 1
160817 0
094331 0
133857 1
007158 2
165820 1
141878 0
234419 0
173389 2
028877 0
153559 1
153725 1
257455 1
030131 0
276767 1
142075 0
162815 1
252220 0
174697 1
277781 0
043658 0
016720 1
274604 0
174734 1
188814 0
278809 0
257800 1
275151 1
082639 0
272219 0
173335 1
283638 0
224172 1
286714 1
158972 1
274636 1
283576 0
286782 1
286809 1
174863 1
168501 2
168502 2
224061 1
174874 1
153573 0
224023 1
159062 0
154575 1
257454 1
262802 0
002819 1
173397 2
286423 1
168489 1
117104 0
168888 1
117114 0
173307 2
048718 2
117122 0
273888 0
163593 0
004695 0
118924 0
159076 1
276757 0
277835 0
117901 0
117124 0
153749 1
226400 1
163614 0
113812 0
226475 1
257218 1
113870 0
278637 1
274624 1
160616 2
165395 0
173384 0
003649 1
278184 0
137311 0
114018 0
275366 1
162782 1
276751 0
270951 1
137300 0
275884 1
160610 2
276733 1
148961 0
276766 0
176222 2
023325 0
084045 0
114937 0
271073 1
173347 2
114946 0
271124 1
185670 0
004324 0
229064 0
225946 1
004668 0
118890 0
112792 1
173362 0
278195 0
084073 0
194719 1
276713 1
189477 0
047152 0
158453 1
047057 0
179947 0
135608 0
190080 0
142245 0
007110 0
120706 0
024782 0
173415 2
118887 0
278196 0
278169 0
176724 0
004685 0
118911 0
190094 0
142392 0
057095 0
226069 1
273387 1
137302 1
142384 0
152231 0
074738 0
173253 1
173409 2
024744 0
277212 1
257121 1
229076 0
192578 0
173398 2
265593 0
074760 0
253753 0
008971 0
113986 0
173275 1
229081 0
153745 0
189471 0
189472 0
276736 1
180025 0
275521 1
117702 0
258327 0
278632 1
194727 1
257127 1
257207 2
162856 1
162860 1
277516 1
225752 1
274602 1
257502 1
256927 1
225901 1
172896 2
276917 1
173334 1
277228 1
275048 1
274574 1
275059 1
107772 1
277063 1
274366 1
276762 1
107759 1
275056 1
286808 1
014603 1
126152 1
275363 1
238226 0
274807 1
276651 1
275583 1
136877 0
019315 0
000328 0
277211 1
230626 1
280542 0
173388 1
282013 1
234213 0
274801 1
005411 1
230616 1
276649 1
211511 0
283476 1
150125 1
154454 0
277004 1
223479 1
074751 0
282011 0
227973 0
234211 0
172912 2
087283 1
019312 0
223701 1
275422 1
286781 1
234210 0
283447 1
275581 1
158332 0
226411 1
128671 1
173413 2
276660 1
271053 1
097554 0
015215 0
278847 0
058756 0
211562 0
259194 0
002932 0
238299 0
242008 0
242018 0
128670 0
074555 0
238381 0
277900 1
276648 1
141319 0
277919 1
173400 2
199489 0
188439 0
276926 1
278851 1
226516 1
255922 0
271106 1
003817 0
158321 2
260633 0
211545 0
270954 1
211005 0
194602 1
256411 0
099599 0
017340 0
129556 0
276945 1
278584 1
181240 0
276778 1
276989 1
181248 0
235527 0
018043 0
038377 0
287717 0
027844 0
134341 0
263113 0
274805 1
043746 0
276910 0
126217 0
154835 0
239064 0
280671 0
276801 1
235525 0
219524 0
004366 0
115973 1
253443 0
167973 0
167974 0
253812 1
274592 1
154787 0
219444 0
235533 0
140554 0
150117 1
277067 1
270977 1
172886 2
223714 0
277227 1
228168 0
194590 0
276997 1
257174 0
229334 0
278603 1
275052 1
219643 1
276782 1
271058 1
219622 1
270957 1
014208 1
221755 1
026187 0
148724 0
274609 1
101407 1
270992 1
277209 1
277517 1
274020 1
170538 2
173387 2
187805 1
187815 2
117290 1
226723 0
100648 1
054380 0
194563 0
278611 1
276728 1
276735 1
278561 1
194510 0
228611 0
277226 1
276720 0
142425 0
274014 1
277210 1
117478 0
227908 0
054449 0
117377 0
091878 1
091768 1
138292 0
142424 0
142426 0
283448 1
283477 1
011698 0
281456 0
281462 0
028911 1
152846 1
277008 1
226620 0
225982 0
225740 0
225829 0
271627 1
276725 1
228623 0
225983 1
137365 1
239594 1
075517 0
276927 1
276741 1
059492 0
052368 0
257498 0
123072 0
226612 0
107993 0
010446 0
257122 1
257128 1
239866 0
229810 0
174628 0
114233 0
167223 0
227183 0
007457 0
075500 0
083975 0
084858 0
174650 0
194521 0
278917 1
280025 1
280043 1
280084 1
239370 0
187232 1
053248 0
272353 0
278407 1
083336 0
214390 1
227876 0
192463 0
192428 0
030569 0
130177 0
166338 0
166339 0
253086 0
253129 0
153126 0
114191 0
115007 0
142289 0
152236 0
221693 0
114650 1
227285 0
158570 0
101298 1
157370 0
019021 1
080250 0
201400 0
273575 0
279031 1
255259 0
080150 0
259710 0
083958 0
259699 0
253699 1
253793 1
253822 1
253853 1
254373 1
254379 1
254381 1
254383 1
254391 1
013783 0
083432 0
279471 0
227066 0
030521 0
277265 1
276723 1
278409 1
278915 0
154831 1
280023 0
279770 1
276727 1
277030 1
280041 0
280082 0
271080 0
268139 1
005545 0
120124 0
146893 1
094851 0
173390 2
280079 1
202961 0
268685 1
276729 1
276726 1
255673 0
154834 0
142258 0
152826 0
061057 0
047953 0
173190 0
223665 1
243639 0
278916 1
280024 1
280042 0
280083 0
012969 0
082015 0
270948 1
156843 0
193349 0
010931 0
273374 1
277316 1
010142 0
276724 1
276739 1
274854 0
268176 1
005082 0
154655 1
276672 1
005079 0
152799 1
276734 1
224300 0
211802 0
276737 1
100931 0
167409 1
167410 1
054335 0
092982 0
173420 1
256938 2
271071 1
004884 0
119192 0
277968 1
288212 0
138735 0
282079 0
056996 0
178286 0
107854 1
038716 0
141958 0
227693 0
267886 0
234026 0
167407 1
280698 0
067501 1
270979 1
154842 0
057406 0
280693 0
156262 0
047154 0
274973 0
233594 0
223948 0
121829 0
152037 0
006449 1
249539 0
272326 0
255353 0
141649 0
275249 0
009361 0
121834 0
158934 0
157750 0
277229 1
075003 0
137127 0
002316 0
265718 0
269624 0
107905 1
118930 0
222898 0
118467 0
185504 0
045294 0
187237 0
024543 1
005116 0
156516 0
277974 1
282043 0
004699 0
118933 0
199447 0
276663 1
141648 0
277318 0
052488 1
265728 0
269625 0
276950 0
013205 0
158450 0
007147 1
270058 0
047058 0
053287 0
257139 1
266532 0
140318 0
107906 1
047197 0
124323 0
168693 0
154569 0
007152 0
132570 0
010436 0
096663 0
263789 0
263794 0
274994 0
241763 0
274747 1
288095 0
138745 0
158933 0
160776 0
004880 0
119187 0
276863 1
173243 1
172888 0
013218 0
241777 0
164134 0
119106 0
140492 0
210575 0
052406 1
277312 1
257023 1
277208 1
276860 1
267161 0
274748 1
098156 0
154656 0
276740 1
278844 0
024957 0
173254 1
270775 1
276745 0
278790 0
072073 0
072451 0
072754 0
073017 0
073277 0
073533 0
073795 0
074052 0
074312 0
105246 0
105624 0
105927 0
106190 0
106450 0
106706 0
106968 0
107225 0
107485 0
170523 2
052825 0
014907 1
125818 1
276656 1
052664 0
278801 0
278810 0
277134 1
278458 0
231701 0
285750 1
008723 0
219286 1
276384 1
276573 1
142067 1
274464 0
141973 0
187244 0
091476 0
153463 0
004428 0
118605 0
242335 0
130492 0
275030 0
021779 0
278839 1
276747 0
192940 1
138289 0
133417 0
277466 1
192924 1
275764 1
052830 0
138325 0
002521 0
201454 0
047542 0
276006 0
024921 0
226524 0
219293 1
278714 0
253359 0
201499 0
279937 0
277684 0
091377 0
226532 0
201390 0
278745 0
000520 0
272341 0
287936 0
257131 0
154798 0
226246 0
083438 0
142073 1
277681 1
027132 0
121893 0
157293 0
028615 0
021988 0
091376 0
272737 0
116196 0
010106 0
277615 1
113316 0
278806 0
251323 0
130946 0
091662 0
276641 1
048564 0
092487 0
092517 0
028946 1
256960 0
101056 0
188001 0
062095 0
208147 0
049748 0
270974 1
201504 0
037046 0
258999 0
121895 0
015756 0
257181 0
277679 0
162825 0
012069 0
265456 0
077286 0
242340 0
279304 0
173903 2
055771 0
118962 0
275704 1
014248 0
186070 0
224030 0
149793 0
177384 0
275676 1
049741 0
116794 1
079630 0
193016 1
072096 0
072474 0
072777 0
073040 0
073300 0
073556 0
073818 0
074075 0
074335 0
105269 0
105647 0
105950 0
106213 0
106473 0
106729 0
106991 0
107248 0
107508 0
179465 0
242341 1
027124 0
100091 0
141867 0
276642 1
278822 0
149805 0
226739 0
069752 0
102925 0
277413 1
062086 0
062145 0
084956 0
239252 0
226682 0
005700 0
192917 1
271007 1
192920 1
193002 1
277131 1
173289 0
192915 1
276661 0
123348 1
275586 0
275543 1
054071 0
053109 0
277133 1
173299 1
053073 0
193077 0
278488 0
272630 0
277315 1
265147 0
278929 0
276673 0
101282 0
173291 0
029315 0
276650 1
276891 0
289988 0
053031 0
240547 0
150255 0
250845 0
285118 0
264770 0
275034 0
083918 0
272582 0
253444 0
253517 0
253522 0
188961 1
276750 0
055131 0
190549 0
007440 0
276679 0
230325 0
054100 0
042723 0
057752 0
154095 0
141334 0
275274 0
140008 0
082915 0
175805 0
171539 0
188957 0
272021 0
026740 0
114084 0
114085 0
270952 1
276760 0
277786 0
229302 0
062180 0
006794 0
201579 0
097602 0
277688 0
193706 1
250875 0
154504 0
055489 0
289984 0
173358 0
125264 0
230326 0
274975 0
057550 0
169652 0
169653 0
062174 0
019013 1
277888 0
054226 0
040862 0
055690 0
228793 0
193652 1
193660 1
193662 1
193707 1
154130 0
142186 0
284550 0
276817 0
277947 0
178183 0
276708 0
056261 0
141710 0
275822 0
259436 0
269428 0
054058 0
277051 1
252221 0
277993 0
286493 0
027850 0
076758 1
154120 0
278928 0
139674 0
152247 0
137537 0
256667 0
001081 0
042846 0
153122 0
259437 0
277078 0
259445 0
277240 0
277717 0
254903 0
050317 1
040044 0
040051 0
116143 0
154729 0
226726 0
054326 0
277518 0
167453 1
167454 1
047009 0
119482 0
289398 1
070398 0
103571 0
001165 0
230322 0
230323 0
277763 0
164492 0
092919 0
139992 0
062171 0
277913 0
116144 0
173306 0
256311 0
267042 0
201577 0
167445 1
265153 0
160408 0
278119 0
083914 0
206687 1
097452 0
287543 0
169670 0
267068 0
173367 0
187994 1
010423 0
225420 0
057616 0
056513 0
277132 1
119455 0
046309 0
163880 0
057255 0
057256 0
057257 0
164504 0
229303 0
272362 0
157660 0
117869 0
253516 0
253521 0
275772 0
257133 0
126212 0
010416 0
278106 1
166830 0
166831 0
287109 0
053988 0
179590 0
142339 0
149345 0
054997 0
054965 0
156419 0
269891 0
137052 0
270125 0
289397 0
276965 1
193659 0
277314 1
187995 1
189044 1
189058 1
202434 0
164220 0
187667 1
265634 0
180731 0
154815 0
154816 0
056666 1
201644 0
201531 1
192919 0
069044 0
193183 0
062475 0
273639 0
153125 0
136626 0
015398 0
279054 0
221354 0
154758 0
101970 0
279126 1
276596 0
277364 0
256474 0
178124 0
158297 0
215468 0
051011 1
117284 0
141321 0
028878 0
028947 0
029052 0
271834 0
274307 0
101964 0
126226 1
025027 0
262427 1
062423 0
280543 0
266840 0
180066 0
274432 0
257401 1
281834 0
005154 0
048875 0
164510 0
168289 0
168985 0
111583 0
042250 0
026492 0
224015 0
253084 0
075379 0
213216 0
272580 0
169027 0
231824 0
277350 0
063830 0
005480 1
120044 1
271895 0
071371 0
104544 0
227734 0
115274 0
164110 0
025683 0
189144 0
059556 0
067747 0
180716 0
116486 0
210734 0
276671 1
101962 0
275492 0
199407 0
275301 0
193007 0
101965 0
166659 0
166660 0
159512 0
271420 0
079926 0
231827 0
172628 0
233148 0
275483 0
126341 1
075010 0
166689 0
166690 0
138652 1
228130 0
206278 0
058551 1
277745 1
063536 0
192948 1
178869 0
173766 0
274463 1
168383 0
273750 0
230272 0
141621 0
062600 0
036981 0
057780 0
199414 0
214882 0
083911 0
004830 1
087282 0
019499 0
041956 1
168395 1
033049 0
057751 0
231886 0
039219 0
201693 0
201695 0
271503 0
101051 0
245130 0
086230 1
166028 0
126358 0
277359 0
080526 0
180717 0
083908 0
252092 0
203833 0
220041 0
056052 0
028542 0
111175 0
165939 0
173770 0
005866 0
050417 0
126982 0
186756 0
256583 1
080689 0
201395 0
153452 0
219079 0
185404 0
180572 0
179189 0
132115 0
199443 0
174139 0
277742 1
229486 0
041667 0
263832 0
223835 0
202144 0
275719 1
263900 0
002595 1
276852 0
043180 0
057562 0
213927 0
224084 0
062166 0
141624 0
117178 0
043294 1
214740 0
115761 0
055462 0
256586 1
066707 0
138674 1
019473 0
014154 0
148652 0
075875 0
258994 0
220060 0
227060 0
016007 0
117756 0
012978 0
265152 0
083207 0
075766 0
278671 0
014499 0
136363 0
168465 0
274473 0
050320 0
048397 1
162905 0
185712 0
168484 0
091324 0
177479 0
057064 0
274460 0
084536 0
187444 0
140966 0
082089 0
193749 0
256326 1
086148 0
276662 1
092064 0
274469 0
274449 0
057324 0
091879 0
168388 0
090901 0
053614 0
168391 0
278183 0
278182 0
278146 0
066894 0
275384 0
142249 0
137200 0
239261 0
223813 0
015200 1
014176 0
140573 0
257875 0
030850 0
038100 0
017169 1
048617 0
087055 0
017187 0
113520 1
016919 0
091763 0
080372 0
044538 0
087012 1
154457 0
285766 1
080414 0
224716 0
083237 0
266594 0
087015 0
139932 0
066978 0
285458 1
285460 1
244533 1
140569 0
095360 0
136946 1
028636 1
059251 0
189939 0
139947 0
091581 0
204347 0
005040 1
119234 0
119292 0
119432 1
066805 0
277348 0
283491 0
063112 0
268164 0
223827 0
227895 0
045088 0
241750 0
278766 0
257880 0
256446 0
145959 0
007475 2
223810 0
276198 0
193591 0
276197 0
224710 0
230347 0
031100 0
160279 0
167298 0
203972 0
277305 0
165583 0
261243 0
276300 0
090616 0
257886 0
134088 0
011084 0
222653 0
251938 0
057867 0
001873 0
223880 0
223882 0
138274 0
027100 0
203923 0
017341 0
129555 0
038491 0
122213 0
269897 0
193507 0
279943 0
193539 0
203896 0
202411 0
079998 0
140701 0
203830 0
198217 0
030041 0
017768 0
237800 0
005992 0
179900 0
006960 0
229055 0
169590 0
169591 0
269914 0
077421 1
203943 0
276980 0
277689 0
089280 0
276952 0
277264 0
078968 0
224713 0
159423 0
224964 0
231351 0
139994 0
193600 0
201488 0
187498 0
275496 0
229061 0
270415 0
188793 0
192594 0
276979 0
095603 0
083149 0
265166 0
271706 1
057764 0
253942 0
169598 0
169599 0
223776 0
228848 0
114545 0
037783 0
193414 0
095622 0
193602 0
204033 0
220816 0
272328 0
168296 0
219610 0
030917 0
165632 0
162834 0
152230 0
165800 0
215966 0
074438 0
107611 0
153574 0
030996 0
203888 0
155325 0
266929 0
005767 1
120384 1
150888 0
157077 0
124162 0
275329 0
137786 0
176182 0
185131 0
146855 0
023402 1
141807 0
134089 0
149625 0
128197 0
027090 0
054307 0
163754 0
163757 0
031007 0
118650 0
179837 0
047654 0
137242 0
185060 0
002944 0
229274 0
283114 0
164087 0
139492 0
153568 0
153569 0
270025 0
238372 0
080306 0
152252 1
147968 0
128430 0
276776 0
005788 0
034115 0
271260 0
066345 0
260463 0
165636 0
013238 0
110702 0
152361 1
230670 0
119233 0
138072 0
171828 0
029659 0
193603 0
052115 0
006923 0
274205 0
260681 0
157809 0
011910 0
260688 0
277280 0
278462 1
126676 0
270431 0
279119 0
276771 0
204565 0
278480 1
278489 1
136997 0
137000 0
137047 0
028621 1
280706 0
137109 0
120026 0
120035 0
120002 0
280714 0
280710 0
280711 0
280715 1
279308 0
280206 0
284251 0
114440 0
236978 0
169580 0
236986 0
196065 1
054067 0
114447 0
219126 0
278479 0
054046 0
259444 0
084202 0
054047 0
117902 0
150879 0
234485 0
255783 0
219162 0
044187 0
084168 0
219172 0
277924 0
256585 0
139112 0
083563 0
265028 0
112527 0
227206 0
258242 0
117925 0
084292 0
114258 0
263615 0
083697 0
012425 0
122976 0
186556 0
275107 0
032122 0
244185 0
064254 0
004046 0
230826 0
193258 0
083887 0
278380 0
283221 0
057397 0
084116 0
284721 0
054156 0
277310 0
160790 0
083884 0
083559 0
051534 0
035001 0
057773 0
253520 0
277813 0
145270 0
057134 0
084322 0
149025 0
179953 0
054246 0
057850 0
186577 0
139739 0
224709 0
253515 0
061455 0
084646 0
218690 0
237849 0
263331 0
263327 0
005119 0
173391 1
084104 0
057389 0
265399 0
163415 0
066621 0
281460 1
193476 0
149346 0
054328 0
160081 0
227039 0
187697 0
272742 0
055015 0
075024 0
222277 0
114013 0
083953 0
258234 0
084663 0
084249 0
238406 0
057339 0
160785 0
141962 0
120686 0
243977 0
053496 0
280393 1
278382 0
051216 0
234072 0
174897 0
175437 0
175552 0
157239 0
276576 0
185528 0
057063 0
074985 0
154572 0
278394 0
269253 0
160042 0
265641 0
091094 0
026442 0
160787 0
160789 0
047321 0
263643 0
154735 0
114295 0
120317 0
157141 0
084098 0
172893 2
172224 0
137163 0
149335 0
244292 0
244240 0
225631 0
217221 0
269257 0
230716 0
244258 0
154506 0
199302 0
056718 0
278085 0
259792 0
120300 0
154588 0
005905 0
193488 0
055108 0
157135 0
229830 0
114001 0
047381 0
046392 0
277809 0
006885 0
156491 0
036686 0
157240 0
282731 0
057436 0
222864 0
290043 0
175562 0
127674 0
057245 0
057246 0
057247 0
259818 0
276501 0
184686 0
176716 0
046688 0
275427 0
083965 0
263966 0
280459 0
043016 0
258897 0
228365 0
185548 0
263110 0
045085 0
075048 0
159656 0
134692 0
185885 0
119492 0
156487 0
168365 0
090831 0
150328 0
199292 0
077281 0
200561 0
010282 0
078939 0
046768 0
091764 1
082082 0
051583 0
063304 0
187681 0
273711 0
278084 0
190694 0
205050 0
225836 0
176726 0
115169 0
056619 0
083968 0
169185 0
174232 0
172162 0
183291 0
208758 0
252619 0
175565 0
006654 0
141865 0
090990 0
167385 0
167386 0
084110 0
163111 0
012215 0
145263 0
160041 0
004139 0
154547 0
224406 0
084267 0
066321 0
216940 0
