232732 1
232735 1
155445 0
192357 0
079430 0
180519 0
064906 1
064828 1
239572 0
232708 1
232707 1
232739 1
180026 2
064808 1
030882 0
232738 1
188535 0
154686 1
232691 1
064597 1
154668 1
064483 1
064472 1
113386 1
064766 1
124340 1
277469 2
064688 1
113389 1
124343 1
064797 1
160515 1
154395 2
064777 1
064922 1
284043 0
064931 1
176651 2
176622 2
182927 1
014050 1
287928 2
287922 1
076977 2
064914 1
287934 2
177987 1
014471 1
287980 1
288692 1
013083 1
155800 1
145857 1
064913 1
064875 1
064905 1
177160 1
289957 0
288572 1
155433 1
018978 1
124017 2
124016 1
257264 1
174773 1
257231 1
178103 1
152386 1
152261 1
069190 2
102363 2
123959 1
082827 1
064585 0
064862 1
065969 1
182332 2
085968 1
066228 0
065968 1
182331 2
123579 1
123697 1
077824 1
065730 2
124041 0
232780 1
066356 1
123998 1
066269 1
283802 1
064319 1
065599 2
152479 1
152494 2
233102 2
075552 0
064822 1
065660 1
283766 0
283768 0
176279 1
123983 1
066091 1
124291 1
230350 0
066347 1
187164 1
152485 1
064457 1
164239 1
066094 1
186868 1
066335 2
064439 2
284662 0
064587 1
064501 1
166028 0
192395 0
064443 1
064487 1
123160 1
064600 1
080444 2
153025 1
170585 1
123993 1
123989 1
165939 1
170525 1
064495 1
123233 1
071542 1
104715 1
065904 1
064404 2
064821 2
124459 1
123067 1
048326 0
157056 1
123053 1
177251 1
087545 1
064907 1
064475 1
101240 1
169674 1
064414 1
112921 1
169687 1
101239 2
101234 1
101217 1
101055 1
123137 1
180547 1
157979 1
064869 1
188154 1
187344 0
064882 2
124321 1
062746 1
252407 0
064805 1
188132 1
279180 1
066445 1
252439 0
187357 0
064871 1
064790 1
068174 1
188128 1
064857 2
064872 1
064814 2
188540 0
284512 2
123999 1
085386 1
099038 1
065893 1
111402 0
064843 1
078206 1
171128 1
124437 1
180591 0
284523 1
284549 1
284569 1
176827 0
124617 1
013067 2
153638 1
067912 1
284516 2
267911 2
168257 1
099027 1
168030 1
099018 1
267917 2
124420 1
124341 1
124344 1
124601 1
124627 1
077219 1
064592 1
235905 0
233541 1
123995 1
069434 1
102607 1
210588 1
127510 1
210624 2
287864 0
287860 1
192397 1
064929 1
099575 1
064492 1
182325 1
068379 1
199662 0
015300 1
014659 1
126087 1
182330 1
155656 1
127367 1
124181 1
012743 1
123940 1
163117 1
163112 1
156877 1
123391 1
074823 1
151189 1
087843 1
087754 1
081232 1
016988 1
265828 1
184519 0
064826 1
284956 0
124337 1
184341 0
260844 1
124260 1
064499 1
124162 1
265960 1
266057 1
265901 1
287271 0
064841 1
013006 2
265853 2
265906 1
265858 1
090333 2
087835 2
084935 1
155621 1
156914 2
198885 0
198890 0
092976 1
155257 1
124425 1
152990 1
079186 2
177672 2
005863 0
187053 2
177696 1
001323 1
187072 1
076973 1
267709 1
150737 2
066046 1
167884 1
124616 1
174991 2
196090 0
076974 1
068308 1
123925 1
124428 1
124248 1
124257 1
069203 2
102376 2
177671 2
069248 1
102421 1
152910 1
079221 1
152871 1
131752 1
068337 1
263682 0
082658 2
077286 1
086196 0
082597 2
160995 1
174742 2
124550 1
276135 0
070355 1
103528 1
185092 0
160970 2
288712 1
179932 0
077132 1
276130 0
124130 2
077279 2
263808 0
082809 1
168927 1
066723 1
124548 2
167543 1
082812 1
012958 1
162727 1
064435 1
167547 1
167548 1
124234 1
070356 1
103529 1
082805 2
070389 1
103562 1
124097 1
288721 1
174739 1
174992 2
124135 1
079032 1
168926 1
083131 1
082766 1
083034 2
187882 0
187334 1
183179 1
014829 1
125888 1
288776 0
114068 1
152711 2
109561 2
071373 1
104546 1
123992 1
170382 1
170385 1
187267 0
124427 1
187855 0
099605 1
164101 1
164016 1
077806 0
202794 0
039180 0
009364 1
064920 1
154808 0
170863 0
187262 0
071360 1
104533 1
163792 1
095460 0
071351 1
104524 1
114210 1
152713 1
187328 1
168088 1
193636 1
183611 1
183584 1
169181 0
155665 1
193625 1
170381 1
167593 1
167594 1
077124 2
229773 0
183557 1
124467 1
177912 1
064893 1
167942 1
000594 0
082869 1
017934 0
193621 1
189837 2
065695 1
229847 0
164226 0
167592 1
182336 1
164154 2
164157 0
005038 0
119427 0
060335 0
015059 1
189849 1
126467 0
164115 0
285889 0
064899 1
064839 1
064409 1
076916 1
182414 0
013466 0
176636 1
124470 1
289955 1
076921 1
193637 1
193638 1
176686 1
189838 2
167584 1
289969 1
169673 1
170425 1
170426 1
176649 1
170384 1
067599 1
167602 1
167603 1
170347 1
167582 1
170422 1
064823 1
170349 1
077187 1
167643 1
186853 1
188064 0
188071 0
167641 2
066088 1
018716 2
176984 1
256381 1
176990 1
156540 0
064429 1
176972 1
176981 1
176780 1
176986 1
150759 1
187891 1
176980 1
076961 0
193746 1
176971 1
123736 2
021798 0
124063 1
030649 0
192511 0
188246 0
289802 0
071481 1
104654 1
182363 1
064848 1
066225 1
068895 0
075854 0
071514 1
104687 1
067251 1
071482 1
104655 1
071513 1
104686 1
186852 1
123726 1
123743 1
156898 1
153022 1
086192 1
167805 2
249427 1
167583 1
152127 1
168076 1
175829 1
007938 1
121351 1
167604 1
167605 1
014506 1
064459 1
064460 1
033571 0
285092 1
166962 1
166963 1
252843 1
185055 0
167788 1
175367 1
167685 1
162512 1
267704 2
064455 1
001738 1
189577 1
126335 0
187288 0
170154 0
144269 1
185881 0
178513 1
039138 0
192796 1
156888 1
149428 1
175542 0
149316 1
086184 1
160074 1
187524 0
124487 1
184311 1
130839 1
064878 1
167886 2
066131 2
192545 0
082087 1
167928 1
160046 2
184304 2
167686 1
011048 1
166961 1
168506 0
170337 1
252856 2
267710 2
130800 1
267701 1
285209 1
066166 2
166872 1
223926 0
000415 1
147460 1
227269 0
128439 1
152720 1
066802 1
174621 0
187227 1
150565 1
167509 1
067093 1
196181 0
189530 2
018198 2
066524 1
167525 1
167526 1
276204 1
173343 1
144022 0
177013 1
167000 1
177070 1
130852 1
064785 2
233720 0
021587 0
064924 1
000304 1
130846 1
000298 1
170352 2
001597 1
130899 1
065886 1
130885 1
167590 1
167591 1
016844 1
067099 1
124615 1
015726 1
222775 1
064796 1
066462 1
065865 1
078716 0
112991 1
064860 1
064850 1
167581 1
130835 1
183372 1
000716 0
167585 1
130810 1
151170 1
000359 1
123091 1
130817 1
016864 1
000302 1
130808 1
130836 1
167599 1
167600 1
150624 1
064786 1
139433 0
128151 1
152824 1
016972 1
128430 1
222653 2
152833 1
120333 1
138126 0
017179 1
138140 0
138116 0
016850 1
114249 1
151090 1
222655 2
160565 1
130811 1
015769 1
289368 1
123536 1
167559 1
166302 0
127536 1
000327 1
176393 0
000320 1
064273 1
166063 0
146663 1
139354 0
165632 0
142926 0
016188 1
152851 1
165828 0
130805 1
167579 1
183530 1
165904 0
165919 0
170354 1
170355 1
139325 0
167576 1
167577 1
102079 1
139421 0
284672 0
000354 1
130799 1
174651 0
004041 2
184878 0
123997 1
124010 1
166305 0
047416 0
125177 0
165943 0
086107 0
163056 0
004302 0
130831 1
130739 1
151213 1
130837 1
222923 1
130809 1
127238 1
000391 1
149956 1
130773 1
016858 1
000325 1
168934 1
127879 1
127825 1
133034 1
167596 1
167597 1
130816 1
145836 1
123892 1
164995 1
000323 1
130869 2
000312 1
124466 1
156197 2
120293 1
000360 1
015580 1
017182 0
124438 1
000390 1
016987 0
130807 1
102113 1
102115 1
130806 1
016841 1
154071 1
130639 1
130628 1
130801 1
189184 0
107719 1
151304 2
000322 1
130655 2
129718 1
000783 1
151379 2
148201 1
124422 2
130672 2
130859 1
000356 1
130833 1
148202 2
179268 1
015597 2
130853 2
102074 1
151291 2
151137 2
030552 0
016566 1
145787 0
102155 2
130850 2
102027 2
000431 1
000299 1
222739 1
191253 1
030549 0
128248 0
000435 2
150379 1
076611 1
151133 2
220212 1
000326 1
082974 1
179799 0
156726 0
130843 2
129868 2
129869 2
129874 1
130840 1
130747 1
130818 1
016824 1
016859 1
099971 1
099977 1
130896 1
151124 1
130802 1
178322 2
178332 2
178331 2
177196 1
182908 2
176632 2
176633 2
016803 0
176678 2
013144 1
201558 2
221523 0
007261 0
120808 0
150303 1
124186 1
016546 1
221955 0
150985 1
150087 0
173419 1
152577 0
005757 0
016933 1
017086 1
178458 2
192309 0
182260 2
180230 2
172998 1
017336 1
193533 1
121978 1
178464 1
150658 1
180232 1
150908 1
003165 0
011899 0
000353 1
182189 2
154264 0
152594 0
133118 2
265959 1
000297 1
178107 2
133104 2
015790 1
133098 2
000318 0
133129 2
133173 0
150677 2
128446 0
179479 0
134357 0
221502 0
150323 1
151602 1
192539 0
192544 0
141194 2
275089 0
210816 1
130812 1
266056 0
147305 1
178122 1
141162 2
178101 0
108750 1
155748 0
068019 1
125425 0
210827 2
210842 1
064598 1
187197 0
155747 0
150679 1
150681 2
150690 1
009518 2
121979 2
209843 1
210023 1
210320 1
199396 0
124026 1
255761 0
152047 1
201860 2
199395 0
173426 1
128349 1
173496 1
141224 2
149398 1
141234 2
141210 2
150425 1
012680 0
152057 1
150434 1
015637 1
218213 1
066249 0
199430 0
199339 1
136265 1
005963 1
003641 0
162032 2
188295 0
064590 1
146942 0
197811 0
007401 1
243984 0
124015 1
260818 0
224488 0
152501 0
138805 0
182006 2
260784 0
192469 0
018915 0
155599 1
070966 0
104139 0
149829 1
019973 2
064640 1
089470 1
006838 1
262596 0
152554 0
224441 0
187696 1
064530 1
149400 2
162076 1
252830 0
164120 0
078078 1
064526 1
070104 0
070120 0
103277 0
103293 0
223922 0
133623 1
230067 0
064523 1
224440 0
064520 1
223730 2
180223 1
262631 0
288906 0
230114 0
181990 2
101872 0
112682 0
130544 1
164017 0
016953 1
150720 1
224475 2
187707 1
016963 1
180159 2
016948 0
116106 0
223680 0
066337 1
009392 1
128481 1
276940 0
034372 0
224476 0
284522 1
181960 2
284568 1
284548 2
000418 1
150766 0
064521 1
078073 0
064818 1
064474 1
002230 0
128632 2
149620 1
218734 0
052192 0
180076 0
064588 1
191910 2
133159 0
133099 0
066388 1
123967 0
038782 0
133091 0
066332 1
187317 0
173852 1
014809 0
125909 0
133092 0
125922 0
039099 0
064782 1
196783 0
107878 0
017150 0
012257 0
133187 0
192250 0
127090 1
099255 1
006290 1
098456 1
124455 1
019849 0
257088 0
218222 1
066227 0
137552 2
200283 0
065855 1
076246 1
157242 0
192165 2
229985 0
077876 0
125934 0
030973 0
127383 0
015317 1
125416 1
069987 0
103160 0
042401 0
188423 0
034333 0
065045 1
098458 1
052189 0
124273 0
182587 2
005454 1
120009 1
034327 0
222522 0
227949 0
187802 0
173308 0
127103 0
126709 0
005236 0
119691 0
168181 0
098457 1
149852 0
222529 0
224229 0
040907 0
006114 1
101448 0
127033 0
130847 0
130886 0
130900 0
025691 0
013250 1
257002 1
118773 0
143610 0
157245 0
127041 0
259501 0
137603 2
124142 1
033883 0
149876 0
069917 0
103091 0
127066 0
149860 0
208151 0
211124 0
085881 0
139588 1
017980 0
006451 0
098561 1
098601 1
098608 2
192166 1
182596 1
196906 2
195702 0
196845 1
064599 1
259120 0
003174 0
064557 1
064512 1
009345 1
121815 1
143462 1
241672 1
100873 0
202799 1
241659 1
066137 1
151231 1
064928 2
164663 0
093433 0
187399 1
076316 0
075809 2
070305 1
103478 1
187358 0
195562 2
187695 0
227134 0
201768 0
077354 2
062499 0
184890 0
144431 2
077709 1
064881 1
192274 0
192389 0
221504 1
221525 1
000527 1
064270 0
143297 2
143268 2
268762 0
123650 1
181367 0
287834 0
143300 2
124872 0
076315 0
077221 1
124354 1
064391 1
150212 0
092305 1
136316 0
074949 0
076409 0
151450 1
064863 1
094482 0
124442 1
085013 0
014590 0
082840 1
084994 0
206828 0
082999 1
064900 1
204211 0
000357 0
037104 0
010497 0
115027 2
143200 2
277990 0
066149 1
190044 0
093449 0
059384 0
143197 2
111433 2
066419 1
130821 2
086850 1
190042 0
087004 1
033502 0
000358 1
130830 1
082078 1
124447 1
187379 1
014828 1
125891 1
187508 1
277973 0
074668 0
080223 0
064264 0
124351 1
282202 0
263039 0
189836 1
111434 1
066153 1
124082 1
092310 1
206885 0
124117 1
070303 1
103476 1
000398 1
216467 0
128322 0
111432 2
150214 0
009187 0
121669 0
130813 1
193206 0
010762 1
219338 1
219463 1
124093 1
066122 1
000319 1
082159 1
082847 1
124353 1
124352 1
076133 1
087216 1
111388 2
111773 1
151233 1
064619 1
124191 1
088349 1
143586 0
000308 0
064840 1
088180 1
086683 1
081826 1
232240 0
130564 0
078480 1
130604 0
084024 1
123823 1
088178 1
033495 0
017691 0
124145 2
130870 0
082192 1
107835 0
258324 0
258392 0
112948 1
234952 0
232370 1
091236 0
155432 1
086867 1
087185 0
064485 1
173808 2
076915 2
064390 1
127089 1
187186 0
086368 1
076919 1
199294 0
098296 0
037030 0
109018 0
028764 0
037819 0
067770 1
124614 1
134772 0
029943 0
202144 0
064376 1
018622 0
128691 0
031584 0
124931 0
112831 0
187625 1
005967 0
007186 0
251938 0
201395 0
068659 1
064427 1
124516 1
264611 0
093368 0
109967 0
154635 1
029971 0
199330 0
054262 0
134091 1
037827 0
223600 0
159766 0
276088 0
170877 0
192276 0
143550 0
081171 0
014827 1
125890 1
264658 0
093431 0
082238 1
231898 0
095462 0
064468 1
064347 1
087855 1
086220 0
076086 0
219040 2
065655 1
079404 1
017457 0
129464 0
030620 0
136219 0
082210 2
006698 0
030613 0
036824 0
178580 0
065985 1
238874 0
179398 0
200239 0
221503 0
221524 0
202143 0
167458 0
216832 0
187382 1
181548 0
151952 0
036830 0
158450 0
173809 2
114223 0
002444 0
066145 1
066529 0
078623 0
155338 1
173835 1
082233 1
082212 1
082197 1
066001 1
111105 0
070882 0
104055 0
079197 1
127225 0
028681 0
070870 0
104043 0
028690 0
127134 0
099724 0
196153 0
126882 1
136637 1
124330 1
124397 1
124392 1
127064 0
070788 0
103961 0
127002 0
064908 1
036145 0
192475 1
192224 0
042107 0
068352 0
127371 0
043398 0
099779 0
218837 0
066338 0
092656 0
086749 0
082204 0
124408 1
130079 1
064467 1
030183 0
130074 1
083402 1
125210 0
005768 0
120385 0
169302 0
123700 1
014815 1
125903 1
091884 0
127369 0
067907 0
046644 0
086542 0
125216 0
068481 0
109743 0
097270 0
086503 0
252446 1
187653 1
131189 0
099176 0
257786 0
055962 0
276308 1
083144 0
004701 0
118937 0
109513 0
257787 0
257785 0
021643 0
123878 1
149794 1
086308 0
230960 0
082617 1
067657 0
253422 0
199622 0
193012 0
143910 1
162383 1
044649 0
089707 0
071706 1
104879 1
192476 1
090087 0
288181 0
098418 0
065833 1
049909 0
257563 1
110111 1
287866 0
124768 1
090353 0
066296 1
054313 0
134153 0
124737 0
069549 0
102722 0
192392 0
123968 1
180994 0
117160 0
066223 1
124770 1
126222 0
017231 1
075564 1
287867 0
065288 1
117158 0
147684 0
144572 1
189259 1
110095 1
147688 0
140754 0
126815 0
124395 1
064471 1
258509 0
015592 0
090083 0
090090 0
118906 0
024302 0
070629 0
103802 0
059438 0
065826 0
123555 1
188537 0
070940 0
104113 0
111143 0
051886 0
124812 0
065755 0
175515 1
064683 1
116026 0
067031 0
018804 0
137577 0
130073 1
124424 2
144672 1
175446 2
124432 1
124217 1
124220 1
175445 1
284817 0
124371 2
284825 0
150246 1
143755 1
150247 1
143214 1
195688 0
189258 0
011384 2
099016 1
098558 0
175371 1
146480 0
195900 0
195905 0
195906 0
007842 0
285311 0
177039 2
126981 1
128525 1
098590 0
006314 0
148289 1
102004 0
100528 0
078051 0
128641 1
128669 2
081761 0
128640 0
189591 0
009767 0
122163 0
117379 0
087065 0
101996 0
189194 0
284818 0
284826 0
244762 0
220654 0
184927 0
075164 0
230735 1
177206 0
048692 0
244780 0
187666 0
124255 1
225046 0
065850 1
159566 0
213351 0
012981 0
232724 1
239393 0
124283 1
124957 0
175698 0
188815 1
102048 0
190927 0
065830 1
124349 1
029797 0
195917 0
124013 0
077612 0
099025 1
067817 0
081725 0
218092 0
011345 1
220679 0
000075 0
074702 0
195918 0
217551 0
049956 0
024781 0
177207 0
068459 1
135060 1
079268 0
082120 0
024745 0
250546 0
011314 0
064245 0
183738 0
214832 0
128657 0
117577 1
065907 1
191045 0
155372 0
080625 0
100821 0
187061 0
111095 0
117200 0
112010 0
124390 1
064470 0
182324 0
015729 2
058587 0
084906 0
244343 0
126933 0
250680 0
186569 0
069031 0
120269 0
124433 1
154974 0
075741 1
244750 0
099020 0
176324 1
100173 0
140175 0
005660 0
120272 0
011338 0
257642 0
016873 0
192091 0
070123 1
103296 1
030753 0
124453 0
013765 0
002365 1
187204 0
213360 0
167528 1
167529 1
067412 0
231938 0
159564 0
123978 1
224619 0
029337 0
064768 1
250826 1
129501 0
102015 0
126351 0
077601 0
009870 0
124384 1
024116 0
196270 0
126349 0
074812 0
287737 0
197744 1
007055 1
285754 1
232722 1
099033 1
099032 1
167527 1
099030 1
124360 1
099154 2
135044 1
135042 1
232755 1
135035 1
068467 1
123709 1
177043 1
123418 1
017867 1
129194 1
252665 0
131640 1
131641 1
131643 1
149281 1
131671 1
187963 0
078847 1
232721 1
187935 0
035014 0
018271 1
128914 1
017249 1
129633 1
257210 0
124521 0
115665 2
039348 0
078489 1
201610 0
285753 1
124216 1
124219 1
130160 1
011263 1
122687 1
185380 0
153567 0
151961 1
184877 2
011639 0
003995 0
071001 0
104174 0
064448 1
124205 1
117758 1
127607 1
064904 1
187286 0
033138 0
130720 1
082049 1
161231 0
218259 0
252243 0
134626 1
064723 1
065770 1
236572 0
257220 0
082211 0
161937 0
123883 1
230470 0
155600 1
227685 0
217569 0
161769 0
161770 0
090378 0
147226 0
271237 0
064458 0
014953 1
125782 1
271280 0
050892 0
252244 0
187496 0
064385 0
062082 0
152461 0
235228 0
087881 0
080810 0
230414 0
064917 1
208326 0
036195 0
009026 0
121537 0
064879 1
066466 1
187285 0
123986 1
114995 0
110524 0
209570 0
195152 0
070453 0
103626 0
050886 0
064560 1
203156 1
042567 0
228395 0
177610 1
153010 1
161856 0
079703 0
081305 0
271148 0
009891 1
122237 1
270881 0
252436 1
078317 0
177605 2
117449 0
025305 0
079797 1
031955 0
192651 0
227622 0
064739 1
178412 0
157412 0
092838 0
079841 0
270889 0
271149 0
008458 0
148562 0
236491 0
232764 0
279797 0
283417 0
161227 0
161228 0
211731 0
110491 0
098241 0
069017 1
124504 1
114978 0
079773 1
081323 0
225189 0
193250 0
132183 0
117793 2
269869 0
192198 0
257043 0
257044 0
092907 0
125018 1
161683 0
011641 0
122808 0
157486 0
256964 0
092958 0
168396 0
079770 1
280170 0
086799 0
082918 0
197999 0
089271 0
288454 0
133911 1
006139 0
084475 0
136715 0
194570 1
091710 0
084314 0
117792 1
133163 0
133528 0
017495 1
129432 1
011700 0
122821 0
136240 0
123857 0
133876 0
133917 1
146231 0
064561 1
131900 1
136057 0
122721 0
132823 0
018379 0
128868 0
133449 0
135418 0
161596 2
182514 1
178741 1
136229 0
034252 0
182516 1
012198 0
116165 0
116122 0
015122 0
125621 0
177121 0
136924 0
122720 0
139823 0
004552 0
001057 0
004968 0
064671 1
132583 0
030165 0
230504 1
122701 1
030168 0
016951 0
163928 0
150756 0
011939 0
122872 0
145559 0
135571 0
147469 0
155849 0
010442 0
132245 0
127973 0
151413 0
269823 0
135531 0
146549 0
154133 0
147027 0
093771 0
109215 0
130851 0
086134 0
091919 0
079993 0
094085 0
141567 0
009395 0
234696 0
185928 0
184139 1
187816 0
116372 0
187853 0
157418 0
233012 0
074770 0
149893 0
214103 0
011317 1
122702 1
136167 0
234986 0
184114 1
123582 1
099024 0
130764 0
123947 0
126948 0
147881 0
037129 0
185989 0
086198 1
064744 1
001265 0
061852 0
117736 0
219596 0
118328 0
219602 0
014096 0
000169 0
122206 0
078293 0
013490 0
188612 0
155778 0
015200 0
078264 1
141570 0
124489 0
047562 0
014039 0
100025 0
214197 0
137646 0
010110 1
017126 0
069421 0
102594 0
132125 0
230529 1
130849 0
033315 0
136145 0
009829 0
122207 0
149925 0
082802 1
191464 0
119308 0
124446 0
286608 0
018989 0
200368 0
037810 0
253111 0
219584 0
025037 0
147147 0
115715 0
099121 0
218147 0
122202 0
209461 1
078995 0
155096 1
030636 0
124118 0
160244 1
133806 0
221911 0
152320 0
010195 0
122510 0
285585 0
146248 0
163971 0
124326 1
099017 0
054091 0
116137 0
071048 0
104221 0
024456 0
191481 0
049713 0
113645 0
014320 0
288873 0
288892 0
288943 0
182513 1
108251 0
082798 1
141955 1
065868 0
269602 0
100336 0
189178 0
289051 0
208913 0
035248 0
064363 1
000162 0
049675 0
141920 1
002528 1
223372 0
030668 0
135530 1
100244 0
111418 0
090180 0
030664 0
015119 0
169965 0
152748 0
155845 0
284443 1
157778 0
003660 0
064364 1
123571 1
124333 1
161007 1
179495 0
179459 0
282212 0
129537 0
179488 0
113082 0
192546 0
142300 0
010053 0
122357 0
286264 0
113078 0
179212 1
010078 0
027568 0
068765 0
065831 0
181942 0
027100 0
197442 0
282223 0
278167 0
018016 0
129096 0
002242 0
192169 0
142342 0
138197 0
274008 0
098371 0
027090 0
123352 0
061261 0
026469 0
181276 0
233088 0
151165 0
227855 0
122364 0
284469 0
120321 0
284979 0
167607 1
146588 0
010064 0
122365 0
010087 0
122381 0
122378 0
100682 0
287620 0
287586 0
160023 0
006105 0
099979 0
079581 1
054598 0
133772 1
117105 0
077792 0
256547 0
016954 0
138643 0
220761 0
220765 0
220767 0
130535 0
058645 0
153141 0
122354 0
289223 0
231902 1
122845 1
066192 1
085891 0
187231 0
289224 0
011647 0
122811 0
197451 0
197624 0
269833 0
121783 0
065988 1
082138 0
276232 0
054173 0
004192 0
028377 0
282213 0
277206 0
220729 0
220731 0
167742 0
024468 0
191202 0
088893 0
018637 0
144872 0
017519 0
162781 1
130505 0
014525 0
064824 1
275143 0
065821 0
145160 0
134733 1
256572 0
014418 0
196509 0
026492 0
010949 0
252425 0
064528 1
178141 0
068606 0
127601 0
077375 0
034929 0
128333 0
034055 0
233105 0
002731 0
262316 0
068908 0
089097 0
029524 0
121782 0
188467 0
192598 0
068984 0
056666 0
151362 0
176882 2
000010 0
252770 0
069229 1
102402 1
012028 0
142809 0
041628 0
214717 0
252448 0
257383 0
147029 0
188482 0
089066 0
020797 0
069194 0
102367 0
074572 0
006178 0
278140 0
024478 0
205619 0
018429 0
128811 0
187264 0
219928 0
082292 0
086510 0
285674 0
064687 1
077535 0
187234 0
136210 0
199215 0
210130 0
197762 0
017870 0
129192 0
124141 1
265028 0
171314 0
020783 0
172408 0
197619 0
178296 0
056638 0
150025 0
068921 0
276006 0
077472 0
196497 0
049352 0
196357 0
161169 0
257594 0
136192 0
063441 0
199060 0
162747 0
278825 0
278836 0
278841 0
000024 0
161846 0
089115 0
009907 0
136096 0
014507 0
270232 0
086470 0
188636 0
066430 0
178143 0
167696 2
056307 0
223066 0
161091 0
082130 0
222142 1
098675 0
161132 0
128449 0
222956 1
180588 0
042669 0
196465 0
017012 0
036617 0
196535 0
231893 0
223096 1
221860 0
223002 2
222187 2
122847 0
122703 0
122704 0
083163 0
000620 0
011799 0
122849 0
175614 0
131774 2
079139 1
017807 1
129251 1
078334 1
161174 1
133360 2
136119 1
098522 0
108469 0
133363 1
232775 1
191860 1
161219 1
286968 0
098414 0
087336 0
101429 0
186212 2
058516 0
093367 0
126416 0
094431 0
122706 0
133350 0
180644 0
212906 0
212907 0
158216 0
002485 0
066231 1
165459 0
015362 1
125372 1
239974 0
030212 0
154574 0
108361 0
131770 0
117459 0
026789 0
133352 0
173327 0
251351 0
128880 0
092126 0
161182 1
187207 0
184594 0
216128 0
202007 0
034162 0
183593 0
096574 0
189322 0
156806 0
156810 0
289772 0
051757 0
183591 0
191882 1
018767 0
263213 0
209018 0
126544 0
179803 0
110899 0
110903 0
064615 1
123086 2
014522 0
221377 0
060406 0
187384 0
213217 0
123088 2
124102 0
090390 0
123491 0
212807 0
236547 0
126504 0
021186 0
066238 0
259235 0
126179 1
195857 0
004284 0
146255 0
154575 0
066656 0
071762 0
071868 0
104935 0
105041 0
030228 0
128865 0
135114 0
128635 0
180773 0
179472 1
155438 0
126415 0
268329 0
112824 0
023729 0
090273 0
058550 0
002142 0
128815 0
128844 0
284787 1
129853 0
235032 1
267252 0
092254 0
194441 0
158671 0
172964 0
123661 1
051696 0
210121 0
058056 0
063675 0
007765 0
121190 0
199768 0
068031 1
202319 0
269025 0
156844 0
215899 0
092240 0
092251 0
239990 0
146621 0
017828 0
100075 0
286971 0
130841 1
086733 0
289738 0
289434 0
128153 0
038014 0
003665 0
192470 0
079229 1
180990 0
226162 1
075042 1
173155 0
099206 0
285538 0
136179 0
187203 0
137130 0
167858 0
128881 0
127917 0
101258 0
090141 0
081605 0
126644 0
127424 0
078444 0
049842 0
283657 0
102119 0
134957 0
066218 1
217685 0
123417 0
218247 0
017363 1
126198 0
050033 0
050040 0
050047 0
127440 0
052164 0
017036 0
203973 0
011068 0
126419 0
124773 0
114461 1
152362 1
067267 0
187908 0
000630 0
218509 0
192543 0
118010 0
194976 0
061282 0
180984 0
021677 0
114479 1
134948 0
059282 0
000331 1
202425 0
221260 0
078023 0
000882 0
059297 0
223456 0
017068 0
108281 0
108407 0
193131 0
193147 0
186113 0
126424 0
258323 0
027179 0
003896 0
119683 0
210679 0
124345 0
144567 0
124458 0
043564 0
150451 0
124468 1
146632 0
253828 0
124610 0
213014 0
146859 0
086458 0
124501 0
127849 0
065905 1
036728 0
123414 0
114478 1
114496 1
067995 1
130814 1
152364 0
126721 1
079176 1
066345 1
152368 0
269710 1
222763 1
222718 1
235069 1
065906 1
154508 2
225133 0
166871 1
154510 1
018739 0
080673 0
081952 0
080505 0
221400 0
080677 0
221413 0
081955 0
243548 1
065890 0
161173 1
094429 0
081737 0
274017 1
002211 0
287863 0
266735 1
067683 0
081870 0
080521 0
080504 0
232773 1
081521 0
116660 0
087496 0
243565 0
083384 0
129515 0
266738 1
082418 0
116662 0
183162 1
082762 0
018023 0
082588 0
090623 0
252983 0
123057 0
192712 0
231935 0
193115 0
065892 0
274018 1
066580 1
267865 0
030976 0
116658 0
080690 0
224461 0
081528 0
078435 0
075313 0
082194 0
098279 0
192910 0
190454 0
289169 0
128959 0
114256 0
259583 0
018266 0
128923 0
087513 0
082587 0
017520 0
008741 1
222139 0
128613 0
192354 1
093131 0
138824 0
101457 0
091976 0
188392 0
018351 0
087500 0
166561 0
166562 0
082487 0
064419 0
270061 0
126443 0
087161 0
224462 0
077880 0
183066 0
183157 0
183177 0
156068 0
113387 0
242755 0
030778 0
283786 1
227944 0
146944 0
176278 1
200235 0
075405 0
099981 0
117210 0
038568 0
091908 0
123048 0
091278 0
183020 1
191990 0
090597 0
076411 0
149955 0
123882 0
126929 0
065876 1
175773 0
071169 1
104342 1
042710 0
182356 0
166556 0
029526 0
093006 0
279871 0
075717 0
161537 0
161540 0
099777 0
090621 0
153512 0
041653 0
123987 0
014172 0
130043 0
121631 0
081531 0
099633 0
015289 1
125446 1
015725 1
127847 0
061728 0
236487 0
135961 0
080501 0
051518 0
226072 0
154462 0
082545 0
192788 0
060677 0
126127 0
269660 0
101890 0
282034 0
018911 0
013219 0
039583 0
253123 0
098142 0
074962 0
041684 0
126483 0
136317 0
252114 0
036198 0
100265 0
223258 0
160890 0
225962 0
147129 0
200386 0
069329 0
102502 0
157267 0
113418 0
064827 1
226520 0
066150 1
149923 0
285864 1
254128 0
255999 0
256814 0
124557 0
188699 0
137034 0
221903 0
127708 0
128472 0
019699 0
241198 0
162242 0
255825 0
255409 0
242700 0
191991 0
005027 0
119410 0
140834 0
137966 0
038818 0
200232 1
131944 0
014379 0
034390 0
180986 0
287283 0
055476 0
126931 0
123777 0
029469 0
093112 0
253112 0
136139 0
081869 0
018108 0
129480 0
016272 0
006212 0
066146 0
079445 0
193382 0
051379 0
282155 0
049024 0
274601 0
082534 0
016540 0
187605 1
081873 0
192269 1
159778 1
082536 0
144398 0
037098 0
188309 0
265823 0
183185 1
059467 0
082589 0
192207 0
130717 0
282081 0
015082 2
144161 0
192101 0
083820 0
147075 0
153589 0
097236 0
118433 0
006661 0
126218 0
284788 0
225187 0
090560 0
210433 0
290024 0
159791 0
125456 0
125466 0
125655 1
071231 0
104404 0
285712 0
280050 0
259594 0
262991 0
234025 0
288453 0
284671 0
240492 0
240584 0
131408 1
276685 0
144120 0
144149 0
284676 0
271951 0
066082 0
255357 0
254143 0
271944 0
066083 1
144162 0
271942 0
265376 0
271344 0
261357 0
266427 0
152583 0
286973 0
100214 0
167408 1
240618 0
287807 0
079690 0
079722 0
007552 0
121037 0
261369 0
182565 0
150013 0
131406 1
102125 0
267332 0
069983 1
103156 1
257547 0
263249 0
283733 0
019025 0
212447 0
235872 0
267564 0
270832 0
193844 0
193845 0
223993 0
018124 0
129026 0
265095 0
194253 0
201609 0
257281 0
086199 0
135445 0
085422 0
152054 0
157585 0
157590 0
287315 0
190733 0
257335 0
004812 0
265947 0
065715 1
283735 0
224439 0
050471 0
265364 0
099170 0
164198 0
177706 0
190641 0
086049 0
156265 1
066048 0
211025 0
066076 0
018778 0
194313 0
072600 0
105773 0
000544 0
238868 0
275274 0
123924 0
164182 0
018562 0
024902 0
131487 0
094878 0
232627 0
164756 0
177687 0
082205 0
071007 0
104180 0
099156 0
087546 0
184484 0
098056 0
266439 0
016200 0
161996 0
077699 0
121973 0
