015550 2
256745 2
229282 2
237717 1
261321 1
136599 2
136280 2
261323 1
261316 1
261985 2
279149 2
265002 1
237720 1
181705 1
265000 1
181708 1
279138 2
181750 1
181748 1
141250 2
141247 2
141246 2
141136 2
181844 1
141135 2
145670 1
211729 1
142319 1
211747 1
163047 1
189986 2
147481 1
184504 2
165852 1
279102 2
136730 2
279100 1
224835 1
151509 2
225696 1
142237 1
136649 1
177035 0
225698 1
136642 1
189857 1
151525 1
225702 1
151484 1
149124 1
135806 1
133573 1
157225 1
135692 1
197801 1
135686 2
197807 1
003780 2
180000 1
115260 2
124314 0
197766 1
239891 1
141752 1
141183 0
142330 1
142325 1
182204 2
141663 1
220310 2
218031 0
182663 2
013309 1
077162 2
207260 0
070775 2
103948 2
016620 2
070591 2
103763 2
079924 2
083004 2
013738 2
070852 2
104025 2
093487 2
190344 1
190337 1
070599 2
103772 2
115251 2
083008 2
095839 2
008965 2
083022 2
077177 2
092708 2
190437 1
190432 2
093036 2
097977 2
093244 2
083044 2
067073 1
126685 2
095838 2
225567 1
067114 2
092705 2
002420 1
150316 1
097951 2
093238 2
093245 1
150344 1
150104 1
190517 1
150102 1
183526 1
196162 1
176659 1
179913 1
176596 2
126648 2
085214 2
173126 1
176629 1
152523 1
067177 2
159780 2
176602 1
085220 1
195543 2
154870 1
196969 2
190623 1
192637 2
000937 2
222114 1
191574 2
085215 1
087837 2
002983 2
176758 1
146972 1
154742 1
084902 1
176769 1
176770 1
232886 1
153089 2
002421 0
001528 2
222425 1
002496 0
162873 0
016457 2
255471 2
153042 2
151074 1
156034 1
171394 1
196967 1
155555 1
155556 1
131480 2
199539 1
016535 1
199647 1
014177 2
170988 2
196838 1
235767 1
155452 1
199007 1
199034 1
153048 1
199016 1
155981 1
199005 1
176787 1
130184 2
148675 1
176946 1
013648 2
176951 1
156377 1
222048 1
087737 0
264906 2
252112 1
265061 2
159781 0
159219 2
065410 2
145337 1
153092 1
153176 2
153097 1
191464 2
183977 2
264381 1
264471 1
183565 1
191481 2
191652 2
130374 1
019394 0
001111 1
163705 2
202462 2
222049 1
195538 2
184974 1
191490 1
150080 1
255391 2
195535 2
158305 1
014584 2
197060 1
265060 2
190482 1
192646 2
265218 1
189381 1
190510 1
192639 2
188673 1
162050 1
158638 1
131249 2
190511 1
190492 1
189382 1
188663 1
188662 1
255290 2
200812 1
288894 1
288946 1
157383 1
279061 1
242264 0
242266 0
156624 1
169026 0
155917 0
259898 1
155623 2
147385 1
159233 1
190819 1
018537 0
192189 2
164782 2
259909 1
145705 1
169012 1
193141 2
008552 2
252700 1
185093 1
169151 1
015236 0
185143 1
147384 1
002672 1
014530 1
014462 2
148134 1
156613 2
158236 1
167069 1
000537 1
157943 1
181930 1
016699 1
254551 1
001559 2
151946 0
147495 1
157978 1
002694 2
174882 1
159744 2
159745 2
155534 2
258385 2
136353 2
225555 0
225556 0
153570 0
154719 0
157982 1
152446 1
154129 2
211493 1
176765 1
190416 2
194309 1
004558 1
159758 2
194306 1
258341 1
159920 2
159921 2
160464 2
016628 2
181479 1
130154 1
176303 0
255463 1
176184 0
152438 1
202452 0
163163 2
163104 2
156565 1
242140 1
176214 0
010435 1
170817 2
177332 2
134023 1
190294 2
044638 2
009625 0
016710 1
001530 1
160744 2
160745 2
190302 2
002124 1
220096 2
220105 2
156612 2
161271 1
145655 1
009195 0
001565 2
217698 1
217871 2
217877 2
220711 2
220716 2
218693 2
190568 2
190702 2
142411 1
190911 2
192628 2
161164 1
134013 1
157143 2
170835 1
248737 0
248073 0
224581 1
134021 1
179648 2
231765 1
228038 1
014543 2
231685 1
221966 0
231684 1
157151 1
153782 1
000952 0
210828 1
234265 1
175741 1
154560 1
247941 0
045407 0
153138 2
013665 2
160848 0
160932 0
160933 0
183937 1
195548 0
190560 2
246455 0
037750 1
163107 0
163239 0
252287 1
235220 2
255937 0
138310 2
255354 0
157104 1
231614 2
183933 1
140620 1
157137 1
008506 1
156553 1
154542 1
235264 1
235505 1
158874 1
232131 1
227794 1
037650 1
220259 2
236017 1
240349 1
150928 1
002813 2
131208 1
136337 0
117689 0
134010 1
014058 1
288988 1
261386 1
215314 1
136518 1
144073 1
263543 2
037660 1
255433 2
153828 2
148120 0
155931 2
260060 0
175738 0
255403 0
177133 0
215724 0
024366 0
261396 2
134263 1
282297 0
278634 0
016593 0
134184 1
134292 1
146563 1
016926 1
234956 0
288934 1
000143 1
131991 0
227680 1
159008 0
159023 2
159020 0
138242 0
236268 0
235729 0
142874 1
190561 1
184004 2
000921 0
223910 1
123629 0
137542 0
154696 0
223900 1
223909 1
177153 1
019042 2
179127 1
159436 1
208227 0
007207 0
120767 0
233212 1
194911 1
232158 1
254552 0
227798 2
132649 1
226396 0
145400 1
234084 0
061119 0
145398 1
190563 0
237611 0
231467 1
195018 1
227557 1
150986 1
234088 0
095419 0
136911 1
182699 1
238110 0
234075 0
191557 2
202662 1
260057 0
202687 1
185746 1
182728 1
194990 1
195033 1
182729 1
220181 0
182764 1
164374 0
001560 2
164360 0
156954 2
254438 1
152259 0
185745 1
220292 1
202723 1
244301 1
133139 2
158605 1
219371 1
163518 1
227906 0
261328 1
182492 0
195210 1
182112 1
182499 0
212841 0
265548 0
202679 1
158603 1
259247 1
182703 0
000834 0
186747 1
265808 1
176819 0
265549 0
156953 2
196901 0
182104 1
160182 0
227749 0
147631 2
265844 1
164302 0
212809 0
195726 1
195728 1
195737 1
195739 1
195803 1
195806 1
195815 1
195817 1
195830 1
195870 1
195933 1
142247 1
250421 0
132444 1
101618 0
186746 1
261414 1
002194 2
195224 1
195932 0
259215 0
195580 1
195770 1
259214 0
155289 1
194394 0
164028 1
164217 1
164213 1
195816 0
195829 0
059205 0
002317 0
198598 1
005924 0
222205 1
059224 0
059240 0
141832 0
147074 1
203376 1
195872 0
195223 1
136790 1
198608 1
195814 0
147063 1
201649 0
101156 0
220111 1
136794 1
195805 0
192204 0
115275 0
195802 0
207402 2
190235 1
087834 0
185748 0
155869 1
228686 0
115230 0
140853 1
085428 0
221767 0
179722 0
179911 0
179912 0
094124 0
033839 0
053447 0
085472 0
085517 0
195744 0
093936 0
253215 0
009758 0
200637 1
284521 0
200642 0
157218 0
033953 0
028542 0
011620 0
122801 0
153040 1
206115 1
141190 1
192117 0
259495 1
244978 0
230829 0
140179 0
214147 0
170247 1
203000 0
179981 1
179986 1
136436 1
170238 1
230749 0
221696 0
179649 0
179331 1
152908 1
136442 1
014213 1
231564 0
016671 0
179982 1
189061 0
202750 0
139776 0
000432 0
153839 0
017557 0
139845 0
161283 0
230738 0
276527 0
255308 0
093342 0
237386 1
221536 0
255161 0
255162 0
183987 0
202999 0
195547 0
013298 0
145387 0
146509 0
194818 0
233308 0
136444 1
221919 0
221925 0
230739 0
231513 0
000510 0
252176 1
191669 2
194694 0
230307 0
191719 0
125163 0
139621 0
199416 0
140899 0
093426 0
255475 0
232890 0
143006 1
030390 0
184751 0
013987 1
184218 0
144585 0
195546 0
156610 0
140895 0
255476 0
146353 1
010650 1
143186 0
170010 0
170042 0
019508 0
202483 2
142971 0
205653 0
165744 0
170089 0
143173 0
170143 0
179406 1
111703 0
279098 0
168591 0
085959 0
170611 0
286723 0
163428 1
030033 0
286724 0
170699 0
028917 0
064250 0
170742 0
156617 2
159821 0
132575 1
179106 0
134451 0
242013 0
154280 0
154279 0
058476 1
191582 0
034449 0
034450 0
176264 0
286325 0
028883 0
228773 0
058519 1
154287 0
154241 0
068096 0
017553 0
121900 0
013124 0
189020 0
157771 0
286766 0
154455 0
176083 0
179120 0
219342 0
168749 1
145214 0
148366 0
145216 0
152792 0
134681 0
186752 0
158540 0
127671 0
053290 0
011485 0
151377 0
064249 0
148442 0
145594 0
126057 0
158537 0
018982 0
179121 0
038148 0
015261 0
125475 0
207237 0
207281 0
012550 0
123000 0
154452 0
151368 0
209950 2
155185 0
156608 0
000951 0
268879 0
219733 2
002051 0
234242 0
257739 0
277160 0
277163 0
255682 0
144959 0
008802 0
161441 2
277155 0
171994 0
219734 2
133846 0
156607 0
228654 0
168800 0
168803 0
139313 0
268869 0
240380 0
175759 0
257790 0
257789 0
240375 0
199994 0
009942 0
238606 0
135149 0
267083 0
037371 0
135104 2
191869 0
101005 0
196226 0
133844 0
156760 0
002257 0
168757 0
168758 0
185972 0
049272 0
182413 2
008659 0
064701 0
190854 0
154376 0
089472 0
027160 0
020125 0
050286 0
267006 0
089471 0
050259 0
002787 0
123530 0
161712 0
158299 0
067406 0
014211 0
149930 0
014198 0
198203 0
263733 0
168957 0
063480 0
180065 0
157814 0
029411 0
257839 0
235753 0
161862 0
220253 0
135097 0
140251 0
246892 0
156900 0
177066 0
100952 0
207666 0
271364 0
185984 0
066656 0
071762 0
071868 0
104935 0
105041 0
237318 0
089502 0
219713 0
219711 0
219709 0
161445 0
161446 0
061132 0
147811 1
002712 0
079594 0
157224 0
197330 0
160458 0
007459 0
011481 0
122749 0
051284 0
035524 0
286472 0
004944 0
050011 0
136572 0
022756 0
012710 0
157562 0
125035 0
209635 0
169172 0
125019 0
053404 0
128197 0
010640 0
130087 1
001504 1
268346 0
263908 1
221873 0
124101 0
185101 0
153071 0
226101 0
050003 0
143977 0
153016 0
156533 0
142491 0
166678 0
192571 0
289357 0
079611 0
128998 0
163233 0
015360 0
045464 0
156535 0
146695 0
228714 0
263954 1
160617 0
136327 0
278984 0
161198 1
289766 0
026732 0
053302 0
147660 0
151308 0
275317 0
133172 0
197340 0
289264 0
233371 0
190562 0
001926 0
031820 0
143976 0
001472 1
070727 0
103900 0
231566 0
220320 0
232036 0
018304 0
128899 0
053846 0
227207 0
003786 0
026737 0
051874 0
001895 0
197080 0
153072 0
227213 0
223709 0
233729 0
020040 0
227221 0
036486 0
196063 0
223707 0
231892 0
142450 0
231901 0
005181 0
119623 0
000908 0
001419 0
009122 0
195549 0
185672 0
260056 0
087179 0
194116 0
185744 0
125006 0
177032 0
141184 0
123158 0
011767 0
122836 0
122838 0
053443 0
000745 0
196693 0
196698 0
011773 0
122839 0
194161 0
089328 0
238435 0
157878 0
122733 0
122734 0
161708 0
127604 0
194610 0
185483 0
014876 0
087416 0
260103 0
185537 0
123154 0
126558 0
194606 0
155198 0
185510 0
150521 0
123640 0
015395 0
279099 0
139020 0
147871 0
122830 0
263139 0
276970 0
140282 0
123644 0
155533 0
121886 0
227141 0
125504 0
233440 0
014707 0
198482 0
277224 0
230394 1
088203 0
241740 0
030180 0
219344 1
011786 0
034729 0
109120 0
241739 0
153148 0
227986 0
130969 0
168440 0
176820 0
233788 0
161783 0
155789 0
155790 0
017401 0
007589 0
121070 0
009048 0
190674 0
195831 0
109500 0
001488 0
184729 0
031949 0
029813 0
031946 0
146415 0
011741 0
223557 0
242617 0
241738 0
218589 0
235968 0
029831 0
139664 0
110247 0
096690 0
221960 0
240663 0
149148 0
194068 0
007867 0
121288 0
096707 0
251044 0
155934 0
197358 0
000204 1
042009 0
203337 0
002593 0
230413 1
230393 1
227828 0
230321 0
230293 0
259933 0
260053 0
259939 0
202422 0
279963 0
095414 0
274946 0
080312 0
082702 0
258895 0
202657 0
264623 0
261908 0
123161 0
177036 0
171397 0
017858 0
217762 0
269578 0
081318 0
017436 0
101416 0
237301 0
068129 0
122352 0
261928 0
238065 0
079569 0
019766 0
062465 0
020514 0
018371 0
061738 0
179385 0
181084 0
264626 0
