088377 0
002679 1
001444 1
065960 0
199789 0
079430 0
086851 0
091798 0
133642 1
086698 0
133632 1
133668 1
158089 0
157973 0
182014 0
154119 0
148993 0
157848 0
161340 0
137420 0
137421 0
085755 0
132050 1
080703 0
002777 0
133774 1
080769 0
133703 2
133702 2
133770 1
133709 2
133707 2
132010 1
133729 1
133730 1
133331 2
133723 1
132008 1
133302 2
133299 2
133297 2
133119 2
133612 1
133100 2
133093 2
133088 2
133188 2
133611 1
133171 2
133610 2
132046 1
133959 0
133866 0
147739 0
001458 2
131953 2
132135 2
163967 0
133427 1
132136 1
133941 2
134001 0
133675 2
132839 1
002855 1
133015 0
132830 1
133664 2
132080 1
133598 1
133365 1
133684 1
140098 0
097530 0
009742 1
122139 1
134952 0
001580 1
132019 1
122129 1
122110 1
122059 1
132017 1
133358 2
132020 1
007099 0
007046 0
001109 1
117943 0
110527 0
117555 0
011838 0
110599 0
007436 0
131954 2
132922 0
132952 1
133665 2
133951 2
133389 0
130164 0
133663 2
132938 1
144541 0
099179 0
147895 0
130169 0
131683 0
131975 2
009594 0
134305 0
133649 2
132910 1
131988 2
132955 0
131970 1
132052 1
132865 2
181971 0
158866 0
132860 2
169288 0
145240 0
134330 0
133480 1
002488 0
123874 0
134343 0
132182 2
133746 1
132203 2
133312 0
142036 0
142078 0
138824 0
141143 0
140777 0
130669 0
142046 0
133309 0
134003 0
139214 0
136733 0
141906 0
130750 0
109787 0
145734 0
181041 0
132646 0
145426 0
144352 0
001459 0
131631 0
131613 0
131615 0
131623 0
133721 1
093071 0
131605 0
133661 1
131625 0
131640 0
131641 0
132898 2
133669 2
131628 0
131627 0
003102 0
131675 0
132396 0
183839 0
132039 2
258326 0
079272 0
100266 0
132021 2
132825 1
132824 1
132807 1
132805 2
132803 2
133581 2
261782 0
112385 0
138037 0
001445 1
188534 0
133891 0
094074 0
130320 0
001887 0
128652 0
261991 0
261760 0
094081 0
133735 2
017268 1
128571 1
128620 1
128622 1
128653 1
128655 1
128659 1
007044 0
102019 0
137993 0
005188 0
139093 0
134076 2
102051 0
179120 0
179121 0
133621 2
099196 0
135126 0
179106 1
134915 0
043358 0
115341 0
134005 1
108975 0
133200 1
101081 0
132751 1
178071 0
003340 0
066977 0
178066 0
132858 1
110963 0
115354 0
141911 0
132685 1
132670 1
132666 2
133195 1
133585 2
133853 2
133874 2
133871 1
133138 0
127977 0
138307 0
134275 1
112595 0
133044 0
258190 0
258204 0
112622 0
142314 0
156534 0
133283 0
098692 0
138297 0
002845 0
150008 0
138298 0
133737 0
138456 0
107706 0
140288 0
138300 0
133652 0
043123 0
003628 0
137070 0
130385 0
130393 0
133829 1
193105 0
017629 1
129357 1
271623 0
193112 0
109011 0
134449 0
122131 0
122021 0
271581 0
133841 1
122013 0
009735 0
122132 0
193133 0
002717 0
071066 0
104239 0
159142 0
092448 0
146884 0
133674 0
002772 2
091636 0
141756 0
130695 0
137780 0
002770 0
137778 0
092764 0
284756 0
010253 0
122580 0
129405 1
129429 0
010357 0
127799 1
127896 0
123034 1
111657 0
109530 0
133339 0
154653 0
017246 0
111595 0
094064 0
094065 0
181910 0
181900 0
133901 0
111579 0
108586 0
108996 0
133131 0
133915 0
133348 1
158368 0
132446 0
111224 0
017250 0
133899 0
108519 0
132037 0
132082 0
009029 0
121539 0
012491 0
132606 0
132503 0
231377 0
130412 0
128658 0
108625 0
128654 0
123037 0
133582 1
001242 1
124121 0
001062 1
091686 0
133869 0
274731 0
124087 0
000634 0
179502 0
124122 0
133432 0
146481 0
091693 0
094454 0
133376 0
132176 0
108060 0
133753 0
131729 0
241758 0
133472 0
132171 0
092622 0
002364 0
127107 0
132177 0
234370 0
160375 0
179177 0
180609 0
098962 0
175700 0
181051 0
148183 0
002894 0
284346 0
006188 0
133344 0
132108 0
001744 0
003066 0
133559 0
118751 0
161824 0
082652 0
112546 0
133347 0
