084219 1
051271 0
051255 0
084287 2
075414 2
075418 2
075513 2
075309 2
075505 2
075311 2
075511 2
075500 2
075517 2
083135 1
074954 2
074947 2
075503 2
075415 2
075593 2
075417 2
083171 2
083173 2
115253 1
082459 2
078188 2
084125 2
075159 2
082031 2
078234 2
082490 2
075161 2
077600 2
079218 2
092037 1
080394 2
081589 2
077606 2
081650 2
091397 1
084327 1
083111 2
051488 2
082743 2
083965 2
079363 2
051379 1
082757 2
083968 2
079364 2
083179 2
082822 2
079223 2
084307 1
115400 2
079200 2
082829 2
079172 2
079188 2
082828 2
083958 2
078144 2
083753 2
078080 2
083896 2
082884 2
078104 2
078085 2
083906 2
078442 2
083953 2
083943 2
115355 1
084202 2
079145 2
083059 1
078452 2
051528 2
079641 2
044367 2
078440 2
083019 1
084080 2
113836 2
084248 2
079288 2
079167 2
082091 2
084152 2
114464 1
113800 2
078445 2
083693 2
083746 2
082887 1
083698 2
079291 2
075051 2
084155 2
084090 2
084191 2
084157 2
084416 2
084381 1
075608 2
083537 1
083739 2
082096 1
084336 2
084271 2
082071 2
083999 2
084183 2
083786 2
082063 2
081701 2
084292 2
083530 2
083811 2
114640 1
051368 2
084096 1
083723 2
043889 2
081754 2
115394 2
084098 2
081721 2
114483 1
051500 2
075501 2
084116 2
075518 2
075906 2
137680 1
081027 2
044115 2
081648 2
082615 1
051251 2
044080 2
074869 2
083563 2
114647 1
043943 2
114894 2
043963 2
044072 2
084045 2
081674 2
051503 2
044074 2
084073 2
084322 2
114932 2
083559 2
044166 2
044075 2
044100 2
084031 2
083884 2
114413 2
083988 2
083887 2
114873 2
083053 2
081897 2
051194 2
082627 1
084469 1
082144 2
084472 2
079325 2
083119 1
114487 2
044028 2
082124 2
084439 1
114603 2
044258 2
114467 2
083168 1
114908 2
082075 2
045040 2
043991 2
081901 2
082077 2
081903 2
084317 2
081922 2
043879 2
044255 2
051068 2
114972 1
084475 2
044339 2
078630 2
078659 2
084005 1
084474 2
115347 1
044832 2
044773 2
043927 2
044850 2
045120 2
084413 1
044221 2
115445 1
081229 2
045144 2
075472 2
081890 2
043965 2
051079 2
277006 1
074528 2
074557 2
081615 2
078259 2
045205 2
044193 2
083479 2
075561 2
084477 1
084216 2
080884 2
112097 2
084255 2
084104 2
269649 1
081720 2
078285 2
276904 1
084110 2
269586 1
080867 2
269658 1
115039 1
083497 2
115034 1
081748 2
084384 2
079670 2
084335 2
083977 2
079970 2
081685 2
075325 2
181231 1
043937 2
081637 2
081482 2
083962 2
084457 2
078098 2
081814 2
210897 1
084345 2
114989 1
115322 2
078128 2
083975 2
078823 2
270009 1
270015 1
210962 1
043929 2
181262 1
211015 1
211014 1
083444 2
115343 2
079837 2
078164 2
219889 1
081506 2
051412 2
114414 2
079793 2
025548 0
083432 2
084113 1
081728 2
078252 2
219891 1
075315 2
080019 2
084232 2
081778 2
114982 2
051150 2
270013 1
084283 2
084211 2
115430 0
114436 2
084100 2
114556 2
044108 2
043864 2
051073 2
223506 1
084117 2
051397 2
114570 2
270014 1
114465 2
083699 2
015108 2
181198 1
084348 2
114484 2
279827 1
084479 2
114258 1
223511 1
181139 0
077703 2
084331 2
271840 1
084175 2
082080 2
051431 2
084696 1
051078 2
079341 2
084153 2
180630 1
051395 2
114295 1
051143 2
075186 2
084339 2
074907 2
079129 2
044023 2
082764 2
082779 2
083694 2
084154 2
082073 2
081907 2
082769 2
084226 2
083071 1
081911 2
078458 2
044238 2
044218 2
050832 1
051074 2
079360 2
051557 2
271898 1
050972 2
136354 1
082099 2
084097 2
114848 2
114852 2
082093 2
082651 1
084304 2
051187 2
078093 2
084178 2
081709 2
084083 2
084617 1
079644 2
075137 2
084318 2
081807 2
083578 1
114523 1
051218 2
083969 2
084131 2
115508 1
083931 2
083932 2
084306 2
136059 1
084197 2
084265 2
079642 2
082577 2
269640 1
084038 2
084085 2
084043 2
075120 2
084147 2
080366 2
078043 2
074721 2
084775 1
084075 2
084106 2
044194 2
084118 2
084267 2
084583 2
108045 1
137440 0
082614 2
043966 2
115629 1
083961 2
082089 0
084213 2
084596 2
044184 2
080424 2
075191 2
115136 2
081963 2
007106 2
120705 2
051210 2
082088 0
084109 2
084111 2
084149 1
082629 1
084053 2
276891 1
083990 2
220514 1
083305 1
083700 1
084052 2
113971 2
081889 2
120692 2
084360 2
051069 2
276748 0
084387 2
082002 2
220004 1
115446 1
078049 2
280412 0
084017 2
083027 1
084006 2
128261 0
220007 1
044106 2
180323 1
115280 2
084206 2
083955 2
084249 2
180277 1
115703 1
084101 2
211776 1
277015 1
084042 2
083029 2
084074 1
062670 2
128267 0
114990 2
084805 2
081896 2
080426 2
078303 2
083037 2
081698 2
081768 2
081794 2
180268 1
051202 2
051107 2
051207 2
084231 2
114961 2
115113 2
115674 1
029062 0
083996 1
084128 1
084076 2
115121 2
114987 2
083957 2
084047 2
084718 0
084112 2
114786 1
084383 2
084011 1
088340 0
115497 1
115676 1
084062 2
271101 1
277028 1
075143 2
083940 2
114648 1
186597 1
084103 2
271153 1
186599 1
075464 2
082964 2
114007 2
083039 2
115435 2
084308 2
081713 2
114009 2
165339 0
180635 1
083686 2
154470 0
084243 2
083844 2
084091 2
045204 2
084217 2
084069 2
083207 2
083161 2
084250 2
089290 1
051439 2
057277 0
057278 0
057279 0
045143 2
115104 1
114342 2
057616 0
078247 2
047416 0
083702 2
084081 2
184968 1
280733 0
055782 0
115069 2
138478 0
115088 1
089147 1
185592 1
083162 2
051094 1
165383 0
280411 0
044186 2
002361 1
083945 2
084120 2
043964 2
179693 1
179703 1
179961 1
179963 1
179999 1
180033 1
089165 1
185588 1
185585 1
051193 1
185561 1
113997 2
051206 1
051195 1
185578 1
180626 1
113986 2
184837 1
180299 1
051217 2
089197 1
115132 2
083701 2
051192 1
089249 1
051213 1
089248 1
180614 1
114023 1
051198 1
083684 2
114018 2
080217 2
051186 1
083836 2
083164 2
084759 2
098271 1
114003 2
082029 2
051209 1
051059 1
114673 1
083159 2
180595 1
051204 1
082969 1
115129 0
180592 1
079774 0
051199 1
184499 1
053073 0
051112 1
051197 1
084252 2
084377 2
114343 2
081933 2
051216 1
115434 0
227351 0
051201 1
084281 2
115518 2
084691 2
051166 0
143111 0
050849 1
114703 2
084365 2
051189 1
051200 1
051221 1
051211 1
051203 1
051215 1
051092 1
051081 1
114738 2
051191 1
051123 1
051208 1
051223 1
051205 1
051219 1
080236 2
084754 2
187031 1
051175 1
051222 1
083813 2
051225 1
185562 0
225812 0
114410 2
115515 2
125655 1
270284 0
186978 0
113964 1
114011 0
079179 1
083005 1
079147 1
015082 1
115525 1
004588 1
113893 1
045517 0
271341 0
183648 0
221485 0
180032 0
084270 2
051465 2
051375 2
146295 0
115383 2
084225 2
200993 0
125148 1
271910 1
084222 1
084268 2
079114 0
112139 2
099679 0
044810 0
075166 2
114511 2
114976 2
114015 2
084442 0
054110 0
044538 0
185555 0
045888 0
078147 2
045439 0
084286 2
201061 0
115593 0
084238 1
055462 0
045890 0
084180 1
114530 2
074985 0
055108 0
224865 0
114710 2
054156 0
043860 1
115918 0
047712 0
276094 0
210086 0
111359 1
116057 0
071500 2
104673 2
226776 0
010957 0
276121 0
276736 0
224877 0
054639 0
055131 0
223835 0
071456 0
104629 0
075003 0
115405 1
079254 1
116309 0
115529 0
054944 0
124993 0
047152 0
159473 0
048773 0
071386 0
104559 0
048832 0
080800 0
035229 0
053248 0
276731 0
265028 1
053844 0
128276 0
139544 0
026702 0
083614 0
079255 1
071547 0
104720 0
276732 1
074977 0
226706 0
054226 0
075024 0
225594 0
260862 0
180037 0
224710 0
047851 0
083616 0
078172 0
048875 0
041079 1
084540 1
113064 0
048745 0
136835 0
004884 0
119192 0
084516 1
047262 0
114857 0
225598 0
041971 0
048788 0
047267 0
005371 0
119895 0
115761 0
115736 0
048009 0
033697 0
112121 1
083750 1
081413 1
081369 1
081564 1
041144 0
079183 1
079026 1
032401 0
114741 2
182993 0
032340 0
020356 0
115466 1
032341 0
005221 0
276733 0
115467 0
269943 0
030579 0
252303 0
056148 0
020358 0
032328 0
268931 0
252746 0
236641 0
139804 0
044401 0
268971 0
115090 2
223649 0
254109 0
020304 0
004718 1
118970 1
116196 0
171250 0
119214 0
177748 0
044167 0
271292 0
271476 0
114115 1
281366 0
275981 0
083425 0
254462 0
020357 0
278007 0
276720 0
114601 0
241423 0
034577 0
272819 0
277146 0
278006 0
084851 0
023328 0
026969 0
115105 2
269253 0
269257 0
162525 0
039934 0
165547 0
165548 0
039980 0
124527 0
280417 0
065117 1
243426 0
084392 2
084842 0
124962 0
271087 0
084179 2
135092 0
044019 1
032200 0
176323 0
151006 0
042033 0
241415 0
003831 0
271530 0
269126 0
229939 0
271141 0
166257 0
166258 0
175680 0
279056 0
051172 1
003130 0
114218 1
114217 1
076642 0
076361 0
084229 2
054335 0
069586 0
102759 0
069397 0
102570 0
114517 2
077141 0
010417 1
077138 0
138557 0
003697 0
044026 0
077136 0
012052 1
056811 0
114532 2
089434 1
080203 0
005980 0
114988 0
136324 0
084801 0
026370 0
084827 0
165904 0
127569 1
000340 0
127573 0
051511 1
054374 0
075023 0
005990 0
167965 0
114758 0
186366 0
228417 0
084800 0
117025 0
097485 0
176239 0
028395 1
054046 0
034640 0
166063 0
084224 2
116915 0
047765 0
090278 0
117103 0
276661 0
084247 1
075262 0
054412 0
083947 0
074984 0
141238 0
115292 2
084808 0
047758 0
140635 0
114991 0
084821 0
061042 0
271686 0
176306 0
272466 1
141166 0
046425 0
179702 0
114946 0
117655 0
113430 1
045933 0
061039 0
053419 0
113249 0
234528 0
051414 0
042453 0
195515 0
041383 0
118962 0
048050 0
115315 0
054067 0
127574 0
074787 0
020438 0
229197 0
053041 0
137121 0
047687 0
035281 0
227151 0
140645 0
086921 0
067871 0
182855 0
114953 0
089454 0
113431 0
089550 0
114531 0
114516 0
127575 0
114707 0
124894 0
124899 0
109305 0
083942 2
227388 0
127576 0
003679 0
118971 0
057775 0
003291 0
084078 2
119844 0
223982 0
008263 0
276445 0
079630 0
075341 0
083688 2
174499 0
115570 1
083690 2
048990 0
003440 0
255632 0
274789 0
139932 0
007142 0
084767 0
134924 0
156354 0
139787 0
139853 0
099680 0
047083 0
055631 0
187342 0
134934 0
188995 0
271511 0
127578 0
287164 0
075324 0
015193 0
125552 0
075048 0
010893 0
055777 0
271044 0
049990 0
010630 0
137537 0
039392 0
006131 0
039387 0
227183 0
084663 0
084209 2
025722 0
084646 0
134626 0
019255 0
116076 1
027960 0
142496 0
124203 0
040999 0
224404 0
221799 0
083914 2
276741 0
074903 0
226746 0
084269 2
079668 0
274293 0
274291 0
274787 0
084770 0
047372 0
225025 0
126568 0
274647 0
173558 0
236992 0
084324 2
083283 0
162772 0
270951 0
116260 0
276728 0
274390 0
276821 0
084764 0
278989 0
274916 0
115274 0
276927 0
070284 0
103457 0
276667 0
083697 2
275660 0
076601 0
274040 0
124139 0
044422 0
117799 0
276950 0
083691 2
083667 1
083918 2
113967 0
113896 0
116030 2
083890 0
074738 0
115625 0
115491 0
042070 0
006270 0
083986 2
026175 0
276735 0
183721 0
115215 0
225946 0
252311 0
276650 0
026451 0
214882 0
005825 0
134564 0
057425 0
010407 0
057717 0
053977 0
276737 0
054099 0
183728 0
074760 0
119935 0
220041 0
226069 0
148067 0
079482 0
003460 0
271116 0
080096 0
209105 0
134629 0
134755 0
045807 0
059415 0
220044 0
137003 0
076597 0
055562 0
181027 0
148078 0
116021 0
016598 0
229810 0
056711 0
134560 0
116381 0
116143 0
043833 0
219440 0
252331 0
026850 0
057406 0
135135 0
047169 0
116144 0
047572 0
219431 0
139739 0
083970 2
074737 0
271591 0
050445 0
276641 0
015423 0
228925 0
265399 0
046309 0
010415 0
056864 0
169639 0
169663 0
045806 0
115064 0
026962 0
114046 0
005545 0
120124 0
024782 0
179590 0
161726 0
052573 0
170629 0
170630 0
054115 0
230965 0
051324 0
227039 0
271110 0
050288 0
047987 0
142267 0
205222 0
277212 0
053453 0
086174 0
040230 0
081884 0
084710 0
046349 0
013391 0
210226 0
057162 0
047951 0
116815 0
052676 0
026249 0
276740 0
276649 0
078158 0
033059 0
215284 0
044210 0
148101 0
085940 0
109884 0
137236 0
084033 2
115410 0
044892 0
067047 0
179998 0
169969 0
066934 0
046251 0
053153 0
189119 0
054783 0
052967 0
034367 0
165540 0
165541 0
182156 0
047747 0
002208 0
139315 0
054232 0
054613 0
139552 0
177733 0
054860 0
276750 0
138254 0
210053 0
276673 0
053757 0
053824 0
006283 0
228793 0
094068 0
036560 0
036575 0
159470 0
138890 0
047853 0
006698 0
057764 0
228450 0
025235 0
276689 0
232285 0
008272 0
140082 0
053691 0
277689 0
182084 0
165662 0
165663 0
095997 0
273597 0
079043 0
025236 0
056772 0
227078 0
138315 0
277050 0
276801 0
228799 0
165891 0
165892 0
030734 0
196637 0
139320 0
228892 0
083846 2
136765 0
278547 0
079491 0
276725 0
006426 0
159057 0
120219 0
057732 0
097848 0
041192 0
052409 0
173658 0
042375 0
261216 0
046677 0
139358 0
184859 0
276213 0
053880 0
168143 0
168144 0
277413 0
276844 0
079920 0
056427 0
097779 0
139421 0
269596 0
047668 0
005146 0
056697 0
055825 0
084497 2
168729 0
168730 0
168731 0
078790 0
079051 0
047988 0
056731 0
109629 0
097338 0
023804 0
140097 0
057706 0
174408 0
139622 0
057111 0
276939 0
046566 0
115447 0
062783 0
263548 0
177731 0
228832 0
278346 0
274697 0
277326 0
276681 0
138268 0
047032 0
055698 0
226276 0
084496 1
156907 0
165850 0
165851 0
273246 0
023802 0
004066 0
067895 0
271931 0
084501 2
084067 2
084016 0
048448 0
139993 0
115458 0
139994 0
112762 1
116601 0
115419 0
070878 0
104051 0
116088 0
115721 1
053519 0
054071 0
054997 0
111626 0
111628 0
116049 0
264069 0
025848 0
278842 0
179692 0
284744 0
219849 0
139947 0
116047 0
264098 0
278184 0
178869 0
084880 0
056261 0
008641 0
222322 0
023874 0
141864 0
005794 0
120404 0
115683 0
173937 0
111627 0
142245 0
057777 0
047359 0
227060 0
055546 0
278196 0
273961 0
119786 0
090306 0
253767 1
230303 0
023509 0
055489 0
229888 0
084705 0
034767 0
171233 0
090425 0
111641 1
278169 0
273936 0
233014 0
116062 0
093009 0
053873 0
276738 0
054455 0
052577 0
231427 0
277774 0
003306 0
045963 0
117885 0
070009 0
103182 0
114161 0
023869 0
139866 0
226433 0
211129 0
230289 0
117244 0
278334 0
057704 0
057045 0
054587 0
064677 0
047953 0
231185 0
263369 0
115421 0
278195 0
236978 0
115502 0
033891 0
115819 0
236986 0
054058 0
228651 0
227082 0
260562 0
137577 0
055536 0
055538 0
055735 0
264099 0
069995 0
103168 0
006045 0
004863 0
119154 0
260971 0
003723 0
048005 0
006569 0
054870 0
172938 0
173738 0
140747 0
222340 0
020578 0
201494 0
084774 0
056503 0
094596 0
088544 0
043827 0
227783 0
194485 0
277236 0
171844 0
113168 0
229214 0
094504 0
033843 0
224160 0
045941 0
112933 0
006226 0
057074 0
030522 0
050297 0
228740 0
226820 0
057339 0
111649 1
277427 0
271183 0
278411 0
070025 0
103198 0
041932 0
111670 0
111717 0
111715 0
114942 0
115256 0
114948 0
117857 0
117851 0
274699 0
114952 0
156356 0
013320 0
075463 0
066038 0
023599 0
184777 0
115822 0
114956 0
159588 0
066116 0
162224 0
