085524 1
010305 0
018145 2
115245 2
113573 2
113600 2
010298 2
080586 0
082362 0
131477 0
117089 0
117761 0
065268 2
025309 2
110321 0
156872 2
188475 0
043640 0
201258 0
156873 2
188725 0
022398 0
135618 1
131875 2
002358 1
131812 2
047560 2
131798 2
131791 2
002952 1
134318 2
266540 2
262452 2
266582 2
192317 0
027104 0
002393 0
014596 0
269301 0
134989 0
041627 2
013161 0
133985 0
028855 2
028845 2
033670 2
180752 1
147577 2
015065 2
125665 2
147431 2
147377 2
165103 2
203776 2
188465 0
019053 0
243426 1
275726 2
275736 2
087337 2
169352 1
169256 1
083067 1
027960 1
046562 1
025214 0
275710 2
270824 0
270829 0
270873 0
043439 0
042736 1
044250 1
059149 1
059140 1
163233 2
086871 1
085563 2
200983 2
221708 2
188438 1
201081 1
178675 2
276206 1
219756 2
199560 2
196436 1
031620 1
232047 0
200969 2
041609 1
188305 0
082131 2
082139 2
231729 2
231734 2
054450 2
164504 2
164492 1
054425 2
219768 2
019237 0
279544 1
163880 1
081660 0
032133 2
181541 2
086117 1
201400 0
233688 0
062473 1
181534 2
181522 2
061796 1
028390 0
024026 0
058295 1
288056 0
101389 0
098222 1
288057 0
041116 1
162927 0
041103 1
101338 0
101316 1
161512 0
161509 0
008667 0
028432 0
030282 1
086484 1
214878 0
080734 0
133240 0
133238 0
164498 1
260990 1
151200 1
032811 1
261018 1
261046 1
088248 0
088255 0
146995 0
007089 0
049365 0
190192 0
198291 0
045809 0
198311 0
164494 1
025448 0
025413 1
263369 0
042016 0
018757 0
040992 1
032651 0
029261 0
180750 0
270635 1
243192 2
035966 0
243183 2
065001 0
031458 0
027825 1
243191 2
163027 0
028610 0
032836 1
188679 0
223166 1
058926 1
051265 0
025257 0
164675 0
028611 0
289343 1
024576 0
164462 0
164425 0
025258 0
164415 0
023135 0
219847 2
052743 1
023147 0
269555 1
289268 1
067419 0
276653 0
032794 1
286574 0
279543 0
241490 0
024577 0
095209 1
025589 0
260972 0
034268 0
052729 0
243459 0
243465 1
115807 1
115806 1
109765 0
160721 0
040913 0
160649 0
135486 0
014207 0
045985 1
046004 1
224622 0
272621 2
089329 1
045271 0
003648 0
085278 2
058159 2
235031 0
153126 0
125337 0
190438 0
052860 0
052847 0
177350 0
010216 0
122534 0
188437 0
085293 2
221441 2
159465 2
037044 0
128375 2
023068 1
202519 1
099965 0
126329 0
022682 1
126331 0
023065 1
126330 0
254321 1
022376 0
031741 0
156353 1
031742 0
125331 0
166139 0
188462 0
064054 1
009413 0
121872 0
008857 0
243227 1
091361 0
269508 0
269524 0
269527 0
272252 0
064064 1
166273 0
023007 1
156398 0
062807 0
035478 0
112097 0
053935 0
221740 0
254322 1
023183 1
211798 0
166287 0
166288 0
062826 0
137440 0
010561 0
166144 0
097921 0
254372 0
263100 0
261311 0
019780 0
011197 0
254378 0
254380 0
053614 0
044567 0
041276 0
083032 0
144703 0
024439 1
254382 0
254390 0
144655 0
144875 0
288194 0
098950 0
016635 0
155605 0
043798 0
155532 1
044870 0
044790 0
225149 1
064233 0
040778 2
122303 0
266101 0
084821 0
019336 0
025614 1
025484 0
146850 0
115644 0
253816 1
122306 0
040803 2
182718 0
023063 0
242605 0
078013 0
108158 0
137533 0
023503 0
163332 0
255880 0
152715 0
162921 0
276174 0
115926 0
161864 0
276176 0
152716 0
041121 1
230009 0
077779 0
253905 1
266107 0
273790 1
254681 1
254757 1
225150 0
225151 0
229563 0
273798 0
229607 0
229617 0
109993 0
082130 0
109986 0
223504 1
139042 0
082138 0
223513 1
149965 1
081855 0
149966 1
009626 0
095482 0
063843 0
041247 1
077365 0
015417 0
125322 0
277771 0
005560 0
041325 1
045812 0
155639 0
006341 1
014045 0
279175 0
201255 0
088254 0
155626 0
124382 0
137812 0
045984 0
025762 0
027381 0
071227 0
104400 0
009426 1
082105 0
022244 0
041346 1
058294 0
197998 1
041088 1
041091 1
018663 1
198035 1
041086 1
190322 2
022405 0
041074 1
093329 1
131028 0
008711 0
022401 0
219918 0
087497 0
188756 1
243406 1
188752 1
062576 0
062577 0
123826 0
188643 0
087451 0
033594 1
203181 0
043630 0
134288 0
212687 0
078968 0
034982 2
099594 0
008625 0
051490 0
028215 0
025714 0
192328 0
060606 1
266697 0
158323 0
130492 0
111657 0
080861 0
111579 0
273838 0
243411 1
141388 0
174678 0
220065 0
137335 0
188724 1
243416 1
243419 1
243425 1
243427 1
045596 1
045551 1
162992 0
270821 1
046128 0
159309 0
041690 0
005750 0
120366 0
188726 0
160364 0
160370 0
225165 1
093225 1
142145 0
093266 1
016856 0
045416 0
039805 0
270969 1
253915 0
038130 0
252818 0
284010 0
270940 1
025677 0
287500 0
287508 0
287498 0
062996 0
029562 0
079742 0
116317 0
165111 0
028366 0
050572 1
058509 0
219942 1
050145 0
135992 0
252806 0
025583 0
142184 0
266532 0
198224 0
198226 0
154829 0
061088 1
167767 0
038268 0
253914 0
003762 1
270930 1
270971 1
135641 2
225167 1
225177 1
226319 1
188611 0
188602 0
274038 0
219135 1
093308 0
275785 0
275793 0
219182 1
231559 1
093295 0
056140 0
241933 0
068786 0
093404 0
109741 1
274751 0
136198 0
050012 0
042013 0
022427 0
048685 0
226318 1
083018 0
260991 1
261019 1
261047 1
095592 0
078601 0
083387 1
041842 0
023390 0
187927 0
022424 0
093456 0
049639 0
270915 2
156183 0
062015 0
188472 0
262155 0
047897 0
049754 0
242580 0
055970 1
285954 0
242598 1
242606 1
050300 1
019929 0
285990 0
083011 1
243994 0
052071 0
260871 0
287328 0
019950 0
026790 0
050452 1
050109 1
270917 1
274597 1
275725 0
262573 0
083153 0
083166 0
275735 1
261313 0
211241 0
067172 0
240103 0
043817 0
219550 1
087397 0
087415 0
100232 0
079768 0
211122 0
075626 0
267282 2
024073 0
161356 0
252444 1
252475 1
252492 1
252501 1
161176 0
270252 0
086941 0
191138 0
264409 0
269933 0
270372 0
068441 0
207054 0
079792 0
161388 0
286997 1
