229351 1
229356 1
229358 1
234490 1
234389 2
231388 1
234388 1
234119 1
231229 1
231233 1
231243 1
231230 1
231234 1
231244 1
231228 2
231232 2
231242 2
228972 2
227946 2
233919 1
229194 2
229047 2
229357 2
229359 2
229021 0
231283 2
229352 2
231286 2
231313 2
231307 2
231411 1
231409 1
231424 2
234390 2
017844 2
234086 1
231609 1
239745 0
242928 2
239800 0
242982 1
242922 1
231271 2
136299 1
136326 1
136301 1
242910 1
242895 2
231255 1
231272 2
231302 2
239253 0
256312 2
231504 1
229011 2
256301 1
196314 1
229361 2
229424 2
196586 1
221595 2
221631 2
221636 2
221682 2
229310 2
136293 0
196598 1
196600 1
231112 1
231119 1
234052 2
234087 2
234012 1
194720 1
194722 1
229439 1
229548 2
142218 0
229179 2
229238 2
231148 2
158734 1
231120 1
229516 2
229207 2
239329 0
229531 1
136512 0
136485 0
155637 0
155631 0
009330 0
121806 0
191439 1
191054 1
196315 1
196587 1
196599 1
196601 1
191448 1
191053 1
229241 1
207182 0
208779 0
208778 0
196537 0
206940 0
229423 1
196036 0
171709 0
196536 1
197156 0
170262 1
221680 2
211929 0
235168 0
211931 0
222240 1
235166 0
170559 2
170765 2
233952 1
233944 1
234727 1
234782 1
234726 0
190276 0
143601 0
232126 0
234781 0
170739 2
170767 2
170776 1
234682 0
221630 2
221635 2
221681 2
221594 1
231433 0
227223 0
227212 0
231431 0
240121 1
235785 0
272957 0
273053 0
018050 0
099743 0
099712 0
228533 0
239330 0
234297 0
234286 1
121913 0
238924 0
269539 0
161987 0
289099 0
009546 0
121995 0
289101 0
198601 0
284870 0
195958 0
229074 1
224521 0
236007 0
091067 0
007800 0
269447 0
109472 0
136208 0
098838 0
241105 0
236716 0
196538 0
155765 0
239258 0
001764 0
239256 0
265451 0
233970 0
234575 0
229148 0
229289 0
251280 0
233969 0
265266 0
229255 0
233989 0
239739 0
251284 0
273998 0
124973 0
200193 0
256031 0
234558 0
124983 0
202410 0
265272 0
197251 0
188119 0
231304 0
143206 0
159994 0
142221 0
143220 0
137326 0
192008 0
198599 0
244621 0
221703 0
230960 0
078643 0
154210 0
188291 0
231382 0
231951 0
171667 0
155615 0
231212 0
224832 0
230805 0
171674 0
221998 0
155514 0
224895 0
244623 0
135198 0
008674 0
224131 0
198813 0
239323 0
239322 0
197206 0
162558 0
240647 0
162336 0
197173 0
162382 0
267532 0
176869 0
235167 0
007939 0
121352 0
010247 0
061960 0
242821 0
179907 0
096020 0
254979 0
