051099 2
054407 0
054715 0
059396 0
053703 0
054720 2
054675 0
056226 0
053228 2
052696 0
053170 0
053013 0
052140 2
057093 2
052129 2
056859 0
052537 2
052516 2
048663 2
053285 2
055463 0
053281 2
048456 2
057335 2
053293 2
054202 2
054281 0
055287 2
055087 2
055216 0
055020 0
057138 0
053001 0
054140 2
054896 2
056695 0
053687 2
056361 2
060512 2
054820 0
055599 2
055467 2
056714 2
051031 2
046870 2
056503 0
052361 2
056316 0
054728 2
052354 2
046766 2
057368 2
235068 0
055438 2
053200 2
053015 2
050224 2
057131 0
056182 2
057019 2
056707 2
056511 2
056622 2
198416 2
056680 2
053314 2
199195 2
199046 2
050150 2
199169 2
056505 0
055486 2
054761 2
056507 0
053271 2
055645 2
054277 2
056755 2
055991 2
054869 2
054442 2
053243 2
054884 2
057372 2
055910 0
267459 2
056492 2
053610 2
056486 2
047658 2
056741 2
055871 2
054279 2
053159 2
047581 2
053000 2
057128 0
056744 2
048384 2
055612 2
053152 2
057100 2
055185 2
052269 2
163108 2
051033 2
054808 2
055391 0
055311 2
053241 2
055384 2
056857 0
053003 2
052268 2
048181 2
055164 0
163105 2
202631 2
055146 2
053141 2
057032 2
055880 2
055154 0
055525 2
055456 2
055291 2
052965 2
060953 2
054531 2
056278 2
056789 2
054487 2
056227 0
053423 2
052800 2
057036 2
055416 2
052956 2
052146 2
054867 2
055550 0
053597 2
056457 0
059400 0
053163 2
059462 0
054095 2
052720 2
056742 2
056516 0
053011 2
052833 2
052755 2
051869 2
051842 0
056700 2
053534 2
051032 2
054727 2
054895 2
050588 2
062968 2
053250 2
052932 2
053665 2
054926 2
050236 2
051359 2
055323 0
054234 2
054989 2
055468 2
063658 2
055245 2
053375 2
063807 2
051402 2
062870 2
054201 2
056181 2
055190 0
061105 2
054682 2
061014 2
050202 2
054439 2
054471 2
051582 2
054331 2
056051 0
057376 0
055308 0
055895 2
054097 2
052954 2
053050 2
055200 2
055488 2
053650 2
056832 2
055478 2
056615 2
055487 2
054409 2
052837 2
050143 2
052776 2
054357 2
054872 2
056397 2
054899 2
056461 0
052771 2
056087 0
056430 2
056381 0
056808 2
056841 2
053974 2
056962 2
053602 2
053046 2
056186 2
054194 2
054453 0
052722 2
199994 2
054127 2
057334 2
055588 2
055712 2
052953 2
054076 2
052724 2
055470 2
056514 0
056737 2
055790 0
051005 2
236098 2
054530 2
055982 2
053009 2
048434 2
055179 2
054577 2
054834 2
053408 0
055162 2
054904 2
049065 2
057328 2
055262 2
055967 0
054877 2
054515 2
055309 0
055445 2
053512 2
055148 2
053878 0
056346 2
054081 2
052806 2
055875 0
236038 2
054488 0
049042 1
054049 2
059273 2
053124 0
049683 2
056724 2
054901 2
055174 2
057330 2
052762 2
055097 0
059315 2
056127 0
052515 2
056835 0
048603 2
056467 0
053071 2
051110 2
053007 2
054278 2
052177 2
055331 2
052111 2
048202 2
049912 2
051087 2
054887 2
054094 0
057049 2
054857 2
271306 2
056843 0
056493 2
055294 2
050963 2
052179 2
051376 2
271408 2
059343 0
051337 2
050137 1
051102 2
054908 2
051486 2
271307 0
053040 0
055270 2
048750 2
055068 2
056187 2
057311 0
055621 0
271308 2
048583 2
052495 2
050124 2
049406 2
055541 2
055995 2
056851 0
048557 0
056210 2
054740 2
056738 2
050244 2
056061 2
055710 2
054801 2
051615 2
056070 2
065922 2
055587 0
050466 2
059290 0
054090 2
049698 2
050214 2
054077 2
055471 2
055713 2
050251 2
048442 2
051004 2
076879 0
053111 2
055908 0
054876 2
056100 2
051820 2
053619 2
055385 2
054587 2
048531 2
057002 2
055089 2
055474 0
053107 2
054218 2
053753 2
054003 0
054803 2
076094 2
053686 2
052744 2
054529 2
151125 0
054445 2
052302 2
059371 2
054274 0
056794 2
054179 2
056341 2
057152 2
055301 0
056324 0
051819 2
054544 0
051364 0
056863 0
056414 2
052301 2
052728 2
054875 2
015803 0
054871 2
055592 2
052598 2
052701 2
052910 0
057353 2
056384 2
050371 0
053245 2
052433 2
053552 2
056852 1
050778 2
052567 2
030859 2
056263 2
054968 2
056773 2
056114 2
054894 2
059407 2
057140 0
054283 2
052591 2
059422 2
054166 2
052561 2
047551 0
055159 0
056358 2
053600 2
055723 2
056419 0
054045 2
053521 2
054758 2
055292 0
054520 2
054210 2
054225 0
055412 0
053485 2
056498 2
054365 0
055356 0
056716 2
056151 2
052544 2
030857 0
056476 0
052686 0
052520 2
053054 2
050426 2
052555 2
052815 0
053223 0
050670 2
053756 2
053704 2
053477 2
053478 2
053479 2
053839 2
056342 2
054334 0
054638 2
057077 2
054558 0
053627 0
052748 2
055500 0
056515 0
052726 2
112682 0
056861 0
055036 0
055060 0
249697 0
053691 2
054011 0
052926 2
052939 2
053705 2
052780 0
052838 2
053286 2
055236 0
056735 2
052405 2
056821 2
053272 2
052882 2
052741 0
057336 0
056097 2
163241 2
055738 2
055282 2
054429 2
054117 2
056307 2
053150 0
048142 0
052865 2
052938 2
052866 2
052923 2
049117 2
230946 0
055490 2
057317 2
046923 2
056485 2
024350 0
024444 0
057079 2
065246 0
000868 0
052485 0
052785 2
280512 0
055142 0
054452 2
053158 2
055516 2
052684 2
052998 2
056629 2
048484 2
050142 2
203661 0
067223 0
138272 0
053185 2
055258 2
057338 2
086428 0
031705 0
052586 2
055435 0
036170 0
052779 2
158515 0
081101 2
056820 2
129876 0
055381 0
054539 2
030348 0
050118 2
064907 0
055600 2
056326 0
054787 0
053841 2
164202 0
053076 2
053094 0
056723 2
068299 0
056318 0
081060 0
056627 2
052738 0
054732 0
054821 0
052678 0
052768 2
052521 2
050116 2
053039 0
054601 2
052950 2
056968 2
052764 2
055145 2
055539 0
052440 0
052840 0
056745 2
056095 2
055123 0
054665 2
055613 0
054983 0
053020 2
056530 1
056131 2
081092 2
054088 0
056415 0
053030 2
054540 2
051127 2
054224 0
056506 0
054987 2
056995 0
056448 0
048831 2
055784 0
055091 0
057139 0
052613 2
050837 2
056019 2
048906 0
048907 0
052435 0
243710 2
056289 0
056504 0
056152 2
054998 0
055888 2
055877 0
057329 2
057302 2
052862 2
054672 2
055447 0
055951 2
052220 0
050213 2
056044 0
052542 2
226994 2
056780 0
052839 0
054975 2
053070 0
055122 2
052659 2
007026 0
053044 2
229741 0
049697 2
228639 2
052846 2
054971 2
227073 0
227093 1
052517 2
055706 2
227074 0
051160 2
048416 2
227963 0
228749 0
169098 0
169099 0
052657 0
277841 0
049696 0
052364 2
013517 2
192220 2
082759 2
056870 0
230312 0
082520 0
050164 2
010907 2
032116 0
082512 0
013487 0
081819 0
144007 2
050013 0
144006 0
144398 0
062341 0
144925 2
054714 2
052340 0
150360 2
055992 2
019163 0
158525 0
062343 0
052649 2
054060 2
053867 2
021770 0
067473 0
230744 0
049671 2
054227 2
118074 0
279848 0
278366 0
059829 0
260199 0
273590 0
013811 0
257779 0
052280 0
081797 0
267325 0
065882 0
061809 0
000608 0
281775 0
144063 0
052427 0
006460 2
144091 0
056254 0
052896 2
208066 0
153432 0
163299 0
049816 2
052887 2
082744 2
082646 2
052648 0
053745 2
052700 2
056523 0
052712 0
053828 2
055720 0
081037 2
052585 2
054773 0
055442 2
054954 0
054415 2
011145 0
049908 0
054321 2
050429 2
054898 2
080365 2
080381 2
013441 0
054526 2
051034 2
056149 0
052743 0
048792 2
169436 2
055280 0
136171 0
111402 0
053986 2
049841 2
196679 0
054921 2
052729 0
132324 0
056036 0
080427 2
114952 0
195966 0
163448 0
056239 2
051780 0
052371 2
054535 2
054105 0
116895 0
049057 2
052509 2
052610 0
197395 0
090695 0
054170 0
081811 0
080280 1
056473 0
238921 0
054753 2
267397 2
267406 2
267412 2
267414 2
046624 0
053278 2
057141 0
166093 0
166094 0
054115 2
196030 0
039718 0
252136 0
057145 0
054707 2
201538 2
055692 0
056018 2
083069 2
056311 0
002325 0
070349 0
103522 0
212612 0
082783 2
080399 2
084847 2
082660 2
082544 2
082598 2
052491 0
052352 0
200230 2
200626 2
200630 2
080565 0
200629 2
202193 2
082692 2
080543 0
080520 2
082391 2
082500 2
213616 2
213258 2
213275 2
080782 2
052553 2
220905 1
220966 2
082386 2
202208 2
220721 2
220725 2
052685 0
080747 2
082618 2
080772 2
082690 2
082594 2
082711 2
202245 2
202386 2
082521 2
080722 2
082609 2
080756 2
222456 0
080720 2
054962 0
082547 2
080736 2
080514 2
080773 2
082591 2
080701 2
082504 2
080791 2
082383 2
080796 2
071084 2
104258 2
081175 2
289361 1
080498 2
277523 2
289050 0
080691 2
082244 2
080340 2
022232 0
071085 2
104257 2
055774 0
082370 2
080770 2
022495 2
080356 2
059890 0
047495 0
054966 1
080763 2
019248 2
080724 2
052901 0
080588 2
080368 2
056091 0
267396 0
048940 2
054785 0
080682 2
080265 2
056047 0
054662 2
054066 2
055506 0
199194 0
080449 2
080702 2
080768 2
080397 2
080685 2
080753 2
080784 2
080700 2
080694 2
080495 2
080735 2
080582 2
080613 2
080714 2
080379 2
080602 2
082708 2
080708 2
080713 2
080349 2
080754 2
080711 2
080611 2
080474 2
080309 2
080360 2
080149 2
080597 2
080635 0
080657 2
277543 2
080471 2
080783 2
080712 2
082300 2
080718 2
100425 2
022411 2
080723 2
080785 2
077667 2
082803 2
080584 2
080591 2
082797 0
080341 2
082808 0
082286 2
084108 2
080570 2
080965 2
084107 2
080571 2
080398 2
080357 2
088138 2
081121 2
080729 2
082791 0
081013 2
080447 2
100426 2
080469 2
080284 0
080669 2
110901 2
080993 2
080793 0
080466 2
088112 2
093611 2
182918 2
182919 2
110933 2
084127 2
004440 2
122348 2
080792 2
093742 2
080692 2
080589 2
082673 2
080740 2
182934 2
083910 2
082682 2
080693 2
088131 2
168464 2
122350 2
181551 2
050249 2
050250 2
182922 2
081427 0
010046 2
122351 2
135170 2
082562 0
003562 2
030259 2
029888 2
083907 2
135172 2
181537 2
135179 2
135374 0
029875 2
116411 2
134309 2
080715 2
138812 0
080764 2
138865 0
113705 2
263346 0
044050 0
138813 0
116415 2
134288 0
083572 2
080346 2
050331 0
090281 2
050315 0
044038 2
084584 2
050177 0
121379 0
080363 2
081021 2
084194 2
210232 0
219939 0
050242 2
083518 1
049884 0
007987 2
121394 2
146406 2
033175 1
078186 0
083517 0
070975 2
104148 2
144615 2
080730 2
222336 0
084192 2
080207 1
098844 0
078158 0
075643 0
080171 2
110075 0
050243 0
050414 1
140752 0
285147 1
159804 2
083514 0
050262 0
080480 0
211870 0
083466 0
026099 0
263387 2
211196 0
019406 0
080484 0
080221 2
275662 2
083461 0
118386 0
083465 1
149736 0
017380 0
129527 0
129531 0
138668 2
216670 0
136448 0
065884 0
161154 0
044489 0
162311 0
082329 2
083208 0
077808 2
231240 0
144656 2
082005 0
285181 2
095460 0
003995 0
126294 0
224870 0
075515 0
007807 0
090645 0
138675 0
250556 0
080978 0
079028 0
240947 2
066606 0
281678 0
083569 2
050826 0
050241 2
216906 0
264155 0
047723 0
075599 0
218469 0
224622 2
089683 2
285184 0
057252 2
057253 2
057254 2
275663 0
113721 2
083557 2
275914 0
224630 0
138802 0
276236 0
083513 0
089022 2
006580 2
087324 2
072054 1
072432 1
072735 1
072998 1
073258 1
073514 1
073776 1
074033 1
074293 1
105227 1
105605 1
105908 1
106171 1
106431 1
106687 1
106949 1
107206 1
107466 1
050323 2
271761 0
055276 0
224970 0
011997 0
113508 0
056866 0
151167 0
054798 0
270602 0
224940 0
263747 2
011210 1
257418 0
093584 0
053294 0
039786 0
016865 0
054393 0
029849 0
225135 0
015742 0
087919 0
053810 0
050621 2
047397 0
271780 0
113509 0
050865 0
048719 0
054763 0
036641 0
052638 0
054563 0
225141 0
080148 2
051403 0
053738 2
049230 0
018314 0
050483 0
040130 0
054197 0
054138 0
283598 0
059821 2
081685 0
050704 0
055401 2
089880 0
064375 0
059411 2
028796 0
016281 0
284266 0
006506 0
223313 2
223318 2
251093 0
019548 0
052742 0
257427 0
054811 0
012348 0
052997 0
056422 2
047210 0
084586 0
059439 0
058831 0
235486 0
235488 0
057132 0
275735 0
271827 0
235123 0
064580 0
010891 2
013486 2
212443 0
030568 0
010653 0
235441 2
024533 0
166498 0
166499 0
055461 2
001360 0
010844 0
156681 0
054928 0
238773 0
149201 0
056248 2
054800 2
262827 0
263741 2
080268 2
056153 2
223288 0
050347 0
052633 2
054387 2
056134 0
056770 2
052609 2
013459 0
090196 0
055691 0
224849 0
026709 0
144280 0
075155 0
046507 0
013804 0
011225 0
277391 0
048488 2
048491 2
118494 0
011220 0
010970 0
056028 0
038734 0
054545 2
083191 2
013446 0
269199 0
055212 0
227736 0
136287 0
081534 0
055884 0
110283 0
055157 2
056774 2
133775 0
084129 0
165656 0
165657 0
224924 1
109956 0
064566 0
010919 0
013543 0
038692 0
055521 2
056284 2
159259 0
143598 0
056850 0
023244 0
057358 0
159013 0
083799 0
052171 0
150643 0
056975 2
042718 0
057310 2
053386 2
055655 0
098746 0
259079 0
053677 0
274943 0
013359 0
144197 0
054951 0
053520 2
059298 2
052794 2
056285 2
052580 2
081428 0
056269 2
011110 0
254082 0
255353 0
001538 0
036517 2
266165 0
059909 0
222835 0
026690 0
118496 0
048810 0
051509 0
013922 0
025523 1
013484 0
010972 1
056286 2
055453 0
168426 0
168427 0
049843 2
209748 0
055886 0
238158 0
055101 0
159225 0
057136 0
202792 0
267815 0
080420 0
054523 2
051008 0
138401 0
010462 0
201600 0
011216 0
082422 2
224925 2
260357 0
028329 0
026979 0
157744 0
077654 0
013477 1
230776 0
163209 0
069423 0
102596 0
053670 2
145361 0
053595 2
054817 0
065544 0
065545 0
158962 0
055457 0
255655 0
111126 2
044270 0
001869 0
052746 0
052551 2
052550 2
057318 0
083198 1
052891 2
053057 0
052027 2
055007 0
224892 2
002396 1
053476 1
055047 0
052429 2
055074 0
052884 0
056502 0
055990 0
056011 0
055963 0
052581 0
053831 0
051120 0
052681 0
005617 2
056287 2
083639 0
055968 0
271310 0
056460 0
055310 0
055269 0
055031 0
055434 0
054251 0
056762 2
239582 2
054196 0
052747 0
053458 0
074727 2
048446 0
083629 0
050613 0
050593 0
054536 0
054537 0
056200 0
048129 0
055523 0
054679 0
055876 0
053322 0
053559 0
056163 0
056218 2
097990 0
051115 0
053593 2
052574 0
054542 2
055918 0
055118 0
056522 0
057147 2
115384 0
219673 0
052843 0
097318 0
133270 1
269301 0
054900 0
053568 0
153522 0
161806 2
009577 0
053066 0
055501 2
062606 0
289158 0
053759 0
053736 2
055520 0
056469 0
224415 0
082704 0
053591 2
054528 0
024411 0
055426 0
052855 2
035784 0
055524 0
056459 0
025828 0
193555 0
239581 0
052788 0
092491 0
053977 0
056240 2
054160 0
052790 0
056529 1
052911 0
055240 0
055404 0
055477 2
051122 0
111645 2
069485 0
102658 0
099490 0
271289 0
053194 0
056192 0
055014 0
056621 0
169141 0
055643 0
055419 2
055850 0
083625 0
137736 0
135309 0
153470 0
055018 2
056374 2
218131 0
054519 2
025803 0
056390 0
050592 0
056245 0
254292 0
091775 0
061574 0
052037 0
054466 0
054677 0
052711 0
038602 0
056136 0
056528 1
029105 0
123680 0
205675 0
056483 0
055072 0
220066 0
054940 0
039895 0
080267 0
220015 0
111680 0
224930 0
126359 0
054916 0
081756 0
048197 2
262328 2
262369 2
136811 0
083550 0
192018 0
083542 0
055288 2
052900 0
050113 0
050845 0
164409 0
013496 0
055273 0
010750 0
082574 2
081644 0
164408 0
267231 2
050373 0
167046 0
167047 0
135716 0
241995 0
179595 0
239596 0
239859 0
239945 0
002255 0
262387 0
003654 0
094457 0
050254 2
233360 0
084456 0
041594 0
064460 0
062931 0
267300 2
054273 2
050492 0
025471 0
205934 0
054789 0
267299 1
052313 0
168287 0
168288 0
267250 1
231368 0
231380 0
231437 0
231878 0
193576 0
230759 0
164425 0
065805 0
003937 0
084436 0
083541 0
169692 0
013522 0
053079 2
224865 0
178390 0
055947 0
055585 2
064744 0
077758 0
182986 0
062192 0
013494 0
135495 0
052532 0
113400 0
176609 0
179651 0
071810 2
104983 2
170268 0
003838 2
278962 0
054892 0
273638 0
193061 0
044582 0
056472 0
051733 0
053101 0
054557 0
056501 0
160123 0
160124 0
205340 0
077347 0
056215 0
013438 0
054967 0
273990 0
169691 0
081514 0
057150 2
152356 0
075040 0
053635 0
096927 0
010918 0
257170 0
225747 0
056759 2
082188 0
152432 0
035487 0
006394 0
179650 0
110011 0
010958 0
267233 2
031462 0
056338 2
164415 0
231487 0
108460 0
269278 0
276982 0
169969 0
231055 0
219559 0
242072 0
080823 0
014989 0
044997 0
031152 0
269561 0
262121 0
221643 0
267228 2
144037 1
056082 0
165746 0
236543 0
039134 0
053879 0
168031 0
051418 2
010921 0
237808 0
225338 0
056520 0
232128 0
095741 0
156341 0
189889 0
200355 0
262748 0
175762 0
135506 0
050545 0
135489 0
018852 0
135865 0
033393 0
188321 0
176519 0
225291 0
267251 0
267232 1
267277 1
267305 0
013133 0
145619 0
144043 0
267246 0
056760 2
051387 2
267245 2
265712 0
265738 0
267252 0
265740 0
267253 0
266896 0
056610 0
272760 2
055398 0
257182 0
053391 0
013132 0
145618 0
054016 0
080253 2
053725 2
022110 0
055827 0
051929 2
031645 0
274803 0
226860 0
053036 2
062365 0
054006 0
273537 0
273542 0
055110 0
229281 0
055263 0
226858 0
052934 0
270286 0
085150 0
227123 0
052224 0
050956 0
056521 0
057244 0
055235 0
085303 0
022292 0
053578 0
224045 0
069285 0
102458 0
054981 0
114188 0
184549 0
184568 0
056532 0
190817 0
199326 0
257196 0
080671 0
083460 2
048441 0
056842 1
049189 0
013515 0
055187 0
052718 2
052012 2
056327 0
053723 0
180204 0
054002 0
063178 0
055845 0
063971 0
055873 0
068821 0
053026 2
053997 0
199327 0
056867 0
086262 0
054485 0
050372 0
130577 0
081096 0
055889 0
229343 0
051006 0
254620 0
057333 0
043846 0
281713 0
054190 0
269201 0
100905 0
271619 0
081934 0
151059 0
054505 0
138861 0
080593 0
118786 0
056635 0
257298 0
056351 2
003841 0
277898 0
055976 0
154137 0
063138 0
226944 0
059457 2
054402 0
270280 0
270350 0
252836 0
180824 0
070229 0
103402 0
097660 0
085924 0
160278 0
097471 0
027434 0
069234 0
102407 0
054308 0
230682 0
056350 2
092652 0
067247 0
112661 0
013761 0
069952 0
103125 0
055244 2
053574 0
076414 0
034973 0
080377 0
180155 0
274022 0
267405 0
054275 2
059879 0
114230 0
170354 0
170355 0
081983 0
225890 0
055733 0
055860 0
160021 2
190199 0
060244 0
013131 0
224056 0
257068 0
124272 0
024000 0
271431 0
275580 0
048253 0
281746 0
095847 0
229094 0
005863 0
287402 0
021760 0
056008 0
282050 0
069901 0
103074 0
054902 2
265165 0
053690 2
035764 0
076140 0
027745 0
269202 0
052006 0
159953 0
056353 2
056354 0
121752 0
121762 0
056352 2
010723 0
009293 0
121780 0
049079 0
052636 2
235840 0
056165 0
052931 2
050326 2
055617 0
155603 0
010661 0
054480 0
048448 0
158425 0
006482 0
053438 2
006356 0
052694 0
067415 0
144174 0
052693 0
057021 2
049054 0
222753 0
052955 2
056071 0
055160 0
057297 0
013440 0
052857 0
054375 0
242518 0
054350 0
276233 0
026714 0
274087 0
144405 0
026673 0
053560 0
224512 0
053524 0
041994 0
183763 0
050719 0
036272 0
026234 0
056812 0
173461 0
050947 0
262052 0
262067 0
126648 0
054591 0
044434 0
215425 0
046312 0
020198 0
020199 0
053213 0
052710 0
054310 0
143595 0
050718 2
049507 0
055602 0
053034 2
052592 2
215723 0
255371 0
096138 0
056031 2
054937 0
220699 0
064540 0
052730 2
082877 0
053142 1
054831 0
144081 0
140069 0
029228 0
003882 0
112055 0
076137 0
144392 0
054595 0
054198 2
052947 0
053023 0
218614 0
082868 0
158427 0
055483 0
019342 0
037912 0
218611 0
216416 0
137038 0
010458 0
054996 0
081802 0
144209 0
114394 0
050432 0
052892 0
231754 0
221799 0
275185 0
056518 0
241176 0
012473 0
055659 0
269496 0
047018 0
042569 0
055070 0
007041 0
042575 0
159985 0
012645 0
275725 0
010910 0
092076 0
087202 0
049305 0
054910 0
221959 1
091372 0
049030 0
235020 0
054856 0
056206 2
036328 0
052826 0
055048 0
076138 0
137707 0
085380 0
270711 0
087596 0
286622 0
157177 0
055492 0
281181 0
195629 0
025804 0
080809 0
034812 0
053815 0
084591 0
045896 0
055499 0
272262 0
011324 0
098419 0
278437 0
164917 0
050743 2
052706 0
123516 2
064790 0
063563 0
179583 0
055410 0
042271 0
208242 0
186061 0
016305 0
136255 0
055170 0
053382 2
043747 0
077666 0
075982 0
270714 0
035777 0
223822 0
114678 0
002766 0
036760 0
036897 0
015506 0
158865 0
027552 0
069147 0
102320 0
036776 0
273989 0
049573 0
235485 0
