158922 2
006786 2
120466 2
005342 2
119850 2
006780 2
120462 2
119846 2
006785 0
120465 0
006783 2
120463 2
006784 0
120464 0
026641 2
026347 2
077760 2
082642 2
178752 1
077410 2
076153 2
075820 2
075778 2
075784 2
178713 1
178696 1
178615 1
178592 1
002204 2
075040 1
155971 2
224867 1
232859 1
232864 1
079078 2
069102 1
102275 1
224875 1
224876 1
027150 2
076286 2
141615 0
076304 2
076403 2
002461 0
117225 1
273696 0
110114 2
273700 0
033090 2
284679 1
165086 1
165084 1
082151 2
112565 2
284680 1
110373 2
112584 2
075479 2
107948 2
224226 1
000428 2
107959 2
207853 1
158965 0
165077 0
108052 2
011047 2
160977 2
285292 0
011219 2
076984 0
076898 0
076989 0
015206 2
125541 2
076791 0
285286 0
096720 0
161029 2
161033 2
144752 2
144806 2
003986 2
220481 2
018228 2
128947 2
230775 2
019066 2
029250 0
222792 0
159895 1
081075 1
164990 2
159880 1
159881 1
165079 2
165140 2
159870 2
165121 2
081045 1
159866 2
220479 2
081072 1
165105 2
159857 2
217696 0
081109 0
081090 0
275892 2
275932 2
194880 0
194881 0
052946 2
153493 2
109845 0
012260 0
207954 0
013171 0
194841 0
120358 0
005745 0
120359 0
127156 0
112912 0
258684 0
258700 0
258706 0
259550 0
039338 0
153518 0
153530 0
034150 2
059529 1
139571 0
188714 0
130656 0
130677 0
155245 0
155274 0
075342 1
000265 2
129711 2
233901 0
233912 0
233914 0
234083 0
233896 0
027779 0
269910 0
130873 0
129708 2
131745 2
129675 2
059686 0
059651 0
059523 0
129700 2
129689 2
080788 2
003924 0
230206 0
023054 0
014277 0
064632 0
045418 0
231390 0
206863 0
230104 0
021994 2
020053 0
190903 0
231430 0
192453 1
077441 0
192015 0
080660 0
050374 2
120592 0
024295 0
065841 0
050273 0
120590 0
120596 0
025404 0
120589 0
225184 0
128142 0
120599 0
120615 0
120587 0
028694 0
127593 1
007018 0
120629 0
029536 0
029538 0
029540 0
225117 0
206665 0
120619 0
086802 0
127592 1
028640 0
025609 0
096724 2
155853 1
154782 0
154598 0
182851 0
022694 0
223399 0
198749 0
193815 0
113824 0
046422 0
046420 0
111120 0
062194 0
230825 0
179027 0
015002 0
012942 0
033398 0
033422 0
076099 0
078472 0
179334 0
108640 0
142166 1
020969 0
020970 0
142287 1
002007 0
158420 0
