256187 2
256429 1
256509 0
256204 2
256283 0
256341 2
256184 2
256342 2
256353 2
256398 2
256194 0
256157 0
256765 0
278461 0
256402 0
263018 0
286739 0
227148 0
023741 0
223918 0
087766 2
083568 1
041485 1
046055 2
111869 1
111870 2
162230 2
162298 0
022532 2
286668 1
286704 2
269285 0
265662 0
057889 2
057882 2
051434 2
046637 1
057024 0
063289 0
233217 2
233238 2
233237 2
233255 2
232586 2
232620 2
232592 2
232591 2
233791 0
233803 2
233807 0
233809 0
233821 0
241866 2
242057 0
242066 0
002094 2
238505 2
239076 2
244454 2
244461 2
233790 2
233808 1
233802 2
233806 2
241865 2
233820 2
242056 2
242065 2
273090 0
279127 2
279130 0
219498 2
170306 0
229648 0
266988 2
266991 2
267186 2
267193 2
267195 2
267198 2
267192 0
008431 2
141305 2
284669 2
284681 2
284693 2
286657 2
286735 2
236157 2
238506 2
239077 2
244455 2
244462 2
236253 2
244460 2
244453 2
144692 2
284692 1
286734 0
200762 2
141326 0
085082 1
085068 2
085081 1
046342 2
045776 1
050537 1
043632 1
043624 1
082624 2
078291 2
077613 2
059257 2
044154 1
040149 1
040906 1
065952 2
080022 2
080450 2
080266 2
029074 2
029387 2
034760 1
033626 1
083230 2
100013 2
030856 1
057700 2
084150 2
197909 2
197921 2
200721 2
004595 1
030050 0
057711 1
232637 2
232639 2
155000 2
154998 2
067241 1
067255 1
151682 1
142105 2
232880 2
141536 2
261227 2
008359 2
232604 0
007605 2
129692 1
244411 0
009038 2
189482 0
258017 2
265210 2
265322 2
260000 0
197910 2
197922 2
200722 2
200763 2
091902 0
281877 1
003013 2
134229 2
265676 1
008726 2
116786 0
259246 0
000329 1
012582 2
012352 2
075722 1
099581 0
009523 2
121982 2
115278 2
033174 2
033297 0
028289 2
257527 2
258330 2
233710 2
263337 0
164644 2
052593 0
233805 0
088011 1
064442 1
064453 0
193830 0
079578 2
111352 1
288779 2
288780 2
260840 0
245106 2
001143 0
026892 0
009521 2
121980 2
116006 2
009522 2
121981 2
124325 0
085269 1
085253 2
268459 2
289576 0
079747 0
036212 2
045183 0
169931 1
169983 0
087542 1
087661 1
084929 2
084888 2
087559 1
087666 2
263570 2
263571 2
155203 2
155029 0
279290 0
262608 2
262613 1
262625 1
262667 0
188749 2
067489 1
066998 1
067524 0
067746 0
158262 0
099323 0
083668 1
111570 1
111582 0
084391 2
084237 2
084394 0
192001 0
012441 2
100452 0
219696 2
128163 0
223119 2
223135 2
260212 0
009401 0
062104 1
045100 0
090743 0
288446 2
288557 2
288447 2
110996 0
228791 2
228913 2
140353 0
231928 2
231975 0
095524 0
034692 2
155661 2
010348 0
243900 2
243901 2
243883 2
256627 0
093883 2
005390 2
009596 2
200549 0
287092 0
131591 2
131592 0
259435 0
257621 2
094243 1
094472 2
094539 1
196288 2
196289 2
043603 0
110449 2
110479 0
078405 0
242470 0
282665 2
282685 2
287814 0
018482 2
128764 2
129930 2
153500 0
170311 0
194782 2
194784 0
087725 2
093898 2
095588 2
109983 0
087719 0
010042 0
095472 0
021844 0
148809 0
194785 2
194805 0
194814 2
154615 0
131667 2
131669 0
064174 2
064168 0
257021 0
135572 1
281685 0
226071 0
132017 0
100404 2
244592 0
011743 2
109969 0
090596 1
090622 2
034554 2
034546 2
034377 0
001159 2
042079 1
230869 1
230855 0
243925 0
146336 2
168553 0
088523 2
088844 2
088725 2
284855 0
280498 0
131642 2
131648 2
131675 0
092902 1
092912 2
123030 0
024397 2
024385 2
024283 2
054993 1
022335 0
007443 2
086454 2
086412 2
086411 0
022258 2
065766 2
111470 2
111481 2
190201 2
067243 0
027994 1
046221 1
046173 2
046040 2
044935 2
000477 2
008443 0
010034 0
000972 0
152473 2
204642 0
209943 2
029255 0
063791 0
006169 2
000300 2
169883 0
023460 0
071138 0
070798 0
065983 0
216287 0
192519 2
166819 2
194086 0
064632 0
273959 0
030651 2
141318 0
243674 0
224519 2
224572 0
224677 0
260012 2
148344 0
267194 0
034179 1
152502 0
035810 0
014299 0
024280 2
000869 0
067987 0
264512 0
152488 0
193705 2
193785 2
193792 0
193790 0
000912 2
131639 0
008057 0
269445 0
224731 0
085198 0
094222 0
094776 0
064444 0
131742 0
236112 2
236135 0
093659 0
233667 0
045373 0
165053 0
098621 1
131054 0
230868 0
168883 0
075064 0
268789 2
000020 0
277932 0
286473 0
140767 0
146709 0
233317 2
233307 2
259959 2
244882 0
165741 0
273664 0
228604 0
064056 0
259504 0
039559 1
039498 1
039522 0
279913 2
282759 0
112037 2
169984 0
179523 0
262717 2
262687 2
002774 0
269364 0
159720 0
022390 0
260082 0
202323 2
202272 2
202266 2
202305 0
227661 0
039431 0
224736 0
050824 0
227632 2
227652 0
108834 0
152134 0
050611 2
050346 0
162229 2
162228 0
202826 2
126997 0
164929 0
201420 0
152491 0
103972 0
131683 0
017746 2
129277 2
107840 2
219402 0
137951 0
145988 0
224583 0
084918 0
148193 0
063075 0
017255 0
001858 2
284312 2
284400 2
107901 2
269733 2
279717 0
263008 1
262710 2
227669 0
226799 0
286927 0
286368 2
285088 2
269350 2
286901 0
263828 0
244739 2
078280 1
280852 0
032367 2
032431 2
058531 0
223118 0
260507 0
279270 2
227826 0
182755 0
112328 0
187116 0
064508 0
131559 2
079652 1
064613 0
156019 2
039473 0
000829 0
148262 1
148267 0
060265 2
264317 0
114566 2
114627 2
114652 0
119574 0
202592 0
192247 2
043771 0
045549 2
080336 0
022938 0
264621 0
000895 2
022317 2
132487 0
027217 1
020313 0
122851 0
035351 2
035296 2
257526 2
258329 2
200313 0
133065 0
192485 0
113666 0
179244 0
285006 0
081267 0
022338 2
252654 0
066039 0
037473 0
154578 2
154549 0
137946 0
263376 2
038777 0
177821 0
256858 0
023821 2
027001 0
044807 0
016914 0
211739 0
044793 0
267487 0
148211 0
044661 0
111865 0
267196 0
067752 0
170424 0
235219 0
170277 0
099248 0
088179 1
282800 0
022342 0
124631 0
087680 0
154684 0
012042 0
262712 2
262731 2
262732 2
263338 1
263377 1
269351 2
269373 0
131560 2
131561 2
131563 2
131562 2
045545 0
035132 2
023719 0
269376 2
260081 0
279277 0
022321 0
262679 0
269400 0
035419 0
131555 0
244568 0
289809 0
033781 2
201097 2
028010 0
087543 0
269297 0
029064 0
261909 0
146479 0
064617 1
064616 0
064614 0
064783 0
131605 0
022331 2
081599 0
202304 0
280661 0
133111 1
182198 0
078580 0
233390 0
088552 1
071412 0
200740 2
053746 2
091075 0
167545 0
058856 0
045575 1
045573 0
045574 0
101027 0
260920 0
273144 0
133095 2
143413 0
121257 0
029722 0
212341 0
257027 0
054600 1
033401 0
121450 2
230390 0
016662 0
244561 0
260019 0
076887 1
076835 1
076423 2
024037 0
147844 0
041537 0
253636 2
253718 2
061998 1
100581 2
128327 0
101751 0
008591 0
044904 0
091574 0
233499 0
051914 0
066984 0
227160 0
012244 0
270786 0
074607 0
273392 0
008626 2
013994 0
143487 0
034433 0
040977 2
046497 0
121451 2
121452 2
008058 0
121457 0
066306 1
235193 0
130878 0
055623 0
013191 0
111867 1
267990 2
186473 2
186292 0
129931 2
098353 0
131665 2
011547 0
000870 2
261191 0
036412 0
175828 0
064677 0
066627 0
228733 0
131679 0
094307 1
094341 2
094752 1
094848 0
178145 2
177979 0
178140 0
056799 0
255681 2
255622 0
255687 2
255698 2
255666 2
285429 0
259576 0
131712 0
253496 2
253562 2
257104 2
257188 1
256598 0
061005 2
227837 0
151197 0
259332 2
122553 0
143373 2
018094 0
128289 2
126942 0
101871 0
048604 0
018392 0
126731 2
128548 0
261131 0
024102 1
024101 1
023709 1
024044 1
150439 2
071174 0
146683 0
050085 1
050081 2
193590 0
138728 0
075924 0
100461 0
089585 0
087761 0
267197 0
099588 0
080832 0
066242 0
280454 0
071125 1
104298 1
071102 0
104275 0
071024 1
104197 1
071019 0
104192 0
071022 1
104195 1
130209 0
082415 0
006972 0
052620 0
235389 2
235407 0
170182 2
008060 2
121460 2
255719 0
255716 0
235504 2
235539 2
111785 0
186454 0
155850 0
061187 0
010775 2
284492 0
121454 0
079715 0
183337 2
169947 1
000813 2
127637 0
198402 2
198462 2
199797 2
161190 0
061340 0
224696 0
131647 0
034432 2
283164 1
283178 2
133078 0
056350 0
178147 0
175713 0
256597 0
183599 0
282550 0
000971 0
067614 2
067611 2
024135 0
069732 0
161099 0
139369 0
070565 1
103738 1
090237 1
262702 0
064077 0
164536 2
164534 2
164532 0
180188 0
242026 0
283798 0
220008 0
224852 0
095673 0
196099 2
227079 0
011352 0
146426 0
076481 0
255736 1
255722 0
255675 1
176884 0
107877 0
157376 0
035779 0
183607 0
093810 0
200620 2
199091 0
199225 0
024392 0
035394 0
118865 0
051520 0
286000 0
121453 0
199855 0
005404 0
045406 0
009233 0
122669 0
006189 2
136103 2
002762 0
029908 0
140830 2
036096 0
021842 0
195970 0
060469 0
024870 0
147273 0
060825 0
139944 0
084884 0
256291 0
161074 0
267321 0
152809 2
283473 0
152815 2
152818 0
067652 0
152796 1
152801 0
117907 2
117927 0
001228 0
008034 2
121430 2
007982 2
121386 2
121372 2
167713 0
183892 0
222554 2
222533 2
195839 2
182210 0
285499 0
116551 0
069638 1
102811 1
126175 2
010350 0
129623 0
007043 0
016895 0
090745 0
195635 1
258784 0
259993 2
075320 0
156876 2
061887 2
061795 0
050392 0
132577 0
057573 0
272822 0
159247 0
083184 0
232861 0
267185 0
138596 2
138597 2
138757 0
138863 2
170026 2
137592 0
158414 0
221869 0
094954 0
270839 0
058508 2
160877 2
160784 0
002430 0
121921 0
174676 0
159719 2
159703 0
159686 1
174560 0
182649 0
258806 0
010902 0
175410 0
182205 0
075116 0
188561 0
035529 0
095881 0
141032 0
285667 0
067081 0
152694 0
282337 0
000833 0
079071 0
067774 0
266208 0
132112 0
010555 0
152822 0
277296 0
154589 2
154582 0
154579 1
153373 2
243678 0
039458 1
024137 2
066081 0
188106 0
260811 0
057724 0
111861 2
112003 0
024132 2
160011 0
111880 2
040018 0
142378 0
224666 0
027035 2
027034 0
024105 2
024042 2
023996 2
023953 0
009073 2
121580 2
024118 2
096568 0
060065 2
055517 0
109642 0
154956 0
101366 0
078776 1
119260 2
269298 2
131410 2
131442 0
131475 0
131467 2
131476 2
117691 0
124048 0
112504 1
112291 0
138487 0
167951 0
265661 0
180409 0
068226 0
052557 1
092166 0
264514 2
264541 2
224042 0
263829 0
050411 0
060220 2
039544 2
