230317 0
264419 0
270985 0
194182 0
197669 0
263494 2
263492 0
263493 0
273164 0
271698 2
271768 2
271351 2
271350 2
271355 2
271378 2
271834 2
271894 2
272000 2
271895 2
274307 2
274509 2
270358 1
270273 2
271990 2
271988 2
256655 0
274316 2
274506 2
270264 2
270361 1
274514 2
274519 2
276990 2
271394 2
256415 2
256411 2
271999 2
276113 0
271388 2
271393 2
271367 2
271283 2
271520 2
276146 2
276158 2
277278 2
270922 2
270933 2
270982 2
286783 2
277343 2
277290 2
243771 2
255783 2
259937 2
259941 1
277146 2
288296 2
288310 2
288265 2
272219 2
272223 2
269253 2
269257 2
270423 2
270435 2
284745 2
284746 2
284744 2
268971 2
268931 2
271530 2
271540 2
277364 2
288485 2
288487 2
288476 2
288486 2
256419 0
244533 2
270142 2
270143 2
269944 2
270999 0
271397 2
269943 0
236978 2
236986 2
252303 2
184875 2
236641 0
230289 0
270625 2
231185 0
004718 2
118970 2
004588 2
257612 2
257603 2
260562 2
271531 2
271542 2
276209 2
277292 2
272220 2
272224 2
279586 2
279587 2
279601 2
270298 2
270299 2
282032 2
068401 0
272129 2
272128 2
272001 2
272169 2
289397 1
289398 1
276020 1
283650 1
284823 1
276967 1
276973 1
283638 1
281000 1
283576 1
283577 1
075085 0
274253 0
107758 0
282040 0
231427 0
283636 1
283635 1
281670 1
281662 0
186268 0
276138 2
192599 0
270472 2
269795 2
269180 2
264098 2
264069 2
264099 2
260984 0
271087 2
271141 2
271242 2
200650 0
231912 2
231908 2
231913 2
231888 2
231886 2
128524 0
162249 2
162277 0
273711 0
281708 1
272403 0
279962 1
056148 2
275686 0
178151 0
256169 2
256647 0
257604 0
270572 2
270356 2
275280 0
144136 0
265028 0
166675 2
166676 2
166832 2
166674 2
230859 0
265404 0
068071 0
067444 1
067356 1
068443 1
068420 1
067424 0
017639 1
087220 0
055964 0
067338 0
288700 2
288698 2
270533 0
271392 0
256474 0
155942 2
289276 0
178613 0
259710 0
257613 2
281688 0
232390 0
107802 0
182256 0
205891 0
272819 0
199701 0
256485 0
151006 0
264257 0
197155 0
264921 0
271057 0
274438 0
057113 0
082651 0
286426 2
279002 1
286424 2
286427 2
154957 0
284241 0
265074 1
265062 0
264930 0
165343 2
165345 2
164033 0
288522 2
288519 2
221429 0
179394 2
165280 1
175090 1
144172 0
159790 2
159848 2
159864 2
173799 0
022464 1
053259 2
054524 0
274677 0
157136 2
157139 2
020292 1
122273 2
192692 0
276230 0
017935 0
287750 0
109622 0
055785 0
262911 0
164103 0
069958 0
270607 0
115721 0
162688 0
275405 0
236795 2
282041 0
022838 2
176057 0
270987 0
067327 0
117016 0
257384 1
258098 0
231276 0
050270 0
237036 0
026175 2
025657 2
234399 0
256003 2
252746 2
256840 2
273827 0
230831 0
287346 0
256422 0
241215 0
134015 0
145135 1
013632 0
004210 0
276922 0
018426 0
286775 0
230303 0
044167 0
271602 0
230890 0
273888 2
273903 2
268514 0
263327 0
123025 0
041895 2
286423 2
041782 2
288513 2
245012 2
234994 0
012058 2
011628 2
124412 2
130641 2
130647 2
130652 2
130658 2
130732 2
130908 2
010320 2
000401 1
011466 2
014885 2
011650 1
076767 1
053288 2
019438 2
098057 2
098058 2
067693 0
017213 2
011907 1
124435 2
001495 2
012192 1
130868 2
017780 1
124338 2
124286 2
011906 0
256272 0
001225 2
001172 2
150757 0
016162 1
029037 0
179362 2
179376 2
179396 2
163223 0
001833 2
015421 1
035064 0
176821 0
247415 0
115621 0
065390 0
225764 0
133488 0
165277 0
026016 0
041785 0
133325 0
254308 0
054209 0
088089 2
257881 0
116550 2
057396 0
076270 0
206357 0
008279 0
267262 0
259109 2
241706 1
252524 2
251147 1
241722 1
241725 1
235826 0
219969 2
180003 0
045970 0
186350 0
269452 0
111376 0
068864 0
237654 0
263094 0
285304 0
033785 0
289578 0
164147 2
164141 0
164122 0
164129 0
266188 0
183066 0
262723 0
119480 0
014212 0
168674 0
139151 0
162772 0
271387 0
005022 2
119401 2
070479 2
103652 2
070538 2
103711 2
070452 2
103625 2
070404 2
103577 2
069400 2
102573 2
070643 2
103816 2
070628 2
103801 2
070540 2
103713 2
077133 2
259113 1
116218 2
053599 2
010258 2
070228 2
103401 2
070191 2
103364 2
070192 2
103365 2
001215 2
241724 1
241723 1
241712 1
241752 1
241710 1
241849 1
241693 1
259110 1
259114 1
241601 1
258102 1
241753 1
241789 1
241952 1
017410 2
129499 2
044652 2
045042 2
044653 0
064532 0
014613 2
043878 2
051153 2
054555 2
130744 2
000361 2
001038 2
123795 0
130433 2
016117 1
101997 1
068433 1
000637 2
068452 2
056754 2
057287 2
056299 0
011829 2
077929 0
050419 2
050321 2
000402 2
009526 0
054207 0
050144 0
036530 1
005669 0
236241 2
130161 0
067814 0
131844 0
067049 1
064941 1
064837 1
065849 1
124461 0
044541 0
000100 1
241928 0
003630 0
139097 0
000268 2
130902 0
044135 2
044010 2
051558 2
052782 2
052957 2
053077 0
011409 0
182807 0
075408 2
069460 2
102633 2
081074 2
009036 0
130945 2
017808 0
026835 0
087652 0
014921 0
179129 2
179119 2
178922 2
010279 1
003755 1
052333 0
050847 0
020574 2
081943 0
068340 1
066050 1
066139 0
069011 2
003695 1
004067 1
135551 0
065710 1
136173 0
066712 0
003574 1
003720 1
252678 0
006380 1
119043 0
260121 0
067004 1
067154 0
175112 0
023708 1
023811 0
098643 0
030891 0
119214 0
088119 0
031324 2
031255 2
090215 2
049841 0
154345 0
074495 0
014945 0
169183 0
024602 0
123029 0
044507 0
067932 2
250638 0
023660 0
046083 0
065688 0
009142 0
116236 1
116182 1
089356 2
048229 2
048223 2
048230 2
048285 0
099941 0
036310 1
036324 0
036314 0
094561 0
003887 1
119351 0
003572 1
011520 0
065082 0
034789 0
002344 2
123900 2
123144 0
175035 2
003435 2
017104 2
016155 1
239275 0
085169 0
009470 0
131063 0
169685 0
057053 0
016676 2
028912 0
030964 1
063170 0
071622 0
068732 0
030666 0
175018 2
016149 1
017108 2
108535 0
030970 1
006194 1
048340 0
006419 1
003612 2
003614 2
003823 1
003473 0
003599 1
004062 1
003613 0
003576 0
003573 0
003615 0
149156 0
003432 0
124200 0
048308 0
017673 0
243452 0
002822 0
154175 0
067729 0
003625 2
004065 2
003681 0
134439 0
100907 0
036418 0
149396 0
066102 0
174989 1
174988 1
174979 0
164102 0
128623 0
003584 2
163746 0
003667 1
140424 0
005880 0
116309 1
087274 0
053483 0
168246 0
115411 0
068375 0
007915 2
007755 0
032802 2
065970 0
182480 0
078150 0
028506 0
115782 1
117757 1
117725 0
137385 0
138532 0
004895 1
119230 1
121400 0
077773 0
275071 0
164859 0
115410 0
167291 0
067533 0
137175 0
020090 2
020089 2
020096 2
013945 0
123847 2
187996 2
031220 0
003919 0
235335 0
004460 1
118649 1
115664 1
136936 0
016452 0
023466 0
266273 0
027024 0
002617 0
050819 0
137154 0
135662 0
185804 0
010272 2
098618 0
072857 0
098568 0
065528 0
187998 2
008742 0
005990 2
003672 0
115761 1
116011 2
114848 1
114852 1
003886 0
003570 0
137003 2
006182 1
006421 0
117922 0
066144 0
003756 1
003648 1
135486 0
112875 0
050636 0
136059 0
020543 0
119216 0
034987 0
136944 0
156945 0
068323 0
003640 0
083072 0
163233 0
053488 0
050208 0
079463 0
264363 2
264318 2
267213 0
162308 2
162306 2
046481 0
190852 0
135444 0
133315 0
099396 2
036449 0
051851 0
031402 2
031377 2
030599 0
222277 2
221928 2
221541 2
046387 2
046392 0
008338 0
109308 0
153464 0
065699 0
255988 0
098675 0
065797 0
014920 0
177030 1
177321 1
177422 1
134271 0
171487 0
135413 0
272783 0
033834 0
030969 2
035375 0
030945 0
013246 0
039879 2
040407 2
