151975 1
151970 1
227899 1
227906 1
019024 1
195548 1
224581 1
264966 1
264978 1
265549 2
265548 2
280349 1
004286 1
118117 1
117779 1
117670 1
039553 0
017925 0
152259 1
228038 1
157978 2
157982 2
019044 1
156544 2
000921 1
131991 1
131710 1
000862 1
019060 1
001618 1
268346 1
153071 1
153072 1
153304 1
134184 1
134010 1
134263 1
134292 1
142411 1
010435 1
289135 1
108531 1
194911 1
194990 1
195033 1
182699 1
182728 1
182729 1
182764 1
123258 0
267006 1
267083 1
019049 1
153089 1
153092 1
176005 1
175921 1
163705 1
163719 1
177036 1
177032 0
161302 1
161268 1
040248 0
155452 1
161283 1
163710 1
163706 1
132649 1
003963 1
018304 1
128899 1
128998 1
019052 1
125163 1
125215 1
125217 1
006944 1
120565 1
133845 1
002786 1
011914 1
150616 1
150646 1
018784 1
089061 0
159023 1
159020 1
159008 1
159029 1
159026 1
163921 1
264450 0
101432 1
238718 1
221922 1
221910 0
143114 1
143096 1
143097 1
158874 1
142967 1
002787 1
133846 1
133844 1
196390 1
200641 1
200642 1
200643 1
008802 1
139313 1
008909 1
196226 1
196218 1
181986 0
134964 1
134983 1
161271 1
161164 1
154560 1
134871 0
223776 1
069751 1
102924 1
117614 1
117429 1
117616 1
176264 1
196549 1
195901 1
195907 1
179911 1
179912 1
179722 1
147385 1
147384 1
014462 0
186153 1
146633 1
161392 0
123161 1
154697 1
154544 1
163938 1
163957 1
124970 1
124968 1
124971 1
202158 2
153515 1
153577 1
153513 1
153529 1
182492 0
000034 0
242134 1
193361 1
185796 1
185844 0
242110 1
188445 1
238726 1
242111 1
242135 1
242084 1
242092 1
242067 1
124686 1
239496 1
136039 1
136041 1
263622 1
238942 1
238727 1
156429 1
160294 1
160320 1
136118 1
136186 1
136117 1
124789 1
124845 1
006069 1
001613 1
011861 1
223477 1
013183 1
011905 1
137998 1
137972 1
137940 1
137971 1
013603 1
054705 2
054618 1
177083 1
130622 1
009185 0
263623 1
263604 1
263513 1
239536 0
001480 1
018506 1
000416 0
141961 1
008246 1
236702 1
136037 0
069827 1
103000 1
289357 1
289264 1
019724 1
019708 1
269578 2
269692 1
269705 1
069468 0
127607 1
192125 1
191972 1
192126 1
202902 1
176638 1
124862 1
124860 1
100958 1
012665 1
123357 1
209950 1
209387 1
197330 1
126281 1
126292 1
152908 1
011481 1
122749 1
169002 1
168804 1
180125 1
180126 1
180128 1
002292 1
148134 0
269357 1
269316 1
269317 1
280430 1
176822 1
185800 0
160458 0
196503 1
195948 1
195939 1
242133 1
231767 1
196425 1
196411 1
077040 1
153394 1
153396 1
012992 1
145908 1
223420 1
136327 0
159042 1
159114 1
158876 1
159010 1
159022 0
258700 1
258706 1
259550 1
258684 1
278634 1
179915 0
237242 1
001449 1
017805 1
240286 1
240290 1
240291 1
240300 1
240317 1
240318 1
170724 1
170725 1
170684 1
170685 1
170686 1
066541 1
031676 1
195726 1
195728 1
195737 1
195739 1
195803 1
195806 1
195815 1
195817 1
195830 1
195870 1
195933 1
123356 1
013266 1
170304 1
197340 1
170274 1
009517 1
007459 1
153466 1
153504 1
032430 1
032422 1
278898 1
088936 1
088987 1
197748 1
197869 1
197871 1
125005 1
124987 1
000635 1
126899 1
196485 1
196481 1
069102 1
102275 1
011192 1
013938 1
144789 1
087424 1
091687 1
190565 1
190527 1
190683 1
199458 1
199482 1
199483 1
199502 1
199558 1
126917 1
043957 1
044058 1
271872 1
271971 1
175589 0
195872 1
195744 2
238940 1
075940 1
076100 1
076014 1
169131 2
169132 2
169049 1
109086 1
269683 1
269467 1
278635 1
002304 1
176934 1
238824 1
256091 1
224459 1
256823 1
256831 1
126986 1
127130 1
053688 1
190903 2
001271 0
011219 1
144752 1
144806 1
124511 1
124492 1
124510 1
196370 1
163213 1
211219 1
100420 1
100509 1
128616 1
128475 1
128615 1
129654 1
129616 1
017296 1
129598 1
129653 1
079720 1
079728 1
219606 0
167069 1
169151 1
169172 1
286551 1
289654 1
289627 1
289617 1
163141 1
117315 1
117316 0
176382 1
176415 1
191303 1
191227 1
277007 1
276908 1
185915 0
258385 1
258341 1
122874 1
011986 1
122877 1
190942 1
191062 1
201082 1
200973 1
081268 1
081210 0
289368 1
288077 1
023634 0
127472 1
127382 1
127471 1
014196 1
014200 1
146881 0
000537 0
112251 1
112250 1
112384 1
112388 1
112391 1
167578 0
018219 0
238941 1
190842 1
128111 1
128133 1
009885 1
014868 0
111425 1
070644 1
103817 1
288774 0
193896 1
193884 1
193879 1
193883 1
159039 1
158944 1
164704 1
158921 1
163637 1
163514 1
163495 1
168333 0
229918 1
229950 1
069816 1
102989 1
232048 1
131478 1
131491 1
018629 1
128686 1
131538 1
128693 1
002859 1
063835 1
063425 1
002369 1
006335 1
285882 1
068042 1
068068 1
068097 1
068098 1
035076 1
035051 1
170341 1
170342 1
284620 0
270927 1
069602 1
102775 1
016629 1
018779 0
010035 1
122735 1
011766 1
122835 0
018321 1
098957 1
157425 1
157426 1
170340 1
275358 1
275351 1
132641 1
161933 1
061379 1
061381 1
018174 1
128981 1
090619 1
090968 1
191599 1
070745 1
103918 1
070670 1
103843 1
100193 1
169492 1
169493 1
169488 1
169494 1
169485 1
170172 1
170173 1
170171 1
127726 0
195886 1
131386 0
153157 1
153168 1
153027 1
153181 1
153180 1
153244 1
153455 1
153241 1
153158 1
153169 1
153488 1
126482 1
126442 1
170410 1
170418 1
170419 1
117928 1
004201 1
169333 1
169334 1
116797 1
007380 1
116991 1
226269 0
132521 1
132534 1
132502 1
139361 1
139344 2
236703 1
236330 1
236319 1
253833 0
126797 1
126777 1
126407 1
018531 0
164167 1
242258 1
156575 1
156574 2
135220 1
176769 1
176770 1
176758 1
195829 1
195814 1
195727 1
195805 1
195802 1
195816 1
195725 1
195869 1
195736 1
195932 1
195738 1
176787 1
176820 1
176819 1
176831 1
001466 1
018509 1
010370 1
011252 1
160827 1
160868 1
098099 1
098149 1
025466 1
025423 1
210559 1
153028 1
155969 1
169864 0
210967 1
042610 0
169265 1
118960 1
118945 1
130560 1
003141 1
253349 0
001598 0
156551 1
008658 0
154598 0
064817 1
064820 1
060505 0
188320 1
012616 1
207674 1
208462 0
063850 1
158207 1
158200 1
156941 1
014825 1
152962 0
234620 1
179696 1
085843 1
239089 1
219454 1
204300 1
204289 1
203475 1
000482 0
191007 1
238089 1
238108 1
238093 1
255914 1
255941 1
255850 1
255824 1
239548 2
144907 0
027092 1
185880 1
185855 1
006475 0
255747 0
238609 1
169285 1
169343 1
169344 1
127028 1
126900 1
126888 1
126894 1
018585 0
272715 0
202975 1
204168 1
202976 1
203116 1
202649 2
110105 1
007767 0
255767 1
255808 1
255790 1
255879 1
131711 1
280589 1
158122 1
158283 1
236265 1
236278 1
268425 0
036367 1
036409 1
036381 0
181014 1
076275 1
212211 1
018578 1
153581 1
153582 1
086478 1
239801 1
239926 1
240106 1
240178 1
240193 1
159981 1
160014 1
160020 1
002499 0
019042 1
238103 1
156917 1
239059 1
126890 1
110066 0
242903 1
242930 1
190998 1
242905 1
242901 1
035479 1
143645 2
143646 1
010857 1
143731 1
017582 1
156204 1
156276 1
014666 1
081738 1
081684 1
163145 1
018022 0
169329 1
169330 1
058341 1
035723 1
167486 1
167490 1
167491 1
167842 1
167914 1
167915 1
239024 0
159413 0
069402 1
102575 1
077049 1
065220 1
065211 1
153399 1
153406 1
222793 0
152011 1
110022 1
152134 0
076770 1
076393 1
076392 1
029397 0
021475 1
266094 1
266110 1
082468 1
043921 1
149049 0
003477 1
044550 0
113429 0
231430 0
042420 0
169358 1
169359 1
124180 1
012018 1
019766 1
170473 1
170474 1
170463 1
170398 1
170399 1
170375 1
169052 0
284442 1
015206 1
125541 1
144513 0
286653 0
163902 1
110823 1
108844 1
108872 1
108813 1
108753 1
108619 1
108700 1
108786 1
108573 1
108620 1
108794 1
113975 0
271972 1
089471 1
109962 0
019587 0
008153 0
219852 1
031076 0
033275 1
007207 0
076228 1
156283 1
076345 1
035725 1
035690 1
035482 0
081551 1
110083 1
026907 1
164126 1
065277 1
065728 0
081318 1
070522 0
195971 0
148906 1
271860 1
272283 1
272306 1
271867 1
085164 0
030505 1
287670 1
286794 1
286815 1
286836 1
287677 1
287892 1
225924 1
225923 1
177040 1
258967 0
141987 1
121774 0
164802 1
164944 2
164761 1
171375 1
171374 1
171373 1
078326 1
169123 1
169073 1
169074 1
015745 1
011855 1
124604 1
188785 0
078254 1
160899 1
219455 1
020739 1
020732 1
060302 2
033344 1
033352 1
068343 1
068310 1
158078 0
027550 0
116653 0
003986 0
069367 1
102540 1
246794 1
247365 1
248167 1
259981 0
163003 1
229437 1
202344 1
251813 1
251872 1
064337 0
111642 1
111647 1
111635 1
110757 1
110941 1
110752 1
110822 1
141966 1
141969 0
231895 0
125041 1
125141 1
199411 1
199442 1
160319 0
012377 0
076113 1
069700 1
102873 1
175588 1
155981 1
156034 1
088628 1
088778 1
193293 0
010837 1
110734 1
111471 1
110783 1
111476 1
110951 1
111860 0
111401 1
110739 1
111473 1
110848 1
111024 1
111478 0
111029 1
111631 1
111634 1
199499 1
229431 1
111047 1
110984 0
111323 1
111299 1
111393 1
111398 0
164823 1
169300 0
221221 1
221240 1
143649 1
041084 0
178651 1
178591 1
178625 1
178586 1
050051 0
142068 1
187493 1
187504 1
142097 1
193997 1
193732 1
193983 1
193832 1
205553 1
231278 1
165254 1
165256 1
202826 1
166907 0
176414 0
140607 1
140608 1
012256 0
034379 0
075911 2
075863 1
182265 0
119018 0
271994 0
186048 1
035726 1
087885 1
167038 0
112253 1
112927 0
147468 0
035703 1
154896 0
122460 1
122485 1
053290 0
151350 0
278972 1
001498 1
081810 0
190901 1
016644 1
139905 0
032643 0
234430 1
234791 1
001753 0
184615 1
262747 1
082305 0
281777 1
091267 0
052900 0
235163 1
269462 1
269472 1
264823 1
020946 1
020975 1
020948 1
039842 0
016557 1
269597 1
191765 1
227680 1
227794 1
075872 1
010179 1
122487 1
122461 0
190896 1
269600 1
278967 1
269471 1
269423 1
269554 1
269534 1
269461 1
087905 1
087906 1
141663 0
275973 0
255433 0
077034 0
271934 1
271963 1
158528 0
219886 1
219892 1
219907 1
240452 1
192571 0
232212 1
232246 1
242979 1
220479 1
220481 1
034696 0
157029 0
220910 1
194080 1
060805 0
185612 1
185887 1
231660 1
231662 1
231658 2
155853 1
093081 0
085205 1
196107 0
134155 0
169883 1
238728 1
238943 0
056339 0
035722 1
122837 1
035693 1
281167 1
007684 0
199699 0
098034 1
098004 1
166772 1
166773 1
166595 1
097822 0
191220 1
191146 1
001237 1
132030 1
076662 0
136428 1
136438 1
239744 1
239746 1
270125 1
270122 1
181297 0
185661 1
185659 0
099124 0
242286 0
159765 1
127495 0
000618 1
131581 0
124706 1
124660 1
009693 0
135104 0
201952 0
198469 1
227568 0
089472 1
029147 0
050193 1
225192 0
126447 1
171922 1
171670 1
131203 1
182896 1
252518 0
108839 0
230775 1
242279 0
132483 1
132496 1
156760 1
217696 1
012873 0
013410 1
129750 0
018929 1
152588 1
152597 1
177816 0
190965 1
126350 0
148190 1
256813 1
193843 1
098556 0
226121 0
016530 1
243655 1
126962 1
127126 1
155593 1
066956 1
040661 1
119734 1
005288 1
242942 0
138033 0
265448 0
019392 0
170239 0
000031 1
131445 1
230778 1
111289 1
225084 1
225078 1
138540 1
191540 1
191515 1
191496 1
183965 0
071412 0
089148 1
089167 1
071688 1
104861 1
030835 0
154494 1
191665 1
183742 0
013747 1
181452 1
155837 0
013741 0
191399 0
051575 0
258874 0
152974 1
056270 0
068688 1
001895 0
241065 0
038219 0
262751 0
014143 1
199259 0
059072 0
081359 1
081336 1
081146 1
278742 1
278794 1
278181 0
155696 1
193209 1
193212 1
029324 0
142305 0
281698 0
151864 1
231373 0
163689 1
243761 1
243741 1
236212 1
045248 0
191976 1
115729 0
037739 0
018661 0
125192 1
125195 1
125196 1
151152 1
233728 1
217910 0
012612 1
193210 1
191825 0
148191 1
148196 1
148197 1
148198 1
012613 1
123010 1
236195 1
089168 1
163701 1
089674 1
089955 1
148350 1
068669 0
155548 1
155322 1
155230 1
155219 1
155224 1
155216 1
151166 1
151172 1
150546 1
150562 1
150547 1
253078 1
253246 1
253245 1
254408 1
255046 1
008511 1
233767 1
233768 1
158665 0
145483 1
145486 1
145480 1
234048 0
238107 0
001377 0
274578 0
159025 0
190603 1
067650 0
017728 0
098563 0
281950 0
131417 1
162687 1
161857 1
161859 1
124002 0
203160 0
191104 1
124007 1
114563 1
114588 1
007718 1
121152 1
025526 0
173188 0
256895 0
080057 0
111043 0
155111 0
154405 0
264960 1
017023 0
270325 1
270334 1
270315 1
226534 0
169376 0
066443 2
109293 0
027201 0
241767 1
002563 0
180055 0
226390 0
061100 0
032661 0
021376 0
232632 0
167879 0
178234 0
152988 0
171862 1
133843 1
133842 1
002795 1
172094 1
258726 0
262597 0
230598 1
128640 1
004882 0
079078 0
151186 1
157504 1
157505 1
157503 1
157495 1
157496 1
157433 1
157341 1
168597 1
168598 1
168656 1
168657 1
211276 1
211278 1
154114 0
114589 1
114593 1
255314 0
128641 1
171991 1
152111 1
018774 1
152106 1
140409 0
185666 0
016618 1
148070 1
016586 1
016704 0
199882 0
138992 0
149681 0
243982 0
156155 1
156170 1
156171 1
210422 1
050824 1
050801 1
081685 0
101370 0
152863 1
152864 1
075844 1
016560 0
262474 0
089060 1
007414 0
005497 0
157605 0
190564 1
005887 0
008740 1
283711 0
002068 0
200504 0
191652 0
177871 1
192479 1
262601 0
039019 0
071492 1
104665 1
133523 0
082123 1
071541 0
024030 0
024340 0
124690 1
116919 0
180468 0
108032 0
189405 0
146218 1
236420 0
119209 0
254023 0
109577 0
048321 1
048293 1
254355 0
163805 1
116515 2
116960 1
186729 0
002699 0
108469 0
056372 0
099966 0
118434 0
182667 0
143944 1
193285 0
286711 0
194955 1
117945 0
155324 0
011435 0
182326 0
019892 0
143888 1
211329 0
111417 0
093371 0
131858 1
074592 0
273579 0
247289 0
107879 1
163790 1
163791 1
128167 0
172739 0
252605 0
075913 0
165266 0
151252 0
107984 0
155555 0
215009 0
015818 0
018323 0
138897 1
002566 1
190294 0
159028 0
012260 0
279937 0
124957 0
168557 0
256300 1
178270 1
027082 0
005600 0
181993 0
231642 0
191096 0
160977 1
090612 1
090620 1
090631 1
259549 0
258596 1
258598 1
258593 1
258997 1
259019 1
258640 1
258678 1
256241 0
191975 1
051113 0
192134 1
265499 0
153243 0
039225 1
039230 1
151919 1
008502 1
265829 0
263058 0
133833 1
133837 1
133787 2
133799 1
281105 1
281109 1
129032 2
132755 0
079015 0
064632 0
023625 0
195885 0
077261 0
101718 0
224035 0
017558 0
017791 0
154231 1
007779 0
017268 0
269509 0
111149 0
064343 0
255259 1
115528 0
151085 0
185320 1
185243 1
238953 0
111239 0
125112 0
231212 0
164575 0
114323 0
196801 0
096690 0
020719 0
153547 1
157943 0
154178 1
138847 1
138788 1
138858 1
006568 1
258996 1
259018 1
129028 1
018123 1
129027 1
040826 1
040850 1
191836 1
131869 1
131866 1
046422 0
129006 0
133731 0
033747 1
040622 1
038967 0
241505 0
249127 0
279479 0
034336 0
013947 0
122464 1
007556 0
125013 1
124965 1
130961 1
130929 1
193914 0
257969 0
197348 0
210933 1
210936 1
147375 0
235384 0
141425 0
011692 0
207952 0
213230 0
003266 1
238719 0
017355 0
109522 0
002444 1
115243 0
048912 0
204312 0
011047 1
161033 0
150005 1
172841 1
172844 1
172908 1
155495 0
014493 0
012707 1
133517 1
002611 1
199391 0
154441 0
115606 0
133798 1
141646 1
181001 1
098022 0
162518 0
260208 0
165406 0
185848 0
141905 0
139778 0
031531 0
281292 0
157060 1
013185 0
050941 0
159031 0
085964 0
184616 1
129785 1
081333 0
197066 1
197067 1
015035 0
020974 1
243887 0
181170 0
063851 1
009778 0
144167 0
060401 0
067764 0
032949 0
109804 1
174136 1
174129 1
197303 1
008280 1
020945 1
157062 1
093318 0
091158 0
193562 1
193558 1
197818 0
179471 0
134293 1
134273 1
258274 0
063855 1
151527 1
151504 1
243486 0
000985 0
229762 1
229852 1
163019 0
199977 0
150395 0
190479 0
158111 0
048249 0
000935 0
146492 0
167742 0
186680 0
288813 0
174990 1
174954 1
014230 0
035105 0
137213 1
019365 0
011929 0
182407 0
195210 0
216167 0
143630 0
015815 0
037806 0
135509 1
