286272 1
286284 1
286273 1
286285 1
007096 2
112891 1
259908 2
259912 2
283431 0
261876 1
260139 1
260123 1
125938 2
014790 2
125937 2
186961 2
186956 2
177436 2
269835 1
263037 0
178283 1
286158 0
285938 2
237814 1
283890 0
288012 2
191743 1
191730 1
191800 2
191846 2
062515 2
097341 2
097347 2
288789 2
099178 2
099213 2
099347 2
286617 2
027498 1
026003 1
026004 1
019356 1
019347 2
278751 0
053149 1
053147 1
050400 1
050290 1
050557 1
050487 1
050515 1
050567 1
028881 1
029086 1
029429 1
053532 1
046800 1
046890 1
054314 1
053689 1
053972 1
053928 1
025623 1
029463 1
029466 1
025164 1
085069 1
039289 1
039287 1
267034 1
267063 1
053469 1
053300 1
055051 1
082067 1
088968 1
088863 1
004200 1
283455 0
054363 1
054399 0
054477 1
053210 1
048687 1
050595 1
050674 1
050571 1
054303 1
053211 1
053180 1
046386 1
046391 1
144131 1
015427 0
053205 1
129362 0
210687 0
053267 1
053316 0
053100 1
144144 1
053123 0
058832 0
173708 1
059432 0
195750 0
008592 1
053907 1
054169 1
054038 1
054255 1
052810 1
053292 1
054955 0
035205 1
054888 0
050586 1
050579 1
024451 1
024431 1
024468 1
052142 1
053213 1
053208 1
108174 0
008997 0
057618 1
036502 0
086800 0
257511 0
056786 1
057171 0
047185 1
047400 1
131268 0
079832 1
054229 0
230911 2
284274 0
077388 1
082922 1
077400 1
066403 0
026832 1
026825 0
023590 0
052862 1
052846 0
165415 0
054744 0
051830 1
120907 0
054262 1
015131 0
288786 0
284479 0
178501 0
028171 2
028172 2
029151 1
030119 0
173317 0
050996 1
050984 0
050542 1
266636 0
286124 1
286138 1
005146 0
271118 1
259590 0
053199 0
178930 1
278225 0
051312 1
051299 0
123257 2
123149 2
014728 2
126368 2
126369 2
274466 2
082889 1
010479 2
284287 0
071465 2
104638 2
009658 2
099552 0
057969 1
057972 1
000221 0
000632 1
025534 0
260436 0
196526 0
053075 0
068580 2
189150 1
117885 0
079313 0
071064 0
066812 1
100975 1
110285 0
008526 1
088496 1
045138 1
044668 0
234784 1
234729 1
186942 1
