256945 0
230335 2
230340 2
230428 2
230355 1
230426 2
206291 1
206280 1
193018 0
196066 0
258140 1
230364 2
230363 2
223497 2
196063 2
230344 1
230337 2
198157 1
198455 1
198415 1
198115 1
198118 1
197992 1
197993 1
198101 1
257920 1
275039 0
264311 1
193241 2
198025 1
198244 1
243031 1
192655 2
192663 2
192675 2
192677 2
192678 2
184158 2
184192 2
258353 1
192945 1
254519 1
275171 1
235789 1
256116 1
277428 1
254610 1
253810 1
229488 1
237009 1
253813 1
201220 1
190852 1
182488 2
225396 1
225455 1
225391 1
237403 1
227723 1
200051 1
269307 1
273216 1
170618 2
279002 1
274684 1
274755 1
275049 1
275053 1
275057 1
275060 1
275022 1
273940 1
194742 1
194745 1
274541 1
263989 1
157915 2
192394 1
274779 1
274764 1
244910 1
278512 1
162882 2
018698 1
282846 1
282864 1
282847 1
259015 1
210361 1
257973 1
258195 1
010786 2
241490 1
127117 2
127264 1
127279 2
184530 2
184556 2
184588 2
184555 2
225764 1
225781 1
232476 1
279053 1
276653 1
273448 1
267334 1
280219 1
234849 1
234835 1
234820 1
279055 1
253648 1
268961 1
234111 1
012750 2
202248 2
202805 2
267160 1
158185 2
226749 1
176308 2
234068 2
234114 1
234066 1
018787 1
231898 1
286424 1
286427 1
256582 1
284974 1
152397 2
221180 1
235141 1
228971 1
285304 1
287774 1
158186 2
284985 1
257589 1
211234 1
274670 1
267933 1
276458 2
153792 1
197763 1
274719 1
257974 1
192572 1
198024 1
152394 2
234413 1
234744 1
234736 1
259841 1
191890 1
244319 1
287546 1
244305 1
256447 2
244397 1
230065 2
274365 1
210727 1
171519 1
190644 2
255674 1
256043 1
255652 1
254994 1
160331 2
243640 1
229438 1
236111 1
243634 1
244416 1
159852 2
268031 1
259514 1
253072 1
244399 1
164091 1
163471 0
279064 1
184518 2
221402 1
162819 2
213213 1
276906 1
285320 1
279422 1
082641 1
154786 1
179398 1
154568 1
267238 1
267401 1
239343 1
154482 1
155031 2
154490 1
154591 1
154881 0
198889 1
199042 1
199044 1
199096 1
240271 1
257108 1
154775 1
164146 0
216295 1
284330 1
196081 1
271679 1
199069 1
002815 1
002622 2
269168 1
276658 1
254248 1
221656 1
221637 1
221581 1
199068 1
191185 2
156647 2
156642 1
192558 1
219675 1
197039 1
274562 2
162876 2
187255 2
187259 2
219727 0
229631 2
158714 1
220748 1
165387 1
278243 1
173202 2
173650 1
158606 1
222521 1
222055 1
152398 2
138253 1
138290 1
256890 2
256888 2
256932 1
256880 1
256970 1
257443 1
257390 1
257038 1
257138 1
256892 2
154427 1
257499 1
257503 1
071106 1
104279 1
071104 1
104277 1
272303 1
284161 1
285653 1
221429 1
270939 1
270986 1
279771 1
270958 1
270993 1
138763 0
079258 1
079259 1
075049 0
244972 1
244964 1
277173 1
278606 1
278621 1
278569 1
277175 1
221887 1
255411 1
278702 1
278785 1
257361 1
173207 2
152276 1
271313 1
274786 1
256931 2
274797 1
274996 1
257094 1
244971 1
244973 1
244974 1
247029 1
247385 1
016635 1
276861 1
274678 1
274680 1
274685 1
275400 1
275403 1
274736 1
274772 1
274998 1
274997 1
275402 1
275001 1
275061 1
275000 1
275486 1
274703 1
275416 1
275414 1
274713 1
274711 1
275399 1
274706 1
275395 1
275415 1
275396 1
274746 1
274762 1
275413 1
274716 1
275002 1
274768 1
274733 1
274757 1
274709 1
274742 1
275062 1
274640 0
247415 1
139392 1
139475 2
274744 1
157679 1
274732 1
173213 2
117133 1
275135 1
156693 2
151313 1
201533 0
173216 2
275163 1
257370 1
274749 1
274727 1
169647 1
202656 1
275401 1
274734 1
256965 2
257415 1
156351 1
162056 2
154771 1
172953 2
172954 2
257313 1
137220 2
153556 1
274783 1
156124 2
137821 1
137861 1
137833 1
137856 1
153571 1
153558 1
153535 1
154824 1
173330 2
153968 2
274777 1
274962 1
274778 1
138385 1
275038 1
175742 0
274620 1
274836 1
274838 1
275076 1
154788 2
154789 2
257110 1
270987 1
276843 1
275857 1
137364 1
137374 1
257324 1
269894 1
270967 1
257393 1
257438 1
256867 1
242333 2
242337 1
151310 1
153738 1
153710 1
275071 2
275081 2
150202 1
151544 1
151306 1
151318 1
151305 1
172929 2
172878 1
137316 1
173314 2
151545 2
197756 1
173200 2
173318 2
000106 1
153085 2
157893 2
176466 1
275125 1
274815 1
015890 1
275078 1
154126 2
276864 1
274625 1
173326 2
173248 2
275137 1
173411 0
163126 2
163129 2
257937 1
154131 1
014352 1
147163 0
201672 2
201691 2
154734 0
275074 1
275079 1
195894 1
158948 2
257166 1
257320 1
257321 1
189917 1
275430 1
274820 1
274658 1
275006 1
257374 1
257365 2
267629 1
247028 1
247384 1
210492 1
274841 1
276664 1
274662 1
274635 1
274830 1
154790 2
275033 1
154802 2
257307 1
257302 1
257172 2
274871 1
274712 1
270981 1
270935 1
270881 1
270889 1
281038 1
274724 1
266772 1
154429 1
275026 2
269074 1
274873 1
266768 1
269048 1
275659 1
266443 1
266362 1
266072 1
266069 1
268780 1
268611 1
275664 1
265282 1
265315 1
265245 1
265329 1
265224 1
275283 1
275292 1
268960 1
274775 1
269611 1
269614 1
274566 1
268944 1
268954 1
269036 1
267124 1
269465 1
266784 1
269020 1
268663 1
268674 1
268678 1
269602 1
268762 1
257117 1
257161 1
276700 1
276808 1
269547 1
274626 1
257237 1
257234 2
267989 1
274568 1
274760 1
275260 1
117120 1
025714 1
275275 1
025296 1
274579 1
238482 2
154764 1
204806 1
205411 1
257134 1
275212 0
247387 1
247346 1
244873 2
256889 2
257135 1
256993 1
247309 1
245033 1
274754 0
256940 2
197214 1
197205 1
256987 2
177565 1
177571 1
034166 0
154517 2
177920 1
173331 2
274570 1
219199 0
274737 1
274740 1
153712 1
019032 1
257402 1
141561 2
137293 1
137288 2
276971 1
099631 0
277000 1
274674 1
016029 1
148992 1
264989 1
153978 1
273426 1
201954 2
275068 1
157887 1
161388 1
264027 1
276677 1
275032 1
275398 1
154826 1
154518 2
154811 1
276668 1
275121 1
173042 1
275738 1
173205 1
275280 1
275472 1
274701 1
257168 1
274667 1
274739 1
274741 1
257140 1
257167 2
269246 1
274720 1
274601 1
283188 1
002315 1
257678 1
257672 2
168132 0
275069 1
182631 1
176693 1
182637 1
176731 1
176695 1
176735 1
176733 1
176738 2
224069 1
133162 1
077143 1
154756 1
116046 0
177971 1
154522 1
154813 0
204674 2
270953 1
163455 1
161847 1
161176 1
149142 1
221981 1
163762 1
154898 1
155576 1
085621 1
085631 1
250460 2
165398 1
148545 0
264409 0
206269 2
197244 1
275031 0
173561 1
173296 1
274632 1
176408 1
150878 1
193971 0
154671 1
154672 0
274600 0
237434 1
176421 1
119892 1
160962 1
005462 0
275350 1
275349 1
275509 1
275594 1
204476 2
161263 0
190808 1
190778 1
190827 1
201070 1
201148 1
201059 1
201142 1
274595 1
237420 1
232463 2
237419 1
237435 1
165747 1
276357 1
276359 1
190386 2
270892 0
018867 0
256893 1
094328 1
004144 1
118253 1
154749 2
178648 1
178763 1
178769 1
178787 1
276593 1
276338 1
154902 1
161146 1
275805 1
153052 1
276842 1
276848 1
276380 1
276566 1
150088 1
156492 1
156493 1
156486 1
148787 1
273262 1
155167 0
190777 1
270802 1
270798 1
270801 1
196879 0
052775 1
052637 1
223899 0
270994 1
273961 1
273936 1
274016 1
273221 1
273451 1
276678 1
278548 1
278616 1
132816 1
132716 1
132796 1
132795 1
132834 1
132868 1
132873 1
285989 1
229348 1
285953 1
257158 0
226748 0
276992 1
276996 1
271059 1
271054 1
276659 1
271304 1
271601 1
271110 1
160865 1
276744 1
275485 1
275491 1
273250 1
225454 1
225395 1
211766 1
173315 2
188101 2
279051 1
279059 1
276749 1
165833 1
165837 1
165716 1
165743 1
165875 1
158036 1
173381 1
173386 1
173408 1
187276 1
278540 1
276844 1
138236 2
138237 1
255347 0
157176 1
157181 1
260380 1
275178 1
276716 1
276715 1
173588 0
010552 1
174422 1
174407 1
174423 1
276379 1
166056 1
279065 1
173686 1
173898 1
276849 1
278547 1
278615 1
273214 1
278532 1
278538 1
271036 1
271032 1
173257 2
271044 1
276748 0
173329 2
161303 1
161356 1
275365 1
260364 1
257420 1
257426 1
176220 1
173412 2
177885 0
174625 0
273305 1
158560 1
263191 1
263187 1
225787 1
068716 0
006983 0
275070 1
164291 2
129926 0
260981 0
257377 0
156494 0
273246 1
275080 1
274627 1
278798 1
278734 1
276002 0
277283 0
158551 0
278386 1
278383 1
271322 1
224392 1
224160 1
223961 1
225780 1
278550 1
001552 1
154524 0
281936 1
173805 1
136199 1
286426 1
286423 1
008754 2
278684 1
179117 0
221847 1
240284 1
148772 2
283475 0
274605 0
271591 1
171566 1
171555 1
211580 1
211767 1
049168 1
049176 1
041905 1
272169 2
272128 2
272129 1
272001 2
272403 1
119254 1
173308 2
271508 1
271406 1
176221 1
262792 0
164138 0
030131 0
172779 1
141362 0
162338 2
271301 1
257805 1
256886 2
257800 1
273903 1
257157 1
257145 1
278559 1
276339 1
276358 1
276360 1
276381 1
276567 1
278640 1
278641 0
172767 2
273888 0
201060 0
175361 1
175605 0
271391 1
271509 1
138624 1
138605 0
271077 1
256982 1
276565 1
192994 0
178083 1
048718 2
278800 0
221903 1
278551 1
142066 0
017581 0
015744 1
271540 0
271374 1
162356 1
162351 1
276742 1
160817 0
276667 1
153725 1
153749 1
276822 1
154503 0
140626 0
063302 0
173327 2
116876 0
063605 0
154516 0
047410 0
176426 1
173335 1
274633 1
274639 1
276596 0
119489 0
274573 1
173347 2
147090 0
254390 0
274585 1
007158 2
154538 1
173253 1
162815 1
278184 0
061214 1
061176 1
061169 1
277835 0
154793 0
114018 0
252220 0
272190 1
272193 1
158972 1
082639 0
162825 0
271015 1
277003 1
161192 0
226400 1
226475 1
092046 0
276751 0
111499 1
110352 1
253389 0
173409 2
052751 0
262802 0
174697 1
174734 1
174863 1
163593 0
274617 1
274636 1
181744 1
043658 0
154763 1
154823 1
154843 1
154836 1
154173 1
154809 1
154632 1
153969 1
154067 1
154068 1
153988 0
154845 1
154633 1
174874 1
154481 1
154489 0
159062 0
173307 2
276689 1
093474 0
274607 0
168532 1
168501 2
168502 2
271076 1
150125 1
150117 1
153458 0
173334 1
271116 1
276939 1
188814 0
004324 0
173389 2
173397 2
154574 1
154575 1
173384 0
274624 1
272223 0
286643 1
286782 1
286809 1
286714 1
280080 0
005083 0
227973 0
016720 1
154957 2
173415 2
154958 1
028877 0
275059 1
275056 1
275048 1
173398 2
165395 0
275151 1
027844 0
264799 1
264858 1
264860 0
190094 0
276825 1
270951 1
271065 1
047152 0
137311 0
257121 1
173275 1
271124 1
194719 1
194727 1
094331 0
256927 1
275521 1
160616 2
160610 2
275366 1
257218 1
257207 2
275363 1
141878 0
008971 0
158321 2
194510 0
117290 1
117478 0
264990 0
158453 1
173400 2
257455 1
257454 1
172896 2
277004 1
257502 1
211511 0
053031 0
235527 0
009675 1
122090 1
274366 1
275884 1
168489 1
257127 1
275422 1
275052 1
286808 1
173388 1
274602 1
286781 1
117114 0
087281 1
087259 0
000328 0
271106 1
253812 1
113812 0
107772 1
107759 1
238226 0
014208 1
276801 1
270992 1
270957 1
148724 0
274574 1
138292 0
276945 1
196459 1
224172 1
224023 1
224061 1
074751 0
221693 0
225946 1
226069 1
154787 0
274807 1
274801 1
225901 1
225752 1
278637 1
278632 1
158332 0
168888 1
025713 0
082088 0
087283 1
276713 1
004668 0
164369 1
199489 0
275362 1
187805 1
167223 0
154454 0
274592 1
276917 1
276731 1
226723 0
277063 1
277067 1
276649 1
270954 1
277786 0
074738 0
170538 2
256411 0
267885 0
165820 1
152231 0
258327 0
162782 1
136877 0
054380 0
229064 0
253753 0
005411 1
014603 1
126152 1
