232732 1
232735 1
155445 0
192357 0
064906 1
064828 1
180026 2
188535 0
064808 1
064597 1
064766 1
064797 1
064931 1
064922 1
154395 2
064688 1
176622 2
176651 2
182927 1
076977 2
177987 1
160515 1
014050 1
014471 1
145857 1
013083 1
287922 1
287928 2
287934 2
287980 1
288692 1
289957 0
155800 1
257264 1
257231 1
018978 1
155433 1
124017 2
124016 1
064483 1
064587 1
174773 1
154686 1
154668 1
152261 1
082827 1
123959 1
123579 1
123697 1
066269 1
085968 1
188154 1
188132 1
188128 1
064871 1
064857 2
064920 1
187267 0
124041 0
064826 1
124321 1
064472 1
123067 1
123053 1
265828 1
265853 2
265901 1
265960 1
266057 1
065969 1
065968 1
064443 1
064457 1
064492 1
064777 1
048326 0
064914 1
064475 1
064499 1
078206 1
152711 2
152713 1
169674 1
169687 1
267911 2
267917 2
277469 2
099575 1
074823 1
124343 1
124340 1
064924 1
284043 0
092976 1
014828 1
125891 1
112921 1
064841 1
082809 1
243984 0
265906 1
265858 1
064822 1
064875 1
064913 1
077824 1
232780 1
233102 2
177160 1
123998 1
064905 1
064862 1
066356 1
064439 2
064501 1
064487 1
064495 1
064404 2
064872 1
062746 1
230350 0
178103 1
164239 1
152479 1
152494 2
152386 1
069190 2
102363 2
284662 0
066228 0
182332 2
182331 2
065730 2
065599 2
075552 0
166028 0
288572 1
065660 1
283766 0
064821 2
187164 1
186868 1
101240 1
101239 2
101234 1
101217 1
101055 1
064319 1
279180 1
080444 2
187344 0
066445 1
064882 2
192395 0
066091 1
066094 1
082805 2
099027 1
099038 1
099018 1
066347 1
066335 2
064414 1
176279 1
064907 1
077219 1
064585 0
064869 1
087545 1
064790 1
157056 1
064429 1
188540 0
152485 1
064600 1
123989 1
064592 1
153638 1
071542 1
104715 1
177251 1
157979 1
123160 1
123993 1
123983 1
170585 1
170525 1
187357 0
284512 2
284523 1
284549 1
284569 1
284516 2
153025 1
064814 2
069434 1
102607 1
064843 1
064929 1
065904 1
124617 1
252448 0
124437 1
124420 1
124341 1
124344 1
068174 1
064805 1
065893 1
283802 1
123233 1
124601 1
123137 1
124291 1
124459 1
124627 1
210588 1
210624 2
192397 1
123999 1
067912 1
155656 1
180547 1
012743 1
155621 1
016988 1
260844 1
151189 1
015300 1
111402 0
127510 1
235905 0
124181 1
184519 0
287864 0
127367 1
163117 1
163112 1
123995 1
156877 1
156914 2
168257 1
168030 1
123940 1
267709 1
013006 2
182325 1
182330 1
079186 2
079221 1
263682 0
167884 1
013067 2
198890 0
167543 1
167547 1
167548 1
180591 0
068379 1
068308 1
289802 0
263808 0
162727 1
170382 1
170385 1
167592 1
085386 1
192511 0
155257 1
152871 1
152910 1
152990 1
171128 1
014659 1
126087 1
123391 1
081232 1
082812 1
064823 1
233541 1
164101 1
164016 1
163792 1
177672 2
177696 1
177671 2
124616 1
179932 0
176827 0
160995 1
160970 2
066046 1
199662 0
123992 1
124162 1
014829 1
125888 1
124425 1
086196 0
187053 2
187072 1
167593 1
167594 1
167584 1
068337 1
067599 1
168927 1
168926 1
188071 0
150737 2
187695 0
087843 1
087754 1
084935 1
090333 2
087835 2
069248 1
102421 1
069203 2
102376 2
082766 1
168088 1
167942 1
276130 0
196090 0
083131 1
071373 1
104546 1
071360 1
104533 1
071351 1
104524 1
287271 0
005863 0
167602 1
167603 1
167582 1
170425 1
170426 1
170422 1
170381 1
170384 1
167583 1
167604 1
167605 1
167525 1
167526 1
064435 1
167581 1
167599 1
167600 1
117379 0
162512 1
009364 1
131752 1
193636 1
193625 1
193621 1
167559 1
167576 1
167577 1
077286 1
077279 2
183179 1
164226 0
124130 2
124097 1
124135 1
076916 1
076921 1
183584 1
183557 1
183611 1
077806 0
174991 2
174742 2
174739 1
174992 2
169673 1
170347 1
170349 1
177912 1
178296 0
109561 2
083034 2
187882 0
079032 1
082869 1
070355 1
103528 1
070356 1
103529 1
070389 1
103562 1
076973 1
076974 1
064848 1
124428 1
066723 1
099605 1
167509 1
193637 1
193638 1
167596 1
167597 1
167579 1
193746 1
030649 0
185092 0
015059 1
082658 2
082597 2
012958 1
170354 1
170355 1
170352 2
227949 0
145787 0
064839 1
170154 0
108750 1
066088 1
124427 1
167643 1
167641 2
076961 0
124550 1
124548 2
187696 1
187707 1
066166 2
066131 2
077132 1
124337 1
130839 1
130800 1
000415 1
123091 1
150565 1
016972 1
000359 1
130810 1
130835 1
130808 1
148201 1
148202 2
016566 1
000594 0
149428 1
128430 1
123536 1
151090 1
068895 0
124487 1
123997 1
000304 1
095460 0
124467 1
124470 1
123736 2
123726 1
123743 1
182336 1
077124 2
267704 2
267710 2
267701 1
189837 2
189849 1
189838 2
077187 1
229847 0
186853 1
186852 1
153022 1
170337 1
185055 0
176780 1
167886 2
167928 1
168506 0
256381 1
114210 1
114068 1
156540 0
021798 0
176990 1
176981 1
176984 1
176972 1
176971 1
176980 1
176986 1
152720 1
249427 1
176686 1
176636 1
176649 1
007938 1
121351 1
018198 2
222775 1
222653 2
222655 2
130836 1
128439 1
130817 1
016844 1
130805 1
130831 1
130739 1
130773 1
015769 1
146663 1
222739 1
016864 1
151170 1
130811 1
000320 1
128151 1
016850 1
150624 1
145836 1
133034 1
000391 1
130852 1
000298 1
127536 1
124010 1
164995 1
127238 1
000302 1
127879 1
000354 1
130799 1
127825 1
016188 1
168934 1
151213 1
016858 1
130869 2
000327 1
130809 1
017179 1
222923 1
149956 1
017182 0
123892 1
124466 1
156197 2
154071 1
000325 1
124438 1
124422 2
130816 1
000360 1
000323 1
130655 2
130672 2
130639 1
130628 1
016987 0
000312 1
130833 1
130859 1
130853 2
130850 2
000299 1
130843 2
015597 2
149316 1
130896 1
000390 1
129718 1
000783 1
150087 0
014506 1
147460 1
150303 1
016841 1
000326 1
130818 1
003165 0
000435 2
000353 1
251938 0
166962 1
166963 1
166961 1
166872 1
124015 1
192796 1
196181 0
112991 1
067093 1
067099 1
039138 0
066249 0
030552 0
167585 1
130837 1
130807 1
130806 1
000322 1
129868 2
129869 2
129874 1
130801 1
015580 1
167590 1
167591 1
130802 1
130747 1
130840 1
000356 1
015726 1
151137 2
151133 2
151124 1
000431 1
016546 1
139433 0
124186 1
150425 1
150434 1
016933 1
150908 1
017086 1
150323 1
150379 1
013144 1
114249 1
276204 1
149398 1
149400 2
133118 2
015790 1
133173 0
184311 1
184304 2
192545 0
130899 1
130846 1
130885 1
144269 1
011048 1
175367 1
187496 0
066802 1
066524 1
187227 1
177013 1
177070 1
000297 1
180230 2
152127 1
021587 0
178513 1
152851 1
169181 0
147305 1
151602 1
124260 1
136265 1
155665 1
288776 0
152047 1
152057 1
012680 0
150985 1
150658 1
150677 2
150679 1
150690 1
078716 0
125425 0
155748 0
082087 1
183530 1
101872 0
076611 1
076086 0
188246 0
065886 1
065865 1
129853 0
064840 1
128349 1
064899 1
016963 1
000318 0
126815 0
064893 1
124248 1
124257 1
123925 1
011899 0
068019 1
289955 1
289969 1
150681 2
180232 1
152824 1
152833 1
160565 1
150766 0
182908 2
176632 2
176633 2
176678 2
178332 2
178322 2
178331 2
182260 2
182189 2
151379 2
151304 2
007261 0
151291 2
160046 2
160074 1
183372 1
224475 2
224441 0
047668 0
289368 1
124063 1
124026 1
284568 1
284548 2
284522 1
064455 1
017336 1
150759 1
064474 1
124234 1
223926 0
218734 0
184878 0
099255 1
156726 0
064468 1
120333 1
120293 1
066225 1
150720 1
188295 0
151231 1
137552 2
006290 1
137603 2
005038 0
165636 0
003174 0
107719 1
179268 1
005963 1
266056 0
177196 1
178122 1
178107 2
209843 1
210023 1
210320 1
221523 0
164120 0
124615 1
018716 2
066462 1
065695 1
176324 1
002230 0
042401 0
175542 0
064818 1
173308 0
082840 1
082847 1
180076 0
064599 1
224488 0
285092 1
285209 1
111105 0
086107 0
067251 1
071481 1
104654 1
071514 1
104687 1
071482 1
104655 1
071513 1
104686 1
124354 1
124353 1
155599 1
288712 1
288721 1
064878 1
016824 1
016859 1
178464 1
178458 2
172998 1
016803 0
199395 0
017150 0
128248 0
064273 1
173419 1
173426 1
173496 1
139588 1
086192 1
086184 1
064459 1
064460 1
218213 1
218222 1
175829 1
082974 1
182363 1
179479 0
167685 1
167686 1
167805 2
167788 1
192469 0
121978 1
009518 2
121979 2
255761 0
259120 0
019973 2
007401 1
185881 0
222522 0
064785 2
064786 1
164663 0
276940 0
070966 0
064640 1
064520 1
287834 0
000620 0
187891 1
013466 0
075854 0
285889 0
206828 0
064860 1
170877 0
123650 1
180223 1
180159 2
124082 1
124093 1
124117 1
015637 1
149620 1
127090 1
191253 1
006838 1
014590 0
065045 1
200283 0
197811 0
189577 1
189530 2
101448 0
064928 2
187204 0
039180 0
143610 0
210842 1
210816 1
210827 2
220212 1
130847 0
112948 1
070104 0
080223 0
075809 2
076133 1
064598 1
190044 0
006698 0
123823 1
196783 0
082999 1
091236 0
143462 1
167458 0
224229 0
006008 0
004302 0
146942 0
202794 0
162032 2
162076 1
191910 2
192165 2
192166 1
173852 1
118773 0
036195 0
064523 1
064530 1
064588 1
001597 1
033571 0
125922 0
126709 0
155338 1
195702 0
123968 1
128449 0
064908 1
005454 1
120009 1
152501 0
117792 1
117758 1
117793 2
089470 1
192250 0
081761 0
010497 0
231938 0
201768 0
187382 1
064409 1
033495 0
179799 0
076246 1
013250 1
136316 0
167000 1
052192 0
069987 0
154808 0
187317 0
181367 0
088180 1
088178 1
088349 1
127089 1
126882 1
124768 1
124770 1
125177 0
124433 1
151450 1
082192 1
082197 1
186569 0
015729 2
133623 1
138805 0
009580 0
082049 1
124351 1
112682 0
028520 0
076316 0
130544 1
000418 1
124395 1
136219 0
015317 1
125416 1
276308 1
188423 0
111773 1
111433 2
111432 2
124516 1
147137 0
115027 2
036145 0
178101 0
127225 0
078480 1
124145 2
124191 1
124614 1
037104 0
009345 1
121815 1
141194 2
141162 2
141224 2
141210 2
141234 2
201558 2
102079 1
102113 1
102074 1
111434 1
102027 2
102155 2
102115 1
099971 1
099977 1
124408 1
124424 2
124352 1
124432 1
077354 2
077709 1
107878 0
084024 1
089271 0
109215 0
007186 0
202799 1
124455 1
064270 0
111388 2
124397 1
124392 1
114223 0
124118 0
140754 0
086368 1
086867 1
197999 0
123878 1
130079 1
130074 1
182324 0
130821 2
130830 1
082238 1
082233 1
176882 2
192309 0
154974 0
124349 1
158450 0
123986 1
000358 1
130813 1
009907 0
003641 0
124447 1
124521 0
130604 0
124283 1
123883 1
123857 0
064557 1
284672 0
147688 0
086220 0
064850 1
027090 0
134091 1
005236 0
054313 0
016948 0
082120 0
070882 0
014886 0
079268 0
149852 0
064347 1
140175 0
151233 1
060613 0
173343 1
127371 0
123700 1
157242 0
127383 0
018767 0
019849 0
187334 1
187328 1
078623 0
218147 0
241672 1
241659 1
018915 0
183738 0
064796 1
141955 1
141920 1
065855 1
092305 1
092310 1
182006 2
181990 2
181960 2
213351 0
117577 1
017231 1
127607 1
000319 1
130073 1
124360 1
124371 2
124217 1
124220 1
124384 1
124390 1
128669 2
128525 1
177039 2
177043 1
007842 0
000308 0
017691 0
002444 0
123418 1
141570 0
124330 1
187625 1
135156 0
012257 0
168076 1
143586 0
115665 2
134772 0
004041 2
000398 1
252843 1
252856 2
177605 2
177610 1
124957 0
282202 0
268762 0
269869 0
189184 0
006451 0
257088 0
009187 0
009026 0
223600 0
161996 0
034372 0
284825 0
079404 1
193012 0
123555 1
124812 0
201860 2
123967 0
223730 2
223680 0
011384 2
187508 1
037819 0
124142 1
149829 1
133104 2
133098 2
133129 2
221504 1
221525 1
125018 1
081826 1
162383 1
066656 0
077612 0
167858 0
143300 2
144431 2
143297 2
143268 2
143200 2
143197 2
184890 0
086503 0
218092 0
227685 0
064590 1
071706 1
104879 1
064470 0
087004 1
098456 1
098561 1
098458 1
098457 1
257220 0
159766 0
082078 1
064782 1
049909 0
208151 0
124255 1
124442 1
050892 0
070621 0
066388 1
066332 1
098601 1
010762 1
219338 1
219463 1
098608 2
123709 1
079197 1
082159 1
124205 1
133159 0
128322 0
087216 1
200239 0
100075 0
018023 0
149794 1
150246 1
150247 1
195688 0
130160 1
161596 2
015122 0
232708 1
232707 1
017249 1
129633 1
136167 0
228395 0
288181 0
170863 0
064619 1
077876 0
006314 0
165939 1
195900 0
024745 0
124504 1
064881 1
064900 1
187653 1
192276 0
014815 1
125903 1
092040 0
069549 0
095462 0
094878 0
199294 0
100528 0
180994 0
244762 0
077880 0
220679 0
029943 0
093433 0
014827 1
125890 1
064863 1
284956 0
099016 1
192475 1
187358 0
189194 0
040907 0
127103 0
077144 0
071001 0
285311 0
178580 0
155432 1
066419 1
093431 0
077221 1
283786 1
087065 0
109018 0
064526 1
064521 1
283768 0
037030 0
276088 0
224476 0
124013 0
202148 0
028681 0
033502 0
059438 0
069017 1
082617 1
206885 0
030973 0
036617 0
000527 1
219602 0
192274 0
126335 0
064467 1
024116 0
167527 1
169302 0
192476 1
099025 1
099032 1
099033 1
099030 1
099154 2
232755 1
131643 1
131671 1
131640 1
131641 1
134626 1
017867 1
129194 1
018271 1
128914 1
130720 1
148289 1
149281 1
139823 0
167528 1
167529 1
256964 0
151961 1
137577 0
087185 0
279797 0
149893 0
074949 0
264611 0
116372 0
064448 1
085891 0
182514 1
182516 1
011639 0
143550 0
152461 0
262596 0
001323 1
064390 1
070305 1
103478 1
070303 1
103476 1
188537 0
135418 0
196153 0
233088 0
210287 0
287737 0
067770 1
064391 1
153010 1
126351 0
003660 0
275089 0
066153 1
066149 1
064427 1
127546 0
064471 1
058587 0
081171 0
187186 0
028764 0
054262 0
064485 1
124216 1
124219 1
187399 1
207788 0
191202 0
134153 0
287975 0
064683 1
193672 0
120808 0
230067 0
144572 1
144672 1
075564 1
037129 0
066338 0
074702 0
112010 0
252446 1
287866 0
064512 1
136637 1
192539 0
010442 0
128481 1
062499 0
061282 0
034252 0
143910 1
250826 1
188815 1
257642 0
066122 1
178741 1
182513 1
177121 0
133163 0
232721 1
128632 2
133528 0
039348 0
131900 1
143755 1
143214 1
017495 1
129432 1
011700 0
155854 0
167607 1
167696 2
064917 1
219040 2
015200 0
192224 0
066145 1
133806 0
098296 0
144161 0
151165 0
232739 1
065907 1
065850 1
159566 0
086850 1
233012 0
187286 0
160244 1
142300 0
257002 1
009392 1
066137 1
192392 0
182414 0
120321 0
065655 1
068659 1
009870 0
187264 0
110524 0
124273 0
086749 0
082918 0
079993 0
133187 0
098522 0
184139 1
184114 1
146480 0
217569 0
232724 1
155600 1
132823 0
144453 0
117449 0
154635 1
173808 2
035014 0
030613 0
124931 0
074668 0
252407 0
221503 0
009767 0
033883 0
087855 1
147027 0
004701 0
252830 0
054173 0
117200 0
102048 0
189259 1
223066 0
009395 0
239393 0
185380 0
061852 0
001265 0
230735 1
227134 0
064824 1
214103 0
024302 0
181942 0
191590 0
068765 0
065755 0
051886 0
011314 0
044649 0
185928 0
078078 1
232738 1
078073 0
232722 1
173809 2
173835 1
186438 0
234952 0
189258 0
218837 0
086683 1
099724 0
232691 1
136057 0
018867 0
161007 1
257594 0
016873 0
064904 1
