278758 0
070284 2
103457 2
070151 2
103324 2
070059 2
103232 2
070056 2
103229 2
070061 2
103234 2
070085 2
103258 2
070108 2
103281 2
070010 2
103183 2
097701 0
094699 2
098366 2
102061 2
096207 2
096181 2
097696 0
101876 0
093948 2
094046 2
094056 2
094074 2
094081 2
093698 2
051651 0
132568 0
097345 0
197193 2
197191 2
197197 2
196375 1
275779 2
175594 2
012267 2
123285 0
184601 0
118516 2
004419 2
092070 2
092249 2
093856 0
098529 2
098620 2
098508 2
098525 2
096061 2
095005 0
092951 2
092934 2
196637 0
094400 2
094353 2
094245 2
094432 2
001887 2
126367 1
141527 2
141970 2
186742 2
006933 2
120556 2
007070 0
066294 2
114787 0
064547 2
189923 2
093044 2
092942 0
189109 0
102009 0
012480 2
114577 0
069222 0
090497 2
090713 0
079190 2
079227 2
064258 0
060989 2
060995 2
064198 2
064162 2
180037 0
098779 2
098801 2
077894 0
182023 0
085449 0
002688 2
192808 2
192823 2
098726 2
098771 2
097925 2
097920 2
097949 2
098633 2
060988 2
144933 1
064219 2
064203 2
128152 2
128432 0
096231 2
096201 2
097817 2
097808 2
097815 2
097821 2
097857 2
099357 0
189892 0
098707 2
186703 0
098848 2
108202 2
112385 2
111963 2
096936 2
096894 2
108817 2
095986 2
095958 2
101189 2
101190 2
096043 2
096003 2
096049 2
096002 2
095882 2
114382 2
114462 2
114384 2
137329 0
093931 2
093942 2
093892 2
093938 2
093941 2
098777 2
098644 2
098784 2
098793 2
098639 2
098629 2
099092 2
099104 2
098097 2
098059 2
098021 2
098070 2
098104 2
097157 0
108802 0
097898 0
146000 2
145974 2
261760 0
095978 2
109380 2
109381 0
067563 2
067592 2
067615 2
067636 2
144985 0
098354 0
004171 2
118279 2
095413 2
095398 2
097333 2
097335 2
094612 2
095399 0
095659 2
078739 2
062701 2
131127 2
189164 2
189169 2
189162 2
189161 2
189160 2
001778 2
017937 0
041509 2
065068 2
065101 2
063264 2
063267 2
192032 2
187313 0
098020 2
098029 2
098010 2
098028 2
098068 2
097973 2
097830 2
097974 2
094071 2
094008 2
094587 2
078741 2
078746 2
067649 2
094558 2
078772 2
078778 2
078271 2
063058 2
064517 2
066285 2
101226 2
093912 2
092794 0
096209 2
096206 2
100245 2
100034 2
096648 2
133940 2
138970 2
139214 2
260644 2
140247 2
140355 2
140266 2
125036 2
099515 2
133951 0
098797 2
098781 2
065032 2
065854 2
065858 2
067847 2
063331 0
101255 0
094178 2
094209 2
094020 2
094019 2
093973 2
098200 2
018460 2
128788 2
114205 0
066154 0
098362 2
098360 0
085145 0
065663 0
117575 2
079654 0
094522 2
181843 0
079592 0
018552 1
128739 1
128747 2
005062 2
119461 2
119264 2
119260 0
018169 2
128986 2
129068 0
125023 2
125021 2
086581 2
086596 2
238700 2
184854 2
098280 2
116149 0
184857 0
261084 0
015251 2
125486 2
098180 0
117703 2
117708 2
117710 2
133661 2
133721 2
084566 2
084559 2
084558 2
084567 2
084568 2
084634 2
084628 2
084631 0
098375 2
086637 2
128871 2
128870 2
128869 2
117564 2
117556 2
131994 0
236564 0
003267 0
133746 2
139721 2
187021 0
095745 0
063851 1
063850 2
074842 2
075008 2
074864 2
096240 2
149696 2
094377 2
094378 2
094758 2
094754 2
094949 1
094368 2
094385 2
094369 2
094379 2
094244 2
119685 2
005543 2
120122 2
119701 2
063759 2
155289 2
136132 0
070341 2
103514 2
092536 2
099647 0
127702 0
202627 0
017676 2
129322 2
094390 2
094389 2
070319 2
103492 2
064244 2
061054 2
064514 0
091317 2
091286 2
098443 2
094055 2
094054 2
092554 2
100428 2
100378 2
100279 2
100303 1
114151 2
017303 0
092971 2
132577 0
099731 2
099730 2
100464 0
132567 0
135085 0
153606 0
241136 2
014186 2
243724 0
078237 2
078325 2
078345 2
078404 2
078236 2
100685 0
114819 0
109421 2
101555 2
144337 2
141038 2
108127 2
020886 0
092644 0
060902 2
084626 2
084629 2
005703 2
120323 2
140525 0
011334 2
122716 2
094387 0
070390 2
103563 2
070323 2
103496 2
070100 2
103273 2
070114 2
103287 2
070285 2
103458 2
070117 2
103290 2
070364 2
103537 2
070424 2
103597 2
070450 2
103623 2
070494 2
103667 2
140978 2
140980 2
122714 2
122712 2
122708 2
122690 2
092542 2
092526 0
101412 2
279608 0
111735 0
133912 2
133919 2
133920 2
133773 2
126999 2
131016 2
131020 2
131014 1
131482 2
131490 2
131493 2
148908 2
074433 2
107606 2
072263 2
105436 2
256268 2
256266 2
256264 2
256259 2
256244 2
202877 2
202878 2
258755 2
155568 2
155560 2
164649 2
164635 2
162048 2
257529 0
061662 0
120430 2
005817 2
120432 2
099878 2
099834 2
099786 2
059452 0
014334 0
098281 0
256483 2
068637 0
010253 0
164156 2
164228 2
268459 2
179523 2
275361 2
279290 2
199021 2
142622 1
237341 2
060971 2
060968 2
132001 2
095524 2
079747 0
117907 2
093802 2
083309 2
083343 2
137519 0
211970 0
046741 0
009871 2
122229 2
120594 2
120708 1
131505 2
131460 2
202529 2
128136 2
007217 2
120778 2
194511 2
151732 2
083328 2
117927 2
142538 2
006972 2
120597 2
176683 2
176680 2
164910 2
017392 2
129516 2
099295 2
099293 0
017318 2
129572 2
163927 2
110351 2
130291 2
130292 2
152489 2
152492 2
152457 2
201732 2
146800 2
163724 2
163725 2
165225 2
266984 0
152337 2
152334 2
224901 2
224903 2
224815 2
224893 2
233730 0
224816 2
224894 2
224690 2
224748 2
224743 2
224741 2
224759 2
193910 2
193987 2
152115 2
144461 2
144448 2
165988 2
190371 0
166008 2
233721 1
234100 2
144446 2
144464 2
144447 2
144519 2
146719 2
162959 2
163061 2
162985 2
159802 2
159806 2
159878 2
159879 2
159884 1
257559 2
257540 2
257539 2
257534 2
009607 2
122050 2
281621 2
143414 0
258512 0
069740 2
102913 2
083156 0
149293 2
157676 2
219542 2
171578 2
171512 2
171491 2
171511 2
188852 0
192455 2
131999 2
131996 2
131993 2
142421 2
018112 2
129046 2
000920 1
159886 0
130318 2
163208 2
244452 0
129078 2
129074 2
123979 2
137110 0
220815 0
259772 0
085206 0
162827 2
162829 2
155575 0
132137 0
242819 0
142511 2
142521 2
128920 2
141550 2
101633 2
101635 2
101669 0
139690 2
138447 0
001997 0
085261 2
085285 2
163730 2
163727 2
143222 0
158434 2
158390 2
001120 0
159721 2
159716 2
159666 2
160190 0
281187 2
281036 2
281012 2
170092 2
169455 2
018362 0
182823 2
130398 2
011947 2
266398 2
158158 2
268490 2
268829 0
017936 2
129156 2
129223 2
235939 0
007726 0
223292 0
090626 0
142387 2
142394 2
131746 2
167959 2
145059 0
117163 2
116551 2
116967 2
032198 2
032221 2
032223 2
032224 2
001330 2
002762 0
031159 2
031144 2
130164 0
119458 0
093889 2
093940 2
010774 2
199741 2
177027 0
078631 2
261063 2
261057 2
261068 0
148104 2
243192 0
071377 2
104550 2
071364 2
104537 2
117639 2
180465 2
180514 2
135685 2
198038 2
198007 2
197928 2
197893 2
146966 0
280972 2
280920 2
162986 2
163062 2
177516 2
163739 0
093853 2
093794 2
219441 2
219476 2
129224 2
017845 2
129219 2
129222 2
270839 0
011266 0
142617 2
068254 0
230587 0
079302 0
240475 0
084649 2
093668 2
093659 2
138528 2
138516 2
100286 2
056274 2
056677 2
033125 0
094990 2
131985 0
095937 2
095961 2
096033 2
002844 1
071710 2
104883 2
072189 2
105362 2
071684 2
104857 2
276313 0
111259 2
071970 0
090825 0
230390 0
036482 0
195952 2
195950 2
201468 0
006934 2
120557 2
100758 2
100751 2
100741 2
132764 0
094832 2
095448 0
142106 2
007411 0
004538 2
028838 0
010318 2
122637 2
101209 2
131495 2
131498 2
131510 2
131501 2
190368 0
094232 0
131292 2
155996 2
201858 2
210042 0
095579 0
179214 2
152714 2
009409 2
121867 2
034577 2
032200 2
137006 0
219507 0
255861 0
083083 2
284367 0
033115 2
033131 0
189118 2
156303 0
035821 0
033372 2
087982 2
088008 2
087998 2
064669 2
009147 2
121639 2
048069 2
048075 2
009125 0
195935 2
219420 2
219372 2
004565 2
004507 2
118714 2
109982 0
142637 2
142410 1
093772 2
101096 0
112754 0
032340 2
032341 2
032328 2
032401 2
030579 0
052272 0
018674 2
016861 0
146534 2
087986 0
112134 0
099192 2
099069 2
142441 2
099083 2
099342 2
272041 0
126897 2
150027 0
132366 2
018477 0
144444 0
169797 2
169798 2
169781 2
064317 2
064285 2
033351 0
282689 0
110609 2
157040 0
113262 2
235247 0
241537 2
241538 2
241468 2
137323 0
094388 2
094380 2
280215 0
092710 0
152570 0
058096 2
058093 2
058050 2
058014 2
060859 2
137945 2
137967 2
137991 2
134798 0
086138 0
124355 0
063717 2
052300 2
064817 0
114971 2
071817 0
086654 2
076285 2
031478 2
031591 2
031604 0
149547 0
004409 2
118566 2
131654 2
032442 2
032446 2
032450 2
031921 2
032502 2
098461 0
199217 0
015129 2
125610 2
087602 2
007759 2
121183 2
058856 2
122509 0
094051 0
083900 2
086601 2
085623 2
032485 2
085591 2
126898 2
138061 0
099790 0
288561 2
288510 2
288756 2
288729 2
252749 0
231476 0
084148 0
005707 2
120328 2
139541 2
139618 2
139619 2
079079 2
228310 0
006383 0
287256 0
152785 0
077026 2
076870 2
077029 2
069170 2
102343 2
087980 0
076093 2
017589 2
129394 2
129397 2
162409 2
129155 0
119916 0
070933 2
104106 2
071135 2
104308 2
062733 2
068431 2
068432 2
064516 2
064971 0
147572 2
147559 2
147576 2
027448 0
147674 2
147680 2
062946 2
062970 2
062988 2
094525 2
094355 2
132045 2
065856 2
065912 2
065895 2
083858 0
097807 2
058285 2
058271 2
151386 0
094297 0
035856 0
164606 0
260138 0
236593 0
133795 2
133536 2
133533 2
133539 2
133543 2
132097 2
001307 0
086655 2
086741 0
138900 2
159093 0
051632 0
003745 0
035984 0
034267 0
141249 2
008402 2
094344 0
225504 2
225505 2
039340 2
052305 0
007940 2
121353 2
286317 0
099086 0
093054 2
270840 0
075588 2
097344 0
075324 2
147651 2
147638 2
147627 2
147626 2
138919 2
110582 2
110676 2
063001 2
062991 2
063021 2
075341 2
142123 2
141978 2
142059 2
133467 0
225522 0
093035 2
109125 2
093010 2
095786 2
118121 2
118112 2
118111 2
108847 2
108773 2
101039 2
101440 2
101437 2
124676 2
124691 2
094319 2
075609 0
011607 2
122798 2
134146 0
081330 2
081324 2
068505 2
146709 2
141213 2
141180 2
000105 0
114529 0
108091 0
184478 0
110804 0
149140 0
097749 0
063415 0
135076 0
070582 2
103755 2
111511 2
111530 2
110617 0
177695 0
138459 2
138468 2
138425 2
138037 2
122607 0
229599 0
011859 2
086514 2
146071 2
087943 0
177947 2
177952 2
189910 2
251229 0
176745 2
176747 0
288653 0
169282 0
192494 0
112951 2
112958 2
069157 0
244562 0
061265 0
145310 0
017740 2
129280 2
061832 0
078530 0
122705 2
011362 2
122728 2
150615 0
067216 2
157024 0
133542 0
080336 0
256976 0
121859 2
058381 0
086015 2
198555 0
190825 0
097084 0
108814 2
081320 2
178726 0
122794 2
122795 2
122547 2
010351 2
122672 2
122643 2
122595 2
122561 2
122598 2
122665 2
122654 2
098450 0
058301 2
058274 2
110550 2
058253 2
058264 2
109025 2
109027 2
109026 0
116772 2
137413 0
008411 0
186297 0
179551 0
112401 2
011846 0
143423 2
143418 2
011817 0
094966 0
101791 2
170604 0
108731 2
108729 2
108710 2
109024 0
114915 2
131145 0
004198 2
071453 2
104626 2
071389 0
113334 0
118199 0
097742 0
197502 2
086603 2
093015 0
138878 2
034613 0
121209 0
060493 2
060507 2
060505 2
001235 0
155235 0
094068 2
260973 0
209680 2
244662 0
180954 0
133208 0
145074 0
145064 0
224040 0
067893 0
114618 2
114596 2
114552 2
120799 2
043302 0
156660 0
084391 2
066301 0
001861 0
083220 2
084521 2
084690 2
062156 0
094490 0
110735 2
110857 0
219616 2
033547 0
232460 1
159722 2
161444 2
161412 2
161413 2
161400 0
142636 2
142650 2
091352 0
139053 0
099398 0
088638 0
120785 0
068298 0
084237 2
084394 2
154698 2
084692 2
084712 2
197476 2
197498 2
197474 2
197605 2
115150 0
064614 2
064616 2
064617 2
009919 0
119744 2
119753 2
119743 2
005284 2
119772 2
095225 2
095228 0
083219 2
083222 2
065986 0
099527 2
099521 2
099401 2
140197 0
004518 2
118728 2
093747 2
262736 0
093645 2
069841 2
103014 2
012799 0
257569 0
117713 0
252455 0
126718 0
099248 0
080038 2
074562 2
074788 2
064877 0
169756 2
169786 2
169787 2
066421 0
009233 2
121709 2
116652 0
136763 2
168684 2
168685 2
082453 0
010474 0
132046 0
112328 2
270223 0
075722 2
099792 2
132020 0
173653 0
229487 0
042221 0
098612 0
131134 0
013745 0
095217 2
095230 2
009382 0
094848 2
094752 2
012582 2
002569 0
126771 0
062972 2
071024 0
180167 2
244272 0
098497 0
181536 2
144015 0
116573 2
039713 2
018469 0
113123 0
263934 0
277403 2
113131 0
048248 0
095638 2
126366 0
095032 2
094973 2
004379 2
118512 2
169771 2
169746 2
169754 2
169750 2
168553 2
169744 2
119158 2
119139 2
119213 0
083254 2
083253 2
083279 2
084711 2
084707 2
084714 2
062992 2
097677 2
095600 0
111268 2
111269 2
111293 2
094827 2
094729 2
094749 2
094698 2
085081 0
012499 0
156888 0
058863 0
002717 2
130134 0
119577 0
148967 0
108711 2
108730 2
108732 2
114207 2
116110 0
085355 2
085383 2
087632 2
142986 0
114954 0
098315 0
199448 2
199462 2
058855 0
283473 2
283164 2
053145 2
029478 2
029520 2
159801 0
025595 0
046980 2
187114 0
101942 0
253210 2
253178 2
086281 0
064629 0
042434 0
196446 2
095423 0
201811 0
112092 2
112096 2
230643 2
170250 0
090355 2
098947 2
061502 0
089981 0
092872 0
009408 2
121866 2
015363 0
099343 2
267776 0
098324 2
098321 2
133818 0
101880 0
100266 2
159737 0
176743 0
138363 2
138334 2
138336 2
138306 2
149212 2
094550 2
094564 2
004400 2
118544 2
118542 2
118529 2
151154 2
095654 0
149767 0
283178 2
098302 2
098300 2
199420 2
151373 2
100241 2
151160 2
151168 2
046905 2
149318 2
149319 2
070148 2
103321 2
070343 2
103516 2
131414 2
131421 0
058789 2
108624 2
089087 2
109713 0
196450 2
005187 2
119632 2
095933 2
095934 2
095938 2
095935 2
095932 2
095962 2
098593 0
096070 2
096083 2
096032 2
098873 2
086283 2
094481 2
166326 0
109030 0
139416 0
110350 0
154688 0
064932 0
094188 0
253372 0
146128 0
084945 2
271931 0
147441 2
147443 2
147420 2
147422 2
244202 0
098342 0
098949 2
100571 2
100459 2
100570 2
100462 2
100449 2
268171 0
095086 0
076297 0
163720 0
095826 2
095404 2
256922 0
140005 2
098056 0
135520 0
287892 0
217314 0
124914 2
133887 2
009035 2
086462 2
085839 0
077315 0
280229 0
009818 0
007437 2
120948 2
144525 0
032833 0
098588 0
108806 0
123864 0
229457 0
181941 0
058505 2
061219 0
089089 0
119252 0
066425 0
240432 2
240487 2
099649 2
099588 2
099581 2
149385 0
095927 2
095303 2
098825 2
098824 2
097077 0
146532 0
068744 0
041810 2
101868 0
273924 0
134639 0
034164 0
196237 0
144990 2
265209 0
098499 0
024488 2
092379 0
110452 2
219985 2
120688 0
111377 0
251971 2
239459 0
138287 0
041694 0
095965 2
283794 2
033130 1
096761 2
096656 2
190890 0
139872 0
059978 2
093823 0
078690 0
007756 2
121178 2
094426 2
094442 2
086939 0
031202 0
000329 2
005404 2
119951 2
145419 0
223994 0
280090 2
129692 0
002384 2
