088377 0
002679 1
001444 1
086851 0
091798 0
133642 1
133632 1
133774 1
133770 1
133703 2
133702 2
133709 2
133707 2
133730 1
133723 1
133729 1
133331 2
133119 2
133100 2
133093 2
133612 1
133611 1
132050 1
132010 1
132008 1
132046 1
133959 0
133868 0
001458 2
163967 0
133941 2
002855 1
133427 1
183839 0
169288 0
132136 1
132839 1
132830 1
134001 0
134343 0
002777 0
003102 0
258326 0
226431 0
131640 0
001445 1
001024 0
066977 0
112327 0
043123 0
002845 0
284346 0
114837 0
150141 0
131862 0
002592 0
003207 0
133866 0
031768 0
153681 0
091636 0
268095 0
159142 0
052235 0
279443 0
270239 0
134330 0
135696 0
116986 0
095443 0
273638 0
002364 0
133657 0
155855 0
256021 0
268251 0
002770 0
154353 0
150632 0
268292 0
034686 0
262339 0
070187 0
098405 0
180329 0
176600 0
123043 0
004750 0
010301 0
131641 0
084442 0
163061 0
014210 0
265397 0
091797 0
044767 0
285606 0
175700 0
188811 0
194966 0
133088 2
133302 2
133299 2
133297 2
133668 1
133188 2
133171 2
157848 0
133610 2
158089 0
131953 2
133669 2
147739 0
133480 1
181042 0
131319 0
132080 1
140098 0
133312 0
133664 2
133675 2
133598 1
133365 1
133358 2
133684 1
132952 1
132922 0
141143 0
134305 0
001109 1
007099 0
007436 0
131613 0
097530 0
132135 2
148999 1
149000 0
130313 0
007046 0
138824 0
147895 0
127977 0
109787 0
131954 2
132020 1
132019 1
130164 0
142036 0
180609 0
133015 0
134952 0
133737 0
131683 0
109543 0
001580 1
132865 2
130750 0
107706 0
133951 2
139214 0
182014 0
130320 0
148972 0
159141 0
131975 2
131988 2
131970 1
009742 1
122139 1
122129 1
122110 1
122059 1
132898 2
117943 0
134449 0
137993 0
110599 0
002488 0
131563 0
117555 0
134005 1
140209 0
133376 0
108996 0
141756 0
110527 0
157854 0
135594 0
133389 0
131631 0
099888 0
148142 0
137780 0
141182 0
099179 0
186587 0
135126 0
132396 0
142046 0
181041 0
132017 1
132938 1
132910 1
132860 2
132955 0
132825 1
132824 1
132807 1
132805 2
132803 2
132203 2
132182 2
132052 1
158866 0
133665 2
133663 2
133649 2
133581 2
009594 0
093071 0
133735 2
188534 0
133721 1
133661 1
132858 1
011838 0
144352 0
134076 2
133621 2
150008 0
139093 0
100266 0
131605 0
133746 1
261760 0
132751 1
132685 1
132670 1
132666 2
134275 1
130385 0
123874 0
132606 0
137070 0
141911 0
138307 0
133200 1
005188 0
043358 0
132018 0
002717 0
145734 0
179121 0
127896 0
133874 2
133871 1
133853 2
142314 0
007044 0
133841 1
133829 1
002772 2
009735 0
017268 1
128571 1
128620 1
128622 1
128653 1
128655 1
128659 1
128652 0
156534 0
178071 0
133138 0
133348 1
261991 0
010357 0
133044 0
099196 0
112622 0
133674 0
101081 0
146884 0
010253 0
258190 0
123034 1
001242 1
087548 0
148183 0
110963 0
132071 0
133432 0
133869 0
109530 0
108586 0
134024 0
132039 2
132021 2
017629 1
129357 1
129405 1
129429 0
133195 1
123037 0
133585 2
001459 0
094074 0
133582 1
133283 0
098692 0
132771 1
134915 0
007671 0
133339 0
102019 0
134003 0
003340 0
146481 0
131729 0
114749 1
127107 0
127799 1
017250 0
158368 0
001240 1
097699 0
108036 0
253311 0
021666 0
133253 0
133753 0
017246 0
133901 0
001062 1
112385 0
080409 0
006188 0
118398 0
159872 0
001919 0
112546 0
274731 0
071418 0
012491 0
140288 0
001135 0
181910 0
179120 0
080201 0
154653 0
010369 0
193105 0
124121 0
131675 0
160235 0
138037 0
109011 0
161339 0
017831 1
017815 0
039509 0
115381 0
128654 0
100189 0
094454 0
187114 0
133131 0
133652 0
111224 0
160375 0
132108 0
137421 0
157771 0
108044 0
124919 0
140020 0
004877 0
092764 0
113106 0
071066 0
132431 0
132037 0
133891 0
151419 0
098962 0
000634 0
181962 0
079272 0
011900 0
132844 0
133586 0
147564 0
001887 0
234370 0
043716 0
011942 0
111521 0
133344 0
131610 0
122148 0
114712 0
028378 0
082652 0
092467 0
231334 0
001744 0
092125 0
114824 0
127805 0
126165 0
133556 1
133555 1
133552 1
133108 0
133252 0
001131 1
002894 0
134108 0
001278 0
161824 0
133560 0
123876 0
143015 0
133885 0
132677 0
108975 0
178066 0
122021 0
131946 0
145240 0
132407 1
131755 0
018134 2
129018 2
129054 2
138468 0
130412 0
130722 0
138779 0
017688 0
131733 0
001600 0
111657 0
137143 0
141668 0
132176 0
127888 0
138970 0
134596 0
116616 0
136549 0
117272 1
139375 1
125010 0
191891 0
157959 0
091686 0
009029 0
080354 0
001140 1
095373 0
102035 0
244652 0
101647 0
118751 0
148997 0
148508 0
014865 0
156309 0
007268 0
132646 0
141889 0
017832 1
131956 0
129243 0
101650 0
007447 0
112595 0
017965 0
179177 0
099181 0
127759 0
109211 0
133347 0
101624 0
134307 0
159718 0
138297 0
140094 0
160300 0
115341 0
138836 0
175594 0
200462 0
110548 0
181051 0
133915 0
134261 0
110962 0
156680 0
129059 1
134989 0
133400 0
018569 2
128720 2
