211696 2
211748 2
181304 2
211698 2
126011 1
014706 1
126010 1
138972 2
120130 1
120139 1
120142 1
120140 1
120156 1
005589 2
120180 2
004783 1
119058 1
011488 2
122751 2
004581 1
118783 1
005575 2
120164 2
120154 2
005599 2
120194 2
009042 2
119613 2
118385 2
004271 2
118408 2
014845 2
125872 2
005834 2
120455 2
120450 2
120449 2
005309 2
119806 2
119786 2
005371 2
119895 2
119844 2
118395 2
118398 2
118397 2
004270 2
118407 2
118393 2
118392 2
005132 2
119543 2
004794 2
119072 2
119071 2
004273 1
118414 1
118428 1
004323 1
118445 1
119177 0
014967 2
125763 2
125764 2
118751 1
118755 1
118748 2
004212 2
118312 2
005130 1
119537 1
007481 1
120971 1
120968 1
120963 1
120969 1
120962 1
120960 1
120959 1
123931 1
118707 1
118709 0
118284 2
118285 2
118298 2
007949 1
121364 1
121363 1
118273 2
122760 1
122761 1
122764 1
122769 1
011550 1
122772 1
007942 2
121356 2
011697 1
011676 1
011763 1
130964 1
131017 1
131009 1
131008 1
133397 1
133396 1
133481 1
133473 1
133391 1
002494 1
129996 1
129062 1
137977 1
010509 1
142570 1
011924 1
011774 0
004727 2
118988 2
004575 1
118779 1
118105 0
119652 1
119651 1
005250 1
119719 1
005340 1
119848 1
118987 2
128440 1
258283 1
004676 2
118896 2
118874 2
004682 2
118908 2
144778 1
144749 1
144716 1
144892 1
147869 1
119963 2
005227 1
119678 1
124969 1
124964 1
120040 1
015050 2
125674 2
147217 1
172766 1
172765 1
005177 1
119618 1
163863 1
163859 1
285468 1
285461 1
237275 1
240277 1
240376 1
237753 1
142011 1
009549 1
010276 1
122605 1
119145 2
119136 2
004732 1
118990 1
004863 2
119154 2
124241 0
004677 2
118897 2
118878 2
118589 1
118597 1
005498 1
120080 1
130275 1
120032 1
005467 1
120033 1
120031 1
120830 1
120865 1
119032 1
119081 1
004818 1
119096 1
004321 1
118443 1
118412 1
118940 0
005262 2
119732 2
004422 1
118581 1
004531 1
118743 1
163843 1
015180 1
125565 1
155799 0
005588 1
120179 1
120172 1
005583 1
120173 1
011850 1
237672 1
098876 0
119361 1
004994 1
119362 1
119193 1
001030 0
123554 1
011958 1
122873 1
151208 1
151196 1
069684 0
005180 1
119622 1
005214 1
119661 1
119649 1
119626 1
179744 1
179748 1
179808 1
011739 1
120949 1
120946 1
007353 1
120888 1
007227 1
120784 1
120077 2
005497 2
120078 2
009747 1
122143 1
007556 1
121047 1
118976 1
011740 1
004500 1
118699 1
004725 1
118984 1
118501 2
118965 1
118967 1
112892 2
112884 2
112845 2
112830 2
009054 0
004417 1
118574 1
118572 1
118502 0
118932 0
065690 0
009601 1
118955 1
118948 1
118983 1
118961 1
118899 1
118904 1
118898 1
119414 0
011487 1
101966 1
004896 1
119231 1
018451 1
128794 1
124755 1
123232 2
005499 1
120081 1
120075 1
120065 1
012464 1
122984 1
125194 1
123525 1
123526 0
100853 1
100852 1
100609 1
101974 0
004909 1
119259 1
118735 1
005477 1
120041 1
009903 1
122246 1
004865 1
119157 1
119107 1
012313 0
005570 1
120158 1
118778 1
118787 1
005261 1
119731 1
005260 1
119730 1
118698 1
115485 0
005606 1
120207 1
004525 1
009668 0
006928 1
120542 1
120537 1
001429 1
009342 1
121812 1
011941 1
126306 1
126300 1
145726 1
111721 1
111720 1
111712 1
111226 1
008024 1
121425 1
012508 1
131743 1
127093 1
012521 0
119935 2
123970 1
123965 1
123973 1
123972 1
109519 2
127053 1
008003 1
121411 1
124743 1
120051 0
124919 1
018264 1
128927 1
135556 0
004707 1
118950 1
004951 1
119305 1
011894 0
009780 1
122175 1
100257 0
271954 1
271953 1
271956 1
131376 0
012128 1
174037 0
118657 1
007894 1
121318 1
121305 1
004503 1
118702 1
118526 1
124222 1
005832 1
120453 1
005815 1
120431 1
114806 0
011330 0
148808 0
004897 1
119232 1
004752 1
119024 1
119019 1
126789 1
004428 1
118605 1
140690 1
140711 1
140682 1
008542 1
120326 1
005737 1
120350 1
124310 1
124264 1
123654 1
123656 1
124036 1
010303 1
243929 1
116623 1
116622 0
133008 0
121808 0
119217 1
004991 1
119357 1
017366 1
011978 0
011830 1
007081 1
120677 1
007503 1
120993 1
120958 1
120703 1
005790 1
120399 1
120336 0
005637 1
120241 1
123524 1
123503 1
068467 0
145646 1
009050 1
121555 1
121554 1
121524 1
005236 1
119691 1
009049 1
124359 0
121234 0
000863 1
000812 1
259688 1
149927 1
017188 1
101238 0
128370 1
128246 1
117171 1
146774 1
148263 0
009654 0
006915 1
120529 1
011845 1
094934 1
094929 0
117131 0
162456 1
162452 1
012163 0
009011 1
121531 1
009012 1
121533 1
222331 1
222433 1
118175 1
118115 1
009561 1
122010 1
124237 0
010221 0
121900 1
121909 1
121896 1
005818 1
120433 1
120422 1
006845 1
120486 1
120421 1
251045 1
251044 1
004331 2
118452 2
005794 1
120404 1
243979 0
108297 1
108393 1
108368 1
108289 1
069526 0
123599 1
123585 1
123635 1
123641 1
123642 1
004275 2
118418 2
118409 2
127893 0
120181 1
005590 1
120183 1
086550 0
125041 0
009005 0
124403 1
124478 0
004617 1
118818 1
118730 1
124182 1
124034 1
115409 0
125280 1
015468 1
125279 1
125281 1
289914 1
012037 0
167652 0
124611 1
012438 0
285303 0
005831 1
120452 1
120443 1
120444 1
120442 1
120441 1
120423 1
192942 0
005135 0
147994 1
147978 1
147989 1
149471 1
147494 1
149585 1
127204 1
127189 1
011974 1
011916 0
176788 0
015404 1
125335 1
015388 1
011709 1
144800 1
144780 1
123496 1
123470 1
123493 1
018256 1
128935 1
135200 1
144652 0
007429 1
120942 1
146834 0
118797 0
193345 1
129063 0
066419 0
115317 0
192007 0
109740 1
109774 1
108793 1
109108 1
108402 1
108286 1
087316 0
005383 1
119914 1
007344 0
004816 1
119095 1
007813 1
121229 1
137264 0
109221 1
109081 1
009001 1
121518 1
124663 0
009078 1
121586 1
133085 1
131474 0
176028 0
004514 1
118719 1
115001 1
114994 1
108253 1
108946 0
127188 1
127178 1
115142 1
115163 1
116614 0
053397 0
086129 1
182867 1
001184 1
015166 1
111824 1
112198 1
111800 0
126811 1
126348 1
124880 1
124881 1
124916 1
124854 1
124819 1
141483 0
124204 1
124261 1
121340 1
121339 1
111062 0
212613 1
059788 0
141220 0
004859 1
119150 1
119149 0
131296 0
112153 0
009660 0
099113 1
099142 1
086672 1
086361 1
086303 1
135323 0
123708 1
152937 0
015269 1
125469 1
132210 1
132226 1
132116 1
009083 1
122012 0
182319 0
004432 1
118612 1
009204 1
006807 1
009242 1
121718 1
007661 1
121115 1
062099 1
123264 1
123262 1
005469 1
120037 1
111541 0
011985 1
175297 0
120694 1
120713 1
007182 0
096939 1
096914 1
009612 1
040689 0
008941 1
120472 0
062059 1
130284 1
122475 0
015158 0
130095 1
009505 0
123548 1
123547 1
183274 1
012273 1
130684 1
000342 1
004462 0
111932 0
028580 1
028603 0
141013 1
007337 1
120872 1
147587 1
147607 1
009562 1
121317 1
121314 1
122011 1
126659 1
141017 1
008472 1
141018 1
126365 1
122052 1
142251 1
007990 1
121396 1
121383 1
183280 0
130353 0
186807 1
260616 0
121095 0
264478 1
264482 1
131873 1
001036 1
130110 0
259690 1
259692 1
259677 1
259671 1
259673 1
120036 0
075781 0
145045 0
011904 1
122861 1
258631 0
015500 1
125255 1
079472 1
062097 0
027344 1
143821 1
141300 0
123282 1
123242 1
149654 1
004720 1
118979 1
001903 1
140722 0
013988 1
146451 1
146471 1
146476 1
014020 1
000713 0
015264 1
125472 1
125487 1
150020 1
125072 1
119013 1
119008 1
018499 1
000752 0
012516 0
124995 1
125175 1
124994 0
000008 1
018250 1
000113 0
122400 0
243132 1
243791 1
014987 1
125741 1
252924 1
253238 1
253266 1
253434 1
253451 1
253585 1
253486 1
165230 1
165220 1
264813 0
058346 0
133706 1
133698 1
199477 0
098963 0
140289 1
186805 0
119491 1
289915 1
109568 1
128157 0
113360 1
133260 1
133261 0
123754 0
253239 0
109462 1
124745 1
124767 1
124771 1
124975 0
036470 1
231149 0
010012 1
009010 1
121530 1
126082 0
165129 1
165130 1
149706 1
015594 1
000065 1
149657 1
015612 1
149750 1
015577 1
149656 0
149655 0
014782 1
125948 1
125950 1
189373 1
189449 1
171456 0
223272 1
191172 1
147687 0
284603 1
284604 1
095442 0
212914 1
186279 1
191565 1
191570 1
191572 1
278213 0
182710 1
182768 1
182848 1
159576 1
159472 1
159474 0
184751 1
286169 0
186176 0
230912 1
230921 1
238615 1
238679 1
239387 1
177604 1
177608 0
147337 0
176774 1
145583 1
145679 1
191654 1
191099 0
096498 0
012160 0
170607 1
097488 0
260343 0
194236 1
145678 1
158218 1
161499 1
161498 1
028651 0
240821 0
164027 1
164021 1
164023 1
191680 0
204214 0
066960 1
066958 1
066968 1
224948 1
224907 1
224908 1
004982 0
075874 0
126005 0
147205 0
126612 1
288492 1
175615 0
015111 0
101066 0
043676 0
276696 1
082079 0
007694 0
122853 1
225169 1
225166 1
224870 0
288462 1
158211 1
158208 1
157763 0
288491 1
126598 0
162170 1
162355 1
163861 0
174487 0
036468 1
277439 0
280013 1
280020 1
189492 1
120268 0
254593 0
195553 1
056144 1
056058 1
055155 0
122206 0
146509 1
227207 1
227213 1
227221 1
227224 1
124324 0
233308 0
228422 1
243078 0
265436 1
130341 1
234067 1
004624 1
118826 1
118816 0
052070 0
178175 1
178442 1
276334 1
276311 1
276313 1
276258 1
221167 0
125187 1
184793 1
088225 1
088369 1
088424 1
088436 1
088442 1
167141 0
257946 1
257945 0
097801 1
100415 1
127312 1
084931 1
087526 0
111510 1
242420 0
125193 0
000010 1
258929 0
041036 0
009161 0
090298 0
144221 0
278048 1
278128 1
011893 0
010379 1
278964 1
145611 0
255910 0
257558 1
257555 1
256383 0
145247 0
118647 1
034679 1
011343 1
134664 1
080015 0
177541 0
007005 1
157800 0
076099 1
076059 1
011751 0
091265 1
128239 0
197538 1
157130 1
283688 0
090210 1
076009 1
090061 1
280004 0
222713 1
265395 1
265415 1
074799 1
074735 0
197375 1
197368 1
023054 0
239051 1
239052 1
239039 1
239010 1
239361 1
239362 1
195554 1
230245 1
230204 1
010385 1
089654 1
089628 1
007342 0
260444 1
260381 1
260412 1
276457 1
052276 1
136567 1
136621 1
136612 1
125180 1
126881 1
125063 0
194680 1
199928 1
135206 1
134894 1
004339 0
289290 1
289288 1
289305 1
289306 1
289326 1
169408 0
008039 1
121433 1
145765 1
006525 1
129664 0
145839 0
065180 1
065161 1
046174 1
046107 1
223487 1
223478 1
155795 1
064811 1
098388 1
046441 0
133594 1
028065 0
060447 1
095190 0
151307 0
151864 1
242843 0
175738 0
204137 0
024094 1
195537 1
194019 1
194012 1
225993 0
170190 0
039077 1
116474 1
116657 1
116328 0
142932 0
064833 0
211455 0
244210 1
244220 1
244183 1
018520 1
252893 1
141336 0
004762 0
117441 0
037088 1
015332 1
125405 1
015335 1
125402 1
125403 1
130820 0
186142 1
238990 1
125414 1
015319 1
125413 1
260198 1
089567 0
260153 0
195940 1
034543 1
038806 1
038807 0
018081 1
017818 1
034562 1
005200 1
119648 1
007085 0
015412 1
125326 1
000115 0
230447 1
230446 1
230435 0
098350 1
147017 1
186041 1
199249 0
257387 1
257444 1
257445 1
257570 1
257571 1
263904 1
135675 0
182137 1
223426 1
223427 1
190039 1
190050 1
179101 1
177155 1
211560 1
204353 0
145651 0
187131 0
116654 1
182121 1
260713 0
030303 0
005415 1
119972 1
119971 1
007339 1
120874 1
119961 1
148079 1
016613 1
200804 1
200799 1
148795 1
144645 0
026464 0
123711 1
123824 1
123801 1
027545 1
027546 1
124904 0
158077 1
190064 1
190113 1
183055 1
183053 1
000076 1
166167 1
166256 1
166068 1
018174 1
128981 1
024475 0
124485 1
112106 0
177693 1
177778 1
177525 1
177509 1
177515 1
119633 1
119365 0
145947 1
145954 0
170197 1
162838 1
009206 1
009243 1
121719 1
119646 1
110024 1
011991 1
058717 0
257332 0
183056 1
182989 1
190112 1
183045 1
200727 1
199905 1
199898 1
147615 0
179105 1
179110 1
263999 0
223267 1
197387 0
067908 1
113401 0
180380 0
009965 1
122296 1
143409 1
011310 1
122645 1
010358 1
122679 1
034641 1
122295 1
142562 1
142556 1
139018 1
006653 1
139020 1
175768 0
154628 1
154647 1
154694 1
191274 0
011964 1
132862 1
132864 1
132861 1
142287 1
027296 1
140899 1
140895 1
095285 0
015305 1
125429 1
125430 1
034587 0
152880 1
085898 1
085976 1
071035 0
000873 1
064553 1
127629 0
077321 0
051805 1
280581 1
004385 1
118522 1
075650 1
168987 0
227141 0
124060 0
015318 1
125415 1
126191 1
000029 0
185853 1
179849 1
149189 0
007792 1
007817 1
121233 1
197426 0
153013 1
155826 1
155834 1
231123 1
231082 1
064500 0
194282 0
236867 1
007031 1
120635 1
120525 1
007980 0
002992 1
223476 1
020169 1
020171 1
014143 1
004433 0
011768 1
134516 0
001427 0
002755 1
227248 0
242712 0
125417 1
142166 1
125362 1
125348 1
015389 1
125345 1
125346 1
002015 1
002004 1
223458 1
126170 1
020193 1
152764 1
155489 0
051806 1
051828 1
002600 1
002593 1
126915 0
007347 0
015225 0
118500 0
168809 0
086490 1
109186 1
109032 1
034781 1
034810 1
262796 1
262808 1
262807 1
262969 1
109132 1
109167 1
163417 0
257807 1
257817 1
179432 0
011552 0
002007 0
153585 1
152346 0
078676 0
190348 0
071969 0
115079 1
152754 1
152763 1
121221 0
110268 0
042208 1
041660 1
227228 0
032178 1
009942 0
004370 1
005299 1
119792 1
031225 0
041866 0
018013 1
137113 1
137097 1
136346 1
135649 1
136338 1
136328 1
128756 0
118386 1
004263 1
118399 1
076917 1
076273 1
076913 1
097186 1
097185 1
136554 1
017728 0
007224 1
053290 0
004930 0
032127 1
032125 1
017220 0
142207 1
027889 0
128125 1
127627 1
127595 0
243518 1
243604 1
227249 0
209602 0
258985 0
264602 1
264600 1
264476 1
264465 1
036798 1
193903 0
135637 1
135298 1
135283 1
135321 1
264194 1
264182 0
119764 0
042334 1
142199 1
008159 1
115078 1
243562 1
265833 1
265558 1
266816 0
050198 0
227831 0
125125 1
125104 1
125126 1
033906 0
134051 0
017582 0
085861 1
089596 0
116329 0
222106 1
222652 1
134106 1
221534 1
197334 1
067142 1
067123 1
137865 1
004942 1
119293 1
001197 0
008471 0
148593 0
220747 1
220753 0
169090 1
034581 1
007285 0
255483 1
155349 0
125703 0
116174 0
090438 0
149390 1
060702 1
060697 1
079441 0
096417 1
108164 0
037087 0
064004 1
000411 1
241298 1
241155 1
287253 1
241646 0
064110 0
115305 1
075353 1
187639 0
124027 0
111197 0
115476 0
150078 0
004594 0
167878 1
167938 1
167939 1
260122 0
128721 0
195541 1
192636 1
195934 1
011477 0
108329 1
016434 0
062173 1
176119 1
004572 0
009008 0
159353 1
159634 1
046042 1
046043 1
163321 0
080017 0
162689 0
018619 0
128477 0
180487 1
180472 1
180478 1
169886 0
017429 1
180843 1
180841 1
180678 1
180683 1
180888 1
046273 1
221535 1
017378 0
137798 1
006338 1
176165 1
176176 0
075338 1
170195 0
085872 0
197296 1
062183 0
077942 1
077914 1
077934 1
060753 0
146985 0
195246 1
195202 1
064984 0
071433 1
104606 1
071428 1
104601 1
063109 0
075977 0
258005 1
127626 0
153087 0
198485 1
137428 0
122979 1
135127 0
168155 1
256713 0
162025 0
001087 1
157562 1
194676 1
067168 0
119747 0
235017 0
220078 1
219949 0
088302 1
029491 1
030002 1
113942 1
005092 1
031664 1
031677 0
032110 1
032115 1
077233 1
011939 0
223253 1
102002 0
222988 1
202439 1
193466 1
194205 0
227239 1
067675 1
234409 0
077917 0
005091 0
153083 1
195670 0
133837 1
133799 1
133833 1
166913 1
012102 1
122895 1
140898 0
288037 1
288039 1
201952 0
158314 0
244983 0
126591 0
027047 0
152936 1
219867 1
219869 1
220160 1
010217 0
124693 1
146161 0
126201 0
222371 1
227560 1
025957 1
025942 1
027685 0
219831 1
219845 0
133787 1
078849 1
078830 1
078787 0
113936 1
077257 1
070528 0
161522 1
161546 1
161549 1
157279 1
157280 1
197154 0
258002 1
227441 1
227561 1
231842 0
219799 0
235759 1
218897 0
200342 1
220313 1
196958 1
195557 0
176654 1
286744 1
286741 1
139559 1
139561 1
139617 1
139540 1
079758 0
171676 0
012548 0
137443 1
164948 0
084156 0
017912 1
182221 1
182247 1
095886 1
095852 1
095738 1
095645 1
095617 1
095742 1
148008 0
194679 0
017897 0
163563 0
060443 1
060341 1
035934 0
060984 0
084621 0
140933 0
058008 0
118942 0
153584 0
186859 0
200783 0
010235 0
133572 0
004858 1
119148 1
070164 1
103337 1
231124 0
031426 0
148818 0
055254 1
048970 0
147616 0
004349 0
033110 0
076420 0
171403 0
095319 0
290080 0
254039 1
254025 1
238899 0
111808 1
038659 0
148588 1
011269 1
164124 1
164127 1
259964 1
259971 1
064380 1
285574 1
285563 1
080518 1
037432 1
285856 0
229909 1
152768 0
080510 0
231117 1
111100 0
235639 1
124740 1
012656 1
121556 1
121559 0
227155 0
009838 1
122215 1
064406 0
095631 1
119133 1
011181 0
075393 1
175635 1
286936 1
286954 1
075571 0
285671 0
231129 0
203943 0
241303 0
130114 1
159481 0
260304 0
054367 1
074426 1
107599 1
182147 1
045667 0
230978 0
085622 0
004216 0
214488 0
139601 0
182666 1
198483 0
182698 1
100059 1
119254 0
122088 0
163420 1
163385 1
001231 1
265064 0
223941 0
287586 0
009452 0
037944 1
037997 0
143507 1
135331 0
244933 0
081437 1
257522 0
174450 1
174501 0
111027 0
220529 0
120878 0
174848 2
174836 1
201299 1
223832 0
116621 0
126805 0
005077 0
006926 0
127411 0
266253 0
025951 0
258710 0
079754 0
112148 1
129395 1
129398 1
129341 1
134270 0
108462 1
108448 1
060619 0
004703 1
118941 1
005833 0
014824 1
125892 1
125920 1
038504 1
082137 0
186917 0
127398 0
000260 0
199964 1
199955 1
169409 0
077654 1
111946 0
132867 1
129343 1
072277 1
105450 1
182670 1
182700 0
132818 1
143000 1
142603 0
069502 0
164145 0
182733 0
063325 0
000582 1
018413 0
262123 0
288975 0
067434 0
168040 0
015128 1
125611 1
125901 1
125889 1
125002 1
128610 1
012148 0
127226 0
010102 1
122404 1
108555 0
131288 0
111665 1
123020 0
109225 1
109224 1
000420 1
275238 0
000134 0
031274 0
171672 1
062102 0
078186 0
174543 0
006577 0
166046 0
000843 0
125145 0
119601 0
121150 1
007512 0
221996 0
088688 1
120668 0
042558 0
052279 1
118498 0
124873 0
035264 0
143439 0
001926 0
102034 0
026754 1
255378 1
255383 1
255384 1
255385 1
256784 1
116302 1
006251 0
147955 0
124774 1
121176 0
029979 1
221842 0
168484 0
017218 1
129659 1
060940 1
060896 1
060945 1
144043 1
026133 1
052048 1
052043 1
065178 1
120877 0
016433 1
111315 0
066157 1
216206 0
059042 0
109429 0
155314 1
111273 0
074622 1
186790 1
186800 0
152221 1
152222 1
098859 0
051802 1
257575 1
255327 0
018803 1
144037 0
051989 1
124749 0
051798 0
088687 0
255331 0
011501 1
000675 1
130046 1
051987 0
130186 0
125001 0
017753 1
125613 0
128469 1
128611 1
007585 1
121069 1
008645 0
273061 1
273065 0
055534 0
080813 1
255332 0
080076 0
018165 1
128070 0
130819 0
159754 1
090393 0
126332 0
145223 1
145246 1
142765 1
143038 0
155789 1
155790 1
000578 1
130523 1
004469 0
199322 1
199325 1
200050 1
008329 0
142488 1
010452 1
009786 1
075962 1
075959 0
007145 0
150003 0
163350 0
131024 0
119497 0
062093 0
140956 1
140959 1
140948 1
275796 0
018434 0
124979 1
139016 1
138961 1
185338 1
185411 1
151403 0
185745 0
018496 0
124361 0
279104 0
133172 0
121906 0
148730 1
148726 0
009072 1
121579 1
121575 1
081188 1
224647 0
221790 0
040325 1
237907 1
237915 1
237901 1
237916 1
025092 1
118442 0
070178 1
103351 1
070344 1
103517 1
076007 0
159860 1
159869 1
159684 1
120880 0
060615 0
239386 0
070302 1
103475 1
070265 1
103438 1
071168 0
159911 0
185414 1
139019 0
148709 0
071050 0
139059 0
228382 0
159914 0
159863 1
159814 1
159937 1
197681 0
140902 1
173379 0
148632 0
010568 0
004634 1
118839 1
118836 1
191703 0
081667 1
027300 0
036450 0
007983 0
002306 1
016375 1
016345 1
148604 1
149949 1
150010 1
150048 1
150069 1
150086 1
148563 1
018735 1
032527 0
043744 0
146027 0
145286 1
145450 0
195133 1
195121 1
082462 0
145835 1
091542 0
164144 0
081579 0
062582 0
119343 0
053122 0
153363 1
130627 1
126362 0
151494 1
152986 0
012294 0
007266 1
120811 1
007132 1
120712 1
120695 1
174437 0
145865 1
145851 1
145268 0
113434 0
155830 1
141844 1
141785 1
244017 0
117130 0
255288 0
131478 0
023900 0
023591 1
023732 1
023592 0
026544 0
070655 0
064356 0
123890 0
230415 0
274954 0
081120 0
178600 0
113692 0
080618 0
082582 0
000575 1
130117 1
130528 1
011804 0
163041 0
009959 1
118819 1
141790 1
145892 1
118741 0
007080 1
120676 1
005826 0
081603 1
081742 1
120439 0
155482 1
155486 1
166677 1
166669 1
154722 1
168219 1
222449 0
084170 0
231560 0
147650 1
145220 1
151366 1
141363 0
000522 1
145832 0
008369 1
008536 0
150223 1
150215 1
120693 0
147375 0
278406 1
152938 0
059466 1
161783 0
006583 0
070261 0
155679 0
203148 0
160869 0
007341 1
120876 1
192947 0
242872 1
017924 1
017997 1
069528 0
169724 0
272755 0
273117 1
152106 1
152111 1
018774 1
277287 1
100914 0
030197 0
078872 1
175646 0
144362 0
170191 0
264395 0
125716 0
221711 1
268813 0
001564 1
015307 1
125426 1
015465 1
125282 1
227250 0
127656 1
