085524 2
010305 1
010298 1
018145 2
115245 2
113573 2
113600 2
117089 1
117761 1
082362 2
005560 1
131477 2
111995 2
112019 2
115942 2
115917 2
112171 2
112158 2
112176 1
009879 2
122234 2
025309 0
152278 0
164457 0
089564 0
131875 0
111675 0
188475 0
201258 0
042326 0
113643 0
099723 0
065268 0
020081 0
193731 0
135618 0
043640 0
021747 0
085495 0
147403 0
182113 0
223786 0
132537 0
152311 0
156872 0
047560 0
062111 0
002358 0
174844 0
050907 0
164875 0
180752 0
085563 0
243372 0
133256 0
188752 0
158691 0
076822 0
281550 0
164686 0
131798 0
278218 0
013161 0
164455 0
266540 0
080625 0
152298 0
169352 0
138560 0
244262 0
197891 0
013081 0
262452 0
015065 0
164842 0
188437 0
137862 0
156873 0
099798 0
042319 0
174839 0
044803 0
166273 0
177722 0
191578 0
114393 0
095819 0
244339 0
040468 0
182108 0
022398 0
147393 0
282576 0
085135 0
277128 0
007341 0
163814 0
062098 0
164402 0
086457 0
080586 0
124564 1
124569 1
108852 0
133023 0
110321 0
071261 0
186965 0
114664 0
253543 0
100839 0
086613 1
