085524 1
010305 0
018145 2
115245 2
113573 2
113600 2
010298 2
117089 0
131477 0
111995 0
065268 2
156872 2
156873 2
188475 0
025309 2
201258 0
043640 0
022398 0
135618 1
131812 2
131798 2
131875 2
131791 2
002358 1
002952 1
134318 2
188725 0
047560 2
266540 2
266582 2
027104 0
192317 0
180752 1
041627 2
262452 2
269301 0
013161 0
015065 2
125665 2
165103 2
028855 2
028845 2
033670 2
087337 2
027960 1
083067 1
025214 0
188465 0
243426 1
086871 1
169352 1
169256 1
163233 2
275726 2
275736 2
203776 2
219756 2
219768 2
232047 0
085563 2
200983 2
221708 2
199560 2
201081 1
200969 2
276206 1
201400 0
054450 2
054425 2
041609 1
028390 0
272621 2
221441 2
159465 2
125337 0
037044 0
018757 0
181541 2
181534 2
181522 2
188438 1
032651 0
188305 0
243183 2
243191 2
045985 1
046004 1
109765 0
088248 0
125331 0
188679 0
006341 1
137812 0
146850 0
188437 0
025589 0
289343 1
289268 1
022376 0
174678 0
243192 2
275710 2
270824 0
147577 2
147431 2
147377 2
019053 0
231729 2
231734 2
031620 1
178675 2
164504 2
164492 1
196436 1
279544 1
046562 1
059140 1
059149 1
042736 1
043439 0
044250 1
019237 0
163880 1
081660 0
082131 2
082139 2
162927 0
288056 0
062473 1
061796 1
101389 0
032133 2
086117 1
041103 1
041116 1
086484 1
058295 1
024026 0
160649 0
233688 0
098222 1
030282 1
025448 0
214878 0
260990 1
261018 1
261046 1
263369 0
198291 0
035966 0
128375 2
202519 1
028432 0
008667 0
032811 1
040992 1
042016 0
164675 0
028611 0
025257 0
115806 1
115807 1
007089 0
194282 0
270829 0
002393 0
080734 0
052743 1
223166 1
243459 0
051265 0
286574 0
126329 0
029261 0
139042 0
243227 1
023147 0
266532 0
157915 0
067419 0
219847 2
014207 0
032836 1
177350 0
045809 0
032794 1
052860 0
156353 1
156398 0
211557 0
009413 0
133812 0
254321 1
270873 0
180750 0
089329 1
164425 0
058926 1
163027 0
025484 0
052729 0
164498 1
164494 1
279543 0
065001 0
058159 2
095209 1
211798 0
034268 0
221740 0
261311 0
190438 0
151200 1
161512 0
266101 0
112097 0
235031 0
099965 0
025714 0
010561 0
188462 0
084821 0
027825 1
025614 1
040913 0
070096 0
041121 1
046003 0
041276 0
267282 2
266696 0
266697 0
134919 0
270635 1
038268 0
166144 0
024576 0
023068 1
023065 1
023007 1
097921 0
254322 1
022682 1
023183 1
024439 1
040778 2
040803 2
027381 0
008711 0
023063 0
225149 1
225150 0
225151 0
158086 0
005560 0
045271 0
088254 0
097780 0
242605 0
010216 0
161852 0
093225 1
093266 1
095592 0
224622 0
255880 0
044567 0
085278 2
085293 2
276653 0
078968 0
018663 1
077779 0
009426 1
039805 0
083032 0
008857 0
064054 1
064064 1
201345 0
062826 0
137533 0
272377 0
043798 0
051354 0
004895 0
108158 0
166273 0
137440 0
141156 0
159479 0
203181 0
027018 1
260871 0
273838 0
201255 0
219918 0
025413 1
028215 0
001249 0
155605 0
082130 0
031741 0
035478 0
023135 0
019780 0
115926 0
229563 0
029562 0
253816 1
253905 1
254681 1
254757 1
273790 1
149965 1
149966 1
223504 1
223513 1
009626 0
269555 1
277771 0
093308 0
267997 0
190322 2
041325 1
041346 1
162921 0
041247 1
041091 1
041088 1
041086 1
058294 0
041690 0
045812 0
093329 1
022244 0
087497 0
159309 0
188756 1
188752 1
188724 1
192328 0
135992 0
122303 0
022405 0
015417 0
152715 0
088255 0
130492 0
225165 1
033594 1
028610 0
165388 0
116317 0
198224 0
111657 0
083018 0
037046 0
066937 0
287500 0
109986 0
016856 0
025762 0
019336 0
080459 0
053935 0
060606 1
062996 0
043630 0
109741 1
288085 0
243465 1
288057 0
211122 0
077365 0
014026 0
095482 0
144875 0
053614 0
051490 0
031742 0
188643 0
243994 0
230009 0
055970 1
192040 0
024073 0
125322 0
050572 1
050145 0
254339 0
028366 0
137335 0
207054 0
140394 0
062576 0
064233 0
083387 1
116583 0
043817 0
041074 1
273798 0
225167 1
225177 1
226319 1
226318 1
045551 1
045596 1
046128 0
045416 0
269556 0
270821 1
270940 1
270969 1
270930 1
270971 1
188611 0
197998 1
198035 1
220671 0
243406 1
243411 1
243416 1
243419 1
243425 1
243427 1
162992 0
025677 0
038130 0
079742 0
269934 0
219942 1
156183 0
231559 1
098951 0
023390 0
045821 0
056140 0
286997 1
287006 1
286763 1
286775 1
288194 0
063646 0
188726 0
087415 0
188602 0
277907 0
019929 0
005750 0
229607 0
061088 1
241933 0
042013 0
058451 0
269876 0
025583 0
270459 0
034982 2
007309 0
164291 0
252818 0
062860 0
262155 0
142145 0
155532 1
081855 0
079768 0
260991 1
261019 1
261047 1
161176 0
082362 0
155753 0
077951 0
264409 0
026790 0
021451 0
049754 0
150329 0
011257 0
112504 0
062015 0
041061 0
219550 1
182718 0
003762 1
135641 2
243315 0
141388 0
101338 0
257786 0
187927 0
162917 0
014596 0
279175 0
260971 0
167767 0
281965 0
163958 0
283190 1
283220 1
283223 1
283192 1
283191 1
253914 0
275725 0
261313 0
274038 0
219135 1
219182 1
